1881
-0.448489, 1, 1, 500, 332
-0.450834, 1, 33, 500, 288
-0.562312, 161, 1, 416, 332
-0.594907, 257, 1, 500, 332
-0.599565, 65, 1, 320, 332
-0.617407, 129, 65, 384, 320
-0.677692, 33, 65, 288, 320
-0.680639, 257, 1, 500, 256
-0.853657, 145, 65, 272, 320
-0.855388, 257, 65, 384, 320
-0.8697, 193, 1, 320, 256
-0.872938, 241, 1, 368, 332
-0.887395, 177, 1, 304, 332
-0.889467, 305, 1, 432, 332
-0.890455, 97, 65, 224, 320
-0.892059, 129, 1, 256, 332
-0.892637, 1, 177, 500, 304
-0.896923, 305, 1, 432, 256
-0.899887, 65, 145, 320, 272
-0.901446, 1, 1, 128, 332
-0.902055, 1, 129, 500, 256
-0.904386, 369, 1, 496, 332
-0.906157, 81, 1, 208, 332
-0.906827, 161, 113, 416, 240
-0.91219, 49, 33, 176, 288
-0.913669, 353, 33, 480, 288
-0.915543, 65, 193, 320, 320
-0.916167, 1, 81, 500, 208
-0.920925, 161, 161, 416, 288
-0.923843, 257, 161, 500, 288
-0.924541, 1, 65, 128, 320
-0.926213, 257, 113, 384, 240
-0.927656, 193, 177, 320, 304
-0.929281, 97, 129, 224, 256
-0.92971, 121, 129, 184, 256
-0.931428, 177, 129, 304, 256
-0.932265, 257, 113, 500, 240
-0.932905, 177, 81, 240, 208
-0.934755, 129, 65, 384, 192
-0.935164, 1, 1, 500, 128
-0.936292, 289, 97, 352, 224
-0.936686, 97, 193, 224, 320
-0.938198, 241, 113, 304, 240
-0.939482, 97, 145, 160, 272
-0.939537, 225, 209, 480, 332
-0.940288, 145, 193, 272, 320
-0.941909, 145, 145, 208, 272
-0.942019, 145, 81, 272, 208
-0.942379, 217, 145, 280, 272
-0.942818, 193, 161, 256, 288
-0.944064, 193, 33, 320, 160
-0.944118, 257, 193, 384, 320
-0.947244, 257, 1, 500, 128
-0.948405, 161, 193, 224, 320
-0.948572, 241, 193, 304, 320
-0.948811, 305, 81, 432, 208
-0.94944, 305, 161, 432, 288
-0.949658, 17, 161, 144, 288
-0.950002, 97, 193, 160, 320
-0.950175, 257, 65, 500, 192
-0.950785, 17, 209, 80, 332
-0.951351, 281, 145, 344, 272
-0.951372, 137, 193, 200, 320
-0.951822, 313, 145, 376, 272
-0.951835, 33, 97, 288, 224
-0.954728, 265, 81, 328, 208
-0.954991, 73, 209, 136, 332
-0.955531, 161, 17, 416, 144
-0.955916, 185, 209, 248, 332
-0.956159, 313, 97, 376, 224
-0.956255, 361, 193, 424, 320
-0.956523, 345, 97, 408, 224
-0.956643, 353, 193, 480, 320
-0.957014, 217, 193, 280, 320
-0.95719, 257, 65, 384, 192
-0.957827, 73, 161, 136, 288
-0.959069, 97, 153, 224, 216
-0.959338, 49, 177, 112, 304
-0.959536, 297, 193, 360, 320
-0.959859, 209, 1, 272, 128
-0.960309, 321, 193, 384, 320
-0.961351, 201, 153, 264, 216
-0.962038, 169, 129, 232, 256
-0.962048, 345, 145, 408, 272
-0.962109, 249, 129, 312, 192
-0.962154, 233, 17, 296, 144
-0.962383, 65, 1, 320, 128
-0.962715, 49, 209, 176, 332
-0.963837, 201, 97, 264, 224
-0.963933, 305, 121, 368, 184
-0.964252, 257, 1, 320, 128
-0.96458, 257, 1, 384, 128
-0.964782, 337, 33, 464, 160
-0.96502, 145, 97, 208, 224
-0.965143, 105, 145, 168, 208
-0.965155, 1, 209, 128, 332
-0.965595, 153, 145, 216, 208
-0.965797, 177, 137, 304, 200
-0.965863, 233, 153, 296, 216
-0.965976, 241, 65, 304, 192
-0.966652, 281, 97, 344, 160
-0.966712, 281, 145, 344, 208
-0.966748, 49, 113, 176, 240
-0.966812, 305, 209, 432, 332
-0.967036, 193, 129, 256, 192
-0.967264, 1, 113, 128, 240
-0.967408, 209, 81, 336, 208
-0.967916, 321, 161, 384, 224
-0.968018, 265, 193, 328, 320
-0.968331, 201, 177, 264, 240
-0.968551, 81, 249, 144, 312
-0.968754, 177, 81, 240, 144
-0.969004, 313, 49, 376, 176
-0.969233, 177, 169, 304, 232
-0.969347, 353, 81, 480, 208
-0.969389, 177, 161, 240, 224
-0.969698, 129, 145, 192, 208
-0.969754, 241, 105, 368, 168
-0.969887, 81, 177, 144, 240
-0.969954, 49, 129, 112, 256
-0.970066, 177, 145, 208, 272
-0.970172, 401, 193, 464, 320
-0.970392, 217, 257, 280, 320
-0.970423, 273, 153, 400, 216
-0.970427, 241, 177, 304, 240
-0.970462, 337, 81, 400, 144
-0.970462, 185, 57, 248, 120
-0.970652, 265, 33, 328, 288
-0.971056, 169, 121, 232, 184
-0.971095, 305, 97, 368, 160
-0.971103, 321, 209, 384, 272
-0.971107, 169, 185, 232, 248
-0.971396, 57, 249, 120, 312
-0.971647, 141, 129, 172, 256
-0.971994, 309, 97, 340, 224
-0.97201, 225, 129, 288, 192
-0.972144, 353, 145, 480, 272
-0.97216, 185, 249, 248, 312
-0.972204, 225, 153, 352, 216
-0.972313, 193, 17, 256, 80
-0.972498, 265, 169, 328, 232
-0.972538, 401, 145, 464, 272
-0.97262, 89, 273, 152, 332
-0.972765, 185, 33, 248, 160
-0.972825, 101, 145, 132, 272
-0.972932, 25, 129, 88, 256
-0.972974, 337, 145, 368, 272
-0.973079, 297, 217, 360, 280
-0.97321, 369, 145, 432, 272
-0.973247, 225, 129, 352, 192
-0.97332, 241, 241, 304, 304
-0.973385, 201, 65, 232, 192
-0.973396, 169, 33, 232, 96
-0.973433, 325, 113, 356, 176
-0.973479, 129, 129, 256, 192
-0.97348, 245, 129, 276, 256
-0.973486, 153, 129, 184, 256
-0.973544, 329, 105, 392, 168
-0.973549, 353, 1, 416, 128
-0.973652, 337, 137, 400, 200
-0.97386, 289, 65, 352, 320
-0.973949, 217, 105, 280, 168
-0.973984, 153, 97, 216, 160
-0.974103, 265, 113, 296, 240
-0.97411, 57, 177, 120, 240
-0.974127, 165, 145, 196, 272
-0.974194, 17, 193, 80, 256
-0.974206, 97, 81, 224, 208
-0.974324, 209, 49, 272, 112
-0.974362, 145, 193, 208, 256
-0.974403, 129, 129, 160, 256
-0.974483, 17, 257, 144, 320
-0.974766, 321, 233, 384, 296
-0.974781, 137, 121, 200, 184
-0.974785, 129, 249, 192, 312
-0.974798, 409, 1, 472, 128
-0.974801, 177, 33, 240, 288
-0.974806, 361, 185, 424, 248
-0.974808, 281, 41, 344, 104
-0.974874, 425, 193, 488, 320
-0.974986, 105, 233, 168, 296
-0.975012, 33, 49, 288, 176
-0.975079, 185, 161, 216, 224
-0.975188, 385, 209, 448, 272
-0.975194, 65, 225, 128, 288
-0.975289, 257, 241, 384, 304
-0.975295, 57, 137, 120, 200
-0.975368, 289, 49, 352, 176
-0.975368, 73, 113, 136, 240
-0.975557, 233, 201, 296, 264
-0.97558, 9, 265, 72, 328
-0.975601, 265, 17, 328, 80
-0.975625, 89, 201, 152, 264
-0.975631, 297, 193, 360, 256
-0.975636, 245, 129, 276, 192
-0.975706, 361, 217, 424, 280
-0.975777, 273, 121, 336, 184
-0.975795, 325, 97, 356, 224
-0.975804, 401, 89, 464, 152
-0.975852, 297, 241, 360, 304
-0.975929, 333, 145, 364, 208
-0.97596, 113, 273, 176, 332
-0.975986, 209, 249, 336, 312
-0.976049, 185, 225, 248, 288
-0.976108, 209, 65, 272, 320
-0.976142, 337, 49, 400, 176
-0.976155, 33, 249, 96, 312
-0.976361, 205, 57, 236, 120
-0.976388, 189, 73, 220, 136
-0.976472, 185, 65, 216, 192
-0.97654, 193, 41, 320, 104
-0.976543, 217, 233, 280, 296
-0.976628, 81, 153, 144, 216
-0.976684, 217, 17, 280, 80
-0.976702, 33, 217, 96, 280
-0.976854, 121, 201, 184, 264
-0.976937, 65, 201, 128, 264
-0.976973, 241, 65, 304, 320
-0.977086, 345, 241, 408, 304
-0.977092, 225, 177, 352, 240
-0.977153, 153, 33, 216, 160
-0.9772, 313, 65, 376, 320
-0.97724, 249, 41, 312, 104
-0.977243, 225, 113, 256, 240
-0.97734, 185, 273, 248, 332
-0.977362, 409, 65, 472, 128
-0.977474, 241, 105, 304, 168
-0.977483, 113, 121, 176, 184
-0.977486, 153, 65, 216, 320
-0.977543, 401, 185, 464, 248
-0.977622, 305, 73, 368, 136
-0.97763, 81, 121, 144, 184
-0.977653, 113, 233, 240, 296
-0.977666, 433, 65, 496, 128
-0.977771, 409, 209, 472, 272
-0.977802, 289, 169, 352, 232
-0.97796, 33, 161, 96, 224
-0.977982, 417, 49, 480, 176
-0.977993, 425, 89, 488, 152
-0.978093, 321, 185, 384, 248
-0.978115, 113, 145, 144, 272
-0.978163, 265, 241, 328, 304
-0.978245, 361, 65, 424, 128
-0.978291, 189, 145, 220, 272
-0.978301, 265, 209, 328, 272
-0.978346, 105, 169, 168, 232
-0.978408, 185, 193, 216, 320
-0.978514, 289, 17, 352, 80
-0.978525, 33, 273, 96, 332
-0.978528, 161, 129, 192, 192
-0.978543, 129, 169, 192, 232
-0.978558, 249, 65, 312, 128
-0.978583, 209, 49, 272, 176
-0.978624, 129, 225, 192, 288
-0.978639, 329, 1, 392, 64
-0.978687, 249, 193, 280, 320
-0.97872, 313, 105, 344, 168
-0.978745, 369, 241, 432, 304
-0.978931, 97, 33, 224, 160
-0.9791, 273, 121, 304, 184
-0.979113, 229, 257, 260, 320
-0.979149, 401, 161, 464, 224
-0.979159, 145, 105, 272, 168
-0.97922, 353, 161, 416, 224
-0.979234, 273, 217, 400, 280
-0.979358, 293, 81, 324, 208
-0.979375, 169, 9, 232, 72
-0.979419, 1, 225, 64, 288
-0.979465, 305, 41, 368, 104
-0.979468, 369, 81, 432, 208
-0.9795, 197, 33, 228, 96
-0.979548, 193, 105, 256, 168
-0.979635, 225, 145, 256, 208
-0.97976, 145, 273, 208, 332
-0.979788, 349, 193, 380, 320
-0.979842, 33, 137, 96, 200
-0.979843, 105, 153, 136, 216
-0.979923, 117, 145, 148, 208
-0.979928, 273, 129, 400, 192
-0.979938, 209, 201, 272, 264
-0.979984, 1, 129, 64, 256
-0.979999, 337, 65, 400, 320
-0.980029, 153, 217, 216, 280
-0.980058, 225, 201, 352, 264
-0.980102, 145, 25, 208, 88
-0.980105, 313, 137, 344, 200
-0.98011, 361, 41, 424, 104
-0.98014, 281, 1, 344, 128
-0.98016, 433, 161, 496, 224
-0.980244, 129, 65, 192, 320
-0.980257, 145, 193, 272, 256
-0.980311, 317, 177, 348, 304
-0.980349, 205, 169, 236, 232
-0.980368, 97, 97, 160, 224
-0.980387, 161, 81, 288, 144
-0.980409, 417, 97, 480, 224
-0.980458, 137, 145, 168, 208
-0.98046, 105, 65, 168, 320
-0.980468, 277, 161, 308, 288
-0.980523, 273, 65, 336, 128
-0.980656, 401, 1, 464, 64
-0.980662, 153, 241, 216, 304
-0.980687, 17, 161, 144, 224
-0.980801, 197, 193, 228, 320
-0.980878, 313, 1, 376, 128
-0.980939, 229, 161, 260, 288
-0.98105, 377, 161, 440, 224
-0.981083, 277, 97, 308, 224
-0.981119, 217, 81, 280, 144
-0.981144, 177, 273, 304, 332
-0.981148, 409, 233, 472, 296
-0.981216, 329, 265, 392, 328
-0.981236, 65, 257, 192, 320
-0.98126, 361, 137, 424, 200
-0.981268, 401, 41, 464, 104
-0.981288, 93, 193, 124, 320
-0.981291, 337, 121, 368, 184
-0.981357, 57, 273, 120, 332
-0.981398, 337, 209, 464, 272
-0.98149, 393, 49, 456, 176
-0.981495, 81, 193, 208, 256
-0.981511, 225, 121, 256, 184
-0.981561, 369, 89, 432, 152
-0.981562, 353, 81, 384, 208
-0.981571, 145, 65, 208, 128
-0.981629, 329, 57, 392, 120
-0.981646, 349, 145, 380, 272
-0.981677, 353, 265, 416, 328
-0.981711, 209, 161, 240, 288
-0.981725, 293, 25, 324, 88
-0.981756, 245, 153, 276, 216
-0.981771, 265, 177, 296, 304
-0.981814, 305, 265, 368, 328
-0.981833, 425, 1, 488, 64
-0.98184, 321, 105, 448, 168
-0.981854, 81, 209, 112, 332
-0.981892, 105, 193, 136, 320
-0.981953, 241, 17, 304, 80
-0.982017, 129, 257, 256, 320
-0.982027, 173, 193, 204, 320
-0.982065, 337, 97, 368, 224
-0.982076, 385, 65, 448, 128
-0.982165, 305, 241, 432, 304
-0.982171, 121, 193, 152, 320
-0.982196, 57, 113, 120, 176
-0.982231, 33, 113, 96, 176
-0.982251, 149, 137, 180, 200
-0.982295, 401, 137, 464, 200
-0.982301, 221, 1, 252, 128
-0.982352, 297, 209, 328, 332
-0.982393, 265, 265, 328, 328
-0.982412, 289, 145, 320, 272
-0.98243, 9, 169, 72, 232
-0.982656, 321, 81, 448, 144
-0.982726, 217, 33, 248, 96
-0.982783, 329, 193, 360, 320
-0.982804, 209, 65, 336, 128
-0.982846, 273, 33, 304, 96
-0.982966, 213, 129, 244, 192
-0.983105, 141, 209, 172, 332
-0.983106, 81, 129, 208, 192
-0.983121, 17, 233, 144, 296
-0.983278, 17, 185, 144, 248
-0.983304, 93, 161, 124, 224
-0.983416, 337, 233, 368, 296
-0.983462, 209, 209, 240, 332
-0.983463, 273, 25, 400, 88
-0.983625, 205, 9, 236, 72
-0.98363, 201, 113, 232, 240
-0.983679, 173, 97, 204, 224
-0.983679, 213, 113, 244, 240
-0.983693, 261, 121, 292, 184
-0.983735, 241, 177, 272, 240
-0.983747, 209, 1, 336, 64
-0.98381, 193, 1, 256, 332
-0.983872, 113, 65, 240, 128
-0.983901, 425, 33, 488, 288
-0.983955, 177, 217, 304, 280
-0.984066, 349, 209, 380, 272
-0.984075, 221, 169, 252, 232
-0.984107, 233, 1, 264, 128
-0.984108, 105, 257, 136, 320
-0.984116, 173, 145, 204, 208
-0.984207, 321, 129, 448, 192
-0.984239, 33, 129, 160, 192
-0.984256, 153, 177, 184, 304
-0.984281, 121, 81, 184, 208
-0.984294, 281, 49, 312, 176
-0.984399, 369, 193, 400, 320
-0.984499, 157, 193, 188, 256
-0.984514, 405, 201, 436, 264
-0.984522, 305, 177, 432, 240
-0.984554, 417, 193, 448, 320
-0.984591, 89, 145, 120, 272
-0.984601, 217, 9, 248, 72
-0.984601, 293, 233, 324, 296
-0.984619, 69, 249, 100, 312
-0.984624, 305, 1, 432, 64
-0.984791, 177, 81, 208, 144
-0.984894, 345, 153, 376, 216
-0.984922, 33, 209, 64, 332
-0.985023, 85, 233, 116, 296
-0.985117, 297, 105, 328, 168
-0.98513, 209, 257, 240, 320
-0.985207, 33, 65, 160, 192
-0.985239, 169, 1, 232, 332
-0.985322, 185, 137, 216, 200
-0.985335, 301, 209, 332, 272
-0.98534, 201, 81, 232, 144
-0.985345, 193, 105, 320, 168
-0.985349, 21, 177, 52, 304
-0.985368, 385, 1, 448, 128
-0.985388, 321, 233, 352, 296
-0.985514, 333, 89, 364, 152
-0.985561, 221, 209, 252, 332
-0.985617, 361, 73, 392, 136
-0.985639, 281, 1, 344, 332
-0.98569, 369, 33, 432, 288
-0.985739, 281, 161, 312, 224
-0.985811, 241, 249, 272, 312
-0.985853, 189, 185, 220, 248
-0.985875, 305, 145, 336, 272
-0.98593, 81, 65, 144, 320
-0.985932, 401, 1, 464, 256
-0.985953, 357, 233, 388, 296
-0.986036, 145, 209, 176, 272
-0.986045, 201, 137, 232, 200
-0.986078, 85, 257, 116, 320
-0.986087, 225, 273, 352, 332
-0.986094, 353, 233, 480, 296
-0.986129, 369, 177, 496, 240
-0.98615, 101, 233, 132, 296
-0.986172, 145, 1, 272, 128
-0.986178, 273, 241, 304, 304
-0.986189, 53, 185, 84, 248
-0.986192, 325, 209, 356, 272
-0.986215, 305, 33, 336, 96
-0.986215, 85, 193, 116, 256
-0.986227, 257, 1, 384, 64
-0.986301, 293, 49, 324, 112
-0.986329, 329, 49, 360, 176
-0.98634, 97, 185, 128, 248
-0.986377, 125, 121, 156, 184
-0.986433, 257, 1, 320, 332
-0.986434, 121, 241, 152, 304
-0.986451, 309, 233, 340, 296
-0.986458, 25, 65, 88, 320
-0.986541, 65, 233, 192, 296
-0.986557, 205, 17, 236, 144
-0.986571, 369, 81, 496, 144
-0.986571, 285, 113, 316, 176
-0.986574, 337, 209, 368, 272
-0.986638, 273, 49, 400, 112
-0.986685, 173, 121, 204, 184
-0.986711, 461, 33, 492, 160
-0.986877, 57, 217, 88, 280
-0.986923, 121, 273, 152, 332
-0.987058, 393, 201, 424, 264
-0.987058, 57, 249, 88, 312
-0.987198, 345, 81, 376, 144
-0.987232, 57, 33, 120, 288
-0.987234, 233, 1, 296, 332
-0.98724, 305, 81, 336, 144
-0.987248, 9, 81, 72, 208
-0.987312, 209, 209, 240, 272
-0.987316, 349, 129, 380, 192
-0.987342, 361, 209, 392, 272
-0.987345, 349, 1, 380, 64
-0.987358, 225, 65, 256, 192
-0.987414, 325, 177, 356, 240
-0.98744, 129, 1, 256, 64
-0.987476, 109, 193, 140, 256
-0.987482, 273, 265, 400, 328
-0.987528, 457, 41, 488, 104
-0.987535, 381, 177, 412, 304
-0.987541, 257, 153, 288, 216
-0.987541, 373, 217, 404, 280
-0.98769, 313, 1, 344, 64
-0.987708, 429, 161, 460, 288
-0.987731, 293, 145, 324, 208
-0.98774, 81, 137, 112, 200
-0.987749, 433, 1, 496, 128
-0.987775, 137, 121, 168, 184
-0.987818, 357, 153, 388, 216
-0.987843, 341, 49, 372, 176
-0.987844, 337, 153, 464, 216
-0.987858, 161, 153, 192, 216
-0.987862, 133, 257, 164, 320
-0.987866, 69, 209, 100, 272
-0.987895, 321, 1, 384, 332
-0.987978, 277, 209, 308, 332
-0.988122, 229, 233, 260, 296
-0.988159, 261, 41, 292, 104
-0.98816, 449, 33, 480, 160
-0.988179, 53, 209, 84, 332
-0.988255, 313, 193, 344, 256
-0.988347, 133, 233, 164, 296
-0.98836, 261, 193, 292, 256
-0.988384, 25, 185, 56, 248
-0.988399, 201, 113, 232, 176
-0.988421, 433, 145, 496, 272
-0.988483, 97, 105, 224, 168
-0.988493, 405, 193, 436, 320
-0.9885, 41, 249, 72, 312
-0.988523, 41, 161, 72, 288
-0.988585, 1, 1, 128, 128
-0.988592, 249, 105, 280, 168
-0.988633, 257, 73, 384, 136
-0.988665, 41, 1, 104, 332
-0.988669, 277, 1, 308, 128
-0.988712, 233, 209, 264, 332
-0.988717, 77, 145, 108, 272
-0.988742, 349, 105, 380, 168
-0.988772, 121, 145, 184, 176
-0.988804, 201, 161, 264, 192
-0.988808, 37, 177, 68, 240
-0.988919, 173, 177, 204, 240
-0.988956, 293, 1, 324, 64
-0.988957, 49, 65, 112, 192
-0.988985, 205, 233, 236, 296
-0.98909, 369, 1, 496, 64
-0.989101, 73, 185, 104, 248
-0.989142, 149, 113, 180, 176
-0.989153, 241, 157, 304, 188
-0.989166, 185, 33, 216, 96
-0.98919, 237, 105, 268, 168
-0.989195, 105, 121, 136, 184
-0.9892, 217, 137, 280, 168
-0.989219, 57, 273, 88, 332
-0.989224, 117, 97, 148, 224
-0.989233, 1, 65, 64, 320
-0.989273, 281, 109, 344, 140
-0.989298, 305, 145, 368, 176
-0.989341, 389, 177, 420, 240
-0.989349, 449, 193, 480, 320
-0.989358, 161, 105, 192, 168
-0.989413, 193, 177, 256, 208
-0.989443, 349, 185, 380, 248
-0.989467, 241, 129, 304, 160
-0.989476, 285, 81, 316, 144
-0.989507, 97, 153, 352, 216
-0.989542, 217, 233, 248, 296
-0.989546, 281, 57, 312, 120
-0.989606, 265, 1, 296, 128
-0.989643, 241, 169, 304, 200
-0.989644, 17, 129, 48, 256
-0.989649, 293, 33, 324, 160
-0.989684, 405, 81, 436, 144
-0.989734, 9, 265, 40, 328
-0.989782, 321, 25, 352, 88
-0.989784, 153, 197, 216, 228
-0.989817, 69, 209, 100, 332
-0.989839, 253, 241, 284, 304
-0.989839, 65, 65, 192, 128
-0.989861, 381, 73, 412, 136
-0.989872, 177, 137, 240, 168
-0.989878, 189, 9, 220, 72
-0.98989, 141, 81, 172, 208
-0.989893, 265, 1, 296, 64
-0.989899, 273, 145, 336, 176
-0.989913, 197, 209, 228, 272
-0.989916, 81, 1, 144, 332
-0.989933, 209, 125, 272, 156
-0.989959, 177, 165, 240, 196
-0.989965, 41, 273, 72, 332
-0.989972, 161, 129, 416, 192
-0.989994, 145, 41, 272, 104
-0.990011, 185, 77, 248, 108
-0.99003, 177, 117, 240, 148
-0.990071, 241, 81, 272, 208
-0.990075, 321, 73, 352, 136
-0.990082, 9, 177, 40, 304
-0.990126, 353, 257, 480, 320
-0.99015, 365, 33, 396, 160
-0.990164, 265, 125, 328, 156
-0.990231, 217, 257, 280, 288
-0.990234, 345, 1, 408, 332
-0.990253, 49, 1, 176, 128
-0.990264, 321, 129, 384, 160
-0.990289, 433, 1, 496, 332
-0.990379, 145, 145, 208, 176
-0.990459, 249, 37, 312, 68
-0.990548, 393, 161, 424, 288
-0.990548, 321, 105, 384, 136
-0.990577, 313, 157, 376, 188
-0.990623, 241, 141, 304, 172
-0.990629, 193, 17, 224, 144
-0.990633, 145, 1, 208, 332
-0.990636, 73, 257, 136, 288
-0.990644, 185, 149, 248, 180
-0.990651, 97, 149, 160, 180
-0.990682, 233, 181, 296, 212
-0.990684, 401, 1, 464, 332
-0.990785, 193, 45, 256, 76
-0.990795, 17, 105, 144, 168
-0.990819, 429, 1, 460, 128
-0.990837, 121, 1, 184, 332
-0.990876, 337, 149, 400, 180
-0.990894, 273, 161, 336, 192
-0.990919, 265, 65, 296, 192
-0.990943, 193, 61, 256, 92
-0.990951, 169, 185, 232, 216
-0.990966, 401, 85, 464, 116
-0.991009, 273, 185, 336, 216
-0.99102, 297, 121, 360, 152
-0.991022, 309, 49, 340, 176
-0.991036, 241, 249, 304, 280
-0.991044, 153, 161, 216, 192
-0.991089, 97, 161, 160, 192
-0.991092, 465, 161, 496, 288
-0.991102, 193, 153, 448, 216
-0.991173, 89, 241, 152, 272
-0.991185, 297, 133, 360, 164
-0.99121, 65, 177, 128, 208
-0.991218, 177, 89, 240, 120
-0.991225, 305, 237, 368, 268
-0.991244, 213, 65, 244, 192
-0.991257, 369, 41, 496, 104
-0.991275, 153, 133, 216, 164
-0.991286, 97, 257, 160, 288
-0.991331, 273, 37, 336, 68
-0.99134, 249, 237, 312, 268
-0.991345, 217, 149, 280, 180
-0.991349, 321, 177, 384, 208
-0.991352, 337, 1, 368, 128
-0.99137, 353, 73, 416, 104
-0.991371, 385, 81, 416, 208
-0.991373, 329, 241, 392, 272
-0.991375, 129, 249, 192, 280
-0.991412, 233, 193, 296, 224
-0.991423, 297, 225, 360, 256
-0.991437, 425, 65, 488, 96
-0.991444, 105, 97, 136, 224
-0.99146, 41, 185, 104, 216
-0.991473, 169, 101, 232, 132
-0.991476, 281, 173, 344, 204
-0.99149, 193, 193, 256, 224
-0.99151, 169, 45, 232, 76
-0.991523, 17, 213, 80, 244
-0.991546, 161, 177, 416, 240
-0.991547, 217, 245, 280, 276
-0.991552, 129, 293, 192, 324
-0.991587, 209, 113, 272, 144
-0.991595, 65, 257, 320, 320
-0.991601, 369, 145, 400, 272
-0.99161, 189, 77, 220, 108
-0.991619, 321, 25, 448, 88
-0.991619, 81, 41, 208, 104
-0.991646, 281, 49, 344, 80
-0.991679, 265, 25, 328, 56
-0.991706, 193, 17, 256, 48
-0.991712, 161, 209, 224, 240
-0.99172, 217, 9, 280, 40
-0.99172, 225, 249, 480, 312
-0.991723, 153, 81, 184, 208
-0.991724, 201, 269, 264, 300
-0.991759, 289, 61, 352, 92
-0.99178, 225, 129, 256, 160
-0.991792, 325, 109, 356, 140
-0.991792, 273, 245, 336, 276
-0.991803, 153, 289, 216, 320
-0.991816, 97, 193, 160, 224
-0.991825, 129, 237, 192, 268
-0.991829, 377, 33, 408, 160
-0.99183, 65, 145, 128, 176
-0.991832, 1, 1, 64, 332
-0.991845, 377, 1, 440, 332
-0.991855, 49, 253, 112, 284
-0.991855, 65, 161, 96, 288
-0.991856, 337, 161, 400, 192
-0.99186, 9, 289, 72, 320
-0.991871, 329, 125, 360, 156
-0.991871, 1, 265, 64, 296
-0.991882, 321, 189, 384, 220
-0.991901, 321, 217, 384, 248
-0.991909, 1, 161, 256, 224
-0.991911, 97, 273, 160, 304
-0.991916, 297, 37, 360, 68
-0.99192, 25, 253, 88, 284
-0.991938, 289, 25, 352, 56
-0.991942, 385, 193, 448, 224
-0.991956, 193, 249, 256, 280
-0.991966, 145, 65, 208, 96
-0.991995, 49, 297, 112, 328
-0.992002, 385, 209, 448, 240
-0.992005, 337, 149, 368, 180
-0.992008, 329, 117, 392, 148
-0.992015, 209, 33, 272, 64
-0.992022, 257, 113, 320, 144
-0.992024, 97, 301, 160, 332
-0.992034, 65, 185, 320, 248
-0.992039, 121, 273, 184, 304
-0.992051, 93, 97, 124, 224
-0.992053, 297, 97, 360, 128
-0.992071, 257, 49, 320, 80
-0.992082, 305, 73, 368, 104
-0.992099, 29, 129, 60, 256
-0.992109, 121, 261, 184, 292
-0.992118, 345, 85, 408, 116
-0.992123, 65, 241, 128, 272
-0.992127, 137, 109, 200, 140
-0.992134, 437, 49, 468, 176
-0.99215, 33, 201, 96, 232
-0.992152, 377, 89, 440, 120
-0.992162, 217, 45, 280, 76
-0.992168, 177, 265, 240, 296
-0.992171, 241, 25, 304, 56
-0.992183, 345, 213, 408, 244
-0.992186, 433, 77, 496, 108
-0.992188, 337, 33, 400, 64
-0.992202, 89, 173, 152, 204
-0.992213, 73, 193, 136, 224
-0.992216, 437, 209, 468, 332
-0.992242, 297, 201, 360, 232
-0.992251, 1, 129, 32, 256
-0.992256, 33, 209, 160, 272
-0.992256, 273, 221, 336, 252
-0.992257, 153, 85, 216, 116
-0.992257, 273, 233, 336, 264
-0.992259, 153, 33, 216, 64
-0.992259, 81, 133, 144, 164
-0.992262, 25, 265, 88, 296
-0.992282, 273, 209, 336, 240
-0.992294, 233, 105, 296, 136
-0.992301, 325, 137, 356, 168
-0.992305, 113, 205, 176, 236
-0.992318, 129, 193, 192, 224
-0.99232, 201, 45, 232, 76
-0.992328, 89, 229, 152, 260
-0.992342, 185, 165, 216, 196
-0.992352, 393, 73, 456, 104
-0.992358, 177, 301, 240, 332
-0.99236, 17, 277, 80, 308
-0.992367, 193, 205, 256, 236
-0.992369, 65, 129, 320, 192
-0.992375, 373, 81, 404, 208
-0.992377, 213, 129, 244, 160
-0.992424, 65, 225, 320, 288
-0.992462, 277, 117, 308, 148
-0.992487, 313, 137, 344, 168
-0.992512, 225, 161, 256, 192
-0.992516, 53, 129, 84, 256
-0.992523, 1, 129, 500, 192
-0.992539, 137, 145, 168, 176
-0.992546, 253, 33, 284, 160
-0.992593, 241, 137, 272, 168
-0.992704, 201, 121, 232, 152
-0.992725, 201, 77, 232, 108
-0.992748, 165, 149, 196, 180
-0.992771, 197, 65, 228, 96
-0.99279, 261, 125, 292, 156
-0.992826, 325, 149, 356, 180
-0.992829, 257, 113, 500, 176
-0.992834, 341, 129, 372, 160
-0.992875, 73, 1, 136, 128
-0.992897, 157, 137, 188, 168
-0.992906, 105, 153, 136, 184
-0.992926, 121, 145, 152, 176
-0.99294, 353, 157, 384, 188
-0.992941, 417, 145, 448, 272
-0.992942, 197, 169, 228, 200
-0.992979, 313, 109, 344, 140
-0.993001, 289, 113, 320, 144
-0.993018, 345, 225, 376, 256
-0.993031, 289, 37, 320, 68
-0.993032, 225, 9, 256, 40
-0.993064, 337, 105, 368, 136
-0.993069, 177, 153, 208, 184
-0.993069, 333, 229, 364, 260
-0.993076, 125, 269, 156, 300
-0.993093, 225, 265, 256, 296
-0.993125, 105, 257, 136, 288
-0.993149, 121, 257, 152, 288
-0.993167, 201, 181, 232, 212
-0.993169, 317, 121, 348, 152
-0.99317, 245, 173, 276, 204
-0.993186, 305, 225, 336, 256
-0.993227, 233, 149, 264, 180
-0.993242, 277, 241, 308, 272
-0.993245, 109, 245, 140, 276
-0.993276, 289, 233, 320, 264
-0.993278, 197, 213, 228, 244
-0.993282, 237, 261, 268, 292
-0.993283, 93, 161, 124, 192
-0.993305, 249, 161, 280, 192
-0.993305, 209, 157, 240, 188
-0.99332, 221, 141, 252, 172
-0.993336, 217, 173, 248, 204
-0.993338, 165, 125, 196, 156
-0.99335, 301, 101, 332, 132
-0.993353, 237, 125, 268, 156
-0.993357, 213, 117, 244, 148
-0.99337, 225, 117, 256, 148
-0.993409, 277, 33, 308, 64
-0.99342, 341, 161, 372, 192
-0.993426, 225, 253, 256, 284
-0.99343, 1, 241, 500, 304
-0.99345, 361, 89, 392, 120
-0.993453, 345, 117, 376, 148
-0.993454, 361, 213, 392, 244
-0.99346, 185, 89, 216, 120
-0.993476, 189, 181, 220, 212
-0.993488, 269, 153, 300, 184
-0.993489, 297, 245, 328, 276
-0.993499, 161, 57, 416, 120
-0.993501, 209, 41, 224, 104
-0.993504, 89, 257, 120, 288
-0.993511, 205, 97, 236, 128
-0.993512, 301, 137, 332, 168
-0.99352, 297, 149, 328, 180
-0.993521, 397, 93, 428, 124
-0.99353, 309, 149, 340, 180
-0.993539, 181, 197, 212, 228
-0.993558, 349, 145, 380, 176
-0.993559, 325, 177, 356, 208
-0.993572, 337, 209, 368, 240
-0.993575, 189, 33, 220, 64
-0.993583, 289, 25, 320, 56
-0.993595, 309, 189, 340, 220
-0.993608, 421, 201, 452, 232
-0.99362, 297, 49, 328, 80
-0.993625, 209, 205, 240, 236
-0.993629, 321, 97, 352, 128
-0.993645, 241, 189, 272, 220
-0.993648, 81, 149, 208, 180
-0.993649, 153, 113, 184, 144
-0.99365, 161, 197, 192, 228
-0.993659, 285, 157, 316, 188
-0.993677, 53, 253, 84, 284
-0.993692, 69, 249, 100, 280
-0.993694, 325, 217, 356, 248
-0.993694, 245, 249, 276, 280
-0.993699, 141, 133, 172, 164
-0.993699, 269, 45, 300, 76
-0.993704, 165, 285, 196, 316
-0.993708, 369, 201, 400, 232
-0.993715, 453, 65, 484, 96
-0.993721, 253, 149, 284, 180
-0.993722, 253, 33, 284, 64
-0.993722, 317, 233, 348, 264
-0.993745, 181, 117, 212, 148
-0.99375, 185, 65, 216, 96
-0.993752, 237, 161, 268, 192
-0.993758, 301, 209, 332, 240
-0.993771, 9, 277, 40, 308
-0.993772, 205, 9, 236, 40
-0.993773, 209, 57, 240, 88
-0.993774, 189, 45, 220, 76
-0.993774, 209, 265, 240, 296
-0.993783, 85, 149, 116, 180
-0.99379, 305, 121, 336, 152
-0.9938, 1, 265, 32, 296
-0.993811, 81, 245, 112, 276
-0.993817, 85, 173, 116, 204
-0.993819, 225, 241, 256, 272
-0.993822, 413, 77, 444, 108
-0.99383, 285, 49, 316, 80
-0.993832, 345, 197, 376, 228
-0.993833, 433, 85, 464, 116
-0.993835, 197, 109, 228, 140
-0.993835, 329, 165, 360, 196
-0.993835, 129, 105, 384, 168
-0.993838, 37, 209, 68, 240
-0.993838, 393, 197, 424, 228
-0.99384, 137, 261, 168, 292
-0.993843, 41, 113, 72, 240
-0.993853, 323, 105, 338, 168
-0.993854, 33, 177, 64, 208
-0.993861, 357, 69, 388, 100
-0.993863, 29, 281, 60, 312
-0.993865, 205, 249, 236, 280
-0.993873, 273, 65, 304, 96
-0.993902, 193, 173, 320, 204
-0.994003, 1, 209, 500, 272
-0.994007, 161, 209, 416, 272
-0.994028, 257, 153, 384, 184
-0.994049, 461, 81, 492, 208
-0.994162, 421, 65, 452, 192
-0.994201, 193, 273, 448, 332
-0.994203, 405, 145, 436, 272
-0.994251, 259, 129, 274, 192
-0.994257, 401, 33, 432, 160
-0.99429, 445, 145, 476, 272
-0.994305, 161, 153, 288, 184
-0.994352, 181, 17, 212, 144
-0.994373, 449, 81, 480, 208
-0.994387, 317, 1, 348, 128
-0.994387, 257, 177, 500, 240
-0.994397, 161, 1, 416, 64
-0.994406, 199, 65, 214, 128
-0.994411, 129, 1, 192, 128
-0.994417, 393, 97, 456, 224
-0.994526, 257, 89, 500, 152
-0.994534, 129, 81, 384, 144
-0.994551, 257, 57, 500, 120
-0.994563, 97, 1, 160, 128
-0.994613, 177, 185, 304, 216
-0.994613, 341, 105, 356, 168
-0.994614, 257, 117, 384, 148
-0.994635, 215, 49, 230, 112
-0.994635, 193, 141, 320, 172
-0.994705, 321, 57, 448, 120
-0.994749, 195, 161, 210, 224
-0.994768, 197, 33, 228, 288
-0.99477, 145, 165, 272, 196
-0.99485, 203, 161, 218, 224
-0.99485, 145, 125, 272, 156
-0.994876, 345, 137, 360, 200
-0.994918, 253, 137, 268, 200
-0.994924, 97, 161, 224, 192
-0.994926, 353, 33, 384, 160
-0.994973, 257, 225, 500, 288
-0.995024, 247, 137, 262, 200
-0.995059, 49, 1, 112, 128
-0.995077, 331, 121, 346, 184
-0.995078, 237, 265, 252, 328
-0.995129, 393, 209, 424, 332
-0.995129, 129, 137, 256, 168
-0.995133, 109, 153, 124, 216
-0.995134, 1, 153, 500, 216
-0.995152, 103, 161, 118, 224
-0.995162, 165, 129, 180, 192
-0.995175, 273, 233, 400, 264
-0.995186, 193, 25, 448, 88
-0.9952, 257, 1, 500, 64
-0.995202, 241, 129, 368, 160
-0.995227, 33, 105, 288, 168
-0.995231, 159, 129, 174, 192
-0.99527, 273, 121, 288, 184
-0.995301, 153, 145, 168, 208
-0.995316, 201, 33, 216, 96
-0.995333, 17, 257, 144, 288
-0.995342, 317, 121, 332, 184
-0.995373, 357, 153, 372, 216
-0.995389, 187, 161, 202, 224
-0.995418, 239, 137, 254, 200
-0.995439, 273, 33, 304, 288
-0.995449, 273, 165, 400, 196
-0.995464, 285, 41, 300, 104
-0.995477, 231, 241, 246, 304
-0.99549, 179, 145, 194, 208
-0.995499, 171, 145, 186, 208
-0.995503, 207, 73, 222, 136
-0.995559, 209, 117, 336, 148
-0.995563, 193, 73, 208, 136
-0.995585, 97, 33, 352, 96
-0.995591, 125, 145, 140, 208
-0.995595, 209, 161, 336, 192
-0.995623, 143, 145, 158, 208
-0.995634, 193, 129, 320, 160
-0.995638, 193, 61, 320, 92
-0.995641, 215, 17, 230, 80
-0.995652, 193, 253, 320, 284
-0.995669, 289, 105, 416, 136
-0.995678, 119, 257, 134, 320
-0.995698, 1, 41, 128, 104
-0.995705, 231, 273, 246, 332
-0.995714, 273, 141, 400, 172
-0.995757, 97, 253, 224, 284
-0.995768, 1, 65, 128, 128
-0.99577, 209, 209, 224, 272
-0.995777, 305, 33, 320, 96
-0.995784, 353, 225, 368, 288
-0.99579, 351, 129, 366, 192
-0.995799, 225, 185, 352, 216
-0.995823, 351, 153, 366, 216
-0.99584, 209, 17, 224, 80
-0.995841, 1, 185, 500, 248
-0.995846, 265, 129, 280, 192
-0.995848, 145, 197, 272, 228
-0.995859, 221, 233, 236, 296
-0.995884, 325, 129, 340, 192
-0.995885, 221, 25, 236, 88
-0.995887, 205, 185, 220, 248
-0.995901, 81, 97, 112, 224
-0.995904, 241, 105, 368, 136
-0.995906, 253, 81, 284, 208
-0.995911, 319, 185, 334, 248
-0.995913, 113, 185, 240, 216
-0.995926, 115, 153, 130, 216
-0.995934, 249, 161, 264, 224
-0.995945, 197, 137, 212, 200
-0.995946, 109, 249, 124, 312
-0.995967, 95, 169, 110, 232
-0.99598, 17, 189, 144, 220
-0.99601, 321, 65, 352, 320
-0.996013, 225, 237, 352, 268
-0.99604, 101, 233, 116, 296
-0.996047, 225, 197, 352, 228
-0.996052, 199, 185, 214, 248
-0.996069, 335, 97, 350, 160
-0.99608, 1, 57, 500, 120
-0.996086, 131, 145, 146, 208
-0.996092, 311, 41, 326, 104
-0.996098, 369, 121, 496, 184
-0.996099, 161, 85, 288, 116
-0.996106, 227, 1, 242, 64
-0.996111, 287, 113, 302, 176
-0.996112, 225, 257, 240, 320
-0.996126, 33, 245, 160, 276
-0.996128, 185, 33, 216, 288
-0.996132, 285, 33, 316, 288
-0.996135, 299, 41, 314, 104
-0.996141, 407, 201, 422, 264
-0.996141, 297, 233, 312, 296
-0.996147, 293, 25, 308, 88
-0.996147, 307, 105, 322, 168
-0.99615, 397, 97, 428, 224
-0.996175, 321, 117, 448, 148
-0.996176, 321, 89, 448, 120
-0.996176, 129, 249, 144, 312
-0.996179, 129, 81, 160, 208
-0.996206, 273, 221, 400, 252
-0.996223, 65, 113, 96, 240
-0.996239, 359, 217, 374, 280
-0.996241, 233, 121, 248, 184
-0.996242, 337, 153, 464, 184
-0.996248, 361, 241, 376, 304
-0.996256, 89, 49, 152, 176
-0.996257, 171, 121, 186, 184
-0.996257, 113, 73, 240, 104
-0.996258, 305, 1, 336, 128
-0.996259, 305, 217, 320, 280
-0.996261, 161, 113, 288, 144
-0.996271, 219, 89, 234, 152
-0.996286, 137, 145, 152, 208
-0.996296, 323, 209, 338, 272
-0.996297, 339, 145, 354, 208
-0.996319, 337, 225, 352, 288
-0.996329, 169, 193, 184, 256
-0.99634, 321, 201, 448, 232
-0.996342, 65, 1, 320, 64
-0.996348, 177, 25, 304, 56
-0.996354, 331, 169, 346, 232
-0.996365, 309, 65, 340, 320
-0.996377, 241, 249, 368, 280
-0.996381, 17, 177, 144, 208
-0.996405, 113, 237, 240, 268
-0.996405, 193, 73, 320, 104
-0.996413, 227, 137, 242, 200
-0.996414, 1, 65, 256, 128
-0.996416, 279, 33, 294, 96
-0.996424, 321, 129, 448, 160
-0.996425, 145, 261, 272, 292
-0.996426, 347, 209, 362, 272
-0.996433, 97, 173, 224, 204
-0.996442, 287, 241, 302, 304
-0.99645, 365, 201, 380, 264
-0.996451, 241, 37, 368, 68
-0.996461, 101, 185, 116, 248
-0.996464, 291, 153, 306, 216
-0.99647, 281, 121, 296, 184
-0.996472, 343, 233, 358, 296
-0.996474, 349, 89, 364, 152
-0.996477, 149, 121, 164, 184
-0.996485, 297, 33, 328, 288
-0.996489, 245, 65, 276, 320
-0.996497, 329, 97, 344, 160
-0.996504, 221, 121, 236, 184
-0.996507, 369, 89, 496, 120
-0.996515, 95, 193, 110, 256
-0.996518, 247, 113, 262, 176
-0.996518, 17, 277, 144, 308
-0.99652, 95, 233, 110, 296
-0.996525, 271, 241, 286, 304
-0.996525, 243, 249, 258, 312
-0.99654, 17, 297, 144, 328
-0.99654, 65, 193, 192, 224
-0.99655, 17, 157, 144, 188
-0.996553, 309, 145, 324, 208
-0.996556, 337, 101, 464, 132
-0.996558, 273, 181, 400, 212
-0.99657, 1, 145, 128, 176
-0.996573, 163, 193, 178, 256
-0.996574, 187, 81, 202, 144
-0.996578, 225, 269, 352, 300
-0.996579, 325, 233, 340, 296
-0.996582, 209, 1, 240, 256
-0.996584, 337, 73, 464, 104
-0.996595, 333, 145, 348, 208
-0.996602, 321, 165, 448, 196
-0.99661, 135, 121, 150, 184
-0.996617, 321, 225, 448, 256
-0.996626, 145, 273, 272, 304
-0.996641, 145, 65, 176, 320
-0.996642, 213, 161, 228, 224
-0.996646, 215, 209, 230, 272
-0.996649, 103, 257, 118, 320
-0.99666, 313, 97, 328, 160
-0.996673, 371, 249, 386, 312
-0.996676, 331, 209, 346, 272
-0.996686, 351, 1, 366, 64
-0.996687, 367, 225, 382, 288
-0.996695, 193, 221, 320, 252
-0.996698, 465, 33, 480, 96
-0.996701, 177, 121, 192, 184
-0.996703, 273, 201, 400, 232
-0.996711, 157, 209, 172, 272
-0.996714, 97, 265, 224, 296
-0.996715, 13, 193, 28, 256
-0.996724, 257, 33, 288, 288
-0.996734, 141, 121, 156, 184
-0.996734, 1, 105, 500, 168
-0.996738, 49, 129, 176, 160
-0.996748, 125, 273, 140, 332
-0.996751, 193, 45, 320, 76
-0.996765, 289, 245, 416, 276
-0.996767, 161, 233, 288, 264
-0.996771, 305, 33, 432, 64
-0.996771, 89, 233, 104, 296
-0.996777, 77, 257, 92, 320
-0.996784, 173, 97, 188, 160
-0.996797, 87, 257, 102, 320
-0.9968, 277, 241, 292, 304
-0.996802, 177, 13, 304, 44
-0.996803, 191, 137, 206, 200
-0.996807, 243, 161, 258, 224
-0.996812, 315, 145, 330, 208
-0.996822, 301, 129, 316, 192
-0.996828, 1, 273, 500, 332
-0.996858, 221, 49, 236, 112
-0.996893, 97, 125, 224, 156
-0.996894, 1, 9, 500, 72
-0.996895, 241, 25, 368, 56
-0.9969, 135, 233, 150, 296
-0.996904, 161, 153, 176, 216
-0.996905, 323, 153, 338, 216
-0.996906, 113, 113, 240, 144
-0.996907, 303, 153, 318, 216
-0.99693, 193, 209, 320, 240
-0.996934, 353, 189, 480, 220
-0.996938, 333, 65, 364, 320
-0.996967, 193, 101, 320, 132
-0.996968, 65, 281, 192, 312
-0.99697, 113, 85, 240, 116
-0.996986, 257, 69, 384, 100
-0.996996, 353, 249, 480, 280
-0.997001, 321, 141, 448, 172
-0.997008, 461, 209, 492, 332
-0.997009, 225, 13, 352, 44
-0.99702, 353, 237, 480, 268
-0.99704, 369, 209, 496, 240
-0.997046, 273, 57, 400, 88
-0.997052, 197, 69, 212, 100
-0.99709, 193, 281, 320, 312
-0.997116, 1, 25, 256, 88
-0.997143, 81, 61, 208, 92
-0.997145, 273, 13, 400, 44
-0.997153, 193, 1, 320, 32
-0.997173, 65, 233, 192, 264
-0.997185, 97, 293, 224, 324
-0.997186, 133, 65, 164, 320
-0.997216, 129, 221, 256, 252
-0.997236, 345, 33, 376, 288
-0.997249, 1, 17, 128, 80
-0.997249, 145, 249, 272, 280
-0.997249, 343, 125, 358, 156
-0.997255, 241, 93, 368, 124
-0.997274, 129, 49, 256, 80
-0.997278, 81, 17, 208, 80
-0.997284, 413, 17, 444, 144
-0.997297, 169, 33, 200, 288
-0.997333, 273, 261, 400, 292
-0.997376, 353, 1, 480, 32
-0.997381, 321, 213, 448, 244
-0.997384, 205, 77, 220, 108
-0.997411, 1, 209, 128, 240
-0.997424, 145, 101, 272, 132
-0.997462, 335, 109, 350, 140
-0.997468, 369, 173, 496, 204
-0.997519, 129, 61, 256, 92
-0.997521, 243, 137, 258, 168
-0.997544, 233, 65, 264, 320
-0.997549, 233, 133, 248, 164
-0.997552, 81, 221, 208, 252
-0.99756, 157, 65, 188, 320
-0.997572, 65, 205, 192, 236
-0.997584, 273, 81, 400, 112
-0.99759, 289, 277, 416, 308
-0.997592, 347, 145, 362, 176
-0.997612, 17, 81, 48, 208
-0.997638, 353, 29, 480, 60
-0.997638, 321, 177, 448, 208
-0.99764, 129, 9, 256, 40
-0.997652, 145, 285, 272, 316
-0.997686, 197, 165, 212, 196
-0.997699, 249, 161, 264, 192
-0.997706, 257, 137, 272, 168
-0.997707, 17, 233, 144, 264
-0.997707, 353, 261, 480, 292
-0.997716, 315, 137, 330, 168
-0.997723, 335, 137, 350, 168
-0.997731, 369, 61, 496, 92
-0.997743, 241, 149, 256, 180
-0.997782, 119, 257, 134, 288
-0.997783, 145, 301, 272, 332
-0.997791, 203, 165, 218, 196
-0.997804, 409, 97, 440, 224
-0.997814, 273, 1, 400, 32
-0.997817, 205, 45, 220, 76
-0.997829, 209, 169, 224, 200
-0.99784, 195, 81, 210, 112
-0.997844, 133, 249, 148, 280
-0.997851, 129, 261, 144, 292
-0.997856, 353, 49, 480, 80
-0.997861, 179, 149, 194, 180
-0.997878, 257, 201, 500, 264
-0.997883, 241, 281, 368, 312
-0.997886, 203, 61, 218, 92
-0.997888, 135, 145, 150, 176
-0.997896, 129, 37, 256, 68
-0.997902, 351, 157, 366, 188
-0.997903, 227, 129, 242, 160
-0.997908, 101, 165, 116, 196
-0.997909, 1, 221, 128, 252
-0.997909, 329, 137, 344, 168
-0.997934, 203, 209, 218, 240
-0.997942, 265, 129, 280, 160
-0.997947, 231, 253, 246, 284
-0.997948, 333, 125, 348, 156
-0.997971, 295, 113, 310, 144
-0.997975, 309, 225, 324, 256
-0.997977, 49, 113, 176, 144
-0.997986, 113, 209, 240, 240
-0.99799, 109, 157, 124, 188
-0.997999, 243, 249, 258, 280
-0.998008, 353, 221, 368, 252
-0.998009, 129, 21, 256, 52
-0.998014, 121, 65, 152, 320
-0.998031, 121, 147, 184, 162
-0.998035, 175, 137, 190, 168
-0.998039, 325, 105, 340, 136
-0.998039, 149, 145, 164, 176
-0.998042, 221, 129, 236, 160
-0.998045, 341, 105, 356, 136
-0.998048, 297, 41, 312, 72
-0.998055, 283, 117, 298, 148
-0.998057, 289, 45, 416, 76
-0.998058, 161, 145, 176, 176
-0.998073, 231, 145, 246, 176
-0.998076, 357, 157, 372, 188
-0.998079, 341, 137, 356, 168
-0.998089, 201, 171, 264, 186
-0.998092, 127, 245, 142, 276
-0.998101, 125, 149, 140, 180
-0.998103, 241, 155, 304, 170
-0.998107, 65, 73, 192, 104
-0.998107, 167, 145, 182, 176
-0.998116, 347, 225, 362, 256
-0.998119, 239, 125, 254, 156
-0.998124, 357, 1, 388, 256
-0.998133, 215, 121, 230, 152
-0.998138, 143, 145, 158, 176
-0.998142, 321, 61, 448, 92
-0.998142, 201, 133, 264, 148
-0.998143, 249, 133, 264, 164
-0.998146, 155, 145, 170, 176
-0.998151, 353, 145, 368, 176
-0.998157, 273, 125, 288, 156
-0.998165, 321, 17, 448, 48
-0.998166, 203, 181, 218, 212
-0.998175, 229, 277, 244, 308
-0.998175, 177, 87, 240, 102
-0.998175, 299, 229, 314, 260
-0.998176, 211, 45, 226, 76
-0.998182, 337, 273, 464, 304
-0.99819, 359, 225, 374, 256
-0.99819, 289, 113, 304, 144
-0.998197, 201, 179, 264, 194
-0.998201, 189, 81, 204, 112
-0.998211, 241, 261, 256, 292
-0.998217, 369, 301, 496, 332
-0.998219, 309, 145, 324, 176
-0.998222, 233, 121, 248, 152
-0.998223, 215, 213, 230, 244
-0.998226, 81, 101, 208, 132
-0.99823, 119, 149, 134, 180
-0.998236, 251, 29, 266, 60
-0.998236, 1, 25, 128, 56
-0.998246, 235, 269, 250, 300
-0.998251, 263, 29, 278, 60
-0.998253, 173, 149, 188, 180
-0.998253, 227, 117, 242, 148
-0.998254, 187, 157, 202, 188
-0.998261, 219, 105, 234, 136
-0.998263, 201, 163, 264, 178
-0.998267, 165, 133, 180, 164
-0.998269, 193, 37, 208, 68
-0.99827, 291, 245, 306, 276
-0.998271, 323, 189, 338, 220
-0.998272, 317, 233, 332, 264
-0.998274, 221, 65, 252, 320
-0.998275, 209, 209, 224, 240
-0.998277, 1, 33, 500, 96
-0.99828, 259, 41, 274, 72
-0.99829, 109, 245, 124, 276
-0.998294, 215, 173, 230, 204
-0.998294, 229, 9, 244, 40
-0.998295, 293, 233, 308, 264
-0.998296, 289, 113, 352, 128
-0.998302, 211, 81, 226, 112
-0.998307, 285, 237, 300, 268
-0.998308, 241, 173, 304, 188
-0.998314, 1, 1, 64, 128
-0.998324, 351, 129, 366, 160
-0.998325, 289, 33, 304, 64
-0.998334, 383, 205, 398, 236
-0.998335, 347, 109, 362, 140
-0.998335, 305, 33, 320, 64
-0.99834, 169, 33, 200, 160
-0.99834, 247, 149, 262, 180
-0.998341, 197, 49, 212, 80
-0.998341, 215, 161, 230, 192
-0.998342, 237, 161, 252, 192
-0.998344, 115, 245, 130, 276
-0.998347, 279, 237, 294, 268
-0.998349, 353, 169, 368, 200
-0.998351, 323, 137, 338, 168
-0.998352, 73, 249, 88, 280
-0.998353, 255, 157, 270, 188
-0.998353, 273, 121, 336, 136
-0.998353, 193, 153, 208, 184
-0.998356, 109, 257, 124, 288
-0.998356, 445, 73, 460, 104
-0.998358, 243, 161, 258, 192
-0.998361, 139, 265, 154, 296
-0.998361, 313, 221, 376, 236
-0.998366, 247, 173, 262, 204
-0.99837, 209, 65, 224, 96
-0.99837, 185, 93, 200, 124
-0.998373, 257, 129, 320, 144
-0.998378, 325, 149, 340, 180
-0.998385, 241, 179, 304, 194
-0.998385, 283, 33, 298, 64
-0.998389, 433, 97, 464, 224
-0.998396, 327, 121, 342, 152
-0.998399, 315, 221, 330, 252
-0.998399, 221, 173, 236, 204
-0.9984, 457, 1, 488, 256
-0.998401, 341, 217, 356, 248
-0.998407, 101, 253, 116, 284
-0.998413, 207, 33, 222, 64
-0.998414, 95, 185, 110, 216
-0.998422, 153, 133, 168, 164
-0.998422, 307, 45, 322, 76
-0.998424, 217, 127, 280, 142
-0.998431, 219, 93, 234, 124
-0.998432, 81, 245, 96, 276
-0.998435, 301, 109, 316, 140
-0.998436, 217, 261, 280, 276
-0.998436, 65, 253, 80, 284
-0.998436, 223, 265, 238, 296
-0.998439, 305, 143, 368, 158
-0.998439, 317, 105, 332, 136
-0.998451, 177, 127, 240, 142
-0.998455, 241, 167, 304, 182
-0.998462, 109, 247, 140, 262
-0.998462, 345, 119, 376, 134
-0.998462, 317, 203, 348, 218
-0.998462, 257, 31, 288, 46
-0.998462, 317, 153, 348, 168
-0.998463, 217, 275, 248, 290
-0.998463, 273, 247, 304, 262
-0.998464, 245, 175, 276, 190
-0.998464, 281, 59, 312, 74
-0.998464, 365, 183, 396, 198
-0.998465, 361, 75, 392, 90
-0.998466, 305, 155, 336, 170
-0.998466, 173, 93, 204, 108
-0.998466, 217, 21, 248, 36
-0.998466, 313, 103, 344, 118
-0.998468, 409, 195, 440, 210
-0.998469, 201, 185, 264, 200
-0.998469, 409, 201, 440, 216
-0.998471, 245, 159, 276, 174
-0.998471, 293, 247, 324, 262
-0.998472, 65, 253, 96, 268
-0.998472, 177, 81, 240, 96
-0.998473, 189, 211, 220, 226
-0.998473, 277, 69, 308, 84
-0.998473, 277, 41, 308, 56
-0.998474, 201, 179, 232, 194
-0.998474, 345, 83, 376, 98
-0.998474, 273, 151, 304, 166
-0.998476, 353, 149, 384, 164
-0.998476, 101, 163, 132, 178
-0.998476, 205, 163, 236, 178
-0.998476, 405, 207, 436, 222
-0.998476, 193, 155, 224, 170
-0.998477, 425, 209, 456, 224
-0.998477, 289, 29, 320, 44
-0.998478, 205, 19, 236, 34
-0.998478, 193, 49, 256, 64
-0.998478, 173, 105, 204, 120
-0.998479, 165, 111, 196, 126
-0.998479, 125, 269, 156, 284
-0.998479, 101, 253, 132, 268
-0.998479, 321, 107, 384, 122
-0.998479, 289, 107, 352, 122
-0.99848, 293, 149, 324, 164
-0.998481, 277, 47, 308, 62
-0.998482, 269, 33, 300, 48
-0.998482, 181, 81, 212, 96
-0.998483, 201, 55, 232, 70
-0.998483, 189, 49, 220, 64
-0.998484, 265, 47, 296, 62
-0.998484, 393, 207, 424, 222
-0.998484, 341, 125, 372, 140
-0.998485, 173, 155, 204, 170
-0.998486, 341, 145, 372, 160
-0.998487, 217, 15, 248, 30
-0.998488, 233, 271, 264, 286
-0.998488, 205, 81, 236, 96
-0.998489, 225, 255, 256, 270
-0.998489, 229, 159, 260, 174
-0.998489, 193, 119, 224, 134
-0.998489, 361, 161, 392, 176
-0.99849, 181, 75, 212, 90
-0.998493, 89, 257, 120, 272
-0.998493, 341, 131, 372, 146
-0.998495, 197, 65, 228, 80
-0.998495, 161, 127, 192, 142
-0.998497, 241, 129, 272, 144
-0.998497, 109, 157, 140, 172
-0.998498, 109, 259, 140, 274
-0.998498, 189, 161, 220, 176
-0.998498, 181, 187, 212, 202
-0.998498, 225, 125, 256, 140
-0.9985, 129, 263, 160, 278
-0.9985, 177, 121, 208, 136
-0.998501, 113, 253, 144, 268
-0.998501, 345, 217, 376, 232
-0.998502, 293, 241, 324, 256
-0.998503, 269, 129, 300, 144
-0.998504, 249, 169, 280, 184
-0.998504, 353, 227, 384, 242
-0.998504, 313, 151, 376, 166
-0.998505, 213, 125, 244, 140
-0.998506, 225, 173, 256, 188
-0.998507, 305, 229, 336, 244
-0.998508, 269, 157, 300, 172
-0.998509, 201, 209, 232, 224
-0.998509, 345, 105, 376, 120
-0.99851, 365, 219, 396, 234
-0.998511, 213, 137, 244, 152
-0.998511, 233, 187, 296, 202
-0.998512, 349, 161, 380, 176
-0.998513, 297, 49, 328, 64
-0.998513, 281, 241, 312, 256
-0.998514, 245, 139, 276, 154
-0.998514, 225, 143, 256, 158
-0.998515, 149, 145, 180, 160
-0.998516, 313, 145, 344, 160
-0.998516, 317, 119, 348, 134
-0.998516, 293, 235, 324, 250
-0.998517, 201, 87, 232, 102
-0.998518, 225, 261, 256, 276
-0.998518, 205, 43, 236, 58
-0.998519, 389, 17, 420, 144
-0.998519, 285, 119, 316, 134
-0.998519, 297, 119, 360, 134
-0.998521, 257, 133, 288, 148
-0.998522, 289, 41, 320, 56
-0.998522, 229, 167, 260, 182
-0.998527, 317, 129, 348, 144
-0.99853, 313, 137, 344, 152
-0.998531, 341, 167, 372, 182
-0.998532, 313, 109, 344, 124
-0.998534, 233, 151, 264, 166
-0.998544, 337, 157, 368, 172
-0.998545, 325, 147, 356, 162
-0.998545, 225, 135, 288, 150
-0.998549, 333, 139, 364, 154
-0.99855, 209, 171, 240, 186
-0.998551, 125, 257, 156, 272
-0.998554, 329, 131, 360, 146
-0.998556, 229, 133, 260, 148
-0.998559, 121, 149, 152, 164
-0.998562, 209, 147, 272, 162
-0.998563, 161, 149, 192, 164
-0.998563, 297, 111, 328, 126
-0.998565, 273, 123, 304, 138
-0.998573, 177, 161, 208, 176
-0.998574, 137, 145, 168, 160
-0.998579, 297, 125, 360, 140
-0.998579, 337, 151, 368, 166
-0.998579, 161, 163, 224, 178
-0.998579, 237, 145, 268, 160
-0.998582, 265, 47, 328, 62
-0.998585, 177, 157, 240, 172
-0.998586, 97, 65, 128, 320
-0.998591, 65, 259, 128, 274
-0.998593, 201, 49, 232, 64
-0.998594, 201, 125, 232, 140
-0.998595, 337, 159, 400, 174
-0.998598, 217, 131, 248, 146
-0.998598, 57, 253, 120, 268
-0.9986, 313, 161, 376, 176
-0.9986, 89, 1, 120, 128
-0.998605, 161, 187, 224, 202
-0.998605, 329, 195, 392, 210
-0.998606, 193, 209, 256, 224
-0.998607, 329, 115, 360, 130
-0.998607, 193, 75, 224, 90
-0.99861, 329, 107, 360, 122
-0.998611, 289, 229, 352, 244
-0.998619, 177, 169, 240, 184
-0.998621, 249, 39, 312, 54
-0.998628, 469, 1, 500, 256
-0.99863, 189, 167, 220, 182
-0.998632, 329, 125, 360, 140
-0.998636, 189, 87, 220, 102
-0.998637, 273, 187, 336, 202
-0.998639, 281, 153, 344, 168
-0.99864, 361, 197, 424, 212
-0.998641, 253, 153, 284, 168
-0.998645, 97, 251, 160, 266
-0.998647, 217, 255, 280, 270
-0.998652, 177, 145, 240, 160
-0.998653, 313, 113, 376, 128
-0.998656, 193, 139, 256, 154
-0.998661, 177, 181, 240, 196
-0.998662, 233, 141, 296, 156
-0.998666, 273, 147, 336, 162
-0.998672, 417, 83, 480, 98
-0.998673, 241, 161, 304, 176
-0.998676, 169, 93, 232, 108
-0.998677, 201, 79, 264, 94
-0.998678, 89, 257, 152, 272
-0.998679, 193, 193, 256, 208
-0.998679, 241, 245, 304, 260
-0.998682, 193, 257, 256, 272
-0.998686, 289, 47, 352, 62
-0.998694, 169, 103, 232, 118
-0.998696, 337, 167, 400, 182
-0.998698, 49, 227, 112, 242
-0.998702, 161, 75, 224, 90
-0.998703, 169, 51, 232, 66
-0.998707, 177, 133, 240, 148
-0.998707, 25, 257, 88, 272
-0.998707, 193, 81, 224, 96
-0.998709, 321, 129, 384, 144
-0.998713, 81, 195, 144, 210
-0.998716, 217, 45, 280, 60
-0.998727, 145, 151, 208, 166
-0.998727, 401, 91, 464, 106
-0.998728, 169, 139, 232, 154
-0.998729, 193, 19, 256, 34
-0.998732, 65, 151, 128, 166
-0.998734, 241, 149, 304, 164
-0.998734, 297, 189, 360, 204
-0.998735, 241, 33, 304, 48
-0.998737, 361, 189, 424, 204
-0.998738, 249, 135, 312, 150
-0.99874, 337, 149, 400, 164
-0.99874, 49, 173, 112, 188
-0.998741, 265, 159, 328, 174
-0.998744, 281, 41, 344, 56
-0.998747, 105, 155, 168, 170
-0.998747, 289, 159, 352, 174
-0.998749, 57, 1, 88, 128
-0.998754, 201, 85, 264, 100
-0.998754, 273, 167, 336, 182
-0.998754, 177, 151, 240, 166
-0.998756, 89, 171, 152, 186
-0.998758, 41, 203, 104, 218
-0.998759, 329, 201, 392, 216
-0.998761, 193, 61, 256, 76
-0.998767, 137, 285, 200, 300
-0.998768, 113, 259, 176, 274
-0.99877, 337, 215, 400, 230
-0.998771, 217, 249, 280, 264
-0.998775, 1, 267, 64, 282
-0.998778, 297, 137, 360, 152
-0.998778, 233, 193, 296, 208
-0.998779, 177, 289, 240, 304
-0.998781, 201, 157, 264, 172
-0.998781, 137, 307, 200, 322
-0.998781, 89, 201, 152, 216
-0.998783, 289, 217, 352, 232
-0.998785, 177, 41, 240, 56
-0.998787, 65, 201, 128, 216
-0.998787, 97, 165, 160, 180
-0.998787, 217, 17, 280, 32
-0.998788, 217, 267, 280, 282
-0.998788, 193, 267, 256, 282
-0.998791, 297, 167, 360, 182
-0.998793, 281, 57, 344, 72
-0.998794, 81, 145, 144, 160
-0.998794, 337, 139, 400, 154
-0.998796, 1, 221, 64, 236
-0.998798, 153, 203, 216, 218
-0.998801, 361, 85, 424, 100
-0.998801, 313, 215, 376, 230
-0.998802, 281, 245, 344, 260
-0.998807, 361, 211, 424, 226
-0.998808, 161, 109, 224, 124
-0.998808, 369, 65, 400, 320
-0.998818, 305, 183, 368, 198
-0.998819, 97, 273, 160, 288
-0.998821, 181, 145, 196, 272
-0.998822, 201, 71, 264, 86
-0.998824, 169, 215, 232, 230
-0.998825, 265, 111, 328, 126
-0.998827, 177, 121, 240, 136
-0.998841, 187, 145, 202, 272
-0.998851, 323, 97, 338, 224
-0.998873, 397, 1, 428, 256
-0.998897, 257, 129, 272, 256
-0.998902, 353, 145, 368, 272
-0.998902, 107, 145, 122, 272
-0.99891, 171, 145, 186, 272
-0.998911, 133, 1, 164, 128
-0.998913, 235, 113, 250, 240
-0.998918, 145, 129, 160, 256
-0.998925, 381, 65, 412, 320
-0.998929, 265, 113, 280, 240
-0.99893, 1, 81, 500, 144
-0.998936, 205, 65, 220, 192
-0.998938, 101, 1, 132, 128
-0.998945, 151, 129, 166, 256
-0.998948, 139, 129, 154, 256
-0.998951, 165, 129, 180, 256
-0.998961, 115, 145, 130, 272
-0.998962, 133, 129, 148, 256
-0.998978, 157, 129, 172, 256
-0.998991, 241, 129, 256, 256
-0.998995, 193, 145, 208, 272
-0.999004, 251, 145, 266, 272
-0.999012, 121, 145, 136, 272
-0.999025, 181, 97, 196, 224
-0.999029, 291, 81, 306, 208
-0.999029, 187, 193, 202, 320
-0.99903, 21, 65, 52, 320
-0.999037, 347, 129, 362, 256
-0.999038, 265, 193, 280, 320
-0.999048, 101, 145, 116, 272
-0.999049, 273, 113, 288, 240
-0.999057, 127, 145, 142, 272
-0.999062, 195, 65, 210, 192
-0.999071, 317, 97, 332, 224
-0.999092, 271, 193, 286, 320
-0.999092, 359, 193, 374, 320
-0.999098, 327, 177, 342, 304
-0.999102, 95, 161, 110, 288
-0.999102, 329, 97, 344, 224
-0.999108, 247, 97, 262, 224
-0.999117, 297, 97, 312, 224
-0.999125, 337, 193, 352, 320
-0.999126, 187, 81, 202, 208
-0.999131, 281, 113, 296, 240
-0.999135, 115, 193, 130, 320
-0.999136, 357, 81, 372, 208
-0.999136, 259, 193, 274, 320
-0.999139, 229, 209, 244, 332
-0.999142, 343, 193, 358, 320
-0.999143, 195, 193, 210, 320
-0.999148, 101, 193, 116, 320
-0.999151, 311, 193, 326, 320
-0.999162, 229, 113, 244, 240
-0.999163, 341, 97, 356, 224
-0.999166, 205, 161, 220, 288
-0.999166, 175, 97, 190, 224
-0.999167, 155, 177, 170, 304
-0.999169, 209, 209, 224, 332
-0.999172, 179, 193, 194, 320
-0.999177, 319, 161, 334, 288
-0.999178, 73, 33, 104, 288
-0.99918, 37, 209, 52, 332
-0.999182, 89, 177, 104, 304
-0.999183, 199, 17, 214, 144
-0.999184, 145, 177, 160, 304
-0.99919, 131, 193, 146, 320
-0.999195, 251, 193, 266, 320
-0.999198, 107, 193, 122, 320
-0.999199, 221, 209, 236, 332
-0.999203, 161, 177, 176, 304
-0.999205, 319, 209, 334, 332
-0.999207, 365, 193, 380, 320
-0.999215, 349, 193, 364, 320
-0.999215, 339, 145, 354, 272
-0.999217, 305, 145, 320, 272
-0.999218, 389, 145, 404, 272
-0.999221, 379, 193, 394, 320
-0.999221, 201, 113, 216, 240
-0.999222, 373, 193, 388, 320
-0.999224, 311, 97, 326, 224
-0.999224, 295, 209, 310, 332
-0.999231, 169, 193, 184, 320
-0.999233, 277, 193, 292, 320
-0.999239, 291, 33, 306, 160
-0.999244, 45, 65, 76, 320
-0.999248, 245, 209, 260, 332
-0.99925, 333, 145, 348, 272
-0.999253, 305, 209, 320, 332
-0.999255, 331, 49, 346, 176
-0.999257, 139, 177, 154, 304
-0.999259, 409, 65, 440, 320
-0.999262, 211, 49, 226, 176
-0.999263, 215, 1, 230, 128
-0.999264, 215, 209, 230, 332
-0.999265, 287, 161, 302, 288
-0.999265, 121, 193, 136, 320
-0.999266, 33, 161, 48, 288
-0.999268, 193, 17, 208, 144
-0.999271, 463, 17, 478, 144
-0.999275, 409, 193, 424, 320
-0.999281, 351, 81, 366, 208
-0.999284, 239, 1, 254, 128
-0.999284, 95, 209, 110, 332
-0.999285, 359, 145, 374, 272
-0.999285, 285, 65, 300, 192
-0.999287, 67, 209, 82, 332
-0.999289, 319, 49, 334, 176
-0.999291, 297, 145, 312, 272
-0.999293, 223, 81, 238, 208
-0.999294, 47, 193, 62, 320
-0.999294, 233, 1, 248, 128
-0.999296, 31, 209, 46, 332
-0.999299, 393, 193, 408, 320
-0.999302, 89, 129, 104, 256
-0.999303, 297, 49, 312, 176
-0.999303, 81, 209, 96, 332
-0.999304, 311, 145, 326, 272
-0.999309, 235, 193, 250, 320
-0.99931, 449, 193, 464, 320
-0.999311, 211, 161, 226, 288
-0.999313, 187, 17, 202, 144
-0.999314, 55, 209, 70, 332
-0.999318, 11, 193, 26, 320
-0.999319, 217, 81, 232, 208
-0.999321, 125, 97, 140, 224
-0.999321, 221, 161, 236, 288
-0.999326, 151, 81, 166, 208
-0.999329, 205, 17, 220, 144
-0.999336, 383, 97, 398, 224
-0.999341, 443, 193, 458, 320
-0.999341, 393, 81, 408, 208
-0.999343, 417, 193, 432, 320
-0.999347, 375, 65, 390, 192
-0.999348, 201, 209, 216, 332
-0.999357, 351, 33, 366, 160
-0.999357, 463, 161, 478, 288
-0.999432, 85, 33, 116, 288
-0.999471, 5, 65, 36, 320
-0.999484, 207, 89, 222, 104
-0.999485, 213, 213, 228, 228
-0.999486, 195, 43, 210, 58
-0.999487, 243, 261, 258, 276
-0.999487, 339, 129, 354, 144
-0.99949, 249, 249, 264, 264
-0.999492, 229, 123, 244, 138
-0.999496, 301, 47, 316, 62
-0.999497, 109, 33, 140, 288
-0.999498, 429, 1, 460, 256
-0.999501, 193, 167, 208, 182
-0.999501, 199, 161, 214, 176
-0.999502, 309, 229, 324, 244
-0.999503, 139, 265, 154, 280
-0.999503, 337, 219, 352, 234
-0.999506, 189, 155, 204, 170
-0.999506, 181, 95, 196, 110
-0.999506, 349, 103, 364, 118
-0.999508, 317, 185, 332, 200
-0.99951, 299, 41, 314, 56
-0.999513, 203, 43, 218, 58
-0.999515, 101, 253, 116, 268
-0.999519, 285, 157, 300, 172
-0.99952, 229, 277, 244, 292
-0.999522, 227, 135, 242, 150
-0.999524, 331, 105, 346, 120
-0.999525, 203, 69, 218, 84
-0.999526, 191, 89, 206, 104
-0.999528, 145, 145, 160, 160
-0.99953, 439, 209, 454, 224
-0.999533, 279, 43, 294, 58
-0.999534, 221, 131, 236, 146
-0.999535, 313, 153, 328, 168
-0.999536, 285, 243, 300, 258
-0.999537, 355, 227, 370, 242
-0.999538, 235, 139, 250, 154
-0.999542, 205, 169, 220, 184
-0.999544, 211, 171, 226, 186
-0.999545, 217, 125, 232, 140
-0.999546, 301, 241, 316, 256
-0.999552, 371, 83, 386, 98
-0.999555, 203, 63, 218, 78
-0.999556, 351, 129, 366, 144
-0.999561, 105, 161, 120, 176
-0.999563, 175, 107, 190, 122
-0.999565, 315, 139, 330, 154
-0.999565, 351, 169, 366, 184
-0.999571, 241, 161, 256, 176
-0.999571, 125, 259, 140, 274
-0.999572, 159, 147, 174, 162
-0.999576, 151, 145, 166, 160
-0.999576, 325, 147, 340, 162
-0.999577, 119, 257, 134, 272
-0.999577, 323, 121, 338, 136
-0.999579, 129, 149, 144, 164
-0.99958, 219, 139, 234, 154
-0.999584, 343, 151, 358, 166
-0.999585, 297, 111, 312, 126
-0.999586, 259, 135, 274, 150
-0.999587, 129, 269, 144, 284
-0.999588, 217, 49, 232, 64
-0.999591, 351, 161, 366, 176
-0.999591, 333, 123, 348, 138
-0.999592, 243, 137, 258, 152
-0.999592, 249, 171, 264, 186
-0.999595, 205, 217, 220, 232
-0.999596, 175, 145, 190, 160
-0.999604, 333, 129, 348, 144
-0.999609, 165, 147, 180, 162
-0.999612, 123, 151, 138, 166
-0.999614, 187, 163, 202, 178
-0.999616, 209, 77, 224, 92
-0.999617, 313, 145, 328, 160
-0.999624, 407, 207, 422, 222
-0.999628, 175, 123, 190, 138
-0.999628, 217, 17, 232, 32
-0.999628, 325, 109, 340, 124
-0.999636, 183, 157, 198, 172
-0.99964, 249, 159, 264, 174
-0.999645, 207, 209, 222, 224
-0.999646, 213, 89, 228, 104
-0.999655, 129, 251, 144, 266
-0.999657, 277, 155, 292, 170
-0.999659, 441, 65, 472, 320
-0.999664, 133, 259, 148, 274
-0.999666, 357, 167, 372, 182
-0.999667, 297, 235, 312, 250
-0.999668, 117, 153, 132, 168
-0.999683, 217, 43, 232, 58
-0.999683, 139, 147, 154, 162
-0.999684, 253, 139, 268, 154
-0.999685, 355, 147, 370, 162
-0.999687, 231, 259, 246, 274
-0.999691, 291, 243, 306, 258
-0.999697, 261, 151, 276, 166
-0.999709, 57, 33, 88, 288
-0.999714, 237, 127, 252, 142
-0.999715, 271, 127, 286, 142
-0.999717, 269, 153, 284, 168
-0.999723, 337, 113, 352, 128
-0.999725, 349, 149, 364, 164
-0.999726, 111, 157, 126, 172
-0.99973, 265, 131, 280, 146
-0.999731, 237, 145, 252, 160
-0.999734, 177, 151, 192, 166
-0.999736, 277, 123, 292, 138
-0.99974, 303, 231, 318, 246
-0.999741, 229, 265, 244, 280
-0.999741, 199, 167, 214, 182
-0.999761, 339, 123, 354, 138
-0.999767, 345, 125, 360, 140
-0.99977, 285, 119, 300, 134
-0.999785, 255, 149, 270, 164
-0.999786, 207, 179, 222, 194
-0.999823, 331, 141, 346, 156
-0.999828, 245, 143, 260, 158
-0.999832, 193, 161, 208, 176
-0.999833, 237, 133, 252, 148
-0.999857, 251, 165, 266, 180
-0.999867, 351, 155, 366, 170
-0.999898, 345, 133, 360, 148
-0.999905, 243, 151, 258, 166
-0.999913, 209, 83, 224, 98
-0.999916, 345, 139, 360, 154
-0.999939, 203, 83, 218, 98
-0.999941, 203, 49, 218, 64
-0.999941, 337, 107, 352, 122
-0.999953, 33, 33, 64, 288
-0.999958, 211, 47, 226, 62
-0.999968, 343, 107, 358, 122
-0.999981, 227, 129, 242, 144
-1.00001, 339, 135, 354, 150
-1.00002, 195, 81, 210, 96
-1.00011, 203, 77, 218, 92
-1.00018, 197, 75, 212, 90
-1.00107, 25, 1, 88, 128
