1882
-0.369411, 1, 1, 500, 333
-0.402131, 1, 65, 500, 320
-0.473375, 33, 1, 288, 333
-0.504253, 225, 1, 480, 333
-0.629056, 129, 1, 384, 333
-0.640968, 1, 33, 256, 288
-0.705587, 97, 1, 352, 256
-0.711886, 193, 33, 448, 288
-0.862793, 337, 1, 464, 333
-0.868066, 33, 1, 160, 333
-0.878228, 289, 1, 416, 333
-0.878492, 1, 1, 128, 256
-0.879333, 81, 1, 208, 333
-0.884925, 1, 81, 500, 208
-0.888402, 225, 1, 352, 333
-0.888488, 65, 33, 192, 288
-0.899334, 113, 1, 240, 256
-0.899461, 209, 33, 336, 288
-0.903576, 161, 1, 288, 333
-0.906372, 289, 33, 416, 288
-0.906725, 1, 33, 500, 160
-0.908224, 1, 129, 500, 256
-0.912658, 337, 1, 464, 256
-0.914147, 1, 177, 500, 304
-0.920089, 65, 49, 320, 176
-0.923577, 161, 65, 288, 320
-0.932297, 33, 97, 288, 224
-0.938025, 193, 145, 448, 272
-0.938998, 1, 129, 128, 256
-0.940298, 1, 1, 256, 128
-0.940963, 89, 49, 152, 176
-0.942589, 17, 1, 144, 128
-0.943024, 129, 97, 384, 224
-0.943329, 209, 97, 336, 224
-0.944097, 97, 1, 352, 128
-0.94464, 225, 49, 480, 176
-0.946201, 9, 1, 72, 128
-0.946836, 225, 1, 480, 128
-0.947282, 81, 49, 208, 176
-0.949345, 81, 1, 144, 128
-0.949937, 289, 145, 352, 272
-0.950745, 57, 1, 120, 128
-0.952307, 1, 145, 256, 272
-0.952444, 1, 81, 128, 208
-0.953494, 161, 49, 288, 176
-0.95473, 273, 145, 400, 272
-0.956513, 265, 113, 328, 240
-0.956644, 321, 113, 384, 240
-0.958145, 97, 1, 224, 128
-0.958707, 345, 1, 408, 128
-0.959471, 81, 97, 208, 224
-0.959511, 225, 49, 288, 176
-0.959758, 1, 209, 64, 333
-0.960551, 257, 97, 500, 224
-0.960739, 25, 129, 88, 256
-0.960925, 1, 145, 64, 272
-0.961016, 289, 1, 416, 128
-0.961092, 49, 49, 112, 176
-0.961362, 241, 49, 368, 176
-0.961431, 49, 97, 112, 224
-0.961649, 193, 49, 256, 176
-0.962327, 249, 161, 312, 288
-0.963175, 33, 1, 96, 128
-0.96328, 289, 97, 416, 224
-0.963317, 17, 49, 80, 176
-0.963327, 193, 113, 256, 240
-0.963328, 289, 49, 416, 176
-0.963451, 33, 177, 160, 304
-0.963925, 265, 145, 328, 208
-0.964442, 81, 145, 208, 272
-0.964517, 289, 145, 352, 208
-0.964612, 209, 145, 336, 272
-0.964903, 89, 81, 152, 144
-0.965557, 113, 33, 176, 160
-0.96624, 97, 161, 352, 288
-0.966285, 289, 49, 352, 176
-0.96654, 81, 33, 144, 96
-0.967489, 241, 1, 368, 128
-0.967579, 249, 1, 312, 128
-0.967866, 49, 1, 112, 64
-0.967874, 225, 193, 480, 320
-0.967953, 225, 113, 288, 240
-0.968742, 73, 113, 136, 240
-0.968994, 353, 113, 416, 240
-0.969481, 193, 1, 320, 128
-0.969668, 161, 113, 288, 240
-0.969712, 49, 145, 112, 272
-0.969869, 249, 169, 312, 232
-0.97001, 249, 65, 312, 192
-0.970061, 1, 97, 64, 224
-0.970428, 1, 193, 256, 320
-0.970607, 329, 121, 392, 184
-0.970678, 49, 105, 112, 168
-0.970879, 289, 49, 352, 112
-0.971016, 225, 153, 288, 216
-0.971021, 289, 169, 352, 232
-0.971363, 57, 41, 120, 104
-0.971487, 81, 177, 144, 304
-0.971655, 57, 177, 120, 240
-0.971774, 249, 121, 312, 184
-0.971896, 225, 185, 288, 248
-0.972035, 297, 145, 328, 208
-0.972118, 369, 97, 496, 224
-0.972153, 193, 1, 256, 128
-0.972502, 225, 89, 288, 152
-0.972512, 337, 1, 464, 128
-0.972531, 25, 41, 88, 104
-0.972558, 249, 49, 312, 112
-0.972624, 313, 153, 376, 216
-0.97277, 41, 193, 104, 320
-0.97279, 369, 49, 496, 176
-0.972828, 49, 65, 112, 128
-0.973099, 13, 1, 44, 128
-0.973233, 225, 113, 288, 176
-0.973237, 201, 121, 264, 184
-0.973269, 97, 1, 128, 128
-0.973367, 321, 1, 384, 128
-0.973422, 169, 49, 232, 176
-0.973547, 225, 153, 352, 216
-0.973609, 1, 129, 128, 192
-0.973741, 1, 233, 64, 296
-0.973774, 81, 57, 144, 120
-0.97382, 273, 121, 336, 184
-0.973883, 289, 97, 352, 224
-0.973886, 1, 273, 64, 333
-0.973961, 113, 73, 176, 136
-0.974015, 353, 113, 416, 176
-0.974229, 1, 137, 64, 200
-0.974272, 137, 1, 200, 128
-0.974324, 161, 161, 288, 288
-0.974355, 33, 161, 96, 224
-0.974499, 249, 97, 312, 160
-0.974667, 57, 153, 120, 216
-0.974681, 193, 161, 256, 288
-0.974806, 9, 161, 72, 224
-0.974986, 209, 49, 272, 112
-0.975011, 49, 129, 112, 192
-0.97505, 97, 113, 160, 240
-0.975194, 97, 49, 128, 176
-0.975384, 273, 153, 400, 216
-0.975467, 1, 177, 32, 304
-0.97552, 177, 97, 240, 160
-0.975571, 401, 1, 464, 128
-0.975866, 201, 145, 264, 208
-0.975976, 313, 57, 376, 120
-0.976041, 337, 33, 400, 96
-0.976041, 313, 161, 376, 288
-0.976233, 313, 1, 376, 64
-0.976296, 9, 17, 72, 80
-0.976324, 225, 161, 288, 288
-0.976333, 81, 177, 144, 240
-0.976345, 33, 33, 160, 96
-0.97644, 353, 49, 416, 176
-0.976441, 305, 25, 368, 88
-0.976441, 409, 33, 472, 96
-0.976449, 41, 249, 104, 312
-0.976521, 225, 1, 288, 128
-0.976709, 433, 49, 496, 176
-0.976735, 289, 129, 416, 192
-0.976829, 89, 9, 152, 72
-0.976846, 33, 1, 64, 128
-0.976887, 105, 49, 168, 112
-0.976968, 357, 1, 388, 128
-0.976968, 1, 65, 64, 128
-0.977052, 65, 65, 192, 128
-0.977053, 81, 153, 144, 216
-0.977111, 353, 9, 416, 72
-0.977116, 25, 97, 88, 160
-0.977136, 249, 73, 312, 136
-0.977219, 249, 25, 312, 88
-0.977221, 209, 129, 336, 192
-0.977377, 25, 65, 88, 128
-0.977403, 89, 65, 152, 320
-0.977482, 77, 1, 108, 128
-0.977518, 385, 49, 448, 112
-0.977531, 153, 73, 216, 136
-0.977536, 289, 49, 416, 112
-0.977539, 193, 169, 256, 232
-0.977788, 89, 113, 152, 176
-0.977856, 281, 25, 344, 88
-0.978058, 193, 57, 320, 120
-0.978063, 273, 1, 336, 128
-0.978089, 169, 113, 232, 240
-0.978218, 353, 89, 416, 152
-0.978218, 273, 193, 336, 256
-0.97828, 401, 241, 464, 304
-0.978282, 185, 49, 248, 112
-0.978292, 1, 41, 64, 104
-0.978317, 225, 25, 288, 88
-0.978388, 1, 185, 64, 248
-0.978425, 273, 73, 336, 136
-0.978516, 305, 113, 368, 176
-0.978572, 57, 1, 120, 256
-0.978583, 25, 121, 88, 184
-0.978657, 1, 65, 128, 128
-0.978693, 1, 97, 64, 160
-0.978745, 369, 209, 496, 333
-0.978827, 377, 49, 440, 176
-0.978832, 129, 49, 192, 112
-0.978851, 145, 65, 208, 192
-0.978871, 117, 33, 148, 160
-0.978965, 273, 97, 336, 160
-0.97907, 185, 73, 248, 136
-0.979075, 249, 201, 312, 264
-0.979118, 265, 1, 328, 64
-0.979126, 1, 161, 128, 224
-0.97915, 97, 81, 128, 144
-0.97922, 17, 209, 80, 272
-0.979249, 65, 89, 192, 152
-0.97934, 177, 121, 240, 184
-0.979386, 65, 273, 128, 333
-0.979499, 309, 145, 340, 272
-0.979506, 309, 145, 340, 208
-0.979681, 345, 145, 408, 208
-0.97976, 113, 97, 176, 160
-0.979855, 433, 33, 496, 96
-0.979873, 329, 65, 392, 192
-0.979878, 401, 49, 464, 176
-0.979904, 85, 41, 116, 104
-0.979992, 377, 273, 440, 333
-0.980008, 49, 1, 80, 128
-0.98004, 297, 145, 328, 272
-0.980075, 25, 185, 88, 248
-0.980104, 377, 249, 440, 312
-0.980143, 425, 241, 488, 304
-0.980226, 409, 9, 472, 72
-0.980405, 433, 89, 496, 152
-0.980417, 409, 89, 472, 152
-0.980457, 65, 161, 192, 224
-0.980567, 337, 49, 464, 112
-0.980581, 393, 97, 456, 224
-0.98065, 201, 97, 264, 160
-0.98071, 361, 49, 424, 112
-0.980739, 17, 1, 80, 256
-0.980793, 417, 57, 480, 120
-0.98083, 153, 105, 216, 168
-0.980836, 193, 25, 256, 88
-0.980858, 1, 185, 32, 248
-0.98087, 169, 169, 232, 232
-0.980901, 81, 129, 112, 256
-0.980909, 113, 161, 176, 224
-0.98102, 369, 1, 432, 128
-0.98112, 1, 1, 32, 128
-0.98116, 145, 169, 208, 232
-0.981163, 377, 25, 440, 88
-0.981169, 353, 257, 416, 320
-0.981222, 377, 97, 440, 160
-0.981328, 249, 65, 312, 320
-0.981349, 401, 265, 464, 328
-0.981387, 97, 57, 128, 120
-0.981454, 225, 105, 256, 168
-0.981479, 241, 161, 272, 224
-0.981524, 117, 41, 148, 104
-0.981623, 329, 97, 392, 160
-0.981623, 193, 193, 256, 256
-0.981735, 313, 177, 376, 240
-0.98174, 1, 105, 128, 168
-0.981777, 257, 193, 384, 320
-0.98194, 1, 1, 128, 64
-0.981957, 193, 1, 256, 64
-0.981982, 129, 25, 192, 88
-0.98201, 145, 65, 272, 128
-0.982036, 353, 233, 416, 296
-0.982102, 57, 201, 120, 264
-0.982161, 177, 145, 240, 208
-0.982233, 209, 1, 272, 256
-0.982312, 253, 65, 284, 192
-0.982391, 73, 49, 104, 112
-0.982585, 221, 113, 252, 240
-0.982717, 81, 177, 112, 240
-0.982727, 321, 25, 448, 88
-0.982767, 277, 97, 308, 224
-0.982791, 177, 169, 304, 232
-0.982821, 225, 89, 352, 152
-0.982828, 1, 225, 32, 288
-0.982854, 273, 33, 336, 288
-0.982859, 145, 145, 272, 208
-0.982881, 161, 49, 224, 112
-0.982885, 57, 225, 120, 288
-0.982896, 297, 1, 360, 128
-0.982935, 169, 1, 232, 256
-0.982935, 277, 137, 308, 200
-0.983128, 169, 1, 232, 64
-0.983229, 233, 1, 296, 64
-0.983316, 85, 177, 116, 304
-0.983389, 337, 57, 400, 120
-0.983389, 417, 113, 480, 176
-0.98342, 169, 25, 232, 88
-0.983455, 321, 145, 448, 272
-0.983459, 293, 49, 324, 112
-0.983466, 261, 137, 292, 200
-0.983721, 357, 121, 388, 184
-0.983846, 169, 1, 232, 128
-0.983917, 273, 25, 400, 88
-0.98402, 145, 97, 272, 160
-0.984114, 77, 97, 108, 160
-0.984137, 41, 1, 104, 333
-0.984159, 361, 177, 424, 240
-0.984178, 321, 201, 384, 264
-0.984266, 233, 81, 264, 208
-0.984314, 225, 177, 352, 240
-0.984319, 241, 49, 368, 112
-0.984337, 33, 273, 96, 333
-0.984406, 393, 217, 456, 280
-0.98441, 281, 145, 312, 272
-0.984431, 321, 153, 352, 216
-0.984521, 13, 145, 44, 272
-0.984526, 225, 209, 288, 272
-0.984528, 433, 1, 496, 256
-0.984551, 337, 113, 464, 176
-0.984574, 273, 217, 336, 280
-0.984608, 61, 41, 92, 104
-0.984665, 69, 1, 100, 64
-0.984721, 81, 113, 208, 176
-0.98474, 433, 9, 496, 72
-0.984787, 121, 97, 184, 224
-0.984855, 277, 49, 308, 112
-0.984897, 369, 1, 432, 256
-0.984902, 153, 145, 216, 208
-0.984918, 409, 209, 472, 333
-0.984943, 385, 209, 448, 333
-0.985058, 385, 1, 448, 333
-0.98516, 345, 1, 408, 256
-0.985203, 113, 65, 176, 320
-0.985211, 337, 169, 400, 232
-0.98522, 213, 113, 244, 176
-0.985225, 77, 81, 108, 208
-0.985259, 81, 209, 144, 272
-0.985269, 89, 257, 152, 320
-0.985287, 233, 33, 264, 160
-0.985301, 25, 49, 56, 176
-0.985317, 385, 153, 448, 216
-0.985323, 393, 1, 456, 256
-0.985325, 113, 33, 240, 96
-0.98536, 89, 1, 152, 333
-0.985399, 209, 193, 336, 320
-0.985412, 205, 33, 236, 160
-0.985469, 125, 73, 156, 136
-0.985477, 229, 145, 260, 208
-0.98548, 69, 177, 100, 240
-0.985503, 281, 161, 312, 224
-0.985508, 353, 89, 480, 152
-0.985547, 345, 1, 376, 128
-0.985575, 65, 9, 192, 72
-0.985589, 297, 201, 360, 264
-0.985626, 393, 121, 456, 184
-0.985628, 13, 161, 44, 224
-0.985643, 425, 265, 488, 328
-0.985685, 297, 33, 360, 288
-0.985708, 65, 1, 128, 333
-0.985793, 345, 1, 408, 333
-0.985799, 241, 145, 272, 272
-0.985842, 1, 1, 64, 333
-0.985879, 297, 121, 328, 184
-0.985932, 341, 49, 372, 112
-0.986055, 145, 113, 208, 240
-0.986056, 25, 129, 56, 256
-0.986067, 261, 33, 292, 96
-0.986076, 33, 41, 64, 104
-0.98611, 297, 97, 328, 224
-0.986268, 417, 97, 480, 224
-0.986268, 93, 17, 124, 80
-0.986279, 261, 169, 292, 232
-0.986342, 81, 193, 208, 320
-0.986451, 301, 169, 332, 232
-0.986507, 321, 193, 448, 320
-0.986589, 369, 241, 496, 304
-0.9866, 1, 129, 32, 256
-0.986619, 281, 113, 312, 176
-0.986621, 321, 33, 384, 288
-0.986633, 53, 49, 84, 176
-0.986641, 209, 113, 240, 240
-0.986641, 325, 113, 356, 240
-0.986687, 225, 177, 256, 240
-0.986746, 1, 201, 128, 264
-0.986747, 145, 1, 272, 128
-0.986799, 369, 113, 400, 176
-0.986804, 369, 161, 432, 288
-0.986833, 249, 89, 280, 152
-0.986869, 333, 137, 364, 200
-0.986875, 241, 57, 272, 120
-0.986997, 129, 209, 384, 333
-0.987126, 321, 1, 384, 333
-0.987169, 265, 129, 296, 256
-0.987198, 5, 1, 36, 64
-0.987209, 93, 161, 124, 224
-0.987287, 409, 1, 472, 333
-0.98735, 273, 73, 400, 136
-0.987356, 217, 1, 248, 128
-0.987364, 405, 49, 436, 176
-0.987377, 9, 41, 40, 104
-0.987377, 277, 73, 308, 136
-0.987475, 273, 177, 400, 240
-0.98748, 129, 33, 160, 160
-0.987493, 253, 57, 284, 120
-0.987494, 69, 129, 100, 256
-0.987556, 237, 121, 268, 184
-0.987575, 13, 81, 44, 208
-0.987733, 81, 153, 112, 216
-0.987746, 97, 177, 128, 304
-0.987779, 361, 1, 392, 64
-0.98779, 1, 249, 32, 312
-0.987792, 297, 49, 328, 176
-0.987876, 253, 161, 284, 288
-0.987889, 241, 1, 304, 333
-0.988056, 161, 121, 288, 184
-0.988072, 309, 33, 340, 96
-0.988126, 1, 161, 32, 224
-0.988168, 13, 209, 44, 272
-0.988194, 289, 193, 352, 320
-0.988221, 21, 129, 52, 192
-0.988279, 321, 49, 352, 112
-0.988315, 49, 41, 80, 104
-0.988316, 109, 73, 140, 136
-0.988329, 65, 185, 192, 248
-0.988342, 97, 129, 128, 256
-0.988385, 253, 113, 284, 240
-0.988463, 345, 49, 376, 176
-0.988473, 77, 121, 108, 184
-0.988485, 357, 25, 388, 88
-0.988489, 345, 121, 376, 184
-0.988493, 409, 257, 440, 320
-0.988524, 57, 1, 88, 64
-0.988524, 189, 65, 220, 128
-0.98855, 417, 41, 448, 104
-0.988655, 193, 33, 320, 96
-0.988701, 201, 89, 232, 152
-0.98872, 37, 49, 68, 176
-0.988749, 17, 17, 48, 80
-0.988766, 193, 81, 224, 208
-0.988791, 381, 257, 412, 320
-0.988812, 93, 193, 124, 256
-0.988821, 65, 1, 96, 128
-0.988856, 37, 129, 68, 256
-0.988913, 209, 137, 240, 200
-0.98893, 17, 73, 48, 136
-0.988932, 369, 1, 400, 128
-0.988966, 433, 1, 496, 333
-0.988998, 345, 193, 408, 320
-0.989053, 261, 97, 292, 160
-0.989078, 261, 1, 292, 128
-0.989131, 113, 1, 176, 333
-0.989136, 273, 1, 336, 333
-0.989153, 289, 149, 352, 180
-0.98924, 65, 137, 192, 200
-0.98925, 425, 1, 488, 128
-0.989289, 221, 65, 252, 192
-0.989347, 53, 97, 84, 160
-0.989355, 257, 1, 384, 64
-0.989367, 105, 161, 168, 288
-0.989381, 1, 49, 32, 176
-0.989408, 181, 33, 212, 160
-0.989451, 297, 1, 360, 333
-0.989457, 81, 17, 112, 80
-0.989472, 321, 1, 448, 64
-0.9895, 37, 97, 68, 160
-0.989509, 49, 161, 80, 224
-0.989518, 225, 65, 288, 96
-0.989548, 105, 33, 136, 96
-0.98955, 289, 165, 352, 196
-0.989577, 341, 1, 372, 64
-0.989624, 321, 153, 448, 216
-0.989655, 89, 81, 152, 112
-0.989666, 353, 49, 384, 112
-0.989677, 77, 73, 108, 136
-0.989685, 89, 49, 152, 80
-0.989688, 441, 49, 472, 112
-0.989698, 21, 193, 52, 320
-0.989703, 37, 1, 68, 64
-0.98976, 405, 49, 436, 112
-0.989767, 265, 57, 296, 120
-0.989839, 357, 129, 388, 256
-0.989865, 249, 61, 312, 92
-0.989933, 257, 209, 320, 333
-0.989955, 273, 1, 304, 128
-0.990011, 265, 169, 328, 200
-0.990013, 309, 121, 340, 184
-0.990023, 137, 65, 200, 320
-0.990071, 369, 25, 496, 88
-0.990182, 249, 185, 280, 248
-0.990194, 129, 73, 192, 104
-0.990251, 225, 109, 288, 140
-0.99026, 33, 129, 64, 192
-0.990284, 357, 97, 388, 160
-0.990307, 169, 161, 232, 288
-0.990314, 265, 149, 328, 180
-0.99032, 57, 177, 120, 208
-0.990328, 1, 273, 32, 333
-0.990339, 57, 145, 88, 272
-0.990348, 113, 9, 240, 72
-0.99035, 37, 161, 68, 224
-0.990362, 321, 121, 384, 152
-0.99038, 229, 73, 260, 136
-0.990383, 401, 233, 432, 296
-0.990402, 369, 97, 400, 224
-0.990453, 297, 1, 328, 128
-0.990485, 81, 201, 112, 264
-0.990507, 261, 193, 292, 256
-0.990513, 417, 49, 448, 176
-0.990567, 201, 1, 264, 333
-0.9906, 113, 169, 240, 232
-0.990618, 313, 97, 344, 224
-0.990638, 153, 69, 216, 100
-0.990638, 389, 233, 420, 296
-0.990663, 225, 185, 288, 216
-0.990664, 273, 25, 304, 88
-0.990667, 213, 161, 244, 224
-0.990675, 97, 69, 160, 100
-0.990686, 77, 265, 108, 328
-0.990703, 249, 137, 312, 168
-0.990708, 397, 265, 428, 328
-0.990721, 281, 57, 344, 88
-0.990721, 457, 49, 488, 176
-0.990738, 233, 149, 296, 180
-0.990743, 345, 121, 408, 152
-0.990746, 265, 193, 296, 320
-0.990761, 9, 1, 72, 32
-0.990765, 233, 173, 296, 204
-0.990769, 185, 69, 248, 100
-0.990819, 13, 185, 44, 248
-0.990837, 89, 21, 152, 52
-0.990849, 33, 65, 288, 128
-0.990859, 321, 161, 352, 288
-0.990872, 273, 201, 304, 264
-0.990889, 177, 65, 208, 128
-0.990918, 321, 157, 384, 188
-0.990939, 321, 133, 384, 164
-0.990958, 49, 161, 112, 192
-0.990994, 81, 37, 144, 68
-0.991007, 161, 65, 192, 128
-0.991012, 285, 185, 316, 248
-0.991043, 249, 185, 312, 216
-0.991057, 1, 273, 64, 304
-0.991084, 361, 49, 392, 176
-0.991113, 81, 173, 144, 204
-0.991116, 1, 137, 32, 200
-0.99113, 1, 237, 64, 268
-0.991135, 25, 57, 88, 88
-0.991155, 49, 125, 112, 156
-0.991165, 41, 17, 104, 48
-0.991167, 373, 89, 404, 152
-0.991184, 229, 161, 260, 288
-0.991205, 161, 1, 224, 333
-0.991206, 33, 65, 64, 128
-0.991215, 201, 117, 264, 148
-0.991228, 353, 57, 416, 88
-0.99123, 209, 137, 272, 168
-0.991248, 233, 121, 296, 152
-0.99128, 129, 49, 160, 112
-0.99131, 57, 61, 120, 92
-0.991312, 33, 177, 96, 208
-0.991339, 333, 25, 364, 88
-0.991357, 177, 193, 304, 256
-0.9914, 249, 97, 312, 128
-0.991409, 437, 241, 468, 304
-0.991417, 1, 161, 64, 192
-0.991451, 177, 105, 240, 136
-0.991458, 321, 57, 384, 88
-0.991459, 321, 257, 448, 320
-0.991474, 65, 49, 128, 80
-0.991499, 289, 105, 416, 168
-0.991504, 313, 145, 376, 176
-0.991525, 241, 161, 304, 192
-0.991531, 249, 33, 280, 96
-0.991538, 193, 57, 256, 88
-0.991553, 209, 165, 272, 196
-0.991582, 377, 53, 440, 84
-0.991598, 73, 157, 136, 188
-0.991601, 225, 57, 480, 120
-0.991616, 369, 117, 432, 148
-0.991622, 49, 101, 112, 132
-0.991637, 113, 101, 176, 132
-0.991639, 41, 249, 104, 280
-0.991649, 89, 121, 152, 152
-0.99165, 25, 161, 88, 192
-0.991651, 177, 177, 240, 208
-0.99166, 73, 97, 136, 128
-0.991713, 249, 109, 312, 140
-0.991719, 257, 201, 384, 264
-0.99172, 49, 5, 112, 36
-0.991746, 41, 45, 104, 76
-0.99175, 377, 49, 408, 176
-0.991795, 193, 189, 256, 220
-0.991806, 333, 113, 364, 176
-0.991812, 277, 49, 308, 176
-0.991813, 49, 113, 112, 144
-0.991815, 217, 53, 280, 84
-0.991818, 393, 49, 424, 176
-0.991818, 201, 105, 264, 136
-0.991839, 233, 205, 296, 236
-0.991864, 129, 161, 192, 288
-0.991866, 213, 185, 244, 248
-0.991868, 201, 149, 264, 180
-0.991881, 429, 41, 460, 104
-0.991903, 357, 145, 388, 208
-0.991924, 421, 241, 452, 304
-0.991925, 1, 253, 64, 284
-0.991942, 1, 289, 64, 320
-0.991944, 265, 25, 328, 56
-0.991966, 25, 97, 56, 160
-0.991977, 333, 161, 364, 224
-0.99198, 401, 45, 464, 76
-0.991988, 177, 9, 304, 72
-0.991989, 425, 53, 488, 84
-0.992017, 273, 113, 336, 144
-0.992021, 1, 45, 64, 76
-0.992044, 201, 177, 264, 208
-0.992046, 345, 9, 408, 40
-0.99205, 41, 193, 104, 224
-0.992057, 121, 61, 184, 92
-0.992062, 345, 133, 408, 164
-0.992089, 1, 129, 64, 160
-0.992091, 257, 49, 320, 80
-0.992091, 89, 109, 152, 140
-0.992103, 25, 125, 88, 156
-0.992105, 1, 105, 64, 136
-0.99212, 1, 301, 64, 332
-0.992124, 9, 181, 72, 212
-0.99215, 17, 69, 80, 100
-0.992151, 1, 57, 64, 88
-0.992154, 249, 137, 280, 200
-0.992163, 65, 97, 96, 160
-0.992171, 257, 205, 320, 236
-0.992181, 1, 225, 64, 256
-0.992198, 65, 17, 128, 48
-0.992201, 273, 181, 336, 212
-0.99222, 33, 89, 288, 152
-0.992227, 289, 137, 352, 168
-0.992241, 33, 41, 288, 104
-0.992247, 313, 25, 376, 56
-0.99225, 97, 121, 128, 184
-0.992254, 197, 41, 228, 104
-0.99226, 49, 89, 112, 120
-0.992262, 69, 177, 100, 304
-0.992275, 249, 73, 312, 104
-0.992288, 73, 5, 136, 36
-0.9923, 217, 33, 248, 96
-0.992302, 49, 33, 112, 64
-0.992326, 353, 45, 416, 76
-0.992339, 313, 145, 344, 176
-0.992346, 345, 25, 376, 88
-0.992354, 273, 125, 336, 156
-0.992355, 437, 89, 468, 152
-0.99237, 25, 161, 56, 224
-0.99237, 25, 101, 88, 132
-0.992375, 193, 33, 224, 160
-0.992393, 297, 149, 328, 180
-0.992395, 169, 57, 232, 88
-0.992399, 253, 61, 284, 92
-0.9924, 305, 177, 368, 208
-0.992433, 321, 129, 352, 192
-0.992461, 185, 93, 248, 124
-0.992465, 369, 1, 496, 64
-0.992468, 197, 129, 228, 256
-0.992476, 225, 209, 288, 333
-0.992489, 385, 277, 448, 308
-0.99249, 433, 1, 464, 64
-0.992507, 153, 97, 216, 128
-0.99252, 89, 145, 152, 176
-0.992527, 313, 177, 344, 240
-0.992544, 185, 129, 248, 160
-0.992548, 225, 89, 288, 120
-0.992575, 457, 49, 488, 112
-0.992589, 321, 109, 384, 140
-0.99259, 305, 45, 368, 76
-0.992596, 337, 145, 400, 176
-0.992612, 97, 81, 128, 112
-0.992625, 177, 117, 240, 148
-0.992635, 25, 261, 88, 292
-0.992641, 273, 61, 304, 92
-0.99266, 1, 205, 32, 236
-0.992691, 5, 97, 36, 160
-0.992692, 337, 113, 368, 240
-0.992705, 385, 241, 448, 272
-0.992708, 49, 73, 112, 104
-0.992727, 97, 161, 160, 192
-0.992736, 177, 149, 240, 180
-0.992757, 81, 189, 144, 220
-0.99276, 249, 217, 312, 248
-0.992763, 297, 117, 360, 148
-0.992764, 273, 101, 336, 132
-0.992772, 185, 165, 248, 196
-0.992775, 241, 61, 272, 92
-0.992781, 1, 117, 64, 148
-0.992782, 333, 1, 364, 128
-0.992788, 329, 45, 392, 76
-0.992801, 1, 93, 64, 124
-0.992803, 345, 157, 408, 188
-0.992803, 153, 109, 216, 140
-0.992822, 5, 1, 36, 32
-0.992831, 201, 161, 232, 224
-0.992843, 81, 181, 112, 212
-0.992847, 225, 25, 288, 56
-0.992905, 1, 233, 32, 264
-0.992913, 277, 157, 308, 188
-0.992914, 137, 1, 200, 333
-0.992917, 33, 113, 288, 176
-0.992921, 225, 109, 256, 140
-0.992951, 353, 53, 384, 84
-0.992955, 129, 57, 384, 120
-0.992957, 341, 53, 372, 84
-0.992964, 97, 17, 128, 48
-0.992971, 1, 193, 32, 224
-0.992973, 349, 121, 380, 152
-0.992984, 245, 169, 276, 200
-0.992992, 81, 161, 112, 192
-0.993004, 249, 101, 280, 132
-0.993005, 193, 153, 448, 216
-0.993006, 33, 153, 288, 216
-0.993015, 297, 161, 328, 192
-0.993036, 133, 73, 164, 104
-0.993038, 89, 49, 120, 80
-0.99308, 153, 69, 184, 100
-0.993103, 177, 69, 208, 100
-0.993105, 265, 173, 296, 204
-0.993108, 225, 185, 256, 216
-0.993115, 433, 49, 464, 176
-0.993117, 69, 173, 100, 204
-0.993158, 57, 97, 88, 224
-0.99317, 93, 193, 124, 224
-0.993202, 161, 105, 416, 168
-0.993227, 313, 165, 344, 196
-0.993237, 1, 181, 32, 212
-0.993239, 25, 5, 56, 36
-0.993245, 197, 65, 228, 96
-0.993247, 321, 233, 448, 296
-0.993247, 273, 133, 304, 164
-0.993277, 209, 161, 240, 288
-0.993303, 217, 121, 248, 152
-0.993322, 261, 145, 292, 176
-0.993327, 1, 217, 32, 248
-0.993352, 1, 65, 500, 128
-0.993352, 353, 133, 384, 164
-0.993359, 285, 169, 316, 200
-0.993363, 285, 57, 316, 88
-0.993366, 121, 69, 152, 100
-0.993368, 213, 61, 244, 92
-0.993373, 233, 169, 264, 200
-0.993375, 285, 145, 316, 176
-0.993381, 77, 65, 108, 96
-0.993393, 213, 181, 244, 212
-0.993416, 329, 157, 360, 188
-0.993424, 13, 161, 44, 192
-0.993438, 261, 133, 292, 164
-0.993451, 165, 69, 196, 100
-0.993462, 9, 57, 40, 88
-0.993485, 93, 5, 124, 36
-0.993504, 89, 37, 120, 68
-0.993517, 77, 125, 108, 156
-0.993532, 365, 57, 396, 88
-0.993547, 433, 209, 496, 333
-0.99355, 369, 121, 400, 152
-0.993556, 53, 161, 84, 192
-0.99356, 65, 53, 96, 84
-0.993565, 81, 201, 112, 232
-0.993573, 261, 157, 292, 188
-0.99358, 65, 5, 96, 36
-0.993581, 405, 53, 436, 84
-0.993584, 1, 273, 32, 304
-0.993586, 117, 49, 148, 80
-0.993587, 281, 181, 312, 212
-0.993597, 13, 217, 44, 248
-0.993605, 1, 261, 32, 292
-0.993608, 325, 145, 356, 176
-0.99361, 245, 181, 276, 212
-0.993613, 93, 69, 124, 100
-0.993618, 41, 5, 72, 36
-0.99363, 281, 209, 312, 240
-0.993661, 281, 121, 312, 152
-0.993665, 73, 41, 104, 72
-0.993667, 297, 61, 328, 92
-0.993671, 29, 57, 60, 88
-0.993678, 393, 97, 424, 224
-0.993679, 13, 197, 44, 228
-0.993681, 109, 21, 140, 52
-0.993683, 417, 53, 448, 84
-0.993686, 221, 133, 252, 164
-0.993697, 381, 53, 412, 84
-0.993701, 237, 121, 268, 152
-0.993701, 105, 45, 136, 76
-0.993702, 253, 89, 284, 120
-0.993703, 249, 149, 280, 180
-0.993703, 93, 177, 124, 208
-0.993707, 273, 145, 304, 176
-0.993716, 137, 105, 168, 136
-0.993726, 213, 169, 244, 200
-0.993726, 261, 101, 292, 132
-0.993727, 109, 69, 140, 100
-0.993734, 313, 57, 344, 88
-0.993736, 77, 53, 108, 84
-0.993741, 77, 101, 108, 132
-0.993746, 325, 57, 356, 88
-0.993763, 265, 205, 296, 236
-0.993766, 73, 17, 104, 48
-0.993772, 337, 121, 368, 152
-0.993791, 237, 149, 268, 180
-0.993792, 201, 181, 232, 212
-0.993816, 13, 181, 44, 212
-0.993817, 205, 129, 236, 160
-0.993818, 249, 1, 280, 128
-0.993835, 225, 61, 256, 92
-0.993837, 5, 13, 36, 44
-0.993849, 1, 153, 32, 184
-0.993862, 33, 161, 64, 192
-0.993867, 65, 161, 96, 192
-0.99387, 129, 33, 384, 96
-0.99387, 469, 49, 500, 176
-0.993871, 277, 101, 308, 132
-0.99388, 205, 105, 236, 136
-0.993881, 189, 77, 220, 108
-0.993886, 393, 45, 424, 76
-0.993899, 205, 93, 236, 124
-0.993913, 21, 109, 52, 140
-0.993925, 13, 45, 44, 76
-0.99394, 125, 105, 156, 136
-0.993942, 441, 53, 472, 84
-0.993948, 209, 149, 240, 180
-0.993952, 225, 145, 256, 176
-0.993957, 53, 5, 84, 36
-0.993984, 233, 73, 264, 104
-0.99399, 265, 49, 296, 80
-0.993992, 77, 113, 108, 144
-0.993993, 49, 121, 80, 152
-0.994, 77, 5, 108, 36
-0.994002, 225, 157, 256, 188
-0.994009, 97, 113, 128, 144
-0.99401, 269, 185, 300, 216
-0.994018, 17, 265, 144, 328
-0.994029, 1, 1, 256, 64
-0.994037, 297, 137, 328, 168
-0.994041, 369, 265, 496, 328
-0.994048, 233, 133, 264, 164
-0.994048, 93, 93, 124, 124
-0.994065, 421, 209, 452, 333
-0.994086, 65, 49, 96, 176
-0.994138, 301, 145, 316, 208
-0.994195, 1, 145, 500, 208
-0.99428, 369, 161, 496, 288
-0.994293, 193, 65, 320, 96
-0.994312, 445, 49, 476, 176
-0.994443, 1, 89, 500, 152
-0.994469, 161, 129, 416, 192
-0.994482, 393, 1, 424, 128
-0.994517, 357, 177, 388, 304
-0.994552, 313, 49, 344, 176
-0.994593, 333, 49, 364, 176
-0.994665, 257, 121, 500, 184
-0.994734, 465, 97, 496, 224
-0.994745, 193, 177, 448, 240
-0.994769, 141, 1, 172, 128
-0.994828, 273, 57, 400, 88
-0.994852, 307, 145, 322, 208
-0.994865, 209, 217, 336, 280
-0.994897, 1, 133, 128, 164
-0.994934, 161, 81, 416, 144
-0.994949, 65, 81, 192, 112
-0.995023, 117, 81, 148, 208
-0.995078, 285, 1, 316, 128
-0.99509, 1, 161, 128, 192
-0.9951, 289, 149, 416, 180
-0.995105, 113, 69, 240, 100
-0.995145, 265, 81, 296, 208
-0.995151, 49, 193, 80, 320
-0.995157, 225, 145, 352, 176
-0.995159, 129, 81, 160, 208
-0.995181, 225, 157, 352, 188
-0.995185, 89, 41, 104, 104
-0.995206, 225, 169, 352, 200
-0.995213, 225, 33, 480, 96
-0.995216, 321, 1, 352, 128
-0.995266, 1, 225, 128, 288
-0.995279, 97, 9, 352, 72
-0.995304, 1, 33, 500, 96
-0.995305, 275, 137, 290, 200
-0.995327, 323, 145, 338, 208
-0.99535, 313, 145, 328, 208
-0.995358, 33, 177, 288, 240
-0.995363, 257, 1, 500, 64
-0.995367, 1, 121, 500, 184
-0.995389, 421, 1, 452, 128
-0.995416, 125, 145, 156, 272
-0.995464, 289, 161, 416, 192
-0.995494, 1, 185, 16, 248
-0.995573, 79, 41, 94, 104
-0.995575, 1, 45, 128, 76
-0.995575, 1, 69, 128, 100
-0.99564, 101, 41, 116, 104
-0.995641, 181, 97, 212, 224
-0.995648, 321, 53, 448, 84
-0.995665, 381, 97, 412, 224
-0.99568, 65, 173, 192, 204
-0.995696, 131, 49, 146, 112
-0.995722, 257, 89, 500, 152
-0.995765, 377, 161, 408, 288
-0.995787, 49, 57, 176, 88
-0.995789, 1, 177, 128, 208
-0.995791, 111, 49, 126, 112
-0.995799, 369, 53, 496, 84
-0.995806, 409, 209, 440, 333
-0.995841, 277, 193, 308, 320
-0.995901, 1, 209, 16, 272
-0.995919, 239, 161, 254, 224
-0.995946, 365, 121, 380, 184
-0.995958, 275, 97, 290, 160
-0.995973, 253, 145, 268, 208
-0.995988, 369, 145, 496, 208
-0.996029, 129, 101, 256, 132
-0.996032, 73, 41, 88, 104
-0.996071, 99, 73, 114, 136
-0.99608, 353, 177, 480, 240
-0.996098, 219, 121, 234, 184
-0.996129, 65, 21, 192, 52
-0.996139, 97, 33, 128, 288
-0.996141, 209, 101, 336, 132
-0.996151, 133, 73, 148, 136
-0.996169, 1, 161, 16, 224
-0.996188, 3, 1, 18, 64
-0.996193, 297, 49, 312, 112
-0.996195, 273, 121, 400, 152
-0.996211, 83, 1, 98, 64
-0.99622, 453, 97, 484, 224
-0.996245, 65, 69, 192, 100
-0.996246, 355, 113, 370, 176
-0.996265, 209, 133, 336, 164
-0.996274, 371, 121, 386, 184
-0.996275, 11, 201, 26, 264
-0.99628, 95, 161, 110, 224
-0.996283, 177, 177, 304, 208
-0.996292, 271, 33, 286, 96
-0.9963, 121, 49, 136, 112
-0.996301, 277, 161, 292, 224
-0.99631, 369, 217, 496, 280
-0.996334, 1, 101, 128, 132
-0.996337, 309, 1, 340, 128
-0.996362, 229, 105, 244, 168
-0.996366, 269, 177, 284, 240
-0.996368, 145, 157, 272, 188
-0.996387, 279, 49, 294, 112
-0.996398, 321, 209, 384, 333
-0.996407, 1, 121, 128, 152
-0.996409, 65, 157, 192, 188
-0.996414, 17, 5, 144, 36
-0.996421, 89, 65, 104, 128
-0.996421, 245, 145, 260, 208
-0.996432, 299, 121, 314, 184
-0.996443, 275, 193, 290, 256
-0.996458, 33, 193, 64, 320
-0.996466, 285, 49, 300, 112
-0.996467, 65, 33, 192, 64
-0.99647, 127, 73, 142, 136
-0.996472, 141, 97, 172, 224
-0.996477, 265, 57, 280, 120
-0.996483, 97, 1, 112, 64
-0.996495, 9, 1, 24, 64
-0.996499, 77, 1, 108, 256
-0.996523, 257, 233, 500, 296
-0.996535, 129, 193, 256, 256
-0.996545, 361, 25, 376, 88
-0.996552, 93, 97, 108, 160
-0.996555, 337, 117, 464, 148
-0.996568, 259, 49, 274, 112
-0.996575, 329, 153, 344, 216
-0.996577, 65, 117, 192, 148
-0.996582, 17, 17, 144, 48
-0.996582, 119, 73, 134, 136
-0.996584, 295, 153, 310, 216
-0.996595, 225, 177, 240, 240
-0.996618, 353, 1, 480, 32
-0.99662, 3, 241, 18, 304
-0.996624, 255, 73, 270, 136
-0.996624, 65, 93, 192, 124
-0.996637, 7, 177, 22, 240
-0.996637, 405, 97, 436, 224
-0.996641, 209, 113, 336, 144
-0.996645, 169, 33, 200, 160
-0.996646, 291, 49, 306, 112
-0.996652, 89, 185, 104, 248
-0.996653, 97, 53, 224, 84
-0.996655, 449, 1, 464, 64
-0.996664, 75, 1, 90, 64
-0.996682, 95, 49, 110, 112
-0.996684, 257, 209, 500, 272
-0.996694, 27, 65, 42, 128
-0.996727, 105, 65, 120, 128
-0.996729, 111, 81, 126, 144
-0.99673, 177, 53, 304, 84
-0.99673, 161, 89, 288, 120
-0.99675, 365, 97, 380, 160
-0.99677, 239, 137, 254, 200
-0.996771, 351, 49, 366, 112
-0.996771, 337, 49, 352, 112
-0.996787, 17, 169, 32, 232
-0.996788, 361, 1, 376, 64
-0.996788, 305, 49, 320, 112
-0.996795, 21, 1, 36, 64
-0.996799, 243, 105, 258, 168
-0.996809, 229, 145, 244, 208
-0.99681, 381, 1, 412, 128
-0.996829, 301, 169, 316, 232
-0.996834, 113, 81, 240, 112
-0.996835, 9, 41, 24, 104
-0.996856, 275, 73, 290, 136
-0.996878, 67, 1, 82, 64
-0.996886, 331, 49, 346, 112
-0.996888, 419, 49, 434, 112
-0.996888, 315, 169, 330, 232
-0.996891, 63, 41, 78, 104
-0.9969, 1, 145, 128, 176
-0.996916, 81, 129, 208, 160
-0.996926, 107, 25, 122, 88
-0.996947, 55, 41, 70, 104
-0.996955, 81, 65, 96, 128
-0.996976, 39, 1, 54, 64
-0.996991, 65, 201, 320, 264
-0.996996, 65, 189, 192, 220
-0.996997, 251, 49, 266, 112
-0.996998, 1, 9, 500, 72
-0.996999, 289, 73, 304, 136
-0.997023, 233, 177, 248, 240
-0.997029, 367, 1, 382, 64
-0.997034, 49, 209, 176, 272
-0.997035, 1, 41, 16, 104
-0.997036, 19, 41, 34, 104
-0.997039, 91, 129, 106, 192
-0.997041, 351, 1, 366, 64
-0.997041, 305, 121, 320, 184
-0.997049, 249, 169, 264, 232
-0.997059, 73, 177, 88, 240
-0.997077, 313, 33, 328, 96
-0.99708, 269, 153, 284, 216
-0.997082, 241, 69, 368, 100
-0.997082, 95, 25, 110, 88
-0.997093, 83, 161, 98, 224
-0.997095, 273, 45, 400, 76
-0.997101, 95, 185, 110, 248
-0.997101, 321, 209, 448, 272
-0.997103, 225, 53, 352, 84
-0.997104, 161, 117, 288, 148
-0.99711, 371, 89, 386, 152
-0.997116, 225, 181, 352, 212
-0.997128, 321, 37, 448, 68
-0.997133, 65, 105, 192, 136
-0.997135, 1, 89, 128, 120
-0.997145, 245, 49, 260, 112
-0.997148, 265, 33, 280, 96
-0.997154, 289, 137, 416, 168
-0.997155, 335, 137, 350, 200
-0.997157, 113, 169, 240, 200
-0.997159, 263, 169, 278, 232
-0.997164, 33, 129, 48, 192
-0.99717, 325, 49, 340, 112
-0.99717, 221, 153, 236, 216
-0.997177, 273, 1, 400, 32
-0.997179, 89, 17, 104, 80
-0.997181, 1, 201, 500, 264
-0.997183, 65, 145, 192, 176
-0.997187, 65, 161, 80, 224
-0.9972, 161, 137, 288, 168
-0.997212, 37, 41, 52, 104
-0.997219, 255, 169, 270, 232
-0.997223, 117, 25, 132, 88
-0.997237, 209, 89, 336, 120
-0.997239, 235, 105, 250, 168
-0.997241, 17, 189, 144, 220
-0.997255, 369, 41, 496, 72
-0.997257, 313, 121, 328, 184
-0.99727, 345, 49, 360, 112
-0.997272, 249, 121, 264, 184
-0.997272, 263, 145, 278, 208
-0.997273, 177, 189, 304, 220
-0.997277, 25, 161, 40, 224
-0.997278, 49, 45, 176, 76
-0.997281, 407, 257, 422, 320
-0.997282, 7, 153, 22, 216
-0.99729, 87, 97, 102, 160
-0.997308, 397, 209, 428, 333
-0.997315, 177, 77, 304, 108
-0.997319, 319, 49, 334, 112
-0.997319, 207, 73, 222, 136
-0.997325, 209, 97, 224, 160
-0.997328, 59, 161, 74, 224
-0.997329, 453, 49, 468, 112
-0.997331, 349, 121, 364, 184
-0.997347, 273, 173, 400, 204
-0.997362, 137, 49, 152, 112
-0.997368, 459, 49, 474, 112
-0.997369, 15, 1, 30, 64
-0.997375, 257, 257, 500, 320
-0.997423, 65, 5, 192, 36
-0.997432, 369, 241, 496, 272
-0.997439, 353, 89, 480, 120
-0.997455, 1, 205, 128, 236
-0.997481, 113, 37, 240, 68
-0.997527, 273, 85, 400, 116
-0.997527, 257, 193, 384, 224
-0.997531, 113, 13, 240, 44
-0.997543, 113, 113, 240, 144
-0.997545, 161, 217, 416, 280
-0.997563, 1, 57, 128, 88
-0.997566, 17, 33, 144, 64
-0.99761, 21, 1, 52, 256
-0.997616, 337, 277, 464, 308
-0.997625, 337, 145, 464, 176
-0.997643, 1, 249, 256, 312
-0.997651, 299, 149, 314, 180
-0.997673, 257, 109, 384, 140
-0.997695, 1, 177, 500, 240
-0.997695, 369, 257, 496, 288
-0.997701, 241, 25, 368, 56
-0.997712, 129, 181, 256, 212
-0.997729, 357, 53, 372, 84
-0.997747, 45, 1, 76, 256
-0.997823, 117, 1, 148, 256
-0.997827, 271, 61, 286, 92
-0.997841, 1, 225, 128, 256
-0.997852, 1, 65, 32, 320
-0.997857, 263, 61, 278, 92
-0.997859, 281, 1, 312, 256
-0.99788, 93, 169, 108, 200
-0.997888, 257, 61, 272, 92
-0.997893, 417, 97, 448, 224
-0.997903, 277, 157, 292, 188
-0.997905, 5, 5, 20, 36
-0.997918, 353, 121, 368, 152
-0.997919, 281, 57, 296, 88
-0.997922, 369, 229, 496, 260
-0.997931, 437, 1, 468, 128
-0.997937, 1, 265, 128, 296
-0.997937, 1, 293, 128, 324
-0.997947, 321, 25, 448, 56
-0.99795, 319, 145, 334, 176
-0.997958, 289, 97, 416, 128
-0.997963, 99, 77, 114, 108
-0.997976, 363, 117, 378, 148
-0.997984, 369, 105, 496, 136
-0.997984, 277, 197, 292, 228
-0.997985, 65, 265, 192, 328
-0.997986, 313, 145, 328, 176
-0.997988, 223, 117, 238, 148
-0.998009, 111, 17, 126, 48
-0.998014, 193, 29, 320, 60
-0.998018, 373, 209, 404, 333
-0.998021, 57, 1, 88, 256
-0.998022, 325, 145, 340, 176
-0.998028, 193, 205, 320, 236
-0.998048, 289, 61, 304, 92
-0.998058, 337, 65, 464, 96
-0.998063, 1, 225, 16, 256
-0.998082, 181, 69, 196, 100
-0.998088, 321, 237, 448, 268
-0.998089, 1, 233, 500, 296
-0.9981, 273, 209, 400, 240
-0.998102, 129, 193, 256, 224
-0.998102, 275, 125, 290, 156
-0.998105, 93, 185, 108, 216
-0.99812, 1, 225, 256, 288
-0.998121, 241, 61, 256, 92
-0.998125, 175, 69, 190, 100
-0.998129, 351, 53, 366, 84
-0.998131, 301, 165, 316, 196
-0.998134, 433, 97, 464, 224
-0.998139, 49, 277, 176, 308
-0.998141, 1, 253, 128, 284
-0.998143, 371, 121, 386, 152
-0.998148, 297, 193, 328, 320
-0.998151, 251, 61, 266, 92
-0.998152, 353, 13, 480, 44
-0.998155, 255, 89, 270, 120
-0.998156, 225, 1, 256, 256
-0.99816, 275, 137, 290, 168
-0.99816, 305, 185, 432, 216
-0.998165, 39, 5, 54, 36
-0.998167, 89, 61, 104, 92
-0.998169, 289, 149, 352, 164
-0.998178, 79, 161, 94, 192
-0.99818, 15, 1, 30, 32
-0.99818, 253, 165, 268, 196
-0.998182, 289, 225, 416, 256
-0.998184, 137, 69, 152, 100
-0.998193, 365, 133, 380, 164
-0.998196, 83, 173, 98, 204
-0.9982, 369, 133, 496, 164
-0.998212, 193, 1, 320, 32
-0.998212, 309, 157, 324, 188
-0.998219, 97, 53, 112, 84
-0.998226, 93, 157, 108, 188
-0.998227, 83, 5, 98, 36
-0.998233, 71, 169, 86, 200
-0.998234, 89, 37, 104, 68
-0.998235, 205, 1, 236, 256
-0.998237, 289, 69, 416, 100
-0.998241, 297, 57, 312, 88
-0.998242, 3, 237, 18, 268
-0.998242, 229, 113, 244, 144
-0.998244, 49, 201, 176, 232
-0.998245, 273, 13, 400, 44
-0.998251, 197, 65, 212, 96
-0.998253, 33, 5, 48, 36
-0.998257, 1, 205, 16, 236
-0.998268, 91, 49, 106, 80
-0.998285, 147, 73, 162, 104
-0.998285, 415, 45, 430, 76
-0.998289, 17, 193, 32, 224
-0.998294, 405, 1, 436, 128
-0.998298, 263, 177, 278, 208
-0.998298, 227, 181, 242, 212
-0.998299, 191, 69, 206, 100
-0.9983, 369, 57, 384, 88
-0.998303, 243, 161, 258, 192
-0.998304, 1, 193, 16, 224
-0.998305, 167, 69, 182, 100
-0.998308, 369, 157, 496, 188
-0.998312, 111, 49, 126, 80
-0.998314, 7, 173, 22, 204
-0.998315, 117, 17, 132, 48
-0.998327, 363, 57, 378, 88
-0.998329, 161, 13, 288, 44
-0.998336, 297, 33, 328, 288
-0.998339, 325, 157, 340, 188
-0.99834, 1, 49, 16, 80
-0.998344, 21, 1, 36, 32
-0.998345, 331, 145, 346, 176
-0.998357, 209, 217, 336, 248
-0.998357, 27, 69, 42, 100
-0.998359, 1, 177, 16, 208
-0.99836, 105, 69, 120, 100
-0.998361, 93, 197, 108, 228
-0.998362, 275, 101, 290, 132
-0.998364, 129, 45, 144, 76
-0.998367, 231, 129, 246, 160
-0.998368, 337, 173, 464, 204
-0.998371, 209, 13, 336, 44
-0.998376, 89, 83, 152, 98
-0.998377, 235, 185, 250, 216
-0.998382, 77, 173, 92, 204
-0.998382, 209, 65, 224, 96
-0.998385, 269, 189, 284, 220
-0.998386, 321, 261, 448, 292
-0.998388, 251, 149, 266, 180
-0.99839, 277, 169, 292, 200
-0.998399, 243, 105, 258, 136
-0.998401, 321, 249, 448, 280
-0.998402, 241, 69, 304, 84
-0.998404, 129, 25, 256, 56
-0.998404, 305, 145, 320, 176
-0.998405, 289, 165, 352, 180
-0.998405, 219, 133, 234, 164
-0.998406, 15, 205, 30, 236
-0.998407, 9, 217, 24, 248
-0.998408, 67, 5, 82, 36
-0.998412, 239, 173, 254, 204
-0.99842, 11, 161, 26, 192
-0.998421, 117, 105, 132, 136
-0.998422, 233, 61, 248, 92
-0.998422, 335, 157, 350, 188
-0.998425, 219, 61, 234, 92
-0.998427, 79, 53, 94, 84
-0.998427, 49, 127, 112, 142
-0.998435, 237, 105, 252, 136
-0.998435, 393, 145, 456, 272
-0.998438, 375, 57, 390, 88
-0.998438, 265, 167, 328, 182
-0.998439, 121, 77, 184, 92
-0.998439, 225, 65, 240, 96
-0.998439, 15, 225, 30, 256
-0.99844, 215, 181, 230, 212
-0.99844, 421, 53, 436, 84
-0.998441, 95, 33, 110, 64
-0.998445, 81, 193, 112, 208
-0.998445, 417, 51, 448, 66
-0.998446, 225, 143, 256, 158
-0.998446, 33, 65, 64, 80
-0.998447, 229, 167, 260, 182
-0.998447, 225, 183, 288, 198
-0.998448, 85, 57, 116, 72
-0.998448, 253, 123, 284, 138
-0.998448, 273, 103, 304, 118
-0.998448, 9, 53, 24, 84
-0.998449, 117, 49, 148, 64
-0.998449, 89, 15, 120, 30
-0.998449, 127, 73, 142, 104
-0.998449, 225, 173, 256, 188
-0.99845, 101, 41, 116, 72
-0.99845, 281, 185, 312, 200
-0.998451, 343, 57, 358, 88
-0.998451, 253, 91, 284, 106
-0.998451, 301, 187, 332, 202
-0.998452, 77, 103, 108, 118
-0.998453, 53, 179, 84, 194
-0.998453, 13, 207, 44, 222
-0.998454, 77, 67, 108, 82
-0.998454, 277, 207, 308, 222
-0.998454, 253, 71, 284, 86
-0.998456, 209, 105, 240, 120
-0.998457, 241, 155, 272, 170
-0.998457, 81, 161, 112, 176
-0.998457, 127, 105, 142, 136
-0.998457, 201, 67, 232, 82
-0.998457, 281, 119, 312, 134
-0.998457, 97, 27, 128, 42
-0.998459, 213, 151, 244, 166
-0.998459, 93, 187, 124, 202
-0.99846, 313, 157, 344, 172
-0.998461, 229, 65, 260, 80
-0.998463, 65, 207, 96, 222
-0.998463, 301, 63, 332, 78
-0.998463, 85, 45, 116, 60
-0.998463, 249, 101, 280, 116
-0.998463, 1, 231, 32, 246
-0.998464, 17, 61, 48, 76
-0.998464, 341, 131, 372, 146
-0.998464, 353, 53, 384, 68
-0.998464, 13, 5, 44, 20
-0.998466, 265, 63, 328, 78
-0.998466, 271, 165, 286, 196
-0.998466, 347, 121, 362, 152
-0.998466, 333, 163, 364, 178
-0.998467, 261, 161, 292, 176
-0.998467, 93, 67, 124, 82
-0.998467, 1, 159, 32, 174
-0.998468, 273, 111, 304, 126
-0.998468, 313, 163, 344, 178
-0.998468, 259, 165, 274, 196
-0.998469, 69, 15, 100, 30
-0.99847, 445, 57, 476, 72
-0.99847, 1, 161, 16, 192
-0.99847, 205, 133, 236, 148
-0.998471, 383, 53, 398, 84
-0.998473, 93, 101, 108, 132
-0.998473, 229, 155, 260, 170
-0.998473, 265, 177, 296, 192
-0.998474, 245, 185, 276, 200
-0.998474, 253, 209, 284, 224
-0.998475, 153, 69, 168, 100
-0.998475, 109, 21, 140, 36
-0.998475, 235, 149, 250, 180
-0.998476, 457, 55, 488, 70
-0.998477, 169, 71, 200, 86
-0.998477, 93, 199, 124, 214
-0.998478, 261, 141, 292, 156
-0.998478, 93, 181, 124, 196
-0.998478, 261, 155, 292, 170
-0.998479, 297, 159, 328, 174
-0.998479, 329, 123, 392, 138
-0.998479, 65, 9, 96, 24
-0.998479, 33, 237, 160, 268
-0.99848, 393, 59, 424, 74
-0.998481, 313, 61, 344, 76
-0.998482, 243, 117, 258, 148
-0.998482, 239, 137, 254, 168
-0.998482, 261, 167, 292, 182
-0.998482, 277, 1, 308, 16
-0.998483, 1, 193, 32, 208
-0.998484, 77, 205, 108, 220
-0.998484, 265, 149, 328, 164
-0.998484, 145, 79, 176, 94
-0.998484, 329, 157, 360, 172
-0.998484, 249, 1, 280, 256
-0.998485, 69, 175, 100, 190
-0.998485, 1, 275, 32, 290
-0.998485, 261, 131, 292, 146
-0.998486, 261, 101, 292, 116
-0.998487, 45, 5, 60, 36
-0.998488, 273, 131, 304, 146
-0.998488, 353, 133, 384, 148
-0.998488, 321, 289, 448, 320
-0.998489, 245, 173, 276, 188
-0.998489, 73, 53, 88, 84
-0.99849, 1, 237, 32, 252
-0.998491, 429, 57, 460, 72
-0.998492, 75, 5, 90, 36
-0.998492, 389, 53, 404, 84
-0.998493, 237, 71, 268, 86
-0.998493, 265, 93, 280, 124
-0.998493, 285, 155, 316, 170
-0.998494, 209, 65, 272, 80
-0.998495, 119, 73, 134, 104
-0.998496, 1, 225, 32, 240
-0.998496, 27, 1, 42, 32
-0.998496, 93, 193, 124, 208
-0.998497, 85, 51, 116, 66
-0.998498, 353, 121, 384, 136
-0.998498, 213, 185, 244, 200
-0.998499, 341, 57, 372, 72
-0.9985, 85, 161, 100, 192
-0.998502, 57, 177, 120, 192
-0.998502, 217, 133, 248, 148
-0.998503, 91, 129, 106, 160
-0.998503, 277, 169, 308, 184
-0.998504, 277, 213, 308, 228
-0.998506, 309, 149, 340, 164
-0.998507, 5, 13, 36, 28
-0.998509, 353, 59, 384, 74
-0.998509, 325, 61, 356, 76
-0.998511, 261, 149, 292, 164
-0.998511, 273, 143, 304, 158
-0.998511, 57, 183, 120, 198
-0.998513, 1, 199, 32, 214
-0.998513, 225, 113, 256, 128
-0.998514, 225, 187, 256, 202
-0.99852, 181, 69, 212, 84
-0.998521, 359, 133, 374, 164
-0.998522, 405, 57, 436, 72
-0.998522, 201, 73, 232, 88
-0.998524, 81, 169, 112, 184
-0.998524, 99, 193, 114, 224
-0.998525, 395, 53, 410, 84
-0.998525, 353, 59, 416, 74
-0.998526, 241, 167, 272, 182
-0.998526, 297, 165, 328, 180
-0.998527, 381, 59, 412, 74
-0.998528, 73, 183, 104, 198
-0.99853, 121, 77, 152, 92
-0.998531, 289, 63, 320, 78
-0.998532, 109, 161, 140, 288
-0.998535, 369, 59, 400, 74
-0.998535, 225, 41, 352, 72
-0.998536, 265, 209, 296, 224
-0.998537, 77, 127, 108, 142
-0.998537, 81, 175, 112, 190
-0.998537, 109, 77, 140, 92
-0.99854, 273, 157, 304, 172
-0.998543, 97, 77, 128, 92
-0.998545, 277, 149, 308, 164
-0.998546, 277, 163, 308, 178
-0.998547, 153, 73, 184, 88
-0.998548, 153, 71, 216, 86
-0.998549, 321, 213, 448, 244
-0.99855, 93, 21, 124, 36
-0.99855, 289, 159, 352, 174
-0.998553, 1, 217, 32, 232
-0.998554, 273, 65, 304, 80
-0.998554, 213, 67, 244, 82
-0.998555, 241, 65, 272, 80
-0.998556, 417, 57, 448, 72
-0.998556, 1, 205, 32, 220
-0.998556, 113, 145, 240, 176
-0.99856, 253, 65, 284, 80
-0.998566, 217, 115, 280, 130
-0.998568, 249, 155, 312, 170
-0.99857, 385, 209, 416, 333
-0.998572, 369, 289, 496, 320
-0.998573, 97, 83, 128, 98
-0.998577, 249, 161, 312, 176
-0.99858, 225, 169, 288, 184
-0.998582, 1, 211, 32, 226
-0.998582, 193, 73, 256, 88
-0.998585, 241, 63, 304, 78
-0.998587, 185, 67, 248, 82
-0.998588, 377, 57, 440, 72
-0.998591, 321, 157, 384, 172
-0.998594, 249, 187, 312, 202
-0.998604, 329, 131, 392, 146
-0.998605, 313, 61, 376, 76
-0.998605, 373, 1, 404, 256
-0.998611, 297, 149, 328, 164
-0.998612, 1, 165, 64, 180
-0.998613, 177, 41, 304, 72
-0.998614, 133, 77, 164, 92
-0.998615, 233, 149, 296, 164
-0.998624, 289, 63, 352, 78
-0.998626, 49, 225, 176, 256
-0.998631, 33, 1, 64, 256
-0.998633, 161, 241, 416, 304
-0.998637, 33, 183, 96, 198
-0.998644, 273, 233, 400, 296
-0.998653, 401, 57, 464, 72
-0.998659, 65, 43, 128, 58
-0.99866, 249, 143, 312, 158
-0.998665, 49, 17, 112, 32
-0.998673, 49, 163, 112, 178
-0.998673, 425, 57, 488, 72
-0.998676, 129, 1, 256, 32
-0.998677, 89, 77, 152, 92
-0.998678, 81, 265, 208, 296
-0.998683, 89, 37, 152, 52
-0.998684, 89, 51, 152, 66
-0.998686, 233, 107, 296, 122
-0.998692, 313, 163, 376, 178
-0.998694, 353, 77, 480, 108
-0.998695, 265, 65, 296, 320
-0.998702, 49, 289, 176, 320
-0.998704, 9, 183, 72, 198
-0.998707, 369, 217, 496, 248
-0.998714, 137, 161, 168, 288
-0.998715, 249, 177, 312, 192
-0.998716, 409, 1, 440, 256
-0.998717, 225, 157, 288, 172
-0.998718, 89, 103, 152, 118
-0.998722, 1, 265, 500, 328
-0.998733, 193, 137, 256, 152
-0.998734, 249, 209, 312, 224
-0.998735, 249, 113, 312, 128
-0.998744, 81, 27, 144, 42
-0.998747, 145, 77, 208, 92
-0.998756, 9, 5, 72, 20
-0.998759, 233, 131, 296, 146
-0.998761, 81, 179, 144, 194
-0.998766, 289, 171, 352, 186
-0.998767, 113, 103, 176, 118
-0.998768, 389, 145, 420, 272
-0.998769, 33, 273, 288, 333
-0.99877, 57, 171, 120, 186
-0.99877, 1, 281, 64, 296
-0.998771, 49, 213, 176, 244
-0.998775, 81, 21, 144, 36
-0.998777, 1, 263, 64, 278
-0.998782, 209, 147, 272, 162
-0.998783, 177, 109, 240, 124
-0.998787, 361, 1, 392, 256
-0.998789, 273, 185, 336, 200
-0.998793, 1, 281, 128, 312
-0.998794, 361, 127, 424, 142
-0.998795, 1, 291, 64, 306
-0.998801, 217, 175, 280, 190
-0.998803, 321, 145, 384, 160
-0.998804, 353, 185, 480, 216
-0.998809, 265, 69, 328, 84
-0.998813, 129, 71, 192, 86
-0.998815, 81, 63, 144, 78
-0.998816, 225, 137, 288, 152
-0.998818, 25, 65, 88, 80
-0.998818, 1, 305, 64, 320
-0.998819, 49, 105, 112, 120
-0.998819, 209, 189, 272, 204
-0.99882, 1, 241, 64, 256
-0.998823, 153, 105, 216, 120
-0.998825, 1, 251, 64, 266
-0.998828, 193, 131, 256, 146
-0.998834, 369, 25, 496, 56
-0.998834, 193, 33, 224, 288
-0.998841, 369, 117, 432, 132
-0.998841, 1, 275, 64, 290
-0.998842, 249, 99, 312, 114
-0.998842, 105, 71, 168, 86
-0.998842, 185, 181, 248, 196
-0.998847, 201, 121, 264, 136
-0.998848, 321, 301, 448, 332
-0.998851, 65, 57, 128, 72
-0.998851, 1, 207, 64, 222
-0.998852, 89, 155, 152, 170
-0.998856, 233, 123, 296, 138
-0.998861, 217, 71, 280, 86
-0.998866, 273, 117, 336, 132
-0.998866, 225, 201, 288, 216
-0.998867, 113, 111, 176, 126
-0.998869, 89, 97, 152, 112
-0.998879, 193, 103, 256, 118
-0.99888, 353, 91, 416, 106
-0.998886, 185, 187, 248, 202
-0.998887, 225, 163, 288, 178
-0.99889, 321, 117, 384, 132
-0.998894, 201, 155, 264, 170
-0.998896, 1, 257, 64, 272
-0.998899, 33, 177, 96, 192
-0.998901, 89, 121, 152, 136
-0.998902, 33, 9, 96, 24
-0.998902, 25, 1, 40, 128
-0.998903, 273, 123, 336, 138
-0.998903, 97, 171, 160, 186
-0.998909, 17, 105, 80, 120
-0.998909, 25, 71, 88, 86
-0.99891, 193, 169, 256, 184
-0.998911, 157, 65, 188, 192
-0.998918, 177, 115, 240, 130
-0.99892, 1, 133, 64, 148
-0.998923, 265, 137, 328, 152
-0.998925, 257, 217, 320, 232
-0.998927, 409, 89, 472, 104
-0.998928, 305, 23, 368, 38
-0.998929, 297, 187, 360, 202
-0.99893, 41, 45, 104, 60
-0.998932, 41, 205, 104, 220
-0.998933, 41, 59, 104, 74
-0.998938, 345, 29, 408, 44
-0.99894, 153, 113, 216, 128
-0.99894, 305, 131, 368, 146
-0.99894, 257, 33, 320, 48
-0.998944, 65, 49, 128, 64
-0.998945, 1, 13, 64, 28
-0.998946, 209, 109, 272, 124
-0.998948, 19, 1, 34, 128
-0.998948, 25, 129, 88, 144
-0.998948, 401, 51, 464, 66
-0.998955, 107, 1, 122, 128
-0.998961, 237, 1, 268, 256
-0.998967, 469, 1, 500, 256
-0.998972, 13, 1, 28, 128
-0.998985, 101, 49, 116, 176
-0.998988, 1, 161, 16, 288
-0.999015, 113, 1, 128, 128
-0.999018, 421, 1, 452, 256
-0.999021, 93, 129, 108, 256
-0.999025, 91, 1, 106, 128
-0.999064, 359, 1, 374, 128
-0.99907, 315, 129, 330, 256
-0.999079, 119, 33, 134, 160
-0.999079, 129, 1, 160, 256
-0.999079, 181, 161, 212, 288
-0.999086, 309, 33, 340, 288
-0.999092, 45, 1, 60, 128
-0.999096, 365, 1, 380, 128
-0.999104, 321, 129, 336, 256
-0.999105, 131, 33, 146, 160
-0.999113, 125, 33, 140, 160
-0.999128, 441, 1, 472, 256
-0.999128, 27, 49, 42, 176
-0.99913, 101, 1, 116, 128
-0.99913, 1, 1, 16, 128
-0.999135, 63, 1, 78, 128
-0.999135, 273, 145, 288, 272
-0.999139, 389, 1, 420, 256
-0.999142, 39, 1, 54, 128
-0.999158, 31, 1, 46, 128
-0.999162, 309, 129, 324, 256
-0.999163, 453, 1, 484, 256
-0.999165, 349, 33, 380, 288
-0.999175, 301, 113, 316, 240
-0.999179, 149, 161, 180, 288
-0.999183, 11, 177, 26, 304
-0.999183, 5, 209, 20, 333
-0.999183, 53, 1, 68, 128
-0.999193, 97, 177, 112, 304
-0.999194, 227, 97, 242, 224
-0.999204, 373, 1, 388, 128
-0.99921, 279, 161, 294, 288
-0.999217, 7, 1, 22, 128
-0.999218, 25, 161, 40, 288
-0.999235, 15, 129, 30, 256
-0.999235, 327, 113, 342, 240
-0.999238, 107, 49, 122, 176
-0.999244, 93, 81, 108, 208
-0.99925, 255, 49, 270, 176
-0.999251, 49, 49, 64, 176
-0.999261, 137, 49, 152, 176
-0.999263, 9, 49, 24, 176
-0.999264, 245, 81, 260, 208
-0.999266, 161, 265, 416, 328
-0.999269, 237, 33, 252, 160
-0.999269, 351, 1, 366, 128
-0.999269, 353, 49, 368, 176
-0.999271, 219, 33, 234, 160
-0.999275, 275, 97, 290, 224
-0.999277, 193, 33, 208, 160
-0.999277, 85, 1, 100, 128
-0.999278, 251, 145, 266, 272
-0.999279, 337, 33, 368, 288
-0.999282, 245, 33, 260, 160
-0.999282, 245, 145, 260, 272
-0.999285, 217, 129, 232, 256
-0.999294, 33, 129, 48, 256
-0.999294, 229, 49, 244, 176
-0.999306, 33, 49, 48, 176
-0.999312, 267, 17, 282, 144
-0.999313, 301, 161, 316, 288
-0.999313, 333, 113, 348, 240
-0.999314, 361, 97, 376, 224
-0.999315, 301, 1, 316, 128
-0.999329, 91, 193, 106, 320
-0.99934, 411, 49, 426, 176
-0.999341, 267, 145, 282, 272
-0.99935, 65, 49, 80, 176
-0.999351, 327, 161, 342, 288
-0.999351, 73, 129, 88, 256
-0.999355, 205, 49, 220, 176
-0.999357, 221, 81, 236, 208
-0.999357, 197, 81, 212, 208
-0.999358, 299, 49, 314, 176
-0.999358, 235, 81, 250, 208
-0.99936, 5, 97, 20, 224
-0.999362, 39, 129, 54, 256
-0.999363, 77, 1, 92, 128
-0.999364, 273, 1, 288, 128
-0.999365, 419, 49, 434, 176
-0.999367, 43, 49, 58, 176
-0.999368, 67, 145, 82, 272
-0.999369, 83, 129, 98, 256
-0.999372, 457, 49, 472, 176
-0.999374, 55, 49, 70, 176
-0.999374, 251, 97, 266, 224
-0.999375, 379, 1, 394, 128
-0.999378, 233, 129, 248, 256
-0.999381, 231, 1, 246, 128
-0.999386, 21, 81, 36, 208
-0.999387, 239, 129, 254, 256
-0.999388, 369, 113, 384, 240
-0.999388, 103, 145, 118, 272
-0.999389, 21, 209, 36, 333
-0.999392, 47, 145, 62, 272
-0.999393, 69, 1, 84, 128
-0.999393, 425, 49, 440, 176
-0.999393, 365, 49, 380, 176
-0.999396, 485, 49, 500, 176
-0.999396, 281, 113, 296, 240
-0.999396, 403, 49, 418, 176
-0.999399, 463, 49, 478, 176
-0.999399, 371, 49, 386, 176
-0.999399, 203, 1, 218, 128
-0.999402, 3, 49, 18, 176
-0.999406, 213, 49, 228, 176
-0.999407, 257, 113, 272, 240
-0.999411, 15, 49, 30, 176
-0.999412, 181, 1, 212, 256
-0.999414, 27, 113, 42, 240
-0.999414, 53, 129, 68, 256
-0.999415, 71, 179, 86, 194
-0.999416, 251, 149, 266, 164
-0.999416, 289, 1, 304, 16
-0.999416, 95, 181, 110, 196
-0.999416, 113, 49, 128, 176
-0.999416, 1, 181, 16, 196
-0.999418, 9, 205, 24, 220
-0.999418, 141, 1, 156, 128
-0.999419, 363, 135, 378, 150
-0.999419, 305, 63, 320, 78
-0.999419, 265, 81, 280, 208
-0.99942, 267, 33, 282, 48
-0.99942, 263, 175, 278, 190
-0.99942, 223, 145, 238, 272
-0.999421, 33, 13, 48, 28
-0.999421, 391, 49, 406, 176
-0.999421, 315, 1, 330, 128
-0.999423, 157, 105, 172, 120
-0.999424, 245, 109, 260, 124
-0.999426, 325, 159, 340, 174
-0.999426, 229, 127, 244, 142
-0.999427, 325, 33, 356, 288
-0.999427, 1, 187, 16, 202
-0.999428, 61, 145, 76, 272
-0.999428, 1, 161, 16, 176
-0.999429, 75, 9, 90, 24
-0.999429, 3, 3, 18, 18
-0.999431, 475, 49, 490, 176
-0.999431, 13, 211, 28, 226
-0.999431, 333, 157, 348, 172
-0.999432, 91, 51, 106, 66
-0.999432, 399, 97, 414, 224
-0.999433, 83, 177, 98, 304
-0.999433, 91, 61, 106, 76
-0.999434, 359, 49, 374, 176
-0.999434, 351, 131, 366, 146
-0.999436, 3, 217, 18, 232
-0.999439, 341, 61, 356, 76
-0.999439, 347, 61, 362, 76
-0.999439, 201, 75, 216, 90
-0.999441, 435, 49, 450, 176
-0.999441, 275, 181, 290, 196
-0.999441, 267, 95, 282, 110
-0.999442, 397, 49, 412, 176
-0.999443, 279, 1, 294, 16
-0.999444, 275, 49, 290, 176
-0.999445, 77, 207, 92, 222
-0.999446, 355, 97, 370, 224
-0.999447, 469, 49, 484, 176
-0.999447, 9, 7, 24, 22
-0.999449, 255, 1, 270, 128
-0.999449, 295, 145, 310, 272
-0.999449, 1, 173, 16, 188
-0.999449, 363, 59, 378, 74
-0.999452, 1, 9, 16, 24
-0.999452, 91, 129, 106, 144
-0.999453, 475, 97, 490, 224
-0.999453, 363, 145, 378, 272
-0.999456, 87, 49, 102, 176
-0.999456, 237, 111, 252, 126
-0.999459, 269, 209, 284, 224
-0.99946, 309, 161, 324, 176
-0.999467, 181, 73, 196, 88
-0.999467, 225, 181, 240, 196
-0.99947, 167, 71, 182, 86
-0.999472, 95, 39, 110, 54
-0.999479, 93, 167, 108, 182
-0.999486, 101, 47, 116, 62
-0.999486, 315, 149, 330, 164
-0.999487, 87, 7, 102, 22
-0.999488, 445, 57, 460, 72
-0.999491, 1, 197, 16, 212
-0.999494, 17, 199, 32, 214
-0.999498, 81, 11, 96, 26
-0.999498, 93, 187, 108, 202
-0.999502, 243, 165, 258, 180
-0.999509, 405, 59, 420, 74
-0.999509, 1, 229, 16, 244
-0.999509, 211, 69, 226, 84
-0.999511, 97, 53, 112, 68
-0.999515, 277, 69, 292, 84
-0.999519, 159, 75, 174, 90
-0.99952, 431, 57, 446, 72
-0.999521, 421, 51, 436, 66
-0.999522, 369, 59, 384, 74
-0.999526, 7, 13, 22, 28
-0.99953, 175, 71, 190, 86
-0.999533, 363, 121, 378, 136
-0.999535, 191, 69, 206, 84
-0.999536, 239, 71, 254, 86
-0.999537, 217, 67, 232, 82
-0.999537, 283, 69, 298, 84
-0.999541, 309, 149, 324, 164
-0.999544, 275, 151, 290, 166
-0.999548, 331, 61, 346, 76
-0.999552, 99, 83, 114, 98
-0.999553, 299, 155, 314, 170
-0.999557, 273, 201, 288, 216
-0.999558, 269, 175, 284, 190
-0.999558, 221, 121, 236, 136
-0.99956, 229, 67, 244, 82
-0.999561, 297, 63, 312, 78
-0.999561, 153, 77, 168, 92
-0.999563, 97, 65, 112, 80
-0.999586, 275, 131, 290, 146
-0.999586, 419, 57, 434, 72
-0.999587, 83, 183, 98, 198
-0.999587, 275, 143, 290, 158
-0.999589, 411, 57, 426, 72
-0.999593, 99, 77, 114, 92
-0.999595, 107, 77, 122, 92
-0.999597, 275, 111, 290, 126
-0.999599, 87, 13, 102, 28
-0.9996, 93, 173, 108, 188
-0.999602, 89, 45, 104, 60
-0.999607, 357, 57, 372, 72
-0.999611, 375, 59, 390, 74
-0.999612, 277, 157, 292, 172
-0.999614, 127, 77, 142, 92
-0.999616, 275, 101, 290, 116
-0.999617, 205, 69, 220, 84
-0.99962, 277, 163, 292, 178
-0.999623, 7, 177, 22, 192
-0.999627, 299, 167, 314, 182
-0.99963, 289, 69, 304, 84
-0.99964, 291, 63, 306, 78
-0.999641, 387, 59, 402, 74
-0.999651, 261, 65, 276, 80
-0.999657, 277, 137, 292, 152
-0.999657, 395, 59, 410, 74
-0.999659, 279, 207, 294, 222
-0.999671, 381, 59, 396, 74
-0.999672, 135, 77, 150, 92
-0.999675, 461, 209, 492, 333
-0.999676, 1, 205, 16, 220
-0.999677, 1, 235, 16, 250
-0.999678, 119, 77, 134, 92
-0.99968, 227, 115, 242, 130
-0.999681, 243, 65, 258, 80
-0.999683, 255, 91, 270, 106
-0.999685, 91, 67, 106, 82
-0.999687, 275, 125, 290, 140
-0.999691, 267, 65, 282, 80
-0.999703, 253, 65, 268, 80
-0.999712, 425, 57, 440, 72
-0.999747, 113, 77, 128, 92
-0.999749, 277, 63, 292, 78
-0.999766, 285, 63, 300, 78
-0.999771, 1, 211, 16, 226
-0.999789, 111, 19, 126, 34
-0.999867, 141, 77, 156, 92
-0.999953, 299, 149, 314, 164
-0.999959, 241, 193, 272, 320
-0.999999, 147, 77, 162, 92
-1.00001, 169, 1, 200, 256
-1.00014, 65, 241, 192, 304
-1.00019, 149, 65, 180, 320
-1.00025, 433, 161, 496, 288
-1.00027, 273, 273, 400, 333
-1.00029, 157, 1, 188, 128
-1.0004, 201, 209, 264, 333
-1.00052, 449, 209, 480, 333
-1.00081, 433, 209, 464, 333
-1.00087, 169, 81, 200, 208
-1.00107, 449, 1, 480, 128
-1.00199, 225, 241, 352, 304
-1.00247, 161, 249, 288, 312
-1.00249, 113, 241, 240, 304
-1.00274, 161, 217, 288, 280
-1.00295, 209, 265, 336, 328
-1.00301, 129, 209, 256, 333
-1.00325, 161, 273, 288, 333
-1.0034, 105, 209, 168, 333
-1.00365, 113, 217, 240, 280
-1.00408, 113, 265, 240, 328
-1.00542, 169, 209, 232, 333
-1.00625, 129, 209, 192, 333
