1868
-0.330297, 1, 1, 500, 334
-0.396218, 1, 65, 500, 320
-0.466923, 1, 1, 256, 334
-0.538655, 97, 1, 352, 334
-0.560978, 65, 65, 320, 320
-0.588008, 257, 1, 500, 334
-0.614559, 161, 65, 416, 320
-0.751412, 257, 33, 500, 288
-0.829415, 161, 33, 288, 288
-0.843626, 1, 177, 500, 304
-0.85403, 161, 1, 288, 334
-0.855744, 81, 1, 208, 334
-0.861729, 81, 1, 208, 256
-0.884136, 33, 1, 160, 334
-0.887356, 209, 65, 336, 320
-0.890322, 129, 177, 384, 304
-0.898553, 33, 193, 288, 320
-0.898726, 17, 65, 144, 320
-0.901886, 241, 1, 368, 334
-0.907599, 33, 193, 160, 320
-0.908239, 1, 49, 500, 176
-0.912111, 353, 65, 480, 320
-0.914085, 321, 1, 448, 334
-0.914361, 1, 129, 500, 256
-0.915567, 369, 1, 496, 334
-0.916735, 161, 65, 288, 192
-0.918674, 257, 65, 384, 320
-0.919552, 129, 129, 384, 256
-0.924963, 1, 1, 500, 128
-0.926072, 65, 81, 320, 208
-0.927167, 257, 177, 384, 304
-0.928929, 81, 193, 208, 320
-0.929845, 225, 193, 480, 320
-0.930483, 1, 33, 256, 160
-0.930794, 129, 193, 256, 320
-0.930808, 41, 193, 104, 320
-0.933027, 81, 193, 144, 320
-0.933517, 265, 177, 328, 304
-0.935559, 33, 145, 288, 272
-0.935766, 313, 177, 376, 304
-0.936362, 305, 65, 432, 320
-0.936388, 193, 161, 320, 288
-0.936884, 161, 65, 224, 192
-0.939765, 209, 65, 272, 192
-0.939812, 161, 81, 416, 208
-0.940079, 105, 193, 168, 320
-0.94033, 337, 209, 464, 334
-0.941373, 361, 209, 424, 334
-0.941933, 97, 145, 224, 272
-0.94245, 161, 113, 288, 240
-0.942747, 161, 193, 224, 320
-0.945194, 17, 209, 80, 334
-0.946696, 81, 17, 208, 144
-0.946701, 225, 129, 480, 256
-0.949577, 129, 161, 192, 288
-0.949754, 137, 209, 200, 334
-0.950077, 185, 49, 248, 176
-0.950169, 161, 1, 224, 128
-0.950745, 225, 145, 288, 272
-0.953156, 169, 145, 232, 272
-0.954395, 257, 81, 500, 208
-0.955901, 129, 49, 192, 176
-0.956504, 145, 17, 272, 144
-0.957045, 129, 1, 384, 128
-0.957111, 81, 65, 208, 192
-0.957945, 225, 33, 480, 160
-0.958048, 193, 209, 320, 334
-0.959071, 33, 233, 96, 296
-0.959242, 337, 209, 400, 334
-0.959677, 129, 241, 192, 304
-0.960416, 289, 177, 352, 304
-0.960471, 97, 201, 160, 264
-0.960822, 33, 201, 160, 264
-0.960835, 161, 225, 224, 288
-0.961275, 393, 209, 456, 334
-0.961422, 1, 225, 64, 288
-0.961521, 57, 193, 120, 256
-0.962059, 233, 193, 296, 320
-0.96222, 145, 65, 272, 128
-0.96281, 49, 209, 80, 334
-0.96324, 209, 73, 272, 136
-0.963626, 161, 65, 224, 128
-0.963636, 193, 177, 256, 304
-0.964134, 225, 169, 288, 232
-0.964462, 185, 57, 248, 120
-0.964709, 329, 273, 392, 334
-0.964736, 361, 241, 424, 304
-0.964921, 361, 209, 424, 272
-0.965195, 273, 185, 336, 248
-0.965626, 137, 201, 200, 264
-0.965853, 385, 257, 448, 320
-0.965875, 225, 113, 352, 240
-0.965934, 313, 209, 376, 272
-0.966127, 57, 145, 120, 272
-0.966491, 161, 89, 288, 152
-0.966618, 169, 201, 232, 264
-0.967179, 257, 129, 320, 256
-0.967185, 25, 209, 88, 272
-0.96748, 69, 193, 100, 320
-0.967727, 361, 273, 424, 334
-0.967785, 169, 169, 232, 232
-0.967791, 297, 185, 360, 248
-0.96824, 33, 33, 160, 160
-0.968303, 289, 273, 352, 334
-0.968394, 113, 209, 240, 272
-0.968632, 73, 233, 136, 296
-0.968848, 337, 249, 464, 312
-0.96912, 9, 161, 72, 288
-0.969368, 117, 193, 148, 320
-0.969794, 129, 177, 192, 240
-0.969956, 273, 225, 336, 288
-0.969987, 305, 161, 432, 288
-0.970099, 49, 225, 176, 288
-0.970128, 297, 233, 360, 296
-0.970145, 161, 97, 224, 160
-0.970157, 105, 257, 168, 320
-0.970323, 105, 225, 168, 288
-0.970331, 121, 201, 152, 264
-0.970633, 113, 233, 240, 296
-0.970638, 25, 257, 88, 320
-0.97075, 169, 145, 232, 208
-0.970765, 173, 65, 204, 192
-0.9708, 201, 185, 264, 248
-0.971079, 161, 33, 224, 288
-0.971085, 409, 257, 472, 320
-0.971117, 233, 97, 296, 224
-0.971485, 337, 273, 464, 334
-0.971492, 249, 169, 312, 232
-0.971516, 129, 113, 192, 240
-0.971533, 81, 193, 112, 320
-0.971597, 1, 233, 128, 296
-0.971643, 321, 233, 384, 296
-0.97172, 217, 33, 280, 288
-0.971729, 193, 177, 320, 240
-0.971906, 89, 17, 152, 144
-0.972107, 49, 145, 176, 272
-0.972137, 289, 177, 320, 304
-0.972423, 225, 97, 288, 160
-0.972535, 161, 137, 288, 200
-0.972554, 193, 49, 224, 176
-0.972608, 161, 121, 224, 184
-0.9727, 325, 177, 356, 304
-0.972817, 237, 65, 268, 192
-0.972966, 133, 209, 164, 334
-0.973181, 225, 145, 288, 208
-0.973278, 153, 33, 216, 96
-0.973326, 353, 161, 416, 288
-0.973355, 185, 273, 248, 334
-0.973382, 137, 81, 200, 144
-0.973512, 113, 185, 240, 248
-0.973531, 81, 257, 144, 320
-0.973637, 49, 257, 112, 320
-0.973805, 209, 233, 272, 296
-0.973812, 281, 129, 344, 256
-0.97388, 41, 217, 72, 280
-0.973892, 137, 1, 200, 128
-0.974016, 257, 185, 384, 248
-0.974156, 157, 241, 188, 304
-0.974162, 93, 193, 124, 320
-0.974168, 33, 209, 64, 334
-0.974195, 241, 193, 304, 256
-0.974279, 1, 249, 64, 312
-0.974336, 349, 209, 380, 334
-0.97448, 433, 265, 496, 328
-0.974543, 273, 249, 400, 312
-0.974557, 129, 265, 192, 328
-0.974563, 233, 73, 296, 136
-0.974603, 145, 241, 176, 304
-0.974636, 173, 73, 204, 136
-0.974697, 49, 241, 80, 304
-0.974705, 161, 113, 288, 176
-0.974727, 185, 33, 248, 288
-0.974792, 81, 145, 144, 272
-0.974856, 253, 113, 284, 240
-0.974874, 161, 273, 224, 334
-0.975098, 401, 233, 464, 296
-0.975265, 165, 17, 196, 144
-0.975442, 69, 193, 100, 256
-0.975468, 153, 249, 216, 312
-0.975702, 53, 209, 84, 272
-0.975938, 301, 177, 332, 304
-0.975946, 61, 233, 92, 296
-0.975962, 405, 257, 436, 320
-0.976036, 65, 249, 192, 312
-0.976132, 129, 49, 192, 112
-0.976155, 337, 209, 400, 272
-0.976204, 193, 57, 224, 120
-0.976217, 237, 73, 268, 136
-0.976297, 129, 33, 192, 288
-0.9763, 161, 209, 288, 272
-0.976304, 97, 201, 128, 264
-0.976372, 185, 249, 248, 312
-0.976391, 81, 177, 144, 240
-0.976429, 265, 121, 328, 184
-0.976431, 21, 233, 52, 296
-0.976524, 193, 209, 256, 272
-0.97674, 161, 193, 192, 320
-0.976763, 353, 185, 416, 248
-0.976841, 129, 153, 192, 216
-0.97718, 173, 225, 204, 288
-0.97731, 129, 113, 192, 176
-0.977506, 265, 145, 328, 208
-0.977711, 273, 249, 336, 312
-0.977763, 313, 177, 344, 304
-0.977766, 389, 209, 420, 334
-0.977769, 233, 217, 296, 280
-0.977929, 105, 193, 136, 320
-0.977954, 137, 217, 168, 280
-0.977962, 89, 25, 152, 88
-0.978035, 81, 81, 208, 144
-0.978045, 5, 209, 36, 334
-0.978085, 369, 273, 400, 334
-0.97811, 249, 65, 280, 192
-0.978118, 269, 177, 300, 304
-0.978137, 253, 105, 284, 168
-0.978155, 273, 273, 400, 334
-0.978207, 133, 241, 164, 304
-0.978455, 337, 225, 464, 288
-0.978535, 17, 257, 144, 320
-0.978688, 209, 49, 272, 112
-0.978735, 177, 1, 208, 128
-0.978919, 177, 1, 240, 64
-0.979039, 185, 97, 248, 224
-0.979068, 173, 193, 204, 320
-0.979071, 401, 209, 432, 334
-0.979084, 97, 273, 224, 334
-0.979157, 281, 185, 312, 248
-0.979263, 193, 161, 256, 224
-0.979382, 185, 97, 248, 160
-0.979398, 209, 17, 272, 144
-0.9794, 257, 65, 384, 192
-0.979404, 145, 209, 176, 334
-0.979421, 1, 201, 64, 264
-0.979421, 385, 201, 448, 264
-0.97946, 321, 185, 352, 248
-0.979782, 265, 273, 328, 334
-0.979786, 161, 73, 192, 136
-0.979823, 81, 193, 112, 256
-0.97993, 209, 257, 272, 320
-0.980028, 393, 241, 424, 304
-0.980215, 273, 217, 400, 280
-0.980219, 213, 65, 244, 192
-0.980233, 213, 193, 244, 320
-0.980236, 5, 233, 36, 296
-0.980295, 177, 129, 208, 256
-0.980505, 249, 49, 312, 176
-0.980571, 433, 241, 496, 304
-0.980776, 21, 209, 52, 334
-0.980808, 89, 1, 152, 256
-0.980871, 221, 73, 252, 136
-0.980963, 301, 225, 332, 288
-0.981039, 109, 201, 140, 264
-0.981083, 185, 177, 216, 304
-0.981148, 321, 185, 384, 248
-0.98121, 289, 161, 352, 224
-0.981234, 257, 161, 288, 288
-0.981283, 49, 65, 112, 320
-0.981354, 417, 209, 480, 334
-0.981356, 341, 201, 372, 264
-0.981395, 249, 241, 312, 304
-0.981439, 433, 257, 464, 320
-0.981476, 261, 161, 292, 224
-0.981511, 37, 249, 68, 312
-0.981559, 173, 137, 204, 200
-0.981632, 393, 145, 456, 272
-0.981659, 241, 65, 304, 320
-0.98173, 193, 233, 320, 296
-0.981738, 225, 65, 256, 192
-0.981883, 353, 161, 480, 288
-0.982015, 17, 177, 80, 240
-0.98202, 349, 225, 380, 288
-0.98207, 17, 81, 144, 208
-0.982277, 169, 1, 232, 334
-0.982304, 249, 49, 312, 112
-0.982322, 337, 193, 368, 320
-0.982324, 305, 265, 336, 328
-0.982433, 153, 65, 184, 192
-0.982561, 113, 161, 240, 224
-0.98257, 105, 233, 136, 296
-0.982576, 225, 17, 352, 144
-0.982598, 265, 97, 328, 160
-0.982634, 121, 9, 184, 72
-0.982695, 125, 265, 156, 328
-0.982728, 173, 105, 204, 168
-0.982828, 369, 249, 400, 312
-0.982883, 57, 169, 120, 232
-0.982911, 81, 49, 208, 112
-0.982982, 225, 121, 288, 184
-0.983021, 241, 161, 368, 224
-0.983164, 105, 145, 168, 272
-0.983182, 105, 177, 168, 240
-0.983308, 385, 265, 416, 328
-0.983333, 353, 249, 384, 312
-0.983392, 185, 185, 216, 248
-0.983424, 385, 209, 416, 272
-0.983537, 321, 161, 384, 224
-0.983606, 417, 249, 448, 312
-0.983636, 149, 217, 180, 280
-0.983658, 73, 233, 104, 296
-0.983757, 49, 97, 112, 160
-0.983804, 49, 73, 112, 136
-0.983826, 293, 185, 324, 248
-0.983839, 9, 65, 72, 320
-0.983894, 85, 249, 116, 312
-0.983927, 257, 73, 320, 136
-0.983987, 321, 97, 448, 224
-0.984006, 433, 65, 496, 128
-0.984026, 281, 65, 344, 320
-0.984073, 1, 145, 128, 272
-0.984184, 81, 25, 208, 88
-0.984186, 385, 177, 448, 240
-0.984366, 205, 57, 236, 120
-0.984378, 269, 129, 300, 256
-0.98442, 225, 169, 256, 232
-0.984615, 233, 265, 296, 328
-0.984744, 105, 49, 168, 112
-0.984767, 49, 33, 112, 160
-0.984813, 153, 9, 216, 72
-0.984818, 309, 185, 340, 248
-0.984838, 129, 1, 192, 334
-0.984844, 305, 65, 368, 320
-0.984918, 117, 233, 148, 296
-0.984942, 1, 273, 64, 334
-0.984984, 317, 273, 348, 334
-0.984997, 161, 145, 192, 272
-0.985018, 1, 73, 64, 136
-0.985093, 81, 113, 208, 176
-0.985102, 165, 265, 196, 328
-0.985255, 161, 273, 288, 334
-0.985263, 161, 1, 288, 64
-0.985279, 373, 209, 404, 334
-0.985335, 53, 265, 84, 328
-0.985357, 73, 81, 136, 144
-0.985359, 149, 65, 180, 128
-0.985392, 85, 225, 116, 288
-0.985421, 369, 65, 496, 192
-0.985461, 97, 145, 128, 272
-0.985462, 401, 145, 464, 208
-0.985522, 193, 1, 256, 334
-0.985533, 225, 257, 352, 320
-0.98556, 269, 185, 300, 248
-0.985608, 65, 25, 128, 88
-0.985687, 69, 265, 100, 328
-0.985836, 205, 169, 236, 232
-0.985844, 173, 201, 204, 264
-0.985846, 321, 233, 352, 296
-0.985899, 69, 145, 100, 272
-0.985937, 113, 73, 176, 136
-0.985958, 165, 49, 196, 112
-0.985991, 57, 161, 88, 288
-0.986004, 161, 201, 192, 264
-0.986021, 409, 73, 472, 136
-0.98606, 25, 89, 88, 152
-0.986165, 249, 161, 280, 224
-0.986203, 401, 121, 464, 184
-0.986263, 433, 65, 496, 192
-0.986375, 349, 273, 380, 334
-0.986484, 109, 257, 140, 320
-0.986508, 197, 177, 228, 304
-0.986552, 81, 1, 144, 334
-0.986728, 233, 1, 296, 64
-0.986732, 345, 65, 408, 320
-0.98688, 401, 49, 464, 112
-0.986935, 249, 1, 312, 128
-0.986948, 433, 169, 496, 232
-0.987025, 417, 97, 480, 160
-0.98708, 53, 185, 84, 248
-0.987094, 209, 193, 240, 256
-0.98719, 65, 161, 192, 224
-0.987233, 445, 265, 476, 328
-0.987239, 425, 145, 488, 208
-0.987243, 49, 49, 112, 112
-0.987253, 209, 65, 336, 192
-0.987264, 97, 177, 128, 240
-0.987338, 201, 137, 264, 200
-0.987343, 25, 57, 88, 120
-0.987422, 377, 129, 440, 192
-0.98749, 113, 1, 176, 128
-0.987535, 241, 129, 368, 192
-0.987575, 81, 49, 144, 112
-0.987603, 225, 1, 288, 334
-0.987613, 173, 161, 204, 224
-0.987624, 253, 137, 284, 200
-0.987639, 185, 65, 248, 96
-0.987774, 337, 201, 464, 264
-0.987816, 333, 177, 364, 240
-0.987923, 237, 169, 268, 232
-0.988009, 417, 65, 480, 320
-0.988076, 25, 265, 56, 328
-0.98809, 409, 201, 472, 264
-0.988096, 161, 177, 192, 240
-0.988135, 321, 1, 384, 64
-0.988153, 189, 273, 220, 334
-0.988173, 9, 121, 72, 184
-0.988244, 33, 241, 96, 272
-0.988265, 33, 193, 288, 256
-0.988268, 269, 121, 300, 184
-0.988281, 81, 137, 208, 200
-0.988282, 209, 73, 272, 104
-0.988382, 1, 229, 64, 260
-0.98839, 337, 145, 368, 272
-0.988392, 137, 229, 200, 260
-0.988401, 25, 81, 88, 208
-0.988432, 377, 153, 440, 216
-0.988432, 145, 273, 176, 334
-0.988463, 337, 273, 368, 334
-0.988465, 41, 273, 72, 334
-0.988469, 13, 209, 44, 272
-0.988477, 105, 1, 168, 334
-0.988479, 57, 1, 120, 334
-0.98849, 33, 129, 96, 192
-0.988522, 217, 217, 248, 280
-0.988524, 241, 97, 272, 160
-0.988557, 49, 205, 112, 236
-0.98857, 129, 245, 192, 276
-0.9886, 197, 217, 228, 280
-0.988642, 401, 217, 432, 280
-0.988696, 401, 265, 464, 296
-0.988717, 129, 177, 384, 240
-0.98872, 37, 161, 68, 288
-0.988733, 49, 1, 112, 64
-0.98878, 273, 161, 304, 224
-0.98878, 1, 65, 64, 192
-0.988826, 41, 253, 104, 284
-0.988838, 237, 233, 268, 296
-0.988841, 161, 225, 224, 256
-0.988867, 237, 193, 268, 320
-0.988945, 297, 289, 360, 320
-0.988956, 149, 89, 180, 152
-0.988963, 185, 97, 216, 160
-0.988983, 353, 213, 416, 244
-0.988985, 169, 181, 232, 212
-0.988996, 361, 257, 424, 288
-0.988998, 161, 77, 224, 108
-0.989101, 177, 273, 208, 334
-0.989127, 97, 153, 160, 216
-0.989129, 433, 41, 496, 104
-0.989146, 89, 1, 152, 64
-0.989175, 425, 121, 488, 184
-0.989181, 137, 209, 200, 240
-0.989223, 293, 265, 324, 328
-0.989233, 369, 105, 432, 168
-0.98924, 285, 217, 316, 280
-0.989275, 253, 81, 284, 144
-0.989278, 97, 205, 160, 236
-0.989285, 33, 145, 96, 272
-0.989304, 157, 113, 188, 176
-0.989304, 257, 1, 320, 64
-0.989341, 409, 65, 472, 192
-0.989351, 141, 161, 172, 288
-0.989355, 289, 305, 352, 334
-0.989424, 153, 153, 184, 216
-0.989447, 81, 129, 144, 192
-0.989467, 65, 193, 128, 224
-0.989484, 97, 225, 160, 256
-0.989484, 353, 161, 416, 224
-0.989499, 185, 33, 248, 96
-0.989523, 25, 229, 88, 260
-0.989526, 185, 209, 216, 272
-0.989556, 97, 241, 160, 272
-0.98957, 29, 209, 60, 272
-0.989601, 269, 209, 300, 272
-0.989604, 241, 81, 368, 144
-0.989606, 1, 245, 64, 276
-0.989627, 409, 169, 472, 232
-0.989636, 85, 145, 116, 272
-0.989656, 361, 277, 424, 308
-0.989664, 417, 273, 448, 334
-0.989689, 161, 237, 224, 268
-0.989697, 241, 105, 368, 168
-0.989748, 321, 289, 384, 320
-0.98976, 57, 145, 120, 208
-0.989768, 361, 245, 424, 276
-0.989776, 233, 177, 296, 208
-0.98982, 353, 225, 416, 256
-0.989821, 265, 189, 328, 220
-0.98985, 257, 185, 288, 248
-0.989869, 313, 237, 376, 268
-0.989887, 237, 17, 268, 144
-0.989907, 225, 241, 256, 304
-0.989909, 193, 65, 320, 128
-0.989929, 217, 189, 280, 220
-0.989957, 41, 217, 104, 248
-0.989958, 337, 277, 400, 308
-0.989958, 297, 189, 360, 220
-0.989988, 205, 17, 236, 144
-0.990012, 329, 301, 392, 332
-0.990029, 221, 49, 252, 112
-0.990053, 81, 265, 144, 296
-0.990068, 385, 277, 448, 308
-0.990075, 97, 257, 128, 320
-0.990099, 201, 257, 232, 320
-0.990123, 117, 145, 148, 272
-0.990138, 105, 261, 168, 292
-0.990192, 17, 265, 80, 296
-0.990231, 137, 197, 200, 228
-0.990272, 193, 97, 224, 224
-0.990313, 109, 177, 140, 240
-0.990337, 57, 229, 120, 260
-0.990372, 161, 97, 224, 128
-0.990379, 1, 193, 500, 256
-0.990391, 65, 253, 128, 284
-0.990407, 153, 17, 184, 144
-0.990424, 1, 217, 256, 280
-0.990553, 57, 241, 120, 272
-0.990559, 273, 229, 336, 260
-0.990565, 169, 201, 232, 232
-0.990574, 169, 25, 200, 88
-0.990598, 145, 41, 272, 104
-0.990608, 181, 1, 212, 64
-0.990608, 465, 265, 496, 328
-0.99062, 425, 265, 488, 296
-0.990624, 169, 213, 232, 244
-0.990626, 33, 241, 288, 304
-0.990629, 313, 217, 376, 248
-0.990642, 213, 241, 244, 304
-0.990658, 337, 265, 400, 296
-0.990726, 161, 129, 224, 160
-0.990735, 221, 145, 252, 272
-0.990752, 265, 1, 328, 334
-0.990756, 373, 217, 404, 280
-0.990772, 49, 81, 112, 208
-0.990817, 353, 1, 480, 128
-0.990826, 49, 269, 112, 300
-0.990906, 209, 97, 272, 128
-0.990962, 361, 209, 392, 334
-0.990979, 105, 273, 168, 304
-0.990987, 237, 49, 268, 112
-0.990991, 297, 261, 360, 292
-0.990991, 257, 177, 320, 208
-0.99101, 89, 193, 152, 224
-0.991015, 329, 129, 392, 256
-0.991021, 401, 253, 464, 284
-0.991033, 33, 65, 288, 128
-0.991064, 97, 217, 352, 280
-0.991076, 297, 277, 360, 308
-0.99108, 113, 301, 176, 332
-0.991099, 213, 265, 244, 328
-0.991125, 73, 205, 136, 236
-0.991128, 161, 65, 224, 96
-0.991197, 225, 109, 288, 140
-0.991203, 145, 289, 208, 320
-0.99121, 273, 241, 336, 272
-0.991215, 129, 261, 192, 292
-0.991234, 161, 165, 224, 196
-0.991236, 225, 165, 288, 196
-0.991282, 1, 177, 128, 240
-0.991319, 225, 209, 352, 272
-0.991352, 305, 129, 336, 256
-0.991374, 241, 189, 304, 220
-0.991377, 217, 85, 280, 116
-0.991387, 65, 89, 320, 152
-0.991387, 225, 193, 256, 320
-0.991421, 193, 173, 256, 204
-0.991434, 297, 249, 360, 280
-0.991483, 129, 185, 192, 216
-0.991483, 133, 193, 164, 256
-0.991506, 413, 209, 444, 334
-0.99151, 153, 249, 216, 280
-0.991526, 145, 301, 208, 332
-0.991535, 161, 109, 224, 140
-0.991588, 185, 241, 248, 272
-0.991596, 305, 129, 368, 256
-0.991598, 321, 129, 352, 256
-0.991639, 1, 1, 64, 334
-0.99165, 153, 49, 216, 80
-0.991671, 137, 81, 200, 112
-0.991676, 433, 1, 496, 334
-0.991697, 209, 237, 272, 268
-0.991699, 209, 249, 272, 280
-0.991708, 337, 201, 400, 232
-0.991737, 233, 73, 296, 104
-0.991739, 33, 33, 160, 96
-0.991743, 193, 153, 224, 216
-0.991757, 377, 289, 440, 320
-0.991775, 313, 205, 376, 236
-0.991825, 73, 197, 104, 228
-0.991826, 293, 129, 324, 256
-0.991839, 41, 253, 72, 284
-0.991886, 129, 157, 192, 188
-0.991898, 209, 61, 272, 92
-0.991904, 385, 205, 448, 236
-0.991905, 321, 249, 384, 280
-0.991919, 161, 153, 224, 184
-0.991927, 133, 249, 164, 280
-0.991928, 273, 273, 336, 304
-0.991933, 301, 161, 332, 224
-0.991937, 121, 205, 152, 236
-0.99195, 129, 93, 192, 124
-0.991957, 237, 73, 268, 104
-0.991989, 177, 305, 240, 334
-0.991999, 25, 161, 56, 288
-0.992009, 249, 85, 312, 116
-0.992009, 161, 141, 224, 172
-0.992027, 193, 249, 448, 312
-0.992029, 273, 253, 336, 284
-0.99204, 249, 305, 312, 334
-0.992058, 129, 117, 192, 148
-0.992059, 385, 65, 448, 320
-0.99209, 129, 65, 384, 128
-0.992096, 225, 121, 288, 152
-0.992103, 329, 293, 360, 324
-0.992112, 177, 257, 240, 288
-0.992134, 129, 169, 192, 200
-0.992137, 49, 237, 80, 268
-0.992144, 121, 289, 184, 320
-0.992148, 313, 161, 344, 224
-0.992148, 17, 217, 80, 248
-0.992155, 137, 273, 200, 304
-0.992158, 321, 209, 352, 272
-0.992162, 225, 17, 256, 144
-0.992174, 185, 225, 248, 256
-0.992176, 53, 253, 84, 284
-0.992182, 169, 77, 200, 108
-0.992185, 153, 261, 216, 292
-0.992185, 129, 129, 384, 192
-0.992187, 89, 305, 152, 334
-0.992211, 201, 201, 264, 232
-0.992227, 161, 277, 224, 308
-0.992229, 21, 237, 52, 268
-0.992237, 25, 1, 88, 334
-0.992259, 57, 305, 120, 334
-0.992261, 17, 293, 80, 324
-0.992266, 37, 225, 68, 256
-0.992286, 49, 209, 80, 240
-0.992291, 265, 125, 328, 156
-0.992292, 145, 249, 176, 280
-0.992296, 1, 249, 500, 312
-0.992314, 257, 157, 320, 188
-0.992315, 193, 65, 224, 96
-0.99233, 233, 225, 296, 256
-0.992336, 133, 237, 164, 268
-0.992351, 225, 133, 288, 164
-0.992362, 273, 217, 336, 248
-0.992378, 61, 241, 92, 272
-0.992398, 173, 225, 204, 256
-0.992459, 193, 85, 256, 116
-0.992465, 205, 113, 236, 240
-0.992479, 397, 277, 428, 308
-0.992493, 65, 253, 96, 284
-0.992509, 65, 153, 320, 216
-0.992519, 177, 289, 240, 320
-0.992525, 225, 145, 288, 176
-0.992526, 281, 177, 344, 208
-0.992536, 417, 297, 480, 328
-0.992559, 129, 145, 192, 176
-0.992568, 393, 305, 456, 334
-0.992569, 285, 161, 316, 224
-0.992576, 193, 189, 256, 220
-0.992592, 373, 277, 404, 308
-0.992598, 337, 177, 464, 240
-0.992602, 145, 69, 272, 100
-0.99261, 89, 29, 152, 60
-0.992618, 417, 277, 480, 308
-0.992623, 253, 109, 284, 140
-0.992631, 65, 217, 128, 248
-0.992637, 81, 277, 144, 308
-0.992654, 77, 169, 108, 232
-0.992654, 81, 253, 112, 284
-0.992661, 305, 1, 368, 334
-0.992667, 129, 133, 192, 164
-0.992676, 29, 257, 60, 288
-0.992698, 33, 241, 64, 272
-0.992703, 257, 177, 288, 208
-0.992718, 337, 197, 368, 228
-0.992724, 53, 265, 84, 296
-0.992726, 177, 173, 208, 204
-0.992727, 13, 161, 44, 288
-0.992763, 429, 261, 460, 292
-0.992768, 269, 177, 300, 208
-0.99277, 61, 201, 92, 232
-0.992796, 393, 209, 424, 240
-0.992818, 193, 217, 448, 280
-0.992821, 413, 265, 444, 296
-0.992838, 41, 265, 72, 296
-0.992848, 161, 237, 192, 268
-0.992853, 73, 241, 104, 272
-0.992883, 205, 81, 236, 144
-0.992897, 1, 225, 500, 288
-0.992904, 65, 265, 96, 296
-0.992907, 317, 293, 348, 324
-0.992933, 317, 189, 348, 220
-0.992941, 309, 229, 340, 260
-0.992948, 353, 261, 384, 292
-0.992954, 93, 209, 124, 240
-0.99296, 161, 105, 416, 168
-0.992972, 9, 241, 40, 272
-0.992973, 317, 281, 348, 312
-0.992973, 153, 41, 184, 104
-0.992977, 349, 233, 380, 264
-0.992986, 385, 277, 416, 308
-0.993009, 413, 253, 444, 284
-0.993012, 185, 213, 216, 244
-0.993015, 121, 261, 152, 292
-0.993017, 313, 305, 344, 334
-0.993035, 133, 261, 164, 292
-0.993036, 257, 57, 288, 120
-0.993038, 9, 229, 40, 260
-0.993041, 277, 189, 308, 220
-0.993062, 109, 205, 140, 236
-0.993063, 133, 213, 164, 244
-0.993063, 281, 129, 312, 256
-0.993081, 241, 97, 272, 128
-0.993084, 173, 125, 204, 156
-0.993084, 33, 205, 160, 236
-0.993084, 141, 225, 172, 256
-0.993089, 157, 73, 188, 104
-0.993091, 81, 273, 112, 334
-0.993094, 157, 249, 188, 280
-0.993105, 361, 1, 424, 334
-0.993119, 217, 73, 248, 104
-0.993124, 93, 245, 124, 276
-0.993125, 397, 265, 428, 296
-0.993131, 233, 145, 264, 272
-0.993145, 101, 229, 132, 260
-0.993175, 341, 277, 372, 308
-0.993183, 93, 193, 124, 224
-0.993196, 161, 153, 416, 216
-0.993207, 141, 49, 172, 176
-0.993219, 85, 265, 116, 296
-0.993222, 301, 289, 332, 320
-0.993235, 121, 293, 152, 324
-0.993239, 145, 237, 176, 268
-0.993243, 205, 61, 236, 92
-0.993274, 121, 217, 152, 248
-0.99328, 257, 165, 288, 196
-0.993286, 161, 261, 192, 292
-0.99329, 301, 261, 332, 292
-0.993307, 121, 245, 152, 276
-0.993316, 173, 105, 204, 136
-0.993334, 441, 265, 472, 296
-0.993347, 305, 241, 336, 272
-0.993355, 181, 69, 212, 100
-0.993365, 181, 193, 212, 224
-0.993365, 425, 113, 488, 240
-0.993401, 173, 137, 204, 168
-0.993407, 361, 273, 392, 304
-0.993418, 253, 189, 284, 220
-0.993424, 333, 305, 364, 334
-0.993425, 101, 265, 132, 296
-0.993434, 345, 293, 376, 324
-0.993439, 241, 57, 368, 120
-0.993471, 21, 225, 52, 256
-0.993482, 209, 177, 240, 208
-0.993487, 117, 229, 148, 260
-0.99349, 409, 277, 440, 308
-0.993497, 193, 273, 448, 334
-0.993508, 305, 189, 336, 220
-0.993511, 51, 233, 66, 296
-0.993517, 1, 57, 128, 120
-0.993528, 293, 305, 324, 334
-0.99354, 81, 229, 112, 260
-0.993546, 289, 189, 320, 220
-0.993548, 109, 245, 140, 276
-0.993563, 149, 273, 180, 304
-0.993569, 225, 189, 256, 220
-0.993571, 217, 245, 248, 276
-0.993573, 345, 213, 376, 244
-0.993575, 353, 201, 384, 264
-0.993581, 153, 89, 184, 120
-0.993592, 173, 285, 204, 316
-0.993595, 141, 41, 172, 104
-0.993616, 101, 297, 132, 328
-0.993623, 225, 185, 480, 248
-0.993635, 369, 245, 400, 276
-0.993637, 273, 97, 304, 160
-0.993643, 53, 221, 84, 252
-0.993648, 113, 305, 144, 334
-0.993653, 249, 73, 280, 104
-0.993661, 369, 257, 400, 288
-0.993664, 173, 89, 204, 120
-0.993666, 253, 121, 284, 152
-0.993674, 153, 225, 184, 256
-0.993679, 49, 233, 176, 264
-0.993697, 113, 273, 144, 304
-0.993698, 433, 297, 464, 328
-0.993704, 241, 177, 272, 208
-0.993711, 269, 213, 300, 244
-0.993718, 321, 241, 352, 272
-0.99372, 289, 241, 320, 304
-0.993724, 349, 249, 380, 280
-0.993725, 161, 101, 288, 132
-0.993728, 393, 249, 424, 280
-0.993732, 173, 149, 204, 180
-0.993736, 17, 257, 48, 288
-0.993739, 401, 1, 464, 334
-0.993739, 165, 209, 196, 240
-0.993748, 349, 305, 380, 334
-0.993756, 253, 133, 284, 164
-0.993763, 397, 193, 428, 256
-0.9938, 205, 197, 236, 228
-0.993806, 381, 213, 412, 244
-0.993811, 157, 165, 188, 196
-0.993818, 381, 225, 412, 256
-0.993825, 237, 233, 268, 264
-0.993828, 141, 301, 172, 332
-0.993829, 177, 301, 208, 332
-0.993844, 49, 245, 176, 276
-0.993901, 1, 89, 128, 152
-0.993903, 113, 241, 240, 272
-0.99391, 81, 205, 208, 236
-0.993951, 257, 137, 500, 200
-0.994043, 1, 265, 256, 328
-0.994049, 313, 225, 328, 288
-0.994065, 353, 265, 480, 296
-0.994065, 249, 65, 264, 128
-0.994087, 277, 177, 292, 240
-0.994091, 59, 233, 74, 296
-0.994094, 33, 225, 48, 288
-0.994132, 53, 209, 68, 272
-0.994139, 113, 229, 240, 260
-0.994175, 405, 241, 420, 304
-0.994205, 1, 245, 128, 276
-0.99421, 85, 193, 100, 256
-0.994248, 273, 113, 400, 240
-0.994269, 337, 249, 464, 280
-0.99435, 161, 177, 288, 208
-0.994388, 175, 73, 190, 136
-0.994423, 113, 217, 240, 248
-0.99443, 105, 201, 120, 264
-0.994438, 305, 265, 432, 296
-0.994441, 349, 161, 380, 288
-0.994447, 411, 257, 426, 320
-0.994451, 145, 81, 272, 112
-0.994476, 75, 193, 90, 256
-0.994507, 241, 189, 368, 220
-0.994525, 1, 169, 500, 232
-0.994536, 257, 161, 500, 224
-0.994545, 167, 241, 182, 304
-0.994593, 185, 1, 248, 128
-0.994599, 369, 113, 496, 240
-0.994607, 1, 41, 256, 104
-0.994623, 27, 225, 42, 288
-0.994627, 153, 241, 168, 304
-0.994632, 225, 73, 480, 136
-0.994639, 77, 233, 92, 296
-0.994678, 159, 241, 174, 304
-0.994695, 65, 233, 80, 296
-0.99474, 95, 201, 110, 264
-0.994757, 147, 217, 162, 280
-0.994781, 129, 1, 384, 64
-0.994792, 177, 225, 192, 288
-0.994792, 137, 241, 152, 304
-0.994795, 1, 129, 256, 192
-0.994809, 269, 81, 300, 208
-0.994818, 137, 201, 152, 264
-0.994821, 183, 73, 198, 136
-0.994826, 161, 189, 288, 220
-0.994826, 165, 73, 180, 136
-0.994833, 263, 105, 278, 168
-0.994838, 1, 233, 128, 264
-0.994838, 273, 245, 400, 276
-0.99487, 17, 257, 144, 288
-0.994873, 59, 201, 74, 264
-0.99488, 125, 201, 140, 264
-0.994931, 129, 161, 160, 288
-0.994938, 67, 201, 82, 264
-0.994956, 33, 217, 160, 248
-0.994959, 161, 113, 288, 144
-0.994978, 377, 97, 440, 224
-0.994979, 119, 201, 134, 264
-0.994985, 161, 225, 288, 256
-0.994993, 183, 209, 198, 272
-0.995028, 161, 165, 288, 196
-0.995051, 147, 241, 162, 304
-0.995057, 283, 185, 298, 248
-0.995078, 305, 277, 432, 308
-0.995085, 113, 257, 240, 288
-0.995085, 97, 193, 224, 224
-0.995093, 43, 225, 58, 288
-0.995094, 73, 65, 136, 192
-0.995096, 377, 273, 392, 334
-0.995097, 11, 225, 26, 288
-0.995109, 395, 201, 410, 264
-0.995112, 175, 105, 190, 168
-0.995132, 273, 301, 400, 332
-0.995135, 329, 1, 392, 334
-0.995138, 129, 205, 256, 236
-0.995144, 43, 249, 58, 312
-0.995151, 117, 17, 148, 144
-0.995185, 199, 57, 214, 120
-0.995186, 425, 209, 456, 334
-0.9952, 161, 149, 288, 180
-0.99522, 81, 85, 208, 116
-0.99523, 193, 65, 208, 128
-0.995249, 305, 1, 432, 128
-0.995255, 271, 169, 286, 232
-0.995258, 1, 73, 500, 136
-0.995266, 33, 273, 160, 304
-0.995336, 209, 177, 336, 208
-0.995354, 161, 133, 288, 164
-0.995361, 177, 33, 208, 288
-0.995363, 177, 201, 192, 264
-0.99537, 353, 277, 480, 308
-0.995399, 289, 161, 416, 224
-0.995403, 189, 1, 220, 128
-0.995412, 371, 265, 386, 328
-0.995415, 257, 105, 500, 168
-0.995432, 369, 161, 400, 288
-0.995472, 399, 225, 414, 288
-0.99548, 65, 257, 192, 288
-0.995496, 81, 1, 208, 64
-0.995511, 353, 73, 480, 136
-0.995513, 235, 73, 250, 136
-0.995514, 305, 233, 432, 264
-0.995528, 345, 193, 360, 256
-0.995528, 205, 57, 220, 120
-0.995529, 161, 237, 288, 268
-0.995531, 97, 293, 224, 324
-0.995569, 111, 201, 126, 264
-0.995592, 165, 1, 196, 256
-0.9956, 71, 249, 86, 312
-0.995616, 1, 273, 500, 334
-0.995659, 335, 185, 350, 248
-0.99566, 131, 201, 146, 264
-0.995698, 177, 137, 192, 200
-0.995705, 241, 73, 256, 136
-0.995729, 83, 249, 98, 312
-0.995736, 211, 57, 226, 120
-0.995754, 129, 33, 160, 160
-0.995757, 289, 185, 304, 248
-0.995767, 353, 289, 480, 320
-0.995768, 33, 257, 48, 320
-0.995769, 97, 273, 352, 334
-0.995777, 177, 209, 304, 240
-0.995779, 325, 185, 340, 248
-0.995786, 437, 257, 452, 320
-0.995787, 25, 17, 88, 144
-0.995789, 307, 265, 322, 328
-0.995801, 57, 257, 72, 320
-0.995821, 21, 225, 36, 288
-0.995841, 71, 225, 86, 288
-0.99586, 265, 161, 280, 224
-0.995877, 131, 257, 146, 320
-0.995881, 273, 217, 400, 248
-0.995892, 121, 273, 136, 334
-0.995894, 5, 233, 20, 296
-0.995894, 397, 273, 412, 334
-0.995901, 213, 233, 228, 296
-0.995934, 363, 217, 378, 280
-0.995951, 257, 201, 384, 232
-0.995959, 337, 221, 464, 252
-0.99597, 1, 105, 500, 168
-0.99598, 255, 81, 270, 144
-0.996009, 205, 33, 236, 288
-0.996015, 81, 269, 208, 300
-0.996031, 97, 17, 128, 144
-0.996033, 65, 257, 80, 320
-0.996035, 357, 209, 372, 272
-0.996038, 171, 217, 186, 280
-0.996046, 227, 65, 242, 128
-0.996047, 193, 33, 224, 288
-0.996055, 351, 201, 366, 264
-0.996074, 99, 233, 114, 296
-0.996095, 193, 41, 320, 104
-0.996099, 417, 257, 432, 320
-0.996101, 193, 249, 320, 280
-0.996103, 387, 273, 402, 334
-0.996111, 95, 177, 110, 240
-0.996114, 1, 49, 500, 112
-0.996135, 337, 273, 352, 334
-0.996143, 125, 249, 140, 312
-0.996171, 257, 17, 288, 144
-0.996182, 405, 209, 420, 272
-0.996195, 431, 265, 446, 328
-0.996197, 119, 233, 134, 296
-0.996197, 281, 209, 296, 272
-0.996199, 113, 181, 240, 212
-0.996213, 143, 273, 158, 334
-0.996235, 167, 97, 182, 160
-0.996244, 353, 237, 480, 268
-0.996244, 319, 185, 334, 248
-0.996254, 217, 65, 232, 128
-0.996262, 51, 257, 66, 320
-0.996263, 225, 49, 480, 112
-0.996265, 173, 257, 188, 320
-0.996274, 273, 289, 400, 320
-0.996281, 241, 165, 368, 196
-0.996287, 179, 265, 194, 328
-0.996295, 159, 65, 174, 128
-0.996296, 273, 121, 288, 184
-0.996306, 257, 105, 272, 168
-0.996309, 33, 17, 288, 80
-0.996318, 237, 33, 268, 288
-0.996323, 153, 33, 184, 288
-0.996323, 109, 257, 124, 320
-0.996349, 97, 281, 224, 312
-0.996352, 307, 185, 322, 248
-0.996354, 405, 265, 420, 328
-0.996362, 353, 305, 480, 334
-0.996369, 257, 233, 384, 264
-0.996378, 295, 185, 310, 248
-0.996393, 393, 161, 424, 288
-0.996397, 337, 153, 464, 216
-0.996399, 221, 33, 252, 288
-0.996407, 65, 305, 192, 334
-0.996423, 93, 233, 108, 296
-0.996426, 253, 65, 284, 320
-0.996438, 257, 257, 384, 288
-0.996464, 219, 169, 234, 232
-0.996504, 145, 289, 272, 320
-0.99655, 173, 177, 188, 240
-0.996556, 425, 257, 440, 320
-0.996564, 109, 225, 124, 288
-0.996565, 163, 217, 178, 280
-0.996568, 363, 241, 378, 304
-0.996575, 165, 49, 180, 112
-0.996614, 157, 217, 172, 280
-0.996637, 69, 49, 100, 176
-0.996651, 81, 97, 208, 128
-0.996653, 153, 273, 168, 334
-0.996655, 229, 169, 244, 232
-0.996673, 65, 65, 192, 96
-0.996679, 81, 157, 208, 188
-0.996685, 443, 257, 458, 320
-0.996689, 411, 233, 426, 296
-0.99671, 389, 201, 404, 264
-0.996714, 81, 145, 208, 176
-0.996722, 271, 193, 286, 256
-0.996732, 437, 209, 468, 334
-0.996734, 125, 225, 140, 288
-0.996739, 101, 177, 116, 240
-0.996762, 167, 153, 182, 216
-0.996769, 239, 169, 254, 232
-0.99677, 193, 285, 320, 316
-0.996771, 77, 257, 92, 320
-0.996773, 321, 265, 336, 328
-0.996775, 373, 241, 388, 304
-0.996817, 161, 305, 288, 334
-0.996818, 261, 81, 276, 144
-0.996821, 193, 261, 320, 292
-0.996834, 65, 33, 192, 64
-0.996838, 49, 193, 176, 224
-0.996841, 131, 233, 146, 296
-0.996842, 137, 265, 152, 328
-0.996844, 267, 137, 282, 200
-0.996853, 1, 301, 128, 332
-0.996886, 85, 225, 100, 288
-0.99692, 225, 85, 352, 116
-0.996925, 241, 153, 368, 184
-0.996931, 245, 169, 260, 232
-0.996932, 81, 53, 208, 84
-0.996948, 81, 121, 208, 152
-0.996948, 113, 305, 240, 334
-0.997016, 129, 41, 384, 104
-0.997032, 81, 109, 208, 140
-0.997051, 337, 209, 464, 240
-0.997087, 81, 133, 208, 164
-0.99713, 241, 113, 368, 144
-0.99715, 129, 269, 256, 300
-0.997253, 177, 1, 304, 32
-0.997256, 209, 233, 336, 264
-0.997261, 81, 169, 208, 200
-0.997263, 257, 269, 384, 300
-0.997275, 321, 197, 448, 228
-0.997302, 49, 253, 64, 284
-0.997302, 241, 141, 368, 172
-0.997316, 209, 97, 336, 128
-0.997348, 141, 245, 156, 276
-0.99739, 85, 17, 116, 144
-0.997406, 209, 305, 336, 334
-0.997411, 333, 289, 348, 320
-0.997419, 135, 257, 150, 288
-0.997427, 251, 69, 266, 100
-0.997455, 401, 17, 464, 144
-0.997473, 257, 177, 384, 208
-0.997479, 193, 73, 320, 104
-0.997493, 65, 181, 192, 212
-0.997512, 161, 13, 288, 44
-0.997514, 241, 129, 368, 160
-0.997516, 145, 57, 272, 88
-0.997524, 57, 241, 72, 272
-0.997534, 1, 193, 128, 224
-0.997549, 141, 1, 172, 128
-0.997564, 193, 57, 320, 88
-0.99757, 1, 289, 128, 320
-0.997571, 397, 205, 412, 236
-0.997571, 453, 209, 484, 334
-0.997574, 29, 229, 44, 260
-0.997619, 165, 69, 180, 100
-0.99763, 279, 181, 294, 212
-0.997632, 193, 273, 320, 304
-0.997632, 49, 285, 176, 316
-0.997634, 67, 241, 82, 272
-0.997638, 1, 137, 500, 200
-0.997646, 135, 201, 150, 232
-0.99765, 315, 225, 330, 256
-0.99765, 225, 221, 352, 252
-0.997659, 63, 257, 78, 288
-0.997681, 151, 245, 166, 276
-0.997684, 57, 265, 72, 296
-0.997689, 81, 21, 208, 52
-0.997718, 353, 129, 480, 192
-0.997732, 129, 249, 144, 280
-0.997732, 371, 273, 386, 304
-0.997733, 35, 233, 50, 264
-0.997742, 51, 213, 66, 244
-0.997742, 425, 161, 488, 288
-0.99775, 145, 33, 272, 64
-0.997751, 159, 249, 174, 280
-0.997752, 265, 113, 280, 144
-0.997765, 75, 197, 90, 228
-0.997768, 129, 261, 144, 292
-0.997776, 35, 253, 50, 284
-0.99778, 449, 65, 480, 192
-0.997783, 401, 277, 416, 308
-0.997785, 195, 65, 210, 96
-0.997788, 391, 213, 406, 244
-0.99779, 391, 277, 406, 308
-0.997797, 201, 61, 216, 92
-0.997803, 121, 265, 136, 296
-0.997807, 441, 261, 456, 292
-0.997817, 413, 269, 428, 300
-0.997821, 45, 229, 60, 260
-0.997824, 321, 185, 448, 216
-0.997831, 43, 249, 58, 280
-0.997831, 175, 77, 190, 108
-0.997837, 401, 237, 416, 268
-0.997844, 95, 205, 110, 236
-0.997845, 61, 205, 76, 236
-0.997861, 99, 245, 114, 276
-0.997862, 271, 169, 286, 200
-0.997874, 175, 109, 190, 140
-0.997878, 377, 277, 392, 308
-0.997884, 83, 197, 98, 228
-0.997911, 75, 261, 90, 292
-0.997913, 185, 71, 248, 86
-0.99793, 1, 237, 16, 268
-0.997936, 135, 245, 150, 276
-0.997938, 115, 269, 130, 300
-0.997939, 265, 65, 296, 320
-0.997948, 125, 205, 140, 236
-0.997955, 175, 121, 190, 152
-0.997956, 407, 253, 422, 284
-0.997969, 141, 233, 156, 264
-0.997983, 179, 225, 194, 256
-0.997991, 83, 261, 98, 292
-0.997994, 165, 89, 180, 120
-0.99801, 225, 1, 352, 64
-0.998011, 395, 225, 410, 256
-0.998012, 331, 189, 346, 220
-0.998013, 141, 65, 172, 320
-0.998016, 89, 257, 104, 288
-0.998018, 465, 49, 496, 176
-0.998021, 119, 205, 134, 236
-0.998022, 139, 213, 154, 244
-0.998024, 57, 253, 72, 284
-0.998025, 23, 229, 38, 260
-0.998026, 107, 205, 122, 236
-0.998027, 89, 197, 104, 228
-0.998028, 67, 269, 82, 300
-0.998032, 357, 209, 372, 240
-0.998034, 69, 65, 100, 320
-0.998037, 73, 249, 88, 280
-0.99804, 169, 237, 184, 268
-0.99804, 113, 205, 128, 236
-0.998047, 347, 197, 362, 228
-0.998048, 451, 265, 466, 296
-0.998048, 113, 1, 144, 256
-0.998049, 185, 217, 200, 248
-0.998052, 99, 225, 114, 256
-0.998058, 407, 277, 422, 308
-0.99806, 51, 237, 66, 268
-0.998061, 1, 73, 128, 104
-0.998063, 271, 197, 286, 228
-0.998063, 183, 81, 198, 112
-0.99807, 431, 265, 446, 296
-0.998072, 363, 233, 378, 264
-0.99808, 1, 161, 32, 288
-0.998085, 129, 235, 192, 250
-0.998092, 245, 73, 260, 104
-0.998093, 257, 105, 272, 136
-0.998095, 225, 73, 240, 104
-0.998095, 1, 85, 128, 116
-0.998099, 465, 209, 496, 334
-0.998106, 241, 73, 368, 104
-0.998133, 235, 73, 250, 104
-0.998137, 281, 213, 296, 244
-0.998141, 339, 289, 354, 320
-0.998145, 147, 233, 162, 264
-0.998152, 57, 203, 120, 218
-0.998152, 27, 241, 42, 272
-0.998154, 41, 265, 56, 296
-0.998161, 1, 61, 128, 92
-0.998165, 117, 301, 132, 332
-0.998167, 115, 225, 130, 256
-0.99817, 137, 215, 200, 230
-0.998172, 179, 173, 194, 204
-0.998172, 11, 241, 26, 272
-0.998172, 337, 193, 352, 224
-0.998176, 189, 73, 204, 104
-0.998177, 407, 265, 422, 296
-0.998179, 385, 277, 400, 308
-0.998182, 69, 201, 84, 232
-0.998187, 311, 249, 326, 280
-0.998189, 287, 189, 302, 220
-0.998195, 297, 291, 360, 306
-0.998196, 429, 301, 444, 332
-0.998198, 417, 257, 432, 288
-0.998199, 129, 237, 144, 268
-0.998199, 339, 301, 354, 332
-0.998199, 281, 65, 312, 320
-0.9982, 409, 265, 472, 280
-0.998203, 183, 285, 198, 316
-0.998203, 361, 267, 424, 282
-0.998216, 165, 249, 180, 280
-0.998217, 177, 213, 192, 244
-0.998223, 61, 229, 76, 260
-0.998223, 403, 209, 418, 240
-0.998225, 17, 137, 144, 200
-0.998226, 21, 249, 36, 280
-0.998229, 161, 227, 224, 242
-0.99823, 137, 227, 200, 242
-0.99823, 145, 221, 160, 252
-0.998234, 77, 97, 108, 224
-0.998234, 33, 247, 96, 262
-0.998236, 207, 57, 222, 88
-0.998238, 325, 189, 340, 220
-0.998244, 321, 293, 384, 308
-0.998249, 33, 241, 96, 256
-0.99825, 47, 265, 62, 296
-0.99825, 171, 281, 186, 312
-0.998258, 177, 137, 192, 168
-0.998258, 73, 237, 88, 268
-0.998258, 97, 203, 160, 218
-0.998259, 173, 261, 188, 292
-0.998263, 123, 253, 138, 284
-0.998266, 81, 9, 208, 40
-0.998268, 313, 237, 328, 268
-0.99827, 121, 225, 136, 256
-0.998272, 137, 251, 200, 266
-0.998279, 41, 253, 104, 268
-0.998279, 177, 273, 192, 304
-0.998281, 109, 233, 124, 264
-0.998284, 253, 89, 268, 120
-0.998284, 209, 77, 272, 92
-0.99829, 93, 233, 108, 264
-0.998306, 105, 265, 120, 296
-0.998307, 9, 235, 72, 250
-0.998309, 123, 293, 138, 324
-0.998315, 307, 273, 322, 304
-0.998317, 177, 301, 192, 332
-0.998319, 129, 241, 192, 256
-0.99832, 363, 221, 378, 252
-0.998326, 137, 205, 200, 220
-0.998327, 95, 265, 110, 296
-0.998335, 97, 227, 160, 242
-0.998346, 1, 25, 500, 88
-0.998358, 353, 211, 416, 226
-0.998361, 217, 189, 280, 204
-0.998362, 53, 65, 84, 320
-0.998365, 329, 65, 360, 320
-0.998368, 169, 195, 232, 210
-0.998369, 161, 233, 224, 248
-0.998371, 161, 239, 224, 254
-0.998378, 161, 81, 224, 96
-0.99838, 137, 221, 200, 236
-0.998381, 225, 1, 480, 64
-0.998394, 1, 229, 64, 244
-0.998394, 321, 287, 384, 302
-0.998395, 81, 265, 144, 280
-0.998397, 369, 277, 432, 292
-0.998407, 257, 185, 320, 200
-0.998408, 97, 65, 128, 320
-0.998411, 1, 97, 128, 128
-0.998417, 41, 221, 104, 236
-0.998421, 361, 261, 424, 276
-0.998429, 361, 247, 424, 262
-0.99843, 81, 65, 112, 320
-0.998431, 169, 203, 232, 218
-0.998431, 337, 161, 464, 192
-0.998441, 49, 209, 112, 224
-0.998446, 41, 81, 72, 208
-0.998446, 33, 235, 96, 250
-0.998448, 281, 189, 344, 204
-0.998455, 353, 81, 480, 112
-0.99846, 177, 221, 240, 236
-0.998461, 41, 259, 104, 274
-0.998464, 161, 179, 224, 194
-0.998472, 49, 271, 80, 286
-0.998472, 233, 183, 296, 198
-0.998473, 121, 275, 152, 290
-0.998473, 153, 75, 216, 90
-0.998473, 301, 293, 332, 308
-0.998473, 57, 233, 88, 248
-0.998474, 93, 221, 124, 236
-0.998475, 301, 273, 332, 288
-0.998476, 369, 261, 400, 276
-0.998476, 177, 297, 208, 312
-0.998476, 353, 257, 384, 272
-0.998476, 133, 303, 164, 318
-0.998477, 65, 273, 128, 288
-0.998478, 85, 205, 116, 220
-0.998478, 113, 263, 144, 278
-0.998479, 253, 111, 284, 126
-0.998479, 329, 315, 392, 330
-0.99848, 221, 73, 252, 88
-0.99848, 169, 119, 200, 134
-0.99848, 161, 103, 224, 118
-0.998481, 289, 191, 320, 206
-0.998482, 341, 293, 372, 308
-0.998482, 181, 75, 212, 90
-0.998482, 313, 301, 344, 316
-0.998482, 53, 245, 84, 260
-0.998482, 325, 299, 356, 314
-0.998482, 333, 199, 364, 214
-0.998482, 313, 311, 344, 326
-0.998483, 165, 81, 196, 96
-0.998484, 337, 205, 368, 220
-0.998484, 85, 247, 116, 262
-0.998485, 13, 249, 44, 264
-0.998486, 313, 233, 344, 248
-0.998486, 125, 229, 156, 244
-0.998486, 349, 309, 380, 324
-0.998487, 301, 249, 332, 264
-0.998488, 97, 203, 128, 218
-0.998489, 237, 185, 268, 200
-0.99849, 173, 103, 204, 118
-0.998491, 169, 291, 200, 306
-0.998491, 301, 227, 332, 242
-0.998491, 349, 263, 380, 278
-0.998492, 241, 103, 272, 118
-0.998492, 225, 189, 256, 204
-0.998493, 81, 271, 112, 286
-0.998493, 305, 189, 336, 204
-0.998493, 29, 265, 60, 280
-0.998493, 85, 265, 116, 280
-0.998493, 453, 267, 484, 282
-0.998494, 113, 205, 144, 220
-0.998494, 329, 307, 360, 322
-0.998495, 173, 231, 204, 246
-0.998496, 25, 247, 56, 262
-0.998497, 173, 319, 204, 334
-0.998499, 321, 239, 384, 254
-0.998499, 173, 139, 204, 154
-0.9985, 301, 267, 332, 282
-0.9985, 89, 193, 120, 208
-0.9985, 333, 315, 364, 330
-0.998501, 317, 287, 348, 302
-0.998502, 365, 289, 396, 304
-0.998502, 209, 71, 240, 86
-0.998503, 297, 285, 360, 300
-0.998504, 125, 261, 156, 276
-0.998505, 177, 189, 208, 204
-0.998506, 185, 211, 216, 226
-0.998507, 349, 237, 380, 252
-0.998507, 305, 239, 336, 254
-0.998507, 37, 239, 68, 254
-0.998508, 165, 245, 196, 260
-0.998508, 253, 171, 284, 186
-0.998509, 53, 211, 84, 226
-0.99851, 41, 247, 72, 262
-0.998511, 141, 239, 172, 254
-0.998512, 353, 217, 416, 232
-0.998512, 293, 311, 324, 326
-0.998513, 73, 265, 104, 280
-0.998514, 185, 219, 216, 234
-0.998514, 113, 269, 144, 284
-0.998514, 145, 233, 176, 248
-0.998515, 101, 297, 132, 312
-0.998515, 33, 267, 96, 282
-0.998516, 237, 79, 268, 94
-0.998517, 261, 179, 292, 194
-0.998518, 17, 235, 48, 250
-0.998518, 405, 275, 436, 290
-0.998519, 361, 253, 424, 268
-0.998519, 1, 249, 64, 264
-0.998519, 353, 227, 416, 242
-0.998521, 193, 71, 224, 86
-0.998521, 177, 183, 208, 198
-0.998521, 133, 251, 164, 266
-0.998522, 61, 253, 92, 268
-0.998523, 113, 301, 144, 316
-0.998524, 25, 259, 56, 274
-0.998525, 121, 235, 152, 250
-0.998526, 325, 191, 356, 206
-0.998526, 181, 197, 212, 212
-0.998527, 69, 239, 100, 254
-0.998527, 105, 301, 168, 316
-0.998528, 353, 269, 384, 284
-0.998529, 233, 313, 264, 328
-0.998529, 53, 263, 84, 278
-0.998529, 185, 65, 248, 80
-0.998529, 253, 117, 284, 132
-0.998531, 113, 255, 144, 270
-0.998533, 289, 311, 352, 326
-0.998534, 97, 213, 160, 228
-0.998535, 413, 259, 444, 274
-0.998537, 49, 217, 80, 232
-0.998538, 169, 209, 232, 224
-0.998538, 29, 227, 60, 242
-0.998538, 1, 49, 128, 80
-0.998539, 393, 209, 424, 224
-0.99854, 225, 173, 288, 188
-0.998543, 121, 245, 152, 260
-0.998543, 401, 271, 464, 286
-0.998543, 5, 243, 36, 258
-0.998543, 281, 227, 344, 242
-0.998543, 145, 297, 208, 312
-0.998544, 137, 245, 168, 260
-0.998545, 173, 225, 204, 240
-0.998545, 321, 299, 384, 314
-0.998546, 381, 279, 412, 294
-0.998547, 41, 227, 104, 242
-0.998548, 169, 125, 200, 140
-0.998548, 321, 233, 384, 248
-0.998549, 321, 307, 384, 322
-0.998549, 169, 189, 232, 204
-0.99855, 121, 259, 184, 274
-0.998551, 101, 227, 132, 242
-0.998553, 89, 247, 152, 262
-0.998555, 269, 187, 300, 202
-0.998556, 61, 271, 92, 286
-0.998556, 49, 223, 80, 238
-0.998557, 353, 93, 480, 124
-0.998558, 173, 177, 204, 192
-0.998559, 289, 303, 352, 318
-0.998561, 49, 253, 80, 268
-0.998561, 413, 269, 444, 284
-0.998563, 69, 247, 100, 262
-0.998565, 97, 239, 160, 254
-0.998565, 333, 287, 364, 302
-0.998568, 57, 205, 88, 220
-0.998569, 81, 257, 144, 272
-0.998569, 369, 275, 400, 290
-0.998572, 125, 203, 156, 218
-0.998575, 125, 297, 156, 312
-0.998581, 41, 215, 104, 230
-0.998583, 21, 241, 52, 256
-0.998585, 161, 129, 224, 144
-0.998585, 129, 217, 160, 232
-0.998587, 65, 251, 128, 266
-0.998587, 129, 199, 192, 214
-0.99859, 61, 193, 76, 320
-0.99859, 105, 265, 168, 280
-0.998591, 289, 297, 352, 312
-0.998592, 433, 263, 464, 278
-0.998595, 337, 275, 400, 290
-0.998597, 65, 197, 128, 212
-0.998598, 41, 265, 72, 280
-0.998598, 325, 293, 356, 308
-0.998598, 393, 277, 424, 292
-0.998599, 241, 73, 272, 88
-0.998601, 161, 87, 224, 102
-0.998607, 41, 259, 72, 274
-0.998609, 97, 219, 160, 234
-0.99861, 49, 239, 80, 254
-0.998611, 17, 65, 48, 192
-0.998613, 281, 237, 344, 252
-0.998615, 17, 29, 144, 60
-0.998615, 149, 247, 180, 262
-0.998616, 305, 317, 368, 332
-0.99862, 185, 77, 248, 92
-0.998621, 37, 253, 68, 268
-0.998621, 37, 233, 68, 248
-0.998622, 57, 265, 120, 280
-0.998623, 161, 245, 224, 260
-0.998624, 113, 249, 176, 264
-0.998625, 41, 65, 72, 320
-0.998628, 161, 75, 192, 90
-0.998629, 129, 1, 256, 32
-0.998635, 297, 243, 360, 258
-0.998635, 1, 49, 32, 176
-0.998646, 89, 271, 152, 286
-0.998647, 145, 45, 272, 76
-0.99865, 197, 65, 228, 80
-0.998651, 185, 315, 248, 330
-0.998653, 153, 305, 216, 320
-0.998655, 161, 135, 224, 150
-0.998656, 313, 227, 376, 242
-0.998662, 209, 91, 272, 106
-0.998662, 169, 171, 232, 186
-0.998666, 161, 97, 224, 112
-0.998667, 401, 259, 464, 274
-0.998667, 297, 263, 360, 278
-0.998668, 1, 255, 64, 270
-0.998668, 57, 235, 120, 250
-0.99867, 257, 101, 384, 132
-0.998671, 125, 1, 156, 256
-0.998671, 353, 205, 416, 220
-0.998675, 305, 65, 336, 320
-0.998676, 55, 209, 70, 334
-0.998679, 217, 71, 280, 86
-0.99868, 1, 243, 64, 258
-0.998681, 209, 103, 272, 118
-0.998685, 361, 241, 424, 256
-0.998688, 361, 287, 424, 302
-0.998692, 73, 199, 104, 214
-0.998692, 89, 197, 152, 212
-0.998693, 17, 261, 80, 276
-0.998698, 321, 245, 384, 260
-0.998701, 225, 119, 288, 134
-0.998705, 321, 221, 384, 236
-0.998708, 105, 233, 168, 248
-0.998713, 81, 301, 144, 316
-0.998713, 121, 271, 184, 286
-0.998714, 361, 233, 424, 248
-0.998721, 217, 109, 280, 124
-0.998722, 305, 173, 432, 204
-0.998722, 369, 69, 496, 100
-0.998726, 337, 269, 400, 284
-0.998727, 71, 193, 86, 320
-0.998728, 209, 83, 272, 98
-0.998738, 177, 309, 240, 324
-0.99874, 297, 269, 360, 284
-0.998741, 273, 243, 336, 258
-0.998742, 257, 191, 320, 206
-0.998742, 57, 241, 120, 256
-0.998744, 433, 17, 496, 144
-0.998748, 41, 273, 104, 288
-0.998748, 161, 123, 224, 138
-0.998755, 137, 291, 200, 306
-0.998757, 161, 253, 224, 268
-0.998758, 377, 211, 440, 226
-0.998792, 49, 209, 64, 334
-0.998797, 177, 65, 192, 192
-0.998812, 87, 193, 102, 320
-0.998818, 315, 177, 330, 304
-0.998819, 263, 97, 278, 224
-0.998854, 29, 65, 60, 320
-0.99886, 175, 177, 190, 304
-0.998864, 135, 209, 150, 334
-0.998882, 321, 49, 448, 176
-0.998891, 225, 1, 352, 32
-0.998897, 1, 1, 500, 64
-0.998914, 251, 65, 266, 192
-0.998916, 199, 49, 214, 176
-0.998918, 125, 193, 140, 320
-0.998919, 353, 57, 480, 88
-0.998922, 77, 193, 92, 320
-0.998926, 281, 177, 296, 304
-0.998927, 353, 97, 480, 160
-0.998932, 403, 209, 418, 334
-0.998933, 109, 193, 124, 320
-0.998938, 273, 161, 288, 288
-0.998943, 321, 149, 448, 180
-0.998949, 337, 129, 464, 160
-0.998951, 1, 177, 128, 208
-0.998959, 353, 41, 480, 104
-0.99896, 115, 193, 130, 320
-0.998963, 303, 177, 318, 304
-0.998969, 97, 193, 112, 320
-0.998969, 327, 177, 342, 304
-0.998976, 395, 193, 410, 320
-0.998983, 5, 33, 36, 288
-0.99899, 289, 177, 304, 304
-0.998991, 353, 105, 480, 136
-0.998993, 193, 49, 208, 176
-0.999008, 257, 25, 500, 88
-0.99902, 341, 177, 356, 304
-0.999026, 103, 193, 118, 320
-0.999027, 169, 209, 184, 334
-0.999027, 363, 209, 378, 334
-0.999032, 1, 161, 128, 192
-0.999034, 1, 149, 128, 180
-0.999034, 205, 49, 220, 176
-0.999044, 341, 65, 372, 320
-0.999053, 369, 117, 496, 148
-0.99906, 19, 209, 34, 334
-0.999061, 33, 209, 48, 334
-0.999065, 211, 49, 226, 176
-0.999068, 353, 193, 368, 320
-0.999073, 173, 17, 188, 144
-0.999076, 9, 209, 24, 334
-0.999077, 141, 193, 156, 320
-0.999078, 233, 65, 248, 192
-0.999078, 245, 65, 260, 192
-0.999078, 297, 177, 312, 304
-0.999078, 185, 65, 200, 192
-0.99909, 149, 209, 164, 334
-0.999091, 167, 33, 182, 160
-0.999092, 257, 65, 272, 192
-0.999096, 321, 13, 448, 44
-0.999106, 369, 173, 496, 204
-0.999107, 25, 209, 40, 334
-0.999109, 183, 209, 198, 334
-0.99911, 163, 209, 178, 334
-0.999112, 17, 65, 48, 320
-0.999119, 221, 65, 236, 192
-0.999124, 167, 97, 182, 224
-0.999125, 437, 65, 468, 192
-0.999127, 179, 1, 194, 128
-0.999143, 329, 1, 392, 128
-0.999144, 405, 145, 436, 272
-0.999148, 309, 177, 324, 304
-0.99916, 1, 17, 128, 48
-0.999164, 33, 137, 160, 168
-0.999165, 269, 113, 284, 240
-0.999169, 409, 209, 424, 334
-0.999173, 221, 193, 236, 320
-0.999179, 227, 65, 242, 192
-0.999185, 239, 65, 254, 192
-0.999187, 209, 193, 224, 320
-0.999189, 347, 193, 362, 320
-0.999191, 185, 1, 200, 128
-0.999198, 273, 13, 400, 44
-0.999203, 335, 177, 350, 304
-0.999209, 321, 177, 336, 304
-0.999211, 155, 209, 170, 334
-0.999218, 55, 161, 70, 288
-0.99922, 369, 141, 496, 172
-0.999229, 179, 129, 194, 256
-0.999233, 43, 209, 58, 334
-0.999234, 453, 33, 484, 288
-0.999237, 169, 145, 184, 272
-0.999249, 95, 145, 110, 272
-0.999261, 267, 161, 282, 288
-0.999265, 215, 209, 230, 334
-0.999272, 3, 209, 18, 334
-0.999273, 215, 161, 230, 288
-0.999273, 347, 145, 362, 272
-0.999277, 57, 49, 88, 176
-0.99929, 197, 161, 212, 288
-0.999295, 185, 145, 200, 272
-0.999295, 109, 145, 124, 272
-0.999316, 227, 193, 242, 320
-0.999321, 161, 49, 176, 176
-0.999325, 133, 161, 148, 288
-0.999326, 119, 145, 134, 272
-0.999329, 203, 161, 218, 288
-0.999331, 87, 145, 102, 272
-0.999334, 77, 145, 92, 272
-0.999337, 465, 65, 496, 320
-0.999338, 257, 113, 272, 240
-0.999342, 373, 209, 388, 334
-0.999343, 417, 209, 432, 334
-0.999344, 273, 81, 336, 208
-0.999346, 103, 145, 118, 272
-0.999351, 249, 17, 264, 144
-0.999357, 191, 177, 206, 304
-0.999368, 127, 145, 142, 272
-0.999372, 389, 193, 404, 320
-0.999387, 221, 145, 236, 272
-0.999391, 281, 129, 296, 256
-0.999393, 199, 97, 214, 224
-0.999393, 239, 193, 254, 320
-0.999397, 423, 209, 438, 334
-0.9994, 69, 145, 84, 272
-0.9994, 203, 209, 218, 334
-0.9994, 335, 129, 350, 256
-0.9994, 63, 145, 78, 272
-0.999406, 15, 161, 30, 288
-0.999409, 227, 145, 242, 272
-0.99941, 275, 113, 290, 240
-0.999425, 357, 65, 388, 320
-0.999426, 237, 17, 252, 144
-0.99943, 289, 129, 304, 256
-0.999431, 307, 129, 322, 256
-0.999432, 359, 161, 374, 288
-0.999435, 191, 1, 206, 128
-0.999435, 325, 129, 340, 256
-0.999436, 219, 17, 234, 144
-0.999439, 201, 1, 216, 128
-0.999443, 353, 145, 368, 272
-0.999443, 155, 49, 170, 176
-0.999446, 295, 129, 310, 256
-0.999447, 233, 177, 248, 304
-0.999448, 275, 209, 290, 334
-0.999448, 45, 161, 60, 288
-0.999449, 209, 145, 224, 272
-0.99945, 243, 17, 258, 144
-0.999451, 245, 177, 260, 304
-0.999451, 191, 97, 206, 224
-0.999452, 317, 129, 332, 256
-0.999465, 205, 97, 220, 224
-0.999469, 25, 161, 40, 288
-0.999471, 251, 193, 266, 320
-0.999471, 293, 65, 324, 320
-0.999472, 21, 239, 36, 254
-0.999473, 225, 17, 240, 144
-0.999475, 113, 261, 128, 276
-0.999476, 109, 229, 124, 244
-0.999478, 313, 249, 328, 264
-0.999483, 341, 129, 356, 256
-0.999487, 193, 183, 208, 198
-0.999488, 169, 237, 184, 252
-0.999488, 209, 61, 224, 76
-0.99949, 151, 299, 166, 314
-0.999491, 137, 201, 152, 216
-0.999492, 251, 145, 266, 272
-0.999493, 95, 271, 110, 286
-0.999493, 239, 145, 254, 272
-0.999494, 261, 193, 276, 320
-0.999497, 99, 247, 114, 262
-0.999499, 367, 269, 382, 284
-0.999505, 301, 129, 316, 256
-0.999512, 75, 241, 90, 256
-0.999512, 295, 311, 310, 326
-0.999512, 97, 225, 112, 240
-0.999514, 175, 229, 190, 244
-0.999515, 267, 121, 282, 136
-0.999519, 113, 273, 128, 288
-0.999521, 179, 295, 194, 310
-0.999523, 47, 231, 62, 246
-0.999525, 171, 249, 186, 264
-0.999526, 163, 91, 178, 106
-0.999526, 443, 263, 458, 278
-0.999527, 241, 77, 256, 92
-0.99953, 333, 191, 348, 206
-0.999531, 177, 169, 192, 184
-0.999532, 317, 65, 348, 320
-0.999532, 325, 189, 340, 204
-0.999535, 219, 71, 234, 86
-0.999535, 271, 195, 286, 210
-0.999537, 27, 245, 42, 260
-0.999538, 83, 267, 98, 282
-0.999544, 75, 199, 90, 214
-0.999547, 65, 205, 80, 220
-0.99955, 213, 259, 228, 274
-0.99955, 183, 319, 198, 334
-0.999554, 287, 189, 302, 204
-0.999559, 53, 211, 68, 226
-0.999559, 281, 217, 296, 232
-0.999564, 51, 223, 66, 238
-0.999565, 121, 263, 136, 278
-0.999567, 125, 205, 140, 220
-0.99957, 175, 121, 190, 136
-0.999579, 11, 249, 26, 264
-0.999581, 99, 231, 114, 246
-0.999587, 53, 265, 68, 280
-0.999588, 125, 297, 140, 312
-0.999594, 93, 205, 108, 220
-0.999594, 451, 265, 466, 280
-0.999599, 257, 107, 272, 122
-0.999599, 145, 243, 160, 258
-0.999599, 347, 197, 362, 212
-0.9996, 173, 77, 188, 92
-0.999606, 127, 261, 142, 276
-0.999608, 189, 77, 204, 92
-0.999609, 195, 71, 210, 86
-0.999609, 179, 301, 194, 316
-0.99961, 1, 245, 16, 260
-0.999617, 145, 299, 160, 314
-0.999617, 339, 289, 354, 304
-0.999617, 177, 139, 192, 154
-0.999618, 275, 179, 290, 194
-0.999619, 71, 235, 86, 250
-0.999619, 99, 209, 114, 224
-0.999623, 51, 237, 66, 252
-0.999624, 141, 217, 156, 232
-0.999625, 31, 233, 46, 248
-0.999626, 179, 311, 194, 326
-0.99963, 277, 193, 292, 208
-0.999635, 145, 249, 160, 264
-0.999637, 185, 295, 200, 310
-0.999638, 119, 205, 134, 220
-0.999639, 119, 271, 134, 286
-0.999639, 181, 289, 196, 304
-0.999645, 431, 265, 446, 280
-0.999646, 263, 111, 278, 126
-0.999646, 437, 263, 452, 278
-0.999646, 59, 207, 74, 222
-0.999653, 127, 255, 142, 270
-0.999658, 281, 185, 296, 200
-0.99966, 165, 249, 180, 264
-0.999669, 341, 195, 356, 210
-0.999669, 315, 227, 330, 242
-0.99967, 415, 269, 430, 284
-0.999677, 131, 249, 146, 264
-0.999679, 105, 223, 120, 238
-0.999684, 119, 299, 134, 314
-0.999686, 73, 267, 88, 282
-0.9997, 187, 223, 202, 238
-0.9997, 71, 249, 86, 264
-0.999704, 81, 197, 96, 212
-0.999706, 41, 229, 56, 244
-0.999713, 43, 263, 58, 278
-0.999723, 43, 247, 58, 262
-0.999729, 379, 277, 394, 292
-0.999731, 63, 265, 78, 280
-0.999737, 197, 65, 212, 80
-0.999739, 67, 271, 82, 286
-0.999741, 269, 173, 284, 188
-0.999745, 27, 227, 42, 242
-0.999746, 387, 279, 402, 294
-0.999757, 11, 243, 26, 258
-0.999762, 399, 277, 414, 292
-0.999767, 373, 275, 388, 290
-0.999768, 409, 273, 424, 288
-0.999773, 183, 81, 198, 96
-0.999774, 145, 237, 160, 252
-0.999775, 87, 201, 102, 216
-0.999783, 159, 247, 174, 262
-0.999786, 369, 65, 400, 320
-0.99979, 53, 259, 68, 274
-0.9998, 43, 255, 58, 270
-0.999805, 67, 255, 82, 270
-0.999806, 1, 1, 64, 128
-0.999821, 393, 279, 408, 294
-0.999823, 253, 209, 284, 334
-0.999833, 321, 9, 448, 72
-0.999838, 169, 243, 184, 258
-0.99984, 61, 239, 76, 254
-0.999859, 203, 63, 218, 78
-0.99986, 131, 201, 146, 216
-0.999875, 33, 257, 48, 272
-0.999878, 231, 315, 246, 330
-0.999881, 29, 65, 60, 192
-0.999883, 165, 73, 180, 88
-0.999903, 35, 239, 50, 254
-0.999909, 397, 207, 412, 222
-0.999911, 135, 257, 150, 272
-0.999919, 389, 65, 420, 320
-0.99992, 333, 287, 348, 302
-0.999926, 139, 245, 154, 260
-0.999942, 305, 113, 432, 176
-0.99996, 139, 251, 154, 266
-0.999964, 333, 293, 348, 308
-0.999969, 151, 247, 166, 262
-0.999973, 61, 255, 76, 270
-0.999973, 51, 253, 66, 268
-1.00002, 441, 33, 472, 288
-1.00004, 1, 9, 128, 72
-1.00014, 417, 97, 448, 224
-1.00023, 251, 71, 266, 86
-1.00052, 401, 65, 432, 320
-1.00064, 369, 49, 432, 176
-1.00065, 353, 1, 416, 128
-1.0007, 421, 65, 452, 320
-1.00092, 421, 145, 452, 272
-1.00098, 381, 161, 412, 288
-1.00142, 273, 9, 400, 72
-1.00145, 33, 113, 160, 176
-1.00151, 289, 89, 416, 152
-1.0016, 105, 65, 168, 192
-1.00177, 41, 33, 72, 160
-1.00184, 449, 113, 480, 240
-1.00197, 453, 17, 484, 144
-1.00198, 433, 113, 464, 240
-1.00199, 469, 113, 500, 240
-1.00199, 345, 97, 376, 224
-1.00199, 57, 97, 88, 224
-1.00224, 289, 33, 416, 96
-1.00235, 149, 113, 180, 240
-1.00236, 369, 1, 496, 64
-1.00257, 73, 1, 104, 128
-1.00267, 21, 17, 52, 144
-1.00278, 89, 97, 120, 224
-1.00289, 1, 113, 64, 240
-1.00294, 305, 65, 432, 128
-1.00306, 393, 81, 424, 208
-1.00316, 425, 49, 456, 176
-1.00319, 305, 81, 368, 208
-1.00321, 357, 113, 388, 240
-1.0033, 305, 1, 368, 128
-1.0035, 289, 137, 416, 200
-1.00376, 329, 81, 392, 208
-1.00379, 1, 1, 32, 128
-1.0038, 377, 1, 440, 128
-1.00386, 405, 65, 436, 192
-1.00409, 241, 33, 368, 96
-1.0041, 333, 1, 364, 128
-1.0041, 365, 1, 396, 128
-1.0042, 353, 113, 416, 240
-1.00443, 269, 33, 300, 160
-1.00458, 133, 113, 164, 240
-1.00471, 281, 81, 312, 208
-1.00482, 465, 161, 496, 288
-1.00483, 441, 17, 472, 144
-1.00497, 381, 81, 412, 208
-1.00506, 465, 1, 496, 128
-1.00521, 321, 1, 352, 128
-1.00525, 453, 161, 484, 288
-1.00527, 333, 97, 364, 224
-1.0053, 25, 113, 56, 240
-1.0054, 437, 161, 468, 288
-1.00542, 1, 97, 32, 224
-1.00554, 281, 17, 344, 144
