1939
-0.35725, 1, 1, 360, 500
-0.456174, 1, 33, 360, 288
-0.501564, 1, 1, 256, 500
-0.504939, 97, 1, 352, 500
-0.541705, 1, 257, 360, 500
-0.616118, 97, 129, 352, 384
-0.621433, 65, 225, 320, 480
-0.622675, 1, 129, 360, 384
-0.627306, 1, 65, 256, 320
-0.690129, 97, 1, 352, 256
-0.859428, 17, 161, 144, 416
-0.859945, 49, 65, 176, 320
-0.86043, 1, 1, 128, 256
-0.86099, 225, 161, 352, 416
-0.861765, 49, 1, 176, 500
-0.879116, 1, 1, 128, 500
-0.882122, 193, 257, 320, 500
-0.887604, 177, 161, 304, 416
-0.887619, 113, 1, 240, 500
-0.887636, 97, 225, 224, 480
-0.888842, 113, 129, 240, 384
-0.897222, 17, 257, 144, 500
-0.898208, 225, 1, 352, 500
-0.898773, 145, 257, 272, 500
-0.904179, 97, 33, 224, 288
-0.906037, 161, 1, 288, 500
-0.907418, 1, 33, 360, 160
-0.908875, 1, 305, 360, 432
-0.911568, 1, 353, 360, 480
-0.91431, 1, 257, 360, 384
-0.91453, 193, 33, 320, 288
-0.918419, 1, 145, 360, 272
-0.91845, 1, 81, 360, 208
-0.921569, 97, 241, 352, 368
-0.926095, 97, 177, 352, 304
-0.92944, 1, 209, 360, 336
-0.931562, 65, 305, 320, 432
-0.934298, 97, 353, 352, 480
-0.935786, 113, 321, 240, 448
-0.936191, 1, 225, 256, 352
-0.939149, 1, 353, 256, 480
-0.939835, 33, 17, 288, 144
-0.942285, 145, 1, 272, 256
-0.943848, 1, 129, 256, 256
-0.946155, 1, 177, 256, 304
-0.946926, 297, 209, 360, 336
-0.947224, 249, 321, 312, 448
-0.947672, 177, 273, 304, 400
-0.948205, 137, 321, 200, 448
-0.948245, 97, 129, 352, 256
-0.948333, 9, 49, 72, 176
-0.948452, 33, 65, 288, 192
-0.949638, 49, 65, 112, 192
-0.949771, 97, 209, 224, 336
-0.949966, 161, 337, 224, 464
-0.950258, 225, 161, 352, 288
-0.950696, 177, 337, 304, 464
-0.951336, 73, 81, 136, 208
-0.95187, 33, 241, 160, 368
-0.951984, 209, 369, 272, 496
-0.952019, 1, 33, 128, 160
-0.952391, 273, 305, 336, 432
-0.953051, 9, 1, 72, 128
-0.953133, 225, 289, 352, 416
-0.953957, 177, 161, 304, 288
-0.954114, 97, 369, 224, 496
-0.954271, 65, 65, 192, 192
-0.955035, 1, 193, 128, 320
-0.956407, 33, 1, 96, 128
-0.956744, 297, 257, 360, 384
-0.956935, 249, 161, 312, 288
-0.957263, 225, 353, 352, 480
-0.957271, 33, 129, 160, 256
-0.95781, 65, 305, 192, 432
-0.957924, 153, 321, 216, 384
-0.958573, 1, 81, 128, 208
-0.959057, 297, 145, 360, 272
-0.95919, 65, 209, 128, 336
-0.959293, 65, 17, 192, 144
-0.961354, 105, 305, 168, 432
-0.961424, 233, 273, 296, 400
-0.961457, 201, 161, 264, 288
-0.961511, 201, 305, 264, 432
-0.962583, 17, 241, 80, 368
-0.963119, 97, 65, 160, 192
-0.963206, 209, 209, 272, 336
-0.963322, 169, 257, 232, 384
-0.96358, 185, 369, 248, 496
-0.963664, 17, 289, 144, 416
-0.963705, 97, 233, 160, 296
-0.964253, 273, 177, 336, 304
-0.964263, 113, 257, 240, 384
-0.964282, 81, 129, 144, 256
-0.964464, 217, 161, 280, 224
-0.96453, 33, 33, 96, 96
-0.964881, 297, 289, 360, 352
-0.965453, 113, 161, 240, 288
-0.96553, 209, 209, 336, 336
-0.965679, 113, 49, 240, 176
-0.965679, 113, 113, 240, 240
-0.965885, 57, 17, 120, 144
-0.966014, 121, 193, 184, 320
-0.966022, 209, 257, 272, 384
-0.966058, 9, 41, 72, 104
-0.966653, 97, 177, 160, 304
-0.966906, 33, 129, 96, 256
-0.966975, 33, 65, 96, 128
-0.967241, 289, 217, 352, 280
-0.967384, 17, 289, 80, 416
-0.967556, 161, 225, 288, 352
-0.967587, 105, 209, 168, 272
-0.967617, 105, 113, 168, 240
-0.967784, 273, 305, 336, 368
-0.967837, 129, 369, 192, 496
-0.968515, 33, 9, 96, 72
-0.968713, 105, 369, 168, 496
-0.968811, 49, 353, 176, 480
-0.968933, 9, 193, 72, 256
-0.969099, 273, 129, 336, 256
-0.969275, 281, 177, 344, 240
-0.969281, 121, 321, 184, 384
-0.969324, 1, 97, 64, 224
-0.969483, 113, 1, 240, 128
-0.969544, 9, 177, 72, 304
-0.969585, 225, 161, 288, 288
-0.969636, 81, 273, 144, 336
-0.969686, 1, 1, 64, 64
-0.969761, 249, 153, 312, 216
-0.969899, 169, 321, 200, 384
-0.969976, 233, 369, 296, 496
-0.970354, 105, 241, 168, 368
-0.970505, 249, 337, 312, 400
-0.970508, 129, 217, 192, 280
-0.970532, 273, 225, 336, 352
-0.970615, 153, 177, 216, 304
-0.97063, 89, 129, 152, 192
-0.970725, 73, 81, 136, 144
-0.97081, 41, 209, 104, 336
-0.970923, 81, 257, 144, 384
-0.971051, 137, 193, 200, 256
-0.971143, 289, 369, 352, 496
-0.971508, 49, 257, 112, 384
-0.971804, 273, 153, 336, 216
-0.97198, 265, 409, 328, 472
-0.972071, 233, 361, 296, 424
-0.972102, 177, 161, 240, 288
-0.972173, 121, 49, 184, 176
-0.972243, 297, 305, 360, 432
-0.972273, 193, 113, 320, 240
-0.972585, 105, 297, 168, 360
-0.972689, 265, 209, 328, 272
-0.972811, 9, 81, 72, 144
-0.972844, 49, 177, 176, 304
-0.972947, 297, 161, 360, 416
-0.972965, 165, 321, 196, 448
-0.973119, 97, 105, 160, 168
-0.973188, 153, 345, 216, 408
-0.973206, 97, 321, 224, 384
-0.97336, 137, 241, 200, 368
-0.973489, 73, 217, 136, 280
-0.973539, 57, 145, 120, 272
-0.973728, 25, 297, 88, 360
-0.973813, 81, 337, 144, 464
-0.973856, 81, 225, 144, 480
-0.974092, 233, 281, 296, 344
-0.974131, 1, 337, 128, 464
-0.974145, 129, 345, 192, 408
-0.974158, 297, 265, 360, 328
-0.974255, 297, 417, 360, 480
-0.974346, 41, 153, 104, 216
-0.974591, 177, 217, 240, 280
-0.974622, 1, 169, 64, 232
-0.97469, 185, 209, 248, 336
-0.97477, 105, 353, 168, 416
-0.975105, 1, 297, 64, 360
-0.975255, 81, 65, 144, 320
-0.975415, 81, 225, 208, 288
-0.975441, 169, 393, 232, 456
-0.975505, 1, 1, 128, 64
-0.975532, 9, 249, 72, 312
-0.97557, 249, 209, 312, 336
-0.975582, 209, 385, 272, 448
-0.975702, 225, 433, 288, 496
-0.975724, 153, 305, 184, 432
-0.976012, 121, 193, 184, 448
-0.976096, 241, 161, 304, 416
-0.976155, 17, 1, 80, 256
-0.976167, 181, 329, 212, 392
-0.976191, 225, 169, 352, 232
-0.976219, 57, 65, 120, 320
-0.976224, 65, 1, 96, 64
-0.976411, 297, 393, 360, 456
-0.97643, 185, 161, 248, 224
-0.97658, 209, 241, 272, 304
-0.97659, 273, 433, 336, 496
-0.976722, 1, 81, 128, 144
-0.976762, 233, 113, 296, 240
-0.976787, 265, 369, 328, 496
-0.976845, 81, 17, 144, 144
-0.976845, 225, 321, 288, 448
-0.976944, 233, 185, 296, 248
-0.97695, 185, 345, 248, 408
-0.976954, 49, 97, 112, 160
-0.97706, 41, 201, 104, 264
-0.977089, 257, 177, 320, 240
-0.977089, 129, 121, 192, 184
-0.977129, 57, 41, 88, 104
-0.977267, 33, 273, 96, 336
-0.977354, 225, 361, 352, 424
-0.977377, 1, 57, 128, 120
-0.977402, 153, 225, 216, 288
-0.977415, 105, 377, 168, 440
-0.977526, 33, 209, 160, 272
-0.977544, 161, 161, 288, 224
-0.977609, 257, 265, 320, 328
-0.97762, 297, 257, 360, 500
-0.977641, 129, 297, 192, 360
-0.977642, 177, 297, 304, 360
-0.97777, 297, 145, 360, 208
-0.977788, 57, 257, 120, 320
-0.978054, 209, 113, 272, 240
-0.978061, 81, 193, 144, 256
-0.978078, 177, 321, 208, 448
-0.978088, 225, 65, 352, 192
-0.978162, 225, 273, 352, 336
-0.978168, 201, 257, 264, 500
-0.978171, 69, 1, 100, 128
-0.978303, 9, 273, 72, 336
-0.978407, 161, 97, 224, 224
-0.978478, 61, 65, 92, 128
-0.978519, 113, 305, 144, 368
-0.978551, 81, 297, 144, 360
-0.97857, 201, 433, 264, 496
-0.978601, 89, 321, 152, 384
-0.978636, 249, 433, 312, 496
-0.978706, 9, 65, 40, 128
-0.97871, 65, 65, 96, 192
-0.978717, 97, 81, 160, 144
-0.978725, 117, 233, 148, 296
-0.978752, 65, 121, 128, 184
-0.978783, 129, 377, 192, 440
-0.978849, 313, 209, 344, 336
-0.978956, 153, 321, 184, 384
-0.979085, 245, 161, 276, 224
-0.979094, 57, 17, 120, 80
-0.979163, 45, 1, 76, 128
-0.979205, 49, 1, 80, 64
-0.979423, 325, 193, 356, 320
-0.979443, 193, 17, 320, 144
-0.979562, 145, 329, 272, 392
-0.979602, 49, 17, 176, 80
-0.979652, 297, 289, 328, 416
-0.979665, 209, 409, 272, 472
-0.979687, 185, 297, 248, 360
-0.979706, 153, 369, 216, 432
-0.979844, 33, 225, 96, 288
-0.980055, 49, 73, 176, 136
-0.980108, 105, 65, 136, 192
-0.980149, 161, 345, 192, 408
-0.980169, 49, 105, 176, 168
-0.980194, 33, 289, 160, 352
-0.980253, 105, 65, 168, 320
-0.980304, 141, 329, 172, 392
-0.980433, 33, 233, 160, 296
-0.980519, 273, 193, 336, 448
-0.980627, 57, 1, 88, 128
-0.980638, 193, 161, 256, 416
-0.98065, 5, 49, 36, 176
-0.98087, 25, 1, 56, 128
-0.98089, 297, 81, 360, 208
-0.98099, 273, 81, 336, 208
-0.981036, 25, 41, 56, 104
-0.981058, 81, 81, 112, 208
-0.981121, 117, 281, 148, 344
-0.981137, 249, 313, 312, 376
-0.981143, 97, 401, 160, 464
-0.981146, 1, 137, 64, 200
-0.981156, 193, 409, 320, 472
-0.981204, 285, 401, 316, 464
-0.981223, 25, 337, 88, 464
-0.981225, 293, 297, 324, 360
-0.981246, 225, 145, 352, 208
-0.981362, 113, 193, 240, 256
-0.981416, 145, 353, 272, 416
-0.981417, 81, 81, 112, 144
-0.981465, 217, 129, 280, 384
-0.981467, 225, 337, 352, 400
-0.981483, 37, 1, 68, 64
-0.981484, 1, 9, 32, 72
-0.981538, 137, 1, 200, 128
-0.981542, 129, 145, 192, 272
-0.981601, 57, 57, 120, 120
-0.98161, 33, 185, 64, 248
-0.981647, 57, 193, 120, 448
-0.98173, 121, 257, 184, 320
-0.981799, 65, 337, 128, 400
-0.98183, 185, 369, 248, 432
-0.981876, 205, 161, 236, 288
-0.981913, 45, 25, 76, 88
-0.981917, 33, 129, 160, 192
-0.982, 273, 377, 336, 440
-0.98205, 113, 145, 176, 208
-0.982138, 225, 337, 288, 400
-0.982221, 161, 377, 288, 440
-0.982255, 225, 257, 288, 500
-0.982309, 121, 193, 152, 320
-0.982323, 233, 225, 296, 288
-0.982421, 57, 89, 88, 152
-0.982581, 1, 25, 128, 88
-0.982582, 1, 1, 32, 128
-0.982652, 121, 321, 152, 448
-0.982668, 137, 97, 200, 224
-0.982682, 233, 161, 264, 224
-0.982684, 193, 193, 320, 256
-0.982703, 41, 177, 104, 240
-0.982721, 41, 73, 72, 136
-0.982739, 113, 121, 240, 184
-0.982857, 197, 337, 228, 464
-0.982913, 49, 305, 112, 432
-0.98297, 209, 161, 240, 224
-0.982991, 93, 121, 124, 184
-0.983006, 225, 225, 352, 288
-0.98301, 261, 161, 292, 224
-0.983117, 313, 161, 344, 288
-0.983136, 97, 345, 224, 408
-0.983192, 209, 361, 272, 424
-0.983194, 329, 193, 360, 256
-0.983199, 1, 353, 64, 480
-0.983236, 281, 305, 312, 432
-0.98326, 17, 97, 80, 352
-0.983264, 177, 425, 240, 488
-0.983316, 101, 225, 132, 352
-0.983432, 93, 81, 124, 144
-0.983437, 113, 57, 176, 120
-0.983486, 113, 1, 176, 128
-0.983504, 21, 1, 52, 64
-0.983512, 9, 113, 72, 176
-0.983536, 49, 41, 176, 104
-0.983538, 161, 433, 288, 496
-0.983627, 221, 369, 252, 496
-0.983642, 221, 161, 252, 224
-0.983691, 113, 185, 176, 248
-0.98371, 17, 145, 48, 272
-0.983763, 145, 89, 208, 152
-0.983773, 1, 321, 64, 384
-0.983796, 129, 257, 256, 320
-0.983845, 329, 169, 360, 232
-0.983848, 209, 185, 272, 248
-0.983854, 45, 49, 76, 112
-0.983863, 265, 161, 296, 288
-0.983866, 177, 65, 304, 192
-0.983871, 69, 25, 100, 88
-0.983901, 209, 137, 272, 200
-0.983909, 261, 321, 292, 448
-0.983917, 141, 305, 172, 368
-0.983969, 297, 65, 360, 320
-0.984035, 93, 81, 124, 208
-0.984048, 137, 321, 168, 448
-0.984052, 89, 1, 152, 500
-0.98406, 297, 177, 328, 304
-0.984078, 257, 33, 320, 288
-0.984098, 53, 49, 84, 176
-0.984098, 13, 97, 44, 224
-0.984126, 49, 313, 176, 376
-0.984149, 233, 393, 296, 456
-0.984177, 49, 297, 112, 360
-0.984226, 41, 49, 72, 176
-0.984303, 289, 329, 352, 392
-0.984335, 149, 177, 180, 304
-0.98439, 309, 289, 340, 352
-0.984394, 161, 153, 224, 216
-0.984436, 41, 273, 72, 336
-0.984455, 113, 393, 240, 456
-0.984466, 185, 369, 216, 496
-0.984547, 325, 425, 356, 488
-0.984639, 185, 193, 248, 256
-0.984664, 65, 153, 128, 216
-0.984694, 29, 209, 60, 336
-0.984701, 249, 129, 312, 192
-0.984746, 225, 249, 352, 312
-0.984767, 1, 185, 128, 248
-0.984772, 301, 129, 332, 256
-0.984806, 33, 153, 160, 216
-0.984808, 145, 193, 176, 256
-0.984833, 137, 401, 200, 464
-0.984886, 105, 81, 136, 144
-0.984892, 113, 241, 144, 368
-0.984903, 317, 273, 348, 400
-0.984951, 77, 1, 108, 64
-0.984983, 117, 209, 148, 272
-0.984998, 121, 65, 152, 192
-0.985005, 329, 257, 360, 384
-0.985062, 81, 361, 144, 424
-0.98507, 233, 353, 264, 480
-0.985075, 1, 225, 64, 288
-0.985081, 193, 273, 256, 336
-0.985138, 121, 425, 184, 488
-0.98514, 141, 353, 172, 416
-0.985154, 169, 97, 232, 352
-0.985178, 265, 241, 328, 304
-0.985204, 209, 297, 272, 360
-0.985262, 129, 369, 160, 496
-0.985263, 21, 169, 52, 232
-0.985269, 173, 369, 204, 496
-0.985307, 97, 225, 128, 288
-0.985315, 161, 233, 288, 296
-0.98535, 329, 129, 360, 256
-0.985382, 13, 1, 44, 128
-0.985383, 177, 353, 208, 416
-0.985416, 209, 33, 272, 288
-0.985426, 29, 49, 60, 176
-0.985439, 153, 249, 216, 312
-0.98544, 269, 409, 300, 472
-0.98548, 217, 161, 248, 288
-0.985481, 249, 337, 280, 464
-0.985561, 225, 433, 352, 496
-0.985595, 81, 129, 112, 256
-0.985605, 33, 353, 96, 416
-0.985671, 281, 161, 312, 224
-0.985696, 33, 265, 160, 328
-0.985698, 97, 297, 224, 360
-0.985725, 129, 137, 160, 200
-0.985745, 193, 337, 224, 400
-0.98578, 29, 161, 60, 288
-0.985795, 145, 49, 208, 176
-0.985809, 73, 417, 136, 480
-0.985828, 177, 321, 240, 384
-0.985862, 281, 161, 312, 288
-0.985863, 97, 65, 224, 128
-0.985884, 73, 57, 104, 120
-0.985891, 1, 369, 64, 432
-0.985905, 105, 121, 136, 184
-0.985914, 29, 73, 60, 136
-0.98592, 1, 97, 32, 224
-0.985976, 301, 153, 332, 216
-0.985983, 313, 177, 344, 240
-0.985992, 225, 369, 256, 432
-0.985993, 137, 65, 200, 320
-0.986016, 177, 241, 240, 304
-0.98607, 97, 369, 224, 432
-0.986116, 297, 241, 328, 368
-0.9862, 121, 105, 152, 168
-0.986243, 205, 289, 236, 416
-0.986269, 125, 305, 156, 368
-0.986277, 229, 241, 260, 368
-0.986283, 321, 257, 352, 320
-0.98629, 1, 105, 128, 168
-0.986332, 113, 1, 176, 500
-0.986399, 289, 241, 352, 304
-0.98643, 209, 369, 240, 496
-0.986439, 185, 257, 216, 384
-0.986441, 61, 209, 92, 336
-0.986468, 209, 209, 272, 272
-0.986468, 49, 425, 112, 488
-0.986509, 9, 145, 40, 208
-0.986533, 301, 409, 332, 472
-0.98662, 161, 369, 192, 496
-0.986653, 249, 273, 280, 400
-0.986684, 161, 1, 224, 128
-0.986743, 245, 361, 276, 424
-0.986788, 33, 121, 96, 184
-0.986808, 97, 97, 224, 160
-0.986826, 49, 1, 112, 500
-0.98691, 137, 193, 168, 320
-0.986926, 165, 241, 196, 368
-0.986937, 133, 209, 164, 272
-0.986969, 77, 209, 108, 336
-0.986973, 17, 337, 144, 400
-0.98699, 125, 241, 156, 368
-0.986999, 209, 385, 240, 448
-0.987067, 1, 1, 64, 500
-0.987114, 233, 161, 264, 288
-0.987124, 321, 217, 352, 280
-0.987184, 297, 177, 328, 240
-0.987197, 13, 33, 44, 96
-0.98721, 25, 97, 56, 224
-0.987224, 205, 225, 236, 352
-0.987245, 225, 305, 352, 368
-0.987285, 101, 265, 132, 328
-0.987293, 281, 353, 344, 416
-0.987344, 113, 369, 144, 496
-0.98736, 41, 257, 72, 384
-0.987361, 81, 249, 208, 312
-0.98738, 245, 185, 276, 248
-0.987435, 277, 321, 308, 384
-0.987444, 121, 353, 152, 416
-0.98752, 97, 433, 160, 496
-0.987562, 61, 129, 92, 256
-0.987567, 5, 105, 36, 168
-0.987567, 5, 161, 36, 288
-0.987625, 193, 393, 224, 456
-0.987648, 1, 41, 32, 104
-0.98765, 121, 385, 152, 448
-0.987689, 81, 49, 144, 112
-0.987691, 249, 433, 280, 496
-0.987729, 281, 1, 344, 500
-0.987785, 201, 49, 264, 176
-0.987788, 49, 209, 80, 336
-0.9878, 313, 417, 344, 480
-0.987802, 17, 193, 48, 320
-0.987835, 237, 281, 268, 344
-0.987883, 301, 265, 332, 328
-0.98789, 153, 425, 216, 488
-0.98789, 109, 305, 140, 432
-0.987904, 101, 305, 132, 368
-0.987911, 33, 369, 160, 432
-0.987915, 313, 153, 344, 216
-0.987923, 121, 129, 152, 256
-0.987926, 217, 209, 248, 336
-0.987934, 137, 169, 200, 232
-0.987975, 53, 257, 84, 384
-0.987987, 273, 129, 336, 192
-0.988029, 113, 417, 240, 480
-0.988061, 17, 89, 48, 152
-0.988069, 209, 385, 336, 448
-0.988074, 41, 145, 72, 272
-0.988137, 37, 97, 68, 224
-0.988158, 153, 377, 184, 440
-0.988172, 285, 257, 316, 384
-0.988225, 81, 17, 112, 144
-0.988229, 249, 257, 312, 500
-0.988283, 185, 113, 248, 240
-0.988283, 153, 257, 216, 500
-0.988311, 313, 113, 344, 240
-0.988313, 137, 241, 168, 368
-0.988313, 81, 257, 112, 384
-0.988326, 33, 193, 96, 448
-0.988329, 17, 49, 48, 176
-0.98841, 329, 353, 360, 480
-0.988449, 21, 193, 52, 256
-0.988467, 161, 193, 224, 256
-0.988539, 13, 249, 44, 312
-0.988539, 141, 369, 172, 496
-0.988552, 33, 249, 96, 312
-0.988595, 33, 305, 64, 432
-0.988637, 137, 1, 200, 500
-0.98864, 93, 129, 124, 256
-0.988682, 225, 409, 256, 472
-0.988728, 109, 113, 140, 240
-0.988733, 225, 289, 256, 352
-0.988742, 285, 377, 316, 440
-0.988765, 245, 385, 276, 448
-0.988775, 97, 145, 224, 208
-0.988786, 57, 281, 88, 344
-0.988836, 241, 1, 304, 500
-0.988852, 269, 369, 300, 496
-0.988885, 249, 65, 312, 192
-0.988903, 113, 169, 240, 232
-0.988907, 121, 97, 184, 160
-0.98892, 309, 217, 340, 280
-0.988947, 325, 321, 356, 384
-0.989014, 121, 329, 152, 392
-0.989035, 9, 289, 40, 416
-0.989046, 253, 161, 284, 288
-0.989103, 161, 1, 224, 500
-0.989148, 21, 281, 52, 344
-0.989151, 49, 193, 80, 256
-0.989217, 265, 337, 296, 400
-0.98922, 237, 289, 268, 416
-0.989238, 145, 329, 208, 360
-0.989315, 65, 257, 96, 384
-0.989339, 161, 341, 224, 372
-0.989354, 265, 1, 328, 128
-0.98938, 261, 273, 292, 400
-0.989437, 177, 137, 304, 200
-0.989492, 97, 221, 160, 252
-0.989492, 325, 145, 356, 208
-0.989559, 9, 193, 40, 256
-0.989583, 113, 41, 240, 104
-0.989587, 189, 361, 220, 424
-0.989589, 157, 225, 188, 288
-0.989628, 69, 153, 100, 216
-0.989654, 81, 105, 112, 168
-0.989674, 177, 273, 304, 336
-0.989675, 213, 241, 244, 304
-0.9897, 225, 305, 256, 432
-0.989702, 41, 249, 72, 312
-0.989712, 93, 177, 124, 304
-0.989753, 45, 97, 76, 160
-0.989774, 129, 281, 160, 344
-0.989774, 297, 369, 328, 432
-0.989778, 93, 329, 124, 392
-0.989807, 49, 97, 80, 224
-0.989807, 137, 145, 168, 272
-0.989841, 41, 225, 72, 288
-0.989852, 25, 1, 88, 500
-0.98988, 249, 409, 280, 472
-0.989888, 193, 177, 224, 304
-0.989901, 85, 225, 116, 288
-0.989915, 253, 337, 284, 400
-0.98997, 81, 129, 112, 192
-0.989995, 225, 249, 256, 312
-0.990016, 117, 129, 148, 192
-0.990025, 1, 193, 64, 448
-0.990048, 49, 393, 176, 456
-0.990085, 37, 161, 68, 224
-0.990122, 33, 13, 96, 44
-0.990165, 93, 321, 124, 448
-0.990171, 133, 169, 164, 232
-0.990179, 17, 45, 80, 76
-0.990181, 29, 257, 60, 384
-0.990192, 41, 1, 104, 32
-0.990224, 97, 133, 160, 164
-0.990252, 5, 289, 36, 352
-0.990268, 25, 241, 56, 304
-0.990282, 329, 393, 360, 456
-0.990286, 225, 201, 256, 264
-0.990321, 297, 197, 360, 228
-0.990324, 105, 121, 168, 152
-0.990355, 249, 225, 280, 352
-0.990362, 121, 337, 184, 368
-0.990373, 169, 329, 200, 360
-0.990386, 141, 377, 172, 440
-0.990418, 297, 209, 328, 272
-0.990457, 237, 249, 268, 312
-0.990473, 117, 185, 148, 248
-0.990494, 41, 29, 104, 60
-0.990496, 185, 1, 248, 500
-0.99052, 21, 137, 52, 200
-0.990543, 209, 425, 240, 488
-0.990545, 321, 281, 352, 344
-0.990564, 65, 329, 320, 392
-0.990575, 1, 313, 128, 376
-0.990591, 273, 177, 336, 208
-0.990646, 241, 1, 304, 128
-0.990663, 173, 233, 204, 296
-0.990674, 49, 177, 176, 240
-0.990692, 297, 33, 360, 160
-0.990693, 189, 129, 220, 256
-0.990698, 145, 389, 208, 420
-0.990701, 41, 77, 104, 108
-0.990702, 17, 1, 80, 32
-0.990733, 133, 65, 164, 192
-0.99074, 273, 257, 304, 384
-0.990763, 257, 165, 320, 196
-0.990792, 313, 369, 344, 496
-0.990837, 121, 229, 184, 260
-0.990854, 193, 1, 256, 128
-0.990872, 281, 317, 344, 348
-0.990877, 17, 301, 80, 332
-0.99091, 249, 469, 312, 500
-0.990913, 1, 89, 64, 120
-0.990914, 93, 17, 124, 144
-0.99093, 285, 113, 316, 240
-0.990934, 189, 341, 220, 372
-0.990937, 209, 113, 240, 240
-0.990939, 9, 33, 72, 64
-0.990965, 289, 305, 352, 336
-0.990967, 297, 217, 360, 248
-0.99103, 1, 57, 64, 88
-0.99103, 121, 325, 184, 356
-0.991031, 97, 273, 128, 400
-0.991034, 49, 101, 112, 132
-0.991039, 1, 193, 64, 224
-0.991058, 265, 213, 328, 244
-0.991065, 1, 13, 64, 44
-0.991071, 233, 1, 296, 256
-0.991087, 265, 333, 328, 364
-0.991144, 97, 321, 160, 352
-0.991155, 41, 89, 104, 120
-0.991165, 33, 65, 96, 96
-0.991173, 121, 133, 184, 164
-0.991228, 145, 161, 208, 416
-0.991235, 81, 285, 144, 316
-0.991241, 185, 389, 248, 420
-0.991242, 265, 269, 328, 300
-0.99126, 41, 297, 104, 328
-0.991285, 17, 101, 80, 132
-0.991288, 1, 69, 64, 100
-0.991309, 73, 273, 136, 304
-0.991338, 217, 381, 280, 412
-0.991346, 217, 421, 280, 452
-0.99135, 169, 329, 232, 360
-0.99136, 65, 233, 128, 264
-0.991361, 225, 173, 288, 204
-0.991382, 81, 121, 144, 152
-0.991386, 105, 241, 168, 272
-0.991406, 241, 185, 304, 216
-0.99141, 73, 85, 136, 116
-0.991414, 177, 229, 240, 260
-0.991416, 217, 157, 280, 188
-0.991418, 297, 293, 360, 324
-0.991418, 225, 293, 288, 324
-0.991468, 41, 45, 104, 76
-0.991478, 21, 305, 52, 432
-0.991481, 113, 349, 176, 380
-0.991521, 241, 281, 304, 312
-0.991549, 185, 1, 248, 256
-0.991564, 181, 193, 212, 320
-0.991566, 113, 1, 240, 64
-0.991584, 233, 401, 296, 432
-0.991628, 137, 349, 200, 380
-0.991636, 121, 217, 184, 248
-0.991638, 297, 173, 360, 204
-0.991642, 121, 309, 184, 340
-0.991644, 1, 289, 64, 320
-0.991647, 121, 389, 184, 420
-0.991653, 1, 181, 64, 212
-0.991656, 209, 233, 272, 264
-0.99166, 73, 133, 136, 164
-0.991666, 105, 253, 168, 284
-0.991668, 249, 349, 312, 380
-0.99168, 297, 185, 360, 216
-0.991703, 177, 309, 240, 340
-0.991708, 161, 353, 224, 384
-0.99173, 57, 37, 88, 68
-0.991742, 297, 157, 360, 188
-0.991748, 97, 289, 352, 352
-0.99175, 89, 149, 152, 180
-0.991764, 225, 469, 288, 500
-0.991769, 265, 189, 328, 220
-0.991769, 73, 101, 136, 132
-0.99177, 137, 245, 200, 276
-0.991789, 57, 149, 120, 180
-0.991797, 193, 165, 256, 196
-0.991807, 57, 13, 120, 44
-0.991809, 233, 457, 296, 488
-0.991827, 17, 205, 80, 236
-0.991831, 9, 153, 72, 184
-0.991834, 97, 209, 160, 240
-0.991875, 49, 221, 112, 252
-0.991877, 1, 313, 64, 344
-0.991893, 233, 369, 296, 400
-0.991904, 281, 209, 312, 336
-0.991907, 185, 245, 248, 276
-0.991915, 249, 225, 312, 256
-0.991933, 301, 81, 332, 208
-0.991957, 89, 297, 152, 328
-0.991958, 97, 109, 160, 140
-0.991959, 57, 9, 88, 40
-0.991969, 289, 461, 352, 492
-0.992013, 273, 449, 336, 480
-0.992013, 289, 261, 352, 292
-0.992018, 1, 245, 64, 276
-0.992018, 217, 193, 280, 224
-0.992023, 145, 401, 208, 432
-0.992027, 129, 377, 192, 408
-0.99203, 1, 329, 360, 392
-0.992039, 89, 309, 152, 340
-0.99205, 113, 361, 176, 392
-0.99205, 161, 373, 224, 404
-0.992059, 65, 261, 128, 292
-0.992072, 257, 201, 320, 232
-0.992094, 257, 409, 320, 440
-0.992103, 73, 245, 136, 276
-0.992107, 145, 233, 208, 264
-0.992112, 97, 333, 160, 364
-0.99214, 297, 425, 360, 456
-0.992148, 97, 133, 128, 164
-0.992152, 1, 257, 64, 288
-0.992158, 177, 49, 240, 176
-0.992173, 161, 465, 224, 496
-0.992183, 25, 249, 88, 280
-0.992192, 69, 25, 100, 56
-0.992202, 209, 433, 272, 464
-0.992203, 33, 141, 96, 172
-0.992208, 289, 229, 352, 260
-0.99221, 209, 405, 272, 436
-0.992231, 25, 237, 88, 268
-0.992247, 29, 93, 60, 124
-0.992256, 137, 121, 200, 152
-0.992257, 121, 201, 184, 232
-0.992277, 217, 217, 280, 248
-0.99228, 73, 221, 136, 252
-0.992281, 97, 389, 160, 420
-0.992284, 57, 121, 120, 152
-0.992287, 53, 305, 84, 432
-0.992309, 193, 377, 256, 408
-0.992311, 297, 393, 360, 424
-0.992312, 97, 193, 352, 256
-0.992312, 1, 241, 32, 368
-0.992333, 49, 273, 112, 304
-0.992333, 97, 265, 160, 296
-0.992342, 297, 405, 360, 436
-0.992351, 241, 269, 304, 300
-0.992354, 141, 333, 172, 364
-0.992443, 133, 17, 164, 144
-0.99246, 183, 321, 198, 384
-0.992481, 97, 361, 352, 424
-0.992493, 177, 257, 240, 500
-0.99251, 117, 305, 148, 336
-0.992541, 177, 341, 208, 372
-0.992552, 21, 41, 52, 72
-0.992564, 157, 389, 188, 420
-0.992573, 53, 61, 84, 92
-0.99258, 161, 345, 192, 376
-0.992609, 85, 81, 116, 112
-0.992675, 109, 321, 140, 352
-0.99268, 97, 257, 352, 320
-0.992732, 317, 321, 348, 448
-0.992734, 153, 257, 184, 384
-0.992747, 157, 333, 188, 364
-0.992775, 329, 305, 360, 432
-0.992779, 249, 113, 280, 240
-0.992818, 153, 377, 184, 408
-0.99282, 329, 81, 360, 208
-0.992847, 317, 201, 348, 232
-0.992851, 281, 353, 312, 480
-0.992876, 65, 73, 96, 104
-0.992892, 273, 465, 304, 496
-0.992908, 57, 49, 88, 80
-0.992924, 13, 241, 44, 368
-0.99293, 33, 45, 64, 76
-0.992934, 41, 85, 72, 116
-0.992948, 69, 41, 100, 72
-0.992966, 293, 337, 324, 464
-0.992978, 125, 133, 156, 164
-0.993003, 217, 257, 248, 384
-0.993052, 161, 177, 192, 304
-0.993073, 53, 89, 84, 120
-0.993075, 145, 97, 176, 224
-0.99311, 97, 169, 352, 232
-0.993205, 1, 297, 360, 360
-0.993217, 117, 293, 148, 324
-0.993219, 297, 305, 328, 336
-0.993262, 1, 401, 128, 464
-0.993266, 69, 13, 100, 44
-0.993288, 105, 121, 136, 152
-0.993294, 85, 133, 116, 164
-0.993317, 5, 37, 36, 68
-0.99332, 293, 177, 324, 208
-0.993349, 65, 89, 96, 120
-0.993351, 329, 173, 360, 204
-0.993365, 245, 189, 276, 220
-0.993371, 129, 337, 160, 368
-0.993372, 209, 169, 240, 200
-0.993416, 45, 33, 76, 64
-0.993419, 329, 197, 360, 228
-0.993436, 113, 241, 144, 272
-0.993447, 253, 469, 284, 500
-0.993451, 33, 393, 288, 456
-0.993459, 37, 1, 68, 32
-0.99347, 181, 353, 212, 384
-0.993483, 33, 233, 288, 296
-0.993528, 313, 289, 344, 320
-0.993531, 309, 165, 340, 196
-0.993549, 33, 73, 64, 104
-0.993573, 17, 29, 48, 60
-0.993595, 57, 353, 120, 480
-0.993598, 257, 173, 288, 204
-0.993606, 181, 329, 212, 360
-0.993609, 149, 345, 180, 376
-0.99361, 161, 237, 192, 268
-0.993645, 129, 297, 160, 328
-0.99367, 45, 49, 76, 80
-0.993672, 25, 181, 56, 212
-0.993705, 149, 213, 180, 244
-0.993709, 169, 357, 200, 388
-0.993715, 177, 321, 192, 384
-0.993717, 249, 277, 280, 308
-0.993722, 129, 317, 160, 348
-0.993758, 113, 133, 144, 164
-0.993786, 269, 185, 300, 216
-0.99379, 125, 237, 156, 268
-0.993791, 71, 1, 86, 64
-0.993793, 167, 321, 182, 384
-0.993796, 41, 17, 72, 48
-0.993818, 237, 293, 268, 324
-0.993818, 45, 73, 76, 104
-0.99382, 285, 165, 316, 196
-0.993822, 9, 1, 40, 32
-0.993829, 1, 369, 360, 432
-0.993861, 129, 221, 160, 252
-0.993865, 21, 73, 52, 104
-0.993865, 97, 269, 128, 300
-0.993868, 313, 221, 344, 252
-0.993878, 189, 329, 204, 392
-0.993884, 141, 385, 172, 416
-0.99389, 9, 105, 40, 136
-0.99389, 281, 181, 312, 212
-0.993908, 21, 193, 52, 224
-0.993927, 1, 57, 32, 88
-0.99394, 97, 333, 224, 364
-0.993953, 137, 133, 168, 164
-0.993962, 113, 253, 144, 284
-0.993988, 73, 101, 104, 132
-0.994005, 209, 1, 272, 500
-0.994009, 325, 213, 356, 244
-0.994019, 9, 77, 40, 108
-0.994021, 237, 157, 268, 188
-0.994023, 1, 25, 32, 56
-0.994024, 93, 233, 124, 264
-0.994036, 33, 193, 64, 224
-0.994038, 57, 21, 88, 52
-0.994041, 97, 221, 128, 252
-0.994061, 325, 429, 356, 460
-0.994073, 113, 345, 144, 376
-0.99408, 13, 57, 44, 88
-0.994082, 1, 201, 360, 264
-0.994111, 261, 161, 292, 192
-0.994159, 125, 389, 156, 420
-0.994166, 1, 265, 256, 328
-0.994168, 145, 357, 176, 388
-0.994175, 169, 385, 200, 416
-0.994193, 9, 93, 40, 124
-0.994194, 297, 213, 328, 244
-0.994213, 5, 193, 36, 224
-0.994244, 69, 1, 100, 32
-0.994252, 245, 173, 276, 204
-0.994252, 169, 369, 200, 400
-0.994276, 29, 289, 60, 320
-0.994318, 137, 233, 168, 264
-0.994325, 17, 433, 144, 496
-0.994348, 297, 165, 328, 196
-0.994353, 161, 1, 224, 256
-0.994354, 225, 293, 256, 324
-0.994369, 33, 249, 64, 280
-0.994375, 21, 5, 52, 36
-0.994376, 113, 221, 144, 252
-0.994377, 33, 145, 288, 208
-0.994382, 257, 189, 288, 220
-0.994393, 33, 425, 288, 488
-0.994394, 193, 353, 224, 384
-0.994408, 269, 173, 300, 204
-0.994427, 97, 41, 352, 104
-0.994434, 13, 245, 44, 276
-0.994438, 229, 201, 260, 232
-0.994456, 317, 385, 348, 416
-0.994457, 81, 17, 112, 48
-0.994459, 225, 49, 288, 176
-0.99446, 73, 149, 104, 180
-0.994465, 277, 329, 308, 360
-0.994474, 153, 193, 184, 224
-0.994476, 1, 361, 256, 424
-0.994497, 9, 161, 40, 192
-0.994501, 57, 101, 88, 132
-0.994508, 157, 357, 188, 388
-0.994525, 65, 61, 96, 92
-0.994526, 169, 249, 200, 280
-0.994535, 97, 89, 128, 120
-0.994536, 329, 249, 360, 280
-0.994542, 197, 161, 228, 192
-0.994549, 25, 61, 56, 92
-0.994549, 241, 385, 272, 416
-0.99455, 249, 457, 280, 488
-0.994552, 117, 121, 148, 152
-0.994684, 1, 145, 360, 208
-0.994711, 1, 73, 256, 136
-0.994823, 343, 169, 358, 232
-0.994843, 261, 169, 276, 232
-0.994875, 255, 169, 270, 232
-0.994888, 1, 81, 360, 144
-0.994918, 1, 233, 360, 296
-0.994941, 217, 1, 280, 128
-0.995026, 157, 321, 172, 384
-0.995087, 1, 169, 256, 232
-0.995112, 225, 105, 352, 168
-0.995126, 119, 281, 134, 344
-0.995141, 1, 121, 256, 184
-0.995159, 225, 285, 352, 316
-0.995292, 1, 393, 360, 456
-0.995296, 1, 17, 256, 80
-0.995306, 1, 21, 128, 52
-0.995358, 57, 1, 88, 256
-0.995382, 77, 17, 92, 80
-0.995383, 209, 369, 336, 400
-0.995416, 1, 257, 360, 320
-0.995428, 145, 89, 272, 152
-0.995431, 35, 57, 50, 120
-0.995435, 49, 221, 176, 252
-0.995435, 17, 1, 32, 64
-0.995441, 1, 9, 128, 40
-0.995471, 97, 65, 352, 128
-0.995508, 69, 33, 84, 96
-0.995519, 1, 41, 360, 104
-0.995523, 1, 49, 256, 112
-0.995561, 17, 241, 144, 272
-0.99557, 81, 237, 208, 268
-0.995584, 193, 81, 320, 144
-0.995606, 33, 45, 160, 76
-0.995611, 53, 1, 68, 64
-0.995634, 1, 81, 128, 112
-0.995638, 97, 345, 224, 376
-0.995647, 65, 417, 192, 480
-0.995699, 33, 293, 160, 324
-0.995713, 81, 321, 208, 352
-0.995727, 65, 133, 192, 164
-0.995734, 225, 181, 352, 212
-0.99574, 149, 329, 164, 392
-0.995745, 125, 289, 140, 352
-0.995818, 1, 201, 256, 264
-0.995837, 97, 377, 224, 408
-0.995854, 61, 9, 76, 72
-0.995864, 113, 301, 240, 332
-0.995874, 1, 177, 360, 240
-0.995895, 45, 17, 60, 80
-0.995902, 193, 33, 320, 96
-0.995914, 165, 345, 180, 408
-0.995929, 325, 177, 340, 240
-0.995938, 331, 169, 346, 232
-0.995969, 67, 73, 82, 136
-0.995971, 115, 121, 130, 184
-0.995991, 177, 173, 304, 204
-0.995996, 119, 233, 134, 296
-0.996027, 1, 305, 256, 368
-0.996042, 27, 1, 42, 64
-0.996055, 81, 253, 208, 284
-0.996062, 145, 333, 272, 364
-0.996072, 17, 73, 32, 136
-0.996078, 1, 1, 16, 64
-0.99609, 35, 33, 50, 96
-0.996094, 209, 297, 336, 328
-0.996095, 33, 1, 64, 256
-0.996096, 181, 353, 196, 416
-0.996105, 23, 73, 38, 136
-0.996132, 5, 25, 20, 88
-0.996134, 33, 121, 160, 152
-0.996151, 145, 369, 272, 400
-0.996164, 1, 33, 128, 64
-0.996169, 193, 161, 320, 192
-0.996188, 59, 41, 74, 104
-0.996207, 97, 105, 352, 168
-0.996208, 117, 305, 132, 368
-0.996208, 1, 69, 128, 100
-0.996212, 25, 25, 40, 88
-0.996224, 41, 41, 56, 104
-0.996224, 161, 381, 288, 412
-0.996241, 97, 221, 224, 252
-0.996243, 247, 161, 262, 224
-0.99625, 225, 193, 352, 224
-0.996276, 225, 349, 352, 380
-0.996293, 209, 381, 336, 412
-0.996303, 33, 309, 160, 340
-0.996321, 225, 269, 352, 300
-0.996378, 81, 273, 208, 336
-0.996394, 133, 225, 164, 480
-0.996418, 331, 193, 346, 256
-0.996432, 1, 417, 360, 480
-0.99645, 1, 97, 256, 160
-0.996458, 177, 321, 304, 352
-0.996469, 193, 9, 320, 72
-0.996471, 49, 29, 176, 60
-0.996472, 49, 17, 176, 48
-0.996474, 321, 193, 352, 448
-0.996483, 97, 17, 352, 80
-0.996511, 105, 81, 120, 144
-0.996516, 15, 25, 30, 88
-0.996527, 49, 1, 176, 32
-0.996536, 145, 345, 272, 376
-0.996544, 17, 185, 32, 248
-0.996555, 81, 389, 208, 420
-0.996605, 305, 297, 320, 360
-0.996606, 109, 225, 140, 480
-0.996614, 27, 169, 42, 232
-0.996615, 109, 121, 124, 184
-0.996621, 33, 325, 160, 356
-0.996625, 1, 173, 128, 204
-0.996626, 121, 193, 152, 448
-0.996639, 15, 49, 30, 112
-0.996639, 145, 305, 160, 368
-0.996643, 135, 137, 150, 200
-0.996669, 97, 81, 112, 144
-0.996691, 283, 401, 298, 464
-0.996691, 33, 57, 160, 88
-0.996692, 109, 65, 140, 320
-0.99672, 25, 49, 40, 112
-0.996724, 1, 229, 128, 260
-0.996724, 145, 357, 272, 388
-0.996729, 325, 217, 340, 280
-0.996739, 249, 161, 280, 416
-0.996746, 193, 309, 320, 340
-0.996763, 49, 81, 176, 112
-0.996769, 109, 217, 124, 280
-0.99677, 299, 297, 314, 360
-0.996774, 209, 205, 336, 236
-0.996786, 9, 97, 40, 352
-0.99679, 113, 133, 240, 164
-0.996795, 255, 145, 270, 208
-0.996804, 301, 129, 332, 384
-0.996828, 113, 201, 240, 232
-0.996831, 65, 69, 192, 100
-0.996833, 35, 177, 50, 240
-0.99684, 129, 121, 144, 184
-0.996872, 1, 133, 128, 164
-0.996875, 343, 193, 358, 256
-0.996893, 315, 201, 330, 264
-0.996918, 121, 65, 152, 320
-0.996927, 97, 65, 128, 320
-0.996935, 91, 73, 106, 136
-0.996939, 59, 73, 74, 136
-0.99695, 193, 417, 320, 448
-0.996951, 35, 9, 50, 72
-0.996959, 49, 185, 64, 248
-0.997003, 263, 337, 278, 400
-0.997011, 131, 233, 146, 296
-0.997012, 49, 209, 176, 240
-0.997056, 9, 57, 24, 120
-0.997063, 267, 169, 282, 232
-0.997076, 1, 121, 360, 184
-0.997078, 33, 81, 48, 144
-0.997079, 137, 209, 152, 272
-0.997083, 111, 81, 126, 144
-0.997101, 1, 17, 360, 80
-0.997105, 97, 401, 224, 432
-0.997108, 161, 461, 288, 492
-0.997125, 1, 253, 128, 284
-0.997143, 339, 425, 354, 488
-0.997159, 7, 1, 22, 64
-0.99716, 17, 277, 144, 308
-0.99716, 21, 1, 52, 256
-0.997179, 177, 113, 304, 176
-0.99719, 73, 65, 104, 320
-0.997195, 49, 41, 64, 104
-0.997198, 129, 353, 144, 416
-0.997203, 145, 393, 272, 424
-0.997205, 81, 121, 208, 152
-0.997211, 49, 209, 64, 272
-0.99724, 321, 281, 336, 344
-0.997241, 315, 273, 330, 336
-0.997248, 41, 281, 56, 344
-0.997255, 41, 185, 56, 248
-0.997256, 195, 329, 210, 392
-0.997258, 297, 257, 328, 500
-0.99726, 97, 365, 224, 396
-0.997263, 33, 161, 160, 192
-0.99729, 101, 105, 116, 168
-0.997292, 65, 109, 192, 140
-0.997292, 85, 65, 116, 320
-0.997293, 193, 237, 320, 268
-0.997295, 5, 1, 36, 256
-0.997303, 17, 353, 144, 384
-0.997328, 319, 177, 334, 240
-0.997365, 209, 405, 336, 436
-0.997372, 33, 145, 160, 176
-0.997375, 123, 105, 138, 168
-0.997424, 161, 225, 288, 256
-0.997435, 123, 137, 138, 200
-0.997445, 45, 1, 76, 256
-0.997449, 333, 257, 348, 320
-0.997471, 157, 377, 172, 440
-0.997475, 297, 401, 312, 464
-0.99748, 1, 101, 128, 132
-0.997501, 219, 425, 234, 488
-0.997503, 265, 161, 296, 416
-0.997512, 225, 333, 352, 364
-0.997536, 285, 161, 316, 416
-0.997537, 85, 1, 100, 64
-0.997542, 161, 449, 288, 480
-0.997547, 97, 157, 224, 188
-0.997564, 1, 209, 128, 240
-0.997564, 83, 81, 98, 144
-0.997564, 319, 409, 334, 472
-0.99758, 101, 129, 116, 192
-0.997587, 69, 161, 100, 416
-0.99759, 121, 209, 136, 272
-0.997593, 129, 249, 256, 280
-0.997594, 209, 161, 240, 416
-0.997604, 57, 193, 88, 448
-0.997605, 161, 261, 288, 292
-0.997609, 209, 217, 336, 248
-0.997616, 213, 169, 228, 232
-0.997629, 129, 173, 256, 204
-0.997659, 141, 121, 156, 184
-0.997668, 187, 353, 202, 416
-0.997688, 185, 329, 200, 360
-0.997697, 141, 329, 156, 392
-0.997698, 129, 201, 144, 264
-0.997709, 41, 97, 72, 352
-0.997709, 75, 73, 90, 136
-0.997727, 157, 337, 172, 368
-0.997741, 159, 353, 174, 416
-0.997747, 229, 257, 260, 500
-0.997749, 69, 17, 84, 48
-0.997756, 263, 461, 278, 492
-0.997762, 261, 145, 276, 208
-0.997763, 179, 329, 194, 360
-0.997767, 191, 341, 206, 372
-0.99777, 219, 161, 234, 224
-0.997771, 337, 169, 352, 232
-0.997773, 241, 161, 256, 224
-0.997774, 79, 25, 94, 56
-0.997774, 233, 145, 248, 208
-0.997777, 101, 133, 116, 164
-0.997779, 293, 305, 308, 368
-0.997783, 181, 345, 196, 376
-0.997785, 163, 337, 178, 368
-0.997791, 79, 13, 94, 44
-0.997795, 129, 121, 256, 152
-0.997796, 339, 197, 354, 228
-0.997797, 113, 145, 240, 176
-0.9978, 69, 45, 84, 76
-0.997805, 59, 1, 74, 32
-0.99781, 127, 129, 142, 160
-0.99781, 225, 445, 352, 476
-0.997811, 85, 225, 116, 480
-0.997812, 145, 333, 160, 364
-0.997819, 173, 329, 188, 360
-0.997828, 67, 65, 82, 96
-0.997834, 33, 197, 160, 228
-0.997835, 69, 5, 84, 36
-0.997836, 33, 65, 48, 96
-0.997836, 165, 237, 180, 268
-0.997837, 243, 361, 258, 424
-0.997839, 337, 201, 352, 264
-0.997842, 113, 425, 240, 456
-0.997845, 77, 41, 92, 72
-0.997845, 325, 97, 356, 352
-0.997848, 79, 1, 94, 32
-0.997851, 89, 81, 104, 112
-0.997852, 111, 133, 126, 164
-0.997856, 153, 381, 168, 412
-0.997859, 25, 53, 40, 84
-0.997863, 35, 37, 50, 68
-0.997867, 69, 33, 84, 64
-0.997869, 133, 317, 148, 348
-0.997872, 37, 81, 52, 112
-0.997878, 165, 325, 180, 356
-0.997878, 59, 53, 74, 84
-0.997878, 137, 133, 152, 164
-0.99788, 159, 377, 174, 408
-0.99788, 131, 297, 146, 328
-0.997883, 61, 37, 76, 68
-0.997889, 59, 85, 74, 116
-0.997889, 141, 217, 156, 248
-0.997889, 313, 217, 328, 248
-0.997891, 39, 49, 54, 80
-0.997893, 233, 169, 248, 232
-0.997893, 129, 289, 256, 320
-0.997894, 57, 13, 72, 44
-0.997894, 151, 341, 166, 372
-0.997895, 159, 325, 174, 356
-0.997896, 171, 345, 186, 408
-0.997897, 165, 373, 180, 404
-0.997901, 97, 265, 224, 296
-0.997901, 65, 89, 80, 120
-0.997903, 173, 237, 188, 268
-0.997903, 107, 121, 122, 152
-0.997904, 121, 121, 136, 152
-0.997905, 201, 341, 216, 372
-0.997905, 127, 309, 142, 340
-0.997908, 165, 389, 180, 420
-0.997908, 173, 389, 188, 420
-0.99791, 33, 389, 160, 420
-0.997911, 9, 21, 24, 52
-0.997912, 209, 385, 224, 448
-0.997912, 255, 173, 270, 204
-0.997913, 345, 193, 360, 224
-0.997914, 293, 161, 308, 224
-0.997914, 255, 277, 270, 308
-0.997914, 119, 241, 134, 272
-0.997918, 143, 133, 158, 164
-0.997918, 5, 1, 20, 32
-0.997921, 329, 197, 344, 228
-0.997921, 19, 33, 34, 64
-0.997923, 119, 133, 134, 164
-0.997927, 245, 189, 260, 220
-0.997928, 63, 13, 78, 44
-0.997929, 51, 45, 66, 76
-0.997931, 161, 349, 176, 380
-0.997932, 25, 33, 40, 64
-0.997932, 55, 193, 70, 256
-0.997935, 45, 189, 60, 220
-0.997935, 65, 77, 80, 108
-0.997936, 263, 177, 278, 208
-0.997937, 177, 193, 304, 224
-0.997937, 309, 209, 324, 272
-0.997938, 45, 1, 60, 32
-0.997938, 309, 257, 340, 500
-0.997939, 93, 233, 108, 264
-0.99794, 319, 189, 334, 220
-0.99794, 155, 357, 170, 388
-0.99794, 81, 89, 96, 120
-0.99794, 289, 405, 304, 436
-0.997941, 319, 221, 334, 252
-0.997942, 49, 77, 64, 108
-0.997945, 249, 281, 264, 312
-0.997945, 181, 357, 196, 388
-0.997945, 257, 469, 272, 500
-0.997945, 33, 245, 48, 276
-0.997947, 1, 33, 16, 64
-0.997949, 39, 61, 54, 92
-0.997949, 241, 289, 256, 320
-0.997949, 331, 409, 346, 440
-0.997951, 51, 73, 66, 136
-0.997952, 23, 69, 38, 100
-0.997956, 15, 61, 30, 92
-0.997956, 329, 177, 344, 208
-0.997956, 145, 161, 272, 192
-0.997959, 117, 337, 132, 400
-0.997959, 273, 469, 288, 500
-0.99796, 33, 265, 160, 296
-0.997961, 19, 49, 34, 80
-0.997962, 133, 233, 148, 264
-0.997962, 1, 13, 16, 44
-0.997962, 125, 293, 140, 324
-0.997963, 75, 81, 90, 112
-0.997963, 29, 1, 44, 32
-0.997964, 325, 417, 340, 448
-0.997964, 213, 173, 228, 204
-0.997965, 345, 433, 360, 496
-0.997965, 119, 321, 134, 352
-0.997966, 13, 73, 28, 104
-0.997967, 329, 401, 344, 464
-0.997967, 101, 121, 116, 152
-0.997967, 95, 81, 110, 112
-0.997968, 129, 337, 144, 368
-0.997968, 303, 177, 318, 208
-0.99797, 137, 297, 152, 328
-0.99797, 139, 233, 154, 264
-0.99797, 273, 453, 288, 484
-0.997971, 173, 345, 188, 376
-0.997971, 45, 49, 60, 80
-0.997971, 29, 89, 44, 120
-0.997972, 93, 129, 108, 160
-0.997972, 265, 189, 280, 220
-0.997973, 301, 301, 316, 332
-0.997975, 337, 417, 352, 448
-0.997975, 345, 433, 360, 464
-0.997975, 15, 189, 30, 220
-0.997976, 99, 233, 114, 264
-0.997976, 121, 309, 136, 340
-0.997976, 39, 13, 54, 44
-0.997976, 51, 9, 66, 40
-0.997978, 127, 237, 142, 268
-0.997979, 277, 185, 292, 216
-0.997979, 149, 133, 164, 164
-0.997979, 135, 217, 150, 248
-0.99798, 243, 157, 258, 188
-0.99798, 233, 369, 248, 432
-0.997982, 75, 97, 90, 128
-0.997982, 101, 105, 116, 136
-0.997983, 139, 333, 154, 364
-0.997983, 33, 13, 48, 44
-0.997983, 321, 153, 336, 216
-0.997987, 21, 97, 52, 352
-0.997999, 45, 89, 60, 152
-0.998005, 313, 97, 344, 352
-0.998007, 329, 177, 360, 192
-0.998011, 9, 85, 40, 100
-0.998011, 163, 225, 178, 288
-0.998013, 129, 321, 160, 336
-0.998014, 125, 233, 140, 296
-0.998021, 137, 391, 168, 406
-0.998022, 317, 469, 348, 484
-0.998022, 77, 27, 108, 42
-0.998023, 37, 77, 68, 92
-0.998025, 317, 417, 348, 432
-0.99803, 329, 205, 360, 220
-0.998041, 303, 185, 318, 248
-0.998048, 21, 47, 52, 62
-0.99805, 277, 473, 308, 488
-0.998051, 109, 249, 124, 312
-0.998054, 301, 307, 332, 322
-0.998057, 189, 355, 220, 370
-0.998059, 97, 227, 128, 242
-0.99806, 45, 281, 76, 296
-0.998062, 57, 101, 88, 116
-0.998064, 181, 393, 196, 456
-0.998065, 45, 97, 76, 112
-0.998069, 249, 173, 280, 188
-0.99807, 135, 369, 150, 432
-0.998071, 9, 109, 40, 124
-0.998073, 161, 205, 288, 236
-0.998074, 29, 245, 60, 260
-0.998077, 149, 251, 180, 266
-0.99808, 113, 61, 240, 92
-0.99808, 93, 361, 124, 376
-0.998081, 25, 105, 56, 120
-0.998086, 133, 349, 164, 364
-0.998087, 109, 349, 140, 364
-0.998088, 225, 321, 352, 352
-0.99809, 9, 145, 24, 208
-0.99809, 17, 153, 32, 216
-0.99809, 189, 327, 220, 342
-0.998092, 137, 135, 168, 150
-0.998093, 33, 59, 64, 74
-0.998095, 69, 99, 100, 114
-0.998102, 21, 83, 52, 98
-0.998103, 227, 377, 242, 440
-0.998109, 37, 287, 68, 302
-0.998111, 269, 337, 284, 400
-0.998114, 237, 161, 268, 416
-0.998114, 329, 213, 360, 228
-0.998115, 129, 189, 256, 220
-0.998115, 325, 387, 356, 402
-0.998117, 225, 57, 352, 120
-0.998121, 193, 429, 320, 460
-0.998122, 69, 283, 100, 298
-0.998124, 113, 241, 144, 256
-0.998127, 197, 129, 228, 384
-0.998127, 81, 285, 112, 300
-0.998128, 21, 185, 52, 200
-0.998132, 329, 427, 360, 442
-0.998133, 1, 185, 128, 216
-0.998134, 157, 237, 188, 252
-0.998136, 249, 257, 280, 500
-0.998136, 13, 477, 44, 492
-0.99814, 121, 395, 152, 410
-0.998144, 1, 35, 32, 50
-0.998144, 73, 51, 104, 66
-0.998147, 313, 221, 344, 236
-0.998147, 285, 257, 316, 500
-0.998151, 57, 97, 88, 352
-0.998154, 33, 45, 64, 60
-0.998156, 49, 377, 176, 408
-0.998157, 125, 389, 156, 404
-0.998169, 97, 225, 128, 480
-0.99817, 125, 327, 156, 342
-0.998174, 193, 393, 320, 424
-0.998176, 149, 357, 180, 372
-0.998179, 41, 37, 72, 52
-0.998183, 225, 253, 352, 284
-0.998183, 1, 27, 32, 42
-0.998192, 45, 23, 76, 38
-0.998195, 57, 73, 88, 88
-0.998202, 45, 83, 76, 98
-0.998208, 45, 61, 76, 76
-0.998215, 85, 133, 116, 148
-0.998217, 49, 185, 176, 216
-0.998227, 1, 485, 32, 500
-0.998232, 21, 191, 52, 206
-0.998235, 85, 227, 116, 242
-0.998237, 21, 69, 52, 84
-0.998238, 65, 93, 192, 124
-0.998239, 293, 169, 324, 184
-0.99824, 57, 21, 88, 36
-0.998243, 225, 141, 352, 172
-0.998244, 133, 97, 164, 352
-0.99826, 1, 373, 128, 404
-0.998263, 277, 183, 308, 198
-0.998272, 5, 69, 36, 84
-0.998279, 49, 337, 176, 368
-0.998283, 1, 41, 32, 56
-0.998289, 13, 253, 44, 268
-0.99829, 265, 467, 296, 482
-0.998293, 317, 199, 348, 214
-0.998295, 145, 409, 272, 440
-0.998295, 21, 193, 52, 448
-0.998295, 105, 327, 136, 342
-0.998298, 209, 461, 336, 492
-0.998302, 169, 361, 200, 376
-0.998306, 45, 43, 76, 58
-0.99831, 37, 17, 68, 32
-0.998314, 121, 219, 152, 234
-0.998315, 49, 417, 176, 448
-0.998317, 321, 169, 352, 184
-0.998318, 69, 7, 100, 22
-0.998321, 117, 297, 148, 312
-0.998321, 61, 91, 92, 106
-0.998322, 65, 81, 96, 96
-0.998327, 21, 77, 52, 92
-0.998329, 177, 249, 304, 280
-0.998336, 113, 49, 240, 80
-0.998336, 113, 441, 240, 472
-0.998346, 161, 249, 192, 264
-0.998351, 97, 81, 224, 112
-0.998354, 257, 193, 288, 208
-0.998358, 137, 231, 168, 246
-0.998359, 81, 453, 208, 484
-0.998362, 69, 39, 100, 54
-0.998373, 145, 237, 272, 268
-0.998382, 69, 289, 100, 304
-0.998383, 41, 7, 72, 22
-0.998384, 245, 197, 276, 212
-0.998394, 265, 475, 296, 490
-0.998395, 21, 197, 52, 212
-0.998403, 89, 233, 120, 248
-0.998413, 173, 347, 204, 362
-0.998422, 177, 149, 304, 180
-0.998429, 17, 39, 48, 54
-0.998432, 53, 67, 84, 82
-0.998436, 137, 343, 168, 358
-0.998436, 29, 93, 60, 108
-0.998437, 65, 31, 96, 46
-0.998445, 113, 277, 240, 308
-0.998451, 57, 287, 88, 302
-0.998455, 1, 193, 32, 448
-0.998458, 145, 331, 176, 346
-0.998459, 145, 333, 208, 348
-0.998468, 77, 1, 92, 128
-0.998468, 73, 1, 104, 16
-0.998475, 293, 177, 324, 192
-0.998477, 45, 91, 76, 106
-0.998505, 97, 223, 160, 238
-0.998509, 9, 75, 40, 90
-0.998513, 297, 203, 360, 218
-0.998517, 157, 225, 188, 480
-0.998518, 121, 337, 184, 352
-0.998528, 161, 345, 224, 360
-0.998538, 313, 213, 344, 228
-0.998538, 249, 65, 280, 320
-0.998545, 49, 13, 80, 28
-0.998545, 297, 307, 360, 322
-0.998546, 129, 343, 192, 358
-0.998548, 9, 39, 72, 54
-0.998548, 265, 65, 296, 320
-0.998549, 161, 339, 224, 354
-0.99855, 97, 135, 160, 150
-0.998551, 33, 45, 96, 60
-0.998552, 217, 1, 248, 256
-0.998553, 49, 99, 112, 114
-0.998554, 257, 473, 320, 488
-0.998555, 17, 69, 80, 84
-0.998556, 281, 181, 344, 196
-0.998556, 53, 51, 84, 66
-0.998557, 41, 17, 104, 32
-0.998559, 297, 197, 360, 212
-0.99856, 105, 129, 168, 144
-0.998569, 113, 29, 240, 60
-0.99857, 249, 189, 312, 204
-0.998571, 49, 429, 176, 460
-0.998572, 41, 91, 104, 106
-0.998572, 9, 45, 72, 60
-0.998572, 105, 353, 168, 368
-0.998574, 137, 225, 200, 240
-0.998575, 1, 85, 64, 100
-0.998577, 289, 175, 352, 190
-0.998577, 161, 57, 288, 120
-0.99858, 33, 51, 96, 66
-0.998581, 265, 169, 328, 184
-0.998581, 1, 15, 64, 30
-0.998582, 81, 233, 144, 248
-0.998583, 25, 25, 88, 40
-0.998585, 41, 155, 104, 170
-0.998585, 121, 329, 184, 344
-0.998586, 297, 221, 360, 236
-0.998586, 1, 95, 64, 110
-0.998586, 265, 217, 328, 232
-0.998586, 129, 389, 192, 404
-0.998586, 41, 81, 104, 96
-0.998586, 73, 287, 136, 302
-0.998587, 105, 323, 168, 338
-0.998587, 297, 213, 360, 228
-0.998587, 241, 199, 304, 214
-0.998588, 17, 1, 80, 16
-0.998588, 161, 391, 224, 406
-0.998589, 217, 385, 280, 400
-0.998589, 1, 197, 64, 212
-0.998589, 57, 229, 120, 244
-0.998589, 281, 315, 344, 330
-0.998589, 169, 333, 232, 348
-0.99859, 113, 237, 176, 252
-0.998591, 265, 199, 328, 214
-0.998591, 9, 55, 72, 70
-0.998591, 17, 9, 80, 24
-0.998592, 241, 467, 304, 482
-0.998594, 233, 477, 296, 492
-0.998594, 41, 1, 104, 16
-0.998595, 1, 61, 64, 76
-0.998596, 209, 199, 272, 214
-0.998596, 105, 249, 168, 264
-0.998597, 81, 129, 144, 144
-0.998598, 105, 123, 168, 138
-0.998599, 265, 335, 328, 350
-0.998599, 1, 191, 64, 206
-0.998599, 89, 331, 152, 346
-0.998599, 1, 255, 64, 270
-0.9986, 25, 97, 88, 112
-0.9986, 113, 395, 176, 410
-0.998601, 225, 193, 288, 208
-0.998601, 33, 31, 96, 46
-0.998602, 41, 11, 104, 26
-0.998603, 33, 75, 96, 90
-0.998603, 129, 231, 192, 246
-0.998604, 81, 153, 144, 168
-0.998604, 167, 305, 182, 432
-0.998604, 17, 103, 80, 118
-0.998606, 81, 321, 144, 336
-0.998606, 193, 391, 256, 406
-0.998606, 297, 301, 360, 316
-0.998606, 33, 61, 96, 76
-0.998607, 89, 293, 152, 308
-0.998608, 49, 39, 112, 54
-0.998609, 9, 249, 72, 264
-0.998609, 209, 173, 240, 188
-0.99861, 289, 323, 352, 338
-0.99861, 217, 169, 280, 184
-0.998611, 121, 135, 184, 150
-0.998611, 297, 427, 360, 442
-0.998612, 57, 27, 120, 42
-0.998612, 17, 205, 80, 220
-0.998612, 105, 243, 168, 258
-0.998613, 1, 23, 64, 38
-0.998613, 177, 311, 240, 326
-0.998613, 57, 61, 88, 76
-0.998613, 217, 257, 248, 500
-0.998614, 9, 79, 72, 94
-0.998614, 1, 301, 64, 316
-0.998614, 137, 251, 200, 266
-0.998615, 249, 175, 312, 190
-0.998615, 281, 469, 344, 484
-0.998616, 73, 101, 136, 116
-0.998616, 125, 135, 156, 150
-0.998616, 265, 209, 328, 224
-0.998616, 265, 481, 328, 496
-0.998616, 105, 347, 168, 362
-0.998617, 257, 183, 320, 198
-0.998618, 217, 161, 280, 176
-0.998618, 185, 253, 248, 268
-0.998618, 137, 395, 200, 410
-0.998618, 113, 307, 176, 322
-0.998618, 153, 351, 216, 366
-0.998619, 233, 373, 296, 388
-0.99862, 97, 217, 160, 232
-0.99862, 169, 229, 232, 244
-0.99862, 249, 431, 312, 446
-0.998621, 241, 283, 304, 298
-0.998621, 249, 351, 312, 366
-0.998623, 209, 437, 272, 452
-0.998624, 177, 247, 240, 262
-0.998624, 289, 335, 352, 350
-0.998625, 265, 273, 328, 288
-0.998625, 297, 295, 360, 310
-0.998625, 225, 457, 288, 472
-0.998625, 89, 359, 152, 374
-0.998625, 89, 393, 152, 408
-0.998626, 233, 291, 296, 306
-0.998626, 169, 399, 232, 414
-0.998627, 121, 401, 184, 416
-0.998628, 105, 385, 168, 400
-0.998628, 225, 379, 288, 394
-0.998629, 65, 145, 128, 160
-0.998629, 297, 169, 360, 184
-0.998629, 73, 281, 136, 296
-0.998629, 217, 427, 280, 442
-0.998629, 105, 229, 168, 244
-0.998629, 49, 109, 112, 124
-0.99863, 217, 465, 280, 480
-0.998634, 69, 45, 100, 60
-0.998637, 175, 321, 190, 448
-0.998658, 169, 339, 200, 354
-0.998681, 161, 273, 288, 304
-0.998687, 157, 329, 188, 344
-0.998689, 1, 465, 128, 496
-0.998691, 61, 1, 92, 16
-0.998692, 253, 475, 284, 490
-0.998693, 81, 87, 112, 102
-0.998693, 81, 465, 208, 496
-0.998696, 281, 65, 312, 320
-0.998708, 161, 345, 192, 360
-0.998712, 183, 337, 198, 464
-0.998715, 309, 173, 340, 188
-0.998727, 113, 1, 240, 32
-0.998733, 97, 135, 128, 150
-0.998742, 57, 37, 88, 52
-0.998749, 65, 173, 192, 204
-0.998754, 129, 109, 256, 140
-0.998767, 133, 337, 164, 352
-0.998779, 327, 209, 342, 336
-0.998783, 65, 277, 192, 308
-0.998791, 329, 199, 360, 214
-0.998794, 129, 313, 256, 344
-0.998798, 1, 401, 128, 432
-0.998807, 3, 1, 18, 128
-0.998809, 69, 1, 84, 128
-0.998815, 17, 441, 144, 472
-0.998815, 117, 315, 148, 330
-0.998815, 221, 129, 252, 384
-0.99882, 117, 309, 148, 324
-0.998824, 233, 65, 264, 320
-0.998827, 29, 99, 60, 114
-0.998831, 145, 225, 176, 480
-0.998856, 1, 453, 128, 484
-0.998857, 49, 401, 176, 432
-0.99886, 189, 343, 220, 358
-0.998861, 17, 1, 32, 128
-0.998861, 37, 193, 68, 448
-0.998867, 49, 365, 176, 396
-0.998872, 57, 7, 88, 22
-0.998882, 297, 33, 328, 288
-0.998883, 1, 417, 128, 448
-0.9989, 133, 1, 164, 256
-0.998904, 149, 343, 180, 358
-0.99891, 157, 335, 188, 350
-0.998948, 155, 321, 170, 448
-0.99895, 189, 337, 204, 464
-0.998953, 265, 257, 296, 500
-0.998953, 91, 65, 106, 192
-0.998966, 319, 209, 334, 336
-0.998967, 299, 289, 314, 416
-0.99898, 145, 65, 176, 320
-0.998981, 111, 65, 126, 192
-0.998994, 141, 193, 156, 320
-0.998995, 59, 1, 74, 128
-0.998998, 211, 161, 226, 288
-0.999001, 335, 193, 350, 320
-0.999013, 135, 193, 150, 320
-0.999034, 45, 1, 60, 128
-0.999036, 319, 273, 334, 400
-0.999038, 309, 289, 324, 416
-0.999044, 57, 45, 88, 60
-0.999047, 35, 1, 50, 128
-0.999049, 13, 49, 28, 176
-0.999052, 69, 49, 84, 176
-0.999057, 161, 305, 176, 432
-0.999079, 109, 321, 140, 336
-0.999081, 311, 209, 326, 336
-0.999089, 233, 369, 248, 496
-0.999094, 149, 321, 164, 448
-0.999095, 327, 161, 342, 288
-0.999098, 35, 49, 50, 176
-0.999099, 77, 81, 92, 208
-0.999107, 21, 49, 36, 176
-0.999109, 119, 65, 134, 192
-0.999111, 321, 145, 336, 272
-0.999116, 65, 15, 96, 30
-0.999117, 345, 161, 360, 288
-0.999118, 9, 1, 24, 128
-0.999122, 113, 17, 240, 48
-0.999147, 21, 113, 36, 240
-0.999149, 133, 65, 148, 192
-0.999152, 83, 17, 98, 144
-0.999153, 27, 33, 42, 160
-0.999157, 33, 177, 48, 304
-0.999159, 245, 353, 260, 480
-0.999167, 199, 321, 214, 448
-0.999176, 51, 1, 66, 128
-0.999183, 293, 289, 308, 416
-0.999185, 345, 209, 360, 336
-0.999185, 141, 321, 156, 448
-0.999201, 65, 209, 80, 336
-0.999206, 103, 81, 118, 208
-0.999208, 217, 369, 232, 496
-0.999209, 223, 369, 238, 496
-0.999215, 279, 321, 294, 448
-0.99922, 45, 49, 60, 176
-0.999222, 83, 81, 98, 208
-0.999223, 197, 369, 212, 496
-0.99923, 273, 321, 288, 448
-0.99923, 1, 341, 128, 372
-0.999231, 177, 257, 208, 500
-0.999232, 45, 145, 60, 272
-0.999233, 59, 81, 74, 208
-0.999234, 175, 369, 190, 496
-0.999239, 37, 225, 52, 352
-0.999245, 45, 225, 60, 352
-0.999247, 337, 145, 352, 272
-0.999251, 239, 353, 254, 480
-0.999252, 31, 289, 46, 416
-0.999253, 267, 321, 282, 448
-0.999253, 181, 289, 196, 416
-0.999255, 193, 33, 224, 288
-0.999255, 129, 321, 144, 448
-0.999255, 259, 337, 274, 464
-0.999268, 97, 65, 112, 192
-0.999268, 57, 225, 72, 352
-0.999268, 55, 177, 70, 304
-0.999269, 23, 289, 38, 416
-0.999269, 13, 97, 28, 224
-0.999275, 117, 225, 132, 352
-0.999275, 205, 177, 220, 304
-0.999275, 287, 305, 302, 432
-0.999275, 157, 33, 188, 288
-0.999278, 123, 305, 138, 432
-0.99928, 129, 241, 144, 368
-0.999284, 141, 241, 156, 368
-0.999285, 75, 209, 90, 336
-0.99929, 53, 49, 68, 176
-0.999296, 135, 321, 150, 448
-0.999302, 337, 257, 352, 384
-0.999304, 205, 337, 220, 464
-0.999304, 329, 353, 344, 480
-0.999305, 217, 161, 232, 288
-0.999307, 125, 65, 140, 192
-0.999311, 111, 225, 126, 352
-0.999314, 235, 161, 250, 288
-0.999328, 275, 161, 290, 288
-0.999329, 169, 97, 200, 352
-0.999329, 251, 353, 266, 480
-0.99933, 105, 33, 120, 160
-0.999332, 7, 49, 22, 176
-0.999341, 115, 113, 130, 240
-0.999343, 123, 225, 138, 352
-0.999344, 193, 257, 224, 500
-0.999346, 57, 273, 72, 400
-0.999351, 291, 177, 306, 304
-0.999353, 97, 113, 112, 240
-0.999354, 303, 145, 318, 272
-0.999356, 213, 225, 228, 352
-0.999356, 145, 337, 176, 352
-0.999356, 331, 257, 346, 384
-0.999356, 25, 209, 40, 336
-0.999366, 211, 273, 226, 400
-0.999372, 15, 177, 30, 304
-0.999372, 123, 113, 138, 240
-0.999376, 305, 209, 320, 336
-0.999376, 133, 369, 148, 496
-0.999387, 7, 97, 22, 224
-0.999391, 241, 161, 256, 288
-0.999392, 93, 225, 108, 352
-0.999393, 51, 273, 66, 400
-0.999394, 141, 369, 156, 496
-0.999396, 267, 161, 282, 288
-0.999397, 211, 369, 226, 496
-0.999398, 23, 161, 38, 288
-0.999402, 205, 257, 236, 500
-0.999405, 299, 241, 314, 368
-0.999414, 229, 161, 244, 288
-0.999416, 1, 81, 16, 208
-0.99942, 281, 161, 296, 288
-0.999421, 207, 225, 222, 352
-0.999422, 27, 81, 42, 208
-0.999425, 121, 369, 136, 496
-0.999429, 83, 177, 98, 304
-0.999439, 135, 113, 150, 240
-0.999439, 319, 321, 334, 448
-0.999441, 175, 257, 190, 384
-0.999443, 161, 353, 176, 480
-0.999443, 163, 177, 178, 304
-0.999444, 167, 369, 182, 496
-0.99954, 329, 1, 360, 256
-0.99962, 173, 333, 204, 348
-0.999752, 43, 247, 58, 262
-0.999753, 95, 419, 110, 434
-0.999753, 49, 453, 64, 468
-0.999753, 1, 19, 16, 34
-0.999753, 311, 173, 326, 188
-0.999753, 291, 183, 306, 198
-0.999753, 131, 439, 146, 454
-0.999753, 303, 179, 318, 194
-0.999753, 83, 431, 98, 446
-0.999753, 59, 75, 74, 90
-0.999753, 31, 13, 46, 28
-0.999753, 25, 37, 40, 52
-0.999753, 61, 293, 76, 308
-0.999753, 75, 93, 90, 108
-0.999753, 263, 193, 278, 208
-0.999753, 185, 337, 200, 352
-0.999753, 271, 473, 286, 488
-0.999753, 7, 387, 22, 402
-0.999753, 41, 287, 56, 302
-0.999754, 55, 1, 70, 16
-0.999754, 39, 3, 54, 18
-0.999754, 7, 43, 22, 58
-0.999754, 69, 257, 100, 500
-0.999754, 17, 381, 32, 396
-0.999754, 169, 335, 184, 350
-0.999754, 37, 65, 52, 80
-0.999754, 69, 41, 84, 56
-0.999754, 73, 287, 88, 302
-0.999754, 51, 13, 66, 28
-0.999754, 59, 55, 74, 70
-0.999754, 119, 243, 134, 258
-0.999754, 37, 77, 52, 92
-0.999754, 1, 391, 16, 406
-0.999754, 69, 29, 84, 44
-0.999754, 241, 293, 256, 308
-0.999754, 73, 437, 88, 452
-0.999754, 167, 235, 182, 250
-0.999755, 15, 53, 30, 68
-0.999755, 61, 29, 76, 44
-0.999755, 63, 15, 78, 30
-0.999755, 141, 135, 156, 150
-0.999755, 81, 47, 96, 62
-0.999755, 211, 175, 226, 190
-0.999755, 121, 129, 136, 144
-0.999755, 69, 55, 84, 70
-0.999755, 5, 1, 20, 16
-0.999755, 293, 411, 308, 426
-0.999756, 319, 223, 334, 238
-0.999756, 49, 95, 64, 110
-0.999756, 55, 95, 70, 110
-0.999756, 65, 9, 80, 24
-0.999756, 59, 89, 74, 104
-0.999756, 19, 253, 34, 268
-0.999756, 107, 133, 122, 148
-0.999756, 133, 315, 148, 330
-0.999756, 169, 329, 184, 344
-0.999757, 167, 251, 182, 266
-0.999757, 155, 345, 170, 360
-0.999757, 341, 337, 356, 352
-0.999757, 65, 287, 80, 302
-0.999757, 21, 473, 36, 488
-0.999757, 19, 23, 34, 38
-0.999757, 79, 1, 94, 16
-0.999757, 331, 217, 346, 232
-0.999758, 25, 51, 40, 66
-0.999758, 37, 465, 52, 480
-0.999758, 149, 343, 164, 358
-0.999758, 297, 181, 312, 196
-0.999758, 45, 7, 60, 22
-0.999758, 29, 65, 44, 80
-0.999758, 165, 245, 180, 260
-0.999758, 311, 221, 326, 236
-0.999758, 89, 81, 104, 96
-0.999758, 91, 227, 106, 242
-0.999758, 267, 479, 282, 494
-0.999758, 131, 323, 146, 338
-0.999759, 35, 45, 50, 60
-0.999759, 67, 77, 82, 92
-0.999759, 167, 343, 182, 358
-0.999759, 41, 47, 56, 62
-0.999759, 335, 197, 350, 212
-0.999759, 221, 171, 236, 186
-0.999759, 285, 411, 300, 426
-0.999759, 265, 459, 280, 474
-0.99976, 13, 481, 28, 496
-0.99976, 13, 253, 28, 268
-0.99976, 69, 23, 84, 38
-0.99976, 77, 41, 92, 56
-0.99976, 53, 49, 68, 64
-0.99976, 143, 227, 158, 242
-0.99976, 191, 341, 206, 356
-0.99976, 15, 41, 30, 56
-0.99976, 131, 297, 146, 312
-0.999761, 15, 71, 30, 86
-0.999761, 37, 83, 52, 98
-0.999761, 39, 71, 54, 86
-0.999761, 77, 485, 92, 500
-0.999761, 339, 203, 354, 218
-0.999761, 127, 135, 142, 150
-0.999762, 65, 95, 80, 110
-0.999762, 27, 471, 42, 486
-0.999762, 175, 333, 190, 348
-0.999762, 67, 71, 82, 86
-0.999762, 5, 485, 20, 500
-0.999763, 79, 29, 94, 44
-0.999763, 155, 333, 170, 348
-0.999763, 173, 247, 188, 262
-0.999763, 33, 71, 48, 86
-0.999763, 99, 231, 114, 246
-0.999764, 69, 47, 84, 62
-0.999764, 91, 233, 106, 248
-0.999764, 183, 347, 198, 362
-0.999764, 15, 79, 30, 94
-0.999764, 113, 455, 128, 470
-0.999764, 161, 341, 176, 356
-0.999764, 61, 43, 76, 58
-0.999765, 257, 195, 272, 210
-0.999765, 69, 35, 84, 50
-0.999766, 265, 473, 280, 488
-0.999766, 263, 467, 278, 482
-0.999766, 77, 17, 92, 32
-0.999766, 101, 135, 116, 150
-0.999767, 71, 13, 86, 28
-0.999768, 57, 13, 72, 28
-0.999768, 23, 75, 38, 90
-0.999771, 163, 335, 178, 350
-0.999771, 149, 337, 164, 352
-0.999772, 155, 339, 170, 354
-0.999775, 343, 197, 358, 212
-0.999781, 143, 337, 158, 352
-0.999782, 317, 1, 348, 256
-0.999783, 185, 331, 200, 346
-0.999796, 181, 97, 212, 352
-0.999883, 181, 1, 212, 256
-0.999924, 205, 1, 236, 256
-1.00019, 169, 1, 200, 256
-1.00038, 157, 129, 188, 384
