1945
-0.222867, 1, 1, 375, 500
-0.293322, 1, 225, 375, 480
-0.423961, 1, 33, 375, 288
-0.438638, 129, 1, 375, 500
-0.442825, 1, 129, 375, 384
-0.447579, 33, 1, 288, 500
-0.576587, 65, 257, 320, 500
-0.627863, 129, 161, 375, 416
-0.628126, 1, 161, 256, 416
-0.668313, 65, 1, 320, 256
-0.833396, 17, 161, 144, 416
-0.837684, 97, 1, 224, 500
-0.838687, 225, 1, 352, 500
-0.839906, 33, 1, 160, 500
-0.846946, 113, 193, 240, 448
-0.848152, 177, 1, 304, 500
-0.84982, 1, 273, 375, 400
-0.850543, 193, 193, 320, 448
-0.861076, 113, 1, 240, 256
-0.862439, 1, 225, 375, 352
-0.865352, 193, 33, 320, 288
-0.865624, 1, 337, 375, 464
-0.870597, 65, 257, 192, 500
-0.871222, 241, 193, 368, 448
-0.876586, 1, 1, 128, 256
-0.879547, 65, 1, 192, 256
-0.881578, 1, 177, 375, 304
-0.883651, 241, 65, 368, 320
-0.890178, 65, 161, 192, 416
-0.900928, 1, 33, 375, 160
-0.901293, 17, 257, 144, 500
-0.913571, 145, 97, 272, 352
-0.916285, 97, 209, 352, 336
-0.917418, 1, 257, 256, 384
-0.918089, 97, 257, 352, 384
-0.919844, 129, 305, 375, 432
-0.920278, 1, 129, 375, 256
-0.92086, 33, 161, 288, 288
-0.921614, 33, 321, 288, 448
-0.927372, 129, 161, 375, 288
-0.929704, 1, 209, 256, 336
-0.930937, 97, 257, 224, 384
-0.931319, 241, 193, 368, 320
-0.932179, 129, 33, 375, 160
-0.935344, 225, 241, 352, 368
-0.935553, 177, 193, 304, 320
-0.935712, 185, 161, 248, 288
-0.935928, 289, 209, 352, 336
-0.936289, 17, 193, 144, 320
-0.938199, 177, 305, 304, 432
-0.938578, 129, 353, 375, 480
-0.938611, 233, 305, 296, 432
-0.938886, 113, 161, 240, 288
-0.939529, 1, 113, 256, 240
-0.939549, 145, 177, 208, 304
-0.940567, 185, 257, 248, 384
-0.940625, 257, 225, 320, 352
-0.94089, 33, 33, 288, 160
-0.9419, 121, 193, 184, 320
-0.943055, 217, 177, 280, 304
-0.943271, 177, 209, 240, 336
-0.943387, 145, 257, 208, 384
-0.943394, 33, 145, 160, 272
-0.944134, 225, 305, 352, 432
-0.944202, 97, 209, 224, 336
-0.944439, 241, 353, 368, 480
-0.945468, 249, 177, 312, 304
-0.945954, 177, 305, 240, 432
-0.946099, 105, 241, 168, 368
-0.947091, 33, 369, 288, 496
-0.947162, 81, 177, 144, 304
-0.94759, 273, 273, 336, 400
-0.94793, 17, 241, 144, 368
-0.948052, 257, 193, 320, 256
-0.948117, 209, 289, 272, 416
-0.948589, 161, 241, 288, 368
-0.948998, 313, 177, 375, 304
-0.949007, 161, 145, 288, 272
-0.949518, 113, 305, 240, 432
-0.949833, 281, 321, 344, 448
-0.949899, 201, 337, 264, 464
-0.949986, 233, 353, 296, 480
-0.950166, 177, 353, 304, 480
-0.951369, 233, 225, 296, 352
-0.951739, 201, 305, 264, 368
-0.952348, 281, 201, 344, 264
-0.952752, 25, 177, 88, 304
-0.952823, 305, 289, 368, 416
-0.952827, 65, 305, 192, 432
-0.952889, 289, 161, 352, 288
-0.953089, 217, 169, 280, 232
-0.953274, 33, 369, 160, 496
-0.953829, 177, 257, 240, 320
-0.954277, 313, 353, 375, 480
-0.954331, 281, 369, 344, 496
-0.954422, 49, 145, 112, 272
-0.954547, 313, 225, 375, 352
-0.954638, 161, 129, 224, 256
-0.954677, 225, 321, 288, 384
-0.954858, 209, 225, 272, 352
-0.955264, 17, 305, 144, 432
-0.955348, 289, 273, 352, 336
-0.955364, 145, 241, 208, 304
-0.955505, 297, 241, 360, 304
-0.955605, 185, 217, 248, 280
-0.955797, 217, 217, 280, 280
-0.956324, 49, 209, 112, 336
-0.956352, 161, 217, 224, 280
-0.956578, 121, 257, 184, 320
-0.956889, 257, 297, 320, 360
-0.956942, 217, 193, 280, 256
-0.957174, 169, 321, 232, 384
-0.958075, 193, 169, 256, 232
-0.95811, 81, 225, 144, 352
-0.958223, 201, 249, 264, 312
-0.958263, 313, 217, 375, 280
-0.958698, 113, 33, 240, 160
-0.959008, 161, 33, 288, 160
-0.959289, 225, 145, 352, 272
-0.959446, 129, 113, 375, 240
-0.959472, 1, 273, 64, 400
-0.959603, 265, 241, 328, 304
-0.959773, 137, 321, 200, 384
-0.960096, 217, 273, 280, 336
-0.960216, 113, 145, 176, 272
-0.960351, 241, 65, 368, 192
-0.960359, 129, 353, 256, 480
-0.960394, 89, 305, 152, 432
-0.960639, 169, 281, 232, 344
-0.960843, 257, 337, 320, 464
-0.960865, 81, 113, 208, 240
-0.960962, 33, 33, 160, 160
-0.961395, 249, 273, 312, 336
-0.961455, 257, 217, 320, 280
-0.961561, 113, 337, 176, 464
-0.96174, 313, 377, 375, 440
-0.961772, 121, 185, 184, 248
-0.961935, 273, 329, 336, 392
-0.962013, 281, 297, 344, 360
-0.962026, 1, 161, 64, 288
-0.962045, 305, 297, 368, 360
-0.962048, 169, 169, 232, 232
-0.962076, 137, 217, 200, 280
-0.962456, 233, 297, 296, 360
-0.962462, 241, 169, 304, 232
-0.962948, 241, 241, 304, 304
-0.963557, 57, 393, 120, 456
-0.963852, 209, 209, 336, 272
-0.96446, 137, 305, 200, 432
-0.964502, 65, 321, 128, 448
-0.964568, 305, 65, 368, 192
-0.964665, 113, 297, 176, 360
-0.964816, 73, 193, 136, 256
-0.965057, 105, 225, 168, 288
-0.96523, 97, 249, 160, 312
-0.965337, 81, 353, 208, 480
-0.965587, 193, 193, 256, 256
-0.965744, 225, 33, 288, 160
-0.965792, 305, 185, 368, 248
-0.966313, 265, 49, 328, 176
-0.966667, 225, 297, 352, 360
-0.966744, 73, 369, 136, 496
-0.967, 1, 305, 64, 368
-0.967159, 281, 193, 344, 448
-0.967185, 145, 281, 208, 344
-0.96726, 49, 257, 112, 384
-0.967612, 225, 185, 352, 248
-0.967714, 33, 209, 160, 272
-0.967863, 225, 257, 352, 320
-0.967963, 49, 145, 112, 208
-0.968095, 41, 177, 104, 240
-0.968183, 113, 225, 240, 288
-0.968194, 1, 225, 64, 352
-0.96826, 89, 33, 152, 160
-0.968468, 289, 361, 352, 424
-0.968481, 33, 401, 96, 464
-0.968526, 33, 33, 96, 160
-0.968555, 153, 353, 216, 480
-0.968603, 65, 417, 128, 480
-0.968691, 241, 353, 304, 416
-0.968802, 237, 321, 268, 384
-0.969039, 161, 193, 224, 256
-0.969039, 193, 281, 256, 344
-0.969112, 17, 201, 80, 264
-0.969137, 81, 129, 144, 256
-0.969203, 185, 33, 248, 160
-0.969386, 209, 161, 240, 224
-0.969391, 249, 329, 312, 392
-0.96984, 313, 265, 375, 328
-0.969862, 129, 345, 192, 408
-0.969872, 209, 129, 272, 256
-0.96994, 97, 161, 160, 224
-0.96994, 185, 161, 248, 416
-0.969962, 177, 145, 240, 208
-0.970001, 137, 33, 200, 160
-0.970046, 25, 225, 88, 352
-0.970175, 81, 393, 144, 456
-0.970179, 25, 153, 88, 216
-0.970233, 9, 33, 72, 160
-0.970308, 177, 241, 304, 304
-0.970341, 113, 33, 176, 160
-0.970485, 249, 217, 280, 280
-0.970543, 177, 313, 304, 376
-0.970725, 57, 393, 88, 456
-0.970875, 281, 385, 344, 448
-0.970957, 161, 417, 224, 480
-0.970981, 1, 353, 64, 480
-0.970993, 161, 313, 192, 376
-0.971052, 25, 1, 88, 256
-0.971125, 121, 193, 184, 448
-0.971336, 49, 209, 112, 272
-0.971349, 265, 169, 328, 232
-0.971397, 97, 249, 224, 312
-0.971678, 217, 161, 280, 416
-0.971875, 321, 265, 352, 328
-0.972027, 161, 33, 224, 96
-0.972142, 161, 193, 224, 448
-0.972177, 113, 289, 176, 416
-0.972268, 161, 217, 288, 280
-0.972317, 241, 233, 368, 296
-0.972322, 25, 369, 88, 496
-0.972347, 57, 33, 120, 160
-0.972347, 161, 33, 224, 160
-0.972363, 193, 329, 256, 392
-0.972436, 129, 305, 160, 368
-0.972445, 161, 169, 288, 232
-0.972461, 129, 289, 256, 352
-0.972535, 297, 201, 328, 264
-0.972556, 145, 249, 176, 312
-0.972684, 161, 337, 288, 400
-0.972692, 89, 297, 152, 360
-0.972721, 137, 129, 200, 256
-0.972725, 257, 129, 320, 256
-0.972778, 213, 305, 244, 368
-0.972789, 33, 33, 96, 96
-0.972843, 249, 289, 280, 416
-0.972905, 321, 225, 352, 288
-0.972962, 185, 417, 248, 480
-0.972992, 253, 297, 284, 360
-0.973032, 33, 169, 160, 232
-0.973062, 1, 265, 64, 328
-0.973144, 313, 153, 375, 216
-0.973205, 305, 241, 336, 304
-0.973223, 25, 129, 88, 256
-0.973389, 145, 169, 208, 232
-0.973392, 137, 33, 200, 96
-0.973531, 313, 129, 375, 256
-0.973586, 249, 321, 280, 384
-0.973609, 145, 225, 176, 288
-0.973679, 305, 65, 368, 320
-0.973691, 209, 161, 240, 288
-0.97385, 33, 393, 160, 456
-0.973971, 209, 217, 240, 280
-0.974009, 313, 177, 344, 304
-0.974016, 265, 409, 328, 472
-0.97408, 317, 185, 348, 248
-0.974084, 329, 177, 360, 304
-0.974135, 249, 177, 280, 240
-0.974283, 105, 393, 136, 456
-0.974361, 113, 313, 240, 376
-0.974409, 105, 393, 168, 456
-0.97444, 49, 369, 112, 496
-0.974449, 185, 113, 248, 240
-0.974705, 261, 193, 292, 256
-0.974719, 121, 241, 152, 304
-0.97476, 161, 193, 288, 256
-0.974776, 265, 65, 328, 128
-0.974781, 233, 129, 296, 256
-0.97479, 265, 193, 296, 320
-0.974805, 177, 273, 208, 336
-0.97481, 81, 273, 144, 336
-0.97487, 73, 249, 136, 312
-0.97488, 241, 193, 304, 448
-0.974893, 185, 161, 216, 288
-0.974939, 313, 225, 375, 480
-0.975024, 297, 337, 360, 400
-0.975079, 309, 217, 340, 280
-0.975089, 189, 257, 220, 320
-0.975124, 169, 345, 232, 408
-0.975173, 73, 161, 136, 416
-0.975188, 185, 305, 216, 368
-0.975306, 165, 257, 196, 320
-0.975308, 177, 289, 304, 352
-0.975326, 197, 145, 228, 208
-0.975347, 337, 209, 368, 272
-0.975469, 97, 201, 160, 264
-0.975486, 141, 321, 172, 384
-0.975505, 293, 225, 324, 352
-0.975592, 97, 321, 160, 384
-0.975649, 149, 177, 180, 304
-0.975705, 113, 169, 240, 232
-0.975711, 177, 353, 240, 480
-0.975867, 5, 289, 36, 352
-0.975874, 333, 241, 364, 304
-0.975931, 209, 41, 272, 104
-0.976006, 217, 257, 248, 384
-0.97611, 305, 73, 368, 136
-0.976141, 33, 97, 160, 224
-0.976151, 17, 249, 144, 312
-0.976169, 9, 241, 72, 304
-0.976219, 49, 161, 112, 416
-0.976271, 185, 1, 248, 256
-0.976279, 241, 49, 304, 112
-0.976289, 145, 297, 176, 360
-0.976307, 185, 41, 248, 104
-0.976321, 129, 1, 192, 256
-0.976444, 49, 1, 112, 256
-0.976471, 165, 169, 196, 232
-0.976508, 237, 297, 268, 360
-0.976536, 233, 273, 264, 336
-0.976563, 129, 225, 160, 352
-0.976596, 41, 433, 104, 496
-0.976631, 97, 193, 160, 448
-0.976642, 109, 273, 140, 336
-0.976748, 261, 233, 292, 296
-0.976757, 145, 265, 272, 328
-0.976765, 97, 417, 160, 480
-0.976792, 301, 289, 332, 416
-0.976802, 285, 201, 316, 264
-0.97685, 173, 305, 204, 368
-0.976881, 73, 153, 136, 216
-0.976887, 237, 305, 268, 432
-0.97689, 265, 241, 296, 368
-0.976939, 337, 225, 368, 352
-0.976979, 41, 153, 72, 216
-0.977129, 161, 1, 224, 256
-0.977129, 281, 297, 312, 360
-0.977139, 201, 241, 232, 304
-0.977208, 341, 169, 372, 232
-0.977236, 217, 345, 280, 408
-0.977239, 81, 225, 144, 288
-0.977249, 209, 145, 272, 208
-0.977273, 49, 321, 176, 384
-0.977305, 113, 201, 240, 264
-0.977363, 301, 177, 332, 304
-0.977377, 81, 33, 144, 288
-0.977402, 265, 305, 296, 368
-0.977409, 221, 177, 252, 240
-0.977417, 313, 225, 344, 352
-0.977448, 125, 217, 156, 280
-0.9775, 17, 177, 80, 240
-0.977508, 1, 161, 64, 416
-0.977509, 209, 17, 336, 144
-0.977672, 217, 257, 248, 320
-0.977755, 205, 193, 236, 256
-0.97776, 281, 241, 312, 368
-0.977785, 121, 417, 184, 480
-0.977796, 25, 273, 88, 400
-0.977817, 321, 289, 352, 416
-0.977873, 73, 41, 136, 104
-0.977904, 217, 33, 280, 288
-0.977923, 65, 369, 128, 432
-0.977929, 33, 321, 96, 448
-0.977937, 197, 321, 228, 384
-0.977953, 241, 409, 368, 472
-0.977958, 305, 289, 336, 352
-0.977964, 9, 417, 72, 480
-0.977983, 281, 193, 312, 320
-0.977997, 165, 161, 196, 288
-0.977997, 225, 233, 256, 296
-0.978027, 121, 281, 152, 344
-0.978039, 285, 257, 316, 320
-0.978074, 281, 225, 312, 288
-0.978101, 101, 177, 132, 240
-0.978104, 161, 97, 288, 224
-0.978111, 245, 273, 276, 336
-0.978111, 273, 33, 336, 288
-0.978199, 65, 321, 128, 384
-0.978219, 333, 377, 364, 440
-0.978227, 177, 273, 208, 400
-0.978251, 265, 345, 296, 408
-0.978272, 197, 281, 228, 344
-0.978294, 1, 113, 64, 240
-0.978299, 33, 417, 160, 480
-0.978331, 233, 409, 296, 472
-0.97836, 249, 249, 280, 312
-0.978382, 1, 1, 64, 256
-0.978399, 289, 289, 320, 416
-0.978441, 161, 41, 288, 104
-0.978445, 237, 209, 268, 272
-0.978577, 265, 337, 296, 464
-0.978625, 33, 177, 64, 240
-0.978635, 253, 225, 284, 352
-0.978692, 229, 225, 260, 352
-0.978734, 137, 185, 168, 248
-0.978764, 169, 209, 200, 336
-0.978793, 113, 33, 176, 96
-0.978849, 113, 241, 144, 368
-0.978872, 117, 193, 148, 320
-0.978882, 181, 329, 212, 392
-0.978924, 149, 273, 180, 400
-0.978927, 265, 353, 328, 416
-0.978951, 133, 249, 164, 312
-0.979006, 1, 145, 64, 208
-0.979057, 261, 289, 292, 416
-0.979096, 141, 273, 172, 336
-0.979101, 185, 153, 216, 216
-0.979133, 345, 233, 375, 296
-0.979207, 105, 1, 168, 256
-0.979223, 1, 145, 128, 208
-0.979226, 313, 401, 375, 464
-0.979235, 133, 177, 164, 304
-0.979254, 225, 321, 352, 384
-0.979273, 197, 241, 228, 368
-0.979293, 81, 289, 208, 352
-0.979296, 197, 177, 228, 304
-0.979312, 241, 361, 368, 424
-0.979448, 25, 161, 88, 416
-0.97958, 241, 33, 304, 288
-0.979627, 157, 337, 188, 400
-0.979655, 225, 305, 256, 368
-0.979725, 217, 209, 248, 336
-0.979737, 209, 417, 272, 480
-0.979786, 185, 209, 216, 336
-0.979804, 253, 161, 284, 288
-0.979806, 177, 417, 304, 480
-0.979835, 125, 273, 156, 400
-0.979894, 33, 177, 64, 304
-0.979926, 185, 257, 248, 500
-0.979934, 241, 385, 368, 448
-0.979967, 305, 265, 336, 328
-0.979978, 293, 225, 324, 288
-0.979999, 73, 257, 136, 500
-0.980034, 329, 185, 360, 248
-0.980045, 229, 177, 260, 304
-0.980051, 17, 257, 80, 500
-0.9803, 345, 369, 375, 496
-0.980348, 293, 297, 324, 360
-0.980357, 169, 233, 200, 296
-0.980366, 157, 217, 188, 280
-0.980422, 341, 177, 372, 304
-0.980465, 297, 433, 360, 496
-0.980501, 57, 369, 88, 496
-0.980515, 1, 321, 128, 384
-0.980535, 217, 257, 280, 500
-0.980632, 269, 257, 300, 320
-0.980636, 93, 177, 124, 304
-0.980701, 157, 225, 188, 352
-0.98073, 213, 337, 244, 464
-0.980799, 105, 97, 168, 224
-0.980816, 213, 281, 244, 344
-0.980821, 337, 289, 368, 416
-0.980886, 49, 97, 112, 224
-0.980893, 241, 161, 368, 224
-0.980937, 113, 337, 240, 400
-0.980943, 57, 161, 88, 288
-0.980957, 273, 185, 304, 248
-0.981073, 197, 289, 228, 416
-0.981093, 241, 65, 368, 128
-0.981132, 161, 305, 192, 432
-0.981163, 89, 185, 120, 248
-0.981182, 1, 241, 32, 368
-0.981202, 197, 169, 228, 232
-0.981217, 81, 1, 144, 500
-0.98141, 1, 337, 32, 400
-0.981411, 217, 1, 280, 500
-0.981478, 113, 417, 240, 480
-0.981504, 1, 265, 32, 328
-0.981516, 153, 145, 216, 208
-0.981582, 25, 329, 88, 392
-0.981682, 165, 281, 196, 344
-0.981694, 193, 217, 224, 280
-0.981717, 17, 377, 80, 440
-0.981787, 129, 145, 256, 208
-0.981854, 325, 353, 356, 480
-0.981899, 221, 209, 252, 272
-0.981913, 345, 393, 375, 456
-0.981944, 289, 1, 352, 500
-0.981973, 321, 305, 352, 368
-0.981975, 257, 1, 320, 500
-0.982057, 281, 113, 344, 240
-0.982058, 185, 177, 216, 240
-0.982064, 153, 1, 216, 500
-0.982086, 241, 225, 272, 352
-0.982093, 137, 273, 168, 400
-0.982135, 41, 233, 104, 296
-0.982201, 337, 265, 368, 328
-0.982245, 297, 177, 328, 240
-0.982267, 45, 193, 76, 320
-0.982273, 1, 41, 64, 104
-0.982289, 53, 153, 84, 216
-0.982301, 213, 337, 244, 400
-0.982373, 113, 369, 176, 432
-0.982404, 145, 225, 176, 352
-0.982451, 277, 369, 308, 496
-0.982467, 225, 337, 256, 464
-0.982489, 105, 345, 168, 408
-0.982549, 25, 305, 88, 368
-0.982583, 193, 1, 256, 500
-0.982623, 197, 129, 228, 256
-0.982649, 41, 1, 104, 500
-0.982659, 273, 433, 336, 496
-0.982686, 161, 193, 192, 256
-0.982792, 1, 313, 32, 376
-0.982839, 113, 177, 144, 240
-0.982878, 225, 337, 256, 400
-0.982926, 69, 217, 100, 280
-0.982932, 289, 161, 352, 224
-0.982975, 237, 241, 268, 304
-0.983016, 113, 1, 176, 500
-0.983019, 237, 169, 268, 232
-0.98303, 345, 369, 375, 432
-0.98304, 133, 129, 164, 256
-0.983106, 309, 337, 340, 464
-0.983122, 13, 225, 44, 352
-0.983125, 1, 297, 128, 360
-0.98323, 1, 305, 32, 432
-0.983263, 17, 265, 48, 328
-0.983374, 169, 337, 200, 400
-0.983524, 313, 1, 375, 500
-0.98353, 141, 33, 172, 160
-0.983534, 9, 241, 40, 304
-0.983571, 317, 361, 348, 424
-0.983571, 193, 417, 224, 480
-0.983653, 9, 1, 72, 500
-0.983725, 121, 161, 184, 224
-0.983797, 101, 241, 132, 304
-0.983836, 121, 153, 152, 216
-0.983854, 29, 153, 60, 216
-0.983855, 249, 337, 280, 464
-0.983864, 117, 145, 148, 272
-0.983893, 277, 289, 308, 416
-0.984114, 113, 17, 144, 144
-0.984133, 113, 33, 240, 96
-0.984133, 233, 385, 296, 448
-0.984134, 125, 17, 156, 144
-0.984143, 177, 417, 208, 480
-0.984144, 81, 393, 208, 456
-0.984185, 281, 321, 312, 384
-0.984203, 261, 169, 292, 232
-0.984226, 289, 353, 320, 480
-0.984272, 305, 337, 336, 400
-0.984288, 325, 225, 356, 352
-0.984298, 125, 193, 156, 256
-0.98433, 153, 169, 184, 232
-0.984351, 33, 33, 160, 96
-0.984355, 181, 233, 212, 296
-0.984397, 193, 353, 256, 416
-0.984485, 1, 329, 64, 392
-0.984495, 305, 17, 368, 144
-0.984509, 101, 257, 132, 384
-0.984518, 49, 145, 176, 208
-0.984579, 293, 321, 324, 384
-0.984599, 69, 209, 100, 336
-0.984604, 249, 433, 312, 496
-0.984694, 241, 161, 272, 288
-0.98472, 237, 345, 268, 408
-0.984804, 225, 433, 352, 496
-0.984843, 257, 385, 320, 448
-0.984852, 253, 345, 284, 408
-0.984879, 105, 369, 136, 496
-0.984915, 201, 337, 232, 464
-0.984979, 21, 201, 52, 264
-0.984997, 293, 65, 324, 128
-0.985028, 105, 137, 168, 200
-0.985029, 177, 145, 304, 208
-0.985064, 185, 113, 216, 240
-0.985109, 177, 321, 208, 448
-0.985117, 341, 65, 372, 192
-0.985147, 337, 305, 368, 368
-0.985203, 1, 209, 32, 272
-0.985226, 277, 393, 308, 456
-0.985241, 49, 257, 112, 320
-0.985286, 69, 161, 100, 288
-0.985298, 17, 273, 144, 336
-0.985346, 133, 33, 164, 96
-0.985404, 237, 33, 268, 160
-0.985471, 169, 113, 200, 240
-0.985499, 105, 145, 136, 272
-0.985532, 345, 129, 375, 256
-0.985577, 157, 33, 188, 96
-0.985616, 265, 281, 296, 344
-0.985635, 193, 361, 320, 424
-0.985648, 145, 97, 208, 352
-0.985694, 153, 273, 184, 336
-0.985778, 189, 33, 220, 96
-0.98578, 81, 145, 112, 272
-0.985826, 109, 297, 140, 360
-0.98586, 329, 65, 360, 192
-0.985976, 177, 393, 240, 456
-0.986095, 73, 17, 136, 80
-0.986135, 45, 145, 76, 272
-0.986318, 137, 81, 200, 208
-0.986394, 117, 321, 148, 448
-0.986417, 265, 145, 296, 272
-0.986421, 69, 33, 100, 160
-0.986491, 9, 177, 40, 304
-0.986493, 289, 49, 320, 176
-0.986507, 121, 97, 184, 352
-0.986556, 1, 81, 375, 208
-0.986613, 97, 113, 160, 176
-0.986627, 177, 393, 304, 456
-0.986683, 141, 321, 172, 448
-0.986703, 217, 33, 248, 160
-0.986719, 49, 121, 112, 184
-0.986732, 97, 305, 128, 432
-0.986874, 29, 273, 60, 400
-0.986908, 17, 33, 48, 160
-0.986931, 105, 193, 136, 320
-0.986985, 49, 257, 112, 500
-0.986989, 313, 65, 344, 192
-0.987156, 249, 33, 280, 160
-0.987168, 81, 193, 112, 320
-0.987183, 49, 241, 80, 368
-0.987228, 45, 33, 76, 160
-0.987305, 85, 33, 116, 160
-0.987368, 113, 361, 240, 424
-0.987429, 21, 177, 52, 304
-0.987652, 257, 1, 320, 128
-0.987655, 205, 33, 236, 160
-0.987692, 25, 281, 88, 344
-0.987696, 17, 289, 48, 416
-0.987738, 57, 33, 88, 160
-0.987792, 157, 353, 188, 480
-0.987793, 33, 33, 64, 160
-0.987795, 61, 321, 92, 448
-0.987828, 269, 49, 300, 176
-0.988061, 189, 337, 220, 464
-0.98807, 301, 65, 332, 192
-0.988122, 5, 33, 36, 160
-0.988153, 129, 393, 192, 456
-0.988159, 169, 225, 232, 256
-0.988194, 153, 33, 184, 160
-0.988352, 193, 65, 320, 128
-0.98837, 193, 33, 224, 160
-0.988433, 177, 33, 208, 160
-0.988478, 165, 33, 196, 160
-0.988492, 129, 321, 160, 448
-0.98852, 257, 197, 320, 228
-0.988523, 77, 321, 108, 448
-0.988598, 145, 129, 176, 256
-0.98871, 305, 221, 368, 252
-0.988728, 45, 369, 76, 496
-0.98874, 93, 129, 124, 256
-0.988744, 89, 241, 120, 368
-0.988857, 117, 369, 148, 496
-0.98888, 169, 237, 232, 268
-0.988907, 241, 329, 272, 360
-0.988922, 33, 129, 64, 256
-0.98893, 145, 233, 208, 264
-0.988958, 185, 277, 248, 308
-0.988988, 257, 213, 320, 244
-0.989085, 289, 197, 352, 228
-0.989089, 193, 317, 256, 348
-0.989112, 65, 369, 192, 432
-0.989139, 145, 329, 208, 360
-0.989149, 65, 345, 192, 408
-0.989159, 65, 397, 128, 428
-0.989185, 97, 225, 352, 288
-0.989216, 329, 129, 360, 256
-0.98922, 49, 321, 80, 448
-0.989248, 121, 269, 184, 300
-0.989259, 1, 353, 32, 480
-0.989285, 225, 181, 288, 212
-0.989308, 97, 33, 128, 160
-0.989356, 253, 341, 284, 372
-0.989356, 217, 201, 280, 232
-0.989411, 185, 169, 248, 200
-0.989425, 273, 233, 336, 264
-0.989431, 233, 349, 296, 380
-0.989441, 225, 329, 288, 360
-0.989448, 145, 265, 208, 296
-0.989463, 201, 265, 264, 296
-0.989483, 241, 305, 304, 336
-0.989548, 297, 265, 360, 296
-0.989554, 281, 209, 344, 240
-0.989569, 193, 229, 256, 260
-0.989574, 297, 253, 360, 284
-0.989578, 129, 245, 192, 276
-0.989589, 81, 193, 144, 224
-0.989631, 305, 209, 368, 240
-0.989632, 193, 241, 256, 272
-0.989683, 201, 305, 264, 336
-0.989705, 313, 233, 375, 264
-0.989721, 169, 317, 232, 348
-0.989735, 169, 209, 232, 240
-0.989791, 169, 265, 232, 296
-0.98985, 201, 213, 264, 244
-0.989889, 145, 213, 208, 244
-0.989896, 313, 185, 375, 216
-0.989914, 289, 277, 352, 308
-0.989918, 161, 249, 224, 280
-0.989921, 81, 209, 144, 240
-0.989984, 121, 225, 184, 256
-0.990004, 121, 201, 184, 232
-0.99002, 265, 257, 328, 288
-0.990022, 241, 245, 304, 276
-0.990043, 257, 341, 320, 372
-0.990049, 233, 217, 296, 248
-0.990098, 105, 237, 168, 268
-0.990103, 193, 253, 256, 284
-0.990108, 201, 185, 264, 216
-0.990117, 257, 185, 320, 216
-0.990129, 81, 257, 144, 288
-0.990143, 41, 421, 104, 452
-0.990164, 201, 289, 264, 320
-0.990168, 313, 197, 375, 228
-0.990203, 193, 421, 256, 452
-0.990237, 161, 177, 224, 208
-0.990244, 209, 353, 272, 384
-0.99025, 305, 381, 368, 412
-0.990253, 249, 273, 312, 304
-0.990256, 209, 81, 272, 208
-0.99027, 281, 305, 344, 336
-0.99029, 113, 285, 176, 316
-0.9903, 225, 273, 288, 304
-0.990323, 129, 321, 375, 384
-0.990334, 145, 317, 208, 348
-0.990348, 113, 321, 176, 352
-0.990365, 289, 365, 352, 396
-0.990415, 217, 229, 280, 260
-0.990459, 337, 185, 368, 216
-0.990474, 225, 285, 288, 316
-0.990481, 9, 209, 72, 240
-0.990533, 73, 409, 136, 440
-0.99054, 217, 249, 280, 280
-0.990542, 193, 197, 256, 228
-0.990545, 281, 221, 344, 252
-0.990553, 185, 353, 248, 384
-0.990556, 233, 421, 296, 452
-0.990566, 177, 157, 240, 188
-0.990576, 41, 197, 104, 228
-0.990583, 193, 329, 256, 360
-0.990585, 217, 353, 248, 384
-0.990595, 257, 317, 320, 348
-0.990601, 305, 265, 336, 296
-0.990602, 105, 257, 168, 288
-0.990608, 97, 249, 352, 312
-0.990619, 253, 329, 284, 360
-0.990621, 209, 169, 272, 200
-0.990622, 129, 177, 375, 240
-0.990627, 169, 341, 232, 372
-0.990641, 273, 245, 336, 276
-0.990649, 321, 265, 352, 296
-0.990653, 121, 185, 184, 216
-0.990684, 97, 121, 224, 184
-0.990691, 257, 357, 320, 388
-0.990696, 161, 277, 224, 308
-0.9907, 169, 329, 232, 360
-0.990733, 25, 81, 88, 208
-0.990758, 97, 297, 352, 360
-0.990764, 169, 297, 232, 328
-0.990778, 233, 361, 296, 392
-0.990781, 1, 297, 375, 360
-0.990781, 337, 221, 368, 252
-0.990793, 297, 293, 360, 324
-0.990821, 245, 317, 276, 348
-0.990824, 237, 341, 268, 372
-0.990831, 225, 261, 288, 292
-0.99085, 313, 245, 344, 276
-0.990865, 33, 165, 96, 196
-0.990877, 145, 201, 208, 232
-0.990877, 73, 421, 136, 452
-0.990905, 1, 321, 64, 352
-0.990909, 281, 185, 344, 216
-0.990922, 65, 273, 320, 336
-0.990951, 105, 401, 136, 432
-0.990974, 97, 181, 160, 212
-0.990975, 305, 205, 336, 236
-0.990991, 161, 81, 224, 208
-0.990992, 281, 377, 344, 408
-0.990995, 153, 245, 184, 276
-0.991004, 1, 161, 256, 224
-0.991021, 121, 213, 184, 244
-0.991034, 193, 341, 256, 372
-0.991037, 97, 201, 352, 264
-0.991037, 313, 401, 375, 432
-0.991041, 33, 121, 160, 184
-0.991058, 265, 293, 328, 324
-0.991058, 1, 289, 64, 320
-0.991066, 121, 425, 184, 456
-0.991069, 257, 329, 320, 360
-0.991073, 121, 297, 184, 328
-0.991073, 317, 197, 348, 228
-0.991077, 137, 281, 200, 312
-0.991095, 125, 225, 156, 256
-0.991102, 265, 69, 328, 100
-0.991116, 209, 169, 240, 200
-0.991119, 213, 305, 244, 336
-0.991136, 97, 417, 160, 448
-0.991141, 1, 321, 256, 384
-0.991155, 281, 389, 344, 420
-0.991164, 145, 265, 176, 296
-0.991177, 305, 305, 368, 336
-0.991189, 169, 41, 232, 72
-0.991191, 313, 233, 344, 264
-0.991205, 233, 317, 296, 348
-0.991206, 73, 45, 136, 76
-0.991214, 61, 397, 92, 428
-0.99122, 213, 225, 244, 256
-0.991254, 329, 233, 360, 264
-0.991255, 193, 365, 256, 396
-0.991259, 325, 217, 356, 248
-0.99126, 49, 185, 112, 216
-0.991262, 161, 421, 224, 452
-0.991267, 145, 297, 208, 328
-0.991284, 269, 357, 300, 388
-0.991285, 65, 433, 128, 464
-0.991292, 325, 377, 356, 408
-0.991302, 249, 229, 312, 260
-0.991305, 97, 309, 160, 340
-0.991318, 33, 37, 96, 68
-0.99132, 325, 253, 356, 284
-0.991328, 57, 157, 120, 188
-0.991329, 289, 213, 320, 244
-0.991335, 161, 353, 224, 384
-0.99134, 305, 77, 368, 108
-0.99135, 81, 281, 144, 312
-0.991377, 185, 321, 216, 352
-0.991389, 113, 37, 176, 68
-0.991393, 225, 341, 256, 372
-0.991402, 33, 409, 96, 440
-0.991402, 229, 289, 260, 320
-0.99141, 209, 237, 240, 268
-0.991422, 9, 249, 72, 280
-0.991441, 305, 221, 336, 252
-0.991461, 129, 341, 192, 372
-0.991475, 33, 153, 96, 184
-0.991476, 293, 257, 324, 288
-0.991523, 209, 249, 240, 280
-0.991534, 345, 389, 375, 420
-0.991535, 161, 329, 192, 360
-0.991543, 265, 197, 296, 228
-0.991549, 261, 185, 292, 216
-0.991594, 1, 233, 256, 296
-0.991636, 249, 305, 280, 336
-0.991657, 329, 197, 360, 228
-0.99167, 141, 237, 172, 268
-0.991673, 277, 237, 308, 268
-0.991676, 301, 233, 332, 264
-0.991688, 253, 201, 284, 232
-0.991724, 345, 233, 375, 264
-0.991732, 225, 257, 256, 288
-0.991744, 197, 317, 228, 348
-0.991753, 129, 345, 375, 408
-0.991761, 305, 193, 336, 224
-0.991851, 345, 405, 375, 436
-0.991867, 253, 233, 284, 264
-0.991886, 233, 273, 264, 304
-0.991896, 249, 249, 280, 280
-0.99192, 133, 253, 164, 284
-0.991925, 1, 417, 256, 480
-0.991932, 269, 253, 300, 284
-0.991933, 161, 197, 192, 228
-0.991934, 197, 253, 228, 284
-0.991934, 1, 249, 375, 312
-0.991949, 165, 245, 196, 276
-0.991967, 177, 261, 208, 292
-0.991978, 209, 193, 240, 224
-0.991994, 293, 197, 324, 228
-0.992005, 225, 225, 256, 256
-0.992015, 217, 213, 248, 244
-0.99202, 205, 213, 236, 244
-0.992042, 333, 389, 364, 420
-0.992046, 229, 305, 260, 336
-0.99207, 1, 409, 375, 472
-0.992081, 229, 245, 260, 276
-0.992084, 121, 241, 152, 272
-0.9921, 161, 185, 192, 216
-0.99211, 253, 353, 284, 384
-0.992156, 165, 257, 196, 288
-0.992171, 237, 173, 268, 204
-0.992176, 341, 253, 372, 284
-0.992192, 281, 305, 312, 336
-0.992211, 245, 273, 276, 304
-0.992214, 193, 153, 224, 184
-0.992216, 249, 313, 264, 376
-0.992238, 1, 273, 375, 336
-0.992251, 189, 237, 220, 268
-0.992266, 113, 273, 144, 304
-0.992271, 229, 205, 260, 236
-0.992271, 189, 249, 204, 312
-0.992282, 213, 293, 244, 324
-0.992283, 117, 285, 148, 316
-0.992292, 165, 213, 196, 244
-0.992304, 197, 177, 228, 208
-0.992305, 181, 165, 212, 196
-0.992315, 129, 277, 160, 308
-0.992318, 233, 353, 264, 384
-0.99232, 255, 169, 270, 232
-0.992324, 265, 341, 296, 372
-0.992367, 65, 41, 320, 104
-0.992369, 325, 185, 356, 216
-0.99239, 33, 205, 64, 236
-0.992392, 175, 321, 190, 384
-0.992393, 165, 225, 196, 256
-0.992394, 165, 317, 196, 348
-0.992414, 37, 189, 68, 220
-0.992414, 1, 361, 32, 392
-0.992415, 281, 253, 312, 284
-0.992422, 177, 249, 208, 280
-0.992426, 237, 217, 268, 248
-0.992434, 337, 377, 368, 408
-0.99244, 185, 281, 216, 312
-0.992442, 265, 329, 296, 360
-0.992444, 1, 193, 256, 256
-0.992454, 193, 269, 224, 300
-0.992458, 5, 313, 36, 344
-0.992463, 173, 329, 204, 360
-0.99247, 261, 221, 292, 252
-0.992471, 141, 277, 172, 308
-0.992479, 241, 137, 368, 200
-0.99248, 265, 193, 280, 256
-0.992481, 293, 245, 324, 276
-0.992487, 141, 333, 172, 364
-0.992498, 217, 269, 248, 300
-0.992502, 293, 293, 324, 324
-0.992503, 41, 161, 72, 192
-0.992525, 109, 185, 140, 216
-0.992527, 277, 193, 308, 224
-0.992537, 245, 261, 276, 292
-0.992552, 277, 205, 308, 236
-0.992564, 1, 177, 375, 240
-0.992585, 177, 309, 208, 340
-0.992596, 201, 225, 232, 256
-0.992636, 145, 221, 176, 252
-0.99265, 141, 197, 172, 228
-0.992655, 341, 313, 372, 344
-0.992665, 125, 265, 156, 296
-0.992667, 261, 309, 292, 340
-0.992669, 73, 81, 136, 208
-0.992694, 129, 193, 160, 224
-0.992694, 97, 417, 352, 480
-0.992699, 105, 413, 136, 444
-0.992701, 229, 249, 244, 312
-0.992704, 337, 265, 368, 296
-0.992717, 249, 181, 280, 212
-0.992729, 221, 193, 252, 224
-0.992764, 219, 265, 234, 328
-0.992779, 217, 281, 248, 312
-0.992797, 125, 309, 156, 340
-0.992804, 153, 233, 184, 264
-0.992814, 241, 237, 272, 268
-0.992817, 177, 209, 208, 240
-0.992822, 1, 209, 375, 272
-0.992826, 263, 313, 278, 376
-0.992832, 17, 361, 144, 424
-0.992837, 257, 217, 272, 280
-0.992851, 281, 1, 344, 128
-0.99291, 301, 193, 316, 256
-0.99293, 251, 209, 266, 272
-0.993009, 225, 217, 352, 248
-0.993111, 209, 341, 336, 372
-0.993117, 241, 81, 304, 208
-0.993117, 271, 233, 286, 296
-0.993144, 243, 305, 258, 368
-0.993182, 65, 369, 320, 432
-0.993219, 9, 289, 24, 352
-0.993301, 323, 217, 338, 280
-0.993311, 311, 209, 326, 272
-0.993419, 161, 337, 288, 368
-0.993446, 225, 205, 352, 236
-0.993453, 317, 209, 332, 272
-0.993471, 329, 273, 344, 336
-0.993472, 311, 241, 326, 304
-0.993483, 241, 169, 256, 232
-0.993491, 335, 225, 350, 288
-0.993509, 1, 297, 256, 360
-0.993566, 227, 169, 242, 232
-0.993567, 219, 161, 234, 224
-0.993593, 151, 225, 166, 288
-0.993622, 343, 177, 358, 240
-0.993629, 237, 313, 252, 376
-0.99368, 113, 321, 240, 352
-0.993705, 269, 313, 284, 376
-0.993721, 129, 237, 256, 268
-0.993739, 329, 225, 344, 288
-0.993739, 247, 249, 262, 312
-0.993743, 213, 281, 228, 344
-0.993751, 237, 273, 252, 336
-0.993755, 169, 321, 184, 384
-0.993755, 145, 329, 160, 392
-0.99376, 147, 249, 162, 312
-0.993762, 165, 281, 180, 344
-0.99377, 209, 305, 336, 336
-0.993813, 53, 153, 68, 216
-0.993837, 161, 209, 288, 240
-0.993859, 263, 289, 278, 352
-0.993924, 197, 313, 212, 376
-0.993956, 307, 289, 322, 352
-0.993958, 1, 321, 375, 384
-0.993976, 257, 249, 272, 312
-0.994017, 225, 233, 352, 264
-0.994023, 33, 137, 288, 200
-0.994032, 351, 169, 366, 232
-0.994036, 145, 273, 272, 304
-0.994036, 97, 265, 224, 296
-0.994039, 145, 225, 272, 256
-0.994044, 125, 241, 140, 304
-0.994056, 257, 289, 272, 352
-0.994064, 1, 353, 375, 416
-0.994067, 225, 265, 352, 296
-0.994075, 137, 249, 152, 312
-0.994112, 333, 193, 348, 256
-0.994114, 209, 193, 336, 224
-0.994116, 243, 329, 258, 392
-0.99413, 1, 41, 375, 104
-0.994132, 275, 329, 290, 392
-0.994149, 283, 297, 298, 360
-0.994152, 17, 209, 144, 240
-0.994165, 1, 385, 375, 448
-0.994172, 293, 289, 308, 352
-0.994193, 297, 241, 312, 304
-0.994205, 211, 201, 226, 264
-0.994205, 71, 393, 86, 456
-0.994211, 163, 321, 178, 384
-0.994213, 141, 217, 156, 280
-0.994216, 227, 225, 242, 288
-0.994219, 1, 433, 375, 496
-0.994248, 161, 253, 288, 284
-0.994267, 201, 209, 216, 272
-0.994282, 161, 353, 288, 384
-0.994283, 355, 377, 370, 440
-0.994309, 157, 185, 172, 248
-0.994323, 209, 289, 336, 320
-0.994329, 161, 285, 288, 316
-0.994332, 33, 417, 160, 448
-0.994356, 161, 225, 176, 288
-0.994362, 1, 393, 256, 456
-0.994381, 311, 185, 326, 248
-0.994391, 113, 213, 240, 244
-0.994417, 97, 281, 224, 312
-0.994445, 231, 201, 246, 264
-0.994452, 1, 273, 16, 336
-0.994456, 175, 169, 190, 232
-0.994473, 207, 297, 222, 360
-0.994496, 161, 325, 288, 356
-0.994517, 205, 145, 220, 208
-0.994528, 339, 201, 354, 264
-0.994537, 209, 253, 336, 284
-0.994571, 123, 281, 138, 344
-0.994607, 183, 257, 198, 320
-0.994622, 221, 217, 236, 280
-0.994622, 113, 249, 240, 280
-0.994629, 175, 241, 190, 304
-0.994658, 129, 65, 375, 128
-0.994682, 339, 249, 354, 312
-0.994685, 129, 393, 375, 456
-0.994698, 321, 297, 336, 360
-0.994701, 187, 225, 202, 288
-0.994713, 277, 233, 292, 296
-0.994719, 113, 201, 240, 232
-0.994756, 33, 397, 160, 428
-0.994762, 209, 321, 336, 352
-0.994787, 43, 161, 58, 224
-0.994791, 65, 217, 192, 248
-0.994797, 15, 281, 30, 344
-0.994797, 245, 273, 260, 336
-0.994819, 81, 237, 208, 268
-0.994834, 145, 273, 160, 336
-0.994848, 125, 217, 140, 280
-0.994865, 219, 241, 234, 304
-0.994867, 199, 233, 214, 296
-0.994875, 223, 289, 238, 352
-0.994875, 161, 177, 288, 208
-0.994883, 65, 205, 192, 236
-0.994886, 1, 173, 128, 204
-0.994902, 339, 369, 354, 432
-0.994905, 267, 337, 282, 400
-0.994913, 361, 233, 375, 296
-0.994922, 265, 233, 280, 296
-0.994945, 157, 265, 172, 328
-0.994947, 333, 249, 348, 312
-0.994958, 361, 377, 375, 440
-0.994961, 161, 197, 288, 228
-0.994969, 305, 233, 320, 296
-0.994972, 225, 277, 352, 308
-0.99498, 137, 185, 152, 248
-0.995001, 229, 273, 244, 336
-0.995004, 155, 337, 170, 400
-0.99501, 241, 217, 256, 280
-0.995027, 315, 305, 330, 368
-0.99503, 233, 177, 248, 240
-0.995059, 161, 313, 288, 344
-0.995061, 33, 249, 160, 280
-0.995063, 345, 241, 360, 304
-0.995081, 217, 193, 232, 256
-0.995099, 231, 321, 246, 384
-0.99511, 131, 225, 146, 288
-0.995117, 139, 297, 154, 360
-0.995119, 17, 197, 144, 228
-0.995151, 113, 249, 128, 312
-0.995176, 199, 265, 214, 328
-0.995198, 163, 257, 178, 320
-0.995214, 165, 177, 180, 240
-0.995217, 317, 249, 332, 312
-0.995227, 301, 193, 332, 448
-0.995235, 177, 421, 304, 452
-0.995251, 193, 225, 208, 288
-0.995264, 129, 301, 256, 332
-0.995265, 169, 241, 184, 304
-0.995291, 131, 249, 146, 312
-0.995294, 185, 289, 200, 352
-0.995317, 257, 313, 272, 376
-0.995335, 7, 313, 22, 376
-0.995354, 201, 289, 216, 352
-0.995379, 251, 281, 266, 344
-0.99538, 217, 305, 232, 368
-0.995393, 193, 273, 208, 336
-0.995403, 325, 193, 340, 256
-0.995424, 323, 257, 338, 320
-0.995427, 179, 281, 194, 344
-0.995435, 291, 249, 306, 312
-0.995446, 269, 289, 284, 352
-0.995448, 1, 329, 128, 360
-0.995453, 261, 169, 276, 232
-0.995455, 7, 241, 22, 304
-0.995457, 151, 185, 166, 248
-0.99546, 211, 161, 226, 224
-0.995496, 207, 273, 222, 336
-0.995502, 113, 177, 240, 208
-0.995509, 177, 121, 304, 184
-0.995515, 113, 341, 240, 372
-0.995535, 129, 153, 375, 216
-0.995538, 287, 201, 302, 264
-0.995554, 209, 181, 336, 212
-0.995578, 237, 249, 252, 312
-0.995584, 351, 209, 366, 272
-0.995589, 177, 237, 304, 268
-0.9956, 299, 305, 314, 368
-0.995604, 209, 353, 336, 384
-0.995616, 177, 365, 304, 396
-0.995652, 33, 261, 160, 292
-0.995708, 65, 429, 192, 460
-0.995721, 277, 161, 308, 416
-0.995728, 81, 189, 208, 220
-0.995764, 225, 369, 352, 400
-0.995772, 1, 153, 375, 216
-0.995788, 265, 193, 296, 448
-0.995851, 193, 1, 224, 256
-0.995852, 209, 129, 240, 384
-0.995913, 129, 425, 256, 456
-0.995914, 1, 17, 256, 80
-0.995924, 125, 225, 156, 480
-0.995932, 49, 9, 176, 72
-0.995983, 113, 353, 240, 384
-0.995989, 221, 161, 252, 416
-0.996052, 17, 153, 144, 184
-0.996083, 337, 65, 368, 320
-0.996101, 65, 325, 192, 356
-0.996102, 113, 41, 240, 72
-0.996111, 177, 193, 208, 448
-0.996128, 317, 193, 348, 448
-0.996133, 33, 345, 288, 408
-0.996187, 177, 437, 304, 468
-0.996202, 49, 177, 176, 208
-0.996234, 1, 41, 128, 72
-0.996252, 65, 313, 192, 344
-0.996285, 161, 49, 288, 80
-0.996295, 141, 1, 172, 256
-0.996306, 193, 225, 224, 480
-0.996312, 113, 225, 144, 480
-0.996313, 17, 433, 144, 464
-0.996335, 249, 193, 280, 448
-0.996342, 193, 129, 224, 384
-0.996381, 145, 193, 176, 448
-0.996383, 33, 1, 64, 256
-0.996383, 285, 257, 316, 500
-0.996393, 241, 425, 368, 456
-0.996418, 309, 65, 340, 320
-0.996455, 129, 393, 256, 456
-0.996494, 81, 161, 208, 192
-0.996514, 1, 185, 128, 216
-0.996516, 129, 365, 256, 396
-0.996565, 53, 1, 84, 256
-0.996604, 85, 33, 116, 288
-0.996626, 81, 293, 208, 324
-0.996628, 5, 1, 36, 256
-0.996637, 33, 301, 160, 332
-0.99665, 105, 33, 136, 288
-0.996661, 81, 417, 208, 448
-0.996677, 65, 1, 96, 256
-0.996709, 241, 73, 368, 104
-0.996713, 209, 225, 240, 480
-0.996742, 157, 1, 188, 256
-0.996772, 289, 161, 320, 416
-0.996778, 329, 193, 360, 448
-0.996802, 161, 165, 288, 196
-0.996802, 5, 225, 36, 480
-0.996857, 33, 237, 160, 268
-0.996906, 241, 405, 368, 436
-0.996915, 113, 149, 240, 180
-0.996935, 209, 33, 240, 288
-0.99695, 237, 193, 268, 448
-0.996954, 241, 381, 368, 412
-0.996991, 297, 33, 328, 288
-0.997014, 209, 41, 336, 104
-0.997033, 341, 225, 372, 480
-0.997057, 129, 129, 160, 384
-0.997104, 65, 105, 320, 168
-0.997109, 125, 1, 156, 256
-0.997122, 321, 65, 352, 320
-0.997137, 241, 449, 368, 480
-0.997173, 173, 1, 204, 256
-0.997227, 29, 129, 60, 384
-0.997237, 225, 33, 256, 288
-0.997241, 157, 193, 188, 448
-0.997256, 65, 41, 192, 72
-0.997257, 285, 33, 316, 288
-0.997259, 81, 397, 208, 428
-0.997293, 1, 9, 128, 72
-0.997303, 241, 169, 368, 200
-0.997347, 1, 65, 375, 128
-0.997357, 21, 1, 52, 256
-0.997373, 241, 393, 368, 424
-0.997397, 113, 129, 144, 384
-0.997419, 17, 273, 144, 304
-0.99744, 193, 65, 320, 96
-0.997451, 241, 437, 368, 468
-0.997493, 221, 257, 252, 500
-0.997498, 225, 469, 352, 500
-0.997521, 97, 377, 224, 408
-0.997541, 257, 329, 272, 360
-0.997549, 33, 141, 160, 172
-0.997552, 1, 469, 128, 500
-0.997554, 329, 197, 344, 228
-0.997573, 17, 225, 48, 480
-0.997609, 361, 389, 375, 420
-0.997614, 265, 33, 296, 288
-0.99763, 69, 161, 100, 416
-0.99763, 333, 265, 348, 296
-0.997635, 89, 161, 120, 416
-0.997643, 7, 305, 22, 336
-0.997645, 339, 377, 354, 408
-0.997647, 251, 317, 266, 348
-0.997648, 341, 221, 356, 252
-0.997648, 1, 317, 128, 348
-0.997657, 189, 257, 204, 288
-0.997657, 243, 329, 258, 360
-0.997658, 49, 161, 80, 416
-0.997661, 237, 33, 268, 288
-0.997672, 231, 353, 246, 384
-0.997673, 267, 337, 282, 368
-0.997684, 275, 345, 290, 376
-0.997684, 261, 317, 276, 348
-0.997684, 245, 305, 260, 336
-0.997689, 219, 213, 234, 244
-0.997699, 161, 329, 176, 360
-0.9977, 253, 301, 268, 332
-0.997702, 267, 325, 282, 356
-0.997702, 319, 221, 334, 252
-0.997704, 341, 185, 356, 216
-0.997704, 321, 197, 336, 228
-0.997705, 237, 341, 252, 372
-0.997707, 217, 225, 232, 256
-0.997707, 309, 221, 324, 252
-0.997708, 315, 249, 330, 280
-0.99771, 267, 353, 282, 384
-0.997712, 257, 341, 272, 372
-0.997713, 327, 253, 342, 284
-0.997714, 267, 201, 282, 232
-0.997718, 225, 353, 240, 384
-0.997725, 113, 393, 128, 424
-0.997725, 127, 225, 142, 256
-0.997726, 33, 289, 160, 320
-0.997726, 331, 233, 346, 264
-0.99773, 321, 245, 336, 276
-0.997732, 351, 233, 366, 264
-0.997735, 257, 177, 272, 208
-0.997736, 329, 209, 344, 240
-0.997736, 341, 237, 356, 268
-0.997737, 145, 273, 160, 304
-0.997742, 251, 329, 266, 360
-0.997746, 349, 397, 364, 428
-0.997749, 197, 341, 212, 372
-0.997749, 163, 273, 178, 304
-0.997749, 247, 281, 262, 312
-0.99775, 235, 321, 250, 352
-0.99775, 339, 201, 354, 232
-0.997751, 303, 201, 318, 232
-0.997751, 251, 341, 266, 372
-0.997752, 221, 273, 236, 304
-0.997753, 321, 233, 336, 264
-0.997754, 241, 173, 256, 204
-0.997754, 165, 177, 180, 208
-0.997754, 209, 213, 224, 244
-0.997755, 115, 261, 130, 292
-0.997755, 3, 357, 18, 388
-0.997756, 255, 221, 270, 252
-0.997757, 211, 225, 226, 256
-0.997758, 247, 249, 262, 280
-0.997759, 227, 217, 242, 248
-0.997759, 231, 289, 246, 320
-0.99776, 133, 217, 148, 248
-0.99776, 245, 317, 260, 348
-0.99776, 301, 217, 316, 248
-0.997761, 219, 353, 234, 384
-0.997762, 313, 209, 328, 240
-0.997763, 295, 193, 310, 224
-0.997766, 199, 253, 214, 284
-0.997767, 101, 257, 132, 500
-0.997767, 241, 225, 256, 256
-0.997768, 33, 385, 160, 416
-0.997769, 229, 201, 244, 232
-0.997769, 233, 181, 248, 212
-0.997769, 299, 253, 314, 284
-0.997772, 117, 273, 132, 304
-0.997773, 223, 245, 238, 276
-0.997775, 145, 237, 160, 268
-0.997775, 249, 217, 264, 248
-0.997776, 197, 321, 212, 352
-0.997776, 233, 253, 248, 284
-0.997779, 227, 257, 242, 288
-0.997779, 211, 201, 226, 232
-0.99778, 155, 205, 170, 236
-0.997781, 319, 265, 334, 296
-0.997781, 227, 301, 242, 332
-0.997782, 351, 177, 366, 208
-0.997782, 71, 397, 86, 428
-0.997784, 273, 361, 288, 392
-0.997784, 175, 177, 190, 208
-0.997784, 7, 321, 22, 352
-0.997785, 239, 189, 254, 220
-0.997787, 221, 165, 236, 196
-0.997788, 155, 233, 170, 264
-0.997788, 319, 361, 334, 392
-0.997789, 157, 189, 172, 220
-0.997792, 129, 289, 144, 320
-0.997793, 233, 225, 248, 256
-0.997796, 223, 233, 238, 264
-0.997798, 237, 289, 252, 320
-0.997798, 239, 301, 254, 332
-0.997799, 123, 241, 138, 272
-0.9978, 161, 237, 176, 268
-0.9978, 151, 337, 166, 368
-0.997801, 255, 237, 270, 268
-0.997801, 255, 273, 270, 304
-0.997802, 309, 253, 324, 284
-0.997803, 243, 341, 258, 372
-0.997805, 241, 253, 256, 284
-0.997806, 309, 237, 324, 268
-0.997806, 359, 409, 374, 440
-0.997806, 197, 269, 212, 300
-0.997807, 233, 277, 248, 308
-0.997807, 235, 209, 250, 240
-0.997808, 171, 281, 186, 312
-0.997809, 227, 273, 242, 304
-0.997809, 177, 317, 192, 348
-0.99781, 273, 333, 288, 364
-0.997812, 275, 193, 290, 224
-0.997812, 175, 225, 190, 256
-0.997813, 247, 229, 262, 260
-0.997814, 165, 213, 180, 244
-0.997814, 157, 269, 172, 300
-0.997814, 191, 165, 206, 196
-0.997814, 183, 253, 198, 284
-0.997814, 323, 305, 338, 336
-0.997815, 209, 309, 224, 340
-0.997816, 217, 285, 232, 316
-0.997817, 233, 241, 248, 272
-0.997818, 249, 173, 264, 204
-0.997819, 307, 265, 322, 296
-0.997819, 173, 245, 188, 276
-0.99782, 121, 285, 136, 316
-0.99783, 65, 357, 192, 388
-0.997859, 1, 445, 128, 476
-0.99787, 129, 437, 256, 468
-0.997947, 253, 33, 284, 288
-0.997969, 97, 9, 224, 72
-0.998012, 177, 449, 304, 480
-0.998054, 101, 129, 132, 384
-0.998083, 161, 153, 288, 184
-0.99812, 9, 129, 40, 384
-0.998127, 129, 129, 375, 192
-0.998151, 1, 365, 128, 396
-0.998153, 49, 337, 176, 368
-0.99817, 177, 409, 304, 440
-0.99829, 65, 109, 192, 140
-0.998305, 57, 257, 88, 500
-0.998312, 1, 221, 128, 252
-0.998376, 97, 137, 224, 168
-0.998429, 193, 9, 320, 72
-0.998447, 33, 97, 160, 160
-0.99845, 181, 97, 212, 352
-0.998461, 305, 225, 368, 240
-0.998466, 193, 231, 256, 246
-0.998466, 161, 237, 224, 252
-0.998469, 217, 179, 280, 194
-0.998473, 257, 199, 320, 214
-0.998478, 121, 279, 184, 294
-0.998479, 257, 219, 320, 234
-0.998483, 169, 321, 232, 336
-0.998485, 257, 213, 320, 228
-0.998486, 233, 331, 296, 346
-0.998486, 289, 219, 352, 234
-0.99849, 265, 307, 328, 322
-0.998491, 225, 307, 288, 322
-0.998494, 161, 331, 224, 346
-0.998495, 81, 213, 144, 228
-0.998495, 177, 469, 304, 500
-0.998496, 73, 399, 136, 414
-0.998496, 297, 253, 360, 268
-0.998496, 313, 191, 375, 206
-0.998497, 281, 203, 344, 218
-0.998498, 161, 179, 224, 194
-0.998499, 201, 323, 264, 338
-0.998499, 265, 233, 328, 248
-0.998499, 225, 201, 288, 216
-0.998501, 193, 267, 256, 282
-0.998501, 193, 201, 256, 216
-0.998502, 193, 289, 256, 304
-0.998503, 185, 237, 248, 252
-0.998503, 297, 245, 360, 260
-0.998504, 129, 469, 256, 500
-0.998504, 169, 227, 232, 242
-0.998505, 193, 183, 256, 198
-0.998506, 313, 237, 375, 252
-0.998508, 113, 327, 176, 342
-0.998508, 265, 315, 328, 330
-0.998509, 297, 277, 360, 292
-0.998512, 281, 197, 344, 212
-0.998512, 217, 231, 280, 246
-0.998513, 217, 225, 280, 240
-0.998513, 233, 339, 296, 354
-0.998514, 153, 283, 216, 298
-0.998514, 153, 211, 216, 226
-0.998515, 193, 275, 256, 290
-0.998515, 129, 247, 192, 262
-0.998516, 137, 239, 200, 254
-0.998516, 153, 269, 216, 284
-0.998516, 225, 239, 288, 254
-0.998517, 209, 315, 272, 330
-0.998518, 169, 243, 232, 258
-0.998518, 193, 173, 256, 188
-0.998519, 225, 353, 288, 368
-0.99852, 217, 347, 280, 362
-0.998521, 225, 367, 288, 382
-0.998521, 145, 323, 208, 338
-0.998522, 233, 185, 296, 200
-0.998522, 121, 209, 184, 224
-0.998522, 121, 273, 184, 288
-0.998522, 41, 207, 104, 222
-0.998524, 249, 367, 312, 382
-0.998524, 249, 193, 312, 208
-0.998526, 233, 249, 296, 264
-0.998526, 193, 247, 256, 262
-0.998527, 259, 289, 274, 416
-0.998527, 257, 281, 320, 296
-0.998527, 201, 303, 264, 318
-0.998528, 161, 263, 224, 278
-0.998528, 289, 209, 352, 224
-0.998528, 57, 405, 120, 420
-0.998529, 137, 221, 200, 236
-0.998531, 249, 359, 312, 374
-0.998531, 297, 269, 360, 284
-0.998531, 273, 251, 336, 266
-0.998532, 145, 337, 208, 352
-0.998532, 225, 281, 288, 296
-0.998533, 273, 361, 336, 376
-0.998533, 233, 219, 296, 234
-0.998533, 65, 413, 128, 428
-0.998533, 169, 253, 232, 268
-0.998533, 193, 253, 256, 268
-0.998533, 265, 271, 328, 286
-0.998533, 253, 289, 268, 416
-0.998533, 305, 231, 368, 246
-0.998534, 33, 165, 96, 180
-0.998535, 273, 339, 336, 354
-0.998535, 217, 209, 280, 224
-0.998536, 113, 241, 176, 256
-0.998536, 257, 207, 320, 222
-0.998536, 289, 285, 352, 300
-0.998536, 241, 347, 304, 362
-0.998536, 137, 233, 200, 248
-0.998541, 81, 257, 144, 272
-0.998542, 209, 329, 272, 344
-0.998542, 201, 309, 264, 324
-0.998542, 297, 305, 360, 320
-0.998542, 41, 423, 104, 438
-0.998542, 225, 191, 288, 206
-0.998542, 153, 275, 216, 290
-0.998544, 81, 207, 144, 222
-0.998544, 153, 425, 216, 440
-0.998547, 9, 213, 72, 228
-0.998548, 305, 185, 368, 200
-0.998549, 273, 259, 336, 274
-0.998549, 225, 255, 288, 270
-0.998549, 185, 281, 248, 296
-0.998551, 177, 167, 240, 182
-0.998551, 113, 299, 176, 314
-0.998551, 185, 315, 248, 330
-0.998551, 193, 297, 256, 312
-0.998552, 273, 243, 336, 258
-0.998552, 145, 227, 208, 242
-0.998553, 233, 427, 296, 442
-0.998553, 217, 261, 280, 276
-0.998554, 193, 423, 256, 438
-0.998554, 225, 361, 288, 376
-0.998554, 233, 317, 296, 332
-0.998555, 169, 221, 232, 236
-0.998555, 257, 227, 320, 242
-0.998556, 289, 367, 352, 382
-0.998556, 315, 225, 330, 352
-0.998557, 105, 251, 168, 266
-0.998557, 305, 315, 368, 330
-0.998558, 265, 323, 328, 338
-0.998558, 113, 235, 176, 250
-0.998559, 193, 225, 256, 240
-0.99856, 313, 263, 375, 278
-0.998561, 281, 227, 344, 242
-0.998561, 185, 329, 248, 344
-0.998562, 121, 267, 184, 282
-0.998563, 121, 257, 184, 272
-0.998563, 233, 287, 296, 302
-0.998563, 257, 333, 320, 348
-0.998563, 73, 419, 136, 434
-0.998563, 81, 199, 144, 214
-0.998564, 193, 261, 256, 276
-0.998564, 121, 201, 184, 216
-0.998587, 269, 193, 284, 320
-0.998602, 327, 177, 342, 304
-0.998603, 169, 257, 184, 384
-0.998603, 129, 413, 256, 444
-0.99862, 247, 305, 262, 432
-0.998627, 295, 241, 310, 368
-0.998637, 207, 273, 222, 400
-0.998639, 1, 341, 128, 372
-0.99864, 119, 241, 134, 368
-0.998662, 199, 209, 214, 336
-0.998666, 49, 29, 176, 60
-0.998667, 231, 289, 246, 416
-0.998667, 333, 177, 348, 304
-0.998675, 275, 177, 290, 304
-0.998676, 29, 225, 60, 480
-0.998682, 1, 353, 128, 384
-0.998693, 169, 161, 184, 288
-0.998694, 331, 289, 346, 416
-0.998694, 257, 225, 272, 352
-0.998695, 305, 209, 320, 336
-0.998704, 49, 461, 176, 492
-0.998704, 125, 273, 140, 400
-0.998705, 221, 145, 236, 272
-0.99871, 269, 305, 284, 432
-0.998725, 341, 177, 356, 304
-0.998727, 3, 305, 18, 432
-0.998728, 193, 393, 320, 424
-0.99874, 113, 113, 240, 144
-0.998742, 159, 177, 174, 304
-0.998742, 213, 209, 228, 336
-0.99875, 329, 241, 344, 368
-0.998753, 319, 289, 334, 416
-0.998756, 265, 257, 280, 384
-0.998758, 289, 209, 304, 336
-0.998768, 69, 257, 100, 500
-0.998777, 221, 241, 236, 368
-0.99878, 257, 223, 288, 238
-0.99878, 191, 161, 206, 288
-0.998781, 313, 289, 328, 416
-0.998782, 141, 97, 172, 352
-0.998782, 277, 255, 308, 270
-0.998787, 197, 241, 228, 256
-0.99879, 257, 335, 288, 350
-0.998791, 145, 191, 176, 206
-0.998794, 241, 207, 272, 222
-0.998796, 127, 225, 142, 352
-0.998797, 161, 97, 192, 352
-0.998799, 215, 145, 230, 272
-0.998802, 233, 353, 264, 368
-0.998802, 233, 237, 264, 252
-0.998803, 147, 193, 162, 320
-0.998804, 241, 305, 256, 432
-0.998804, 253, 185, 284, 200
-0.998806, 61, 407, 92, 422
-0.998807, 129, 311, 160, 326
-0.998807, 121, 223, 152, 238
-0.998809, 129, 89, 256, 152
-0.99881, 45, 257, 76, 500
-0.998811, 245, 251, 276, 266
-0.998812, 217, 363, 248, 378
-0.998812, 209, 205, 240, 220
-0.998812, 323, 225, 338, 352
-0.998813, 161, 227, 192, 242
-0.998813, 177, 377, 304, 408
-0.998813, 241, 277, 272, 292
-0.998819, 305, 273, 336, 288
-0.99882, 33, 81, 288, 144
-0.998821, 283, 177, 298, 304
-0.998823, 165, 261, 196, 276
-0.998824, 321, 195, 352, 210
-0.998826, 279, 337, 294, 464
-0.998828, 241, 157, 368, 188
-0.99883, 231, 177, 246, 304
-0.998831, 205, 161, 220, 288
-0.998835, 241, 241, 256, 368
-0.998839, 113, 257, 128, 384
-0.998839, 1, 361, 32, 376
-0.998841, 237, 231, 268, 246
-0.998843, 141, 327, 172, 342
-0.998847, 209, 199, 240, 214
-0.998851, 129, 247, 160, 262
-0.998852, 225, 259, 256, 274
-0.998855, 281, 279, 312, 294
-0.998858, 201, 273, 216, 400
-0.998859, 165, 181, 196, 196
-0.998859, 81, 257, 112, 500
-0.998864, 233, 317, 264, 332
-0.998868, 257, 217, 288, 232
-0.998869, 337, 353, 352, 480
-0.99887, 49, 449, 176, 480
-0.998872, 357, 225, 372, 352
-0.998874, 273, 233, 304, 248
-0.998878, 141, 177, 156, 304
-0.998879, 191, 273, 206, 400
-0.99888, 3, 257, 18, 384
-0.998882, 265, 317, 296, 332
-0.998885, 177, 215, 208, 230
-0.998886, 289, 297, 320, 312
-0.998886, 109, 185, 140, 200
-0.998887, 317, 237, 348, 252
-0.998888, 273, 239, 304, 254
-0.998888, 187, 209, 202, 336
-0.99889, 185, 283, 216, 298
-0.998892, 295, 177, 310, 304
-0.998898, 229, 213, 260, 228
-0.998899, 213, 291, 244, 306
-0.998899, 301, 239, 332, 254
-0.998903, 193, 225, 208, 352
-0.99891, 253, 353, 284, 368
-0.998911, 341, 189, 372, 204
-0.998914, 317, 245, 348, 260
-0.998919, 233, 307, 264, 322
-0.998923, 157, 273, 172, 400
-0.998926, 317, 211, 348, 226
-0.998927, 177, 203, 208, 218
-0.998927, 49, 373, 176, 404
-0.998929, 139, 225, 154, 352
-0.99893, 235, 337, 250, 464
-0.998931, 161, 209, 192, 224
-0.998931, 177, 233, 208, 248
-0.998933, 321, 177, 336, 304
-0.998934, 197, 129, 212, 256
-0.998946, 305, 257, 320, 384
-0.998947, 361, 369, 375, 496
-0.99895, 133, 199, 164, 214
-0.998951, 329, 185, 360, 200
-0.998952, 215, 289, 230, 416
-0.998952, 279, 241, 294, 368
-0.998955, 241, 179, 272, 194
-0.998956, 33, 209, 64, 224
-0.998964, 263, 209, 278, 336
-0.998964, 197, 229, 228, 244
-0.998964, 133, 193, 148, 320
-0.998967, 163, 273, 178, 400
-0.998969, 257, 361, 288, 376
-0.998973, 181, 265, 212, 280
-0.998973, 225, 289, 240, 416
-0.998974, 221, 337, 236, 464
-0.998978, 345, 389, 375, 404
-0.99898, 301, 195, 332, 210
-0.99898, 289, 257, 304, 384
-0.998981, 225, 193, 240, 320
-0.998981, 357, 321, 372, 448
-0.998982, 345, 237, 375, 252
-0.998982, 349, 369, 364, 496
-0.998986, 271, 241, 286, 368
-0.998987, 333, 245, 364, 260
-0.998988, 145, 319, 176, 334
-0.99899, 1, 457, 128, 488
-0.99899, 181, 255, 212, 270
-0.998991, 233, 339, 264, 354
-0.998992, 351, 321, 366, 448
-0.998993, 325, 305, 340, 432
-0.998997, 185, 177, 216, 192
-0.998997, 201, 167, 232, 182
-0.999, 37, 187, 68, 202
-0.999002, 281, 307, 312, 322
-0.999003, 107, 257, 122, 384
-0.999004, 269, 361, 300, 376
-0.999004, 9, 289, 24, 416
-0.999006, 149, 247, 180, 262
-0.999009, 129, 9, 375, 72
-0.99901, 221, 225, 252, 240
-0.999015, 269, 209, 300, 224
-0.999022, 209, 211, 240, 226
-0.999025, 145, 311, 176, 326
-0.999025, 147, 305, 162, 432
-0.999027, 347, 177, 362, 304
-0.999028, 121, 145, 136, 272
-0.999029, 231, 225, 246, 352
-0.999033, 289, 229, 320, 244
-0.999033, 205, 209, 220, 336
-0.999037, 1, 129, 375, 192
-0.999039, 245, 269, 276, 284
-0.999046, 313, 253, 344, 268
-0.999047, 253, 177, 268, 304
-0.999049, 209, 313, 240, 328
-0.999049, 137, 129, 152, 256
-0.99905, 233, 299, 264, 314
-0.99905, 263, 161, 278, 288
-0.99905, 251, 225, 266, 352
-0.999052, 179, 305, 194, 432
-0.999054, 145, 235, 176, 250
-0.999054, 173, 247, 204, 262
-0.999056, 179, 161, 194, 288
-0.999057, 105, 401, 136, 416
-0.999057, 253, 367, 284, 382
-0.999058, 335, 225, 350, 352
-0.999061, 313, 177, 328, 304
-0.999061, 245, 177, 260, 304
-0.999062, 171, 209, 186, 336
-0.999062, 185, 327, 216, 342
-0.999065, 221, 237, 252, 252
-0.999071, 317, 337, 332, 464
-0.999073, 273, 193, 304, 208
-0.999074, 357, 145, 372, 272
-0.999074, 257, 233, 288, 248
-0.999078, 181, 209, 196, 336
-0.999081, 57, 161, 72, 288
-0.999081, 215, 337, 230, 464
-0.999082, 227, 337, 242, 464
-0.999084, 163, 225, 178, 352
-0.999088, 119, 193, 134, 320
-0.999089, 333, 229, 364, 244
-0.999089, 113, 369, 128, 496
-0.999093, 285, 321, 300, 448
-0.999099, 71, 369, 86, 496
-0.999102, 145, 33, 160, 160
-0.999104, 219, 193, 234, 320
-0.999112, 17, 109, 144, 140
-0.999113, 229, 273, 260, 288
-0.999113, 81, 193, 96, 320
-0.999119, 145, 267, 176, 282
-0.999124, 13, 225, 28, 352
-0.999125, 329, 239, 360, 254
-0.999126, 329, 203, 360, 218
-0.999127, 237, 333, 268, 348
-0.999131, 133, 241, 148, 368
-0.999131, 193, 317, 224, 332
-0.999142, 185, 249, 216, 264
-0.999146, 217, 269, 248, 284
-0.999151, 229, 347, 260, 362
-0.999153, 193, 153, 224, 168
-0.999156, 185, 161, 200, 288
-0.999157, 127, 177, 142, 304
-0.999158, 239, 177, 254, 304
-0.999158, 193, 141, 320, 172
-0.99916, 177, 321, 208, 336
-0.999161, 279, 289, 294, 416
-0.999161, 359, 81, 374, 208
-0.999163, 47, 177, 62, 304
-0.999165, 93, 177, 108, 304
-0.999172, 153, 225, 168, 352
-0.999175, 87, 193, 102, 320
-0.999175, 343, 369, 358, 496
-0.999177, 71, 161, 86, 288
-0.999177, 185, 257, 200, 384
-0.99918, 139, 273, 154, 400
-0.99918, 299, 289, 314, 416
-0.999182, 289, 203, 320, 218
-0.999182, 225, 291, 256, 306
-0.999184, 321, 217, 352, 232
-0.999184, 355, 369, 370, 496
-0.999187, 127, 17, 142, 144
-0.999192, 161, 329, 192, 344
-0.999194, 323, 353, 338, 480
-0.999195, 307, 305, 322, 432
-0.999196, 99, 177, 114, 304
-0.999202, 201, 263, 232, 278
-0.999203, 225, 207, 256, 222
-0.999213, 349, 225, 364, 352
-0.999215, 301, 161, 316, 288
-0.99922, 209, 237, 240, 252
-0.999222, 305, 267, 336, 282
-0.999224, 3, 161, 18, 288
-0.999224, 197, 321, 212, 448
-0.999225, 165, 321, 180, 448
-0.999233, 37, 161, 68, 176
-0.999236, 225, 253, 256, 268
-0.999258, 145, 273, 176, 288
-0.999276, 189, 235, 220, 250
-0.999285, 61, 401, 92, 416
-0.99929, 337, 223, 368, 238
-0.999297, 317, 201, 348, 216
-0.999307, 221, 231, 252, 246
-0.999339, 305, 207, 336, 222
-0.999345, 125, 229, 156, 244
-0.999345, 125, 275, 156, 290
-0.999355, 249, 329, 280, 344
-0.999355, 325, 379, 356, 394
-0.999372, 249, 309, 280, 324
-0.999375, 209, 173, 240, 188
-0.999414, 241, 85, 368, 116
-0.999463, 249, 315, 280, 330
-0.999469, 129, 241, 160, 256
-0.999474, 241, 41, 368, 72
-0.999542, 245, 341, 276, 356
-0.999567, 321, 269, 352, 284
-0.999606, 129, 101, 256, 132
-0.999612, 1, 105, 375, 168
-0.999621, 157, 221, 188, 236
-0.999629, 261, 343, 292, 358
-0.999655, 245, 347, 276, 362
-0.999671, 209, 231, 240, 246
-0.999675, 65, 121, 192, 152
-0.999702, 113, 29, 240, 60
-0.999713, 177, 129, 304, 160
-0.999766, 203, 317, 218, 332
-0.999766, 263, 301, 278, 316
-0.999766, 265, 209, 280, 224
-0.999766, 235, 239, 250, 254
-0.999766, 181, 213, 196, 228
-0.999766, 305, 267, 320, 282
-0.999766, 227, 203, 242, 218
-0.999766, 311, 229, 326, 244
-0.999766, 185, 261, 200, 276
-0.999766, 263, 351, 278, 366
-0.999767, 335, 375, 350, 390
-0.999767, 335, 243, 350, 258
-0.999767, 353, 315, 368, 330
-0.999767, 239, 299, 254, 314
-0.999767, 125, 275, 140, 290
-0.999767, 269, 357, 284, 372
-0.999767, 197, 327, 212, 342
-0.999767, 267, 329, 282, 344
-0.999767, 303, 203, 318, 218
-0.999767, 263, 265, 278, 280
-0.999767, 7, 325, 22, 340
-0.999767, 233, 253, 248, 268
-0.999767, 247, 353, 262, 368
-0.999767, 155, 187, 170, 202
-0.999767, 227, 219, 242, 234
-0.999767, 227, 291, 242, 306
-0.999767, 125, 289, 140, 304
-0.999767, 191, 227, 206, 242
-0.999767, 113, 125, 240, 156
-0.999768, 219, 175, 234, 190
-0.999768, 179, 321, 194, 336
-0.999768, 265, 307, 280, 322
-0.999768, 243, 223, 258, 238
-0.999768, 297, 295, 312, 310
-0.999768, 321, 251, 336, 266
-0.999768, 313, 261, 328, 276
-0.999768, 151, 329, 166, 344
-0.999768, 257, 235, 272, 250
-0.999768, 127, 229, 142, 244
-0.999768, 115, 277, 130, 292
-0.999768, 257, 179, 272, 194
-0.999769, 253, 229, 268, 244
-0.999769, 275, 339, 290, 354
-0.999769, 291, 193, 306, 208
-0.999769, 209, 211, 224, 226
-0.999769, 71, 399, 86, 414
-0.999769, 159, 239, 174, 254
-0.999769, 127, 235, 142, 250
-0.999769, 323, 193, 338, 208
-0.999769, 243, 343, 258, 358
-0.999769, 311, 253, 326, 268
-0.999769, 125, 39, 140, 54
-0.999769, 201, 235, 216, 250
-0.999769, 177, 241, 192, 256
-0.999769, 281, 211, 296, 226
-0.999769, 223, 237, 238, 252
-0.999769, 131, 245, 146, 260
-0.999769, 265, 203, 280, 218
-0.999769, 175, 255, 190, 270
-0.999769, 347, 187, 362, 202
-0.999769, 243, 233, 258, 248
-0.999769, 219, 289, 234, 304
-0.999769, 249, 339, 264, 354
-0.999769, 311, 267, 326, 282
-0.99977, 273, 345, 288, 360
-0.99977, 201, 253, 216, 268
-0.99977, 339, 205, 354, 220
-0.99977, 243, 337, 258, 352
-0.99977, 245, 251, 260, 266
-0.99977, 361, 263, 375, 278
-0.99977, 253, 367, 268, 382
-0.99977, 161, 329, 176, 344
-0.99977, 253, 305, 268, 320
-0.99977, 241, 315, 256, 330
-0.99977, 189, 249, 204, 264
-0.99977, 273, 365, 288, 380
-0.999771, 201, 227, 216, 242
-0.999771, 341, 185, 356, 200
-0.999771, 311, 221, 326, 236
-0.999771, 207, 237, 222, 252
-0.999771, 211, 205, 226, 220
-0.999771, 191, 233, 206, 248
-0.999771, 319, 201, 334, 216
-0.999771, 259, 367, 274, 382
-0.999771, 161, 37, 288, 68
-0.999771, 21, 289, 36, 304
-0.999771, 171, 239, 186, 254
-0.999772, 361, 389, 375, 404
-0.999772, 195, 259, 210, 274
-0.999772, 223, 231, 238, 246
-0.999772, 349, 227, 364, 242
-0.999772, 309, 235, 324, 250
-0.999772, 247, 305, 262, 320
-0.999772, 261, 317, 276, 332
-0.999772, 123, 243, 138, 258
-0.999772, 133, 225, 148, 240
-0.999772, 165, 217, 180, 232
-0.999772, 329, 195, 344, 210
-0.999773, 267, 335, 282, 350
-0.999773, 183, 237, 198, 252
-0.999773, 207, 227, 222, 242
-0.999773, 327, 211, 342, 226
-0.999774, 215, 169, 230, 184
-0.999774, 141, 241, 156, 256
-0.999774, 5, 305, 20, 320
-0.999774, 341, 227, 356, 242
-0.999774, 345, 237, 360, 252
-0.999775, 233, 225, 248, 240
-0.999775, 167, 283, 182, 298
-0.999775, 257, 349, 272, 364
-0.999775, 145, 337, 160, 352
-0.999775, 5, 311, 20, 326
-0.999775, 341, 191, 356, 206
-0.999775, 253, 311, 268, 326
-0.999775, 259, 333, 274, 348
-0.999777, 111, 399, 126, 414
-0.999778, 251, 319, 266, 334
-0.999778, 339, 381, 354, 396
-0.999778, 245, 327, 260, 342
-0.999778, 151, 337, 166, 352
-0.999778, 241, 349, 256, 364
-0.999779, 189, 323, 204, 338
-0.999779, 257, 339, 272, 354
-0.999779, 319, 245, 334, 260
-0.99978, 155, 267, 170, 282
-0.99978, 147, 273, 162, 288
-0.999781, 215, 227, 230, 242
-0.999781, 1, 29, 128, 60
-0.999782, 333, 271, 348, 286
-0.999785, 261, 323, 276, 338
-0.999786, 249, 345, 264, 360
-0.999786, 267, 343, 282, 358
-0.999787, 329, 201, 344, 216
-0.999853, 97, 457, 224, 488
-0.999854, 249, 323, 280, 338
-0.999904, 241, 61, 368, 92
-0.99994, 241, 17, 368, 80
-0.999982, 65, 97, 192, 128
-1.00003, 49, 53, 176, 84
-1.00005, 1, 1, 375, 64
-1.00049, 177, 97, 304, 160
-1.0008, 1, 57, 128, 120
-1.00109, 97, 57, 224, 120
-1.00143, 225, 113, 352, 176
-1.00233, 145, 9, 272, 72
-1.00233, 81, 81, 208, 144
-1.00262, 49, 57, 176, 120
-1.00267, 225, 89, 352, 152
-1.00455, 145, 65, 272, 128
