1921
-0.118094, 1, 225, 354, 480
-0.352739, 1, 65, 354, 320
-0.421477, 1, 1, 354, 480
-0.466382, 65, 1, 320, 480
-0.552597, 33, 225, 288, 480
-0.594614, 65, 97, 320, 352
-0.698618, 97, 1, 352, 256
-0.722825, 1, 1, 256, 256
-0.843877, 65, 193, 192, 448
-0.84447, 161, 225, 288, 480
-0.848665, 145, 1, 272, 480
-0.849458, 145, 65, 272, 320
-0.854694, 17, 225, 144, 480
-0.85833, 225, 1, 352, 256
-0.858591, 1, 257, 354, 384
-0.863338, 1, 145, 354, 272
-0.864133, 97, 97, 224, 352
-0.870414, 97, 1, 224, 480
-0.871258, 113, 225, 240, 480
-0.872119, 225, 97, 352, 352
-0.87212, 209, 225, 336, 480
-0.876554, 1, 1, 128, 480
-0.877557, 1, 305, 354, 432
-0.87906, 209, 1, 336, 480
-0.8836, 17, 65, 144, 320
-0.889582, 49, 1, 176, 480
-0.89322, 1, 97, 354, 224
-0.899688, 1, 209, 354, 336
-0.899995, 97, 305, 352, 432
-0.90777, 1, 1, 354, 128
-0.910597, 1, 353, 354, 480
-0.910989, 81, 1, 208, 256
-0.912094, 97, 257, 352, 384
-0.913621, 65, 161, 320, 288
-0.914457, 1, 257, 256, 384
-0.917101, 65, 113, 320, 240
-0.91722, 1, 305, 128, 432
-0.920319, 1, 321, 256, 448
-0.92225, 1, 49, 354, 176
-0.923747, 65, 209, 320, 336
-0.924769, 129, 81, 256, 208
-0.927192, 177, 257, 304, 384
-0.92739, 97, 337, 224, 464
-0.928937, 145, 321, 208, 448
-0.929508, 97, 321, 160, 448
-0.930325, 65, 257, 192, 384
-0.93057, 1, 305, 64, 432
-0.931182, 145, 97, 208, 224
-0.931217, 97, 65, 352, 192
-0.932324, 49, 337, 176, 464
-0.933886, 193, 81, 256, 208
-0.934973, 201, 257, 264, 384
-0.935583, 145, 129, 272, 256
-0.936776, 97, 145, 224, 272
-0.937076, 57, 305, 120, 432
-0.937177, 89, 257, 152, 384
-0.93836, 121, 289, 184, 416
-0.93844, 169, 65, 232, 192
-0.939431, 281, 289, 344, 416
-0.939462, 201, 305, 264, 432
-0.940026, 177, 65, 304, 192
-0.940372, 129, 145, 192, 272
-0.940916, 225, 305, 352, 432
-0.941092, 177, 305, 304, 432
-0.941128, 129, 273, 256, 400
-0.941608, 225, 257, 352, 384
-0.94201, 217, 161, 280, 288
-0.942477, 225, 129, 352, 256
-0.942854, 233, 257, 296, 384
-0.944264, 257, 257, 320, 384
-0.944506, 49, 97, 176, 224
-0.94456, 129, 209, 256, 336
-0.944836, 1, 65, 256, 192
-0.945088, 241, 305, 304, 432
-0.945268, 225, 49, 352, 176
-0.946759, 97, 353, 352, 480
-0.946787, 177, 257, 240, 384
-0.947125, 153, 273, 216, 400
-0.948971, 17, 145, 144, 272
-0.949385, 97, 129, 160, 256
-0.949607, 217, 113, 280, 240
-0.949769, 65, 209, 192, 336
-0.950366, 169, 145, 232, 272
-0.950513, 1, 17, 256, 144
-0.950907, 273, 33, 336, 160
-0.951314, 17, 257, 144, 384
-0.951988, 193, 193, 256, 320
-0.951991, 193, 209, 320, 336
-0.954521, 193, 145, 256, 272
-0.955188, 113, 193, 176, 320
-0.955214, 145, 353, 272, 480
-0.955431, 9, 129, 72, 256
-0.955482, 121, 337, 184, 464
-0.956503, 217, 209, 280, 336
-0.956664, 289, 337, 352, 464
-0.957047, 1, 353, 128, 480
-0.957175, 73, 129, 136, 256
-0.95725, 225, 353, 352, 480
-0.958439, 73, 353, 136, 480
-0.95852, 121, 97, 184, 224
-0.958717, 177, 353, 240, 480
-0.958935, 65, 209, 128, 336
-0.959141, 49, 257, 112, 384
-0.959324, 201, 305, 264, 368
-0.959996, 233, 65, 296, 192
-0.96001, 89, 209, 152, 336
-0.960031, 265, 113, 328, 240
-0.960265, 1, 97, 128, 224
-0.960385, 33, 305, 96, 432
-0.960509, 49, 313, 112, 376
-0.960602, 241, 129, 304, 256
-0.961001, 289, 313, 352, 376
-0.961092, 241, 177, 304, 304
-0.961362, 193, 257, 256, 320
-0.961416, 137, 361, 200, 424
-0.961439, 57, 345, 120, 408
-0.961731, 217, 169, 280, 232
-0.961758, 241, 313, 304, 376
-0.961818, 145, 329, 208, 392
-0.961967, 81, 81, 144, 208
-0.962043, 49, 97, 112, 224
-0.96227, 49, 353, 176, 416
-0.962754, 161, 353, 224, 416
-0.962769, 105, 345, 168, 408
-0.963049, 113, 361, 240, 424
-0.963145, 217, 273, 280, 336
-0.963398, 233, 137, 296, 200
-0.963463, 145, 225, 208, 352
-0.963648, 1, 313, 64, 376
-0.963692, 97, 297, 160, 360
-0.96395, 121, 321, 184, 384
-0.964278, 129, 137, 192, 200
-0.964461, 177, 313, 304, 376
-0.964788, 265, 297, 328, 360
-0.965075, 177, 297, 240, 360
-0.965232, 97, 241, 160, 304
-0.965278, 9, 361, 72, 424
-0.965446, 169, 73, 232, 136
-0.965483, 105, 145, 168, 208
-0.96553, 225, 313, 352, 376
-0.965531, 129, 185, 192, 248
-0.965788, 205, 241, 236, 368
-0.965901, 193, 353, 256, 416
-0.966266, 137, 105, 200, 168
-0.966324, 265, 329, 328, 392
-0.966384, 137, 145, 168, 272
-0.966441, 289, 81, 352, 208
-0.966486, 97, 321, 160, 384
-0.966517, 49, 369, 112, 432
-0.966529, 209, 329, 272, 392
-0.966584, 161, 353, 288, 416
-0.966749, 241, 369, 304, 432
-0.966779, 281, 241, 344, 368
-0.966911, 177, 305, 240, 432
-0.967005, 177, 329, 240, 392
-0.967111, 73, 281, 136, 344
-0.967169, 145, 161, 208, 224
-0.967183, 281, 361, 344, 424
-0.96727, 129, 33, 256, 160
-0.967273, 1, 321, 128, 384
-0.967312, 89, 385, 152, 448
-0.967355, 217, 377, 280, 440
-0.967382, 177, 385, 240, 448
-0.967397, 81, 345, 144, 408
-0.967469, 221, 161, 252, 288
-0.967497, 153, 385, 216, 448
-0.967559, 249, 113, 312, 176
-0.967578, 169, 209, 232, 336
-0.96772, 41, 353, 104, 480
-0.967766, 113, 377, 176, 440
-0.967786, 225, 257, 256, 384
-0.967855, 241, 345, 304, 408
-0.967916, 201, 97, 264, 160
-0.968135, 133, 289, 164, 416
-0.968165, 217, 353, 280, 480
-0.96819, 73, 321, 136, 384
-0.968202, 201, 225, 264, 288
-0.968301, 49, 289, 112, 352
-0.968316, 145, 137, 272, 200
-0.968346, 17, 209, 144, 336
-0.968362, 225, 73, 288, 136
-0.968407, 145, 305, 208, 368
-0.968444, 193, 193, 256, 448
-0.968457, 97, 273, 160, 336
-0.968674, 237, 145, 268, 272
-0.969101, 201, 49, 264, 112
-0.969284, 81, 49, 208, 176
-0.969485, 105, 185, 168, 248
-0.969493, 193, 193, 256, 256
-0.96953, 73, 257, 136, 320
-0.969559, 145, 97, 272, 160
-0.969666, 33, 161, 96, 288
-0.969777, 1, 353, 128, 416
-0.969836, 197, 321, 228, 448
-0.969852, 105, 209, 168, 272
-0.969871, 145, 321, 176, 448
-0.96996, 17, 353, 80, 480
-0.970034, 153, 137, 216, 200
-0.970099, 193, 273, 320, 336
-0.970124, 145, 289, 272, 352
-0.970194, 273, 137, 336, 200
-0.970263, 161, 273, 224, 336
-0.970269, 145, 161, 208, 416
-0.970281, 17, 297, 144, 360
-0.970348, 225, 97, 288, 160
-0.970383, 97, 313, 224, 376
-0.970483, 169, 177, 232, 240
-0.970694, 185, 145, 248, 208
-0.970699, 233, 249, 296, 312
-0.970806, 81, 153, 144, 216
-0.970832, 33, 345, 96, 408
-0.970946, 249, 393, 312, 456
-0.971058, 177, 17, 304, 144
-0.971147, 217, 353, 280, 416
-0.971173, 201, 33, 264, 160
-0.971288, 205, 297, 236, 360
-0.971292, 89, 329, 120, 392
-0.971329, 241, 353, 304, 480
-0.971375, 241, 281, 304, 344
-0.971441, 81, 305, 112, 368
-0.97145, 225, 361, 352, 424
-0.971454, 141, 129, 172, 192
-0.971467, 177, 377, 304, 440
-0.971531, 169, 233, 232, 296
-0.971574, 1, 377, 128, 440
-0.971583, 273, 57, 336, 120
-0.971591, 273, 273, 336, 336
-0.97162, 25, 313, 88, 376
-0.97165, 57, 225, 120, 480
-0.971653, 97, 97, 160, 160
-0.971718, 121, 49, 184, 176
-0.971765, 1, 337, 64, 400
-0.971779, 213, 249, 244, 312
-0.971807, 97, 201, 224, 264
-0.971854, 237, 145, 268, 208
-0.97191, 249, 89, 312, 152
-0.971951, 97, 233, 224, 296
-0.972072, 65, 233, 128, 296
-0.972112, 97, 193, 160, 448
-0.972239, 113, 241, 176, 368
-0.972555, 133, 185, 164, 248
-0.972611, 185, 273, 216, 400
-0.972635, 209, 137, 272, 200
-0.97279, 161, 113, 192, 240
-0.972828, 253, 313, 284, 376
-0.97283, 65, 377, 192, 440
-0.972833, 81, 273, 112, 400
-0.972849, 273, 161, 336, 224
-0.972861, 193, 73, 256, 136
-0.972873, 121, 177, 152, 304
-0.972879, 233, 225, 296, 480
-0.972901, 149, 97, 180, 224
-0.972943, 217, 89, 248, 152
-0.972963, 97, 137, 224, 200
-0.972965, 57, 97, 120, 160
-0.973015, 209, 137, 336, 200
-0.97302, 149, 321, 180, 384
-0.973035, 289, 337, 352, 400
-0.973055, 289, 305, 320, 368
-0.973064, 105, 121, 168, 184
-0.973079, 237, 97, 268, 224
-0.973119, 9, 81, 72, 208
-0.97315, 145, 161, 272, 224
-0.973169, 125, 129, 156, 256
-0.973188, 193, 265, 224, 328
-0.973245, 273, 385, 336, 448
-0.973479, 49, 329, 176, 392
-0.973574, 177, 249, 304, 312
-0.973575, 193, 353, 224, 416
-0.973575, 81, 201, 144, 264
-0.973731, 225, 161, 352, 224
-0.973815, 301, 313, 332, 376
-0.973901, 25, 137, 88, 200
-0.973967, 249, 161, 312, 224
-0.974027, 217, 209, 248, 336
-0.974115, 1, 113, 64, 176
-0.974292, 25, 1, 88, 128
-0.974324, 197, 329, 228, 392
-0.974368, 113, 385, 240, 448
-0.974428, 317, 313, 348, 376
-0.974534, 217, 129, 280, 384
-0.974546, 137, 249, 200, 312
-0.97459, 1, 257, 64, 384
-0.97459, 97, 337, 128, 464
-0.974633, 121, 297, 184, 360
-0.974654, 17, 1, 144, 128
-0.974656, 265, 1, 328, 256
-0.974716, 9, 289, 72, 352
-0.974734, 81, 281, 112, 344
-0.974747, 185, 353, 216, 480
-0.974785, 73, 121, 136, 184
-0.9748, 153, 113, 184, 176
-0.974853, 81, 225, 112, 352
-0.97492, 289, 81, 352, 144
-0.97499, 49, 121, 112, 184
-0.975027, 97, 257, 224, 320
-0.975089, 185, 65, 248, 320
-0.975096, 1, 177, 64, 304
-0.975108, 145, 361, 176, 424
-0.975148, 121, 305, 152, 432
-0.97515, 237, 225, 268, 352
-0.97521, 265, 297, 296, 360
-0.975274, 121, 129, 184, 384
-0.975333, 265, 337, 328, 464
-0.975336, 113, 337, 240, 400
-0.975346, 93, 273, 124, 400
-0.975448, 69, 297, 100, 360
-0.97552, 169, 97, 232, 160
-0.975545, 9, 385, 72, 448
-0.975555, 129, 329, 160, 392
-0.975628, 225, 81, 352, 144
-0.975631, 225, 337, 352, 400
-0.975665, 233, 209, 296, 272
-0.975717, 137, 297, 168, 360
-0.975749, 217, 81, 248, 208
-0.975831, 217, 305, 248, 368
-0.975979, 321, 257, 352, 384
-0.975984, 281, 329, 312, 392
-0.976014, 289, 113, 352, 176
-0.97606, 129, 145, 160, 208
-0.976119, 185, 121, 248, 184
-0.976133, 193, 49, 320, 112
-0.976155, 161, 73, 288, 136
-0.976255, 97, 169, 224, 232
-0.976379, 229, 297, 260, 360
-0.976479, 209, 209, 240, 272
-0.976497, 81, 249, 112, 312
-0.976576, 41, 209, 104, 336
-0.976582, 225, 49, 288, 112
-0.976587, 233, 17, 296, 144
-0.976591, 129, 209, 192, 272
-0.976665, 257, 33, 320, 96
-0.976719, 129, 401, 192, 464
-0.976744, 153, 209, 216, 272
-0.976757, 145, 225, 272, 288
-0.97679, 225, 385, 352, 448
-0.976848, 41, 1, 104, 64
-0.976872, 265, 89, 296, 152
-0.976886, 33, 305, 64, 432
-0.976968, 181, 313, 212, 376
-0.976972, 81, 113, 208, 176
-0.976991, 241, 65, 304, 320
-0.977037, 225, 401, 288, 464
-0.9771, 193, 73, 224, 136
-0.977122, 321, 337, 352, 464
-0.977233, 221, 273, 252, 336
-0.977369, 193, 169, 256, 232
-0.97739, 157, 361, 188, 424
-0.97744, 217, 161, 248, 224
-0.977443, 121, 81, 184, 144
-0.977466, 145, 73, 208, 136
-0.977503, 273, 249, 336, 312
-0.977556, 225, 233, 256, 296
-0.977587, 177, 353, 208, 416
-0.977611, 49, 257, 112, 320
-0.977633, 281, 177, 344, 304
-0.977647, 185, 65, 216, 192
-0.97767, 101, 257, 132, 320
-0.977719, 97, 17, 352, 144
-0.97777, 81, 353, 112, 416
-0.977801, 1, 361, 32, 424
-0.977811, 169, 225, 232, 480
-0.977812, 97, 369, 128, 432
-0.977871, 301, 289, 332, 416
-0.977899, 257, 113, 288, 240
-0.977906, 89, 409, 152, 472
-0.977912, 33, 97, 96, 160
-0.977949, 1, 321, 32, 384
-0.977988, 201, 241, 232, 304
-0.977993, 41, 217, 104, 280
-0.978075, 281, 273, 312, 400
-0.97808, 65, 281, 192, 344
-0.97809, 17, 49, 144, 176
-0.978128, 49, 145, 176, 208
-0.978128, 65, 409, 128, 472
-0.978138, 33, 105, 160, 168
-0.978194, 217, 185, 248, 248
-0.978229, 1, 305, 32, 432
-0.978236, 161, 65, 224, 320
-0.978272, 89, 97, 152, 352
-0.978336, 133, 369, 164, 432
-0.978425, 153, 153, 184, 216
-0.978431, 17, 17, 80, 80
-0.978438, 45, 321, 76, 384
-0.978563, 169, 17, 232, 144
-0.978583, 53, 353, 84, 416
-0.978618, 145, 49, 208, 176
-0.978648, 69, 273, 100, 400
-0.97866, 45, 305, 76, 432
-0.978668, 157, 321, 188, 448
-0.978738, 289, 33, 352, 96
-0.978794, 257, 345, 288, 408
-0.97889, 33, 225, 96, 480
-0.97893, 173, 81, 204, 208
-0.978992, 193, 105, 320, 168
-0.979, 1, 177, 64, 240
-0.979002, 33, 361, 64, 424
-0.979003, 25, 257, 88, 384
-0.979006, 249, 369, 280, 432
-0.979068, 201, 81, 232, 208
-0.979157, 125, 209, 156, 272
-0.97919, 109, 345, 140, 408
-0.97921, 121, 273, 184, 336
-0.979279, 105, 241, 136, 368
-0.97931, 257, 137, 288, 200
-0.979366, 29, 305, 60, 368
-0.97938, 205, 57, 236, 120
-0.979429, 1, 137, 64, 200
-0.979524, 289, 225, 352, 480
-0.979567, 133, 353, 164, 480
-0.979591, 237, 257, 268, 320
-0.979799, 81, 177, 144, 240
-0.979878, 241, 185, 304, 248
-0.979881, 261, 257, 292, 384
-0.979882, 41, 97, 104, 352
-0.979889, 85, 321, 116, 448
-0.979975, 13, 289, 44, 416
-0.979979, 9, 89, 72, 152
-0.980122, 261, 369, 292, 432
-0.980172, 201, 401, 264, 464
-0.980179, 233, 329, 264, 392
-0.980203, 105, 129, 136, 256
-0.980236, 1, 1, 64, 256
-0.980284, 249, 65, 312, 128
-0.980358, 1, 129, 64, 384
-0.980411, 129, 33, 192, 288
-0.980483, 257, 225, 320, 480
-0.980494, 193, 297, 224, 360
-0.980598, 289, 409, 352, 472
-0.980626, 245, 89, 276, 152
-0.98063, 193, 225, 224, 352
-0.980666, 321, 361, 352, 424
-0.980685, 41, 393, 104, 456
-0.980686, 281, 129, 344, 384
-0.980695, 265, 417, 328, 480
-0.9807, 237, 121, 268, 184
-0.980708, 45, 377, 76, 440
-0.980728, 73, 321, 104, 448
-0.980755, 153, 49, 216, 112
-0.980773, 77, 329, 108, 392
-0.980925, 205, 193, 236, 320
-0.980932, 121, 225, 184, 480
-0.980939, 49, 201, 176, 264
-0.980982, 305, 49, 336, 176
-0.980992, 9, 201, 72, 264
-0.981104, 113, 73, 240, 136
-0.981157, 269, 337, 300, 400
-0.981166, 181, 289, 212, 352
-0.981179, 109, 153, 140, 216
-0.98119, 173, 137, 204, 200
-0.981196, 49, 169, 176, 232
-0.981216, 289, 193, 352, 256
-0.98124, 45, 129, 76, 256
-0.981242, 173, 305, 204, 432
-0.981281, 25, 161, 88, 224
-0.981297, 177, 385, 208, 448
-0.981319, 237, 177, 268, 240
-0.981332, 277, 305, 308, 368
-0.981378, 205, 273, 236, 336
-0.981454, 209, 33, 272, 288
-0.981516, 153, 273, 184, 400
-0.981665, 145, 201, 272, 264
-0.981707, 65, 129, 128, 384
-0.981762, 249, 273, 280, 336
-0.98183, 321, 337, 352, 400
-0.981858, 57, 305, 88, 368
-0.981866, 225, 1, 352, 128
-0.981938, 149, 145, 180, 272
-0.981954, 109, 177, 140, 304
-0.981977, 145, 177, 176, 240
-0.982007, 301, 337, 332, 400
-0.982071, 9, 225, 72, 480
-0.982073, 217, 305, 248, 432
-0.982198, 249, 289, 280, 416
-0.982288, 285, 65, 316, 192
-0.982342, 209, 225, 336, 288
-0.982463, 161, 65, 192, 192
-0.982496, 281, 361, 312, 424
-0.982502, 153, 1, 216, 480
-0.982614, 209, 329, 240, 392
-0.982775, 225, 33, 256, 160
-0.982778, 149, 385, 180, 448
-0.982798, 21, 361, 52, 424
-0.982848, 9, 129, 40, 256
-0.982853, 289, 33, 352, 288
-0.982925, 113, 1, 176, 128
-0.982964, 265, 305, 296, 432
-0.983012, 13, 113, 44, 176
-0.983014, 93, 305, 124, 368
-0.983016, 161, 161, 192, 288
-0.983028, 17, 273, 144, 336
-0.983046, 69, 353, 100, 416
-0.983068, 237, 377, 268, 440
-0.983083, 89, 177, 120, 304
-0.983116, 109, 337, 140, 464
-0.983217, 237, 233, 268, 296
-0.983286, 81, 97, 112, 224
-0.983335, 269, 273, 300, 336
-0.9834, 249, 177, 280, 304
-0.98342, 121, 121, 152, 184
-0.983422, 245, 345, 276, 408
-0.983502, 41, 49, 104, 176
-0.983597, 201, 177, 232, 240
-0.983656, 189, 377, 220, 440
-0.983667, 109, 233, 140, 296
-0.983668, 273, 65, 304, 192
-0.983678, 145, 249, 176, 312
-0.983682, 289, 321, 320, 448
-0.983771, 93, 225, 124, 352
-0.983787, 221, 369, 252, 432
-0.983802, 249, 113, 280, 176
-0.983833, 113, 193, 144, 256
-0.983844, 25, 1, 88, 256
-0.983852, 65, 129, 96, 256
-0.983898, 221, 209, 252, 272
-0.983923, 201, 33, 232, 160
-0.983953, 177, 1, 240, 480
-0.983979, 121, 393, 152, 456
-0.983986, 273, 385, 304, 448
-0.984002, 49, 233, 176, 296
-0.984051, 321, 145, 352, 208
-0.98413, 321, 385, 352, 448
-0.984145, 161, 305, 192, 368
-0.984169, 181, 73, 212, 136
-0.984171, 141, 153, 172, 216
-0.984235, 13, 313, 44, 376
-0.984235, 49, 1, 112, 128
-0.984275, 285, 113, 316, 240
-0.984309, 249, 161, 280, 224
-0.984313, 313, 289, 344, 352
-0.98437, 229, 97, 260, 160
-0.984392, 137, 1, 200, 128
-0.984456, 321, 97, 352, 224
-0.984484, 205, 89, 236, 152
-0.984594, 65, 81, 192, 144
-0.98463, 169, 329, 200, 392
-0.984662, 213, 33, 244, 160
-0.984663, 205, 353, 236, 416
-0.984709, 5, 137, 36, 200
-0.984767, 241, 305, 272, 368
-0.984781, 193, 145, 224, 272
-0.984802, 141, 273, 172, 336
-0.984833, 85, 385, 116, 448
-0.984859, 93, 233, 124, 296
-0.984859, 233, 353, 264, 416
-0.984862, 281, 137, 312, 200
-0.98489, 129, 1, 192, 480
-0.984977, 269, 145, 300, 208
-0.985041, 133, 241, 164, 368
-0.985047, 169, 89, 200, 152
-0.985082, 93, 281, 124, 344
-0.9851, 125, 81, 156, 208
-0.985128, 33, 129, 64, 256
-0.985136, 249, 65, 280, 128
-0.98515, 301, 33, 332, 96
-0.985189, 137, 393, 168, 456
-0.985268, 37, 353, 68, 480
-0.9853, 297, 129, 328, 192
-0.985351, 65, 329, 96, 392
-0.985351, 89, 1, 152, 256
-0.985377, 57, 81, 88, 208
-0.985403, 137, 89, 168, 152
-0.985438, 281, 33, 312, 96
-0.985468, 225, 1, 288, 480
-0.985477, 209, 385, 240, 448
-0.985496, 253, 65, 284, 192
-0.985642, 133, 193, 164, 320
-0.98579, 201, 1, 264, 480
-0.985886, 49, 1, 112, 256
-0.985902, 137, 97, 168, 224
-0.985913, 241, 337, 272, 464
-0.985999, 225, 249, 352, 312
-0.986302, 1, 1, 64, 480
-0.986435, 93, 97, 124, 224
-0.986573, 97, 1, 160, 480
-0.986741, 49, 1, 80, 128
-0.986798, 293, 17, 324, 144
-0.986836, 229, 305, 260, 432
-0.987193, 61, 177, 92, 304
-0.987299, 309, 241, 340, 368
-0.98735, 69, 225, 100, 352
-0.987417, 225, 25, 352, 88
-0.987465, 249, 317, 312, 348
-0.987475, 65, 401, 192, 464
-0.987502, 57, 257, 88, 384
-0.987557, 217, 305, 280, 336
-0.987608, 1, 313, 64, 344
-0.98778, 49, 313, 112, 344
-0.98779, 145, 341, 208, 372
-0.987792, 33, 1, 160, 64
-0.987809, 1, 193, 128, 256
-0.987847, 289, 1, 352, 480
-0.987857, 1, 129, 128, 192
-0.987878, 69, 81, 100, 208
-0.987897, 117, 225, 148, 352
-0.987924, 65, 145, 320, 208
-0.987937, 121, 193, 184, 224
-0.988049, 193, 185, 320, 248
-0.988063, 137, 137, 200, 168
-0.988078, 1, 289, 256, 352
-0.988086, 193, 265, 256, 296
-0.988092, 173, 209, 204, 336
-0.988159, 289, 321, 352, 352
-0.988189, 77, 145, 108, 272
-0.988209, 181, 161, 212, 288
-0.988258, 145, 321, 208, 352
-0.988282, 293, 241, 324, 368
-0.988336, 249, 241, 280, 368
-0.988337, 265, 305, 328, 336
-0.988463, 145, 49, 176, 176
-0.988508, 201, 321, 264, 352
-0.988577, 277, 353, 308, 480
-0.988585, 89, 317, 152, 348
-0.988593, 49, 337, 112, 368
-0.988606, 49, 1, 112, 480
-0.988629, 129, 381, 192, 412
-0.988652, 25, 1, 88, 480
-0.988664, 97, 349, 160, 380
-0.98868, 1, 241, 128, 304
-0.988688, 105, 289, 136, 416
-0.988699, 273, 17, 304, 144
-0.988743, 97, 377, 160, 408
-0.988829, 233, 269, 296, 300
-0.988851, 289, 129, 352, 256
-0.988886, 113, 153, 176, 184
-0.988895, 225, 417, 352, 480
-0.988912, 233, 161, 296, 192
-0.988931, 121, 329, 184, 360
-0.988957, 1, 17, 64, 144
-0.988958, 97, 305, 352, 368
-0.988964, 121, 353, 152, 480
-0.989014, 1, 377, 64, 408
-0.989031, 241, 353, 304, 384
-0.989079, 153, 381, 216, 412
-0.989082, 185, 293, 248, 324
-0.989092, 169, 333, 232, 364
-0.989094, 269, 129, 300, 256
-0.989101, 57, 377, 120, 408
-0.989116, 21, 129, 52, 256
-0.98912, 169, 85, 232, 116
-0.989122, 185, 381, 248, 412
-0.989129, 1, 81, 32, 208
-0.989129, 305, 97, 336, 224
-0.989181, 201, 277, 264, 308
-0.989182, 33, 329, 288, 392
-0.989223, 225, 141, 288, 172
-0.989243, 129, 309, 192, 340
-0.989254, 73, 289, 136, 320
-0.989254, 161, 353, 224, 384
-0.989271, 185, 309, 248, 340
-0.989315, 97, 245, 160, 276
-0.989342, 25, 301, 88, 332
-0.989377, 1, 217, 128, 280
-0.989383, 185, 353, 248, 384
-0.989427, 145, 193, 176, 320
-0.98943, 121, 349, 184, 380
-0.98944, 273, 269, 336, 300
-0.98946, 1, 345, 64, 376
-0.989462, 249, 1, 312, 480
-0.989516, 29, 257, 60, 384
-0.989656, 217, 177, 280, 208
-0.989683, 193, 93, 256, 124
-0.989684, 281, 333, 344, 364
-0.989692, 233, 109, 296, 140
-0.989753, 137, 369, 200, 400
-0.989755, 41, 325, 104, 356
-0.98976, 97, 273, 160, 304
-0.989771, 9, 325, 72, 356
-0.989779, 241, 385, 304, 416
-0.989782, 1, 353, 256, 416
-0.989785, 49, 301, 112, 332
-0.989812, 177, 401, 304, 464
-0.989829, 201, 189, 264, 220
-0.989851, 281, 357, 344, 388
-0.98987, 49, 365, 112, 396
-0.989882, 169, 97, 232, 128
-0.989899, 65, 105, 320, 168
-0.989907, 201, 229, 264, 260
-0.989916, 57, 349, 120, 380
-0.989922, 97, 365, 160, 396
-0.989945, 81, 389, 144, 420
-0.989953, 97, 329, 160, 360
-0.989954, 217, 249, 280, 280
-0.98997, 177, 193, 240, 224
-0.989976, 121, 181, 184, 212
-0.989986, 73, 249, 136, 280
-0.989988, 33, 349, 96, 380
-0.990017, 33, 381, 96, 412
-0.990052, 317, 177, 348, 304
-0.990069, 289, 309, 352, 340
-0.990077, 233, 97, 296, 128
-0.990098, 89, 161, 152, 192
-0.990098, 309, 337, 340, 464
-0.990122, 257, 101, 320, 132
-0.990171, 105, 305, 168, 336
-0.990176, 145, 169, 208, 200
-0.990193, 193, 253, 256, 284
-0.990196, 305, 161, 336, 288
-0.990216, 145, 49, 272, 112
-0.990256, 225, 85, 288, 116
-0.990263, 209, 161, 272, 192
-0.99027, 113, 105, 176, 136
-0.990275, 65, 377, 320, 440
-0.990276, 73, 305, 136, 336
-0.990287, 137, 205, 200, 236
-0.990331, 209, 385, 272, 416
-0.990346, 17, 401, 144, 464
-0.990351, 209, 341, 272, 372
-0.990353, 249, 341, 312, 372
-0.990432, 1, 297, 354, 360
-0.990438, 161, 301, 224, 332
-0.99045, 25, 81, 56, 208
-0.990454, 1, 141, 64, 172
-0.990473, 241, 305, 304, 336
-0.990479, 177, 205, 240, 236
-0.990487, 81, 101, 144, 132
-0.990491, 97, 293, 160, 324
-0.990492, 137, 105, 200, 136
-0.990532, 65, 201, 320, 264
-0.990548, 73, 277, 136, 308
-0.990578, 113, 417, 240, 480
-0.990585, 121, 165, 184, 196
-0.990604, 17, 129, 80, 160
-0.990604, 145, 157, 208, 188
-0.990606, 265, 41, 328, 72
-0.990622, 97, 189, 160, 220
-0.990629, 81, 233, 144, 264
-0.990632, 253, 337, 284, 464
-0.990634, 113, 141, 176, 172
-0.990649, 193, 65, 256, 96
-0.990657, 49, 289, 112, 320
-0.990662, 109, 81, 140, 208
-0.990662, 185, 393, 248, 424
-0.99067, 73, 261, 136, 292
-0.990684, 217, 293, 280, 324
-0.990689, 65, 325, 128, 356
-0.9907, 169, 73, 232, 104
-0.990733, 1, 161, 128, 224
-0.990765, 249, 149, 312, 180
-0.990773, 281, 385, 344, 416
-0.990795, 81, 401, 144, 432
-0.990823, 161, 365, 224, 396
-0.990828, 169, 149, 232, 180
-0.990853, 241, 369, 304, 400
-0.990877, 129, 93, 192, 124
-0.990879, 129, 393, 192, 424
-0.990881, 177, 321, 240, 352
-0.990905, 281, 145, 344, 176
-0.990913, 1, 301, 64, 332
-0.990915, 105, 233, 168, 264
-0.990921, 65, 233, 320, 296
-0.990926, 209, 105, 272, 136
-0.990959, 105, 117, 168, 148
-0.990963, 97, 261, 160, 292
-0.990995, 193, 149, 256, 180
-0.991043, 97, 353, 352, 416
-0.991058, 257, 161, 320, 192
-0.991061, 89, 145, 152, 176
-0.991078, 153, 289, 216, 320
-0.991095, 65, 81, 320, 144
-0.991104, 281, 161, 344, 192
-0.99112, 209, 353, 272, 384
-0.991129, 113, 205, 176, 236
-0.991135, 105, 389, 168, 420
-0.991143, 145, 193, 208, 224
-0.991154, 181, 17, 212, 144
-0.991194, 65, 177, 320, 240
-0.991197, 161, 273, 224, 304
-0.991223, 237, 161, 268, 192
-0.991231, 73, 337, 136, 368
-0.991234, 73, 1, 136, 480
-0.991244, 241, 293, 304, 324
-0.991285, 1, 329, 354, 392
-0.99136, 49, 353, 80, 480
-0.991363, 69, 313, 100, 344
-0.991387, 133, 193, 164, 224
-0.991443, 81, 305, 112, 336
-0.991509, 1, 25, 128, 88
-0.99158, 1, 265, 256, 328
-0.991596, 37, 81, 68, 208
-0.99161, 313, 325, 344, 356
-0.991624, 149, 329, 180, 360
-0.991635, 193, 269, 224, 300
-0.991737, 1, 369, 354, 432
-0.991738, 81, 1, 208, 128
-0.991743, 181, 317, 212, 348
-0.991783, 137, 381, 168, 412
-0.991794, 81, 317, 112, 348
-0.991803, 261, 309, 292, 340
-0.991805, 185, 81, 216, 112
-0.991859, 97, 281, 352, 344
-0.991902, 1, 317, 32, 348
-0.99195, 81, 289, 112, 320
-0.991961, 65, 57, 192, 120
-0.991974, 297, 317, 328, 348
-0.992004, 237, 49, 268, 176
-0.99202, 133, 181, 164, 212
-0.992037, 237, 269, 268, 300
-0.99204, 89, 349, 120, 380
-0.992056, 209, 145, 240, 272
-0.992079, 97, 257, 352, 320
-0.992083, 57, 305, 88, 432
-0.992091, 137, 313, 168, 344
-0.992141, 89, 329, 120, 360
-0.992146, 45, 325, 76, 356
-0.992158, 65, 301, 96, 332
-0.992167, 189, 381, 220, 412
-0.992168, 205, 309, 236, 340
-0.992172, 141, 141, 172, 172
-0.992211, 45, 381, 76, 412
-0.992212, 221, 93, 252, 124
-0.992217, 125, 349, 156, 380
-0.992225, 205, 89, 236, 120
-0.992227, 1, 377, 32, 408
-0.992236, 129, 157, 160, 188
-0.992255, 289, 305, 320, 336
-0.992303, 113, 349, 144, 380
-0.992314, 113, 165, 144, 196
-0.99232, 29, 309, 60, 340
-0.992328, 145, 193, 176, 224
-0.992347, 205, 269, 236, 300
-0.992348, 193, 353, 224, 384
-0.992353, 249, 317, 280, 348
-0.99236, 213, 249, 244, 280
-0.992364, 221, 261, 252, 292
-0.992367, 197, 329, 228, 360
-0.992373, 217, 353, 248, 480
-0.992377, 81, 241, 112, 272
-0.99238, 85, 257, 116, 288
-0.992382, 217, 185, 248, 216
-0.992416, 13, 313, 44, 344
-0.992418, 33, 321, 64, 352
-0.992419, 273, 305, 304, 336
-0.992428, 145, 369, 176, 400
-0.992439, 137, 301, 168, 332
-0.992449, 217, 309, 248, 340
-0.99246, 149, 345, 180, 376
-0.992463, 233, 309, 264, 340
-0.992471, 133, 325, 164, 356
-0.992526, 177, 385, 208, 416
-0.992539, 93, 377, 124, 408
-0.99254, 265, 153, 296, 184
-0.992541, 309, 313, 340, 344
-0.992542, 245, 89, 276, 120
-0.992547, 321, 357, 352, 388
-0.992581, 117, 153, 148, 184
-0.992586, 1, 257, 32, 384
-0.992592, 197, 297, 228, 328
-0.992598, 77, 329, 108, 360
-0.99261, 41, 305, 72, 336
-0.992622, 265, 101, 296, 132
-0.992629, 57, 317, 88, 348
-0.992639, 229, 245, 260, 276
-0.992639, 221, 381, 252, 412
-0.992657, 253, 353, 284, 384
-0.992674, 13, 137, 44, 168
-0.992679, 181, 353, 212, 384
-0.99268, 241, 101, 272, 132
-0.992688, 101, 389, 132, 420
-0.99269, 145, 129, 176, 160
-0.992692, 1, 345, 32, 376
-0.9927, 289, 329, 320, 360
-0.992701, 93, 241, 124, 272
-0.992707, 237, 173, 268, 204
-0.992728, 157, 365, 188, 396
-0.99273, 93, 113, 124, 144
-0.992735, 169, 341, 200, 372
-0.992742, 269, 353, 300, 384
-0.992746, 41, 353, 72, 384
-0.992751, 105, 377, 136, 408
-0.992755, 209, 321, 240, 352
-0.992764, 249, 273, 280, 304
-0.992771, 321, 269, 352, 300
-0.992779, 277, 321, 308, 352
-0.992786, 217, 281, 248, 312
-0.992788, 77, 353, 108, 384
-0.992792, 157, 317, 188, 348
-0.992809, 241, 245, 272, 276
-0.992812, 33, 381, 64, 412
-0.992816, 141, 253, 172, 284
-0.992817, 241, 385, 272, 416
-0.992852, 33, 125, 64, 156
-0.992855, 221, 165, 252, 196
-0.992857, 17, 177, 48, 304
-0.992878, 97, 365, 128, 396
-0.992882, 165, 101, 196, 132
-0.992884, 205, 185, 236, 216
-0.992887, 165, 137, 196, 168
-0.992888, 257, 165, 288, 196
-0.992888, 141, 105, 172, 136
-0.992902, 93, 317, 124, 348
-0.992904, 149, 381, 180, 412
-0.992904, 81, 277, 112, 308
-0.992905, 249, 137, 280, 168
-0.992907, 105, 249, 136, 280
-0.992916, 261, 385, 292, 416
-0.992934, 237, 133, 268, 164
-0.992942, 117, 197, 148, 228
-0.992944, 133, 369, 164, 400
-0.992944, 93, 285, 124, 316
-0.992946, 129, 337, 160, 368
-0.992952, 321, 173, 352, 204
-0.992965, 121, 389, 152, 420
-0.992966, 129, 145, 160, 176
-0.992967, 185, 333, 216, 364
-0.992969, 137, 357, 168, 388
-0.99299, 21, 121, 52, 152
-0.992996, 149, 165, 180, 196
-0.992997, 269, 341, 300, 372
-0.993011, 253, 341, 284, 372
-0.993013, 1, 309, 128, 340
-0.993016, 241, 329, 272, 360
-0.99302, 129, 205, 160, 236
-0.993021, 209, 73, 240, 104
-0.993024, 105, 153, 136, 184
-0.993025, 157, 197, 188, 228
-0.993037, 33, 377, 160, 408
-0.993042, 205, 281, 236, 312
-0.993045, 201, 257, 232, 288
-0.993063, 173, 353, 204, 480
-0.993066, 321, 49, 352, 176
-0.993085, 45, 177, 76, 304
-0.993153, 97, 381, 224, 412
-0.993179, 281, 225, 312, 352
-0.993191, 145, 137, 160, 200
-0.993319, 151, 337, 166, 400
-0.993369, 113, 25, 240, 88
-0.993388, 1, 113, 354, 176
-0.993465, 1, 241, 354, 304
-0.993472, 61, 1, 92, 128
-0.993633, 81, 353, 208, 384
-0.993637, 33, 177, 64, 304
-0.993682, 225, 321, 352, 352
-0.993699, 161, 113, 176, 176
-0.993756, 65, 305, 192, 336
-0.993809, 209, 309, 336, 340
-0.993811, 201, 321, 216, 384
-0.993834, 1, 273, 354, 336
-0.9939, 37, 1, 68, 128
-0.993908, 261, 209, 292, 336
-0.99391, 161, 353, 288, 384
-0.993938, 209, 269, 336, 300
-0.993942, 1, 321, 128, 352
-0.99397, 161, 97, 288, 128
-0.993993, 145, 305, 272, 336
-0.994025, 97, 369, 224, 400
-0.994025, 97, 273, 224, 304
-0.994027, 259, 313, 274, 376
-0.99404, 177, 385, 304, 416
-0.994051, 49, 317, 176, 348
-0.994076, 145, 145, 272, 176
-0.994144, 97, 205, 224, 236
-0.994226, 1, 185, 354, 248
-0.994238, 151, 121, 166, 184
-0.994243, 1, 81, 128, 144
-0.994251, 315, 313, 330, 376
-0.994255, 161, 361, 176, 424
-0.994258, 139, 153, 154, 216
-0.994263, 33, 349, 160, 380
-0.994275, 161, 341, 288, 372
-0.994316, 161, 321, 288, 352
-0.994391, 97, 141, 224, 172
-0.994398, 191, 353, 206, 416
-0.994407, 283, 321, 298, 384
-0.994433, 145, 161, 272, 192
-0.994436, 219, 177, 234, 240
-0.994441, 65, 401, 320, 464
-0.994442, 161, 269, 288, 300
-0.994444, 241, 145, 256, 208
-0.994448, 155, 377, 170, 440
-0.994453, 197, 265, 212, 328
-0.994456, 231, 233, 246, 296
-0.994466, 221, 313, 236, 376
-0.994484, 207, 257, 222, 320
-0.9945, 1, 1, 256, 64
-0.994501, 339, 313, 354, 376
-0.994514, 203, 297, 218, 360
-0.994525, 1, 137, 354, 200
-0.99453, 143, 369, 158, 432
-0.994535, 225, 161, 352, 192
-0.994596, 145, 297, 160, 360
-0.994611, 135, 177, 150, 240
-0.994621, 47, 361, 62, 424
-0.994643, 101, 329, 116, 392
-0.994662, 201, 73, 216, 136
-0.99467, 293, 321, 308, 384
-0.994707, 225, 93, 352, 124
-0.994707, 17, 337, 144, 368
-0.994708, 219, 233, 234, 296
-0.994714, 161, 293, 288, 324
-0.994719, 83, 281, 98, 344
-0.994744, 287, 297, 302, 360
-0.994747, 177, 281, 304, 312
-0.994755, 33, 57, 288, 120
-0.994758, 161, 85, 288, 116
-0.994763, 305, 297, 320, 360
-0.994764, 309, 321, 324, 384
-0.994777, 3, 313, 18, 376
-0.994796, 49, 293, 176, 324
-0.994796, 17, 361, 144, 392
-0.994808, 53, 313, 68, 376
-0.994828, 81, 329, 208, 360
-0.994828, 209, 297, 224, 360
-0.994835, 1, 81, 354, 144
-0.994841, 91, 305, 106, 368
-0.994872, 225, 357, 352, 388
-0.994875, 199, 361, 214, 424
-0.994887, 231, 273, 246, 336
-0.994891, 95, 345, 110, 408
-0.994909, 107, 361, 122, 424
-0.994932, 225, 385, 352, 416
-0.994949, 145, 185, 160, 248
-0.994988, 145, 109, 272, 140
-0.994998, 215, 297, 230, 360
-0.994999, 177, 17, 304, 80
-0.995, 65, 261, 192, 292
-0.995017, 77, 273, 92, 336
-0.995018, 225, 149, 352, 180
-0.995021, 139, 201, 154, 264
-0.995022, 339, 361, 354, 424
-0.995023, 81, 33, 144, 160
-0.995028, 209, 329, 224, 392
-0.995035, 217, 209, 232, 272
-0.995042, 213, 257, 228, 320
-0.995048, 247, 153, 262, 216
-0.995063, 85, 305, 100, 368
-0.995067, 245, 97, 260, 160
-0.995103, 225, 173, 352, 204
-0.995108, 225, 257, 240, 320
-0.995111, 277, 297, 292, 360
-0.995117, 113, 89, 240, 120
-0.995119, 251, 377, 266, 440
-0.995129, 33, 109, 160, 140
-0.995131, 225, 105, 352, 136
-0.995136, 229, 305, 244, 368
-0.995158, 3, 361, 18, 424
-0.995173, 239, 169, 254, 232
-0.995174, 193, 297, 208, 360
-0.995181, 47, 321, 62, 384
-0.995189, 181, 361, 196, 424
-0.99519, 139, 329, 154, 392
-0.995193, 17, 389, 144, 420
-0.995209, 293, 297, 308, 360
-0.995227, 323, 313, 338, 376
-0.995254, 299, 297, 314, 360
-0.995258, 129, 193, 144, 256
-0.99526, 251, 321, 266, 384
-0.995262, 113, 393, 240, 424
-0.995266, 113, 317, 240, 348
-0.995267, 233, 89, 248, 152
-0.995279, 97, 341, 224, 372
-0.99528, 89, 345, 104, 408
-0.995286, 101, 369, 116, 432
-0.995292, 277, 369, 292, 432
-0.995301, 237, 193, 268, 448
-0.995303, 145, 133, 272, 164
-0.995303, 267, 369, 282, 432
-0.995314, 105, 257, 120, 320
-0.995318, 113, 293, 240, 324
-0.99532, 53, 369, 68, 432
-0.995322, 277, 345, 292, 408
-0.995324, 339, 337, 354, 400
-0.99533, 255, 273, 270, 336
-0.99533, 171, 337, 186, 400
-0.99534, 225, 281, 240, 344
-0.995344, 265, 305, 280, 368
-0.99535, 73, 225, 104, 480
-0.995356, 261, 369, 276, 432
-0.995361, 65, 393, 192, 424
-0.995367, 95, 281, 110, 344
-0.995397, 149, 361, 164, 424
-0.995403, 145, 321, 160, 384
-0.995404, 221, 97, 252, 352
-0.99541, 145, 173, 272, 204
-0.995415, 65, 241, 192, 272
-0.995417, 85, 193, 116, 448
-0.995423, 253, 145, 268, 208
-0.99543, 205, 353, 220, 416
-0.995436, 333, 321, 348, 384
-0.995442, 195, 329, 210, 392
-0.995444, 97, 305, 112, 368
-0.995446, 81, 101, 208, 132
-0.995448, 261, 345, 276, 408
-0.995456, 225, 333, 352, 364
-0.995461, 139, 297, 154, 360
-0.995461, 151, 297, 166, 360
-0.995461, 247, 297, 262, 360
-0.995478, 65, 165, 192, 196
-0.995478, 267, 345, 282, 408
-0.995485, 129, 193, 160, 448
-0.99549, 91, 257, 106, 320
-0.995504, 157, 313, 172, 376
-0.995514, 209, 297, 336, 328
-0.995522, 99, 241, 114, 304
-0.995551, 173, 361, 188, 424
-0.995558, 145, 365, 272, 396
-0.995559, 49, 201, 176, 232
-0.995559, 41, 353, 56, 416
-0.99556, 77, 297, 92, 360
-0.995561, 183, 329, 198, 392
-0.995573, 211, 233, 226, 296
-0.995584, 145, 273, 160, 336
-0.995588, 1, 217, 354, 280
-0.995589, 89, 281, 104, 344
-0.995589, 11, 361, 26, 424
-0.995596, 225, 1, 352, 64
-0.995597, 145, 241, 272, 272
-0.9956, 207, 57, 222, 120
-0.99561, 283, 345, 298, 408
-0.995614, 209, 45, 336, 76
-0.995615, 175, 137, 190, 200
-0.995632, 129, 193, 256, 224
-0.995646, 1, 297, 128, 328
-0.995654, 145, 257, 272, 288
-0.995656, 145, 229, 272, 260
-0.995661, 113, 345, 128, 408
-0.995662, 65, 125, 192, 156
-0.99567, 113, 145, 128, 208
-0.995675, 147, 241, 162, 304
-0.995676, 197, 225, 228, 480
-0.99569, 65, 153, 192, 184
-0.995691, 83, 329, 98, 392
-0.995698, 151, 161, 166, 224
-0.995731, 209, 193, 240, 448
-0.99574, 255, 353, 270, 416
-0.99574, 271, 97, 286, 160
-0.995749, 243, 121, 258, 184
-0.995757, 225, 345, 352, 376
-0.995761, 9, 313, 24, 376
-0.995765, 17, 125, 144, 156
-0.995776, 303, 321, 318, 384
-0.995811, 139, 105, 154, 168
-0.995819, 277, 145, 292, 208
-0.995822, 193, 137, 320, 168
-0.995828, 215, 73, 230, 136
-0.995835, 283, 273, 298, 336
-0.995835, 105, 305, 120, 368
-0.995853, 221, 89, 236, 152
-0.995856, 1, 25, 256, 88
-0.99586, 167, 105, 182, 168
-0.995874, 65, 405, 192, 436
-0.995876, 187, 377, 202, 440
-0.995886, 189, 321, 204, 384
-0.995887, 77, 329, 92, 392
-0.995889, 1, 393, 354, 456
-0.995891, 167, 361, 182, 424
-0.995897, 239, 257, 254, 320
-0.995904, 137, 385, 152, 448
-0.995907, 33, 137, 160, 168
-0.995933, 193, 65, 320, 96
-0.995983, 193, 257, 320, 288
-0.996, 225, 281, 352, 312
-0.996005, 97, 17, 352, 80
-0.996011, 1, 9, 354, 72
-0.996036, 153, 65, 184, 320
-0.996054, 97, 113, 224, 144
-0.996074, 1, 285, 128, 316
-0.996092, 193, 185, 320, 216
-0.996096, 97, 229, 224, 260
-0.996108, 113, 77, 240, 108
-0.996117, 141, 129, 172, 384
-0.996159, 17, 245, 144, 276
-0.996306, 193, 369, 320, 400
-0.996328, 145, 409, 272, 440
-0.996344, 65, 89, 192, 120
-0.996357, 33, 213, 160, 244
-0.996422, 209, 117, 336, 148
-0.996441, 225, 77, 352, 108
-0.996446, 209, 245, 336, 276
-0.996477, 225, 397, 352, 428
-0.996485, 17, 233, 144, 264
-0.996564, 17, 153, 144, 184
-0.996575, 49, 273, 176, 304
-0.99658, 117, 161, 148, 416
-0.99658, 249, 225, 280, 480
-0.996593, 113, 217, 240, 248
-0.996611, 221, 193, 252, 448
-0.996624, 249, 129, 280, 384
-0.996642, 17, 97, 144, 128
-0.996642, 61, 225, 92, 480
-0.996658, 241, 33, 272, 288
-0.996669, 173, 129, 204, 384
-0.996686, 177, 397, 304, 428
-0.996714, 1, 161, 354, 224
-0.996723, 97, 225, 128, 480
-0.996743, 97, 177, 224, 208
-0.996747, 17, 257, 144, 288
-0.996761, 85, 97, 116, 352
-0.996762, 185, 225, 216, 480
-0.996803, 265, 65, 296, 320
-0.996812, 17, 401, 144, 432
-0.99682, 145, 121, 272, 152
-0.996853, 153, 161, 184, 416
-0.99688, 209, 233, 336, 264
-0.996893, 33, 13, 160, 44
-0.996927, 129, 1, 256, 64
-0.996973, 65, 189, 192, 220
-0.996978, 1, 273, 128, 304
-0.997011, 137, 33, 168, 288
-0.997044, 225, 409, 352, 440
-0.997055, 209, 213, 336, 244
-0.997103, 1, 29, 128, 60
-0.997128, 9, 129, 40, 384
-0.997133, 49, 1, 176, 32
-0.997161, 201, 65, 232, 320
-0.99718, 1, 197, 128, 228
-0.99724, 339, 325, 354, 356
-0.997247, 83, 305, 98, 336
-0.997304, 161, 205, 288, 236
-0.997304, 285, 1, 316, 256
-0.99732, 147, 141, 162, 172
-0.99734, 5, 317, 20, 348
-0.997354, 225, 33, 352, 64
-0.997363, 145, 65, 272, 96
-0.997364, 81, 289, 96, 320
-0.997374, 95, 317, 110, 348
-0.99739, 97, 129, 128, 384
-0.997391, 153, 385, 168, 416
-0.997391, 331, 325, 346, 356
-0.997393, 143, 301, 158, 332
-0.997398, 315, 325, 330, 356
-0.9974, 197, 269, 212, 300
-0.99741, 201, 321, 216, 352
-0.997429, 47, 377, 62, 408
-0.997446, 161, 217, 288, 248
-0.997453, 219, 181, 234, 212
-0.997457, 153, 321, 168, 352
-0.997478, 305, 1, 336, 256
-0.997481, 147, 377, 162, 408
-0.997483, 17, 165, 144, 196
-0.997485, 75, 301, 90, 332
-0.997488, 245, 101, 260, 132
-0.997491, 3, 373, 18, 404
-0.997495, 233, 245, 248, 276
-0.997496, 193, 381, 208, 412
-0.997513, 13, 313, 28, 344
-0.997527, 49, 177, 176, 208
-0.997528, 9, 1, 40, 256
-0.997538, 321, 325, 336, 356
-0.99754, 285, 321, 300, 352
-0.997541, 277, 305, 292, 336
-0.99755, 221, 309, 236, 340
-0.99756, 145, 193, 160, 224
-0.997568, 269, 225, 300, 480
-0.997569, 37, 1, 68, 256
-0.99757, 81, 417, 208, 448
-0.997573, 203, 269, 218, 300
-0.997577, 93, 329, 108, 360
-0.997579, 285, 129, 316, 384
-0.997583, 317, 65, 348, 320
-0.997585, 241, 161, 256, 192
-0.997602, 149, 125, 164, 156
-0.997606, 49, 321, 64, 352
-0.997629, 141, 225, 172, 480
-0.997636, 1, 345, 16, 376
-0.997642, 257, 317, 272, 348
-0.997652, 209, 421, 336, 452
-0.997654, 105, 241, 120, 272
-0.997658, 217, 249, 232, 280
-0.997674, 89, 305, 104, 336
-0.997677, 253, 161, 268, 192
-0.997681, 145, 329, 160, 360
-0.997685, 185, 129, 216, 384
-0.997686, 217, 309, 280, 324
-0.997701, 151, 309, 166, 340
-0.997705, 87, 285, 102, 316
-0.997712, 201, 333, 216, 364
-0.997716, 161, 53, 288, 84
-0.997717, 153, 137, 168, 168
-0.99772, 93, 289, 108, 320
-0.997725, 99, 285, 114, 316
-0.997728, 141, 381, 156, 412
-0.997729, 289, 225, 320, 480
-0.99773, 133, 153, 148, 184
-0.997739, 1, 385, 16, 416
-0.997741, 107, 377, 122, 408
-0.997742, 113, 45, 240, 76
-0.997748, 85, 317, 100, 348
-0.997753, 129, 165, 144, 196
-0.997753, 33, 225, 64, 480
-0.997756, 135, 193, 150, 224
-0.997765, 159, 365, 174, 396
-0.997772, 263, 309, 278, 340
-0.997772, 165, 33, 196, 288
-0.997773, 301, 161, 332, 416
-0.997781, 147, 249, 162, 280
-0.997782, 339, 357, 354, 388
-0.997783, 199, 381, 214, 412
-0.997784, 173, 225, 204, 480
-0.997789, 231, 257, 246, 288
-0.997797, 123, 149, 138, 180
-0.997797, 115, 349, 130, 380
-0.9978, 93, 241, 108, 272
-0.997801, 91, 353, 106, 384
-0.997802, 279, 153, 294, 184
-0.997811, 241, 149, 256, 180
-0.997819, 49, 225, 80, 480
-0.997823, 315, 313, 330, 344
-0.997827, 65, 77, 192, 108
-0.997828, 125, 65, 156, 320
-0.997829, 53, 381, 68, 412
-0.99783, 313, 225, 344, 480
-0.997832, 217, 85, 232, 116
-0.997835, 61, 129, 92, 384
-0.997835, 149, 357, 164, 388
-0.997843, 157, 121, 172, 152
-0.997845, 233, 93, 248, 124
-0.997852, 291, 317, 306, 348
-0.997853, 9, 377, 24, 408
-0.997856, 123, 161, 138, 192
-0.997859, 35, 305, 50, 336
-0.997859, 271, 89, 286, 120
-0.99786, 233, 271, 296, 286
-0.99786, 151, 193, 166, 224
-0.997861, 195, 289, 210, 320
-0.997863, 241, 241, 256, 272
-0.997867, 1, 417, 354, 480
-0.997869, 201, 77, 216, 108
-0.997871, 239, 173, 254, 204
-0.997871, 229, 309, 244, 340
-0.997873, 187, 381, 202, 412
-0.997874, 305, 305, 320, 336
-0.997878, 273, 273, 336, 288
-0.997879, 257, 269, 272, 300
-0.997879, 47, 349, 62, 380
-0.997885, 305, 317, 320, 348
-0.997891, 161, 33, 288, 64
-0.997892, 285, 273, 300, 304
-0.997894, 115, 157, 130, 188
-0.997901, 283, 353, 298, 384
-0.997904, 113, 17, 240, 48
-0.997906, 191, 321, 206, 352
-0.997908, 97, 113, 112, 144
-0.997909, 209, 261, 224, 292
-0.997919, 53, 309, 68, 340
-0.997924, 295, 329, 310, 360
-0.997928, 319, 273, 334, 304
-0.99793, 143, 313, 158, 344
-0.997931, 137, 321, 152, 352
-0.997931, 237, 273, 252, 304
-0.997937, 201, 293, 216, 324
-0.997944, 135, 309, 150, 340
-0.997948, 323, 313, 338, 344
-0.997948, 19, 125, 34, 156
-0.99795, 245, 253, 260, 284
-0.99795, 191, 305, 206, 336
-0.997951, 133, 209, 148, 240
-0.997951, 153, 333, 168, 364
-0.997952, 289, 305, 304, 336
-0.997953, 231, 169, 246, 200
-0.997954, 19, 137, 34, 168
-0.997957, 257, 353, 272, 384
-0.997959, 209, 93, 224, 124
-0.99796, 199, 353, 214, 384
-0.997971, 251, 321, 266, 352
-0.997972, 281, 321, 344, 336
-0.997972, 141, 161, 156, 192
-0.997973, 13, 145, 28, 176
-0.997976, 159, 329, 174, 360
-0.997978, 97, 353, 160, 368
-0.99798, 193, 269, 256, 284
-0.997989, 217, 1, 248, 256
-0.997994, 323, 81, 338, 112
-0.997996, 229, 285, 244, 316
-0.997997, 105, 325, 120, 356
-0.997997, 283, 165, 298, 196
-0.997997, 217, 269, 232, 300
-0.997998, 239, 93, 254, 124
-0.997998, 55, 325, 70, 356
-0.998001, 107, 365, 122, 396
-0.998003, 263, 141, 278, 172
-0.998005, 145, 141, 208, 156
-0.998005, 295, 305, 310, 336
-0.998015, 121, 197, 184, 212
-0.998017, 241, 323, 304, 338
-0.998018, 159, 193, 174, 224
-0.998019, 79, 317, 94, 348
-0.998019, 25, 313, 40, 344
-0.998021, 87, 337, 102, 368
-0.998025, 225, 201, 352, 232
-0.998031, 145, 353, 208, 368
-0.998036, 21, 1, 52, 256
-0.998037, 201, 323, 264, 338
-0.998048, 97, 381, 160, 396
-0.99805, 33, 417, 160, 448
-0.998054, 201, 317, 264, 332
-0.998064, 145, 331, 208, 346
-0.99809, 113, 159, 176, 174
-0.99811, 1, 327, 64, 342
-0.998121, 129, 421, 256, 452
-0.998137, 153, 389, 216, 404
-0.998148, 41, 327, 104, 342
-0.998151, 13, 225, 44, 480
-0.998152, 177, 385, 240, 400
-0.998159, 289, 327, 352, 342
-0.99817, 153, 321, 216, 336
-0.998178, 121, 191, 184, 206
-0.998179, 129, 325, 192, 340
-0.998179, 1, 377, 64, 392
-0.99818, 33, 303, 96, 318
-0.998183, 289, 335, 352, 350
-0.998199, 57, 311, 120, 326
-0.9982, 177, 319, 240, 334
-0.9982, 241, 317, 304, 332
-0.99821, 41, 351, 104, 366
-0.998214, 137, 203, 200, 218
-0.998222, 265, 307, 328, 322
-0.998223, 1, 321, 64, 336
-0.998228, 233, 169, 296, 184
-0.998237, 185, 1, 216, 256
-0.998238, 177, 1, 304, 32
-0.99825, 81, 359, 144, 374
-0.998259, 233, 277, 296, 292
-0.998267, 49, 383, 112, 398
-0.998268, 89, 163, 152, 178
-0.998271, 137, 381, 200, 396
-0.998275, 169, 85, 232, 100
-0.998281, 185, 97, 248, 112
-0.998282, 177, 391, 240, 406
-0.998291, 105, 359, 168, 374
-0.998295, 97, 331, 160, 346
-0.998296, 1, 181, 128, 212
-0.998302, 169, 337, 232, 352
-0.998302, 177, 305, 240, 320
-0.998312, 1, 355, 64, 370
-0.998315, 97, 65, 224, 96
-0.998323, 249, 355, 312, 370
-0.998327, 229, 1, 260, 256
-0.998327, 129, 387, 192, 402
-0.998332, 145, 347, 208, 362
-0.998332, 97, 255, 160, 270
-0.998333, 81, 325, 144, 340
-0.998334, 253, 33, 284, 288
-0.998335, 33, 309, 96, 324
-0.99834, 233, 177, 296, 192
-0.998343, 129, 337, 192, 352
-0.998343, 185, 277, 248, 292
-0.99836, 45, 97, 76, 352
-0.998363, 1, 349, 64, 364
-0.998365, 89, 305, 152, 320
-0.998373, 89, 387, 152, 402
-0.998383, 113, 65, 144, 320
-0.998384, 201, 331, 264, 346
-0.998385, 201, 355, 264, 370
-0.99839, 97, 319, 160, 334
-0.99839, 185, 293, 248, 308
-0.998391, 97, 287, 160, 302
-0.998391, 161, 203, 224, 218
-0.998394, 241, 387, 304, 402
-0.998395, 1, 385, 64, 400
-0.998396, 209, 251, 272, 266
-0.998398, 73, 261, 136, 276
-0.998408, 113, 33, 240, 64
-0.998415, 73, 291, 136, 306
-0.998416, 121, 351, 184, 366
-0.998417, 281, 363, 344, 378
-0.998417, 225, 145, 288, 160
-0.998418, 177, 197, 240, 212
-0.998421, 113, 1, 240, 32
-0.998423, 1, 141, 64, 156
-0.998427, 113, 153, 176, 168
-0.998428, 137, 361, 200, 376
-0.998435, 1, 57, 354, 120
-0.998436, 81, 157, 144, 172
-0.998439, 113, 169, 176, 184
-0.998445, 233, 163, 296, 178
-0.998445, 73, 285, 136, 300
-0.998446, 65, 351, 128, 366
-0.998449, 193, 165, 256, 180
-0.998451, 209, 183, 272, 198
-0.998453, 105, 249, 168, 264
-0.998455, 249, 329, 312, 344
-0.998456, 129, 315, 192, 330
-0.998461, 233, 109, 296, 124
-0.998461, 201, 195, 264, 210
-0.998464, 49, 377, 112, 392
-0.998467, 241, 139, 304, 154
-0.998467, 233, 153, 296, 168
-0.998469, 97, 273, 160, 288
-0.99847, 97, 197, 160, 212
-0.998471, 161, 363, 224, 378
-0.998473, 185, 299, 248, 314
-0.998478, 73, 255, 136, 270
-0.998478, 209, 275, 272, 290
-0.99848, 209, 177, 272, 192
-0.998481, 201, 87, 264, 102
-0.998485, 129, 309, 192, 324
-0.998489, 177, 21, 304, 52
-0.99849, 41, 321, 104, 336
-0.998493, 25, 359, 88, 374
-0.998496, 73, 65, 104, 320
-0.998501, 81, 103, 144, 118
-0.998507, 185, 311, 248, 326
-0.998512, 201, 189, 264, 204
-0.998517, 137, 367, 200, 382
-0.99853, 153, 103, 216, 118
-0.998531, 81, 411, 144, 426
-0.998535, 133, 167, 164, 182
-0.998537, 225, 103, 288, 118
-0.998537, 37, 379, 68, 394
-0.998538, 149, 175, 180, 190
-0.998538, 181, 353, 212, 368
-0.998538, 17, 449, 144, 480
-0.998538, 233, 311, 264, 326
-0.998538, 149, 391, 180, 406
-0.998539, 33, 387, 64, 402
-0.998539, 297, 271, 328, 286
-0.998539, 245, 105, 276, 120
-0.99854, 141, 321, 172, 336
-0.99854, 225, 115, 288, 130
-0.99854, 9, 145, 40, 160
-0.998541, 73, 253, 104, 268
-0.998541, 169, 341, 200, 356
-0.998542, 249, 165, 280, 180
-0.998542, 193, 293, 224, 308
-0.998542, 97, 33, 128, 288
-0.998543, 225, 97, 288, 112
-0.998545, 69, 319, 100, 334
-0.998545, 269, 153, 300, 168
-0.998546, 9, 311, 72, 326
-0.998547, 45, 353, 76, 368
-0.998547, 65, 33, 192, 64
-0.998548, 201, 241, 264, 256
-0.998549, 169, 91, 232, 106
-0.998549, 221, 323, 252, 338
-0.998549, 137, 393, 168, 408
-0.99855, 77, 359, 108, 374
-0.99855, 73, 249, 136, 264
-0.99855, 21, 137, 52, 152
-0.998551, 137, 311, 168, 326
-0.998552, 213, 191, 244, 206
-0.998552, 265, 43, 328, 58
-0.998552, 97, 375, 160, 390
-0.998553, 125, 351, 156, 366
-0.998553, 105, 185, 168, 200
-0.998554, 121, 381, 152, 396
-0.998555, 209, 323, 240, 338
-0.998556, 221, 263, 252, 278
-0.998556, 257, 161, 320, 176
-0.998557, 245, 323, 276, 338
-0.998557, 25, 333, 88, 348
-0.998557, 141, 193, 172, 208
-0.998558, 133, 153, 164, 168
-0.998558, 93, 347, 124, 362
-0.998558, 229, 253, 260, 268
-0.998558, 193, 287, 256, 302
-0.998559, 157, 367, 188, 382
-0.998559, 145, 301, 208, 316
-0.998559, 137, 147, 168, 162
-0.998559, 201, 201, 264, 216
-0.998559, 169, 79, 232, 94
-0.99856, 193, 277, 224, 292
-0.998561, 205, 267, 236, 282
-0.998561, 197, 355, 228, 370
-0.998562, 205, 185, 236, 200
-0.998562, 85, 375, 116, 390
-0.998562, 49, 379, 80, 394
-0.998562, 105, 135, 168, 150
-0.998562, 129, 209, 160, 224
-0.998563, 309, 317, 340, 332
-0.998565, 269, 323, 300, 338
-0.998566, 153, 289, 216, 304
-0.998567, 185, 363, 248, 378
-0.998567, 221, 269, 252, 284
-0.998567, 225, 165, 256, 180
-0.998568, 101, 381, 132, 396
-0.99857, 45, 323, 76, 338
-0.99857, 185, 99, 216, 114
-0.99857, 225, 95, 256, 110
-0.998571, 69, 305, 100, 320
-0.998571, 33, 305, 64, 320
-0.998572, 237, 277, 268, 292
-0.998572, 65, 279, 128, 294
-0.998573, 113, 171, 144, 186
-0.998573, 185, 385, 216, 400
-0.998573, 85, 383, 116, 398
-0.998574, 133, 333, 164, 348
-0.998574, 105, 325, 168, 340
-0.998574, 133, 187, 164, 202
-0.998575, 197, 325, 228, 340
-0.998575, 81, 317, 112, 332
-0.998576, 293, 333, 324, 348
-0.998577, 209, 87, 240, 102
-0.998577, 185, 325, 216, 340
-0.998579, 113, 351, 144, 366
-0.998579, 237, 113, 268, 128
-0.998581, 149, 141, 180, 156
-0.998581, 117, 155, 148, 170
-0.998582, 209, 315, 240, 330
-0.998583, 1, 385, 32, 400
-0.998583, 149, 347, 180, 362
-0.998584, 197, 335, 228, 350
-0.998584, 49, 329, 80, 344
-0.998586, 249, 99, 280, 114
-0.998586, 1, 377, 32, 392
-0.998587, 133, 161, 164, 176
-0.998588, 33, 357, 64, 372
-0.998589, 133, 181, 164, 196
-0.998589, 245, 309, 276, 324
-0.998589, 1, 327, 32, 342
-0.998591, 229, 317, 260, 332
-0.998591, 153, 199, 184, 214
-0.998592, 285, 271, 316, 286
-0.998593, 81, 323, 112, 338
-0.998594, 321, 359, 352, 374
-0.998596, 149, 335, 180, 350
-0.998597, 81, 283, 112, 298
-0.998603, 141, 381, 172, 396
-0.998605, 81, 259, 112, 274
-0.998608, 81, 305, 112, 320
-0.998609, 81, 333, 112, 348
-0.99861, 321, 365, 352, 380
-0.99861, 197, 383, 228, 398
-0.998611, 1, 321, 32, 336
-0.998615, 193, 361, 224, 376
-0.998618, 93, 329, 124, 344
-0.998618, 37, 331, 68, 346
-0.998619, 45, 387, 76, 402
-0.998623, 281, 321, 312, 336
-0.998623, 129, 201, 160, 216
-0.998624, 121, 163, 152, 178
-0.998626, 205, 93, 236, 108
-0.998628, 33, 129, 64, 384
-0.998632, 141, 199, 172, 214
-0.998632, 81, 291, 112, 306
-0.998636, 89, 359, 120, 374
-0.998637, 241, 141, 272, 156
-0.998637, 217, 185, 248, 200
-0.998637, 141, 327, 172, 342
-0.998639, 137, 305, 168, 320
-0.998641, 213, 251, 244, 266
-0.998642, 313, 327, 344, 342
-0.998644, 81, 311, 112, 326
-0.998645, 257, 317, 288, 332
-0.998647, 237, 177, 268, 192
-0.998649, 185, 391, 216, 406
-0.998651, 321, 273, 352, 288
-0.998652, 221, 307, 252, 322
-0.998653, 193, 271, 224, 286
-0.998654, 89, 353, 120, 368
-0.998655, 49, 1, 80, 256
-0.998655, 69, 311, 100, 326
-0.998655, 93, 257, 124, 272
-0.99866, 229, 247, 260, 262
-0.998662, 237, 171, 268, 186
-0.998665, 261, 271, 292, 286
-0.998668, 105, 161, 136, 176
-0.998668, 237, 161, 268, 176
-0.998677, 181, 319, 212, 334
-0.998679, 137, 387, 168, 402
-0.998689, 1, 225, 32, 480
-0.998691, 241, 271, 272, 286
-0.998693, 129, 195, 160, 210
-0.998729, 147, 145, 162, 272
-0.998732, 293, 321, 324, 336
-0.998742, 151, 337, 166, 464
-0.998774, 141, 289, 156, 416
-0.998808, 151, 289, 166, 416
-0.998819, 97, 321, 112, 448
-0.998834, 157, 305, 172, 432
-0.998838, 145, 353, 160, 480
-0.998844, 219, 209, 234, 336
-0.998859, 141, 129, 156, 256
-0.99887, 241, 225, 256, 352
-0.998876, 241, 145, 256, 272
-0.998893, 337, 337, 352, 464
-0.998894, 211, 241, 226, 368
-0.998915, 201, 273, 216, 400
-0.998923, 241, 97, 256, 224
-0.998923, 161, 113, 176, 240
-0.998932, 231, 257, 246, 384
-0.998934, 133, 145, 148, 272
-0.998947, 169, 113, 184, 240
-0.998947, 21, 97, 52, 352
-0.998949, 145, 241, 160, 368
-0.998956, 125, 145, 140, 272
-0.998958, 103, 305, 118, 432
-0.99897, 99, 225, 114, 352
-0.998973, 173, 65, 188, 192
-0.998975, 231, 81, 246, 208
-0.998976, 167, 65, 182, 192
-0.998978, 95, 273, 110, 400
-0.998988, 199, 321, 214, 448
-0.998994, 195, 273, 210, 400
-0.999009, 221, 161, 236, 288
-0.999009, 251, 129, 266, 256
-0.999014, 223, 257, 238, 384
-0.999014, 135, 289, 150, 416
-0.999019, 179, 81, 194, 208
-0.999037, 1, 33, 354, 96
-0.999037, 91, 353, 106, 480
-0.999038, 213, 177, 228, 304
-0.999039, 137, 193, 152, 320
-0.999043, 235, 145, 250, 272
-0.999044, 105, 257, 120, 384
-0.999055, 191, 353, 206, 480
-0.999057, 89, 305, 104, 432
-0.999062, 5, 305, 20, 432
-0.999065, 11, 289, 26, 416
-0.999073, 283, 273, 298, 400
-0.999074, 161, 65, 176, 192
-0.999077, 47, 305, 62, 432
-0.999077, 83, 305, 98, 432
-0.99908, 151, 97, 166, 224
-0.999082, 223, 81, 238, 208
-0.999083, 107, 353, 122, 480
-0.99909, 77, 241, 92, 368
-0.999096, 209, 81, 224, 208
-0.9991, 339, 289, 354, 416
-0.999101, 205, 321, 220, 448
-0.999106, 315, 257, 330, 384
-0.999106, 293, 273, 308, 400
-0.99911, 87, 225, 102, 352
-0.999111, 217, 65, 232, 192
-0.999114, 267, 257, 282, 384
-0.999116, 329, 337, 344, 464
-0.99912, 331, 289, 346, 416
-0.999127, 233, 209, 248, 336
-0.999133, 159, 353, 174, 480
-0.999134, 225, 209, 240, 336
-0.999142, 303, 273, 318, 400
-0.999145, 205, 225, 220, 352
-0.999145, 25, 289, 40, 416
-0.999153, 17, 129, 32, 256
-0.999159, 47, 129, 62, 256
-0.999163, 247, 225, 262, 352
-0.99917, 119, 129, 134, 256
-0.999172, 217, 257, 232, 384
-0.999172, 185, 65, 200, 192
-0.999176, 259, 289, 274, 416
-0.999177, 133, 97, 148, 224
-0.999177, 321, 257, 336, 384
-0.999178, 275, 257, 290, 384
-0.99918, 257, 145, 272, 272
-0.999183, 229, 161, 244, 288
-0.999185, 77, 129, 92, 256
-0.999189, 225, 33, 240, 160
-0.999192, 41, 305, 56, 432
-0.999192, 53, 129, 68, 256
-0.999193, 247, 353, 262, 480
-0.999196, 93, 97, 108, 224
-0.999198, 153, 161, 168, 288
-0.999198, 303, 33, 318, 160
-0.999201, 61, 129, 76, 256
-0.999202, 199, 65, 214, 192
-0.999216, 249, 177, 264, 304
-0.999218, 323, 65, 338, 192
-0.999219, 273, 113, 288, 240
-0.99922, 115, 321, 130, 448
-0.99922, 111, 225, 126, 352
-0.999221, 309, 289, 324, 416
-0.999224, 119, 177, 134, 304
-0.999229, 131, 337, 146, 464
-0.999231, 109, 177, 124, 304
-0.999233, 69, 81, 84, 208
-0.999233, 263, 129, 278, 256
-0.999236, 53, 305, 68, 432
-0.999238, 35, 305, 50, 432
-0.99924, 33, 129, 48, 256
-0.999242, 99, 177, 114, 304
-0.999242, 93, 209, 108, 336
-0.999243, 221, 305, 236, 432
-0.999244, 17, 289, 32, 416
-0.999246, 65, 33, 192, 96
-0.999246, 207, 33, 222, 160
-0.999246, 161, 161, 176, 288
-0.999246, 211, 289, 226, 416
-0.999252, 289, 321, 304, 448
-0.999252, 87, 97, 102, 224
-0.999254, 67, 129, 82, 256
-0.999255, 237, 273, 252, 400
-0.999255, 11, 129, 26, 256
-0.999261, 279, 321, 294, 448
-0.999262, 139, 353, 154, 480
-0.999269, 231, 33, 246, 160
-0.999271, 331, 97, 346, 224
-0.999274, 63, 1, 78, 128
-0.999278, 111, 129, 126, 256
-0.999281, 131, 193, 146, 320
-0.999282, 47, 353, 62, 480
-0.999285, 125, 337, 140, 464
-0.999285, 39, 129, 54, 256
-0.999287, 189, 289, 204, 416
-0.999287, 247, 81, 262, 208
-0.999289, 297, 65, 312, 192
-0.999291, 59, 81, 74, 208
-0.999298, 269, 305, 284, 432
-0.999368, 61, 33, 92, 288
-0.99956, 81, 1, 208, 64
-0.999676, 243, 133, 258, 148
-0.999678, 95, 359, 110, 374
-0.99968, 271, 91, 286, 106
-0.999681, 91, 305, 106, 320
-0.999683, 171, 343, 186, 358
-0.999684, 207, 355, 222, 370
-0.999688, 151, 125, 166, 140
-0.999689, 87, 279, 102, 294
-0.999689, 217, 191, 232, 206
-0.99969, 103, 327, 118, 342
-0.999693, 203, 295, 218, 310
-0.999694, 251, 321, 266, 336
-0.999696, 201, 265, 216, 280
-0.999697, 47, 351, 62, 366
-0.999698, 315, 273, 330, 288
-0.999699, 231, 305, 246, 320
-0.999705, 139, 209, 154, 224
-0.999707, 109, 165, 124, 180
-0.99971, 99, 165, 114, 180
-0.999711, 105, 387, 120, 402
-0.999715, 117, 351, 132, 366
-0.99972, 219, 91, 234, 106
-0.999722, 269, 313, 284, 328
-0.999723, 105, 381, 120, 396
-0.999724, 249, 99, 264, 114
-0.999726, 91, 291, 106, 306
-0.999729, 233, 95, 248, 110
-0.99973, 213, 91, 228, 106
-0.999731, 239, 99, 254, 114
-0.999734, 243, 271, 258, 286
-0.999736, 75, 311, 90, 326
-0.999737, 37, 133, 52, 148
-0.999739, 261, 141, 276, 156
-0.99974, 153, 309, 168, 324
-0.999745, 157, 199, 172, 214
-0.999745, 97, 285, 112, 300
-0.999748, 89, 351, 104, 366
-0.999748, 133, 213, 148, 228
-0.999753, 115, 357, 130, 372
-0.999759, 151, 141, 166, 156
-0.999765, 133, 203, 148, 218
-0.999765, 49, 323, 64, 338
-0.999766, 195, 295, 210, 310
-0.999766, 1, 387, 16, 402
-0.999771, 87, 285, 102, 300
-0.999779, 145, 201, 160, 216
-0.999779, 281, 273, 296, 288
-0.99978, 147, 249, 162, 264
-0.99978, 263, 271, 278, 286
-0.99978, 81, 285, 96, 300
-0.999782, 129, 171, 144, 186
-0.999789, 1, 355, 16, 370
-0.999798, 321, 273, 336, 288
-0.999801, 199, 363, 214, 378
-0.999801, 147, 377, 162, 392
-0.999803, 339, 337, 354, 352
-0.999806, 227, 321, 242, 336
-0.999807, 151, 199, 166, 214
-0.99981, 251, 271, 266, 286
-0.999811, 209, 97, 224, 112
-0.999813, 241, 241, 256, 256
-0.999814, 83, 305, 98, 320
-0.999815, 257, 321, 272, 336
-0.999815, 17, 49, 144, 112
-0.999815, 147, 193, 162, 208
-0.999817, 47, 357, 62, 372
-0.999818, 281, 153, 296, 168
-0.999824, 219, 185, 234, 200
-0.999827, 229, 315, 244, 330
-0.999832, 247, 167, 262, 182
-0.999837, 97, 291, 112, 306
-0.999844, 145, 335, 160, 350
-0.999845, 189, 391, 204, 406
-0.999848, 145, 145, 160, 160
-0.999851, 223, 307, 238, 322
-0.999851, 3, 321, 18, 336
-0.999852, 49, 379, 64, 394
-0.999852, 197, 353, 212, 368
-0.999855, 241, 253, 256, 268
-0.999857, 147, 303, 162, 318
-0.999858, 193, 319, 208, 334
-0.999859, 131, 161, 146, 176
-0.999863, 85, 1, 116, 256
-0.999864, 253, 163, 268, 178
-0.999869, 243, 141, 258, 156
-0.999872, 135, 153, 150, 168
-0.999875, 95, 353, 110, 368
-0.999879, 263, 317, 278, 332
-0.999879, 339, 359, 354, 374
-0.999882, 1, 349, 16, 364
-0.999884, 223, 251, 238, 266
-0.999887, 257, 271, 272, 286
-0.999891, 299, 321, 314, 336
-0.999897, 241, 179, 256, 194
-0.999904, 141, 305, 156, 320
-0.999904, 287, 273, 302, 288
-0.999911, 3, 329, 18, 344
-0.999915, 339, 327, 354, 342
-0.999918, 233, 257, 248, 272
-0.999919, 243, 113, 258, 128
-0.999919, 49, 331, 64, 346
-0.999932, 155, 381, 170, 396
-0.999937, 201, 319, 216, 334
-0.999937, 191, 383, 206, 398
-0.99994, 49, 387, 64, 402
-0.999943, 135, 197, 150, 212
-0.999943, 3, 377, 18, 392
-0.999948, 207, 267, 222, 282
-0.999948, 233, 247, 248, 262
-0.999949, 101, 257, 116, 272
-0.999955, 109, 159, 124, 174
-0.999983, 95, 257, 110, 272
-0.999986, 153, 325, 168, 340
-0.999988, 221, 315, 236, 330
-0.999996, 339, 367, 354, 382
-1.00001, 95, 333, 110, 348
-1.00001, 293, 321, 308, 336
-1.00001, 153, 391, 168, 406
-1.00003, 309, 321, 324, 336
-1.00004, 117, 161, 132, 176
-1.00004, 201, 335, 216, 350
-1.00005, 123, 163, 138, 178
-1.00005, 315, 323, 330, 338
-1.00005, 95, 325, 110, 340
-1.00007, 83, 311, 98, 326
-1.00012, 253, 139, 268, 154
-1.00013, 201, 325, 216, 340
-1.00014, 241, 161, 256, 176
-1.00015, 241, 167, 256, 182
-1.00015, 145, 385, 160, 400
-1.0003, 287, 321, 302, 336
-1.00035, 197, 271, 212, 286
