1969
-0.258921, 1, 1, 500, 375
-0.353716, 1, 97, 500, 352
-0.44198, 161, 1, 416, 375
-0.520986, 65, 1, 320, 375
-0.527056, 257, 1, 500, 375
-0.573618, 33, 97, 288, 352
-0.596311, 1, 1, 500, 256
-0.608144, 161, 129, 416, 375
-0.645107, 129, 33, 384, 288
-0.658153, 257, 129, 500, 375
-0.713798, 225, 1, 480, 256
-0.755124, 33, 1, 288, 256
-0.848701, 65, 97, 192, 352
-0.854211, 17, 97, 144, 352
-0.859477, 241, 1, 368, 375
-0.862031, 161, 97, 288, 352
-0.868737, 177, 1, 304, 375
-0.87029, 1, 129, 500, 256
-0.875288, 65, 1, 192, 375
-0.876737, 273, 97, 400, 352
-0.881866, 1, 193, 500, 320
-0.88454, 225, 1, 352, 256
-0.885759, 113, 129, 240, 375
-0.887129, 17, 1, 144, 375
-0.887239, 337, 1, 464, 375
-0.888888, 113, 1, 240, 375
-0.893703, 289, 1, 416, 375
-0.897849, 225, 97, 352, 352
-0.898381, 33, 177, 288, 304
-0.902687, 113, 1, 240, 256
-0.903826, 369, 129, 496, 375
-0.904229, 1, 49, 500, 176
-0.908405, 33, 129, 288, 256
-0.909847, 257, 193, 500, 320
-0.909867, 129, 225, 384, 352
-0.911093, 161, 177, 416, 304
-0.912626, 321, 65, 448, 320
-0.913762, 1, 241, 500, 368
-0.913768, 129, 113, 384, 240
-0.915693, 33, 1, 160, 256
-0.918696, 177, 177, 304, 304
-0.92273, 217, 177, 280, 304
-0.92507, 193, 17, 448, 144
-0.925339, 17, 113, 144, 240
-0.927488, 33, 81, 288, 208
-0.928415, 177, 1, 304, 256
-0.930393, 161, 177, 224, 304
-0.930421, 65, 145, 192, 272
-0.932861, 113, 161, 240, 288
-0.934806, 137, 161, 200, 288
-0.934898, 185, 177, 248, 304
-0.937181, 257, 145, 500, 272
-0.937268, 89, 113, 152, 240
-0.937475, 129, 209, 256, 336
-0.939149, 241, 177, 304, 304
-0.939295, 369, 33, 496, 288
-0.939664, 257, 177, 384, 304
-0.93969, 105, 161, 168, 288
-0.940399, 209, 1, 336, 128
-0.940807, 25, 113, 88, 240
-0.940879, 1, 161, 128, 288
-0.941445, 273, 1, 400, 256
-0.942101, 65, 129, 128, 256
-0.942975, 201, 97, 264, 224
-0.944224, 129, 65, 384, 192
-0.945684, 193, 225, 320, 352
-0.94759, 65, 97, 192, 224
-0.947656, 353, 209, 480, 336
-0.947788, 17, 193, 80, 320
-0.94815, 49, 193, 176, 320
-0.948407, 1, 1, 500, 128
-0.94894, 1, 129, 64, 256
-0.949461, 113, 81, 240, 208
-0.949828, 177, 129, 304, 256
-0.950285, 193, 49, 256, 176
-0.950766, 241, 129, 368, 256
-0.950837, 121, 209, 184, 336
-0.950947, 49, 81, 112, 208
-0.951342, 249, 1, 312, 128
-0.951614, 81, 177, 144, 304
-0.953373, 177, 129, 240, 256
-0.954364, 217, 17, 280, 144
-0.955103, 409, 209, 472, 336
-0.955982, 241, 225, 304, 352
-0.9573, 257, 97, 500, 224
-0.957524, 41, 161, 104, 288
-0.957793, 193, 49, 320, 176
-0.957838, 161, 225, 224, 352
-0.958095, 113, 113, 176, 240
-0.958194, 33, 33, 288, 160
-0.959024, 177, 201, 304, 264
-0.959031, 265, 193, 328, 320
-0.959828, 1, 209, 128, 336
-0.960527, 321, 177, 384, 304
-0.960714, 297, 113, 360, 240
-0.961106, 1, 225, 256, 352
-0.961659, 121, 185, 184, 248
-0.96222, 201, 225, 264, 352
-0.962308, 185, 201, 248, 264
-0.962837, 297, 49, 360, 176
-0.963161, 145, 185, 208, 248
-0.963402, 33, 153, 96, 216
-0.963404, 257, 241, 500, 368
-0.963954, 225, 193, 288, 256
-0.964019, 233, 241, 296, 304
-0.964566, 137, 209, 200, 272
-0.964684, 33, 105, 96, 168
-0.964734, 89, 105, 152, 168
-0.96474, 1, 137, 64, 200
-0.964975, 185, 81, 248, 144
-0.965031, 265, 145, 328, 272
-0.965154, 193, 169, 256, 232
-0.965272, 305, 177, 432, 304
-0.965371, 89, 185, 152, 248
-0.96563, 49, 129, 176, 192
-0.965955, 41, 193, 104, 256
-0.96616, 105, 129, 168, 192
-0.966439, 257, 33, 384, 160
-0.966488, 65, 129, 128, 192
-0.966636, 321, 129, 448, 256
-0.966639, 17, 105, 144, 168
-0.966961, 65, 105, 128, 168
-0.967138, 177, 241, 240, 304
-0.967463, 121, 161, 184, 224
-0.967494, 169, 177, 232, 240
-0.967532, 201, 65, 232, 192
-0.96754, 245, 177, 276, 304
-0.967561, 25, 129, 88, 192
-0.967672, 213, 33, 244, 160
-0.967751, 345, 193, 408, 320
-0.967887, 17, 209, 80, 272
-0.967951, 65, 185, 128, 248
-0.967983, 425, 161, 488, 288
-0.968026, 217, 25, 280, 88
-0.968534, 169, 65, 232, 192
-0.968548, 17, 65, 144, 192
-0.9686, 377, 209, 440, 336
-0.96868, 205, 193, 236, 320
-0.968848, 201, 241, 264, 304
-0.969196, 9, 161, 72, 224
-0.969308, 57, 209, 120, 336
-0.969611, 1, 185, 64, 248
-0.969777, 81, 209, 208, 272
-0.97001, 289, 161, 352, 224
-0.970182, 273, 1, 336, 128
-0.970392, 201, 49, 264, 112
-0.970472, 201, 105, 264, 168
-0.970521, 1, 193, 128, 256
-0.970576, 1, 241, 64, 368
-0.970697, 225, 177, 256, 304
-0.970726, 409, 217, 472, 280
-0.97093, 369, 161, 496, 288
-0.970933, 1, 161, 128, 224
-0.971006, 233, 217, 296, 280
-0.971052, 289, 161, 352, 288
-0.971056, 329, 193, 392, 256
-0.971125, 193, 65, 256, 320
-0.97126, 257, 193, 288, 320
-0.971327, 1, 137, 128, 200
-0.971574, 113, 209, 176, 272
-0.971603, 145, 161, 208, 224
-0.971662, 113, 177, 240, 240
-0.971739, 189, 177, 220, 304
-0.971777, 177, 241, 304, 304
-0.971784, 197, 73, 228, 136
-0.971921, 133, 161, 164, 288
-0.972108, 81, 97, 144, 352
-0.972238, 121, 177, 152, 240
-0.972397, 121, 177, 152, 304
-0.972462, 225, 65, 288, 192
-0.972721, 209, 57, 240, 120
-0.972722, 105, 97, 168, 352
-0.972821, 145, 233, 208, 296
-0.972899, 65, 161, 128, 224
-0.972971, 17, 129, 48, 256
-0.973009, 161, 209, 224, 272
-0.973044, 321, 65, 384, 192
-0.973164, 265, 193, 328, 256
-0.973264, 129, 201, 256, 264
-0.973275, 25, 97, 88, 352
-0.973361, 361, 209, 424, 272
-0.973402, 201, 97, 232, 160
-0.973426, 145, 193, 176, 320
-0.973483, 225, 129, 288, 256
-0.973511, 257, 225, 320, 288
-0.973517, 1, 217, 128, 280
-0.973721, 153, 185, 184, 248
-0.973729, 17, 233, 80, 296
-0.973854, 5, 145, 36, 272
-0.973963, 65, 185, 192, 248
-0.973969, 233, 169, 296, 232
-0.974062, 205, 113, 236, 240
-0.974264, 1, 1, 64, 64
-0.97427, 89, 153, 152, 216
-0.974276, 241, 225, 368, 352
-0.974316, 133, 113, 164, 240
-0.974366, 41, 217, 104, 280
-0.974434, 137, 273, 200, 336
-0.974438, 281, 17, 344, 80
-0.974642, 89, 209, 152, 272
-0.97465, 169, 161, 200, 288
-0.974704, 85, 129, 116, 256
-0.974713, 225, 129, 288, 375
-0.97472, 257, 177, 384, 240
-0.974727, 321, 97, 384, 160
-0.974772, 269, 209, 300, 336
-0.974817, 1, 129, 64, 375
-0.97485, 97, 97, 128, 224
-0.974943, 225, 89, 288, 152
-0.974979, 101, 105, 132, 168
-0.97507, 329, 113, 392, 240
-0.975096, 305, 49, 432, 176
-0.975113, 65, 161, 96, 288
-0.975125, 65, 209, 128, 272
-0.975138, 193, 129, 256, 192
-0.975161, 209, 217, 272, 280
-0.975347, 241, 17, 304, 80
-0.975366, 257, 257, 320, 320
-0.975442, 353, 217, 480, 280
-0.975453, 289, 121, 352, 184
-0.975477, 297, 1, 360, 256
-0.975551, 129, 233, 256, 296
-0.975652, 57, 81, 120, 144
-0.9758, 17, 193, 48, 256
-0.97586, 305, 185, 368, 248
-0.975929, 153, 113, 216, 240
-0.975951, 257, 169, 320, 232
-0.97598, 385, 225, 448, 288
-0.976217, 133, 193, 164, 256
-0.976287, 57, 97, 120, 352
-0.976302, 17, 137, 48, 200
-0.976312, 53, 97, 84, 224
-0.976318, 297, 57, 360, 120
-0.976365, 209, 17, 336, 80
-0.976444, 41, 97, 72, 224
-0.976464, 133, 137, 164, 200
-0.976499, 89, 121, 120, 184
-0.976532, 37, 145, 68, 272
-0.976545, 25, 193, 56, 320
-0.976561, 49, 241, 176, 368
-0.976642, 73, 65, 136, 192
-0.976687, 89, 89, 120, 152
-0.976698, 189, 201, 220, 264
-0.976709, 113, 33, 240, 160
-0.976713, 157, 177, 188, 304
-0.977074, 153, 121, 216, 184
-0.977277, 65, 105, 192, 168
-0.977493, 41, 105, 72, 168
-0.977506, 129, 97, 256, 160
-0.977622, 129, 129, 192, 375
-0.977646, 273, 201, 400, 264
-0.977747, 313, 97, 376, 352
-0.977912, 9, 105, 72, 168
-0.977978, 217, 1, 280, 256
-0.977992, 1, 1, 64, 128
-0.97808, 213, 89, 244, 152
-0.97815, 37, 161, 68, 224
-0.978189, 161, 273, 224, 336
-0.978247, 49, 153, 176, 216
-0.978298, 329, 137, 392, 200
-0.97832, 169, 217, 200, 280
-0.978321, 57, 193, 88, 256
-0.978381, 81, 81, 112, 208
-0.978405, 97, 137, 224, 200
-0.978424, 1, 209, 32, 336
-0.97845, 265, 241, 296, 304
-0.978454, 113, 113, 144, 240
-0.978469, 121, 249, 184, 312
-0.978519, 173, 177, 204, 240
-0.978563, 5, 145, 36, 208
-0.978583, 65, 113, 96, 240
-0.978698, 21, 225, 52, 288
-0.978759, 129, 137, 192, 200
-0.978807, 385, 161, 448, 288
-0.978834, 1, 225, 32, 288
-0.978834, 297, 97, 360, 160
-0.978844, 393, 193, 456, 256
-0.978927, 217, 113, 248, 240
-0.979052, 229, 25, 260, 88
-0.979083, 177, 105, 240, 168
-0.979157, 89, 185, 120, 248
-0.979186, 241, 81, 368, 208
-0.979231, 225, 225, 352, 288
-0.979331, 177, 177, 304, 240
-0.979506, 1, 257, 64, 320
-0.979548, 185, 241, 216, 304
-0.979564, 177, 49, 240, 112
-0.979579, 281, 249, 344, 312
-0.979615, 173, 209, 204, 336
-0.97962, 37, 209, 68, 272
-0.979705, 225, 65, 288, 128
-0.979813, 193, 129, 320, 192
-0.979847, 257, 97, 320, 224
-0.979858, 109, 185, 140, 248
-0.979881, 169, 129, 232, 375
-0.979902, 217, 33, 248, 96
-0.979908, 213, 201, 244, 264
-0.979961, 161, 81, 224, 144
-0.980075, 217, 129, 280, 192
-0.980133, 5, 169, 36, 232
-0.980216, 169, 153, 232, 216
-0.980297, 197, 177, 228, 240
-0.980343, 1, 289, 64, 352
-0.980417, 433, 145, 496, 208
-0.98045, 241, 129, 304, 192
-0.980527, 433, 193, 496, 256
-0.980557, 233, 193, 264, 256
-0.980594, 29, 129, 60, 192
-0.980664, 69, 193, 100, 256
-0.980884, 141, 161, 172, 224
-0.980905, 97, 233, 160, 296
-0.981057, 249, 129, 312, 375
-0.981131, 321, 73, 384, 136
-0.981155, 221, 241, 252, 304
-0.981231, 177, 73, 304, 136
-0.981238, 17, 169, 48, 232
-0.981372, 249, 241, 280, 304
-0.981426, 265, 129, 328, 192
-0.98143, 217, 121, 248, 184
-0.98144, 145, 129, 176, 256
-0.981505, 281, 1, 312, 128
-0.981573, 177, 153, 304, 216
-0.981702, 1, 313, 64, 375
-0.981718, 257, 193, 288, 256
-0.981725, 237, 241, 268, 304
-0.981745, 433, 305, 496, 368
-0.981799, 73, 113, 104, 176
-0.981822, 325, 49, 356, 176
-0.981828, 281, 225, 344, 288
-0.981872, 433, 217, 496, 280
-0.981976, 313, 161, 376, 224
-0.981976, 105, 161, 136, 288
-0.981996, 205, 121, 236, 184
-0.982036, 401, 289, 464, 352
-0.982061, 297, 1, 360, 128
-0.982113, 409, 241, 472, 304
-0.982122, 253, 1, 284, 128
-0.982201, 49, 153, 80, 216
-0.982208, 409, 145, 472, 208
-0.982407, 281, 97, 344, 352
-0.982588, 321, 49, 384, 112
-0.982594, 201, 241, 232, 304
-0.982698, 425, 129, 488, 375
-0.982772, 229, 169, 260, 232
-0.982854, 97, 65, 224, 128
-0.982896, 97, 241, 160, 368
-0.982921, 433, 241, 496, 368
-0.983045, 233, 17, 264, 144
-0.983076, 97, 257, 160, 320
-0.983078, 185, 265, 248, 328
-0.983083, 97, 65, 160, 192
-0.983103, 185, 177, 216, 240
-0.983213, 53, 177, 84, 304
-0.983217, 433, 241, 496, 304
-0.98329, 25, 257, 88, 320
-0.983403, 145, 129, 272, 192
-0.983428, 169, 17, 232, 80
-0.983442, 289, 209, 352, 336
-0.98345, 193, 1, 256, 375
-0.983484, 437, 193, 468, 320
-0.983487, 265, 241, 328, 368
-0.983526, 433, 121, 496, 184
-0.983549, 105, 297, 168, 360
-0.983711, 65, 161, 96, 224
-0.983782, 221, 225, 252, 352
-0.983843, 273, 1, 336, 256
-0.983855, 257, 145, 288, 272
-0.983862, 425, 169, 488, 232
-0.983903, 329, 73, 360, 136
-0.983951, 61, 121, 92, 184
-0.983992, 113, 121, 144, 184
-0.984006, 409, 265, 472, 328
-0.984012, 113, 105, 176, 168
-0.984014, 337, 65, 400, 320
-0.984018, 337, 129, 368, 256
-0.984033, 305, 17, 368, 80
-0.984111, 81, 81, 144, 144
-0.984213, 105, 81, 168, 144
-0.984267, 233, 265, 296, 328
-0.98434, 409, 121, 472, 184
-0.984521, 121, 201, 152, 264
-0.984541, 177, 49, 304, 112
-0.984547, 213, 169, 244, 232
-0.984547, 433, 265, 496, 328
-0.984574, 193, 1, 256, 128
-0.984585, 249, 97, 312, 160
-0.984588, 65, 1, 128, 256
-0.98469, 25, 281, 88, 344
-0.984741, 189, 225, 220, 352
-0.984755, 345, 81, 408, 144
-0.984767, 73, 233, 136, 296
-0.984771, 153, 41, 216, 104
-0.984784, 225, 201, 352, 264
-0.984796, 241, 129, 368, 192
-0.984814, 229, 217, 260, 280
-0.984824, 245, 225, 276, 352
-0.984873, 265, 41, 328, 104
-0.984995, 297, 281, 360, 344
-0.985016, 369, 185, 432, 248
-0.985017, 17, 1, 48, 64
-0.985048, 353, 169, 480, 232
-0.9851, 25, 65, 88, 192
-0.985134, 89, 1, 152, 256
-0.985176, 313, 113, 344, 240
-0.985212, 225, 1, 288, 375
-0.985224, 261, 217, 292, 280
-0.985236, 273, 161, 304, 288
-0.985237, 157, 209, 188, 272
-0.985242, 273, 81, 336, 144
-0.985257, 389, 217, 420, 280
-0.985286, 193, 25, 256, 88
-0.985325, 297, 313, 360, 375
-0.985342, 337, 25, 400, 88
-0.985355, 145, 209, 176, 272
-0.98537, 249, 1, 312, 375
-0.985371, 457, 225, 488, 352
-0.985498, 241, 41, 304, 104
-0.985519, 321, 1, 384, 375
-0.985521, 201, 201, 232, 264
-0.98554, 245, 193, 276, 256
-0.985542, 233, 225, 264, 352
-0.985605, 401, 129, 464, 375
-0.985612, 193, 129, 224, 256
-0.985636, 37, 193, 68, 320
-0.98572, 321, 193, 448, 256
-0.985799, 233, 97, 264, 224
-0.985901, 153, 161, 184, 224
-0.985954, 393, 169, 456, 232
-0.985978, 341, 193, 372, 256
-0.985997, 29, 97, 60, 224
-0.985999, 1, 81, 64, 208
-0.986013, 333, 177, 364, 304
-0.986027, 241, 1, 304, 256
-0.98606, 101, 137, 132, 200
-0.986108, 13, 225, 44, 352
-0.986162, 133, 209, 164, 336
-0.986209, 169, 1, 232, 375
-0.986217, 65, 1, 128, 375
-0.986249, 257, 25, 384, 88
-0.986272, 361, 305, 424, 368
-0.986274, 33, 81, 96, 144
-0.986318, 317, 161, 348, 224
-0.986397, 149, 241, 180, 368
-0.986398, 417, 81, 480, 144
-0.986419, 73, 137, 104, 200
-0.98643, 273, 217, 304, 280
-0.986436, 433, 1, 496, 64
-0.98644, 193, 1, 256, 64
-0.986449, 133, 113, 164, 176
-0.986457, 77, 177, 108, 304
-0.986483, 169, 33, 232, 288
-0.986541, 265, 1, 296, 128
-0.986576, 225, 89, 352, 152
-0.986581, 417, 49, 480, 112
-0.986663, 241, 17, 272, 80
-0.986671, 1, 1, 32, 128
-0.986679, 357, 201, 388, 264
-0.98672, 113, 145, 144, 208
-0.986733, 325, 129, 356, 256
-0.986773, 273, 1, 336, 375
-0.986773, 17, 81, 144, 144
-0.986779, 97, 209, 128, 272
-0.986799, 41, 1, 104, 256
-0.986836, 105, 1, 168, 375
-0.986838, 129, 33, 192, 288
-0.986849, 429, 217, 460, 280
-0.986894, 337, 1, 400, 128
-0.986971, 53, 217, 84, 280
-0.987, 281, 193, 312, 256
-0.987026, 317, 113, 348, 176
-0.987028, 241, 169, 272, 232
-0.98705, 145, 273, 272, 336
-0.987088, 369, 113, 496, 240
-0.987158, 41, 1, 104, 375
-0.987203, 369, 193, 496, 256
-0.987295, 241, 153, 368, 216
-0.987314, 169, 17, 232, 144
-0.987334, 313, 9, 344, 72
-0.987434, 297, 1, 360, 375
-0.987473, 49, 129, 80, 192
-0.987481, 1, 1, 64, 256
-0.987491, 449, 145, 480, 272
-0.98758, 37, 185, 68, 248
-0.987602, 405, 225, 436, 288
-0.987703, 325, 185, 356, 248
-0.987773, 297, 17, 328, 80
-0.987854, 97, 125, 160, 156
-0.987875, 377, 209, 408, 272
-0.987925, 201, 153, 232, 216
-0.987983, 361, 97, 424, 352
-0.98802, 161, 1, 288, 128
-0.988033, 221, 57, 252, 120
-0.988043, 145, 197, 208, 228
-0.988049, 373, 193, 404, 320
-0.988078, 337, 1, 464, 128
-0.988094, 229, 97, 260, 160
-0.988155, 185, 97, 216, 160
-0.988168, 417, 81, 480, 208
-0.98819, 457, 233, 488, 296
-0.988224, 137, 1, 200, 375
-0.988235, 9, 165, 72, 196
-0.988282, 133, 217, 164, 280
-0.988293, 145, 249, 176, 312
-0.988295, 265, 169, 296, 232
-0.988387, 241, 217, 272, 280
-0.988388, 65, 185, 320, 248
-0.988389, 177, 105, 304, 168
-0.988393, 173, 241, 204, 304
-0.988399, 137, 209, 200, 240
-0.988413, 5, 1, 36, 64
-0.988441, 353, 241, 480, 304
-0.988504, 405, 209, 436, 336
-0.988514, 105, 185, 168, 216
-0.988548, 105, 201, 168, 232
-0.988598, 189, 65, 220, 192
-0.988673, 193, 265, 320, 328
-0.988707, 461, 145, 492, 208
-0.988731, 49, 257, 176, 320
-0.988734, 13, 1, 44, 128
-0.988749, 101, 161, 132, 224
-0.988817, 185, 85, 248, 116
-0.988829, 85, 145, 116, 208
-0.98883, 85, 209, 116, 272
-0.988843, 441, 201, 472, 264
-0.988891, 65, 217, 96, 280
-0.988934, 329, 49, 360, 112
-0.988987, 273, 49, 336, 176
-0.989, 193, 169, 256, 200
-0.989057, 425, 33, 488, 288
-0.989092, 9, 249, 40, 312
-0.989151, 281, 257, 312, 320
-0.989205, 93, 177, 124, 304
-0.989207, 337, 305, 464, 368
-0.98921, 257, 57, 384, 120
-0.989225, 65, 109, 128, 140
-0.98925, 161, 185, 224, 216
-0.989265, 137, 185, 200, 216
-0.989307, 321, 137, 448, 200
-0.989346, 433, 1, 496, 128
-0.989349, 185, 205, 248, 236
-0.989357, 65, 193, 128, 224
-0.989374, 161, 193, 416, 256
-0.989378, 61, 89, 92, 152
-0.989411, 197, 17, 228, 144
-0.989487, 345, 97, 376, 160
-0.989489, 77, 89, 108, 152
-0.98949, 389, 209, 420, 336
-0.989548, 137, 221, 200, 252
-0.989553, 225, 201, 288, 232
-0.989578, 1, 1, 64, 375
-0.989592, 193, 117, 256, 148
-0.989592, 281, 225, 312, 352
-0.989592, 25, 133, 88, 164
-0.989609, 17, 213, 80, 244
-0.989699, 193, 69, 256, 100
-0.989723, 129, 161, 384, 224
-0.989744, 181, 113, 212, 240
-0.989802, 353, 145, 416, 272
-0.989807, 1, 149, 64, 180
-0.989813, 285, 17, 316, 80
-0.989815, 417, 225, 448, 288
-0.989902, 33, 157, 96, 188
-0.989924, 105, 141, 168, 172
-0.98993, 245, 129, 276, 256
-0.989944, 285, 161, 316, 288
-0.989947, 289, 113, 416, 176
-0.990012, 345, 177, 376, 304
-0.990017, 177, 245, 240, 276
-0.990049, 97, 273, 224, 336
-0.990097, 57, 129, 120, 160
-0.990125, 337, 137, 368, 200
-0.990132, 253, 169, 284, 232
-0.990133, 113, 97, 144, 160
-0.99014, 185, 189, 248, 220
-0.990144, 197, 49, 228, 112
-0.990157, 241, 241, 304, 272
-0.990222, 121, 173, 184, 204
-0.990264, 345, 65, 376, 192
-0.990294, 17, 225, 80, 256
-0.990332, 169, 273, 200, 336
-0.99036, 313, 197, 376, 228
-0.990407, 33, 145, 96, 176
-0.99041, 41, 117, 104, 148
-0.990418, 65, 209, 96, 336
-0.990446, 81, 233, 208, 296
-0.990466, 1, 129, 256, 192
-0.9905, 193, 105, 256, 136
-0.990523, 217, 29, 280, 60
-0.990528, 65, 97, 128, 128
-0.990543, 201, 241, 264, 272
-0.990636, 81, 209, 144, 240
-0.990662, 77, 169, 108, 232
-0.990674, 33, 201, 96, 232
-0.990704, 65, 157, 128, 188
-0.990715, 401, 1, 464, 375
-0.990717, 65, 209, 320, 272
-0.990721, 209, 189, 272, 220
-0.99075, 289, 177, 352, 208
-0.99076, 273, 209, 336, 240
-0.990812, 289, 241, 416, 368
-0.990816, 225, 161, 288, 192
-0.990819, 101, 81, 132, 144
-0.990839, 117, 233, 148, 296
-0.990864, 273, 229, 336, 260
-0.990868, 161, 209, 224, 240
-0.990876, 177, 233, 240, 264
-0.990889, 265, 17, 296, 80
-0.990902, 5, 193, 36, 256
-0.990921, 81, 181, 144, 212
-0.99094, 41, 221, 104, 252
-0.990945, 257, 193, 500, 256
-0.990945, 233, 225, 296, 256
-0.990951, 461, 129, 492, 256
-0.990961, 25, 185, 88, 216
-0.990968, 425, 209, 456, 336
-0.990981, 289, 169, 320, 232
-0.990983, 401, 229, 464, 260
-0.991015, 217, 105, 280, 136
-0.991045, 1, 1, 128, 64
-0.991098, 57, 141, 120, 172
-0.991104, 345, 205, 408, 236
-0.991108, 41, 169, 104, 200
-0.991136, 109, 209, 140, 272
-0.991138, 145, 237, 208, 268
-0.991141, 81, 141, 144, 172
-0.991147, 65, 49, 192, 176
-0.991166, 193, 157, 256, 188
-0.991173, 241, 21, 304, 52
-0.991181, 269, 113, 300, 240
-0.991198, 297, 121, 360, 152
-0.991206, 257, 241, 288, 368
-0.991234, 253, 17, 284, 80
-0.991239, 361, 193, 392, 320
-0.991241, 289, 153, 352, 184
-0.991282, 141, 197, 172, 228
-0.991309, 33, 97, 288, 160
-0.991317, 201, 53, 264, 84
-0.991318, 1, 137, 64, 168
-0.991321, 433, 1, 496, 375
-0.991322, 265, 197, 328, 228
-0.991328, 369, 65, 496, 192
-0.991335, 161, 25, 288, 88
-0.991394, 369, 217, 432, 248
-0.991396, 265, 129, 296, 192
-0.991402, 289, 25, 352, 56
-0.991406, 9, 197, 72, 228
-0.991416, 113, 217, 176, 248
-0.991434, 217, 117, 280, 148
-0.991439, 89, 153, 152, 184
-0.991454, 1, 5, 64, 36
-0.991455, 277, 169, 308, 232
-0.991481, 153, 281, 216, 312
-0.991493, 1, 153, 256, 216
-0.991534, 193, 129, 256, 160
-0.991561, 201, 105, 232, 136
-0.991587, 273, 225, 400, 288
-0.991593, 177, 221, 240, 252
-0.9916, 209, 81, 272, 112
-0.991611, 193, 145, 256, 176
-0.991612, 209, 41, 272, 72
-0.991613, 289, 165, 352, 196
-0.991614, 305, 57, 432, 120
-0.991628, 257, 261, 320, 292
-0.991639, 89, 113, 152, 144
-0.991647, 417, 201, 448, 264
-0.991649, 321, 109, 384, 140
-0.991713, 225, 213, 288, 244
-0.991721, 257, 217, 500, 280
-0.991722, 305, 89, 432, 152
-0.991729, 265, 21, 328, 52
-0.991731, 289, 189, 352, 220
-0.991752, 233, 73, 264, 136
-0.991762, 97, 241, 352, 304
-0.991773, 145, 173, 208, 204
-0.991782, 385, 33, 448, 288
-0.991784, 121, 181, 152, 212
-0.991789, 29, 105, 60, 168
-0.991789, 241, 249, 368, 312
-0.99179, 65, 169, 128, 200
-0.991811, 369, 1, 432, 375
-0.991834, 289, 133, 352, 164
-0.991851, 297, 97, 360, 128
-0.991853, 209, 61, 240, 92
-0.991896, 25, 105, 88, 136
-0.991926, 233, 185, 296, 216
-0.991947, 249, 157, 312, 188
-0.99196, 257, 169, 500, 232
-0.99197, 169, 113, 232, 144
-0.991988, 437, 249, 468, 312
-0.991993, 157, 129, 188, 256
-0.991996, 225, 93, 288, 124
-0.99201, 201, 229, 264, 260
-0.992016, 441, 129, 472, 192
-0.992025, 233, 261, 296, 292
-0.992025, 197, 89, 228, 120
-0.992071, 169, 69, 232, 100
-0.992105, 297, 65, 360, 96
-0.99211, 145, 153, 208, 184
-0.992128, 153, 249, 216, 280
-0.992145, 401, 213, 464, 244
-0.992187, 217, 121, 248, 152
-0.992188, 169, 213, 200, 244
-0.992197, 89, 105, 120, 136
-0.992201, 5, 153, 36, 184
-0.992223, 113, 201, 144, 232
-0.992253, 157, 209, 188, 240
-0.992257, 177, 273, 240, 304
-0.992262, 197, 77, 228, 108
-0.992274, 321, 97, 384, 128
-0.9923, 93, 189, 124, 220
-0.992331, 129, 281, 192, 312
-0.992332, 17, 237, 80, 268
-0.992336, 153, 189, 184, 220
-0.992353, 53, 161, 84, 192
-0.992367, 313, 149, 376, 180
-0.992382, 89, 97, 152, 128
-0.992398, 21, 193, 52, 224
-0.9924, 37, 213, 68, 244
-0.992411, 209, 265, 272, 296
-0.992417, 297, 53, 360, 84
-0.992434, 129, 125, 160, 156
-0.992436, 161, 129, 416, 192
-0.992438, 169, 153, 232, 184
-0.992441, 57, 201, 88, 232
-0.992452, 113, 153, 176, 184
-0.992462, 17, 257, 80, 288
-0.992466, 101, 117, 132, 148
-0.992473, 185, 189, 216, 220
-0.992482, 297, 13, 360, 44
-0.992485, 433, 153, 496, 184
-0.992499, 89, 93, 120, 124
-0.992508, 33, 157, 64, 188
-0.992528, 129, 253, 192, 284
-0.992529, 313, 161, 376, 192
-0.992548, 169, 185, 200, 216
-0.992562, 345, 1, 408, 375
-0.992564, 189, 205, 220, 236
-0.992576, 257, 169, 320, 200
-0.992579, 1, 225, 500, 288
-0.992583, 345, 217, 408, 248
-0.992589, 141, 185, 172, 216
-0.992656, 177, 261, 240, 292
-0.992666, 425, 225, 488, 256
-0.992674, 49, 85, 112, 116
-0.992685, 169, 197, 200, 228
-0.992705, 153, 141, 216, 172
-0.992715, 281, 257, 344, 288
-0.992729, 89, 129, 120, 160
-0.992749, 137, 269, 200, 300
-0.992757, 225, 197, 256, 228
-0.992775, 121, 129, 184, 160
-0.992778, 305, 77, 368, 108
-0.992779, 409, 165, 472, 196
-0.992792, 1, 181, 32, 212
-0.9928, 1, 337, 64, 368
-0.992803, 337, 85, 400, 116
-0.992806, 69, 117, 100, 148
-0.992807, 217, 129, 280, 160
-0.992807, 249, 209, 312, 240
-0.992812, 193, 25, 448, 88
-0.992814, 213, 73, 244, 104
-0.992824, 297, 109, 360, 140
-0.992834, 213, 97, 244, 128
-0.992835, 13, 169, 44, 200
-0.992839, 209, 197, 240, 228
-0.992841, 293, 113, 324, 240
-0.992855, 145, 209, 176, 240
-0.992857, 205, 245, 236, 276
-0.992869, 213, 49, 244, 80
-0.992869, 125, 205, 156, 236
-0.992871, 313, 161, 344, 288
-0.992878, 13, 141, 44, 172
-0.992917, 281, 113, 312, 240
-0.99292, 49, 33, 112, 160
-0.992937, 201, 117, 232, 148
-0.992939, 45, 109, 76, 140
-0.992939, 25, 225, 56, 256
-0.992941, 133, 137, 164, 168
-0.992942, 253, 201, 284, 232
-0.992947, 65, 161, 96, 192
-0.992975, 65, 173, 96, 204
-0.99299, 101, 129, 132, 160
-0.993, 41, 169, 72, 200
-0.993, 125, 193, 156, 224
-0.993019, 29, 133, 60, 164
-0.993022, 189, 249, 220, 280
-0.99303, 201, 129, 232, 160
-0.993042, 265, 229, 296, 260
-0.993077, 101, 105, 132, 136
-0.993087, 109, 97, 124, 160
-0.99309, 277, 197, 308, 228
-0.993097, 249, 241, 280, 272
-0.993112, 337, 113, 464, 176
-0.993141, 37, 193, 68, 224
-0.993169, 201, 73, 216, 136
-0.993185, 65, 149, 96, 180
-0.993192, 225, 29, 256, 60
-0.993193, 345, 49, 408, 176
-0.993211, 205, 165, 236, 196
-0.993215, 385, 217, 416, 248
-0.993217, 361, 205, 392, 236
-0.993225, 217, 245, 248, 276
-0.993228, 37, 121, 68, 152
-0.993234, 337, 193, 368, 224
-0.993241, 89, 117, 120, 148
-0.993257, 229, 241, 260, 272
-0.993273, 141, 173, 172, 204
-0.993277, 201, 153, 232, 184
-0.993283, 117, 125, 148, 156
-0.993288, 49, 145, 80, 176
-0.993288, 17, 153, 48, 184
-0.993289, 249, 49, 312, 176
-0.993291, 1, 245, 32, 276
-0.993302, 137, 221, 168, 252
-0.993323, 237, 197, 268, 228
-0.993344, 145, 33, 208, 160
-0.993344, 189, 237, 220, 268
-0.993347, 349, 197, 380, 228
-0.993351, 81, 141, 112, 172
-0.993356, 13, 237, 44, 268
-0.993358, 269, 241, 300, 272
-0.993386, 313, 13, 344, 44
-0.993398, 21, 205, 52, 236
-0.993406, 197, 189, 228, 220
-0.993408, 9, 225, 40, 256
-0.993411, 433, 225, 464, 256
-0.993412, 153, 281, 184, 312
-0.993439, 397, 225, 428, 256
-0.993445, 453, 237, 484, 268
-0.993457, 169, 273, 200, 304
-0.993457, 213, 85, 244, 116
-0.993464, 245, 21, 276, 52
-0.993468, 53, 173, 84, 204
-0.993479, 77, 97, 108, 128
-0.993494, 297, 21, 328, 52
-0.993502, 125, 217, 156, 248
-0.99351, 1, 137, 500, 200
-0.993515, 169, 237, 200, 268
-0.993519, 77, 129, 108, 160
-0.993546, 61, 129, 92, 160
-0.993554, 373, 209, 404, 240
-0.993559, 421, 161, 452, 288
-0.993568, 285, 21, 316, 52
-0.99357, 161, 201, 288, 232
-0.993575, 105, 189, 136, 220
-0.993583, 281, 209, 312, 240
-0.993584, 57, 185, 88, 216
-0.993591, 221, 109, 252, 140
-0.993595, 257, 145, 500, 208
-0.993621, 13, 181, 44, 212
-0.993632, 69, 193, 100, 224
-0.993643, 165, 225, 196, 256
-0.993645, 81, 193, 112, 224
-0.993659, 21, 1, 52, 32
-0.993675, 121, 225, 152, 352
-0.993677, 129, 265, 384, 328
-0.993678, 413, 233, 444, 264
-0.99368, 325, 105, 356, 136
-0.993681, 281, 229, 312, 260
-0.993695, 313, 165, 344, 196
-0.993704, 249, 189, 280, 220
-0.993708, 225, 41, 256, 72
-0.993708, 337, 145, 368, 176
-0.993708, 329, 77, 360, 108
-0.99371, 97, 213, 128, 244
-0.993713, 9, 9, 40, 40
-0.993714, 201, 141, 232, 172
-0.993721, 289, 313, 416, 375
-0.993746, 117, 113, 148, 144
-0.993751, 325, 117, 356, 148
-0.993751, 37, 225, 68, 256
-0.993756, 189, 225, 220, 256
-0.993761, 153, 161, 184, 192
-0.993762, 161, 241, 192, 368
-0.99377, 221, 185, 252, 216
-0.993771, 109, 141, 140, 172
-0.99378, 329, 93, 360, 124
-0.993786, 77, 85, 108, 116
-0.993792, 207, 105, 222, 168
-0.993792, 161, 217, 416, 280
-0.993814, 1, 161, 500, 224
-0.993892, 293, 1, 324, 128
-0.993916, 129, 105, 384, 168
-0.993931, 129, 1, 256, 64
-0.99394, 65, 65, 96, 192
-0.993976, 9, 145, 24, 208
-0.994026, 161, 73, 416, 136
-0.994038, 81, 205, 208, 236
-0.994096, 33, 113, 160, 144
-0.994214, 219, 41, 234, 104
-0.994215, 209, 65, 224, 128
-0.994247, 1, 193, 500, 256
-0.994273, 257, 197, 384, 228
-0.994305, 1, 241, 128, 304
-0.99434, 305, 161, 432, 224
-0.994369, 125, 177, 140, 240
-0.9944, 235, 169, 250, 232
-0.99445, 257, 121, 500, 184
-0.994453, 1, 137, 128, 168
-0.994458, 213, 89, 228, 152
-0.994476, 113, 65, 144, 192
-0.994486, 49, 161, 176, 192
-0.99449, 369, 281, 496, 344
-0.9945, 289, 281, 416, 344
-0.994556, 33, 129, 48, 192
-0.994564, 99, 89, 114, 152
-0.994566, 105, 121, 120, 184
-0.994569, 161, 49, 416, 112
-0.994578, 1, 233, 256, 296
-0.994601, 15, 161, 30, 224
-0.994613, 361, 1, 424, 256
-0.994698, 147, 193, 162, 256
-0.994716, 1, 165, 128, 196
-0.994736, 17, 197, 144, 228
-0.994737, 133, 177, 148, 240
-0.994742, 437, 129, 468, 256
-0.994798, 61, 193, 76, 256
-0.994802, 369, 25, 496, 88
-0.994802, 65, 297, 192, 360
-0.994821, 193, 241, 448, 304
-0.994825, 177, 217, 304, 248
-0.994871, 161, 245, 288, 276
-0.994901, 49, 133, 176, 164
-0.994919, 369, 137, 496, 200
-0.994947, 105, 185, 120, 248
-0.994954, 209, 25, 336, 56
-0.994958, 1, 249, 500, 312
-0.994985, 139, 185, 154, 248
-0.995003, 191, 185, 206, 248
-0.995008, 49, 185, 176, 216
-0.995042, 213, 65, 244, 320
-0.995046, 39, 153, 54, 216
-0.99507, 65, 149, 192, 180
-0.995071, 279, 233, 294, 296
-0.995099, 225, 33, 240, 96
-0.9951, 201, 65, 232, 320
-0.995121, 215, 113, 230, 176
-0.995151, 17, 213, 144, 244
-0.995162, 201, 177, 216, 240
-0.995197, 97, 49, 128, 176
-0.995203, 21, 169, 36, 232
-0.995208, 179, 201, 194, 264
-0.995219, 225, 201, 240, 264
-0.995225, 257, 281, 500, 344
-0.995239, 99, 121, 114, 184
-0.995266, 65, 73, 320, 136
-0.99527, 153, 177, 168, 240
-0.995373, 125, 121, 140, 184
-0.995379, 145, 189, 272, 220
-0.995393, 209, 241, 336, 272
-0.995427, 257, 313, 500, 375
-0.995441, 271, 241, 286, 304
-0.995444, 17, 101, 144, 132
-0.995448, 1, 89, 500, 152
-0.995449, 191, 241, 206, 304
-0.995452, 235, 193, 250, 256
-0.995464, 119, 177, 134, 240
-0.995468, 1, 49, 500, 112
-0.995468, 1, 177, 128, 208
-0.995474, 119, 121, 134, 184
-0.995481, 1, 297, 128, 360
-0.995488, 113, 141, 240, 172
-0.995495, 263, 241, 278, 304
-0.995495, 81, 193, 96, 256
-0.995501, 69, 193, 84, 256
-0.995502, 111, 121, 126, 184
-0.995509, 181, 177, 196, 240
-0.995533, 97, 237, 224, 268
-0.995534, 15, 217, 30, 280
-0.995544, 209, 265, 336, 296
-0.995547, 239, 241, 254, 304
-0.995563, 89, 105, 104, 168
-0.995567, 31, 193, 46, 256
-0.995583, 129, 97, 160, 352
-0.995598, 81, 217, 208, 248
-0.995607, 41, 105, 56, 168
-0.995613, 1, 113, 500, 176
-0.995633, 1, 153, 128, 184
-0.99564, 169, 185, 184, 248
-0.995643, 227, 161, 242, 224
-0.995669, 87, 185, 102, 248
-0.995673, 233, 241, 248, 304
-0.995687, 145, 157, 272, 188
-0.995689, 241, 185, 368, 216
-0.995714, 93, 185, 108, 248
-0.995725, 79, 105, 94, 168
-0.995727, 23, 193, 38, 256
-0.995736, 273, 209, 288, 272
-0.995742, 193, 129, 320, 160
-0.995746, 253, 241, 268, 304
-0.995747, 97, 89, 224, 120
-0.995748, 161, 229, 288, 260
-0.995751, 289, 257, 416, 320
-0.995751, 73, 153, 88, 216
-0.995755, 231, 25, 246, 88
-0.995762, 75, 193, 90, 256
-0.995762, 115, 97, 130, 160
-0.995763, 97, 289, 352, 352
-0.995768, 1, 217, 16, 280
-0.99577, 161, 85, 288, 116
-0.995776, 191, 209, 206, 272
-0.995789, 27, 233, 42, 296
-0.995797, 97, 25, 352, 88
-0.995807, 55, 153, 70, 216
-0.995825, 157, 201, 172, 264
-0.995827, 97, 181, 224, 212
-0.995842, 227, 233, 242, 296
-0.995896, 99, 185, 114, 248
-0.995898, 37, 209, 52, 272
-0.995914, 353, 225, 480, 256
-0.995917, 297, 193, 328, 320
-0.995918, 201, 241, 216, 304
-0.995922, 1, 125, 128, 156
-0.995928, 49, 145, 64, 208
-0.995929, 247, 241, 262, 304
-0.995931, 209, 241, 224, 304
-0.995932, 141, 121, 156, 184
-0.995955, 233, 217, 248, 280
-0.995989, 267, 201, 282, 264
-0.995999, 233, 97, 264, 352
-0.996, 147, 169, 162, 232
-0.996005, 163, 185, 178, 248
-0.99601, 257, 229, 384, 260
-0.996024, 215, 241, 230, 304
-0.996026, 221, 241, 236, 304
-0.996028, 193, 165, 320, 196
-0.996035, 289, 217, 416, 248
-0.996036, 305, 1, 432, 64
-0.996036, 113, 129, 240, 160
-0.996041, 97, 313, 352, 375
-0.996046, 217, 201, 232, 264
-0.996066, 207, 161, 222, 224
-0.996068, 185, 217, 200, 280
-0.996071, 13, 185, 28, 248
-0.996086, 1, 1, 128, 128
-0.996106, 27, 169, 42, 232
-0.996128, 397, 161, 428, 288
-0.996133, 209, 197, 336, 228
-0.996139, 365, 145, 396, 272
-0.996149, 61, 145, 76, 208
-0.99615, 113, 169, 240, 200
-0.996152, 19, 137, 34, 200
-0.996178, 1, 273, 500, 336
-0.99618, 105, 97, 136, 352
-0.996183, 353, 201, 480, 232
-0.996187, 353, 89, 480, 152
-0.996204, 27, 137, 42, 200
-0.996215, 147, 121, 162, 184
-0.99623, 135, 121, 150, 184
-0.996244, 3, 153, 18, 216
-0.996264, 245, 97, 276, 352
-0.996269, 93, 129, 108, 192
-0.996276, 97, 193, 224, 224
-0.996279, 145, 277, 272, 308
-0.99629, 215, 137, 230, 200
-0.996302, 241, 17, 256, 80
-0.996311, 25, 1, 40, 64
-0.996313, 341, 57, 356, 120
-0.996314, 21, 217, 36, 280
-0.99632, 65, 169, 80, 232
-0.996324, 203, 201, 218, 264
-0.996331, 117, 97, 148, 352
-0.996338, 243, 169, 258, 232
-0.996353, 123, 201, 138, 264
-0.996365, 71, 129, 86, 192
-0.996366, 259, 193, 274, 256
-0.996374, 1, 257, 256, 320
-0.996388, 65, 105, 80, 168
-0.996391, 221, 105, 236, 168
-0.9964, 347, 97, 362, 160
-0.996408, 25, 241, 88, 368
-0.996427, 113, 249, 240, 280
-0.996432, 37, 97, 68, 352
-0.996435, 49, 173, 176, 204
-0.996437, 175, 177, 190, 240
-0.996445, 113, 25, 240, 88
-0.996451, 17, 241, 32, 304
-0.996458, 53, 105, 68, 168
-0.996464, 1, 225, 128, 256
-0.996464, 133, 201, 148, 264
-0.99647, 221, 177, 236, 240
-0.996478, 7, 217, 22, 280
-0.996479, 241, 133, 368, 164
-0.996481, 315, 9, 330, 72
-0.996487, 93, 65, 124, 320
-0.996488, 193, 149, 320, 180
-0.996504, 25, 241, 56, 368
-0.996515, 283, 193, 298, 256
-0.996535, 113, 101, 240, 132
-0.996548, 469, 225, 500, 352
-0.996548, 7, 177, 22, 240
-0.99655, 339, 137, 354, 200
-0.996552, 249, 193, 264, 256
-0.996559, 257, 65, 500, 128
-0.996561, 215, 65, 230, 128
-0.996563, 257, 1, 500, 64
-0.996575, 73, 105, 88, 168
-0.996588, 209, 201, 224, 264
-0.996591, 113, 117, 240, 148
-0.996596, 261, 129, 292, 375
-0.996597, 47, 105, 62, 168
-0.996597, 197, 201, 212, 264
-0.996605, 81, 153, 96, 216
-0.996606, 65, 49, 320, 112
-0.996623, 59, 105, 74, 168
-0.996632, 185, 241, 200, 304
-0.996636, 5, 129, 36, 375
-0.99664, 353, 189, 480, 220
-0.996643, 277, 185, 292, 248
-0.996645, 141, 129, 172, 375
-0.996651, 53, 225, 84, 352
-0.996655, 155, 145, 170, 208
-0.996658, 341, 113, 356, 176
-0.996665, 129, 153, 144, 216
-0.996671, 313, 225, 376, 352
-0.996676, 337, 213, 464, 244
-0.996699, 115, 153, 130, 216
-0.996712, 161, 97, 288, 128
-0.996716, 257, 121, 384, 152
-0.996723, 257, 97, 500, 160
-0.996727, 337, 161, 352, 224
-0.996727, 55, 201, 70, 264
-0.996741, 113, 193, 128, 256
-0.996762, 17, 97, 48, 352
-0.996772, 1, 1, 128, 32
-0.996788, 5, 97, 36, 224
-0.996789, 61, 97, 92, 352
-0.996808, 129, 217, 256, 248
-0.996838, 189, 97, 220, 352
-0.996848, 109, 209, 140, 336
-0.996867, 193, 49, 320, 80
-0.996877, 337, 65, 368, 320
-0.996889, 209, 117, 336, 148
-0.99692, 177, 177, 304, 208
-0.996925, 241, 157, 368, 188
-0.996932, 65, 101, 192, 132
-0.996947, 129, 313, 256, 375
-0.996951, 325, 1, 356, 128
-0.996959, 177, 61, 304, 92
-0.996974, 241, 209, 368, 240
-0.996998, 209, 37, 336, 68
-0.997044, 177, 73, 304, 104
-0.997048, 225, 105, 352, 136
-0.997092, 321, 1, 352, 256
-0.997105, 369, 241, 496, 272
-0.997124, 1, 289, 256, 352
-0.997133, 209, 229, 336, 260
-0.997138, 161, 261, 288, 292
-0.997149, 241, 145, 368, 176
-0.997155, 33, 1, 288, 64
-0.997163, 109, 105, 124, 136
-0.997167, 241, 173, 368, 204
-0.997192, 113, 261, 240, 292
-0.99721, 225, 89, 352, 120
-0.99723, 385, 161, 416, 288
-0.99724, 257, 53, 384, 84
-0.997242, 229, 1, 260, 256
-0.99729, 257, 257, 384, 288
-0.997313, 353, 253, 480, 284
-0.997321, 257, 73, 384, 104
-0.997324, 209, 89, 224, 120
-0.997335, 1, 313, 256, 375
-0.997343, 17, 89, 144, 120
-0.997349, 445, 241, 476, 368
-0.997367, 49, 97, 80, 352
-0.997368, 97, 77, 224, 108
-0.997369, 1, 25, 256, 88
-0.997389, 1, 305, 500, 368
-0.997391, 65, 265, 192, 296
-0.997395, 305, 121, 432, 152
-0.997402, 321, 141, 448, 172
-0.997402, 213, 105, 228, 136
-0.997422, 99, 97, 114, 128
-0.997431, 305, 109, 432, 140
-0.997459, 155, 189, 170, 220
-0.99747, 181, 209, 196, 240
-0.997487, 53, 49, 84, 176
-0.997487, 209, 241, 240, 368
-0.997489, 305, 201, 432, 232
-0.997502, 73, 129, 104, 375
-0.997522, 325, 129, 356, 375
-0.997531, 31, 193, 46, 224
-0.99754, 457, 129, 488, 375
-0.997541, 1, 237, 128, 268
-0.997548, 305, 97, 432, 128
-0.997548, 97, 285, 224, 316
-0.997561, 409, 161, 440, 288
-0.997564, 273, 345, 400, 375
-0.997581, 25, 1, 88, 128
-0.997592, 197, 81, 212, 112
-0.997632, 217, 45, 232, 76
-0.997637, 71, 165, 86, 196
-0.99764, 257, 25, 384, 56
-0.997646, 321, 33, 448, 96
-0.997647, 445, 81, 476, 208
-0.997653, 221, 57, 236, 88
-0.997653, 205, 69, 220, 100
-0.997663, 321, 165, 448, 196
-0.997698, 305, 85, 432, 116
-0.997706, 161, 37, 288, 68
-0.997709, 117, 197, 132, 228
-0.99771, 57, 165, 72, 196
-0.997729, 289, 185, 416, 216
-0.997736, 177, 197, 192, 228
-0.997736, 91, 129, 106, 160
-0.997741, 305, 73, 432, 104
-0.997741, 145, 201, 160, 232
-0.997744, 129, 61, 256, 92
-0.997745, 257, 241, 384, 272
-0.997745, 7, 149, 22, 180
-0.997745, 141, 125, 156, 156
-0.997747, 165, 129, 196, 375
-0.997749, 105, 117, 120, 148
-0.997756, 215, 117, 230, 148
-0.997757, 353, 309, 480, 340
-0.997761, 203, 93, 218, 124
-0.997763, 305, 53, 432, 84
-0.997769, 353, 265, 480, 296
-0.997771, 133, 205, 148, 236
-0.997785, 189, 209, 204, 240
-0.997789, 161, 1, 416, 64
-0.997791, 241, 273, 368, 336
-0.997791, 19, 225, 34, 256
-0.997796, 289, 65, 320, 192
-0.997802, 143, 213, 158, 244
-0.997804, 63, 161, 78, 192
-0.997808, 25, 233, 40, 264
-0.997816, 235, 197, 250, 228
-0.997823, 205, 125, 220, 156
-0.997829, 35, 225, 50, 256
-0.997833, 165, 189, 180, 220
-0.997846, 49, 237, 176, 268
-0.997859, 353, 177, 480, 208
-0.997865, 125, 181, 140, 212
-0.997874, 209, 57, 224, 88
-0.997876, 257, 41, 384, 72
-0.997899, 81, 113, 96, 144
-0.997909, 171, 185, 186, 216
-0.997911, 353, 325, 480, 356
-0.997914, 61, 201, 76, 232
-0.997914, 305, 153, 432, 184
-0.997914, 17, 81, 48, 208
-0.997916, 173, 209, 188, 240
-0.997921, 107, 189, 122, 220
-0.99793, 111, 121, 126, 152
-0.997935, 267, 201, 282, 232
-0.997943, 161, 205, 176, 236
-0.997944, 369, 145, 496, 176
-0.997947, 225, 201, 288, 216
-0.997953, 49, 285, 176, 316
-0.997954, 219, 193, 234, 224
-0.99796, 15, 245, 30, 276
-0.997963, 51, 165, 66, 196
-0.997964, 183, 197, 198, 228
-0.997974, 171, 197, 186, 228
-0.99799, 353, 297, 480, 328
-0.997994, 41, 109, 56, 140
-0.998003, 183, 185, 198, 216
-0.998005, 29, 137, 44, 168
-0.998008, 277, 229, 292, 260
-0.998009, 97, 129, 112, 160
-0.99801, 227, 37, 242, 68
-0.998011, 197, 185, 212, 216
-0.998012, 305, 17, 336, 144
-0.998017, 1, 249, 128, 280
-0.998018, 189, 189, 204, 220
-0.99802, 241, 1, 272, 256
-0.998029, 349, 17, 380, 144
-0.998034, 77, 161, 92, 192
-0.998035, 205, 105, 220, 136
-0.998035, 273, 333, 400, 364
-0.998036, 105, 129, 120, 160
-0.998038, 133, 181, 148, 212
-0.998038, 209, 253, 336, 284
-0.99804, 45, 153, 60, 184
-0.998041, 15, 181, 30, 212
-0.998042, 65, 253, 192, 284
-0.998043, 191, 249, 206, 280
-0.998051, 67, 113, 82, 144
-0.998052, 225, 345, 352, 375
-0.998059, 321, 237, 448, 268
-0.998064, 95, 141, 110, 172
-0.998067, 115, 109, 130, 140
-0.998069, 129, 345, 256, 375
-0.998077, 233, 241, 248, 272
-0.998077, 223, 245, 238, 276
-0.998079, 151, 201, 166, 232
-0.998081, 121, 183, 184, 198
-0.998086, 17, 157, 32, 188
-0.998091, 227, 165, 242, 196
-0.998102, 213, 245, 228, 276
-0.998109, 233, 29, 248, 60
-0.998109, 337, 189, 352, 220
-0.998113, 1, 305, 128, 336
-0.998114, 139, 193, 154, 224
-0.998116, 13, 225, 28, 256
-0.998127, 241, 25, 256, 56
-0.998127, 213, 193, 228, 224
-0.998128, 183, 237, 198, 268
-0.998129, 137, 217, 200, 232
-0.998129, 197, 249, 212, 280
-0.99813, 9, 167, 72, 182
-0.998131, 19, 145, 34, 176
-0.998133, 225, 201, 240, 232
-0.998142, 205, 245, 220, 276
-0.998144, 51, 153, 66, 184
-0.998144, 179, 221, 194, 252
-0.998147, 1, 345, 128, 375
-0.998156, 137, 211, 200, 226
-0.998157, 147, 177, 162, 208
-0.998157, 155, 213, 170, 244
-0.998163, 369, 37, 496, 68
-0.998164, 39, 121, 54, 152
-0.998164, 1, 25, 500, 88
-0.998165, 209, 277, 336, 308
-0.998167, 215, 133, 230, 164
-0.998168, 113, 49, 240, 80
-0.998171, 119, 125, 134, 156
-0.998172, 173, 221, 188, 252
-0.998186, 145, 203, 208, 218
-0.998188, 77, 125, 92, 156
-0.998189, 185, 87, 248, 102
-0.998189, 97, 125, 160, 140
-0.998194, 39, 213, 54, 244
-0.998199, 153, 157, 168, 188
-0.998202, 85, 129, 100, 160
-0.998204, 289, 289, 416, 320
-0.998206, 221, 121, 236, 152
-0.998207, 63, 173, 78, 204
-0.99821, 93, 105, 108, 136
-0.99821, 225, 13, 352, 44
-0.99821, 261, 49, 292, 176
-0.998214, 149, 137, 164, 168
-0.998217, 71, 153, 86, 184
-0.998222, 161, 117, 288, 148
-0.998223, 39, 153, 54, 184
-0.998229, 57, 129, 120, 144
-0.998233, 359, 201, 374, 232
-0.998237, 205, 193, 220, 224
-0.99824, 241, 241, 256, 272
-0.998241, 217, 165, 232, 196
-0.998242, 35, 133, 50, 164
-0.998244, 177, 185, 192, 216
-0.998249, 23, 193, 38, 224
-0.998254, 33, 161, 96, 176
-0.998254, 317, 9, 332, 40
-0.998255, 195, 205, 210, 236
-0.998256, 383, 213, 398, 244
-0.998259, 389, 217, 404, 248
-0.99826, 253, 1, 284, 256
-0.998262, 149, 221, 164, 252
-0.998263, 261, 241, 276, 272
-0.998264, 87, 113, 102, 144
-0.998264, 1, 333, 128, 364
-0.998266, 63, 185, 78, 216
-0.998266, 33, 169, 96, 184
-0.998267, 445, 129, 476, 375
-0.998269, 121, 1, 152, 256
-0.99827, 281, 97, 312, 352
-0.998272, 83, 145, 98, 176
-0.998274, 25, 221, 40, 252
-0.998274, 129, 21, 256, 52
-0.998275, 193, 115, 256, 130
-0.998275, 273, 209, 288, 240
-0.998276, 191, 237, 206, 268
-0.998282, 289, 301, 416, 332
-0.998286, 241, 197, 256, 228
-0.998287, 129, 125, 144, 156
-0.998287, 367, 205, 382, 236
-0.998293, 89, 191, 152, 206
-0.998295, 165, 281, 180, 312
-0.998296, 369, 161, 496, 192
-0.998298, 255, 241, 270, 272
-0.998299, 121, 197, 184, 212
-0.998302, 105, 209, 168, 224
-0.998302, 65, 153, 128, 168
-0.998302, 225, 189, 240, 220
-0.998303, 283, 233, 298, 264
-0.998306, 369, 285, 496, 316
-0.99831, 249, 241, 264, 272
-0.998317, 81, 101, 96, 132
-0.998323, 99, 85, 114, 116
-0.998327, 27, 153, 42, 184
-0.998329, 33, 129, 96, 144
-0.998332, 17, 261, 144, 292
-0.998338, 193, 171, 256, 186
-0.998341, 49, 341, 176, 372
-0.99835, 73, 109, 136, 124
-0.998355, 353, 117, 480, 148
-0.99836, 193, 123, 256, 138
-0.998365, 209, 313, 336, 375
-0.998365, 289, 269, 416, 300
-0.998372, 161, 195, 224, 210
-0.998373, 137, 189, 200, 204
-0.998385, 153, 283, 216, 298
-0.998391, 273, 205, 336, 220
-0.998401, 65, 193, 128, 208
-0.998407, 121, 203, 184, 218
-0.99841, 185, 93, 248, 108
-0.998432, 97, 185, 160, 200
-0.998436, 81, 131, 144, 146
-0.998438, 309, 1, 340, 256
-0.99844, 185, 205, 248, 220
-0.998445, 201, 245, 264, 260
-0.998449, 161, 187, 224, 202
-0.998453, 17, 219, 80, 234
-0.998455, 185, 81, 248, 96
-0.998464, 33, 155, 96, 170
-0.99848, 221, 199, 252, 214
-0.99848, 141, 195, 172, 210
-0.998481, 29, 233, 60, 248
-0.998481, 221, 171, 252, 186
-0.998482, 9, 173, 72, 188
-0.998483, 169, 227, 200, 242
-0.998483, 189, 243, 220, 258
-0.998484, 41, 109, 72, 124
-0.998485, 373, 213, 404, 228
-0.998486, 33, 213, 96, 228
-0.998486, 89, 125, 120, 140
-0.998486, 465, 81, 496, 208
-0.998486, 17, 237, 48, 252
-0.998487, 277, 239, 308, 254
-0.998488, 385, 219, 416, 234
-0.998488, 97, 213, 128, 228
-0.998489, 257, 263, 288, 278
-0.998489, 13, 221, 44, 236
-0.998489, 5, 151, 36, 166
-0.99849, 1, 227, 32, 242
-0.99849, 201, 135, 232, 150
-0.998491, 333, 191, 364, 206
-0.998492, 9, 185, 40, 200
-0.998492, 105, 187, 136, 202
-0.998492, 25, 135, 88, 150
-0.998492, 285, 267, 316, 282
-0.998492, 293, 203, 324, 218
-0.998492, 233, 243, 264, 258
-0.998493, 225, 37, 256, 52
-0.998494, 137, 223, 168, 238
-0.998495, 69, 115, 100, 130
-0.998496, 21, 201, 52, 216
-0.998496, 217, 45, 248, 60
-0.998496, 37, 201, 68, 216
-0.998498, 65, 171, 96, 186
-0.998498, 33, 227, 96, 242
-0.998499, 181, 201, 212, 216
-0.998499, 37, 121, 68, 136
-0.998499, 85, 139, 116, 154
-0.998499, 121, 191, 152, 206
-0.9985, 29, 227, 60, 242
-0.998501, 125, 199, 156, 214
-0.998501, 233, 169, 264, 184
-0.998502, 201, 247, 232, 262
-0.998502, 213, 87, 244, 102
-0.998503, 113, 199, 144, 214
-0.998504, 165, 201, 196, 216
-0.998506, 265, 237, 296, 252
-0.998507, 229, 31, 260, 46
-0.998508, 205, 165, 236, 180
-0.998508, 241, 241, 304, 256
-0.998509, 69, 159, 100, 174
-0.99851, 13, 171, 44, 186
-0.99851, 157, 189, 188, 204
-0.99851, 89, 153, 120, 168
-0.998511, 209, 197, 240, 212
-0.998511, 137, 217, 168, 232
-0.998512, 245, 201, 276, 216
-0.998513, 245, 23, 276, 38
-0.998513, 241, 21, 304, 36
-0.998514, 109, 207, 140, 222
-0.998515, 41, 163, 72, 178
-0.998516, 97, 101, 128, 116
-0.998516, 21, 139, 52, 154
-0.998517, 193, 75, 256, 90
-0.998517, 217, 95, 248, 110
-0.998518, 105, 131, 168, 146
-0.998518, 77, 101, 108, 116
-0.998518, 69, 197, 100, 212
-0.998518, 101, 117, 132, 132
-0.998518, 233, 265, 296, 280
-0.998518, 197, 77, 228, 92
-0.998519, 57, 115, 120, 130
-0.998521, 33, 135, 64, 150
-0.998521, 469, 1, 500, 128
-0.998524, 145, 285, 176, 300
-0.998527, 189, 249, 220, 264
-0.998528, 221, 243, 252, 258
-0.998529, 97, 215, 160, 230
-0.998529, 213, 53, 244, 68
-0.99853, 137, 179, 168, 194
-0.998534, 157, 283, 188, 298
-0.998534, 201, 129, 232, 144
-0.998538, 81, 193, 112, 208
-0.998538, 261, 243, 292, 258
-0.99854, 205, 205, 236, 220
-0.998541, 21, 163, 52, 178
-0.998541, 73, 151, 104, 166
-0.998542, 137, 223, 200, 238
-0.998542, 129, 133, 160, 148
-0.998543, 117, 127, 148, 142
-0.998543, 169, 281, 200, 296
-0.998544, 69, 165, 100, 180
-0.998544, 177, 247, 240, 262
-0.998545, 37, 129, 68, 144
-0.998545, 141, 187, 172, 202
-0.998547, 153, 197, 184, 212
-0.998547, 185, 209, 216, 224
-0.998547, 9, 191, 40, 206
-0.998548, 201, 101, 232, 116
-0.998549, 277, 209, 308, 224
-0.998549, 165, 195, 196, 210
-0.99855, 177, 239, 240, 254
-0.99855, 105, 125, 136, 140
-0.998551, 321, 203, 384, 218
-0.998553, 57, 165, 120, 180
-0.998553, 233, 201, 264, 216
-0.998553, 57, 201, 88, 216
-0.998553, 269, 265, 300, 280
-0.998554, 85, 109, 116, 124
-0.998555, 185, 189, 216, 204
-0.998557, 213, 73, 244, 88
-0.998557, 185, 109, 248, 124
-0.998558, 57, 163, 88, 178
-0.998559, 9, 227, 72, 242
-0.998559, 9, 161, 72, 176
-0.998559, 21, 195, 52, 210
-0.99856, 209, 59, 240, 74
-0.998562, 161, 207, 192, 222
-0.998564, 73, 123, 136, 138
-0.998564, 185, 195, 248, 210
-0.998566, 257, 201, 288, 216
-0.998568, 169, 187, 200, 202
-0.99857, 141, 211, 172, 226
-0.998572, 201, 119, 232, 134
-0.998573, 273, 237, 336, 252
-0.998573, 213, 101, 244, 116
-0.998573, 41, 221, 72, 236
-0.998576, 301, 65, 332, 192
-0.998579, 5, 165, 36, 180
-0.99858, 69, 129, 100, 144
-0.998581, 57, 157, 88, 172
-0.998581, 33, 111, 96, 126
-0.998582, 161, 209, 224, 224
-0.998583, 249, 203, 312, 218
-0.998584, 37, 207, 68, 222
-0.998586, 129, 127, 160, 142
-0.998586, 257, 265, 320, 280
-0.998588, 25, 123, 88, 138
-0.998589, 85, 95, 116, 110
-0.998589, 9, 233, 72, 248
-0.99859, 41, 157, 72, 172
-0.998591, 193, 83, 224, 98
-0.998593, 169, 215, 200, 230
-0.998593, 217, 123, 248, 138
-0.998595, 33, 169, 64, 184
-0.998601, 97, 137, 160, 152
-0.998604, 121, 205, 152, 220
-0.998611, 193, 69, 256, 84
-0.998612, 13, 227, 44, 242
-0.998615, 33, 201, 96, 216
-0.998617, 277, 203, 308, 218
-0.998617, 85, 131, 116, 146
-0.99862, 33, 175, 96, 190
-0.998622, 105, 145, 168, 160
-0.998626, 53, 169, 84, 184
-0.998629, 93, 191, 124, 206
-0.998631, 197, 93, 228, 108
-0.998632, 201, 107, 232, 122
-0.998632, 169, 221, 200, 236
-0.998632, 9, 205, 72, 220
-0.998633, 177, 217, 240, 232
-0.998635, 177, 279, 240, 294
-0.998638, 49, 135, 112, 150
-0.998641, 81, 33, 112, 288
-0.998642, 153, 243, 216, 258
-0.998645, 157, 215, 188, 230
-0.998646, 105, 155, 168, 170
-0.998646, 193, 165, 256, 180
-0.99865, 201, 113, 232, 128
-0.998656, 153, 181, 216, 196
-0.998659, 225, 169, 288, 184
-0.998659, 217, 35, 280, 50
-0.99866, 209, 65, 240, 80
-0.998663, 401, 229, 464, 244
-0.998664, 73, 139, 136, 154
-0.998666, 1, 1, 32, 256
-0.998668, 121, 183, 152, 198
-0.99867, 141, 201, 172, 216
-0.998674, 369, 1, 496, 64
-0.998674, 17, 141, 80, 156
-0.998676, 289, 175, 352, 190
-0.998685, 49, 221, 112, 236
-0.998687, 273, 231, 336, 246
-0.99869, 425, 129, 456, 375
-0.99869, 225, 29, 288, 44
-0.998691, 97, 107, 128, 122
-0.998696, 233, 225, 296, 240
-0.998697, 25, 193, 88, 208
-0.9987, 153, 129, 184, 375
-0.998701, 193, 151, 256, 166
-0.998702, 1, 153, 64, 168
-0.998707, 73, 217, 136, 232
-0.998707, 113, 221, 176, 236
-0.998713, 9, 199, 72, 214
-0.998713, 329, 209, 392, 224
-0.998714, 273, 23, 336, 38
-0.998716, 297, 131, 360, 146
-0.998721, 193, 185, 256, 200
-0.998724, 273, 219, 336, 234
-0.998725, 193, 129, 256, 144
-0.998729, 305, 197, 368, 212
-0.998736, 57, 159, 120, 174
-0.998738, 177, 225, 240, 240
-0.998738, 313, 97, 344, 352
-0.998739, 205, 65, 220, 192
-0.998739, 129, 283, 192, 298
-0.998742, 233, 215, 296, 230
-0.998743, 129, 177, 192, 192
-0.998743, 33, 117, 96, 132
-0.998752, 9, 213, 72, 228
-0.998754, 57, 171, 120, 186
-0.998763, 185, 99, 248, 114
-0.998765, 289, 189, 352, 204
-0.998766, 201, 53, 264, 68
-0.998767, 153, 249, 216, 264
-0.998768, 215, 65, 230, 192
-0.998769, 227, 177, 242, 304
-0.99877, 145, 229, 208, 244
-0.99877, 65, 199, 128, 214
-0.99877, 289, 159, 352, 174
-0.998776, 265, 1, 296, 256
-0.998778, 81, 159, 144, 174
-0.998779, 225, 93, 288, 108
-0.998779, 109, 1, 140, 256
-0.99878, 33, 207, 96, 222
-0.998784, 265, 211, 328, 226
-0.998785, 81, 147, 144, 162
-0.998789, 129, 253, 192, 268
-0.998789, 217, 117, 280, 132
-0.998791, 193, 157, 256, 172
-0.998793, 271, 193, 286, 320
-0.9988, 345, 217, 408, 232
-0.998808, 393, 221, 456, 236
-0.998808, 289, 169, 352, 184
-0.998808, 137, 277, 200, 292
-0.99881, 209, 195, 272, 210
-0.99881, 209, 85, 272, 100
-0.998811, 249, 197, 312, 212
-0.998817, 1, 11, 64, 26
-0.998826, 1, 273, 128, 336
-0.99884, 261, 177, 276, 304
-0.998856, 245, 177, 260, 304
-0.99886, 251, 177, 266, 304
-0.998863, 219, 193, 234, 320
-0.998865, 177, 49, 208, 176
-0.998877, 207, 193, 222, 320
-0.998883, 9, 129, 24, 256
-0.998897, 217, 113, 232, 240
-0.998899, 213, 193, 228, 320
-0.9989, 313, 209, 344, 336
-0.998905, 233, 177, 248, 304
-0.998909, 201, 177, 216, 304
-0.998914, 257, 1, 384, 64
-0.998929, 135, 177, 150, 304
-0.99894, 23, 161, 38, 288
-0.998944, 31, 129, 46, 256
-0.998948, 13, 177, 28, 304
-0.998968, 223, 33, 238, 160
-0.998974, 81, 161, 96, 288
-0.998976, 239, 177, 254, 304
-0.998981, 369, 65, 496, 128
-0.998983, 129, 161, 144, 288
-0.998984, 141, 113, 156, 240
-0.998984, 25, 1, 56, 128
-0.998986, 103, 113, 118, 240
-0.998987, 179, 161, 194, 288
-0.998991, 75, 145, 90, 272
-0.998995, 339, 129, 354, 256
-0.999, 41, 1, 72, 256
-0.999007, 109, 97, 124, 224
-0.999009, 191, 177, 206, 304
-0.999013, 43, 97, 58, 224
-0.999025, 277, 177, 292, 304
-0.999038, 117, 113, 132, 240
-0.999038, 61, 177, 76, 304
-0.999041, 209, 113, 224, 240
-0.999051, 71, 97, 86, 224
-0.999054, 143, 177, 158, 304
-0.999055, 67, 161, 82, 288
-0.999061, 127, 113, 142, 240
-0.999068, 87, 129, 102, 256
-0.999073, 185, 177, 200, 304
-0.999076, 147, 129, 162, 256
-0.999078, 469, 129, 500, 375
-0.999079, 37, 97, 52, 224
-0.999079, 49, 97, 64, 224
-0.999087, 97, 129, 112, 256
-0.999088, 135, 129, 150, 256
-0.999091, 227, 113, 242, 240
-0.9991, 3, 161, 18, 288
-0.999111, 35, 177, 50, 304
-0.999117, 149, 177, 164, 304
-0.999125, 123, 177, 138, 304
-0.999127, 173, 161, 188, 288
-0.999129, 117, 161, 132, 288
-0.999134, 61, 1, 92, 256
-0.999135, 17, 129, 32, 256
-0.999136, 161, 193, 176, 320
-0.999138, 257, 97, 288, 224
-0.999144, 57, 97, 72, 224
-0.999145, 167, 177, 182, 304
-0.999147, 297, 1, 328, 256
-0.999147, 95, 81, 110, 208
-0.999149, 155, 209, 170, 336
-0.999152, 339, 49, 354, 176
-0.999156, 65, 97, 80, 224
-0.999165, 257, 1, 272, 128
-0.999171, 81, 97, 96, 224
-0.999179, 197, 65, 212, 192
-0.999189, 181, 1, 212, 256
-0.999189, 259, 225, 274, 352
-0.999191, 29, 209, 44, 336
-0.999195, 1, 209, 16, 336
-0.999195, 189, 225, 204, 352
-0.999199, 235, 129, 250, 256
-0.999201, 265, 225, 280, 352
-0.999205, 279, 225, 294, 352
-0.999216, 265, 1, 280, 128
-0.999221, 295, 1, 310, 128
-0.999226, 19, 225, 34, 352
-0.999232, 7, 209, 22, 336
-0.999233, 345, 97, 360, 224
-0.999239, 287, 1, 302, 128
-0.99924, 253, 225, 268, 352
-0.999242, 267, 145, 282, 272
-0.999243, 233, 17, 248, 144
-0.999244, 237, 225, 252, 352
-0.999246, 275, 1, 290, 128
-0.999248, 283, 177, 298, 304
-0.999251, 49, 145, 64, 272
-0.999251, 87, 177, 102, 304
-0.999254, 75, 193, 90, 320
-0.999256, 41, 145, 56, 272
-0.999259, 107, 161, 122, 288
-0.999259, 173, 225, 188, 352
-0.999263, 195, 225, 210, 352
-0.999264, 167, 241, 182, 368
-0.999264, 229, 65, 244, 192
-0.999265, 55, 193, 70, 320
-0.999267, 13, 1, 28, 128
-0.99927, 247, 225, 262, 352
-0.999271, 285, 225, 300, 352
-0.999273, 1, 1, 16, 128
-0.999275, 153, 129, 168, 256
-0.999275, 13, 225, 28, 352
-0.999277, 451, 177, 466, 304
-0.999279, 7, 1, 22, 128
-0.999279, 215, 17, 230, 144
-0.999281, 19, 1, 34, 128
-0.999284, 329, 97, 344, 224
-0.999285, 229, 225, 244, 352
-0.999286, 89, 81, 104, 208
-0.999287, 141, 225, 156, 352
-0.999298, 179, 209, 194, 336
-0.999298, 387, 193, 402, 320
-0.999302, 29, 1, 60, 256
-0.999302, 201, 225, 216, 352
-0.999309, 335, 177, 350, 304
-0.999316, 281, 1, 296, 128
-0.999316, 257, 129, 272, 256
-0.999325, 459, 145, 474, 272
-0.999327, 251, 1, 266, 128
-0.999329, 421, 209, 436, 336
-0.99934, 393, 129, 424, 375
-0.999346, 249, 129, 264, 256
-0.999349, 147, 225, 162, 352
-0.999349, 459, 225, 474, 352
-0.999352, 25, 1, 40, 128
-0.999352, 431, 161, 446, 288
-0.999354, 209, 17, 224, 144
-0.999354, 159, 145, 174, 272
-0.999356, 67, 209, 82, 336
-0.999357, 427, 209, 442, 336
-0.999358, 457, 1, 488, 128
-0.999373, 357, 177, 372, 304
-0.999374, 195, 113, 210, 240
-0.999374, 379, 193, 394, 320
-0.999374, 333, 33, 348, 160
-0.999375, 445, 193, 460, 320
-0.999378, 411, 209, 426, 336
-0.999388, 37, 49, 68, 176
-0.999404, 149, 33, 180, 288
-0.999428, 277, 1, 308, 256
-0.999449, 177, 129, 208, 375
-0.999456, 273, 49, 304, 176
-0.999478, 293, 97, 324, 352
-0.999493, 81, 33, 112, 160
-0.999554, 207, 107, 222, 122
-0.999556, 85, 167, 100, 182
-0.99956, 177, 279, 192, 294
-0.999561, 209, 205, 224, 220
-0.999561, 217, 169, 232, 184
-0.999563, 159, 197, 174, 212
-0.999564, 381, 213, 396, 228
-0.999565, 217, 201, 232, 216
-0.99957, 223, 197, 238, 212
-0.99957, 33, 165, 48, 180
-0.999574, 183, 211, 198, 226
-0.999577, 115, 187, 130, 202
-0.999577, 283, 239, 298, 254
-0.999577, 403, 225, 418, 240
-0.999578, 15, 165, 30, 180
-0.999579, 141, 213, 156, 228
-0.99958, 203, 77, 218, 92
-0.999583, 141, 199, 156, 214
-0.999583, 51, 169, 66, 184
-0.999585, 121, 127, 136, 142
-0.999585, 209, 85, 224, 100
-0.999585, 171, 213, 186, 228
-0.999586, 223, 205, 238, 220
-0.999586, 203, 91, 218, 106
-0.999589, 183, 187, 198, 202
-0.999595, 165, 195, 180, 210
-0.999598, 285, 203, 300, 218
-0.999599, 107, 101, 122, 116
-0.999601, 239, 27, 254, 42
-0.999601, 13, 225, 28, 240
-0.999601, 57, 171, 72, 186
-0.999602, 405, 129, 436, 375
-0.999604, 273, 243, 288, 258
-0.999604, 231, 31, 246, 46
-0.999605, 167, 203, 182, 218
-0.999605, 41, 117, 56, 132
-0.999608, 279, 265, 294, 280
-0.999608, 205, 121, 220, 136
-0.999609, 213, 247, 228, 262
-0.999616, 13, 183, 28, 198
-0.999617, 277, 237, 292, 252
-0.999617, 69, 163, 84, 178
-0.999618, 127, 129, 142, 144
-0.999618, 457, 33, 488, 288
-0.999622, 21, 239, 36, 254
-0.999623, 267, 243, 282, 258
-0.999623, 93, 97, 108, 112
-0.999624, 365, 97, 396, 352
-0.999624, 211, 59, 226, 74
-0.999626, 277, 201, 292, 216
-0.999627, 61, 163, 76, 178
-0.999627, 17, 143, 32, 158
-0.999628, 27, 167, 42, 182
-0.999629, 27, 139, 42, 154
-0.999629, 27, 189, 42, 204
-0.999632, 239, 243, 254, 258
-0.999639, 21, 165, 36, 180
-0.99964, 115, 125, 130, 140
-0.999643, 221, 45, 236, 60
-0.999646, 11, 147, 26, 162
-0.999646, 33, 135, 48, 150
-0.999648, 47, 159, 62, 174
-0.999651, 141, 219, 156, 234
-0.999651, 317, 11, 332, 26
-0.999653, 229, 245, 244, 260
-0.999654, 205, 97, 220, 112
-0.999654, 79, 169, 94, 184
-0.999657, 171, 187, 186, 202
-0.999658, 161, 209, 176, 224
-0.999659, 205, 133, 220, 148
-0.99967, 175, 193, 190, 208
-0.999672, 25, 227, 40, 242
-0.999672, 191, 251, 206, 266
-0.999674, 39, 167, 54, 182
-0.999676, 111, 117, 126, 132
-0.99968, 125, 65, 156, 192
-0.99968, 59, 203, 74, 218
-0.999681, 73, 129, 88, 144
-0.999682, 291, 203, 306, 218
-0.999683, 41, 123, 56, 138
-0.999688, 7, 223, 22, 238
-0.99969, 63, 155, 78, 170
-0.99969, 79, 151, 94, 166
-0.99969, 353, 129, 384, 375
-0.999693, 265, 201, 280, 216
-0.999695, 199, 249, 214, 264
-0.9997, 199, 97, 214, 112
-0.999702, 285, 265, 300, 280
-0.999703, 189, 209, 204, 224
-0.999705, 53, 157, 68, 172
-0.999706, 441, 33, 472, 288
-0.999717, 205, 127, 220, 142
-0.999717, 99, 107, 114, 122
-0.999722, 349, 33, 380, 288
-0.999723, 209, 65, 224, 80
-0.999725, 73, 155, 88, 170
-0.999731, 169, 281, 184, 296
-0.999733, 203, 115, 218, 130
-0.999738, 125, 183, 140, 198
-0.999744, 201, 105, 216, 120
-0.999744, 153, 199, 168, 214
-0.999749, 95, 131, 110, 146
-0.999749, 279, 207, 294, 222
-0.999749, 105, 119, 120, 134
-0.999753, 161, 189, 176, 204
-0.999763, 381, 129, 412, 375
-0.99977, 249, 49, 280, 176
-0.999772, 231, 201, 246, 216
-0.999779, 393, 113, 456, 240
-0.999784, 25, 195, 40, 210
-0.999788, 217, 51, 232, 66
-0.999792, 177, 211, 192, 226
-0.999795, 197, 85, 212, 100
-0.9998, 135, 125, 150, 140
-0.9998, 117, 203, 132, 218
-0.999802, 35, 193, 50, 208
-0.999803, 141, 125, 156, 140
-0.999814, 205, 71, 220, 86
-0.999814, 63, 169, 78, 184
-0.999822, 227, 169, 242, 184
-0.999831, 31, 199, 46, 214
-0.99985, 75, 163, 90, 178
-0.999861, 133, 181, 148, 196
-0.999869, 45, 167, 60, 182
-0.999869, 107, 189, 122, 204
-0.999883, 13, 1, 44, 256
-0.999885, 105, 125, 120, 140
-0.999886, 221, 63, 236, 78
-0.999898, 135, 205, 150, 220
-0.999903, 215, 119, 230, 134
-0.999906, 179, 217, 194, 232
-0.999915, 19, 227, 34, 242
-0.999922, 35, 227, 50, 242
-0.999928, 213, 113, 228, 128
-0.999947, 69, 169, 84, 184
-0.99997, 99, 101, 114, 116
-1.00001, 99, 91, 114, 106
-1.00002, 213, 107, 228, 122
-1.00003, 211, 99, 226, 114
-1.00004, 469, 33, 500, 288
-1.00009, 133, 1, 164, 256
-1.00018, 209, 91, 224, 106
-1.00022, 111, 107, 126, 122
-1.00031, 1, 1, 500, 64
-1.00047, 417, 33, 448, 288
-1.00059, 469, 177, 500, 304
-1.00063, 301, 241, 332, 368
-1.00067, 429, 33, 460, 288
-1.00078, 389, 33, 420, 288
-1.00078, 405, 33, 436, 288
-1.00081, 161, 33, 192, 288
-1.00097, 409, 1, 472, 128
-1.00099, 365, 1, 396, 256
-1.00108, 377, 33, 408, 288
-1.00122, 313, 65, 344, 192
-1.0014, 445, 33, 476, 160
-1.00182, 181, 1, 212, 128
-1.00193, 1, 57, 128, 120
-1.00201, 37, 241, 68, 368
-1.00241, 193, 289, 320, 352
-1.00252, 65, 1, 192, 128
-1.00303, 353, 241, 416, 368
-1.00353, 1, 25, 128, 88
-1.00378, 361, 1, 424, 128
-1.004, 65, 9, 192, 72
-1.0043, 49, 33, 176, 96
-1.00432, 97, 1, 160, 128
-1.00525, 385, 33, 448, 160
-1.00528, 121, 65, 184, 192
-1.00538, 73, 17, 136, 144
-1.00588, 121, 17, 184, 144
-1.00746, 49, 57, 176, 120
-1.01198, 353, 97, 416, 224
