1996
-0.227364, 1, 129, 500, 375
-0.345473, 1, 33, 500, 288
-0.366787, 1, 1, 500, 375
-0.413994, 257, 33, 500, 288
-0.460385, 257, 1, 500, 375
-0.4882, 129, 1, 384, 375
-0.578668, 129, 97, 384, 352
-0.581978, 1, 129, 256, 375
-0.588365, 1, 1, 256, 375
-0.695915, 257, 129, 500, 375
-0.786604, 129, 1, 384, 256
-0.818664, 1, 129, 128, 375
-0.821158, 1, 33, 256, 288
-0.831448, 273, 33, 400, 288
-0.832507, 353, 33, 480, 288
-0.842368, 65, 129, 192, 375
-0.848041, 353, 1, 480, 375
-0.851699, 289, 1, 416, 375
-0.871212, 1, 97, 500, 224
-0.87324, 1, 145, 500, 272
-0.881358, 49, 1, 176, 375
-0.881441, 257, 65, 500, 192
-0.882952, 369, 129, 496, 375
-0.883735, 1, 193, 500, 320
-0.887945, 241, 1, 368, 375
-0.888644, 1, 1, 128, 375
-0.891586, 321, 129, 448, 375
-0.893572, 113, 129, 240, 375
-0.898022, 257, 129, 384, 375
-0.902436, 193, 1, 320, 375
-0.904548, 257, 113, 500, 240
-0.905242, 209, 97, 336, 352
-0.905596, 161, 145, 416, 272
-0.906082, 97, 1, 224, 375
-0.906916, 145, 1, 272, 375
-0.918957, 273, 65, 400, 192
-0.921558, 1, 129, 256, 256
-0.925071, 161, 97, 288, 352
-0.926454, 65, 33, 192, 288
-0.926974, 1, 129, 128, 256
-0.927256, 353, 49, 480, 176
-0.9274, 289, 65, 352, 192
-0.929412, 17, 33, 144, 288
-0.930184, 129, 193, 384, 320
-0.930797, 1, 225, 256, 352
-0.931103, 65, 129, 192, 256
-0.93113, 1, 49, 500, 176
-0.932941, 129, 97, 384, 224
-0.933547, 129, 129, 192, 256
-0.934553, 401, 49, 464, 176
-0.93561, 1, 129, 64, 256
-0.939728, 97, 209, 224, 336
-0.939788, 257, 193, 500, 320
-0.939968, 369, 177, 496, 304
-0.940322, 177, 1, 304, 256
-0.940347, 137, 209, 200, 336
-0.940387, 409, 161, 472, 288
-0.944483, 1, 241, 500, 368
-0.945743, 1, 241, 128, 368
-0.946266, 321, 65, 384, 192
-0.947764, 113, 33, 240, 288
-0.948688, 113, 225, 176, 352
-0.949581, 225, 1, 352, 256
-0.950245, 345, 65, 408, 192
-0.951102, 49, 225, 176, 352
-0.952264, 1, 193, 128, 320
-0.952302, 1, 177, 256, 304
-0.952487, 321, 193, 448, 320
-0.953063, 257, 145, 384, 272
-0.95437, 377, 65, 440, 192
-0.954821, 369, 129, 496, 256
-0.955066, 321, 145, 448, 272
-0.955138, 385, 161, 448, 288
-0.955568, 281, 113, 344, 240
-0.956084, 273, 193, 400, 320
-0.957574, 97, 129, 160, 256
-0.957742, 1, 193, 64, 320
-0.958137, 329, 145, 392, 272
-0.958508, 289, 73, 352, 136
-0.958566, 313, 193, 376, 320
-0.959137, 409, 177, 472, 240
-0.959289, 57, 241, 120, 368
-0.959334, 1, 241, 64, 368
-0.959465, 41, 129, 104, 256
-0.959693, 337, 193, 400, 320
-0.959789, 361, 193, 424, 320
-0.960001, 89, 225, 152, 352
-0.960123, 289, 193, 352, 320
-0.960275, 353, 145, 416, 272
-0.960629, 401, 65, 464, 128
-0.960815, 33, 241, 96, 368
-0.961196, 137, 225, 200, 288
-0.96122, 433, 145, 496, 272
-0.961645, 145, 193, 272, 320
-0.962173, 1, 137, 64, 200
-0.962544, 73, 129, 136, 256
-0.962665, 129, 137, 192, 200
-0.963548, 353, 65, 480, 128
-0.963772, 409, 113, 472, 240
-0.963985, 305, 145, 368, 272
-0.964273, 161, 193, 224, 320
-0.964642, 265, 161, 328, 288
-0.965203, 289, 33, 352, 288
-0.965281, 1, 137, 128, 200
-0.965683, 369, 65, 432, 128
-0.965967, 337, 65, 400, 128
-0.965976, 385, 185, 448, 248
-0.96599, 273, 73, 400, 136
-0.966146, 209, 145, 336, 272
-0.966499, 65, 137, 192, 200
-0.967126, 433, 161, 464, 288
-0.967676, 1, 129, 64, 375
-0.967722, 401, 33, 464, 288
-0.967771, 129, 49, 384, 176
-0.968009, 313, 65, 376, 128
-0.968175, 1, 249, 64, 312
-0.968212, 257, 17, 500, 144
-0.968621, 129, 129, 192, 375
-0.96868, 437, 49, 468, 176
-0.968682, 281, 161, 344, 224
-0.968972, 293, 65, 324, 192
-0.969055, 57, 193, 120, 320
-0.969176, 41, 137, 104, 200
-0.969305, 97, 129, 160, 375
-0.969348, 1, 1, 500, 128
-0.969509, 369, 33, 432, 288
-0.969695, 157, 129, 188, 256
-0.970222, 369, 177, 496, 240
-0.970264, 49, 129, 112, 375
-0.9703, 121, 249, 184, 312
-0.970389, 65, 137, 128, 200
-0.970513, 421, 161, 452, 288
-0.970601, 73, 129, 136, 375
-0.970912, 25, 129, 88, 375
-0.970929, 409, 201, 472, 264
-0.970964, 313, 33, 376, 288
-0.971336, 225, 65, 352, 192
-0.971359, 337, 201, 400, 264
-0.971475, 25, 249, 88, 312
-0.971492, 105, 137, 168, 200
-0.971551, 377, 113, 440, 240
-0.97161, 313, 201, 376, 264
-0.971622, 409, 137, 472, 200
-0.971666, 9, 129, 40, 256
-0.971716, 437, 65, 468, 128
-0.971768, 433, 169, 464, 232
-0.971855, 281, 137, 344, 200
-0.97205, 313, 177, 376, 240
-0.972075, 289, 201, 352, 264
-0.972081, 1, 225, 64, 288
-0.972605, 345, 33, 408, 288
-0.97261, 361, 201, 424, 264
-0.972679, 161, 193, 192, 320
-0.972907, 249, 113, 312, 240
-0.972985, 153, 225, 184, 288
-0.973036, 281, 105, 344, 168
-0.973067, 97, 249, 160, 312
-0.973182, 149, 209, 180, 336
-0.973229, 161, 217, 224, 280
-0.97332, 409, 105, 472, 168
-0.973405, 49, 249, 112, 312
-0.973523, 361, 177, 424, 240
-0.973615, 1, 81, 256, 208
-0.97365, 97, 177, 160, 304
-0.97371, 365, 65, 396, 192
-0.973901, 337, 177, 400, 240
-0.974051, 337, 65, 368, 192
-0.974101, 293, 73, 324, 136
-0.97419, 177, 97, 304, 224
-0.974247, 113, 225, 176, 288
-0.974399, 73, 249, 136, 312
-0.974492, 257, 177, 320, 240
-0.974612, 305, 17, 432, 144
-0.974867, 321, 185, 448, 248
-0.975029, 165, 233, 196, 296
-0.975086, 145, 249, 208, 312
-0.975107, 97, 233, 224, 296
-0.975167, 433, 193, 496, 256
-0.975182, 337, 17, 400, 144
-0.975187, 33, 193, 96, 320
-0.975275, 97, 241, 352, 368
-0.975279, 137, 185, 200, 248
-0.97544, 157, 137, 188, 200
-0.975453, 49, 177, 176, 304
-0.975527, 381, 65, 412, 192
-0.975627, 377, 17, 440, 144
-0.975684, 1, 169, 64, 232
-0.975962, 137, 161, 200, 224
-0.976126, 409, 129, 472, 375
-0.976128, 325, 65, 356, 192
-0.976245, 309, 65, 340, 192
-0.976314, 169, 145, 232, 272
-0.976335, 369, 201, 496, 264
-0.97638, 425, 49, 488, 176
-0.97656, 337, 129, 400, 375
-0.976593, 145, 145, 272, 272
-0.976599, 33, 81, 160, 208
-0.976765, 1, 249, 128, 312
-0.9768, 445, 161, 476, 288
-0.976829, 353, 65, 384, 192
-0.976985, 249, 121, 312, 184
-0.977032, 1, 193, 64, 256
-0.977101, 169, 193, 232, 256
-0.977235, 9, 137, 40, 200
-0.977255, 305, 17, 368, 144
-0.977418, 249, 97, 312, 160
-0.977562, 365, 65, 396, 128
-0.977574, 385, 209, 448, 272
-0.977676, 169, 153, 232, 216
-0.977796, 5, 193, 36, 320
-0.977805, 89, 225, 152, 288
-0.977812, 385, 65, 416, 128
-0.977828, 273, 201, 400, 264
-0.97811, 137, 225, 168, 352
-0.978185, 377, 129, 440, 375
-0.978203, 257, 177, 384, 240
-0.978213, 337, 121, 400, 184
-0.97829, 33, 225, 96, 288
-0.978342, 305, 129, 368, 375
-0.978481, 433, 169, 496, 232
-0.978491, 417, 185, 448, 248
-0.97865, 57, 81, 120, 208
-0.978937, 257, 121, 384, 184
-0.978939, 397, 65, 428, 128
-0.979155, 281, 129, 344, 375
-0.979155, 1, 241, 32, 368
-0.979193, 249, 153, 312, 216
-0.979253, 65, 225, 128, 288
-0.979326, 393, 65, 424, 192
-0.979368, 273, 145, 400, 208
-0.979388, 265, 65, 328, 192
-0.979394, 153, 129, 216, 375
-0.979468, 257, 97, 384, 160
-0.979469, 385, 41, 448, 104
-0.97952, 113, 81, 176, 208
-0.979679, 425, 65, 488, 128
-0.979741, 433, 145, 496, 208
-0.979753, 313, 129, 376, 192
-0.979757, 345, 89, 408, 152
-0.979768, 57, 113, 120, 176
-0.979903, 369, 121, 496, 184
-0.980007, 369, 97, 496, 160
-0.980034, 353, 41, 416, 104
-0.980085, 361, 129, 424, 192
-0.980233, 81, 113, 144, 176
-0.980258, 113, 113, 176, 176
-0.980269, 405, 201, 436, 264
-0.980334, 289, 49, 352, 112
-0.980384, 113, 201, 176, 264
-0.980452, 49, 249, 176, 312
-0.980498, 361, 145, 392, 272
-0.980535, 41, 137, 72, 200
-0.980536, 265, 73, 328, 136
-0.980574, 373, 145, 404, 272
-0.980587, 161, 201, 192, 264
-0.980698, 125, 225, 156, 352
-0.980784, 1, 241, 32, 304
-0.980809, 89, 81, 152, 208
-0.980856, 385, 201, 416, 264
-0.980866, 433, 129, 496, 375
-0.980961, 101, 137, 132, 200
-0.980974, 345, 65, 376, 128
-0.981013, 417, 65, 448, 128
-0.981123, 437, 113, 468, 240
-0.981156, 385, 161, 448, 224
-0.981216, 1, 225, 128, 288
-0.981248, 433, 105, 496, 168
-0.981293, 33, 113, 96, 176
-0.981332, 289, 145, 320, 272
-0.981389, 333, 65, 364, 128
-0.981407, 169, 129, 232, 192
-0.98141, 409, 161, 440, 288
-0.9815, 325, 161, 356, 288
-0.981503, 369, 105, 432, 168
-0.981518, 313, 73, 344, 136
-0.981587, 361, 193, 392, 320
-0.981601, 69, 137, 100, 200
-0.981757, 313, 1, 376, 375
-0.981767, 393, 1, 456, 375
-0.981866, 265, 201, 328, 264
-0.981922, 421, 49, 452, 176
-0.981949, 345, 193, 376, 320
-0.981957, 1, 113, 64, 176
-0.98196, 85, 241, 116, 368
-0.982009, 57, 241, 88, 368
-0.982098, 129, 129, 160, 256
-0.982136, 353, 1, 416, 375
-0.982173, 385, 129, 448, 192
-0.98222, 85, 129, 116, 256
-0.982221, 169, 241, 232, 304
-0.982286, 141, 241, 172, 304
-0.982313, 289, 1, 352, 375
-0.982377, 369, 153, 496, 216
-0.982401, 97, 241, 128, 368
-0.982446, 357, 201, 388, 264
-0.982466, 381, 193, 412, 320
-0.982466, 393, 193, 424, 320
-0.982492, 9, 81, 72, 208
-0.982539, 405, 49, 436, 176
-0.982547, 145, 217, 272, 280
-0.982567, 313, 193, 344, 320
-0.982567, 257, 97, 320, 352
-0.982664, 401, 209, 464, 336
-0.982679, 81, 209, 208, 272
-0.982723, 317, 185, 348, 248
-0.982729, 173, 193, 204, 320
-0.982777, 305, 105, 368, 168
-0.982792, 329, 41, 392, 104
-0.982792, 409, 41, 472, 104
-0.98284, 425, 33, 488, 288
-0.98287, 81, 137, 112, 200
-0.982938, 313, 145, 344, 272
-0.982954, 41, 241, 72, 368
-0.982959, 321, 153, 384, 216
-0.983014, 345, 145, 376, 272
-0.983136, 337, 201, 368, 264
-0.983208, 209, 177, 336, 240
-0.983221, 113, 225, 144, 352
-0.983403, 57, 129, 88, 256
-0.983418, 225, 193, 352, 320
-0.983438, 321, 161, 448, 224
-0.983457, 29, 241, 60, 368
-0.983514, 41, 129, 72, 256
-0.983584, 33, 81, 96, 208
-0.983614, 301, 145, 332, 272
-0.983643, 137, 273, 200, 336
-0.983643, 373, 201, 404, 264
-0.983644, 69, 241, 100, 368
-0.983649, 113, 129, 144, 256
-0.983668, 141, 129, 172, 256
-0.98373, 153, 249, 184, 312
-0.983754, 53, 137, 84, 200
-0.98376, 13, 241, 44, 368
-0.983826, 121, 137, 152, 200
-0.983902, 137, 113, 200, 176
-0.983918, 29, 249, 60, 312
-0.983931, 437, 145, 468, 208
-0.98394, 289, 177, 320, 240
-0.983969, 97, 129, 128, 256
-0.984014, 65, 185, 128, 248
-0.984104, 437, 209, 468, 272
-0.984154, 125, 249, 156, 312
-0.984168, 321, 97, 448, 224
-0.984254, 241, 73, 304, 136
-0.984286, 73, 129, 104, 256
-0.984516, 89, 185, 152, 248
-0.984527, 385, 145, 416, 272
-0.984529, 305, 185, 336, 248
-0.984564, 433, 97, 496, 224
-0.984574, 345, 153, 408, 216
-0.984708, 1, 185, 128, 248
-0.984711, 41, 249, 72, 312
-0.984811, 81, 177, 208, 240
-0.984829, 289, 121, 320, 184
-0.98486, 249, 49, 312, 112
-0.984879, 445, 185, 476, 248
-0.984883, 133, 137, 164, 200
-0.984964, 17, 249, 48, 312
-0.985022, 301, 193, 332, 320
-0.985119, 97, 249, 128, 312
-0.985181, 293, 201, 324, 264
-0.985206, 449, 113, 480, 240
-0.985239, 29, 129, 60, 256
-0.985298, 129, 33, 192, 288
-0.985408, 329, 177, 360, 240
-0.985447, 341, 177, 372, 240
-0.985454, 425, 209, 456, 272
-0.985482, 145, 137, 176, 200
-0.985519, 361, 177, 392, 240
-0.985581, 257, 17, 384, 144
-0.985587, 85, 249, 116, 312
-0.985645, 397, 145, 428, 272
-0.985661, 29, 137, 60, 200
-0.985869, 1, 161, 128, 224
-0.986048, 373, 177, 404, 240
-0.986054, 145, 161, 272, 224
-0.986071, 81, 81, 208, 208
-0.986128, 437, 113, 468, 176
-0.986135, 41, 177, 104, 240
-0.98615, 293, 145, 324, 208
-0.986211, 5, 161, 36, 224
-0.986214, 89, 161, 152, 224
-0.986314, 305, 49, 432, 112
-0.986324, 193, 129, 320, 192
-0.986409, 73, 273, 136, 336
-0.98641, 273, 169, 304, 232
-0.986417, 53, 249, 84, 312
-0.98649, 433, 41, 496, 104
-0.986538, 273, 129, 304, 256
-0.986605, 385, 177, 416, 240
-0.986757, 1, 281, 64, 344
-0.986788, 141, 217, 172, 280
-0.986803, 113, 249, 144, 312
-0.986916, 257, 65, 500, 128
-0.98694, 129, 1, 192, 375
-0.986996, 73, 1, 136, 375
-0.987043, 289, 97, 320, 160
-0.987173, 321, 209, 448, 272
-0.987207, 405, 177, 436, 240
-0.987229, 69, 249, 100, 312
-0.987258, 1, 1, 64, 375
-0.987279, 173, 209, 204, 272
-0.987307, 161, 273, 224, 336
-0.987377, 5, 185, 36, 248
-0.98738, 105, 1, 168, 375
-0.987418, 193, 17, 320, 144
-0.987427, 33, 1, 96, 375
-0.987494, 97, 193, 128, 320
-0.987532, 193, 105, 320, 168
-0.987553, 421, 113, 452, 240
-0.987689, 65, 161, 128, 224
-0.987712, 289, 73, 352, 104
-0.987729, 41, 273, 104, 336
-0.987738, 161, 241, 192, 368
-0.987815, 105, 33, 168, 288
-0.987913, 41, 201, 104, 264
-0.988059, 113, 273, 176, 336
-0.9881, 137, 177, 168, 304
-0.988128, 433, 193, 496, 320
-0.988199, 357, 113, 388, 176
-0.988218, 177, 233, 208, 296
-0.988271, 9, 217, 40, 280
-0.988366, 281, 17, 344, 144
-0.988405, 329, 289, 392, 352
-0.988425, 401, 69, 464, 100
-0.988435, 81, 33, 144, 288
-0.988477, 177, 97, 240, 352
-0.988531, 1, 141, 64, 172
-0.988563, 417, 1, 480, 375
-0.988575, 9, 33, 72, 288
-0.988578, 137, 81, 200, 208
-0.988605, 453, 145, 484, 208
-0.988614, 37, 225, 68, 288
-0.988617, 41, 33, 104, 288
-0.988672, 289, 193, 320, 320
-0.988714, 353, 281, 416, 344
-0.988726, 97, 257, 224, 320
-0.988734, 241, 65, 304, 192
-0.988849, 305, 281, 368, 344
-0.988863, 1, 281, 128, 344
-0.988878, 457, 89, 488, 152
-0.988896, 129, 137, 192, 168
-0.988916, 17, 193, 48, 320
-0.988918, 77, 193, 108, 320
-0.988967, 169, 97, 232, 224
-0.988968, 137, 229, 200, 260
-0.989011, 313, 73, 376, 104
-0.989021, 409, 113, 440, 240
-0.98904, 225, 73, 352, 136
-0.98909, 113, 177, 176, 240
-0.989142, 257, 161, 500, 224
-0.989174, 409, 189, 472, 220
-0.989208, 113, 137, 240, 200
-0.989242, 457, 169, 488, 232
-0.989345, 161, 177, 192, 240
-0.989374, 129, 177, 384, 240
-0.989374, 193, 153, 320, 216
-0.989399, 137, 241, 200, 272
-0.989432, 169, 105, 232, 168
-0.989443, 265, 1, 328, 375
-0.989452, 145, 185, 272, 248
-0.989511, 325, 113, 356, 240
-0.989528, 409, 177, 472, 208
-0.98957, 437, 89, 468, 152
-0.989627, 113, 225, 144, 288
-0.989665, 401, 201, 464, 232
-0.989679, 345, 73, 408, 104
-0.98972, 37, 193, 68, 320
-0.989802, 257, 129, 500, 192
-0.989804, 281, 65, 312, 192
-0.989823, 65, 193, 96, 320
-0.989881, 249, 1, 312, 256
-0.989882, 33, 113, 160, 176
-0.989964, 145, 241, 272, 304
-0.989992, 377, 197, 440, 228
-0.99, 113, 245, 176, 276
-0.990026, 281, 273, 344, 336
-0.990086, 433, 217, 496, 280
-0.990161, 41, 253, 104, 284
-0.990183, 373, 17, 404, 144
-0.990187, 1, 253, 64, 284
-0.990216, 273, 97, 304, 160
-0.990241, 161, 241, 224, 368
-0.990281, 41, 141, 104, 172
-0.990307, 1, 137, 256, 200
-0.990336, 257, 89, 500, 152
-0.99034, 281, 173, 344, 204
-0.990345, 281, 185, 344, 216
-0.990383, 329, 265, 392, 328
-0.990389, 25, 225, 56, 288
-0.990395, 309, 161, 340, 224
-0.990455, 105, 137, 168, 168
-0.990477, 177, 161, 208, 224
-0.990517, 129, 153, 384, 216
-0.990541, 281, 197, 344, 228
-0.99057, 281, 141, 344, 172
-0.99057, 369, 73, 432, 104
-0.990573, 353, 17, 384, 144
-0.990599, 281, 121, 344, 152
-0.990605, 249, 17, 312, 144
-0.990623, 457, 113, 488, 176
-0.990663, 425, 201, 488, 232
-0.990719, 337, 197, 400, 228
-0.990741, 129, 225, 160, 288
-0.990749, 125, 177, 156, 304
-0.990788, 409, 109, 472, 140
-0.990883, 9, 241, 72, 272
-0.990903, 53, 193, 84, 320
-0.990929, 353, 1, 480, 128
-0.99093, 129, 1, 384, 128
-0.990945, 305, 193, 368, 224
-0.990963, 137, 217, 200, 248
-0.990972, 377, 273, 440, 336
-0.990986, 409, 145, 472, 176
-0.991009, 313, 205, 376, 236
-0.99104, 1, 161, 500, 224
-0.991062, 65, 253, 128, 284
-0.991076, 281, 109, 344, 140
-0.991094, 377, 209, 440, 240
-0.991105, 289, 89, 352, 120
-0.991115, 89, 249, 152, 280
-0.991121, 129, 97, 256, 224
-0.991132, 233, 177, 296, 240
-0.99114, 409, 121, 472, 152
-0.991169, 65, 141, 128, 172
-0.991176, 389, 17, 420, 144
-0.991188, 1, 233, 256, 296
-0.991191, 281, 161, 344, 192
-0.991196, 169, 217, 232, 248
-0.991209, 409, 165, 472, 196
-0.991241, 273, 121, 304, 184
-0.991243, 145, 241, 272, 368
-0.991244, 325, 17, 356, 144
-0.9913, 309, 49, 340, 112
-0.991305, 389, 41, 420, 104
-0.991333, 321, 49, 352, 112
-0.991337, 129, 129, 384, 192
-0.991339, 161, 237, 224, 268
-0.991342, 257, 185, 500, 248
-0.991351, 169, 1, 232, 375
-0.991364, 409, 97, 472, 128
-0.991377, 169, 145, 200, 272
-0.991377, 321, 105, 448, 168
-0.991399, 417, 41, 448, 104
-0.991406, 185, 265, 248, 328
-0.991418, 381, 121, 412, 184
-0.991418, 369, 129, 400, 192
-0.991418, 137, 181, 200, 212
-0.991429, 409, 81, 472, 112
-0.991464, 193, 241, 256, 304
-0.991487, 437, 69, 468, 100
-0.991494, 1, 153, 64, 184
-0.99152, 337, 17, 368, 144
-0.99154, 53, 113, 84, 176
-0.991583, 409, 133, 472, 164
-0.991618, 225, 145, 288, 208
-0.991639, 305, 257, 368, 320
-0.991698, 53, 225, 84, 288
-0.99171, 377, 89, 408, 152
-0.991715, 353, 257, 416, 320
-0.991716, 137, 193, 200, 224
-0.991719, 65, 225, 96, 288
-0.991729, 137, 253, 200, 284
-0.991733, 1, 221, 64, 252
-0.991734, 257, 189, 320, 220
-0.991771, 329, 233, 392, 296
-0.991774, 137, 157, 200, 188
-0.9918, 293, 73, 324, 104
-0.991823, 385, 185, 448, 216
-0.991881, 169, 165, 232, 196
-0.991918, 249, 133, 312, 164
-0.991919, 401, 1, 464, 128
-0.991942, 1, 189, 64, 220
-0.991946, 137, 169, 200, 200
-0.991968, 161, 201, 416, 264
-0.991975, 401, 41, 432, 104
-0.991981, 161, 249, 224, 280
-0.991985, 225, 113, 288, 176
-0.99199, 409, 213, 472, 244
-0.991991, 169, 153, 232, 184
-0.991996, 257, 225, 320, 288
-0.991996, 281, 297, 344, 360
-0.991997, 1, 205, 64, 236
-0.991998, 1, 137, 500, 200
-0.992004, 137, 205, 200, 236
-0.992005, 169, 185, 232, 216
-0.992022, 65, 241, 128, 272
-0.992022, 345, 133, 408, 164
-0.992049, 249, 101, 312, 132
-0.992064, 149, 113, 180, 176
-0.992083, 457, 65, 488, 192
-0.992131, 1, 177, 64, 208
-0.992134, 249, 145, 312, 176
-0.992139, 273, 249, 336, 312
-0.992158, 85, 113, 116, 176
-0.992173, 1, 165, 64, 196
-0.992181, 169, 205, 232, 236
-0.992182, 185, 217, 248, 280
-0.992186, 321, 141, 384, 172
-0.992189, 233, 225, 296, 288
-0.992194, 105, 233, 168, 264
-0.9922, 41, 241, 104, 272
-0.992218, 377, 297, 440, 360
-0.992224, 249, 121, 312, 152
-0.992236, 353, 225, 416, 288
-0.992247, 305, 305, 368, 368
-0.992262, 165, 241, 196, 272
-0.992278, 353, 209, 416, 240
-0.992283, 5, 141, 36, 172
-0.992285, 321, 137, 448, 200
-0.992318, 329, 61, 392, 92
-0.992324, 305, 17, 336, 144
-0.992341, 425, 69, 488, 100
-0.992352, 249, 169, 312, 200
-0.992361, 305, 225, 368, 288
-0.992361, 157, 137, 188, 168
-0.992371, 305, 61, 368, 92
-0.992373, 265, 73, 328, 104
-0.992375, 353, 61, 416, 92
-0.992392, 437, 173, 468, 204
-0.99241, 321, 153, 384, 184
-0.992458, 201, 105, 264, 168
-0.992472, 153, 225, 184, 256
-0.99248, 313, 73, 344, 104
-0.992488, 337, 121, 400, 152
-0.99249, 249, 89, 312, 120
-0.992492, 81, 129, 144, 160
-0.992511, 249, 157, 312, 188
-0.992515, 325, 73, 356, 104
-0.992521, 373, 41, 404, 104
-0.992521, 365, 73, 396, 104
-0.992523, 113, 113, 144, 176
-0.99253, 93, 225, 124, 288
-0.992531, 1, 185, 500, 248
-0.992542, 433, 165, 496, 196
-0.992559, 381, 73, 412, 104
-0.992561, 1, 257, 32, 288
-0.992575, 353, 305, 416, 368
-0.992586, 437, 209, 468, 240
-0.992592, 345, 185, 408, 216
-0.992598, 377, 61, 440, 92
-0.992606, 145, 81, 176, 208
-0.99261, 41, 129, 104, 160
-0.992613, 449, 65, 480, 128
-0.992613, 305, 129, 368, 160
-0.992619, 377, 173, 440, 204
-0.992622, 337, 73, 368, 104
-0.992646, 133, 113, 164, 176
-0.992651, 401, 273, 464, 336
-0.992672, 281, 73, 312, 136
-0.992682, 109, 81, 140, 208
-0.992704, 365, 89, 396, 152
-0.992706, 85, 81, 116, 208
-0.992711, 153, 249, 184, 280
-0.992713, 433, 137, 496, 168
-0.992726, 321, 193, 352, 224
-0.992755, 349, 73, 380, 104
-0.992757, 225, 201, 288, 264
-0.992764, 169, 141, 232, 172
-0.992774, 113, 177, 144, 304
-0.992786, 201, 81, 264, 144
-0.992796, 345, 97, 376, 160
-0.992803, 309, 193, 340, 224
-0.992805, 377, 249, 440, 312
-0.992815, 201, 137, 264, 200
-0.992815, 1, 305, 64, 368
-0.992815, 329, 85, 392, 116
-0.992844, 57, 81, 88, 208
-0.992851, 45, 141, 76, 172
-0.992855, 425, 209, 456, 240
-0.992858, 141, 245, 172, 276
-0.99289, 429, 41, 460, 104
-0.992896, 345, 173, 408, 204
-0.992902, 369, 129, 432, 160
-0.992912, 313, 181, 376, 212
-0.992915, 361, 197, 392, 228
-0.992923, 297, 49, 328, 112
-0.993019, 353, 97, 416, 128
-0.99302, 81, 113, 208, 176
-0.99302, 125, 81, 156, 208
-0.993026, 165, 229, 196, 260
-0.993031, 433, 177, 496, 208
-0.993032, 393, 73, 424, 104
-0.993044, 69, 141, 100, 172
-0.993057, 409, 69, 440, 100
-0.993069, 409, 205, 440, 236
-0.993083, 1, 129, 64, 160
-0.993088, 345, 145, 408, 176
-0.993089, 377, 205, 408, 236
-0.993093, 65, 113, 96, 176
-0.993118, 121, 137, 152, 168
-0.99313, 33, 141, 64, 172
-0.993149, 293, 201, 324, 232
-0.99315, 341, 121, 372, 184
-0.993156, 133, 137, 164, 168
-0.993166, 425, 69, 456, 100
-0.993177, 437, 197, 468, 228
-0.993177, 361, 161, 424, 192
-0.993191, 345, 197, 376, 228
-0.993212, 77, 253, 108, 284
-0.993213, 397, 209, 428, 240
-0.993221, 241, 1, 304, 375
-0.993227, 97, 233, 352, 296
-0.993228, 113, 125, 176, 156
-0.993231, 437, 161, 468, 192
-0.99324, 113, 217, 176, 248
-0.99325, 177, 241, 208, 272
-0.993253, 57, 253, 88, 284
-0.993254, 273, 189, 304, 220
-0.993255, 293, 189, 324, 220
-0.993257, 333, 193, 364, 224
-0.993265, 289, 129, 320, 160
-0.993274, 93, 137, 124, 168
-0.993278, 105, 137, 136, 168
-0.993284, 45, 253, 76, 284
-0.993306, 333, 205, 364, 236
-0.993307, 153, 237, 184, 268
-0.993311, 145, 269, 208, 300
-0.993316, 101, 113, 132, 176
-0.993324, 1, 113, 500, 176
-0.993325, 433, 125, 496, 156
-0.993333, 361, 41, 392, 104
-0.993335, 453, 201, 484, 232
-0.993344, 433, 101, 496, 132
-0.993345, 161, 213, 192, 244
-0.993351, 145, 137, 176, 168
-0.993354, 145, 113, 272, 176
-0.993364, 433, 113, 496, 144
-0.993373, 1, 185, 256, 248
-0.993379, 57, 141, 88, 172
-0.993386, 77, 225, 108, 288
-0.993427, 289, 89, 320, 120
-0.993427, 289, 117, 320, 148
-0.99344, 1, 209, 256, 272
-0.993443, 289, 145, 320, 176
-0.993445, 437, 145, 468, 176
-0.993451, 377, 117, 440, 148
-0.993451, 121, 249, 152, 280
-0.993457, 433, 189, 496, 220
-0.993458, 257, 201, 320, 232
-0.993459, 421, 197, 452, 228
-0.993463, 433, 89, 496, 120
-0.993467, 389, 197, 420, 228
-0.993475, 33, 253, 64, 284
-0.993478, 81, 141, 112, 172
-0.993483, 5, 153, 36, 184
-0.993488, 453, 173, 484, 204
-0.993491, 437, 129, 468, 160
-0.993503, 17, 141, 48, 172
-0.993507, 273, 73, 400, 104
-0.993524, 313, 169, 376, 200
-0.993538, 289, 165, 320, 196
-0.99354, 437, 185, 468, 216
-0.993541, 433, 149, 496, 180
-0.99355, 169, 129, 232, 160
-0.993559, 1, 161, 256, 224
-0.99356, 385, 161, 448, 192
-0.993561, 9, 245, 40, 276
-0.993562, 73, 81, 104, 208
-0.993564, 109, 249, 140, 280
-0.993566, 65, 189, 128, 220
-0.993573, 9, 137, 24, 200
-0.993574, 5, 193, 36, 224
-0.993574, 321, 109, 384, 140
-0.993578, 169, 261, 232, 292
-0.993601, 121, 265, 184, 296
-0.993606, 89, 249, 120, 280
-0.99363, 5, 165, 36, 196
-0.993642, 5, 213, 36, 244
-0.993646, 437, 105, 468, 136
-0.99365, 177, 185, 208, 248
-0.993654, 289, 177, 320, 208
-0.99366, 153, 33, 216, 288
-0.993664, 353, 85, 416, 116
-0.993669, 225, 201, 352, 264
-0.99367, 161, 173, 192, 204
-0.99367, 289, 105, 320, 136
-0.993676, 353, 41, 480, 104
-0.993682, 273, 145, 304, 208
-0.993689, 321, 137, 352, 200
-0.99369, 241, 77, 304, 108
-0.993697, 181, 229, 212, 260
-0.993699, 385, 145, 448, 176
-0.993708, 161, 185, 192, 216
-0.993722, 353, 137, 384, 200
-0.993722, 33, 113, 64, 176
-0.993723, 281, 61, 344, 92
-0.993733, 321, 205, 352, 236
-0.993736, 425, 173, 456, 204
-0.993749, 345, 109, 408, 140
-0.993755, 165, 253, 196, 284
-0.993774, 377, 93, 440, 124
-0.993789, 97, 81, 128, 208
-0.993792, 161, 161, 192, 192
-0.993792, 65, 137, 192, 168
-0.993794, 57, 241, 88, 272
-0.993794, 161, 201, 192, 232
-0.993796, 5, 181, 36, 212
-0.993799, 353, 69, 480, 100
-0.993803, 121, 277, 184, 308
-0.993807, 173, 217, 204, 248
-0.993821, 345, 141, 376, 172
-0.993826, 373, 193, 404, 224
-0.993828, 49, 201, 112, 232
-0.993843, 401, 57, 464, 88
-0.993858, 273, 177, 304, 208
-0.993859, 381, 133, 412, 164
-0.993865, 453, 189, 484, 220
-0.993867, 457, 97, 488, 128
-0.993913, 21, 253, 52, 284
-0.993919, 457, 117, 488, 148
-0.993923, 177, 169, 208, 200
-0.993929, 5, 225, 36, 256
-0.993931, 453, 161, 484, 192
-0.993937, 437, 117, 468, 148
-0.993947, 177, 181, 208, 212
-0.993968, 451, 65, 466, 128
-0.99397, 441, 81, 472, 112
-0.993972, 457, 77, 488, 108
-0.993979, 129, 237, 160, 268
-0.99398, 425, 145, 456, 208
-0.993989, 365, 97, 396, 128
-0.993992, 369, 61, 400, 92
-0.993995, 69, 241, 100, 272
-0.994004, 381, 61, 412, 92
-0.994008, 161, 149, 192, 180
-0.994027, 457, 133, 488, 164
-0.994043, 1, 141, 128, 172
-0.99406, 409, 193, 440, 224
-0.99407, 273, 125, 304, 156
-0.994071, 441, 93, 472, 124
-0.994087, 273, 85, 304, 116
-0.994093, 341, 113, 372, 144
-0.994099, 177, 157, 208, 188
-0.994106, 389, 97, 420, 160
-0.994114, 349, 61, 380, 92
-0.994127, 337, 61, 368, 92
-0.994131, 457, 145, 488, 176
-0.994143, 281, 201, 312, 232
-0.994143, 273, 137, 304, 168
-0.994146, 177, 145, 208, 176
-0.99415, 325, 61, 356, 92
-0.99415, 57, 129, 88, 160
-0.994155, 333, 137, 364, 168
-0.994157, 393, 61, 424, 92
-0.994159, 177, 193, 208, 224
-0.994164, 157, 129, 188, 375
-0.994174, 437, 33, 468, 288
-0.994176, 273, 97, 304, 128
-0.994189, 177, 137, 208, 200
-0.994201, 309, 205, 340, 236
-0.994201, 45, 241, 76, 272
-0.994211, 9, 129, 40, 375
-0.994266, 29, 81, 60, 208
-0.994268, 17, 113, 48, 176
-0.99427, 177, 81, 304, 144
-0.994284, 293, 33, 324, 288
-0.994301, 295, 73, 310, 136
-0.994316, 353, 193, 480, 224
-0.994383, 193, 49, 320, 112
-0.994413, 321, 233, 448, 296
-0.994439, 449, 169, 464, 232
-0.994465, 81, 249, 208, 280
-0.994469, 97, 105, 352, 168
-0.994473, 5, 265, 36, 328
-0.994507, 45, 81, 76, 208
-0.994511, 167, 225, 182, 288
-0.994517, 17, 81, 48, 208
-0.994556, 169, 137, 184, 200
-0.994577, 175, 233, 190, 296
-0.994791, 29, 129, 60, 375
-0.994798, 389, 65, 404, 128
-0.9948, 93, 129, 124, 375
-0.994826, 369, 173, 496, 204
-0.994831, 169, 257, 200, 320
-0.994857, 325, 113, 356, 176
-0.994873, 273, 193, 304, 256
-0.994923, 457, 193, 488, 256
-0.994943, 401, 65, 416, 128
-0.994945, 345, 41, 376, 104
-0.994985, 373, 65, 388, 128
-0.994985, 105, 129, 136, 375
-0.994999, 159, 217, 174, 280
-0.995018, 369, 161, 496, 192
-0.995028, 1, 257, 256, 320
-0.995032, 381, 65, 396, 128
-0.995067, 81, 129, 112, 375
-0.995067, 1, 253, 128, 284
-0.995073, 49, 129, 80, 375
-0.995081, 361, 33, 392, 288
-0.995134, 385, 33, 416, 288
-0.995136, 69, 129, 100, 375
-0.995136, 129, 129, 160, 375
-0.995214, 395, 65, 410, 128
-0.995228, 359, 65, 374, 128
-0.995255, 421, 33, 452, 288
-0.99529, 257, 161, 384, 192
-0.995306, 117, 129, 148, 375
-0.995311, 425, 185, 440, 248
-0.995312, 175, 209, 190, 272
-0.995313, 277, 177, 308, 304
-0.995321, 181, 145, 212, 272
-0.995337, 337, 33, 368, 288
-0.99534, 173, 241, 204, 368
-0.995351, 293, 17, 324, 144
-0.995359, 433, 209, 464, 336
-0.995377, 257, 209, 500, 272
-0.995382, 413, 129, 444, 192
-0.995393, 413, 65, 428, 128
-0.995394, 409, 201, 424, 264
-0.995397, 257, 193, 384, 224
-0.995406, 305, 209, 336, 272
-0.995417, 431, 185, 446, 248
-0.99546, 49, 137, 64, 200
-0.995461, 409, 33, 440, 288
-0.995468, 321, 205, 448, 236
-0.995483, 439, 65, 454, 128
-0.995489, 399, 201, 414, 264
-0.995495, 1, 233, 500, 296
-0.995495, 407, 65, 422, 128
-0.995504, 429, 65, 444, 128
-0.995514, 365, 65, 380, 128
-0.995526, 419, 65, 434, 128
-0.995527, 257, 149, 384, 180
-0.995534, 339, 185, 354, 248
-0.995565, 1, 89, 500, 152
-0.995567, 349, 201, 364, 264
-0.995573, 347, 65, 362, 128
-0.995577, 363, 201, 378, 264
-0.99559, 325, 33, 356, 288
-0.995593, 97, 237, 224, 268
-0.995594, 153, 217, 168, 280
-0.995605, 257, 173, 384, 204
-0.995622, 401, 121, 432, 184
-0.995626, 445, 65, 460, 128
-0.995645, 369, 109, 496, 140
-0.99565, 55, 137, 70, 200
-0.995651, 109, 137, 124, 200
-0.995657, 83, 137, 98, 200
-0.995665, 397, 33, 428, 288
-0.995666, 369, 205, 496, 236
-0.995669, 305, 33, 336, 288
-0.995671, 335, 65, 350, 128
-0.995677, 101, 137, 116, 200
-0.995679, 145, 129, 176, 375
-0.995687, 323, 73, 338, 136
-0.995698, 333, 209, 364, 336
-0.995703, 75, 137, 90, 200
-0.995706, 373, 33, 404, 288
-0.995712, 273, 109, 400, 140
-0.995719, 155, 241, 170, 304
-0.995734, 273, 205, 400, 236
-0.995735, 325, 193, 340, 256
-0.995736, 331, 177, 346, 240
-0.995749, 95, 137, 110, 200
-0.99576, 349, 33, 380, 288
-0.995763, 97, 221, 224, 252
-0.995781, 89, 137, 104, 200
-0.995783, 437, 169, 452, 232
-0.995792, 161, 241, 176, 304
-0.995799, 157, 273, 188, 336
-0.995808, 369, 149, 496, 180
-0.99583, 319, 177, 334, 240
-0.995846, 353, 65, 368, 128
-0.995865, 371, 177, 386, 240
-0.995867, 417, 185, 432, 248
-0.995891, 257, 89, 384, 120
-0.995904, 1, 241, 128, 272
-0.995931, 383, 201, 398, 264
-0.995937, 369, 121, 496, 152
-0.995962, 257, 137, 384, 168
-0.995967, 365, 153, 396, 216
-0.995976, 445, 209, 460, 272
-0.995981, 369, 137, 496, 168
-0.995982, 329, 73, 344, 136
-0.995989, 439, 209, 454, 272
-0.995991, 317, 65, 332, 128
-0.995999, 453, 193, 468, 256
-0.996006, 377, 201, 392, 264
-0.996014, 161, 81, 416, 144
-0.996016, 305, 193, 432, 224
-0.996021, 369, 201, 384, 264
-0.996023, 233, 97, 296, 352
-0.996026, 5, 233, 20, 296
-0.996038, 51, 249, 66, 312
-0.99605, 359, 177, 374, 240
-0.996052, 369, 97, 496, 128
-0.996059, 61, 137, 76, 200
-0.996068, 295, 177, 310, 240
-0.996095, 257, 125, 384, 156
-0.996102, 31, 249, 46, 312
-0.996106, 135, 137, 150, 200
-0.996116, 393, 201, 408, 264
-0.99613, 317, 201, 332, 264
-0.996131, 295, 121, 310, 184
-0.996155, 43, 137, 58, 200
-0.996155, 37, 249, 52, 312
-0.996162, 355, 201, 370, 264
-0.996168, 121, 137, 136, 200
-0.996173, 333, 201, 348, 264
-0.996179, 309, 201, 324, 264
-0.996192, 433, 209, 448, 272
-0.996193, 115, 137, 130, 200
-0.9962, 69, 137, 84, 200
-0.996205, 125, 249, 140, 312
-0.996217, 25, 249, 40, 312
-0.996219, 321, 169, 448, 200
-0.996226, 1, 65, 500, 128
-0.996252, 101, 249, 116, 312
-0.996258, 1, 209, 500, 272
-0.996258, 141, 249, 156, 312
-0.996258, 457, 161, 488, 288
-0.996264, 341, 65, 356, 128
-0.996264, 45, 249, 60, 312
-0.996266, 129, 137, 144, 200
-0.996268, 257, 49, 384, 112
-0.996268, 143, 137, 158, 200
-0.996273, 153, 137, 168, 200
-0.996293, 421, 129, 452, 375
-0.996312, 451, 97, 466, 160
-0.996324, 163, 137, 178, 200
-0.996338, 377, 177, 392, 240
-0.996341, 443, 169, 458, 232
-0.996342, 81, 161, 208, 192
-0.996364, 389, 177, 404, 240
-0.996365, 149, 241, 164, 304
-0.996375, 429, 1, 460, 128
-0.996377, 161, 237, 288, 268
-0.996398, 383, 177, 398, 240
-0.996401, 209, 1, 272, 375
-0.996405, 311, 73, 326, 136
-0.996413, 353, 177, 368, 240
-0.996417, 15, 137, 30, 200
-0.996427, 369, 81, 496, 112
-0.996429, 131, 249, 146, 312
-0.996436, 1, 173, 128, 204
-0.996455, 81, 201, 208, 232
-0.996457, 111, 249, 126, 312
-0.996487, 301, 73, 316, 136
-0.9965, 345, 177, 360, 240
-0.996509, 321, 181, 448, 212
-0.996511, 313, 177, 328, 240
-0.996514, 1, 213, 128, 244
-0.996518, 81, 173, 208, 204
-0.996519, 1, 153, 128, 184
-0.99652, 91, 249, 106, 312
-0.996521, 365, 177, 380, 240
-0.996525, 85, 249, 100, 312
-0.996526, 37, 137, 52, 200
-0.996533, 81, 149, 208, 180
-0.996533, 303, 201, 318, 264
-0.996551, 437, 129, 468, 375
-0.996567, 1, 193, 128, 224
-0.996573, 451, 145, 466, 208
-0.996575, 81, 189, 208, 220
-0.996577, 303, 177, 318, 240
-0.996579, 181, 225, 196, 288
-0.996586, 27, 137, 42, 200
-0.996595, 57, 249, 72, 312
-0.996619, 49, 237, 176, 268
-0.996623, 119, 249, 134, 312
-0.996631, 69, 249, 84, 312
-0.996646, 1, 229, 128, 260
-0.996654, 19, 249, 34, 312
-0.996665, 373, 129, 404, 375
-0.996668, 129, 249, 256, 280
-0.996677, 407, 177, 422, 240
-0.996682, 97, 57, 352, 120
-0.996695, 161, 217, 288, 248
-0.9967, 209, 193, 336, 224
-0.996703, 145, 165, 272, 196
-0.996721, 427, 209, 442, 272
-0.996728, 193, 137, 320, 168
-0.996742, 79, 249, 94, 312
-0.996764, 145, 153, 272, 184
-0.996765, 177, 1, 240, 256
-0.996781, 295, 97, 310, 160
-0.996786, 167, 249, 182, 312
-0.99679, 459, 169, 474, 232
-0.996801, 11, 249, 26, 312
-0.996807, 399, 177, 414, 240
-0.996809, 193, 101, 320, 132
-0.996838, 9, 161, 24, 224
-0.99684, 145, 177, 272, 208
-0.996883, 297, 201, 312, 264
-0.996884, 409, 129, 440, 375
-0.9969, 193, 157, 320, 188
-0.996903, 459, 145, 474, 208
-0.996916, 161, 189, 288, 220
-0.996939, 345, 129, 376, 375
-0.996941, 173, 177, 188, 240
-0.996941, 11, 225, 26, 288
-0.996943, 43, 225, 58, 288
-0.996947, 361, 129, 392, 375
-0.996984, 457, 17, 488, 144
-0.996988, 97, 257, 352, 320
-0.996991, 193, 125, 320, 156
-0.996993, 21, 137, 36, 200
-0.996999, 225, 77, 352, 108
-0.997012, 295, 145, 310, 208
-0.997043, 193, 169, 320, 200
-0.997069, 193, 89, 320, 120
-0.997071, 1, 113, 256, 176
-0.997096, 317, 129, 348, 375
-0.997102, 193, 113, 320, 144
-0.997105, 305, 61, 432, 92
-0.997209, 145, 141, 272, 172
-0.997239, 9, 141, 24, 172
-0.997284, 413, 209, 444, 336
-0.997289, 161, 205, 288, 236
-0.997348, 451, 69, 466, 100
-0.997389, 433, 1, 496, 128
-0.9974, 397, 129, 428, 375
-0.99745, 241, 161, 304, 288
-0.997458, 417, 1, 448, 128
-0.997459, 169, 129, 200, 375
-0.997463, 209, 65, 272, 320
-0.99747, 449, 129, 480, 375
-0.997478, 329, 129, 360, 375
-0.997482, 175, 237, 190, 268
-0.997483, 169, 137, 184, 168
-0.997505, 295, 73, 310, 104
-0.99755, 193, 41, 448, 104
-0.997561, 301, 129, 332, 375
-0.997625, 289, 129, 320, 375
-0.997648, 1, 285, 128, 316
-0.997668, 145, 129, 272, 160
-0.997677, 17, 129, 144, 160
-0.997691, 167, 249, 182, 280
-0.997713, 327, 73, 342, 104
-0.997734, 321, 113, 448, 144
-0.997742, 305, 157, 432, 188
-0.997755, 269, 81, 300, 208
-0.99776, 209, 181, 336, 212
-0.997786, 305, 145, 432, 176
-0.997788, 385, 129, 416, 375
-0.99779, 317, 73, 332, 104
-0.997822, 81, 261, 208, 292
-0.997829, 361, 73, 376, 104
-0.997838, 49, 217, 176, 248
-0.997838, 441, 209, 456, 240
-0.997865, 449, 209, 464, 240
-0.997866, 373, 73, 388, 104
-0.997866, 327, 193, 342, 224
-0.997876, 387, 73, 402, 104
-0.997891, 335, 73, 350, 104
-0.997906, 353, 73, 368, 104
-0.997917, 381, 73, 396, 104
-0.99795, 393, 73, 408, 104
-0.997957, 1, 297, 128, 328
-0.997969, 277, 97, 308, 352
-0.997978, 435, 209, 450, 240
-0.997979, 373, 205, 388, 236
-0.997985, 173, 249, 188, 280
-0.997997, 155, 245, 170, 276
-0.997998, 367, 73, 382, 104
-0.998003, 161, 249, 176, 280
-0.998007, 347, 73, 362, 104
-0.998009, 175, 217, 190, 248
-0.99801, 193, 65, 320, 96
-0.998014, 363, 197, 378, 228
-0.998018, 437, 69, 452, 100
-0.998026, 443, 69, 458, 100
-0.998038, 53, 141, 68, 172
-0.998041, 449, 177, 464, 208
-0.998041, 339, 193, 354, 224
-0.998042, 305, 129, 432, 160
-0.998045, 341, 73, 356, 104
-0.998046, 5, 249, 20, 280
-0.998053, 311, 73, 326, 104
-0.998056, 357, 197, 372, 228
-0.998057, 427, 209, 442, 240
-0.998069, 423, 69, 438, 100
-0.998094, 257, 61, 384, 92
-0.998097, 177, 77, 304, 108
-0.998099, 321, 193, 336, 224
-0.998101, 379, 205, 394, 236
-0.998111, 47, 141, 62, 172
-0.998113, 181, 241, 196, 272
-0.998116, 409, 209, 424, 240
-0.998118, 161, 261, 288, 292
-0.99812, 431, 69, 446, 100
-0.998122, 169, 237, 184, 268
-0.998125, 49, 273, 176, 336
-0.998128, 103, 137, 118, 168
-0.998129, 143, 137, 158, 168
-0.998137, 289, 75, 352, 90
-0.998138, 347, 205, 362, 236
-0.998139, 393, 197, 408, 228
-0.99814, 387, 201, 402, 232
-0.998157, 133, 137, 148, 168
-0.998157, 409, 69, 424, 100
-0.998161, 149, 245, 164, 276
-0.998166, 341, 205, 356, 236
-0.998166, 1, 281, 256, 344
-0.998176, 305, 73, 320, 104
-0.998177, 59, 249, 74, 280
-0.998179, 369, 193, 384, 224
-0.998183, 401, 73, 464, 88
-0.998185, 409, 205, 472, 220
-0.998188, 315, 201, 330, 232
-0.998192, 401, 73, 416, 104
-0.998195, 113, 273, 240, 304
-0.998199, 125, 137, 140, 168
-0.998199, 415, 209, 430, 240
-0.9982, 1, 143, 64, 158
-0.998207, 59, 141, 74, 172
-0.998211, 455, 205, 470, 236
-0.998211, 85, 141, 100, 172
-0.998214, 41, 141, 56, 172
-0.998215, 149, 137, 164, 168
-0.998218, 417, 69, 432, 100
-0.998219, 449, 165, 464, 196
-0.998219, 309, 201, 324, 232
-0.998219, 71, 141, 86, 172
-0.998222, 69, 253, 84, 284
-0.998228, 51, 253, 66, 284
-0.998228, 137, 249, 200, 264
-0.998229, 403, 209, 418, 240
-0.998234, 155, 137, 170, 168
-0.998238, 377, 193, 392, 224
-0.998244, 449, 33, 480, 288
-0.998245, 109, 137, 124, 168
-0.998246, 449, 197, 464, 228
-0.998248, 91, 249, 106, 280
-0.998249, 421, 209, 436, 240
-0.998254, 143, 245, 158, 276
-0.998257, 333, 193, 348, 224
-0.998259, 117, 137, 132, 168
-0.998263, 303, 201, 318, 232
-0.998267, 129, 139, 192, 154
-0.998268, 137, 229, 200, 244
-0.998268, 161, 137, 176, 168
-0.998268, 295, 201, 310, 232
-0.998272, 77, 253, 92, 284
-0.998273, 335, 205, 350, 236
-0.998281, 83, 253, 98, 284
-0.998284, 77, 141, 92, 172
-0.998284, 33, 265, 160, 296
-0.998295, 295, 189, 310, 220
-0.998295, 345, 193, 360, 224
-0.998299, 313, 75, 376, 90
-0.998305, 399, 197, 414, 228
-0.998305, 409, 197, 424, 228
-0.998312, 385, 209, 448, 224
-0.998317, 409, 191, 472, 206
-0.998318, 137, 235, 200, 250
-0.998322, 131, 249, 146, 280
-0.998327, 5, 81, 36, 208
-0.99833, 451, 109, 466, 140
-0.998338, 295, 129, 310, 160
-0.998343, 369, 73, 432, 88
-0.998343, 321, 101, 448, 132
-0.998345, 409, 211, 472, 226
-0.998352, 451, 121, 466, 152
-0.998358, 409, 199, 472, 214
-0.998362, 113, 249, 176, 264
-0.998363, 351, 193, 366, 224
-0.998369, 137, 241, 200, 256
-0.998381, 435, 173, 450, 204
-0.998381, 65, 141, 80, 172
-0.998384, 3, 297, 18, 328
-0.998393, 397, 209, 412, 240
-0.998395, 15, 141, 30, 172
-0.998395, 45, 253, 60, 284
-0.998396, 137, 249, 152, 280
-0.998404, 409, 183, 472, 198
-0.998406, 97, 249, 112, 280
-0.998411, 97, 137, 112, 168
-0.998417, 295, 145, 310, 176
-0.99842, 35, 141, 50, 172
-0.998426, 225, 205, 352, 236
-0.998427, 9, 185, 24, 216
-0.998432, 417, 197, 432, 228
-0.998438, 41, 141, 104, 156
-0.998439, 85, 135, 116, 150
-0.998439, 457, 81, 488, 96
-0.998439, 457, 119, 488, 134
-0.99844, 437, 113, 468, 128
-0.99844, 177, 185, 208, 200
-0.998441, 177, 173, 208, 188
-0.998441, 177, 179, 208, 194
-0.998441, 17, 143, 48, 158
-0.998441, 5, 165, 36, 180
-0.998441, 453, 201, 484, 216
-0.998442, 1, 263, 32, 278
-0.998442, 101, 247, 132, 262
-0.998442, 457, 101, 488, 116
-0.998443, 289, 101, 320, 116
-0.998443, 161, 195, 192, 210
-0.998445, 295, 117, 310, 148
-0.998445, 289, 125, 320, 140
-0.998445, 5, 203, 36, 218
-0.998446, 153, 233, 184, 248
-0.998446, 437, 199, 468, 214
-0.998446, 5, 231, 36, 246
-0.998447, 289, 189, 320, 204
-0.998447, 381, 135, 412, 150
-0.998448, 289, 181, 320, 196
-0.998448, 289, 153, 320, 168
-0.998449, 161, 189, 192, 204
-0.99845, 289, 161, 320, 176
-0.998451, 161, 167, 192, 182
-0.998451, 5, 225, 36, 240
-0.998451, 453, 195, 484, 210
-0.998452, 5, 197, 36, 212
-0.998452, 373, 203, 404, 218
-0.998452, 453, 189, 484, 204
-0.998453, 369, 57, 496, 88
-0.998454, 405, 203, 436, 218
-0.998455, 5, 213, 36, 228
-0.998455, 125, 249, 140, 280
-0.998455, 161, 203, 192, 218
-0.998455, 289, 169, 320, 184
-0.998456, 5, 159, 36, 174
-0.998457, 289, 87, 320, 102
-0.998457, 437, 119, 468, 134
-0.998458, 437, 191, 468, 206
-0.998459, 153, 245, 184, 260
-0.998459, 437, 129, 468, 144
-0.998459, 453, 181, 484, 196
-0.99846, 181, 239, 212, 254
-0.99846, 289, 107, 320, 122
-0.99846, 453, 175, 484, 190
-0.998461, 161, 175, 192, 190
-0.998462, 289, 175, 320, 190
-0.998463, 117, 249, 132, 280
-0.998463, 437, 137, 468, 152
-0.998465, 5, 189, 36, 204
-0.998469, 273, 191, 304, 206
-0.998469, 451, 93, 466, 124
-0.99847, 161, 181, 192, 196
-0.99847, 5, 219, 36, 234
-0.99847, 437, 161, 468, 176
-0.998471, 145, 139, 176, 154
-0.998471, 161, 217, 192, 232
-0.998472, 289, 93, 320, 108
-0.998473, 421, 205, 452, 220
-0.998473, 121, 139, 152, 154
-0.998475, 273, 185, 304, 200
-0.998475, 345, 75, 408, 90
-0.998476, 5, 153, 36, 168
-0.998478, 289, 197, 320, 212
-0.998478, 437, 143, 468, 158
-0.998478, 9, 153, 24, 184
-0.998479, 309, 205, 340, 220
-0.99848, 281, 179, 344, 194
-0.998483, 289, 115, 320, 130
-0.998484, 141, 245, 172, 260
-0.998485, 33, 141, 64, 156
-0.998486, 459, 193, 474, 224
-0.998487, 329, 205, 344, 236
-0.998487, 333, 205, 364, 220
-0.998487, 437, 169, 468, 184
-0.998487, 437, 107, 468, 122
-0.998488, 133, 139, 164, 154
-0.998489, 373, 209, 404, 224
-0.998489, 437, 153, 468, 168
-0.998491, 9, 257, 72, 272
-0.998492, 109, 249, 124, 280
-0.998492, 165, 223, 196, 238
-0.998492, 5, 257, 36, 272
-0.998492, 9, 251, 40, 266
-0.998493, 437, 183, 468, 198
-0.998494, 173, 185, 188, 216
-0.998495, 289, 133, 320, 148
-0.998495, 289, 147, 320, 162
-0.998496, 295, 173, 310, 204
-0.998498, 37, 255, 68, 270
-0.998498, 29, 141, 44, 172
-0.998498, 349, 201, 380, 216
-0.9985, 165, 243, 196, 258
-0.9985, 177, 245, 208, 260
-0.998501, 417, 73, 448, 88
-0.998502, 171, 149, 186, 180
-0.998502, 91, 137, 106, 168
-0.998503, 165, 235, 196, 250
-0.998503, 273, 197, 304, 212
-0.998503, 329, 207, 392, 222
-0.998504, 165, 229, 196, 244
-0.998504, 459, 177, 474, 208
-0.998505, 167, 225, 182, 256
-0.998505, 289, 139, 320, 154
-0.998507, 85, 253, 116, 268
-0.998508, 11, 245, 26, 276
-0.998508, 429, 197, 444, 228
-0.99851, 453, 207, 484, 222
-0.998512, 61, 141, 92, 156
-0.998512, 117, 251, 148, 266
-0.998513, 129, 251, 160, 266
-0.998513, 349, 207, 380, 222
-0.998514, 305, 75, 336, 90
-0.998516, 405, 73, 436, 88
-0.998516, 69, 255, 100, 270
-0.998519, 385, 205, 416, 220
-0.998519, 173, 169, 188, 200
-0.998521, 295, 89, 310, 120
-0.998521, 45, 141, 76, 156
-0.998523, 105, 141, 136, 156
-0.998526, 309, 199, 340, 214
-0.998527, 105, 253, 136, 268
-0.998527, 293, 203, 324, 218
-0.998528, 57, 255, 88, 270
-0.998532, 393, 73, 424, 88
-0.998533, 437, 205, 468, 220
-0.998534, 409, 209, 440, 224
-0.998535, 281, 201, 344, 216
-0.998536, 93, 141, 124, 156
-0.998536, 317, 75, 348, 90
-0.998537, 153, 227, 184, 242
-0.998537, 137, 223, 200, 238
-0.998538, 25, 257, 56, 272
-0.99854, 281, 189, 344, 204
-0.99854, 89, 253, 152, 268
-0.998543, 397, 209, 428, 224
-0.998544, 321, 203, 352, 218
-0.998547, 361, 209, 424, 224
-0.998547, 357, 75, 388, 90
-0.998548, 409, 177, 472, 192
-0.998551, 305, 201, 368, 216
-0.998551, 381, 73, 412, 88
-0.998553, 33, 255, 96, 270
-0.998553, 361, 203, 392, 218
-0.998554, 345, 75, 376, 90
-0.998555, 65, 125, 192, 156
-0.998555, 73, 141, 104, 156
-0.998557, 65, 81, 320, 144
-0.99856, 153, 251, 184, 266
-0.998562, 333, 75, 364, 90
-0.998562, 5, 143, 36, 158
-0.998567, 437, 177, 468, 192
-0.998571, 369, 75, 400, 90
-0.998572, 81, 141, 144, 156
-0.998572, 409, 125, 472, 140
-0.998577, 409, 149, 472, 164
-0.99858, 141, 251, 172, 266
-0.99858, 437, 211, 468, 226
-0.998581, 65, 277, 192, 308
-0.998583, 281, 123, 344, 138
-0.998583, 321, 81, 448, 112
-0.998585, 57, 255, 120, 270
-0.998586, 281, 143, 344, 158
-0.998589, 165, 249, 196, 264
-0.998592, 409, 139, 472, 154
-0.998598, 293, 77, 324, 92
-0.9986, 409, 161, 472, 176
-0.998605, 157, 139, 188, 154
-0.99862, 409, 109, 472, 124
-0.99862, 281, 137, 344, 152
-0.998621, 421, 211, 452, 226
-0.998622, 281, 195, 344, 210
-0.998624, 145, 265, 272, 328
-0.998627, 281, 173, 344, 188
-0.998645, 437, 71, 468, 86
-0.998646, 433, 209, 496, 224
-0.998646, 281, 149, 344, 164
-0.998649, 157, 81, 188, 208
-0.998649, 281, 165, 344, 180
-0.99865, 409, 155, 472, 170
-0.998651, 377, 203, 440, 218
-0.99866, 105, 139, 168, 154
-0.998671, 409, 167, 472, 182
-0.998672, 289, 89, 352, 104
-0.998677, 9, 251, 72, 266
-0.998678, 281, 81, 344, 96
-0.998681, 409, 103, 472, 118
-0.998684, 281, 129, 344, 144
-0.998693, 281, 113, 344, 128
-0.998707, 281, 159, 344, 174
-0.998708, 445, 161, 460, 288
-0.99871, 353, 217, 480, 248
-0.998718, 409, 117, 472, 132
-0.998725, 281, 95, 344, 110
-0.99873, 409, 133, 472, 148
-0.998735, 137, 185, 200, 200
-0.99874, 433, 161, 448, 288
-0.998752, 295, 65, 310, 192
-0.998757, 337, 139, 400, 154
-0.998757, 409, 97, 472, 112
-0.998757, 169, 223, 232, 238
-0.998759, 1, 153, 64, 168
-0.99876, 329, 201, 392, 216
-0.99876, 409, 79, 472, 94
-0.998767, 451, 161, 466, 288
-0.998768, 353, 203, 416, 218
-0.998775, 1, 245, 64, 260
-0.998777, 439, 161, 454, 288
-0.998778, 137, 179, 200, 194
-0.998785, 169, 245, 232, 260
-0.998792, 1, 229, 64, 244
-0.998797, 137, 191, 200, 206
-0.998799, 1, 221, 64, 236
-0.998806, 305, 207, 368, 222
-0.998807, 451, 49, 466, 176
-0.998808, 249, 197, 312, 212
-0.998813, 409, 91, 472, 106
-0.998814, 281, 105, 344, 120
-0.998815, 1, 239, 64, 254
-0.998817, 137, 211, 200, 226
-0.998818, 169, 181, 232, 196
-0.998819, 161, 229, 224, 244
-0.99882, 137, 157, 200, 172
-0.99882, 249, 141, 312, 156
-0.998822, 1, 215, 64, 230
-0.998826, 409, 85, 472, 100
-0.998829, 137, 205, 200, 220
-0.99883, 137, 197, 200, 212
-0.998831, 65, 249, 128, 264
-0.998837, 225, 289, 480, 352
-0.998841, 361, 133, 424, 148
-0.998841, 137, 217, 200, 232
-0.998842, 1, 199, 64, 214
-0.998843, 169, 173, 232, 188
-0.998845, 169, 235, 232, 250
-0.998848, 169, 201, 232, 216
-0.998851, 137, 151, 200, 166
-0.998853, 169, 155, 232, 170
-0.998853, 137, 163, 200, 178
-0.998857, 369, 233, 496, 296
-0.998858, 169, 161, 232, 176
-0.998858, 9, 129, 24, 256
-0.998863, 177, 97, 208, 224
-0.998866, 1, 193, 64, 208
-0.998867, 169, 187, 232, 202
-0.998868, 137, 173, 200, 188
-0.998871, 321, 289, 448, 320
-0.998871, 169, 167, 232, 182
-0.998872, 169, 147, 232, 162
-0.998875, 249, 127, 312, 142
-0.998879, 169, 193, 232, 208
-0.99888, 169, 207, 232, 222
-0.998882, 249, 109, 312, 124
-0.998885, 1, 207, 64, 222
-0.998886, 105, 243, 168, 258
-0.998887, 169, 217, 232, 232
-0.998888, 385, 189, 448, 204
-0.998894, 1, 177, 64, 192
-0.998894, 329, 69, 392, 84
-0.998896, 249, 169, 312, 184
-0.998898, 373, 65, 388, 192
-0.9989, 249, 183, 312, 198
-0.998903, 249, 95, 312, 110
-0.998903, 425, 73, 488, 88
-0.998904, 177, 249, 304, 280
-0.998905, 137, 145, 200, 160
-0.998908, 249, 115, 312, 130
-0.99891, 249, 147, 312, 162
-0.99891, 249, 157, 312, 172
-0.998911, 171, 129, 186, 256
-0.998911, 427, 161, 442, 288
-0.998913, 1, 159, 64, 174
-0.998915, 249, 101, 312, 116
-0.998921, 167, 209, 182, 336
-0.998922, 249, 133, 312, 148
-0.998922, 329, 83, 392, 98
-0.998923, 305, 139, 368, 154
-0.998927, 145, 255, 208, 270
-0.998928, 329, 129, 392, 144
-0.998931, 1, 165, 64, 180
-0.998933, 1, 187, 64, 202
-0.998935, 379, 65, 394, 192
-0.998952, 173, 177, 188, 304
-0.99896, 333, 65, 348, 192
-0.998963, 1, 257, 500, 320
-0.998971, 387, 65, 402, 192
-0.998975, 393, 65, 408, 192
-0.998977, 159, 209, 174, 336
-0.998982, 161, 273, 288, 304
-0.998987, 325, 65, 340, 192
-0.998995, 345, 65, 360, 192
-0.998995, 321, 241, 448, 272
-0.999003, 319, 65, 334, 192
-0.999007, 367, 65, 382, 192
-0.999015, 153, 33, 184, 288
-0.999017, 339, 65, 354, 192
-0.999017, 359, 65, 374, 192
-0.999022, 153, 209, 168, 336
-0.999058, 373, 145, 388, 272
-0.999063, 451, 113, 466, 240
-0.999071, 401, 65, 416, 192
-0.999075, 351, 65, 366, 192
-0.999079, 421, 161, 436, 288
-0.999084, 257, 229, 384, 260
-0.999086, 313, 65, 328, 192
-0.999087, 389, 145, 404, 272
-0.999094, 359, 193, 374, 320
-0.999095, 367, 161, 382, 288
-0.999102, 335, 161, 350, 288
-0.999105, 5, 193, 20, 320
-0.999112, 273, 17, 304, 144
-0.999114, 175, 225, 190, 352
-0.999115, 381, 161, 396, 288
-0.999121, 407, 65, 422, 192
-0.999123, 165, 129, 180, 256
-0.999125, 97, 241, 112, 368
-0.99913, 307, 65, 322, 192
-0.999131, 341, 161, 356, 288
-0.999133, 9, 241, 24, 368
-0.999133, 129, 225, 144, 352
-0.999134, 413, 49, 428, 176
-0.999134, 147, 225, 162, 352
-0.999135, 321, 229, 448, 260
-0.999137, 145, 129, 160, 256
-0.999138, 373, 193, 388, 320
-0.99914, 361, 145, 376, 272
-0.999141, 55, 241, 70, 368
-0.999142, 457, 145, 472, 272
-0.999143, 317, 161, 332, 288
-0.999146, 109, 129, 124, 256
-0.999149, 387, 193, 402, 320
-0.999149, 393, 193, 408, 320
-0.999149, 413, 193, 428, 320
-0.99915, 139, 225, 154, 352
-0.99915, 429, 49, 444, 176
-0.99915, 399, 193, 414, 320
-0.999151, 73, 241, 88, 368
-0.999151, 325, 193, 340, 320
-0.999153, 73, 129, 88, 256
-0.999155, 295, 145, 310, 272
-0.999155, 347, 193, 362, 320
-0.999157, 123, 129, 138, 256
-0.99916, 407, 193, 422, 320
-0.999164, 273, 241, 400, 272
-0.999165, 159, 129, 174, 256
-0.999166, 103, 129, 118, 256
-0.999166, 407, 145, 422, 272
-0.999167, 329, 145, 344, 272
-0.999167, 87, 129, 102, 256
-0.999168, 87, 241, 102, 368
-0.999169, 353, 193, 368, 320
-0.99917, 137, 129, 152, 256
-0.999173, 103, 241, 118, 368
-0.999175, 49, 241, 64, 368
-0.999178, 67, 241, 82, 368
-0.999179, 423, 49, 438, 176
-0.99918, 129, 129, 144, 256
-0.999181, 137, 33, 168, 288
-0.999182, 301, 65, 316, 192
-0.999182, 301, 145, 316, 272
-0.999182, 415, 145, 430, 272
-0.999183, 97, 129, 112, 256
-0.999184, 323, 145, 338, 272
-0.999184, 153, 129, 168, 256
-0.999188, 311, 193, 326, 320
-0.999188, 355, 145, 370, 272
-0.999191, 111, 209, 126, 336
-0.999194, 445, 49, 460, 176
-0.999196, 61, 241, 76, 368
-0.999197, 57, 129, 72, 256
-0.999197, 49, 129, 64, 256
-0.999198, 395, 145, 410, 272
-0.999199, 117, 241, 132, 368
-0.999202, 401, 145, 416, 272
-0.999205, 369, 289, 496, 320
-0.999205, 81, 241, 96, 368
-0.999205, 43, 241, 58, 368
-0.999206, 81, 129, 96, 256
-0.999209, 117, 129, 132, 256
-0.999209, 123, 225, 138, 352
-0.999211, 439, 49, 454, 176
-0.999212, 37, 241, 52, 368
-0.999216, 241, 285, 368, 316
-0.999221, 31, 241, 46, 368
-0.999234, 25, 241, 40, 368
-0.999236, 379, 113, 394, 240
-0.999238, 129, 281, 384, 344
-0.999241, 305, 193, 320, 320
-0.999245, 307, 145, 322, 272
-0.999249, 347, 145, 362, 272
-0.99925, 441, 113, 456, 240
-0.999251, 181, 209, 196, 336
-0.999259, 65, 129, 80, 256
-0.999261, 19, 241, 34, 368
-0.999263, 289, 277, 416, 308
-0.999266, 43, 129, 58, 256
-0.999275, 37, 129, 52, 256
-0.999276, 3, 241, 18, 368
-0.999279, 435, 113, 450, 240
-0.99928, 117, 193, 132, 320
-0.999291, 101, 193, 116, 320
-0.999295, 65, 193, 80, 320
-0.999297, 31, 129, 46, 256
-0.999304, 401, 1, 432, 128
-0.999304, 429, 113, 444, 240
-0.999319, 193, 233, 448, 296
-0.99932, 147, 177, 162, 304
-0.999324, 289, 145, 304, 272
-0.999332, 89, 193, 104, 320
-0.999333, 181, 129, 212, 375
-0.999333, 459, 97, 474, 224
-0.999342, 299, 193, 314, 320
-0.999344, 77, 193, 92, 320
-0.999344, 273, 297, 400, 328
-0.999345, 95, 193, 110, 320
-0.999345, 25, 129, 40, 256
-0.999345, 451, 115, 466, 130
-0.999346, 15, 129, 30, 256
-0.999347, 173, 181, 188, 196
-0.999347, 331, 197, 346, 212
-0.999348, 451, 97, 466, 112
-0.999348, 11, 251, 26, 266
-0.999348, 17, 257, 32, 272
-0.999351, 101, 33, 132, 288
-0.999351, 397, 203, 412, 218
-0.999353, 171, 147, 186, 162
-0.999354, 113, 33, 144, 288
-0.999361, 451, 185, 466, 200
-0.999366, 295, 95, 310, 110
-0.999367, 173, 187, 188, 202
-0.999367, 295, 117, 310, 132
-0.999369, 159, 223, 174, 238
-0.99937, 451, 131, 466, 146
-0.999371, 185, 243, 200, 258
-0.999376, 1, 265, 16, 280
-0.999378, 295, 175, 310, 190
-0.999389, 157, 245, 172, 260
-0.99939, 421, 205, 436, 220
-0.999393, 209, 53, 336, 84
-0.999397, 337, 199, 352, 214
-0.999399, 125, 33, 156, 288
-0.999401, 47, 255, 62, 270
-0.999402, 303, 75, 318, 90
-0.999404, 109, 247, 124, 262
-0.999409, 349, 207, 364, 222
-0.999409, 11, 257, 26, 272
-0.999409, 145, 117, 272, 148
-0.999413, 295, 131, 310, 146
-0.999415, 321, 301, 448, 332
-0.999419, 3, 259, 18, 274
-0.99942, 293, 203, 308, 218
-0.999423, 155, 139, 170, 154
-0.999432, 131, 139, 146, 154
-0.999432, 9, 187, 24, 202
-0.999436, 295, 197, 310, 212
-0.999444, 41, 255, 56, 270
-0.999444, 353, 201, 368, 216
-0.999446, 241, 217, 368, 248
-0.999449, 117, 141, 132, 156
-0.999455, 451, 109, 466, 124
-0.999459, 151, 245, 166, 260
-0.999463, 315, 203, 330, 218
-0.999468, 139, 139, 154, 154
-0.999471, 451, 179, 466, 194
-0.999471, 451, 103, 466, 118
-0.999472, 79, 255, 94, 270
-0.999473, 7, 149, 22, 164
-0.999474, 163, 139, 178, 154
-0.999475, 39, 141, 54, 156
-0.999477, 409, 73, 424, 88
-0.999479, 123, 141, 138, 156
-0.999481, 309, 75, 324, 90
-0.999481, 343, 205, 358, 220
-0.999485, 97, 33, 352, 96
-0.999486, 149, 139, 164, 154
-0.999492, 295, 143, 310, 158
-0.999496, 55, 141, 70, 156
-0.999496, 451, 171, 466, 186
-0.999499, 445, 71, 460, 86
-0.999504, 23, 257, 38, 272
-0.999507, 65, 141, 80, 156
-0.99951, 431, 73, 446, 88
-0.99951, 73, 141, 88, 156
-0.999511, 121, 251, 136, 266
-0.999512, 131, 251, 146, 266
-0.999513, 111, 141, 126, 156
-0.999514, 413, 209, 428, 224
-0.999514, 95, 141, 110, 156
-0.999518, 415, 73, 430, 88
-0.99952, 451, 125, 466, 140
-0.999529, 87, 253, 102, 268
-0.999529, 111, 253, 126, 268
-0.999532, 367, 75, 382, 90
-0.999534, 73, 255, 88, 270
-0.999536, 305, 203, 320, 218
-0.99954, 299, 203, 314, 218
-0.99954, 403, 73, 418, 88
-0.999541, 85, 33, 116, 288
-0.999542, 35, 257, 50, 272
-0.999545, 55, 255, 70, 270
-0.999548, 437, 71, 452, 86
-0.999551, 93, 253, 108, 268
-0.999553, 355, 207, 370, 222
-0.999556, 419, 211, 434, 226
-0.999556, 383, 205, 398, 220
-0.999557, 175, 241, 190, 256
-0.999565, 3, 299, 18, 314
-0.999568, 175, 235, 190, 250
-0.999574, 449, 207, 464, 222
-0.999574, 323, 205, 338, 220
-0.999578, 343, 75, 358, 90
-0.999583, 373, 73, 388, 88
-0.999587, 399, 209, 414, 224
-0.999589, 79, 141, 94, 156
-0.999591, 407, 209, 422, 224
-0.999591, 369, 277, 496, 308
-0.999593, 455, 209, 470, 224
-0.999598, 49, 33, 80, 288
-0.999598, 425, 73, 440, 88
-0.999599, 61, 255, 76, 270
-0.999599, 337, 205, 352, 220
-0.9996, 391, 207, 406, 222
-0.999601, 137, 251, 152, 266
-0.999602, 159, 251, 174, 266
-0.99961, 331, 203, 346, 218
-0.999611, 335, 75, 350, 90
-0.999611, 49, 141, 64, 156
-0.999614, 315, 75, 330, 90
-0.999619, 393, 73, 408, 88
-0.999624, 353, 75, 368, 90
-0.999626, 67, 255, 82, 270
-0.999626, 73, 33, 104, 288
-0.999629, 29, 257, 44, 272
-0.999629, 175, 229, 190, 244
-0.999631, 105, 141, 120, 156
-0.999631, 101, 253, 116, 268
-0.999633, 325, 199, 340, 214
-0.999636, 377, 203, 392, 218
-0.999639, 171, 249, 186, 264
-0.999641, 209, 273, 336, 304
-0.999659, 175, 223, 190, 238
-0.999677, 225, 297, 352, 328
-0.999679, 225, 265, 480, 328
-0.999679, 371, 205, 386, 220
-0.999682, 273, 253, 400, 284
-0.999683, 383, 73, 398, 88
-0.999687, 361, 203, 376, 218
-0.999688, 321, 253, 448, 284
-0.999689, 153, 251, 168, 266
-0.99969, 85, 141, 100, 156
-0.999695, 325, 75, 340, 90
-0.999696, 29, 33, 60, 288
-0.9997, 145, 251, 160, 266
-0.999704, 369, 229, 496, 260
-0.999708, 145, 89, 272, 120
-0.999716, 359, 75, 374, 90
-0.999725, 209, 261, 336, 292
-0.999734, 1, 309, 128, 340
-0.999734, 145, 105, 272, 136
-0.999734, 257, 9, 500, 72
-0.999735, 425, 211, 440, 226
-0.999736, 305, 265, 432, 296
-0.99974, 265, 209, 328, 336
-0.999749, 165, 251, 180, 266
-0.999756, 209, 229, 336, 260
-0.999762, 369, 301, 496, 332
-0.999762, 449, 213, 464, 228
-0.999784, 431, 211, 446, 226
-0.99979, 225, 241, 352, 272
-0.999792, 13, 33, 44, 288
-0.999792, 61, 33, 92, 288
-0.999799, 295, 77, 310, 92
-0.999819, 65, 109, 192, 140
-0.99982, 269, 1, 300, 256
-0.999821, 443, 211, 458, 226
-0.999825, 145, 285, 272, 316
-0.999829, 193, 285, 320, 316
-0.999832, 369, 241, 496, 272
-0.999834, 129, 77, 256, 108
-0.99984, 145, 65, 272, 96
-0.999851, 353, 41, 480, 72
-0.999851, 17, 105, 144, 136
-0.999857, 81, 345, 208, 375
-0.999857, 129, 345, 256, 375
-0.999857, 177, 345, 304, 375
-0.999857, 225, 345, 352, 375
-0.999857, 273, 345, 400, 375
-0.999857, 321, 345, 448, 375
-0.999857, 369, 345, 496, 375
-0.999858, 177, 247, 192, 262
-0.999871, 161, 1, 416, 64
-0.999881, 33, 1, 288, 64
-0.999881, 1, 25, 256, 88
-0.999881, 65, 313, 320, 375
-0.999881, 161, 313, 416, 375
-0.999881, 257, 313, 500, 375
-0.999887, 1, 57, 256, 120
-0.99989, 9, 143, 24, 158
-0.999895, 451, 71, 466, 86
-0.999897, 437, 211, 452, 226
-0.999951, 169, 139, 184, 154
-0.99996, 321, 289, 448, 352
-0.999987, 461, 1, 492, 256
-1.00002, 441, 1, 472, 128
-1.00007, 1, 41, 500, 104
-1.00019, 281, 1, 312, 256
-1.00029, 461, 113, 492, 240
-1.00039, 273, 289, 400, 352
-1.00044, 1, 281, 500, 344
-1.00049, 169, 33, 200, 288
-1.00061, 461, 97, 492, 352
-1.00068, 181, 33, 212, 288
-1.00083, 257, 241, 500, 368
-1.00094, 249, 129, 280, 375
-1.00115, 261, 129, 292, 375
-1.00118, 185, 193, 216, 320
-1.00134, 1, 33, 32, 288
-1.00135, 257, 33, 288, 288
-1.00146, 1, 305, 500, 368
-1.0015, 241, 33, 272, 288
-1.00154, 1, 9, 500, 72
-1.00171, 237, 129, 268, 375
-1.00174, 193, 129, 224, 375
-1.00175, 229, 33, 260, 288
-1.00178, 445, 209, 476, 336
-1.00179, 205, 129, 236, 375
-1.0018, 97, 281, 224, 344
-1.00185, 273, 233, 400, 296
-1.00188, 217, 33, 248, 288
-1.00188, 221, 129, 252, 375
-1.00188, 197, 33, 228, 288
-1.00197, 305, 265, 432, 328
-1.0022, 225, 273, 352, 336
-1.0024, 369, 273, 496, 336
-1.00303, 1, 1, 256, 128
-1.00316, 145, 49, 272, 176
-1.00367, 193, 249, 320, 312
-1.00405, 257, 25, 384, 88
-1.00416, 225, 225, 352, 288
-1.00441, 305, 25, 432, 88
-1.00472, 1, 305, 128, 368
-1.00472, 369, 297, 496, 360
-1.00478, 261, 193, 292, 320
-1.00492, 225, 297, 352, 360
-1.00496, 245, 129, 276, 256
-1.00501, 145, 57, 272, 120
-1.00516, 273, 241, 400, 368
-1.00524, 209, 25, 336, 88
-1.00528, 97, 73, 224, 136
-1.00535, 145, 25, 272, 88
-1.00538, 1, 1, 128, 64
-1.00538, 129, 1, 256, 64
-1.00538, 177, 1, 304, 64
-1.00538, 225, 1, 352, 64
-1.00538, 273, 1, 400, 64
-1.00538, 321, 1, 448, 64
-1.00538, 369, 1, 496, 64
-1.00538, 49, 17, 176, 80
-1.00538, 1, 25, 128, 88
-1.00538, 97, 25, 224, 88
-1.00538, 49, 41, 176, 104
-1.00538, 1, 49, 128, 112
-1.00538, 97, 49, 224, 112
-1.00538, 49, 65, 176, 128
-1.00538, 1, 73, 128, 136
-1.00538, 177, 289, 304, 352
-1.00538, 81, 313, 208, 375
-1.00538, 129, 313, 256, 375
-1.00538, 177, 313, 304, 375
-1.00538, 273, 313, 400, 375
-1.00538, 321, 313, 448, 375
-1.00566, 321, 241, 448, 368
-1.00635, 209, 241, 336, 368
-1.00698, 169, 49, 232, 176
-1.007, 305, 241, 368, 368
-1.00703, 313, 241, 344, 368
-1.00704, 253, 81, 284, 208
-1.00743, 249, 177, 280, 304
-1.00753, 169, 49, 200, 176
-1.00756, 225, 113, 288, 240
-1.00761, 329, 241, 392, 368
-1.00766, 261, 145, 292, 272
-1.0079, 185, 241, 216, 368
-1.00794, 277, 225, 308, 352
-1.00798, 353, 241, 384, 368
-1.00804, 301, 241, 332, 368
-1.00805, 49, 89, 176, 152
-1.00844, 257, 33, 288, 160
-1.00857, 237, 81, 268, 208
-1.00882, 197, 225, 228, 352
-1.00886, 289, 241, 320, 368
-1.00895, 145, 1, 272, 128
-1.0091, 237, 33, 268, 160
-1.00914, 193, 193, 256, 320
-1.00922, 365, 241, 396, 368
-1.00925, 1, 1, 128, 128
-1.00925, 49, 1, 176, 128
-1.00925, 97, 1, 224, 128
-1.00928, 233, 209, 296, 336
-1.00954, 201, 97, 264, 224
-1.00967, 369, 241, 496, 368
-1.01019, 209, 49, 272, 176
-1.01081, 217, 161, 280, 288
-1.01113, 193, 241, 256, 368
-1.01142, 17, 1, 80, 128
-1.01142, 41, 1, 104, 128
-1.01142, 65, 1, 128, 128
-1.01142, 89, 1, 152, 128
-1.01142, 113, 1, 176, 128
-1.01142, 137, 1, 200, 128
-1.01142, 161, 1, 224, 128
-1.01142, 185, 1, 248, 128
-1.01142, 377, 241, 440, 368
-1.01142, 433, 241, 496, 368
-1.01146, 225, 1, 288, 128
-1.01146, 193, 145, 256, 272
-1.01182, 353, 241, 416, 368
