1868
-0.440167, 1, 65, 500, 320
-0.476496, 1, 1, 500, 333
-0.507451, 1, 1, 256, 333
-0.550799, 225, 1, 480, 333
-0.576641, 97, 1, 352, 333
-0.646784, 161, 65, 416, 320
-0.680377, 33, 65, 288, 320
-0.680759, 257, 65, 500, 320
-0.867347, 1, 1, 128, 333
-0.883077, 81, 1, 208, 333
-0.884755, 49, 33, 176, 288
-0.886004, 113, 65, 240, 320
-0.887111, 1, 1, 128, 256
-0.887591, 177, 1, 304, 333
-0.888534, 193, 65, 320, 320
-0.88854, 273, 1, 400, 333
-0.890692, 273, 65, 400, 320
-0.892973, 129, 1, 256, 333
-0.893702, 225, 1, 352, 333
-0.896132, 337, 65, 464, 320
-0.89688, 337, 1, 464, 333
-0.901202, 1, 97, 500, 224
-0.904236, 1, 177, 500, 304
-0.929933, 1, 17, 500, 144
-0.934442, 33, 177, 288, 304
-0.938465, 161, 97, 416, 224
-0.939691, 33, 65, 288, 192
-0.946376, 257, 81, 500, 208
-0.946691, 65, 177, 192, 304
-0.952855, 289, 81, 416, 208
-0.953874, 65, 177, 128, 304
-0.955166, 145, 209, 272, 333
-0.955572, 1, 17, 128, 144
-0.956049, 129, 209, 384, 333
-0.956621, 241, 97, 368, 224
-0.957009, 289, 97, 352, 224
-0.957798, 161, 81, 288, 208
-0.958743, 257, 129, 500, 256
-0.958805, 97, 65, 224, 192
-0.959496, 265, 97, 328, 224
-0.961068, 201, 209, 264, 333
-0.961738, 257, 209, 500, 333
-0.962039, 161, 33, 416, 160
-0.962498, 225, 81, 288, 208
-0.962727, 161, 161, 416, 288
-0.962822, 129, 177, 192, 304
-0.96283, 1, 17, 256, 144
-0.962918, 1, 177, 128, 304
-0.963348, 169, 81, 232, 208
-0.963575, 153, 177, 216, 304
-0.963584, 49, 49, 176, 176
-0.963727, 201, 81, 264, 208
-0.96491, 313, 97, 376, 224
-0.965081, 33, 145, 96, 272
-0.966143, 65, 129, 320, 256
-0.966642, 49, 129, 176, 256
-0.966924, 337, 81, 464, 208
-0.96722, 89, 177, 152, 304
-0.967276, 33, 17, 96, 144
-0.967574, 73, 49, 136, 176
-0.968343, 73, 193, 136, 256
-0.968514, 41, 193, 104, 320
-0.968787, 1, 17, 64, 144
-0.968792, 129, 65, 192, 192
-0.969156, 345, 81, 408, 208
-0.969491, 297, 97, 360, 160
-0.970627, 177, 209, 240, 333
-0.970844, 409, 145, 472, 272
-0.971124, 113, 185, 176, 248
-0.971593, 153, 193, 216, 256
-0.971674, 345, 121, 408, 184
-0.971819, 265, 97, 328, 160
-0.97214, 1, 129, 128, 256
-0.972184, 89, 129, 152, 256
-0.972398, 217, 97, 280, 160
-0.972484, 321, 121, 384, 184
-0.973053, 97, 65, 160, 192
-0.973133, 113, 161, 176, 224
-0.973544, 297, 121, 360, 184
-0.973642, 257, 121, 320, 184
-0.973671, 41, 217, 104, 280
-0.973839, 353, 209, 480, 333
-0.973901, 193, 241, 256, 304
-0.973998, 145, 161, 272, 288
-0.973999, 321, 145, 448, 272
-0.974463, 65, 185, 192, 248
-0.974496, 89, 169, 152, 232
-0.974551, 9, 25, 72, 88
-0.974567, 185, 89, 248, 152
-0.974598, 241, 97, 304, 160
-0.974631, 233, 257, 296, 320
-0.975325, 225, 209, 352, 333
-0.975418, 57, 41, 120, 104
-0.975462, 169, 65, 232, 320
-0.975474, 369, 129, 496, 256
-0.975563, 321, 97, 384, 160
-0.975636, 241, 233, 304, 296
-0.975673, 345, 97, 408, 160
-0.975858, 177, 201, 240, 264
-0.975947, 73, 273, 136, 333
-0.976041, 113, 129, 176, 256
-0.976163, 241, 97, 368, 160
-0.976231, 209, 49, 336, 176
-0.976233, 417, 121, 480, 184
-0.976259, 17, 257, 80, 320
-0.976314, 233, 209, 296, 333
-0.976603, 153, 265, 216, 328
-0.976613, 369, 121, 432, 184
-0.976653, 81, 49, 144, 112
-0.976723, 49, 193, 112, 256
-0.976852, 41, 241, 104, 304
-0.977002, 321, 145, 384, 272
-0.977063, 249, 49, 312, 176
-0.977082, 113, 113, 176, 176
-0.977207, 161, 81, 224, 144
-0.977208, 41, 1, 104, 256
-0.977319, 33, 33, 96, 96
-0.977412, 369, 97, 432, 160
-0.977446, 209, 273, 272, 333
-0.977689, 377, 145, 440, 272
-0.977885, 177, 273, 240, 333
-0.977925, 393, 121, 456, 184
-0.977977, 393, 145, 456, 208
-0.978166, 401, 97, 464, 160
-0.978189, 57, 1, 120, 128
-0.978232, 137, 73, 200, 136
-0.978301, 105, 65, 168, 128
-0.978361, 209, 137, 272, 200
-0.978408, 233, 137, 296, 200
-0.978412, 113, 185, 240, 248
-0.978481, 65, 233, 128, 296
-0.978564, 393, 97, 456, 224
-0.978631, 97, 273, 160, 333
-0.97868, 225, 209, 288, 272
-0.978697, 65, 121, 128, 184
-0.978699, 297, 273, 360, 333
-0.979012, 89, 113, 152, 176
-0.979066, 105, 89, 168, 152
-0.979093, 273, 273, 336, 333
-0.979132, 337, 65, 400, 320
-0.979135, 289, 49, 352, 176
-0.979139, 201, 217, 264, 280
-0.979199, 121, 273, 184, 333
-0.979236, 433, 209, 496, 333
-0.979257, 417, 145, 480, 208
-0.979317, 89, 145, 152, 208
-0.979334, 353, 73, 416, 136
-0.979357, 49, 265, 112, 328
-0.979397, 1, 1, 64, 256
-0.979456, 321, 121, 448, 184
-0.979479, 401, 169, 464, 232
-0.979548, 329, 145, 392, 208
-0.979562, 361, 145, 424, 208
-0.979565, 433, 81, 496, 208
-0.979593, 401, 249, 464, 312
-0.979726, 17, 225, 80, 288
-0.979731, 113, 17, 240, 144
-0.979766, 129, 137, 192, 200
-0.979873, 137, 129, 200, 256
-0.979891, 113, 33, 176, 288
-0.979923, 265, 145, 328, 208
-0.979944, 209, 65, 272, 320
-0.98, 49, 161, 112, 224
-0.980033, 81, 33, 144, 288
-0.980181, 153, 33, 216, 160
-0.98021, 273, 129, 400, 192
-0.980239, 433, 233, 496, 296
-0.980353, 393, 49, 456, 176
-0.980378, 153, 241, 216, 304
-0.980384, 281, 65, 344, 320
-0.980401, 137, 113, 200, 176
-0.980404, 145, 65, 208, 320
-0.980419, 97, 17, 160, 144
-0.980421, 121, 241, 184, 304
-0.980475, 193, 33, 256, 160
-0.980704, 425, 97, 488, 160
-0.980706, 297, 145, 360, 208
-0.980799, 281, 249, 344, 312
-0.980857, 329, 73, 392, 136
-0.980874, 233, 81, 264, 208
-0.980878, 321, 249, 384, 312
-0.980904, 433, 129, 496, 256
-0.980992, 409, 273, 472, 333
-0.981004, 369, 33, 432, 288
-0.981052, 137, 169, 200, 232
-0.981164, 17, 193, 80, 256
-0.981202, 65, 129, 128, 256
-0.981296, 289, 97, 416, 160
-0.981301, 377, 169, 440, 232
-0.981316, 305, 73, 368, 136
-0.981418, 201, 177, 264, 240
-0.981455, 89, 249, 152, 312
-0.981457, 169, 113, 232, 176
-0.981617, 241, 73, 304, 136
-0.981624, 241, 65, 304, 320
-0.981625, 1, 25, 128, 88
-0.981627, 153, 137, 216, 200
-0.9817, 193, 97, 320, 160
-0.981871, 313, 65, 376, 320
-0.98192, 377, 241, 440, 304
-0.981926, 97, 129, 224, 256
-0.982026, 369, 209, 432, 333
-0.982132, 265, 225, 328, 288
-0.982147, 161, 265, 288, 328
-0.982153, 369, 97, 432, 224
-0.982188, 345, 241, 408, 304
-0.982256, 401, 65, 464, 320
-0.982266, 257, 33, 500, 160
-0.982314, 433, 273, 496, 333
-0.982393, 377, 73, 440, 136
-0.982426, 345, 129, 408, 256
-0.982432, 161, 169, 224, 232
-0.982542, 349, 121, 380, 184
-0.982546, 433, 65, 496, 320
-0.982573, 237, 265, 268, 328
-0.982596, 33, 9, 96, 72
-0.982675, 217, 73, 280, 136
-0.9827, 25, 105, 88, 168
-0.982709, 193, 129, 320, 256
-0.982792, 1, 1, 64, 64
-0.982798, 73, 89, 136, 152
-0.982805, 177, 145, 240, 272
-0.982837, 185, 65, 248, 128
-0.982993, 145, 89, 272, 152
-0.98302, 233, 161, 296, 224
-0.983024, 265, 73, 328, 136
-0.983042, 293, 97, 324, 160
-0.983067, 249, 185, 312, 248
-0.983078, 57, 17, 120, 80
-0.983138, 81, 177, 112, 304
-0.983213, 153, 217, 216, 280
-0.98326, 433, 73, 496, 136
-0.983316, 329, 273, 392, 333
-0.983335, 313, 49, 376, 176
-0.983377, 193, 113, 256, 176
-0.983483, 289, 209, 352, 272
-0.983512, 401, 217, 464, 280
-0.983545, 25, 161, 88, 224
-0.983617, 121, 209, 184, 272
-0.983622, 73, 1, 136, 333
-0.983659, 97, 25, 160, 88
-0.983715, 385, 193, 448, 256
-0.98378, 149, 185, 180, 248
-0.983806, 273, 161, 400, 288
-0.983836, 257, 209, 320, 333
-0.983847, 293, 97, 324, 224
-0.983869, 1, 105, 64, 168
-0.983933, 81, 185, 112, 248
-0.983994, 93, 185, 124, 248
-0.983998, 49, 1, 176, 128
-0.984007, 113, 273, 240, 333
-0.984025, 337, 121, 368, 184
-0.984028, 297, 209, 360, 333
-0.984047, 353, 97, 480, 160
-0.984078, 425, 169, 488, 232
-0.984082, 1, 129, 64, 192
-0.984119, 9, 193, 72, 320
-0.984124, 257, 273, 384, 333
-0.98413, 385, 273, 448, 333
-0.984185, 281, 97, 312, 224
-0.984197, 161, 201, 288, 264
-0.984291, 341, 97, 372, 160
-0.984373, 49, 89, 112, 152
-0.98442, 269, 97, 300, 160
-0.984466, 185, 137, 248, 200
-0.984593, 281, 185, 344, 248
-0.984724, 65, 193, 96, 320
-0.984726, 217, 89, 248, 152
-0.984776, 281, 97, 312, 160
-0.984825, 321, 177, 384, 240
-0.984841, 305, 81, 336, 208
-0.984851, 305, 97, 336, 160
-0.984958, 353, 185, 416, 248
-0.984964, 225, 185, 288, 248
-0.985006, 33, 1, 96, 333
-0.985052, 1, 1, 32, 128
-0.985072, 1, 169, 64, 232
-0.985087, 161, 177, 192, 304
-0.985091, 257, 97, 288, 160
-0.985101, 97, 217, 160, 280
-0.985103, 129, 49, 192, 112
-0.985108, 81, 153, 208, 216
-0.985122, 409, 193, 472, 256
-0.985144, 257, 97, 288, 224
-0.985182, 209, 81, 240, 208
-0.985188, 401, 73, 464, 136
-0.985276, 377, 217, 440, 280
-0.985316, 325, 97, 356, 160
-0.985415, 49, 49, 176, 112
-0.985425, 97, 65, 224, 128
-0.985433, 321, 225, 384, 288
-0.985497, 229, 241, 260, 304
-0.985534, 269, 97, 300, 224
-0.985554, 361, 265, 424, 328
-0.985587, 33, 129, 96, 192
-0.985693, 317, 81, 348, 208
-0.98578, 221, 209, 252, 333
-0.986005, 297, 145, 360, 272
-0.986034, 245, 97, 276, 160
-0.986071, 161, 33, 288, 160
-0.986078, 173, 177, 204, 304
-0.98608, 1, 1, 64, 333
-0.98617, 325, 121, 356, 184
-0.986212, 209, 257, 336, 320
-0.986303, 345, 209, 408, 333
-0.9864, 193, 81, 224, 208
-0.986454, 305, 121, 336, 184
-0.986473, 209, 209, 240, 333
-0.986514, 57, 17, 88, 144
-0.986556, 369, 121, 496, 184
-0.98659, 221, 81, 252, 208
-0.986618, 49, 209, 176, 272
-0.986631, 225, 233, 352, 296
-0.986673, 97, 177, 128, 304
-0.986848, 33, 265, 160, 328
-0.986885, 245, 81, 276, 208
-0.98694, 393, 193, 456, 320
-0.987023, 145, 241, 272, 304
-0.987051, 121, 1, 184, 333
-0.987061, 269, 121, 300, 184
-0.987085, 161, 169, 288, 232
-0.987128, 229, 89, 260, 152
-0.987192, 369, 49, 432, 176
-0.987205, 293, 121, 324, 184
-0.987218, 217, 161, 280, 288
-0.987233, 361, 121, 392, 184
-0.987237, 369, 33, 496, 160
-0.987273, 353, 97, 384, 160
-0.987283, 341, 97, 372, 224
-0.987283, 445, 121, 476, 184
-0.98729, 117, 161, 148, 224
-0.987304, 129, 17, 192, 144
-0.987324, 13, 17, 44, 144
-0.987442, 101, 49, 132, 176
-0.987511, 281, 121, 312, 184
-0.98753, 109, 185, 140, 248
-0.987539, 121, 185, 152, 248
-0.987557, 225, 121, 352, 184
-0.987611, 137, 185, 168, 248
-0.987653, 89, 49, 120, 112
-0.98768, 321, 145, 448, 208
-0.987719, 133, 65, 164, 192
-0.98774, 97, 1, 160, 333
-0.987754, 149, 177, 180, 304
-0.987897, 81, 33, 112, 160
-0.987922, 321, 73, 448, 136
-0.987956, 177, 1, 240, 333
-0.988116, 165, 185, 196, 248
-0.988118, 153, 1, 216, 333
-0.988127, 253, 129, 284, 192
-0.988138, 29, 17, 60, 144
-0.988155, 281, 1, 344, 333
-0.988179, 369, 273, 496, 333
-0.988189, 17, 185, 144, 248
-0.98823, 181, 65, 212, 192
-0.988268, 209, 209, 240, 272
-0.988296, 33, 161, 160, 224
-0.988299, 97, 257, 128, 320
-0.988358, 365, 97, 396, 160
-0.98837, 225, 1, 288, 333
-0.988398, 121, 65, 152, 192
-0.988563, 369, 1, 432, 333
-0.988598, 1, 17, 32, 80
-0.988603, 209, 201, 336, 264
-0.988612, 137, 177, 168, 304
-0.988628, 329, 81, 360, 208
-0.988635, 69, 201, 100, 264
-0.988638, 113, 129, 240, 192
-0.988639, 25, 97, 88, 224
-0.988766, 181, 265, 212, 328
-0.988777, 373, 121, 404, 184
-0.988882, 145, 161, 176, 224
-0.989102, 305, 209, 432, 333
-0.989111, 157, 265, 188, 328
-0.989113, 257, 33, 384, 160
-0.989131, 421, 121, 452, 184
-0.989153, 409, 121, 440, 184
-0.989224, 353, 81, 384, 208
-0.989245, 17, 121, 144, 184
-0.989308, 97, 161, 128, 224
-0.989413, 57, 209, 88, 272
-0.989495, 401, 1, 464, 333
-0.989509, 321, 273, 448, 333
-0.989511, 41, 17, 72, 144
-0.989557, 217, 233, 248, 296
-0.989568, 249, 241, 280, 304
-0.989568, 9, 145, 72, 272
-0.989579, 321, 193, 384, 320
-0.989592, 397, 137, 428, 200
-0.98963, 117, 177, 148, 304
-0.989654, 209, 73, 336, 136
-0.989673, 305, 129, 368, 160
-0.989684, 57, 145, 88, 272
-0.989734, 89, 185, 152, 216
-0.989771, 225, 33, 288, 160
-0.989793, 177, 193, 208, 256
-0.989843, 201, 89, 232, 152
-0.989882, 181, 81, 212, 144
-0.989892, 345, 1, 408, 333
-0.989933, 305, 1, 368, 333
-0.989957, 117, 273, 148, 333
-0.98996, 201, 1, 264, 333
-0.99007, 133, 161, 164, 224
-0.990128, 69, 33, 100, 160
-0.990138, 37, 25, 68, 88
-0.990141, 161, 145, 288, 208
-0.990172, 249, 1, 312, 333
-0.990197, 193, 265, 224, 328
-0.990219, 65, 241, 192, 304
-0.990228, 273, 249, 400, 312
-0.990306, 249, 265, 280, 328
-0.99031, 433, 1, 496, 333
-0.990321, 105, 57, 136, 120
-0.990323, 69, 145, 100, 272
-0.990337, 113, 185, 176, 216
-0.990346, 1, 225, 128, 288
-0.990356, 65, 113, 192, 176
-0.990363, 65, 33, 96, 96
-0.990385, 233, 209, 264, 333
-0.990407, 17, 25, 48, 88
-0.990423, 161, 121, 288, 184
-0.990464, 45, 145, 76, 272
-0.990474, 77, 41, 108, 104
-0.99057, 145, 273, 176, 333
-0.990576, 281, 97, 344, 128
-0.99058, 281, 129, 344, 160
-0.990625, 433, 97, 464, 160
-0.990629, 185, 193, 216, 320
-0.990642, 65, 189, 128, 220
-0.990697, 149, 65, 180, 192
-0.99075, 113, 209, 240, 272
-0.990789, 5, 265, 36, 328
-0.9908, 65, 233, 96, 296
-0.990843, 125, 129, 156, 256
-0.990847, 329, 129, 392, 160
-0.990878, 381, 97, 412, 160
-0.99088, 1, 49, 128, 112
-0.990932, 257, 129, 320, 160
-0.990987, 209, 97, 272, 128
-0.990989, 273, 145, 336, 272
-0.991042, 169, 273, 200, 333
-0.991072, 153, 193, 216, 224
-0.991081, 237, 137, 268, 200
-0.991084, 305, 93, 368, 124
-0.9911, 369, 169, 496, 232
-0.991114, 409, 145, 440, 208
-0.991123, 433, 121, 464, 184
-0.991153, 233, 101, 296, 132
-0.991182, 385, 121, 416, 184
-0.991186, 109, 249, 140, 312
-0.991245, 369, 145, 496, 208
-0.991254, 409, 97, 440, 160
-0.991284, 85, 129, 116, 256
-0.991292, 65, 201, 128, 232
-0.991295, 393, 97, 424, 160
-0.991346, 465, 97, 496, 160
-0.991388, 201, 249, 264, 280
-0.9914, 33, 221, 96, 252
-0.991403, 169, 65, 200, 192
-0.991426, 65, 273, 96, 333
-0.991522, 225, 145, 352, 208
-0.991527, 33, 33, 96, 64
-0.99162, 53, 193, 84, 320
-0.991638, 197, 201, 228, 264
-0.99166, 165, 73, 196, 136
-0.991665, 241, 257, 304, 288
-0.991672, 113, 149, 176, 180
-0.991709, 177, 85, 240, 116
-0.991728, 1, 65, 128, 192
-0.991737, 193, 237, 256, 268
-0.991745, 249, 209, 280, 333
-0.991778, 137, 141, 200, 172
-0.991781, 33, 193, 288, 256
-0.991815, 97, 129, 128, 256
-0.991844, 449, 97, 480, 160
-0.991874, 49, 81, 112, 208
-0.991874, 421, 97, 452, 160
-0.991888, 161, 97, 416, 160
-0.991898, 177, 169, 208, 232
-0.991903, 457, 273, 488, 333
-0.991909, 265, 289, 328, 320
-0.991931, 33, 249, 96, 280
-0.991945, 321, 141, 384, 172
-0.991972, 9, 25, 72, 56
-0.991992, 305, 117, 368, 148
-0.992, 353, 125, 416, 156
-0.992025, 461, 129, 492, 192
-0.992038, 225, 273, 256, 333
-0.992071, 377, 169, 440, 200
-0.992087, 161, 269, 224, 300
-0.992098, 153, 77, 216, 108
-0.992103, 257, 101, 320, 132
-0.992103, 81, 269, 144, 300
-0.99211, 117, 65, 148, 128
-0.992111, 417, 125, 480, 156
-0.992129, 185, 269, 248, 300
-0.992137, 57, 41, 120, 72
-0.992149, 129, 121, 160, 184
-0.992163, 377, 297, 440, 328
-0.99217, 257, 121, 500, 184
-0.992178, 241, 237, 304, 268
-0.992195, 185, 293, 248, 324
-0.992204, 233, 269, 296, 300
-0.992208, 33, 233, 96, 264
-0.992222, 57, 213, 120, 244
-0.992239, 53, 233, 84, 296
-0.992248, 369, 73, 496, 136
-0.992296, 353, 137, 416, 168
-0.992298, 33, 185, 96, 216
-0.992318, 89, 173, 152, 204
-0.992325, 209, 137, 272, 168
-0.99233, 185, 225, 248, 256
-0.992332, 417, 97, 448, 224
-0.99235, 273, 73, 400, 136
-0.99237, 417, 173, 480, 204
-0.992373, 33, 209, 96, 240
-0.992399, 401, 153, 464, 184
-0.992399, 233, 137, 296, 168
-0.992418, 113, 173, 176, 204
-0.992422, 113, 129, 176, 160
-0.992425, 233, 209, 264, 272
-0.992436, 161, 161, 192, 224
-0.99244, 149, 113, 180, 176
-0.99244, 257, 117, 320, 148
-0.992445, 273, 253, 336, 284
-0.992447, 361, 149, 424, 180
-0.992458, 169, 205, 232, 236
-0.992469, 73, 53, 136, 84
-0.992495, 321, 33, 448, 160
-0.992495, 57, 241, 120, 272
-0.992496, 377, 137, 440, 168
-0.992521, 41, 261, 104, 292
-0.992521, 241, 301, 304, 332
-0.992523, 401, 137, 464, 168
-0.992525, 109, 121, 140, 184
-0.992551, 329, 85, 392, 116
-0.992569, 1, 221, 64, 252
-0.992577, 137, 181, 200, 212
-0.992584, 153, 73, 184, 136
-0.992586, 81, 249, 112, 312
-0.992587, 125, 17, 156, 144
-0.99259, 393, 281, 456, 312
-0.992595, 297, 141, 360, 172
-0.992597, 433, 137, 496, 168
-0.992603, 169, 133, 232, 164
-0.992612, 1, 249, 64, 280
-0.992629, 153, 301, 216, 332
-0.992631, 153, 153, 216, 184
-0.992635, 425, 281, 488, 312
-0.992638, 113, 69, 176, 100
-0.99265, 53, 33, 84, 96
-0.992657, 409, 145, 440, 272
-0.992665, 193, 213, 256, 244
-0.992666, 337, 289, 400, 320
-0.992675, 49, 173, 112, 204
-0.99268, 393, 181, 456, 212
-0.99268, 329, 117, 392, 148
-0.99269, 161, 281, 224, 312
-0.992691, 121, 277, 184, 308
-0.992701, 297, 277, 360, 308
-0.992719, 305, 129, 336, 160
-0.992764, 209, 265, 272, 296
-0.992768, 433, 245, 496, 276
-0.99277, 89, 117, 152, 148
-0.99277, 333, 129, 364, 160
-0.992782, 353, 201, 480, 264
-0.992787, 365, 65, 396, 192
-0.992794, 89, 197, 152, 228
-0.992795, 25, 113, 88, 144
-0.992796, 249, 89, 312, 120
-0.992797, 281, 117, 344, 148
-0.992811, 265, 273, 296, 333
-0.992824, 289, 289, 352, 320
-0.992852, 257, 49, 288, 176
-0.992879, 177, 153, 240, 184
-0.992906, 433, 145, 464, 272
-0.992907, 25, 273, 88, 304
-0.99294, 133, 65, 164, 128
-0.992958, 397, 145, 428, 272
-0.992963, 137, 129, 200, 160
-0.992964, 265, 141, 328, 172
-0.992966, 93, 189, 124, 220
-0.992971, 209, 189, 272, 220
-0.992971, 113, 117, 176, 148
-0.992976, 417, 269, 480, 300
-0.992988, 73, 193, 104, 224
-0.992992, 385, 125, 448, 156
-0.992998, 209, 301, 272, 332
-0.993007, 417, 297, 480, 328
-0.993014, 1, 237, 64, 268
-0.993014, 121, 261, 184, 292
-0.993017, 185, 97, 248, 128
-0.993038, 217, 209, 280, 240
-0.993051, 209, 125, 272, 156
-0.993051, 73, 229, 136, 260
-0.993067, 217, 281, 280, 312
-0.993067, 225, 221, 288, 252
-0.993075, 353, 101, 416, 132
-0.993079, 465, 65, 496, 192
-0.99308, 129, 273, 160, 333
-0.993081, 113, 293, 176, 324
-0.993083, 293, 129, 324, 160
-0.993084, 97, 57, 160, 88
-0.993085, 153, 233, 216, 264
-0.993093, 197, 209, 228, 333
-0.993094, 1, 265, 64, 296
-0.993098, 345, 125, 376, 156
-0.993099, 329, 301, 392, 332
-0.993104, 33, 197, 96, 228
-0.993116, 41, 149, 104, 180
-0.993124, 297, 253, 360, 284
-0.993129, 337, 249, 464, 312
-0.993136, 169, 253, 232, 284
-0.993138, 161, 177, 224, 208
-0.993142, 249, 261, 280, 292
-0.99317, 353, 81, 416, 112
-0.993172, 105, 185, 136, 216
-0.993176, 133, 89, 164, 152
-0.993182, 209, 257, 240, 320
-0.993185, 197, 241, 228, 304
-0.993189, 265, 193, 328, 224
-0.993191, 185, 193, 248, 224
-0.993192, 329, 101, 392, 132
-0.993193, 361, 73, 392, 136
-0.993198, 401, 237, 464, 268
-0.993221, 161, 97, 224, 128
-0.993222, 241, 201, 304, 232
-0.993241, 237, 269, 268, 300
-0.993246, 81, 129, 144, 160
-0.993246, 73, 257, 136, 288
-0.99325, 73, 161, 136, 192
-0.993253, 117, 185, 148, 216
-0.993265, 65, 141, 128, 172
-0.993296, 81, 161, 112, 224
-0.993299, 233, 97, 264, 128
-0.993308, 309, 93, 340, 124
-0.993335, 173, 241, 204, 304
-0.993351, 217, 93, 248, 124
-0.993359, 229, 249, 260, 280
-0.99337, 1, 129, 32, 192
-0.99339, 269, 145, 300, 208
-0.99339, 41, 225, 72, 288
-0.993404, 53, 217, 84, 248
-0.993408, 161, 193, 192, 224
-0.993415, 453, 81, 484, 208
-0.993429, 321, 129, 352, 160
-0.993432, 65, 89, 192, 152
-0.993433, 21, 273, 52, 333
-0.993434, 149, 129, 180, 256
-0.993434, 65, 73, 320, 136
-0.993451, 133, 185, 164, 216
-0.993471, 333, 145, 364, 208
-0.993534, 293, 101, 324, 132
-0.993551, 137, 129, 168, 256
-0.993564, 89, 49, 120, 80
-0.993578, 393, 81, 424, 208
-0.993579, 253, 101, 284, 132
-0.993589, 281, 273, 312, 333
-0.993619, 161, 241, 192, 304
-0.993633, 257, 97, 500, 160
-0.993654, 65, 205, 96, 236
-0.993657, 9, 21, 40, 52
-0.993661, 77, 113, 108, 176
-0.99367, 269, 101, 300, 132
-0.99368, 269, 129, 300, 160
-0.993699, 173, 193, 204, 224
-0.993703, 101, 57, 132, 88
-0.993734, 305, 201, 432, 264
-0.993738, 165, 289, 196, 320
-0.993755, 281, 129, 312, 160
-0.993767, 441, 97, 472, 224
-0.993791, 145, 65, 272, 128
-0.993793, 25, 29, 56, 60
-0.993798, 33, 273, 288, 333
-0.9938, 193, 85, 224, 116
-0.993826, 225, 237, 256, 268
-0.993829, 321, 169, 448, 232
-0.993836, 189, 177, 220, 240
-0.993845, 345, 137, 376, 168
-0.993846, 305, 145, 336, 208
-0.993849, 161, 129, 416, 192
-0.993852, 193, 197, 224, 228
-0.993863, 201, 209, 232, 240
-0.993872, 449, 125, 480, 156
-0.993875, 97, 121, 128, 184
-0.993876, 357, 125, 388, 156
-0.993879, 405, 141, 436, 172
-0.993895, 261, 265, 292, 296
-0.993915, 281, 101, 312, 132
-0.993915, 145, 189, 176, 220
-0.993923, 241, 249, 272, 280
-0.993925, 465, 129, 496, 160
-0.993936, 69, 169, 100, 232
-0.993947, 361, 145, 392, 208
-0.993957, 253, 133, 284, 164
-0.993957, 377, 137, 408, 168
-0.99398, 337, 93, 368, 124
-0.99399, 105, 173, 136, 204
-0.993992, 161, 181, 192, 212
-0.993995, 113, 17, 144, 144
-0.994009, 93, 177, 124, 208
-0.994012, 77, 41, 108, 72
-0.994032, 321, 93, 352, 124
-0.994037, 173, 181, 204, 212
-0.994039, 285, 145, 316, 208
-0.99404, 261, 301, 292, 332
-0.994046, 217, 225, 248, 256
-0.994047, 241, 233, 272, 264
-0.994051, 317, 117, 348, 148
-0.994058, 417, 137, 448, 168
-0.99406, 277, 49, 308, 176
-0.994064, 81, 181, 112, 212
-0.994067, 437, 241, 468, 304
-0.994068, 1, 97, 64, 224
-0.994074, 345, 285, 376, 316
-0.994074, 145, 177, 176, 208
-0.994076, 141, 149, 172, 180
-0.994087, 185, 241, 216, 304
-0.994108, 205, 89, 236, 120
-0.994112, 137, 281, 168, 312
-0.994113, 445, 137, 476, 168
-0.994114, 33, 217, 288, 280
-0.994118, 257, 185, 384, 248
-0.994129, 117, 173, 148, 204
-0.994142, 357, 137, 388, 168
-0.994148, 437, 273, 468, 333
-0.99415, 373, 73, 404, 136
-0.99415, 181, 297, 212, 328
-0.99416, 53, 33, 84, 64
-0.994167, 161, 77, 192, 108
-0.994175, 65, 217, 96, 248
-0.994177, 153, 293, 184, 324
-0.994183, 253, 241, 284, 272
-0.994187, 393, 137, 424, 168
-0.994187, 129, 149, 160, 180
-0.994193, 325, 141, 356, 172
-0.994207, 61, 241, 92, 272
-0.994208, 65, 33, 96, 64
-0.994209, 353, 249, 384, 312
-0.994209, 81, 185, 208, 216
-0.994216, 53, 229, 84, 260
-0.99423, 349, 89, 380, 120
-0.994231, 109, 297, 140, 328
-0.994231, 369, 125, 400, 156
-0.994235, 241, 73, 272, 136
-0.994236, 153, 137, 184, 168
-0.994242, 121, 129, 152, 160
-0.994244, 293, 49, 324, 176
-0.994257, 21, 249, 52, 312
-0.994269, 113, 65, 144, 96
-0.994269, 457, 281, 488, 312
-0.994274, 181, 85, 212, 116
-0.994276, 109, 253, 140, 284
-0.994285, 285, 117, 316, 148
-0.994287, 393, 125, 424, 156
-0.994288, 181, 269, 212, 300
-0.994292, 421, 145, 452, 272
-0.994301, 441, 277, 472, 308
-0.994324, 253, 89, 284, 120
-0.994327, 193, 265, 448, 328
-0.994329, 97, 257, 128, 288
-0.994333, 233, 217, 264, 248
-0.994342, 213, 297, 244, 328
-0.994347, 357, 289, 388, 320
-0.994348, 117, 153, 148, 184
-0.994352, 173, 137, 204, 168
-0.994361, 297, 277, 328, 308
-0.994365, 237, 301, 268, 332
-0.994369, 21, 245, 52, 276
-0.994376, 409, 161, 440, 192
-0.994377, 281, 281, 312, 312
-0.994382, 213, 209, 244, 240
-0.994387, 149, 201, 180, 232
-0.994387, 41, 33, 72, 64
-0.994391, 33, 113, 64, 144
-0.994396, 205, 133, 236, 164
-0.994399, 213, 237, 244, 268
-0.994402, 53, 205, 84, 236
-0.994409, 385, 301, 416, 332
-0.994411, 169, 301, 200, 332
-0.994412, 229, 85, 260, 116
-0.994412, 301, 141, 332, 172
-0.994413, 165, 149, 196, 180
-0.994415, 257, 121, 288, 152
-0.994415, 261, 253, 292, 284
-0.994416, 437, 265, 468, 296
-0.994417, 329, 145, 360, 272
-0.99442, 177, 153, 208, 184
-0.994422, 45, 245, 76, 276
-0.994422, 145, 269, 176, 300
-0.994423, 197, 65, 228, 128
-0.994425, 237, 141, 268, 172
-0.994433, 381, 81, 412, 208
-0.994438, 65, 181, 96, 212
-0.994439, 277, 257, 308, 288
-0.994444, 185, 137, 216, 168
-0.994445, 9, 221, 40, 252
-0.99445, 1, 273, 32, 304
-0.994451, 425, 153, 456, 184
-0.994451, 41, 229, 72, 260
-0.994454, 9, 233, 40, 264
-0.994473, 425, 273, 456, 333
-0.99448, 245, 201, 276, 264
-0.994491, 333, 73, 364, 136
-0.994598, 425, 145, 456, 208
-0.994609, 257, 145, 500, 208
-0.994612, 129, 161, 384, 224
-0.994622, 1, 241, 32, 304
-0.994628, 337, 265, 368, 328
-0.994642, 81, 25, 208, 88
-0.994662, 209, 177, 336, 240
-0.994688, 65, 249, 320, 312
-0.994697, 337, 225, 464, 288
-0.994716, 1, 129, 500, 192
-0.994822, 17, 1, 144, 64
-0.994829, 1, 97, 500, 160
-0.994926, 409, 49, 440, 176
-0.99494, 1, 193, 500, 256
-0.994948, 113, 129, 144, 256
-0.994959, 1, 49, 256, 112
-0.995021, 313, 129, 344, 256
-0.995054, 433, 17, 496, 144
-0.995078, 209, 1, 336, 128
-0.995083, 357, 193, 388, 320
-0.995136, 161, 233, 416, 296
-0.995167, 65, 97, 320, 160
-0.995217, 65, 137, 320, 200
-0.995242, 201, 161, 232, 288
-0.995273, 193, 209, 448, 272
-0.995313, 97, 1, 128, 128
-0.995398, 49, 197, 176, 228
-0.99547, 349, 121, 364, 184
-0.995511, 201, 33, 232, 160
-0.995543, 161, 73, 416, 136
-0.995559, 17, 89, 144, 152
-0.995565, 161, 129, 192, 256
-0.995581, 33, 169, 288, 232
-0.995592, 341, 145, 372, 272
-0.995625, 193, 185, 448, 248
-0.995635, 251, 257, 266, 320
-0.99569, 289, 129, 416, 160
-0.995703, 365, 145, 396, 272
-0.995718, 257, 73, 500, 136
-0.995719, 341, 49, 372, 176
-0.995817, 429, 97, 460, 224
-0.995825, 385, 129, 416, 256
-0.995836, 225, 33, 256, 160
-0.995864, 351, 97, 366, 160
-0.995868, 173, 129, 204, 256
-0.995884, 307, 97, 322, 160
-0.995914, 261, 209, 292, 333
-0.995937, 161, 257, 288, 288
-0.995946, 241, 249, 256, 312
-0.995949, 453, 209, 484, 333
-0.99596, 273, 153, 400, 216
-0.995965, 343, 121, 358, 184
-0.995965, 65, 25, 320, 88
-0.995973, 241, 133, 368, 164
-0.996008, 343, 97, 358, 160
-0.996045, 209, 101, 336, 132
-0.996049, 437, 49, 468, 176
-0.996082, 295, 97, 310, 160
-0.996084, 129, 193, 256, 224
-0.996088, 357, 121, 372, 184
-0.996118, 337, 125, 464, 156
-0.996133, 1, 225, 500, 288
-0.996136, 257, 93, 384, 124
-0.996138, 241, 257, 368, 288
-0.99615, 437, 209, 468, 333
-0.996186, 273, 97, 288, 160
-0.996187, 185, 145, 216, 272
-0.996204, 301, 97, 316, 160
-0.996214, 155, 185, 170, 248
-0.996216, 97, 185, 112, 248
-0.996225, 259, 273, 274, 333
-0.996231, 469, 209, 500, 333
-0.996248, 161, 185, 176, 248
-0.996287, 313, 97, 328, 160
-0.996289, 303, 121, 318, 184
-0.996301, 425, 49, 456, 176
-0.996309, 41, 209, 72, 333
-0.996344, 363, 121, 378, 184
-0.996347, 123, 161, 138, 224
-0.99637, 283, 97, 298, 160
-0.996376, 161, 89, 288, 120
-0.996383, 261, 97, 276, 160
-0.996416, 209, 269, 336, 300
-0.996468, 67, 217, 82, 280
-0.996469, 73, 1, 104, 256
-0.99648, 373, 209, 404, 333
-0.996497, 257, 209, 384, 272
-0.9965, 231, 89, 246, 152
-0.996546, 209, 197, 336, 228
-0.996549, 337, 121, 352, 184
-0.996556, 353, 129, 384, 256
-0.996556, 293, 209, 324, 333
-0.996566, 337, 97, 352, 160
-0.996569, 177, 273, 192, 333
-0.996573, 297, 121, 312, 184
-0.9966, 357, 97, 372, 160
-0.996606, 33, 185, 160, 216
-0.996607, 29, 161, 60, 288
-0.996611, 113, 205, 240, 236
-0.996623, 253, 233, 268, 296
-0.996638, 235, 241, 250, 304
-0.996648, 301, 145, 332, 272
-0.996649, 251, 97, 266, 160
-0.996654, 145, 269, 272, 300
-0.996667, 283, 121, 298, 184
-0.996678, 145, 17, 176, 144
-0.996679, 267, 97, 282, 160
-0.996684, 97, 293, 224, 324
-0.996696, 167, 185, 182, 248
-0.996702, 129, 49, 384, 112
-0.996704, 149, 185, 164, 248
-0.996707, 217, 145, 248, 272
-0.996713, 289, 97, 304, 160
-0.996732, 457, 129, 488, 256
-0.996734, 305, 141, 432, 172
-0.996737, 257, 241, 500, 304
-0.996741, 161, 181, 288, 212
-0.996751, 209, 285, 336, 316
-0.99676, 161, 285, 288, 316
-0.996761, 1, 1, 256, 64
-0.99678, 369, 121, 384, 184
-0.996788, 309, 121, 324, 184
-0.996792, 409, 1, 472, 128
-0.996794, 113, 81, 240, 112
-0.996809, 129, 137, 256, 168
-0.99681, 65, 277, 192, 308
-0.996812, 331, 97, 346, 160
-0.996815, 217, 89, 232, 152
-0.996816, 65, 97, 96, 224
-0.996827, 173, 17, 204, 144
-0.996838, 407, 121, 422, 184
-0.996844, 193, 129, 320, 160
-0.996846, 139, 185, 154, 248
-0.996853, 413, 137, 428, 200
-0.996856, 1, 209, 32, 333
-0.996864, 33, 213, 160, 244
-0.996881, 213, 33, 244, 160
-0.99689, 257, 293, 384, 324
-0.99689, 291, 121, 306, 184
-0.996897, 197, 193, 212, 256
-0.996897, 317, 121, 332, 184
-0.996899, 91, 185, 106, 248
-0.996905, 209, 209, 336, 240
-0.996908, 81, 69, 208, 100
-0.996917, 1, 33, 128, 64
-0.996926, 363, 97, 378, 160
-0.996929, 77, 193, 92, 256
-0.99693, 129, 161, 144, 224
-0.996931, 225, 89, 240, 152
-0.996963, 221, 65, 252, 320
-0.996967, 173, 65, 204, 320
-0.996989, 193, 65, 224, 320
-0.996992, 97, 149, 224, 180
-0.996993, 265, 129, 280, 192
-0.996997, 377, 121, 392, 184
-0.996998, 245, 89, 260, 152
-0.997004, 177, 301, 304, 332
-0.997013, 45, 1, 76, 256
-0.997023, 5, 1, 36, 256
-0.997027, 173, 185, 188, 248
-0.997031, 225, 245, 352, 276
-0.997032, 97, 173, 224, 204
-0.997041, 405, 97, 436, 224
-0.997046, 13, 193, 44, 320
-0.997046, 125, 273, 140, 333
-0.997049, 277, 273, 292, 333
-0.997051, 369, 281, 496, 312
-0.997065, 373, 97, 388, 160
-0.997078, 59, 217, 74, 280
-0.997085, 331, 121, 346, 184
-0.997091, 109, 57, 124, 120
-0.997097, 111, 169, 126, 232
-0.997099, 17, 1, 48, 256
-0.997101, 83, 185, 98, 248
-0.997106, 421, 121, 436, 184
-0.997108, 241, 273, 256, 333
-0.997114, 237, 89, 252, 152
-0.997116, 171, 265, 186, 328
-0.997118, 1, 253, 128, 284
-0.99712, 17, 273, 144, 304
-0.997129, 161, 205, 288, 236
-0.997138, 321, 97, 336, 160
-0.997147, 149, 161, 164, 224
-0.997149, 123, 185, 138, 248
-0.997157, 385, 121, 400, 184
-0.997161, 225, 233, 352, 264
-0.997161, 305, 85, 432, 116
-0.997164, 33, 1, 64, 256
-0.997172, 273, 121, 288, 184
-0.997182, 283, 265, 298, 328
-0.997183, 155, 161, 170, 224
-0.997191, 177, 145, 304, 176
-0.997194, 143, 161, 158, 224
-0.997196, 105, 185, 120, 248
-0.997199, 17, 17, 32, 80
-0.9972, 1, 73, 500, 136
-0.997214, 63, 241, 78, 304
-0.997225, 117, 177, 132, 240
-0.997227, 273, 281, 400, 312
-0.997227, 101, 49, 116, 112
-0.99723, 321, 101, 448, 132
-0.997232, 195, 273, 210, 333
-0.997237, 183, 265, 198, 328
-0.99724, 1, 257, 500, 320
-0.997243, 207, 201, 222, 264
-0.997263, 265, 265, 280, 328
-0.997271, 241, 121, 368, 152
-0.997278, 459, 121, 474, 184
-0.997281, 381, 97, 396, 160
-0.997283, 427, 121, 442, 184
-0.997287, 49, 237, 176, 268
-0.997291, 1, 173, 128, 204
-0.9973, 369, 137, 496, 168
-0.997312, 161, 245, 288, 276
-0.997313, 227, 217, 242, 280
-0.997318, 25, 25, 40, 88
-0.997323, 1, 197, 128, 228
-0.997325, 161, 101, 288, 132
-0.997336, 259, 129, 274, 192
-0.997344, 135, 161, 150, 224
-0.99735, 33, 25, 48, 88
-0.997353, 113, 281, 240, 312
-0.997357, 449, 121, 464, 184
-0.997364, 257, 269, 384, 300
-0.997375, 369, 297, 496, 328
-0.997387, 1, 45, 128, 76
-0.997388, 57, 1, 88, 256
-0.997398, 389, 97, 404, 160
-0.997411, 33, 145, 160, 176
-0.997412, 97, 33, 128, 288
-0.997413, 325, 121, 340, 184
-0.997414, 49, 117, 176, 148
-0.997416, 129, 185, 144, 248
-0.997425, 145, 221, 272, 252
-0.997433, 165, 273, 180, 333
-0.997433, 209, 85, 336, 116
-0.997434, 65, 265, 192, 296
-0.997437, 1, 9, 16, 72
-0.997441, 43, 25, 58, 88
-0.997445, 321, 257, 448, 288
-0.997449, 205, 81, 220, 144
-0.997454, 65, 133, 192, 164
-0.997454, 121, 33, 152, 288
-0.997462, 395, 121, 410, 184
-0.997473, 459, 97, 474, 160
-0.997474, 435, 121, 450, 184
-0.997477, 395, 97, 410, 160
-0.997485, 157, 33, 188, 288
-0.997494, 197, 81, 212, 144
-0.997494, 205, 65, 236, 320
-0.997506, 341, 65, 372, 320
-0.997508, 1, 17, 500, 80
-0.99752, 415, 177, 430, 240
-0.997524, 219, 217, 234, 280
-0.99753, 1, 49, 500, 112
-0.997541, 237, 65, 268, 320
-0.997541, 419, 145, 434, 208
-0.997543, 185, 81, 200, 144
-0.997543, 183, 193, 198, 256
-0.997544, 287, 145, 302, 208
-0.997546, 353, 113, 480, 144
-0.997549, 191, 81, 206, 144
-0.99755, 91, 249, 106, 312
-0.997551, 131, 121, 146, 184
-0.997554, 369, 269, 496, 300
-0.997554, 305, 293, 432, 324
-0.997558, 139, 273, 154, 333
-0.997561, 49, 249, 176, 280
-0.99757, 119, 273, 134, 333
-0.997577, 235, 273, 250, 333
-0.997578, 257, 193, 384, 224
-0.997585, 147, 273, 162, 333
-0.997588, 247, 233, 262, 296
-0.997589, 17, 57, 144, 88
-0.997592, 441, 121, 456, 184
-0.997594, 421, 97, 436, 160
-0.997597, 353, 149, 480, 180
-0.997603, 445, 97, 460, 160
-0.997608, 353, 201, 480, 232
-0.997614, 49, 297, 176, 328
-0.997622, 431, 97, 446, 160
-0.997623, 69, 241, 84, 304
-0.997624, 179, 73, 194, 136
-0.997625, 169, 161, 184, 224
-0.997628, 95, 41, 110, 104
-0.997628, 211, 89, 226, 152
-0.997632, 353, 81, 480, 112
-0.997634, 161, 17, 192, 144
-0.997639, 251, 265, 266, 296
-0.997642, 11, 17, 26, 80
-0.99765, 401, 121, 416, 184
-0.997679, 161, 157, 288, 188
-0.997679, 257, 205, 384, 236
-0.99768, 49, 225, 176, 256
-0.997729, 321, 269, 448, 300
-0.997729, 337, 169, 464, 200
-0.997731, 305, 157, 432, 188
-0.997759, 353, 65, 384, 320
-0.997759, 209, 221, 336, 252
-0.997762, 305, 201, 432, 232
-0.997763, 365, 65, 396, 320
-0.997767, 313, 65, 344, 320
-0.997771, 369, 245, 496, 276
-0.997772, 1, 9, 128, 40
-0.997773, 269, 65, 300, 320
-0.997775, 97, 121, 224, 152
-0.997788, 305, 1, 368, 128
-0.997789, 257, 105, 384, 136
-0.99779, 97, 161, 224, 192
-0.997796, 1, 233, 128, 264
-0.997799, 85, 33, 116, 288
-0.997799, 321, 281, 448, 312
-0.997811, 465, 33, 496, 288
-0.997812, 289, 117, 416, 148
-0.997812, 1, 125, 128, 156
-0.997821, 145, 233, 272, 264
-0.997828, 369, 101, 496, 132
-0.997842, 353, 213, 480, 244
-0.997843, 1, 169, 500, 232
-0.997851, 289, 65, 320, 320
-0.997853, 49, 97, 80, 224
-0.997858, 369, 185, 496, 216
-0.997861, 33, 157, 160, 188
-0.99787, 109, 33, 140, 288
-0.997871, 337, 129, 352, 160
-0.997873, 307, 129, 322, 160
-0.997877, 413, 193, 444, 320
-0.997912, 161, 117, 288, 148
-0.997914, 343, 129, 358, 160
-0.997922, 225, 149, 352, 180
-0.997951, 261, 265, 276, 296
-0.997955, 289, 245, 416, 276
-0.997957, 1, 113, 128, 144
-0.997985, 241, 145, 304, 272
-0.997998, 49, 173, 176, 204
-0.998, 65, 25, 192, 56
-0.998008, 1, 293, 128, 324
-0.99801, 145, 33, 176, 288
-0.998013, 353, 233, 480, 264
-0.998019, 249, 97, 264, 128
-0.998032, 413, 65, 444, 320
-0.998034, 81, 53, 208, 84
-0.998048, 245, 33, 276, 160
-0.998058, 109, 185, 124, 216
-0.998064, 301, 65, 332, 320
-0.998073, 65, 213, 80, 244
-0.998076, 243, 249, 258, 280
-0.998091, 209, 161, 336, 192
-0.998092, 133, 33, 164, 288
-0.998092, 385, 33, 416, 288
-0.998097, 161, 169, 288, 200
-0.998102, 351, 125, 366, 156
-0.998117, 257, 221, 384, 252
-0.998141, 449, 65, 480, 320
-0.998144, 119, 185, 134, 216
-0.998153, 401, 209, 432, 333
-0.998157, 325, 65, 356, 320
-0.998161, 331, 129, 346, 160
-0.998176, 81, 37, 208, 68
-0.998182, 401, 65, 432, 320
-0.998192, 337, 1, 400, 128
-0.998196, 71, 201, 86, 232
-0.998205, 9, 145, 40, 272
-0.998206, 1, 81, 128, 112
-0.998213, 251, 253, 266, 284
-0.99822, 103, 185, 118, 216
-0.998221, 313, 129, 328, 160
-0.998226, 97, 241, 224, 272
-0.99824, 33, 69, 160, 100
-0.998251, 163, 189, 178, 220
-0.998263, 231, 93, 246, 124
-0.998263, 81, 93, 208, 124
-0.998263, 305, 189, 432, 220
-0.99829, 1, 21, 128, 52
-0.99829, 235, 237, 250, 268
-0.998291, 89, 187, 152, 202
-0.998296, 259, 101, 274, 132
-0.998297, 305, 33, 336, 160
-0.998302, 257, 177, 384, 208
-0.998303, 283, 101, 298, 132
-0.998311, 97, 189, 112, 220
-0.998314, 113, 253, 240, 284
-0.998316, 249, 65, 280, 320
-0.998323, 369, 257, 496, 288
-0.998324, 301, 133, 316, 164
-0.998326, 145, 185, 160, 216
-0.99833, 85, 193, 100, 224
-0.99833, 113, 109, 240, 140
-0.998354, 91, 189, 106, 220
-0.998357, 207, 205, 222, 236
-0.998361, 77, 197, 92, 228
-0.998362, 63, 241, 78, 272
-0.998363, 125, 181, 140, 212
-0.99837, 445, 145, 476, 272
-0.998377, 243, 97, 258, 128
-0.998387, 357, 125, 372, 156
-0.99839, 101, 63, 132, 78
-0.99839, 409, 163, 440, 178
-0.99839, 249, 135, 312, 150
-0.998391, 269, 303, 300, 318
-0.998391, 241, 155, 272, 170
-0.998391, 157, 75, 188, 90
-0.998391, 429, 141, 460, 156
-0.998391, 353, 125, 384, 140
-0.998392, 249, 97, 280, 112
-0.998392, 97, 257, 128, 272
-0.998393, 125, 117, 156, 132
-0.998393, 197, 87, 228, 102
-0.998393, 157, 185, 188, 200
-0.998394, 301, 291, 332, 306
-0.998394, 177, 155, 208, 170
-0.998394, 405, 151, 436, 166
-0.998394, 345, 295, 376, 310
-0.998395, 129, 157, 160, 172
-0.998395, 173, 81, 204, 96
-0.998395, 145, 155, 176, 170
-0.998395, 85, 53, 116, 68
-0.998395, 9, 291, 40, 306
-0.998395, 81, 183, 112, 198
-0.998396, 225, 159, 256, 174
-0.998396, 237, 141, 268, 156
-0.998396, 137, 117, 168, 132
-0.998397, 149, 149, 180, 164
-0.998397, 133, 71, 164, 86
-0.998397, 221, 209, 252, 224
-0.998398, 265, 141, 296, 156
-0.998398, 257, 129, 288, 144
-0.998399, 45, 245, 76, 260
-0.998399, 229, 229, 260, 244
-0.998399, 233, 135, 264, 150
-0.998399, 309, 317, 340, 332
-0.9984, 325, 97, 356, 112
-0.9984, 133, 183, 164, 198
-0.998401, 377, 139, 408, 154
-0.998401, 57, 243, 88, 258
-0.998402, 285, 283, 316, 298
-0.998402, 139, 185, 154, 216
-0.998403, 245, 273, 276, 288
-0.998403, 405, 169, 436, 184
-0.998403, 181, 301, 212, 316
-0.998404, 341, 125, 372, 140
-0.998404, 33, 227, 64, 242
-0.998405, 45, 219, 76, 234
-0.998405, 49, 35, 80, 50
-0.998405, 297, 133, 360, 148
-0.998405, 1, 275, 32, 290
-0.998407, 441, 149, 472, 164
-0.998407, 37, 33, 68, 48
-0.998408, 421, 151, 452, 166
-0.998409, 209, 91, 240, 106
-0.998411, 101, 195, 132, 210
-0.998411, 217, 209, 232, 240
-0.998411, 141, 281, 172, 296
-0.998411, 61, 213, 92, 228
-0.998412, 445, 141, 476, 156
-0.998413, 57, 237, 88, 252
-0.998413, 101, 181, 132, 196
-0.998413, 109, 69, 140, 84
-0.998414, 213, 233, 244, 248
-0.998416, 353, 289, 384, 304
-0.998417, 253, 257, 284, 272
-0.998417, 81, 47, 112, 62
-0.998417, 201, 213, 232, 228
-0.998417, 305, 233, 432, 264
-0.998418, 61, 191, 92, 206
-0.998418, 9, 317, 40, 332
-0.998418, 317, 137, 348, 152
-0.99842, 155, 189, 170, 220
-0.99842, 161, 303, 192, 318
-0.998421, 201, 207, 232, 222
-0.998421, 323, 93, 338, 124
-0.998421, 283, 129, 298, 160
-0.998422, 249, 141, 280, 156
-0.998423, 165, 293, 196, 308
-0.998425, 165, 157, 196, 172
-0.998425, 393, 149, 424, 164
-0.998425, 465, 139, 496, 154
-0.998426, 225, 245, 256, 260
-0.998432, 1, 285, 32, 300
-0.998432, 237, 279, 268, 294
-0.998433, 281, 129, 312, 144
-0.998433, 281, 141, 312, 156
-0.998433, 65, 37, 96, 52
-0.998433, 319, 129, 334, 160
-0.998434, 257, 263, 288, 278
-0.998436, 53, 225, 84, 240
-0.998437, 425, 65, 456, 320
-0.998437, 225, 153, 256, 168
-0.99844, 393, 141, 424, 156
-0.99844, 161, 65, 288, 96
-0.998441, 273, 101, 288, 132
-0.998442, 113, 181, 144, 196
-0.998443, 297, 99, 328, 114
-0.998443, 353, 141, 384, 156
-0.998446, 197, 157, 228, 172
-0.998447, 297, 139, 328, 154
-0.998447, 69, 203, 100, 218
-0.998448, 437, 65, 468, 320
-0.998448, 317, 125, 348, 140
-0.998449, 329, 141, 360, 156
-0.99845, 1, 19, 32, 34
-0.99845, 245, 135, 276, 150
-0.998451, 253, 103, 284, 118
-0.998451, 237, 93, 252, 124
-0.998453, 257, 269, 288, 284
-0.998454, 241, 235, 272, 250
-0.998454, 25, 29, 56, 44
-0.998455, 317, 93, 332, 124
-0.998455, 233, 251, 264, 266
-0.998456, 217, 239, 248, 254
-0.998457, 341, 139, 372, 154
-0.998457, 59, 213, 74, 244
-0.998459, 241, 261, 272, 276
-0.998459, 269, 103, 300, 118
-0.998463, 185, 199, 216, 214
-0.998465, 213, 155, 244, 170
-0.998465, 309, 97, 324, 128
-0.998466, 413, 141, 428, 172
-0.998466, 173, 197, 204, 212
-0.998466, 285, 103, 316, 118
-0.998468, 469, 133, 500, 148
-0.998469, 113, 187, 176, 202
-0.998477, 13, 25, 44, 40
-0.998479, 237, 97, 268, 112
-0.99848, 185, 193, 200, 224
-0.998482, 161, 193, 192, 208
-0.998484, 77, 197, 108, 212
-0.998485, 173, 193, 188, 224
-0.998486, 145, 187, 176, 202
-0.998486, 337, 131, 368, 146
-0.998486, 57, 219, 88, 234
-0.998487, 69, 241, 84, 272
-0.998489, 417, 141, 448, 156
-0.99849, 309, 97, 340, 112
-0.998491, 133, 189, 164, 204
-0.998492, 225, 93, 240, 124
-0.998493, 11, 21, 26, 52
-0.998493, 177, 289, 192, 320
-0.998497, 267, 101, 282, 132
-0.998498, 265, 133, 280, 164
-0.998507, 405, 145, 436, 160
-0.998513, 107, 57, 122, 88
-0.998513, 269, 135, 300, 150
-0.998514, 353, 69, 480, 100
-0.998514, 257, 135, 288, 150
-0.998515, 221, 95, 252, 110
-0.998516, 257, 165, 384, 196
-0.998519, 273, 209, 304, 333
-0.998521, 133, 185, 148, 216
-0.998522, 325, 131, 356, 146
-0.998523, 305, 133, 336, 148
-0.998524, 97, 217, 224, 248
-0.998529, 357, 137, 372, 168
-0.998532, 121, 187, 152, 202
-0.998539, 297, 101, 312, 132
-0.998541, 85, 191, 116, 206
-0.998543, 469, 113, 500, 240
-0.998546, 293, 133, 324, 148
-0.998546, 109, 187, 140, 202
-0.998553, 459, 125, 474, 156
-0.998558, 137, 191, 200, 206
-0.99856, 245, 267, 276, 282
-0.998564, 281, 135, 312, 150
-0.998565, 23, 25, 38, 56
-0.998567, 95, 49, 110, 80
-0.998567, 73, 197, 136, 212
-0.998568, 325, 129, 340, 160
-0.998572, 109, 173, 124, 204
-0.998572, 179, 181, 194, 212
-0.998573, 115, 173, 130, 204
-0.998574, 97, 187, 128, 202
-0.998576, 3, 13, 18, 44
-0.99859, 351, 137, 366, 168
-0.99859, 273, 135, 336, 150
-0.9986, 193, 157, 256, 172
-0.998605, 49, 105, 176, 136
-0.99861, 303, 97, 318, 128
-0.998615, 297, 97, 360, 112
-0.998616, 305, 213, 432, 244
-0.998618, 291, 101, 306, 132
-0.998622, 469, 129, 484, 160
-0.998622, 223, 213, 238, 244
-0.998629, 345, 93, 360, 124
-0.99863, 217, 89, 232, 120
-0.998632, 385, 193, 416, 320
-0.998633, 169, 181, 184, 212
-0.998634, 201, 197, 216, 228
-0.998635, 101, 53, 116, 84
-0.998635, 3, 273, 18, 304
-0.998636, 217, 99, 280, 114
-0.998641, 295, 129, 310, 160
-0.998643, 423, 137, 438, 168
-0.998646, 259, 133, 274, 164
-0.99865, 273, 69, 400, 100
-0.998651, 407, 137, 422, 168
-0.998659, 215, 197, 230, 228
-0.998663, 353, 89, 368, 120
-0.998664, 191, 197, 206, 228
-0.998665, 245, 269, 260, 300
-0.99867, 169, 157, 232, 172
-0.99867, 305, 193, 336, 320
-0.998674, 241, 103, 304, 118
-0.998682, 171, 273, 186, 304
-0.998686, 395, 137, 410, 168
-0.99869, 365, 125, 380, 156
-0.998691, 383, 137, 398, 168
-0.998695, 159, 297, 174, 328
-0.998695, 33, 29, 48, 60
-0.9987, 209, 73, 336, 104
-0.9987, 335, 93, 350, 124
-0.998701, 153, 177, 168, 208
-0.998702, 289, 129, 304, 160
-0.998705, 329, 93, 344, 124
-0.998711, 89, 45, 104, 76
-0.998712, 273, 129, 288, 160
-0.998714, 309, 117, 324, 148
-0.998715, 409, 165, 424, 196
-0.998719, 317, 209, 348, 333
-0.998724, 229, 225, 244, 256
-0.998725, 377, 137, 392, 168
-0.998727, 201, 255, 264, 270
-0.998728, 197, 85, 212, 116
-0.998732, 403, 153, 418, 184
-0.998734, 17, 21, 32, 52
-0.998734, 129, 153, 192, 168
-0.998734, 207, 85, 222, 116
-0.998735, 153, 197, 216, 212
-0.998736, 167, 289, 182, 320
-0.998738, 39, 29, 54, 60
-0.99874, 33, 93, 160, 124
-0.998744, 371, 125, 386, 156
-0.998746, 97, 177, 112, 208
-0.998747, 367, 289, 382, 320
-0.998748, 329, 141, 392, 156
-0.998749, 449, 245, 464, 276
-0.998751, 179, 193, 194, 224
-0.998757, 257, 9, 500, 72
-0.998757, 33, 225, 96, 240
-0.998759, 7, 241, 22, 272
-0.998761, 185, 273, 200, 304
-0.998763, 55, 225, 70, 256
-0.998764, 451, 269, 466, 300
-0.998767, 69, 225, 84, 256
-0.998769, 389, 137, 404, 168
-0.998771, 339, 117, 354, 148
-0.998771, 279, 269, 294, 300
-0.998772, 209, 135, 272, 150
-0.998772, 133, 173, 148, 204
-0.998778, 277, 297, 292, 328
-0.998778, 33, 241, 96, 256
-0.998779, 265, 253, 280, 284
-0.998781, 371, 137, 386, 168
-0.998784, 159, 177, 174, 208
-0.998785, 209, 181, 336, 212
-0.998785, 25, 33, 88, 48
-0.998789, 265, 103, 328, 118
-0.998789, 401, 137, 416, 168
-0.99879, 225, 49, 480, 112
-0.99879, 65, 203, 128, 218
-0.998791, 183, 145, 198, 176
-0.998791, 63, 253, 78, 284
-0.998797, 67, 33, 82, 64
-0.998799, 133, 281, 148, 312
-0.9988, 365, 137, 380, 168
-0.998801, 81, 275, 144, 290
-0.998803, 193, 241, 256, 256
-0.998804, 453, 125, 468, 156
-0.998818, 233, 141, 296, 156
-0.998818, 193, 93, 256, 108
-0.998819, 241, 255, 304, 270
-0.998821, 313, 117, 376, 132
-0.99883, 217, 157, 280, 172
-0.998843, 233, 277, 296, 292
-0.998844, 321, 133, 384, 148
-0.998849, 65, 191, 128, 206
-0.99885, 193, 247, 256, 262
-0.998857, 25, 219, 88, 234
-0.998859, 233, 271, 296, 286
-0.998861, 209, 261, 272, 276
-0.998863, 273, 141, 336, 156
-0.998865, 65, 81, 192, 112
-0.998868, 401, 157, 464, 172
-0.998871, 353, 139, 416, 154
-0.998871, 305, 127, 368, 142
-0.998871, 337, 125, 400, 140
-0.998872, 305, 139, 368, 154
-0.998875, 161, 271, 224, 286
-0.998876, 1, 27, 64, 42
-0.998877, 257, 129, 320, 144
-0.998882, 273, 291, 336, 306
-0.998897, 225, 233, 288, 248
-0.998897, 121, 71, 184, 86
-0.998902, 417, 141, 480, 156
-0.998905, 417, 149, 480, 164
-0.998907, 233, 243, 296, 258
-0.99891, 121, 277, 184, 292
-0.998913, 289, 103, 352, 118
-0.998916, 153, 185, 216, 200
-0.998921, 401, 169, 464, 184
-0.998925, 193, 235, 256, 250
-0.998925, 57, 215, 120, 230
-0.998927, 161, 209, 224, 224
-0.998928, 425, 283, 488, 298
-0.998932, 353, 119, 416, 134
-0.998934, 169, 151, 232, 166
-0.998939, 177, 203, 240, 218
-0.99894, 33, 247, 96, 262
-0.998949, 25, 195, 88, 210
-0.998949, 57, 223, 120, 238
-0.998951, 257, 81, 384, 112
-0.998955, 217, 209, 280, 224
-0.998955, 9, 245, 72, 260
-0.998959, 281, 125, 344, 140
-0.998959, 33, 233, 96, 248
-0.998961, 49, 185, 112, 200
-0.998965, 105, 159, 168, 174
-0.998968, 29, 209, 60, 333
-0.998969, 409, 185, 472, 200
-0.998969, 377, 173, 440, 188
-0.998973, 17, 259, 80, 274
-0.998973, 377, 183, 440, 198
-0.998974, 185, 193, 248, 208
-0.998975, 129, 113, 192, 128
-0.998976, 369, 1, 432, 128
-0.998977, 9, 235, 72, 250
-0.998979, 41, 259, 104, 274
-0.998985, 105, 119, 168, 134
-0.998986, 241, 263, 304, 278
-0.998987, 193, 305, 256, 320
-0.998988, 97, 181, 160, 196
-0.998988, 385, 141, 448, 156
-0.998989, 65, 209, 128, 224
-0.99899, 9, 145, 72, 160
-0.998991, 145, 79, 208, 94
-0.998991, 129, 53, 256, 84
-0.998994, 281, 109, 344, 124
-0.998995, 153, 203, 216, 218
-0.998996, 425, 127, 488, 142
-0.998996, 161, 111, 224, 126
-0.998996, 113, 125, 176, 140
-0.999003, 417, 179, 480, 194
-0.999006, 145, 147, 208, 162
-0.999007, 249, 97, 312, 112
-0.999008, 193, 99, 256, 114
-0.999009, 57, 267, 120, 282
-0.999011, 241, 305, 304, 320
-0.999013, 393, 147, 456, 162
-0.999014, 193, 271, 256, 286
-0.999014, 209, 141, 272, 156
-0.999015, 185, 213, 248, 228
-0.999016, 169, 265, 232, 280
-0.999019, 49, 197, 112, 212
-0.99902, 129, 159, 192, 174
-0.999021, 377, 305, 440, 320
-0.999022, 273, 285, 336, 300
-0.999022, 33, 39, 96, 54
-0.999024, 49, 49, 112, 64
-0.999025, 1, 287, 64, 302
-0.999027, 57, 231, 120, 246
-0.99903, 105, 153, 168, 168
-0.999032, 361, 81, 424, 96
-0.999034, 145, 137, 208, 152
-0.999034, 201, 203, 264, 218
-0.999036, 1, 229, 64, 244
-0.999037, 177, 87, 240, 102
-0.999038, 153, 235, 216, 250
-0.999039, 161, 9, 416, 72
-0.999041, 401, 241, 464, 256
-0.999042, 425, 277, 488, 292
-0.999046, 57, 309, 120, 324
-0.999047, 41, 253, 104, 268
-0.999047, 425, 297, 488, 312
-0.99905, 25, 311, 88, 326
-0.99905, 73, 179, 136, 194
-0.999051, 25, 213, 88, 228
-0.999053, 9, 253, 72, 268
-0.999053, 265, 301, 328, 316
-0.999054, 233, 249, 296, 264
-0.999054, 385, 293, 448, 308
-0.999092, 7, 1, 22, 128
-0.999136, 337, 193, 368, 320
-0.99918, 295, 97, 310, 224
-0.999208, 1, 1, 16, 128
-0.999209, 81, 177, 96, 304
-0.999212, 301, 97, 316, 224
-0.999214, 175, 177, 190, 304
-0.999216, 249, 81, 264, 208
-0.999217, 69, 193, 84, 320
-0.999222, 247, 257, 262, 272
-0.999223, 71, 221, 86, 236
-0.999224, 379, 139, 394, 154
-0.999226, 345, 135, 360, 150
-0.999227, 201, 155, 216, 170
-0.999227, 469, 139, 484, 154
-0.999228, 349, 129, 364, 144
-0.999229, 259, 141, 274, 156
-0.999234, 255, 283, 270, 298
-0.999234, 35, 31, 50, 46
-0.999234, 241, 81, 256, 208
-0.999235, 1, 231, 16, 246
-0.999235, 65, 233, 80, 248
-0.999238, 1, 285, 16, 300
-0.999239, 417, 151, 432, 166
-0.999239, 71, 195, 86, 210
-0.99924, 221, 81, 236, 208
-0.99924, 295, 141, 310, 156
-0.999244, 153, 191, 168, 206
-0.999247, 405, 165, 420, 180
-0.999249, 167, 177, 182, 304
-0.999249, 307, 81, 322, 208
-0.99925, 69, 227, 84, 242
-0.999252, 265, 263, 280, 278
-0.999252, 285, 129, 300, 144
-0.999253, 105, 177, 120, 304
-0.999253, 265, 97, 280, 224
-0.999254, 277, 103, 292, 118
-0.999256, 215, 81, 230, 208
-0.999256, 417, 139, 432, 154
-0.999257, 99, 181, 114, 196
-0.999262, 167, 153, 182, 168
-0.999264, 95, 177, 110, 304
-0.999264, 291, 103, 306, 118
-0.999264, 235, 81, 250, 208
-0.999266, 219, 217, 234, 232
-0.999267, 275, 97, 290, 224
-0.999273, 423, 141, 438, 156
-0.999274, 115, 177, 130, 304
-0.999275, 7, 239, 22, 254
-0.999275, 309, 99, 324, 114
-0.999278, 413, 145, 428, 272
-0.99928, 13, 1, 28, 128
-0.999281, 117, 67, 132, 82
-0.999283, 339, 97, 354, 224
-0.999284, 145, 177, 160, 304
-0.999284, 83, 41, 98, 56
-0.999285, 285, 97, 300, 224
-0.999285, 199, 81, 214, 208
-0.999285, 225, 95, 240, 110
-0.999287, 229, 81, 244, 208
-0.999287, 365, 289, 380, 304
-0.999289, 319, 81, 334, 208
-0.999291, 63, 251, 78, 266
-0.999292, 207, 209, 222, 224
-0.999292, 329, 141, 344, 156
-0.999294, 69, 251, 84, 266
-0.999294, 199, 199, 214, 214
-0.999296, 87, 177, 102, 304
-0.999297, 209, 81, 224, 208
-0.999297, 193, 199, 208, 214
-0.999298, 227, 213, 242, 228
-0.999299, 233, 157, 248, 172
-0.999299, 153, 177, 168, 304
-0.9993, 227, 209, 242, 333
-0.999301, 219, 93, 234, 108
-0.999301, 333, 81, 348, 208
-0.999305, 261, 103, 276, 118
-0.999305, 31, 17, 46, 144
-0.999306, 289, 275, 304, 290
-0.999306, 161, 177, 176, 304
-0.999309, 365, 141, 380, 156
-0.999309, 105, 181, 120, 196
-0.999311, 73, 145, 88, 272
-0.999311, 209, 155, 224, 170
-0.999311, 481, 133, 496, 148
-0.999313, 323, 133, 338, 148
-0.999313, 19, 17, 34, 144
-0.999313, 327, 81, 342, 208
-0.999314, 265, 141, 280, 156
-0.999315, 323, 95, 338, 110
-0.999318, 25, 17, 40, 144
-0.999319, 29, 29, 44, 44
-0.999321, 191, 65, 206, 192
-0.999322, 41, 17, 56, 144
-0.999322, 255, 97, 270, 224
-0.999324, 133, 65, 148, 192
-0.999324, 335, 125, 350, 140
-0.999326, 279, 273, 294, 288
-0.999326, 357, 81, 372, 208
-0.999328, 253, 135, 268, 150
-0.999328, 115, 49, 130, 176
-0.999329, 423, 129, 438, 256
-0.99933, 313, 81, 328, 208
-0.999331, 305, 139, 320, 154
-0.999331, 67, 211, 82, 226
-0.999333, 183, 177, 198, 304
-0.999333, 215, 155, 230, 170
-0.999334, 347, 141, 362, 156
-0.999335, 97, 33, 112, 160
-0.999335, 345, 97, 360, 224
-0.999335, 121, 49, 136, 176
-0.99934, 103, 55, 118, 70
-0.999343, 71, 17, 86, 144
-0.999343, 121, 177, 136, 304
-0.999348, 271, 103, 286, 118
-0.999352, 1, 277, 16, 292
-0.999352, 261, 275, 276, 290
-0.999355, 47, 17, 62, 144
-0.999356, 23, 27, 38, 42
-0.999358, 109, 59, 124, 74
-0.999359, 317, 97, 332, 112
-0.999359, 177, 155, 192, 170
-0.99936, 303, 101, 318, 116
-0.999363, 341, 141, 356, 156
-0.999364, 237, 95, 252, 110
-0.999364, 355, 141, 370, 156
-0.999364, 221, 209, 236, 333
-0.999365, 333, 131, 348, 146
-0.999366, 177, 195, 192, 210
-0.999367, 69, 205, 84, 220
-0.999369, 283, 103, 298, 118
-0.999371, 87, 33, 102, 160
-0.999371, 241, 209, 256, 333
-0.999372, 249, 97, 264, 112
-0.999372, 223, 155, 238, 170
-0.999373, 127, 65, 142, 192
-0.999374, 255, 277, 270, 292
-0.999375, 243, 99, 258, 114
-0.999375, 63, 17, 78, 144
-0.999375, 215, 177, 230, 304
-0.999376, 143, 65, 158, 192
-0.999376, 79, 33, 94, 160
-0.999379, 61, 145, 76, 272
-0.99938, 151, 65, 166, 192
-0.99938, 177, 65, 192, 192
-0.999381, 197, 209, 212, 333
-0.999382, 53, 17, 68, 144
-0.999382, 63, 209, 78, 333
-0.999383, 351, 97, 366, 224
-0.999391, 401, 97, 416, 224
-0.999392, 103, 49, 118, 176
-0.999393, 167, 193, 182, 208
-0.999393, 413, 97, 428, 224
-0.999398, 15, 23, 30, 38
-0.999398, 351, 135, 366, 150
-0.999398, 69, 243, 84, 258
-0.9994, 473, 133, 488, 148
-0.999403, 207, 209, 222, 333
-0.999404, 57, 221, 72, 236
-0.999405, 75, 193, 90, 320
-0.999406, 185, 65, 200, 192
-0.999408, 91, 129, 106, 256
-0.99941, 239, 247, 254, 262
-0.99941, 451, 209, 466, 333
-0.999412, 205, 203, 220, 218
-0.999413, 191, 177, 206, 304
-0.999415, 163, 65, 178, 192
-0.999416, 97, 51, 112, 66
-0.999417, 335, 141, 350, 156
-0.999419, 67, 145, 82, 272
-0.999422, 407, 145, 422, 272
-0.999423, 463, 145, 478, 272
-0.999425, 139, 145, 154, 272
-0.999426, 137, 187, 152, 202
-0.999426, 59, 245, 74, 260
-0.999428, 89, 45, 104, 60
-0.99943, 9, 19, 24, 34
-0.999432, 235, 209, 250, 333
-0.999433, 473, 81, 488, 208
-0.999434, 253, 209, 268, 333
-0.999434, 481, 65, 496, 192
-0.999442, 461, 209, 476, 333
-0.999442, 297, 103, 312, 118
-0.999443, 259, 209, 274, 333
-0.999447, 143, 189, 158, 204
-0.999448, 127, 177, 142, 304
-0.999449, 151, 185, 166, 200
-0.999449, 397, 145, 412, 272
-0.99945, 363, 81, 378, 208
-0.99945, 259, 49, 274, 176
-0.999455, 245, 251, 260, 266
-0.999455, 169, 65, 184, 192
-0.999455, 115, 129, 130, 256
-0.999456, 125, 129, 140, 256
-0.999457, 443, 97, 458, 224
-0.999458, 453, 145, 468, 272
-0.999461, 423, 81, 438, 208
-0.999462, 235, 241, 250, 256
-0.999462, 127, 17, 142, 144
-0.999462, 157, 49, 172, 176
-0.999464, 109, 49, 124, 176
-0.999467, 409, 145, 424, 160
-0.999467, 133, 177, 148, 304
-0.99947, 453, 97, 468, 224
-0.999472, 75, 201, 90, 216
-0.999472, 113, 181, 128, 196
-0.999472, 173, 129, 188, 256
-0.999473, 187, 197, 202, 212
-0.999477, 101, 129, 116, 256
-0.999478, 467, 209, 482, 333
-0.999481, 317, 135, 332, 150
-0.999485, 309, 145, 324, 272
-0.999485, 467, 81, 482, 208
-0.999487, 153, 129, 168, 256
-0.999489, 373, 97, 388, 224
-0.999489, 63, 239, 78, 254
-0.99949, 53, 177, 68, 304
-0.999491, 391, 81, 406, 208
-0.999491, 339, 145, 354, 272
-0.999492, 433, 97, 448, 224
-0.999492, 407, 81, 422, 208
-0.999493, 131, 187, 146, 202
-0.999496, 147, 129, 162, 256
-0.999498, 295, 49, 310, 176
-0.999498, 459, 81, 474, 208
-0.999501, 85, 129, 100, 256
-0.999502, 253, 261, 268, 276
-0.999503, 163, 129, 178, 256
-0.999504, 3, 15, 18, 30
-0.999506, 109, 129, 124, 256
-0.999507, 317, 129, 332, 256
-0.999508, 339, 131, 354, 146
-0.999514, 385, 81, 400, 208
-0.999514, 265, 209, 280, 333
-0.999516, 203, 33, 218, 160
-0.999517, 43, 209, 58, 333
-0.999517, 159, 191, 174, 206
-0.999519, 269, 49, 284, 176
-0.99952, 301, 49, 316, 176
-0.999521, 115, 187, 130, 202
-0.999522, 215, 211, 230, 226
-0.999522, 281, 135, 296, 150
-0.999522, 285, 49, 300, 176
-0.999523, 79, 129, 94, 256
-0.99953, 93, 191, 108, 206
-0.999537, 231, 95, 246, 110
-0.999556, 309, 133, 324, 148
-0.999559, 415, 145, 430, 160
-0.999594, 273, 135, 288, 150
-0.999611, 85, 195, 100, 210
-0.999615, 129, 25, 256, 88
-0.99962, 259, 135, 274, 150
-0.999632, 37, 81, 68, 208
-0.999634, 265, 135, 280, 150
-0.999637, 229, 161, 260, 288
-0.99965, 303, 133, 318, 148
-0.999654, 99, 187, 114, 202
-0.999681, 121, 185, 136, 200
-0.99969, 63, 217, 78, 232
-0.999714, 297, 135, 312, 150
-0.999727, 251, 267, 266, 282
-0.999735, 287, 135, 302, 150
-0.999849, 261, 269, 276, 284
-0.999868, 109, 187, 124, 202
-0.999987, 65, 1, 192, 64
-1.00016, 189, 17, 220, 144
-1.00029, 245, 145, 276, 272
-1.00038, 425, 193, 456, 320
-1.00074, 389, 17, 420, 144
-1.0008, 469, 17, 500, 144
-1.00084, 209, 49, 336, 112
-1.00093, 353, 49, 480, 112
-1.001, 209, 17, 336, 80
-1.00115, 441, 1, 472, 128
-1.00123, 25, 113, 56, 240
-1.00124, 321, 1, 448, 64
-1.00144, 81, 81, 112, 208
-1.00148, 429, 1, 460, 128
-1.00158, 369, 1, 496, 64
-1.00166, 249, 1, 312, 128
-1.00174, 289, 33, 416, 96
-1.00251, 257, 9, 384, 72
-1.00315, 145, 1, 272, 64
-1.00443, 337, 25, 464, 88
-1.00507, 281, 1, 344, 128
