1896
-0.339031, 1, 1, 332, 500
-0.339799, 1, 97, 332, 352
-0.506183, 33, 1, 288, 500
-0.555594, 1, 193, 332, 448
-0.612227, 1, 1, 332, 256
-0.651615, 65, 97, 320, 352
-0.775393, 65, 225, 320, 480
-0.853143, 1, 1, 256, 256
-0.877555, 161, 97, 288, 352
-0.881482, 65, 1, 192, 500
-0.881819, 161, 1, 288, 500
-0.884739, 113, 1, 240, 500
-0.887593, 113, 161, 240, 416
-0.89265, 1, 113, 332, 240
-0.89398, 193, 225, 320, 480
-0.900938, 209, 129, 332, 384
-0.902676, 17, 1, 144, 500
-0.903102, 65, 65, 192, 320
-0.912719, 209, 1, 332, 500
-0.915219, 113, 65, 240, 320
-0.91851, 1, 225, 332, 352
-0.922381, 145, 257, 272, 500
-0.922974, 65, 225, 192, 480
-0.9249, 1, 161, 332, 288
-0.931515, 177, 1, 304, 256
-0.93488, 65, 129, 320, 256
-0.935683, 17, 161, 144, 416
-0.940592, 1, 65, 332, 192
-0.942393, 1, 241, 256, 368
-0.942684, 1, 81, 256, 208
-0.944913, 17, 65, 144, 320
-0.945322, 65, 177, 320, 304
-0.947796, 1, 353, 332, 480
-0.950138, 65, 305, 320, 432
-0.953479, 145, 257, 272, 384
-0.955261, 1, 273, 332, 400
-0.95528, 65, 353, 320, 480
-0.95565, 193, 273, 320, 400
-0.95639, 177, 113, 304, 240
-0.958935, 49, 65, 176, 192
-0.95951, 193, 209, 320, 336
-0.959848, 97, 241, 224, 368
-0.960469, 209, 257, 272, 384
-0.960697, 113, 193, 240, 320
-0.962517, 241, 257, 304, 384
-0.963403, 129, 97, 256, 224
-0.964244, 225, 129, 288, 256
-0.965097, 17, 257, 144, 500
-0.966096, 65, 17, 320, 144
-0.966383, 25, 97, 88, 224
-0.966707, 169, 257, 232, 384
-0.967127, 153, 161, 216, 288
-0.967164, 25, 161, 88, 288
-0.967372, 193, 321, 320, 448
-0.967615, 249, 273, 312, 336
-0.967721, 1, 161, 128, 288
-0.968421, 161, 369, 288, 496
-0.968435, 185, 113, 248, 240
-0.968799, 209, 161, 332, 288
-0.969515, 177, 209, 240, 336
-0.969547, 1, 17, 332, 144
-0.969843, 153, 257, 216, 320
-0.969905, 201, 209, 264, 336
-0.970266, 241, 305, 304, 432
-0.970417, 25, 161, 88, 224
-0.970684, 273, 289, 332, 352
-0.97087, 97, 305, 224, 432
-0.970978, 209, 369, 332, 496
-0.971292, 265, 257, 328, 384
-0.971771, 33, 209, 160, 336
-0.971931, 33, 113, 160, 240
-0.972119, 121, 81, 184, 208
-0.972725, 161, 113, 224, 240
-0.973162, 97, 145, 224, 272
-0.97331, 225, 281, 288, 344
-0.973373, 217, 129, 280, 192
-0.973643, 25, 1, 88, 128
-0.973825, 161, 161, 288, 288
-0.973863, 177, 265, 240, 328
-0.974004, 1, 129, 64, 256
-0.974075, 73, 209, 136, 336
-0.974511, 57, 65, 120, 192
-0.974545, 1, 33, 128, 160
-0.974702, 49, 257, 176, 384
-0.974748, 25, 113, 88, 176
-0.975728, 257, 145, 320, 272
-0.975798, 145, 241, 208, 368
-0.975936, 145, 49, 272, 176
-0.976044, 113, 257, 176, 384
-0.976077, 113, 369, 240, 496
-0.976118, 185, 161, 248, 288
-0.976552, 145, 321, 272, 448
-0.976555, 89, 433, 152, 496
-0.976812, 49, 177, 112, 304
-0.976845, 17, 369, 144, 496
-0.976928, 217, 305, 280, 432
-0.976999, 9, 49, 72, 176
-0.97726, 177, 65, 240, 192
-0.977468, 217, 409, 280, 472
-0.977651, 265, 305, 328, 432
-0.977719, 145, 281, 208, 344
-0.977763, 113, 265, 176, 328
-0.977926, 17, 137, 80, 200
-0.97813, 201, 385, 264, 448
-0.97818, 1, 257, 128, 384
-0.978259, 177, 361, 240, 424
-0.97839, 257, 209, 320, 336
-0.978437, 49, 17, 176, 144
-0.978476, 241, 393, 304, 456
-0.978573, 225, 193, 288, 320
-0.978708, 145, 169, 208, 232
-0.978805, 25, 425, 88, 488
-0.978855, 49, 113, 112, 240
-0.978872, 33, 49, 96, 176
-0.978884, 209, 369, 272, 496
-0.978921, 225, 97, 288, 352
-0.979084, 121, 193, 184, 320
-0.979237, 113, 369, 176, 496
-0.97925, 193, 97, 256, 352
-0.979416, 1, 1, 64, 128
-0.97953, 57, 409, 120, 472
-0.979558, 89, 241, 152, 304
-0.979653, 245, 273, 276, 336
-0.979736, 177, 305, 240, 432
-0.979853, 177, 401, 240, 464
-0.979907, 177, 233, 240, 296
-0.979916, 233, 433, 296, 496
-0.979982, 65, 369, 192, 496
-0.979994, 273, 385, 332, 448
-0.98001, 209, 249, 272, 312
-0.980032, 1, 161, 64, 224
-0.980055, 273, 353, 332, 480
-0.980071, 209, 281, 332, 344
-0.980109, 249, 369, 312, 496
-0.980134, 97, 65, 160, 192
-0.980347, 17, 305, 144, 432
-0.98045, 145, 257, 272, 320
-0.980726, 169, 193, 232, 256
-0.980763, 113, 89, 176, 152
-0.980766, 201, 361, 264, 424
-0.980848, 137, 233, 200, 296
-0.980906, 97, 33, 224, 160
-0.981, 81, 249, 208, 312
-0.981027, 193, 121, 256, 184
-0.981187, 153, 409, 216, 472
-0.981218, 145, 201, 208, 264
-0.981327, 121, 65, 184, 320
-0.981343, 257, 129, 320, 384
-0.981407, 241, 137, 304, 200
-0.981481, 169, 97, 232, 352
-0.98152, 49, 145, 112, 208
-0.981532, 169, 289, 232, 352
-0.981546, 49, 161, 176, 288
-0.981567, 45, 161, 76, 224
-0.981571, 217, 81, 280, 208
-0.981673, 257, 249, 320, 312
-0.981752, 17, 97, 80, 352
-0.981862, 153, 369, 216, 496
-0.982087, 113, 425, 176, 488
-0.982226, 265, 313, 328, 376
-0.982289, 169, 257, 200, 320
-0.982305, 45, 97, 76, 224
-0.98231, 89, 81, 152, 144
-0.982332, 201, 273, 264, 336
-0.98236, 17, 257, 80, 384
-0.982473, 41, 257, 104, 384
-0.982507, 225, 225, 288, 480
-0.982516, 129, 193, 256, 256
-0.982659, 49, 81, 112, 144
-0.982672, 249, 273, 280, 400
-0.982693, 89, 257, 152, 384
-0.982734, 17, 41, 80, 104
-0.982821, 265, 97, 328, 224
-0.982963, 49, 265, 112, 328
-0.983503, 177, 353, 240, 480
-0.983509, 1, 401, 64, 464
-0.983752, 9, 337, 72, 464
-0.983817, 273, 409, 332, 472
-0.98418, 81, 369, 144, 496
-0.984193, 233, 369, 296, 432
-0.984408, 145, 65, 208, 192
-0.984488, 161, 337, 224, 400
-0.984538, 121, 289, 184, 352
-0.98454, 237, 257, 268, 384
-0.984554, 153, 193, 216, 448
-0.98461, 137, 89, 200, 152
-0.984683, 193, 225, 256, 480
-0.984725, 33, 81, 160, 144
-0.984727, 161, 121, 288, 184
-0.984742, 49, 433, 112, 496
-0.984788, 249, 257, 312, 500
-0.98485, 177, 409, 304, 472
-0.984931, 121, 209, 184, 272
-0.98499, 33, 265, 160, 328
-0.984994, 113, 145, 176, 272
-0.985038, 177, 169, 304, 232
-0.9851, 209, 49, 332, 176
-0.9851, 45, 145, 76, 272
-0.985125, 193, 297, 256, 360
-0.985408, 17, 289, 80, 352
-0.985411, 33, 401, 96, 464
-0.985485, 33, 97, 64, 224
-0.985583, 273, 361, 332, 424
-0.985608, 217, 209, 280, 272
-0.985649, 65, 225, 192, 288
-0.985689, 17, 1, 80, 256
-0.985709, 49, 121, 112, 184
-0.985737, 97, 209, 160, 336
-0.985841, 161, 145, 224, 208
-0.985869, 185, 425, 248, 488
-0.986016, 81, 401, 144, 464
-0.986028, 121, 33, 184, 160
-0.986132, 153, 321, 216, 448
-0.986133, 17, 185, 80, 248
-0.986154, 241, 305, 304, 368
-0.986241, 193, 377, 320, 440
-0.986355, 1, 105, 64, 168
-0.986482, 245, 129, 276, 256
-0.986493, 161, 73, 224, 136
-0.986507, 245, 137, 276, 200
-0.986512, 33, 161, 64, 224
-0.98662, 161, 233, 288, 296
-0.986678, 57, 65, 120, 320
-0.986682, 185, 169, 248, 232
-0.986691, 185, 97, 248, 160
-0.986691, 153, 113, 216, 176
-0.986753, 225, 113, 256, 240
-0.986782, 41, 185, 104, 248
-0.986885, 145, 97, 208, 352
-0.986895, 113, 241, 176, 304
-0.986911, 113, 185, 176, 248
-0.986919, 41, 161, 104, 416
-0.98693, 233, 177, 296, 240
-0.986931, 81, 273, 208, 336
-0.986955, 185, 265, 216, 328
-0.987012, 241, 81, 304, 208
-0.987049, 1, 265, 64, 328
-0.987281, 73, 265, 136, 328
-0.987293, 25, 257, 88, 320
-0.987344, 113, 401, 176, 464
-0.987398, 165, 145, 196, 272
-0.987419, 65, 273, 128, 400
-0.987428, 257, 113, 320, 176
-0.987447, 265, 185, 328, 248
-0.987452, 225, 273, 256, 400
-0.987463, 1, 313, 64, 376
-0.987528, 149, 281, 180, 344
-0.987535, 201, 1, 264, 500
-0.987667, 25, 89, 88, 152
-0.987673, 233, 249, 296, 312
-0.987688, 209, 209, 332, 272
-0.98776, 121, 305, 184, 432
-0.987779, 113, 401, 240, 464
-0.987793, 57, 161, 88, 288
-0.9878, 81, 193, 208, 256
-0.987809, 81, 17, 144, 144
-0.987816, 209, 145, 332, 208
-0.987828, 265, 257, 296, 384
-0.987868, 57, 209, 120, 272
-0.987885, 177, 241, 208, 368
-0.987896, 201, 257, 232, 384
-0.987917, 89, 305, 152, 432
-0.987953, 161, 145, 288, 208
-0.98798, 165, 241, 196, 368
-0.988045, 157, 249, 188, 312
-0.988053, 193, 193, 256, 256
-0.988072, 177, 177, 208, 304
-0.988228, 213, 113, 244, 240
-0.988292, 257, 273, 288, 336
-0.988398, 217, 337, 280, 400
-0.988404, 145, 385, 208, 448
-0.988427, 113, 345, 240, 408
-0.988433, 25, 1, 56, 128
-0.988438, 145, 1, 272, 128
-0.988517, 193, 305, 320, 368
-0.988527, 97, 297, 160, 360
-0.988561, 65, 169, 192, 232
-0.988564, 113, 105, 240, 168
-0.988579, 273, 225, 332, 480
-0.988588, 105, 225, 168, 480
-0.988589, 129, 169, 256, 232
-0.988606, 177, 1, 240, 500
-0.988612, 129, 281, 256, 344
-0.988636, 45, 137, 76, 200
-0.988655, 145, 433, 208, 496
-0.988672, 25, 145, 56, 272
-0.988688, 257, 145, 288, 272
-0.988693, 129, 193, 192, 448
-0.988699, 9, 17, 72, 80
-0.988709, 129, 113, 192, 176
-0.988727, 41, 337, 104, 464
-0.988834, 189, 209, 220, 336
-0.988893, 65, 425, 192, 488
-0.988919, 265, 145, 328, 208
-0.988924, 273, 281, 304, 344
-0.989045, 121, 161, 184, 224
-0.989064, 269, 305, 300, 432
-0.989092, 205, 209, 236, 336
-0.989111, 193, 401, 224, 464
-0.989116, 177, 113, 208, 240
-0.989157, 285, 289, 316, 352
-0.989157, 177, 409, 208, 472
-0.989188, 1, 161, 128, 224
-0.989233, 41, 369, 104, 432
-0.989267, 137, 1, 200, 500
-0.989305, 17, 153, 48, 216
-0.989324, 233, 105, 296, 168
-0.989342, 137, 89, 168, 152
-0.989353, 65, 49, 96, 176
-0.989354, 45, 105, 76, 168
-0.989496, 65, 233, 128, 296
-0.989527, 145, 81, 176, 208
-0.989545, 281, 273, 312, 400
-0.989567, 213, 257, 244, 384
-0.989591, 25, 65, 88, 128
-0.989612, 189, 113, 220, 240
-0.989622, 81, 353, 144, 416
-0.989622, 225, 369, 256, 496
-0.98963, 225, 1, 288, 500
-0.989639, 97, 65, 160, 320
-0.989668, 105, 425, 136, 488
-0.989688, 121, 49, 184, 112
-0.989694, 257, 433, 320, 496
-0.9897, 109, 225, 140, 352
-0.989702, 97, 1, 160, 500
-0.989714, 169, 281, 200, 344
-0.989803, 153, 17, 216, 144
-0.989809, 41, 1, 104, 500
-0.989815, 157, 97, 188, 224
-0.989871, 17, 121, 144, 184
-0.989914, 241, 209, 304, 272
-0.990032, 217, 209, 248, 336
-0.990064, 113, 433, 240, 496
-0.990073, 45, 33, 76, 160
-0.990077, 1, 209, 64, 336
-0.990137, 185, 145, 248, 208
-0.990141, 221, 393, 252, 456
-0.990155, 81, 225, 144, 480
-0.990159, 1, 433, 64, 496
-0.990172, 57, 113, 88, 240
-0.990178, 237, 417, 268, 480
-0.990215, 193, 257, 320, 320
-0.990305, 201, 361, 232, 424
-0.990319, 29, 129, 60, 192
-0.990419, 185, 337, 248, 400
-0.990548, 73, 377, 136, 440
-0.990586, 173, 177, 204, 240
-0.990589, 233, 273, 264, 336
-0.990592, 57, 17, 120, 144
-0.990603, 197, 297, 228, 360
-0.99063, 1, 1, 64, 500
-0.990679, 113, 377, 240, 440
-0.990695, 201, 273, 232, 336
-0.990696, 73, 1, 136, 500
-0.990733, 237, 369, 268, 496
-0.990746, 73, 113, 136, 240
-0.990827, 281, 377, 312, 440
-0.99084, 241, 281, 304, 312
-0.99086, 189, 257, 220, 384
-0.990902, 57, 57, 120, 120
-0.990905, 93, 433, 124, 496
-0.990946, 165, 305, 196, 432
-0.990955, 137, 253, 200, 284
-0.990962, 209, 233, 332, 296
-0.990978, 209, 433, 272, 496
-0.991004, 249, 369, 280, 496
-0.991046, 161, 1, 224, 256
-0.99105, 301, 297, 332, 360
-0.991094, 41, 33, 72, 96
-0.991182, 273, 305, 332, 336
-0.991192, 201, 321, 232, 448
-0.99121, 297, 289, 328, 416
-0.991211, 33, 57, 160, 120
-0.991217, 33, 105, 64, 168
-0.991234, 229, 209, 260, 336
-0.991291, 161, 161, 192, 224
-0.991324, 141, 273, 172, 400
-0.991365, 213, 353, 244, 480
-0.991422, 265, 305, 296, 368
-0.991433, 257, 1, 320, 500
-0.991457, 253, 225, 284, 352
-0.991464, 169, 313, 232, 376
-0.991469, 121, 241, 152, 368
-0.991525, 17, 153, 80, 184
-0.991538, 133, 265, 164, 328
-0.991539, 249, 313, 312, 344
-0.991559, 269, 113, 300, 240
-0.99158, 113, 217, 240, 280
-0.99158, 9, 169, 72, 200
-0.991633, 253, 321, 284, 448
-0.991659, 65, 329, 128, 392
-0.991661, 181, 305, 212, 432
-0.991715, 113, 81, 144, 144
-0.991728, 241, 345, 304, 408
-0.991736, 265, 289, 328, 320
-0.991751, 165, 193, 196, 320
-0.991753, 121, 137, 184, 200
-0.991768, 161, 433, 288, 496
-0.991768, 1, 273, 32, 336
-0.991778, 73, 441, 136, 472
-0.991787, 89, 265, 152, 296
-0.991794, 17, 353, 80, 416
-0.991797, 145, 49, 208, 112
-0.991813, 169, 245, 232, 276
-0.991819, 105, 377, 168, 440
-0.99182, 169, 301, 232, 332
-0.991824, 217, 397, 280, 428
-0.991831, 113, 321, 240, 384
-0.99184, 209, 289, 272, 320
-0.991842, 253, 377, 284, 440
-0.99185, 209, 169, 272, 232
-0.991856, 185, 289, 216, 352
-0.991868, 57, 177, 88, 240
-0.991872, 89, 209, 120, 336
-0.991887, 105, 437, 168, 468
-0.991915, 113, 81, 240, 144
-0.991916, 117, 425, 148, 488
-0.99192, 153, 193, 184, 320
-0.991931, 193, 345, 320, 408
-0.991935, 217, 421, 280, 452
-0.991947, 153, 265, 216, 296
-0.991961, 201, 113, 232, 240
-0.991963, 113, 353, 176, 416
-0.992002, 221, 281, 252, 344
-0.992008, 185, 353, 216, 480
-0.992009, 225, 129, 256, 192
-0.992047, 177, 269, 240, 300
-0.992048, 89, 177, 152, 240
-0.992054, 201, 409, 264, 440
-0.992062, 217, 269, 280, 300
-0.992071, 217, 33, 280, 160
-0.992078, 217, 137, 280, 168
-0.992086, 25, 133, 88, 164
-0.992092, 257, 385, 320, 416
-0.992099, 153, 185, 216, 216
-0.992099, 185, 313, 248, 344
-0.992099, 177, 425, 240, 456
-0.992107, 25, 185, 88, 216
-0.992133, 253, 401, 284, 464
-0.992149, 133, 417, 164, 480
-0.992168, 189, 161, 220, 288
-0.99217, 153, 289, 216, 320
-0.992199, 153, 173, 216, 204
-0.992207, 53, 49, 84, 112
-0.99222, 241, 301, 304, 332
-0.992242, 17, 1, 48, 64
-0.992249, 153, 273, 184, 400
-0.992277, 41, 305, 104, 368
-0.992283, 25, 209, 88, 336
-0.992294, 25, 117, 88, 148
-0.992303, 125, 81, 156, 208
-0.992311, 61, 257, 92, 320
-0.992315, 25, 53, 88, 84
-0.992332, 249, 409, 312, 440
-0.992335, 17, 225, 144, 288
-0.992362, 185, 281, 248, 312
-0.992367, 177, 409, 240, 440
-0.992396, 129, 425, 192, 456
-0.992407, 145, 209, 208, 240
-0.992416, 41, 173, 104, 204
-0.992421, 285, 369, 316, 496
-0.992434, 105, 25, 168, 88
-0.992437, 209, 97, 272, 160
-0.99244, 129, 101, 192, 132
-0.992442, 137, 197, 200, 228
-0.992442, 209, 97, 332, 160
-0.992445, 217, 369, 248, 432
-0.992469, 265, 273, 328, 304
-0.992484, 201, 369, 232, 496
-0.992487, 97, 449, 160, 480
-0.992487, 113, 321, 176, 384
-0.99249, 73, 153, 136, 216
-0.992492, 225, 433, 288, 464
-0.992508, 49, 269, 112, 300
-0.992532, 137, 437, 200, 468
-0.992556, 185, 257, 248, 288
-0.992558, 165, 369, 196, 496
-0.99256, 209, 221, 272, 252
-0.99256, 177, 369, 240, 400
-0.992583, 161, 197, 224, 228
-0.992594, 249, 469, 312, 500
-0.992596, 185, 125, 248, 156
-0.992598, 185, 221, 248, 252
-0.992613, 113, 245, 176, 276
-0.992616, 129, 285, 192, 316
-0.992622, 245, 281, 276, 312
-0.992622, 217, 65, 248, 192
-0.992628, 141, 225, 172, 352
-0.992633, 9, 465, 72, 496
-0.992644, 49, 161, 112, 192
-0.992646, 9, 41, 72, 72
-0.992664, 109, 65, 140, 192
-0.992666, 273, 321, 332, 352
-0.992669, 1, 185, 128, 248
-0.992671, 65, 73, 128, 104
-0.992678, 73, 433, 104, 496
-0.992681, 1, 281, 64, 312
-0.992686, 49, 369, 176, 432
-0.992692, 217, 305, 280, 336
-0.992702, 241, 457, 304, 488
-0.992712, 1, 185, 64, 216
-0.992712, 113, 269, 176, 300
-0.992732, 105, 421, 168, 452
-0.992736, 185, 185, 248, 216
-0.992756, 17, 193, 80, 448
-0.992758, 121, 113, 184, 144
-0.992759, 169, 357, 232, 388
-0.992775, 185, 1, 248, 256
-0.992781, 89, 253, 152, 284
-0.992785, 273, 457, 332, 488
-0.992807, 249, 325, 312, 356
-0.992827, 273, 397, 332, 428
-0.992838, 1, 65, 64, 128
-0.992857, 49, 453, 112, 484
-0.992857, 217, 305, 280, 368
-0.992858, 233, 393, 264, 456
-0.992863, 225, 321, 288, 352
-0.992866, 153, 425, 216, 456
-0.992868, 249, 397, 312, 428
-0.992869, 233, 445, 296, 476
-0.992871, 233, 377, 296, 408
-0.992878, 193, 389, 256, 420
-0.992889, 209, 233, 272, 264
-0.992896, 73, 425, 136, 456
-0.992907, 41, 149, 104, 180
-0.992916, 153, 413, 216, 444
-0.992925, 257, 145, 320, 176
-0.992927, 105, 85, 168, 116
-0.992934, 193, 301, 256, 332
-0.992937, 105, 369, 136, 496
-0.992942, 33, 441, 96, 472
-0.992952, 129, 449, 192, 480
-0.992955, 73, 453, 136, 484
-0.99296, 17, 417, 144, 480
-0.992967, 65, 65, 96, 128
-0.992969, 113, 193, 176, 224
-0.99297, 97, 113, 160, 176
-0.99297, 145, 313, 208, 376
-0.992971, 209, 377, 272, 408
-0.992983, 25, 77, 88, 108
-0.992985, 189, 345, 220, 408
-0.992986, 161, 161, 224, 192
-0.992988, 225, 149, 288, 180
-0.992993, 17, 269, 80, 300
-0.992996, 185, 201, 248, 232
-0.993002, 89, 369, 120, 496
-0.993017, 17, 233, 80, 296
-0.99304, 33, 281, 96, 312
-0.993049, 249, 261, 312, 292
-0.993051, 89, 161, 152, 288
-0.993059, 1, 125, 64, 156
-0.993066, 181, 65, 212, 192
-0.993069, 153, 317, 216, 348
-0.99308, 265, 433, 328, 464
-0.99308, 257, 129, 320, 160
-0.993082, 49, 465, 112, 496
-0.993091, 169, 233, 232, 264
-0.993105, 233, 217, 296, 248
-0.993108, 49, 185, 112, 216
-0.993108, 161, 437, 224, 468
-0.993109, 105, 281, 168, 312
-0.993113, 41, 197, 104, 228
-0.993116, 89, 237, 152, 268
-0.993118, 241, 421, 304, 452
-0.993119, 121, 209, 184, 240
-0.993125, 97, 105, 160, 136
-0.993135, 25, 453, 88, 484
-0.993139, 17, 429, 80, 460
-0.993144, 273, 469, 332, 500
-0.993145, 77, 49, 108, 176
-0.993147, 49, 169, 80, 200
-0.993153, 1, 1, 64, 32
-0.993154, 265, 369, 296, 496
-0.993163, 145, 301, 208, 332
-0.993165, 213, 121, 244, 184
-0.993166, 201, 357, 264, 388
-0.993171, 193, 173, 256, 204
-0.99318, 33, 65, 96, 96
-0.993181, 153, 117, 216, 148
-0.993191, 233, 181, 296, 212
-0.993193, 1, 377, 64, 440
-0.993202, 273, 445, 332, 476
-0.993203, 273, 373, 332, 404
-0.993231, 265, 189, 328, 220
-0.993234, 129, 413, 192, 444
-0.993238, 209, 125, 272, 156
-0.993242, 161, 341, 224, 372
-0.993253, 81, 389, 144, 420
-0.993259, 9, 89, 72, 120
-0.993276, 189, 233, 220, 296
-0.99328, 49, 145, 176, 208
-0.993284, 301, 353, 332, 480
-0.993285, 209, 433, 332, 496
-0.993298, 269, 177, 300, 304
-0.993306, 137, 337, 200, 400
-0.993325, 153, 369, 184, 496
-0.993327, 241, 321, 272, 448
-0.993338, 293, 377, 324, 440
-0.993341, 265, 225, 328, 288
-0.993345, 193, 65, 224, 192
-0.99335, 1, 41, 32, 104
-0.993382, 25, 265, 56, 328
-0.993411, 125, 369, 156, 496
-0.993486, 253, 433, 284, 496
-0.993491, 17, 289, 144, 352
-0.993508, 209, 161, 240, 288
-0.99353, 69, 177, 100, 304
-0.993569, 205, 409, 236, 472
-0.993575, 229, 321, 260, 448
-0.993585, 241, 81, 272, 208
-0.9936, 33, 49, 64, 176
-0.993635, 289, 301, 320, 332
-0.99368, 33, 321, 160, 384
-0.993703, 65, 137, 96, 200
-0.993724, 213, 217, 244, 280
-0.993733, 165, 305, 196, 368
-0.993742, 65, 241, 320, 304
-0.993752, 17, 81, 48, 208
-0.993762, 193, 1, 320, 128
-0.993772, 241, 209, 272, 336
-0.993792, 265, 337, 328, 400
-0.993796, 13, 321, 44, 448
-0.993808, 269, 305, 300, 336
-0.993848, 217, 1, 280, 256
-0.993879, 265, 385, 296, 448
-0.993897, 49, 433, 80, 496
-0.993911, 225, 249, 256, 312
-0.993921, 97, 217, 160, 280
-0.993928, 145, 145, 176, 272
-0.993941, 185, 193, 216, 256
-0.993943, 129, 33, 160, 160
-0.993945, 65, 409, 320, 472
-0.993957, 129, 193, 160, 320
-0.993959, 261, 65, 292, 192
-0.993961, 1, 9, 128, 72
-0.993963, 1, 369, 32, 496
-0.993986, 205, 65, 236, 192
-0.993987, 65, 169, 320, 232
-0.994011, 13, 129, 44, 256
-0.994103, 165, 257, 196, 288
-0.99413, 1, 105, 256, 168
-0.994134, 301, 305, 332, 336
-0.994162, 33, 369, 64, 496
-0.994187, 101, 437, 132, 468
-0.994199, 273, 433, 304, 496
-0.994239, 77, 409, 108, 472
-0.994256, 41, 41, 72, 72
-0.994266, 37, 9, 68, 72
-0.994274, 253, 305, 284, 336
-0.9943, 21, 369, 52, 496
-0.994303, 25, 33, 56, 96
-0.994315, 45, 157, 76, 188
-0.994317, 233, 105, 264, 168
-0.994322, 265, 49, 328, 176
-0.99435, 13, 289, 44, 352
-0.994367, 141, 369, 172, 496
-0.994376, 49, 181, 80, 212
-0.994378, 289, 225, 320, 352
-0.994379, 1, 361, 128, 424
-0.994418, 1, 113, 332, 176
-0.994424, 1, 145, 332, 208
-0.994426, 257, 33, 320, 288
-0.994446, 37, 169, 68, 200
-0.994451, 177, 265, 208, 296
-0.99448, 97, 257, 128, 384
-0.994481, 125, 97, 156, 160
-0.994496, 97, 65, 128, 192
-0.99453, 173, 201, 204, 264
-0.99453, 245, 145, 276, 176
-0.994549, 1, 265, 332, 328
-0.994583, 205, 241, 236, 304
-0.994599, 97, 225, 128, 288
-0.994613, 165, 409, 196, 472
-0.994624, 105, 401, 136, 464
-0.994627, 209, 221, 240, 252
-0.994661, 173, 153, 204, 216
-0.994683, 65, 105, 192, 168
-0.994712, 37, 265, 68, 328
-0.994721, 281, 145, 312, 272
-0.994728, 17, 273, 48, 400
-0.994736, 1, 265, 256, 328
-0.994752, 281, 289, 312, 320
-0.994763, 25, 153, 56, 184
-0.994766, 65, 297, 192, 360
-0.994775, 1, 257, 32, 384
-0.994799, 153, 425, 184, 456
-0.994802, 153, 253, 184, 284
-0.994811, 69, 73, 100, 104
-0.994817, 85, 445, 116, 476
-0.994834, 297, 145, 328, 272
-0.994857, 77, 257, 108, 320
-0.994871, 285, 313, 316, 344
-0.994876, 177, 321, 208, 384
-0.994878, 65, 193, 320, 256
-0.994898, 233, 273, 264, 304
-0.994901, 33, 393, 160, 456
-0.994945, 153, 409, 184, 472
-0.994949, 277, 225, 308, 352
-0.994959, 169, 233, 200, 296
-0.994976, 121, 433, 152, 464
-0.994984, 265, 293, 296, 324
-0.994988, 69, 453, 100, 484
-0.995054, 149, 169, 180, 232
-0.995068, 109, 233, 140, 296
-0.995068, 253, 297, 284, 360
-0.995071, 265, 281, 296, 312
-0.995094, 97, 453, 128, 484
-0.995096, 237, 401, 268, 432
-0.995111, 173, 417, 204, 448
-0.995112, 157, 281, 188, 312
-0.995121, 193, 425, 224, 488
-0.995127, 173, 181, 204, 212
-0.995155, 269, 317, 300, 348
-0.995165, 173, 289, 204, 320
-0.995166, 185, 297, 216, 328
-0.99517, 221, 221, 252, 252
-0.995179, 5, 49, 36, 176
-0.995187, 49, 345, 176, 408
-0.995224, 113, 261, 144, 292
-0.995225, 37, 181, 68, 212
-0.995233, 233, 161, 264, 288
-0.995238, 33, 273, 64, 400
-0.995249, 229, 65, 260, 192
-0.995249, 1, 33, 128, 96
-0.995251, 213, 305, 244, 432
-0.995277, 53, 453, 84, 484
-0.995278, 45, 73, 76, 136
-0.995297, 237, 133, 268, 164
-0.995299, 69, 113, 100, 240
-0.995326, 153, 293, 184, 324
-0.995339, 77, 269, 108, 300
-0.995341, 201, 305, 232, 336
-0.995365, 193, 353, 224, 384
-0.995371, 137, 93, 168, 124
-0.995394, 221, 409, 252, 440
-0.995411, 225, 421, 256, 452
-0.995419, 97, 57, 224, 120
-0.995421, 49, 17, 176, 80
-0.995432, 149, 433, 180, 496
-0.995439, 113, 449, 144, 480
-0.995441, 201, 217, 232, 280
-0.995442, 21, 1, 52, 32
-0.995442, 21, 169, 52, 200
-0.995448, 141, 105, 172, 136
-0.995449, 17, 45, 48, 76
-0.995449, 29, 461, 60, 492
-0.995473, 281, 385, 312, 416
-0.995479, 73, 273, 104, 400
-0.995481, 29, 13, 60, 44
-0.995485, 41, 29, 72, 60
-0.995488, 205, 385, 236, 448
-0.995496, 33, 145, 288, 208
-0.995497, 281, 321, 312, 448
-0.995519, 61, 269, 92, 300
-0.995531, 133, 281, 164, 312
-0.995531, 265, 269, 296, 300
-0.995538, 205, 409, 236, 440
-0.995539, 257, 145, 288, 208
-0.995539, 237, 249, 268, 312
-0.99554, 37, 117, 68, 148
-0.995544, 65, 217, 320, 280
-0.995571, 45, 53, 76, 84
-0.995573, 301, 317, 332, 348
-0.995579, 221, 289, 252, 320
-0.99558, 201, 365, 232, 396
-0.995588, 257, 317, 288, 348
-0.995592, 241, 325, 272, 356
-0.9956, 209, 121, 332, 184
-0.995608, 149, 97, 180, 160
-0.995608, 1, 65, 32, 96
-0.995611, 293, 381, 324, 412
-0.995611, 201, 277, 232, 308
-0.995615, 49, 281, 80, 344
-0.995628, 101, 265, 132, 296
-0.995635, 157, 169, 188, 200
-0.995641, 141, 197, 172, 228
-0.995648, 89, 265, 120, 296
-0.995656, 189, 273, 220, 304
-0.995659, 265, 121, 296, 184
-0.995665, 65, 289, 320, 352
-0.995669, 261, 389, 292, 420
-0.995674, 41, 277, 72, 308
-0.995681, 5, 469, 36, 500
-0.995684, 241, 421, 272, 452
-0.995689, 257, 441, 288, 472
-0.995702, 89, 265, 120, 328
-0.995702, 293, 353, 324, 416
-0.995707, 225, 389, 256, 420
-0.995715, 181, 197, 212, 228
-0.99572, 161, 49, 192, 176
-0.99572, 145, 281, 176, 312
-0.995721, 237, 433, 268, 464
-0.995732, 161, 81, 288, 144
-0.995743, 93, 161, 124, 288
-0.995766, 165, 197, 196, 228
-0.995775, 245, 293, 276, 324
-0.99578, 213, 125, 244, 156
-0.99578, 61, 441, 92, 472
-0.995782, 265, 457, 296, 488
-0.995792, 269, 257, 300, 320
-0.995798, 9, 1, 40, 32
-0.995799, 221, 269, 252, 300
-0.995808, 29, 133, 60, 164
-0.995818, 201, 121, 232, 184
-0.995825, 193, 409, 224, 440
-0.995831, 125, 109, 156, 140
-0.995833, 177, 249, 208, 280
-0.99584, 197, 229, 228, 260
-0.995841, 117, 401, 148, 464
-0.995843, 133, 429, 164, 460
-0.995844, 157, 413, 188, 444
-0.995896, 181, 113, 212, 176
-0.995905, 53, 241, 84, 368
-0.995905, 61, 165, 92, 196
-0.995906, 173, 385, 204, 448
-0.995915, 261, 129, 292, 160
-0.99592, 89, 253, 120, 284
-0.995923, 105, 177, 136, 304
-0.995923, 1, 409, 332, 472
-0.995928, 49, 121, 80, 152
-0.995942, 45, 469, 76, 500
-0.995948, 221, 161, 252, 288
-0.995955, 225, 133, 256, 164
-0.995955, 1, 281, 32, 312
-0.995961, 49, 145, 80, 176
-0.995965, 221, 321, 252, 352
-0.995971, 169, 437, 200, 468
-0.995972, 1, 169, 332, 232
-0.99598, 41, 105, 72, 136
-0.995981, 57, 53, 88, 84
-0.995986, 13, 157, 44, 188
-0.995988, 25, 181, 56, 212
-0.995997, 177, 329, 208, 360
-0.996005, 145, 249, 176, 312
-0.996007, 129, 269, 160, 300
-0.996017, 81, 257, 208, 288
-0.996018, 285, 397, 316, 428
-0.99602, 29, 277, 60, 308
-0.996024, 153, 437, 184, 468
-0.996025, 37, 145, 68, 176
-0.996041, 1, 433, 256, 496
-0.996056, 129, 249, 160, 280
-0.996071, 65, 465, 96, 496
-0.996076, 29, 41, 60, 72
-0.996079, 101, 233, 132, 264
-0.996106, 21, 57, 52, 88
-0.996111, 253, 429, 284, 460
-0.996118, 109, 249, 140, 280
-0.99612, 1, 409, 32, 472
-0.996123, 193, 161, 224, 224
-0.996125, 201, 121, 232, 152
-0.996129, 125, 449, 156, 480
-0.996131, 197, 213, 228, 244
-0.996133, 45, 133, 76, 164
-0.996136, 261, 409, 292, 440
-0.996165, 125, 145, 156, 272
-0.996213, 1, 225, 332, 288
-0.996242, 249, 273, 264, 336
-0.996243, 13, 129, 44, 192
-0.996245, 13, 377, 44, 440
-0.996248, 113, 305, 144, 432
-0.996282, 301, 401, 332, 464
-0.996289, 13, 57, 44, 120
-0.996303, 61, 1, 92, 128
-0.996307, 237, 369, 268, 432
-0.996332, 113, 145, 240, 208
-0.996351, 65, 361, 320, 424
-0.996363, 145, 269, 272, 300
-0.996381, 193, 281, 320, 312
-0.996388, 301, 241, 332, 368
-0.99644, 1, 129, 32, 256
-0.996446, 261, 169, 292, 232
-0.996465, 49, 269, 176, 300
-0.996483, 77, 65, 108, 128
-0.996483, 57, 353, 88, 480
-0.996544, 273, 65, 304, 192
-0.996545, 249, 249, 280, 312
-0.996548, 177, 17, 240, 144
-0.996566, 141, 33, 172, 160
-0.996568, 173, 433, 204, 496
-0.996574, 175, 257, 190, 320
-0.996596, 57, 89, 88, 152
-0.996623, 145, 321, 176, 448
-0.996692, 261, 273, 276, 336
-0.996694, 65, 445, 192, 476
-0.996704, 117, 17, 148, 144
-0.996704, 61, 289, 92, 416
-0.996781, 1, 33, 332, 96
-0.996783, 281, 313, 312, 376
-0.99684, 45, 161, 60, 224
-0.996845, 225, 417, 256, 480
-0.996849, 33, 81, 288, 144
-0.996861, 137, 289, 168, 352
-0.996873, 45, 289, 76, 416
-0.996873, 1, 89, 332, 152
-0.996877, 189, 369, 220, 432
-0.996908, 121, 249, 152, 312
-0.99691, 129, 257, 256, 288
-0.996925, 1, 33, 256, 96
-0.99693, 1, 289, 332, 352
-0.99693, 125, 321, 156, 448
-0.996932, 1, 433, 332, 496
-0.996951, 65, 313, 320, 376
-0.996952, 45, 193, 76, 320
-0.996959, 13, 1, 44, 128
-0.996993, 145, 193, 176, 256
-0.997019, 73, 353, 104, 480
-0.997029, 33, 209, 64, 336
-0.997042, 89, 17, 120, 144
-0.997046, 225, 209, 256, 272
-0.997071, 161, 193, 192, 256
-0.997095, 21, 81, 52, 144
-0.997118, 1, 129, 32, 192
-0.997164, 13, 417, 44, 480
-0.997166, 177, 129, 208, 384
-0.99719, 259, 145, 274, 208
-0.997191, 177, 189, 304, 220
-0.997204, 133, 289, 164, 304
-0.997206, 21, 283, 52, 298
-0.997207, 285, 293, 316, 308
-0.997207, 21, 169, 52, 184
-0.997207, 301, 395, 332, 410
-0.997211, 21, 3, 52, 18
-0.997212, 237, 399, 268, 414
-0.997213, 9, 79, 40, 94
-0.997215, 113, 429, 240, 460
-0.997216, 33, 279, 64, 294
-0.997218, 21, 11, 52, 26
-0.997218, 281, 483, 312, 498
-0.997219, 261, 147, 292, 162
-0.997227, 57, 145, 72, 208
-0.997229, 13, 131, 44, 146
-0.997231, 205, 379, 236, 394
-0.997232, 165, 485, 196, 500
-0.997234, 9, 485, 40, 500
-0.997235, 45, 461, 76, 476
-0.997239, 1, 337, 256, 400
-0.997239, 273, 403, 304, 418
-0.997242, 261, 477, 292, 492
-0.997245, 233, 281, 264, 296
-0.997249, 141, 111, 172, 126
-0.997254, 33, 163, 64, 178
-0.997256, 25, 481, 56, 496
-0.997258, 209, 217, 332, 248
-0.997258, 145, 291, 176, 306
-0.997263, 189, 301, 220, 316
-0.997265, 281, 387, 312, 402
-0.997266, 237, 327, 268, 342
-0.997272, 129, 281, 256, 312
-0.997273, 225, 393, 256, 408
-0.997279, 225, 291, 256, 306
-0.99728, 221, 399, 252, 414
-0.99728, 197, 427, 228, 442
-0.99728, 213, 389, 244, 404
-0.99728, 205, 401, 236, 416
-0.997287, 301, 315, 332, 330
-0.997288, 269, 285, 300, 300
-0.997289, 181, 415, 212, 430
-0.997291, 269, 451, 300, 466
-0.997292, 241, 143, 272, 158
-0.997292, 45, 151, 76, 166
-0.997293, 265, 391, 296, 406
-0.997295, 225, 133, 256, 148
-0.997295, 153, 225, 184, 288
-0.997299, 121, 443, 152, 458
-0.9973, 177, 195, 208, 210
-0.997312, 73, 83, 104, 98
-0.997314, 217, 407, 248, 422
-0.997315, 93, 267, 124, 282
-0.997317, 17, 57, 48, 72
-0.997319, 209, 415, 240, 430
-0.997329, 33, 53, 64, 68
-0.997334, 241, 333, 272, 348
-0.997335, 237, 393, 268, 408
-0.997336, 153, 441, 184, 456
-0.997339, 249, 155, 280, 170
-0.997341, 257, 447, 288, 462
-0.997343, 125, 449, 156, 464
-0.997345, 257, 329, 288, 344
-0.997345, 57, 277, 88, 292
-0.997346, 117, 263, 148, 278
-0.997347, 225, 419, 256, 434
-0.997356, 77, 457, 108, 472
-0.997358, 177, 297, 208, 312
-0.997377, 25, 155, 56, 170
-0.997377, 257, 315, 288, 330
-0.997382, 185, 433, 216, 448
-0.997384, 197, 365, 228, 380
-0.997384, 249, 287, 280, 302
-0.997389, 65, 463, 96, 478
-0.997395, 21, 187, 52, 202
-0.997398, 209, 127, 240, 142
-0.9974, 121, 269, 152, 284
-0.997403, 273, 319, 304, 334
-0.997404, 185, 427, 216, 442
-0.997417, 77, 445, 108, 460
-0.99742, 241, 33, 304, 160
-0.99742, 77, 271, 108, 286
-0.997421, 205, 231, 236, 246
-0.997423, 289, 399, 320, 414
-0.997428, 237, 137, 268, 152
-0.997434, 37, 175, 68, 190
-0.997435, 177, 269, 208, 284
-0.997437, 161, 201, 192, 216
-0.997441, 201, 221, 232, 236
-0.997444, 125, 435, 156, 450
-0.997453, 153, 427, 184, 442
-0.997456, 1, 193, 332, 256
-0.997464, 229, 275, 260, 290
-0.997465, 53, 189, 84, 204
-0.99747, 45, 277, 76, 292
-0.997486, 137, 437, 168, 452
-0.997486, 265, 279, 296, 294
-0.997489, 265, 297, 296, 312
-0.99749, 193, 261, 320, 292
-0.997492, 169, 251, 200, 266
-0.997512, 41, 41, 72, 56
-0.997516, 65, 271, 96, 286
-0.997517, 33, 169, 64, 184
-0.99752, 209, 293, 332, 324
-0.997528, 129, 201, 256, 232
-0.997529, 217, 383, 248, 398
-0.997537, 53, 169, 68, 232
-0.997539, 45, 47, 76, 62
-0.997555, 201, 307, 232, 322
-0.997556, 113, 451, 144, 466
-0.997557, 57, 81, 88, 96
-0.997585, 289, 299, 320, 314
-0.997591, 197, 411, 228, 426
-0.997592, 177, 137, 304, 168
-0.997601, 169, 249, 184, 312
-0.997603, 33, 385, 288, 448
-0.997603, 173, 433, 204, 448
-0.997605, 229, 97, 260, 352
-0.997606, 45, 159, 76, 174
-0.99761, 177, 421, 208, 436
-0.997615, 45, 55, 76, 70
-0.997616, 209, 313, 332, 344
-0.997622, 161, 245, 288, 276
-0.997624, 101, 443, 132, 458
-0.997628, 105, 265, 136, 280
-0.997636, 157, 289, 188, 304
-0.997636, 205, 97, 236, 352
-0.997642, 65, 453, 96, 468
-0.997642, 253, 305, 284, 320
-0.997658, 161, 261, 192, 276
-0.997687, 285, 315, 316, 330
-0.997691, 285, 307, 316, 322
-0.997692, 161, 421, 288, 452
-0.997696, 127, 425, 142, 488
-0.997702, 129, 173, 256, 204
-0.997705, 245, 149, 276, 164
-0.997705, 265, 305, 296, 320
-0.997705, 49, 171, 80, 186
-0.997706, 17, 445, 144, 476
-0.997711, 1, 369, 332, 432
-0.997714, 37, 181, 68, 196
-0.997717, 145, 225, 272, 256
-0.99773, 255, 273, 270, 336
-0.997738, 69, 75, 100, 90
-0.997741, 1, 177, 128, 208
-0.997742, 33, 187, 64, 202
-0.997742, 221, 225, 252, 240
-0.997748, 149, 283, 180, 298
-0.99775, 149, 253, 180, 268
-0.997757, 97, 269, 224, 300
-0.997759, 89, 451, 120, 466
-0.997765, 49, 173, 176, 204
-0.997765, 161, 305, 288, 336
-0.997771, 45, 97, 76, 352
-0.997779, 241, 97, 272, 352
-0.997792, 193, 153, 320, 184
-0.997805, 297, 309, 328, 324
-0.99782, 101, 453, 132, 468
-0.997829, 49, 85, 176, 116
-0.997835, 185, 257, 200, 320
-0.997837, 177, 205, 304, 236
-0.997856, 129, 189, 256, 220
-0.997864, 169, 291, 200, 306
-0.997878, 177, 401, 304, 432
-0.997886, 217, 97, 248, 352
-0.99789, 177, 173, 304, 204
-0.997901, 65, 189, 192, 220
-0.997907, 59, 165, 74, 196
-0.997924, 249, 277, 264, 308
-0.997929, 45, 165, 76, 180
-0.997932, 157, 161, 188, 416
-0.997936, 209, 377, 332, 408
-0.997939, 261, 281, 276, 312
-0.997948, 145, 57, 272, 120
-0.997949, 49, 177, 64, 208
-0.997952, 55, 177, 70, 208
-0.997958, 65, 101, 192, 132
-0.997961, 105, 425, 120, 488
-0.997973, 261, 129, 292, 384
-0.997988, 45, 165, 60, 196
-0.997989, 255, 141, 270, 172
-0.997989, 55, 41, 70, 72
-0.997992, 263, 301, 278, 332
-0.998002, 269, 297, 284, 328
-0.998004, 175, 261, 190, 292
-0.998007, 303, 301, 318, 332
-0.998009, 275, 309, 290, 340
-0.998011, 297, 297, 312, 328
-0.998013, 281, 309, 296, 340
-0.998013, 169, 257, 184, 288
-0.998014, 57, 153, 72, 184
-0.998016, 63, 177, 78, 208
-0.998017, 121, 437, 136, 468
-0.998019, 161, 433, 288, 464
-0.99802, 65, 245, 192, 276
-0.99802, 255, 281, 270, 312
-0.998025, 107, 441, 122, 472
-0.998039, 49, 183, 80, 198
-0.998042, 65, 201, 192, 232
-0.998043, 1, 281, 128, 312
-0.998045, 117, 449, 132, 480
-0.99805, 201, 345, 216, 376
-0.99805, 215, 221, 230, 252
-0.998051, 181, 265, 196, 296
-0.998052, 269, 309, 284, 340
-0.998054, 311, 305, 326, 336
-0.998055, 11, 65, 26, 96
-0.998056, 51, 165, 66, 196
-0.998062, 147, 281, 162, 312
-0.998062, 243, 273, 258, 304
-0.998064, 131, 433, 146, 464
-0.998065, 77, 65, 92, 96
-0.998066, 259, 153, 274, 184
-0.998067, 287, 309, 302, 340
-0.998067, 29, 153, 44, 184
-0.998068, 179, 289, 194, 320
-0.998071, 19, 73, 34, 104
-0.998072, 43, 185, 58, 216
-0.998073, 163, 285, 178, 316
-0.998074, 263, 429, 278, 460
-0.998078, 81, 281, 208, 312
-0.998078, 287, 385, 302, 416
-0.99808, 55, 33, 70, 96
-0.99808, 283, 461, 298, 492
-0.99808, 49, 29, 64, 60
-0.998083, 245, 397, 260, 428
-0.998083, 77, 445, 92, 476
-0.998084, 89, 269, 104, 300
-0.998085, 93, 445, 108, 476
-0.998086, 177, 249, 192, 280
-0.998088, 189, 269, 204, 300
-0.998088, 291, 289, 306, 320
-0.998088, 113, 437, 128, 468
-0.998089, 39, 165, 54, 196
-0.99809, 175, 421, 190, 452
-0.998091, 249, 137, 264, 168
-0.998091, 197, 297, 212, 328
-0.998091, 189, 185, 204, 216
-0.998092, 253, 325, 268, 356
-0.998095, 49, 149, 64, 180
-0.998096, 99, 445, 114, 476
-0.998098, 207, 353, 222, 384
-0.998099, 123, 449, 138, 480
-0.998099, 79, 269, 94, 300
-0.9981, 33, 169, 48, 200
-0.9981, 117, 261, 132, 292
-0.9981, 251, 413, 266, 444
-0.998101, 221, 221, 236, 252
-0.998101, 263, 313, 278, 344
-0.998102, 241, 421, 256, 452
-0.998102, 49, 41, 64, 72
-0.998103, 277, 389, 292, 420
-0.998104, 269, 281, 284, 312
-0.998104, 187, 293, 202, 324
-0.998104, 169, 293, 184, 324
-0.998104, 261, 409, 276, 440
-0.998105, 279, 297, 294, 328
-0.998105, 23, 1, 38, 32
-0.998108, 289, 469, 304, 500
-0.998109, 187, 413, 202, 444
-0.99811, 127, 257, 142, 288
-0.99811, 313, 317, 328, 348
-0.998111, 251, 433, 266, 464
-0.998111, 17, 461, 144, 492
-0.998111, 67, 453, 82, 484
-0.998111, 149, 425, 164, 456
-0.998113, 231, 221, 246, 252
-0.998114, 307, 377, 322, 408
-0.998115, 169, 437, 184, 468
-0.998116, 151, 97, 166, 128
-0.998116, 251, 397, 266, 428
-0.998116, 217, 369, 232, 400
-0.998117, 259, 325, 274, 356
-0.99812, 257, 393, 272, 424
-0.998121, 163, 253, 178, 284
-0.998122, 171, 245, 186, 276
-0.998122, 59, 53, 74, 84
-0.998123, 213, 305, 228, 336
-0.998124, 57, 273, 72, 304
-0.998124, 43, 41, 58, 72
-0.998124, 191, 265, 206, 328
-0.998125, 221, 405, 236, 436
-0.998126, 153, 289, 168, 320
-0.998127, 135, 113, 150, 144
-0.998127, 185, 321, 200, 352
-0.998127, 197, 421, 212, 452
-0.998128, 71, 65, 86, 96
-0.998128, 45, 277, 60, 308
-0.998128, 305, 393, 320, 424
-0.998128, 107, 429, 122, 460
-0.998128, 81, 77, 96, 108
-0.998129, 269, 437, 284, 468
-0.99813, 315, 377, 330, 408
-0.998131, 295, 313, 310, 344
-0.998131, 283, 281, 298, 312
-0.998132, 107, 261, 122, 292
-0.998133, 157, 277, 172, 308
-0.998133, 153, 437, 168, 468
-0.998133, 213, 389, 228, 420
-0.998134, 21, 53, 36, 84
-0.998134, 207, 297, 222, 328
-0.998134, 37, 9, 52, 40
-0.998135, 249, 225, 280, 480
-0.998135, 23, 157, 38, 188
-0.998135, 201, 409, 216, 440
-0.998136, 37, 181, 52, 212
-0.998136, 95, 265, 110, 296
-0.998136, 131, 449, 146, 480
-0.998137, 269, 461, 284, 492
-0.998137, 209, 217, 224, 248
-0.998137, 231, 417, 246, 448
-0.998139, 31, 1, 46, 32
-0.998139, 47, 17, 62, 48
-0.998139, 101, 265, 116, 296
-0.998141, 193, 233, 320, 264
-0.998142, 45, 1, 76, 256
-0.998143, 279, 281, 294, 344
-0.998154, 153, 417, 168, 480
-0.99817, 129, 121, 256, 152
-0.998188, 1, 321, 332, 384
-0.998193, 209, 225, 240, 480
-0.998193, 129, 93, 256, 124
-0.998196, 97, 229, 224, 260
-0.998216, 145, 321, 272, 352
-0.998231, 63, 161, 78, 224
-0.998235, 113, 349, 240, 380
-0.998236, 193, 389, 320, 420
-0.998247, 113, 417, 240, 448
-0.998254, 129, 213, 256, 244
-0.998279, 269, 313, 300, 328
-0.998298, 97, 293, 224, 324
-0.99831, 193, 329, 320, 360
-0.998311, 153, 65, 184, 320
-0.998314, 221, 225, 252, 480
-0.998322, 243, 265, 258, 328
-0.998338, 19, 41, 34, 104
-0.998339, 49, 177, 80, 192
-0.998343, 145, 293, 272, 324
-0.99835, 1, 53, 128, 84
-0.998357, 269, 273, 284, 336
-0.998359, 249, 393, 264, 456
-0.998377, 17, 161, 144, 192
-0.998388, 141, 65, 172, 320
-0.998393, 253, 129, 268, 192
-0.998424, 165, 65, 196, 320
-0.998428, 1, 9, 256, 72
-0.99843, 193, 453, 320, 484
-0.99843, 263, 433, 278, 496
-0.998444, 113, 241, 240, 272
-0.998451, 17, 145, 144, 176
-0.998452, 237, 193, 268, 448
-0.998453, 193, 193, 224, 448
-0.998479, 57, 1, 88, 256
-0.998486, 109, 225, 140, 480
-0.99849, 193, 97, 224, 352
-0.998526, 57, 97, 88, 352
-0.998537, 33, 65, 64, 320
-0.998551, 163, 249, 178, 312
-0.998557, 271, 425, 286, 488
-0.998574, 113, 445, 240, 476
-0.998575, 153, 273, 168, 336
-0.998581, 209, 413, 332, 444
-0.998582, 129, 257, 192, 272
-0.998585, 273, 307, 332, 322
-0.998587, 65, 321, 128, 448
-0.998589, 65, 429, 192, 460
-0.998593, 295, 281, 310, 344
-0.998602, 225, 283, 288, 298
-0.998606, 89, 265, 152, 280
-0.998607, 17, 159, 80, 174
-0.998614, 29, 145, 44, 208
-0.998616, 257, 315, 320, 330
-0.998616, 249, 283, 312, 298
-0.998619, 145, 161, 272, 192
-0.998619, 39, 161, 54, 224
-0.998624, 245, 281, 276, 296
-0.998625, 17, 55, 80, 70
-0.998626, 81, 447, 144, 462
-0.998626, 25, 127, 88, 142
-0.998631, 137, 263, 200, 278
-0.998632, 33, 83, 96, 98
-0.998632, 105, 439, 168, 454
-0.998633, 145, 287, 208, 302
-0.998635, 169, 251, 232, 266
-0.998636, 169, 303, 232, 318
-0.998636, 121, 251, 184, 266
-0.998638, 257, 301, 320, 316
-0.998639, 257, 295, 320, 310
-0.99864, 17, 229, 144, 260
-0.998641, 145, 295, 208, 310
-0.998641, 153, 201, 216, 216
-0.998643, 17, 153, 80, 168
-0.998643, 49, 271, 112, 286
-0.998644, 169, 433, 232, 448
-0.998645, 241, 307, 304, 322
-0.998646, 9, 169, 72, 184
-0.998647, 185, 313, 248, 328
-0.998647, 193, 49, 320, 112
-0.998647, 153, 189, 216, 204
-0.998648, 257, 145, 320, 160
-0.998648, 49, 455, 112, 470
-0.998648, 25, 185, 88, 200
-0.998649, 121, 283, 184, 298
-0.998649, 137, 429, 200, 444
-0.99865, 217, 307, 280, 322
-0.998652, 265, 277, 328, 292
-0.998652, 17, 133, 144, 164
-0.998652, 257, 469, 320, 484
-0.998652, 249, 413, 312, 428
-0.998653, 185, 259, 248, 274
-0.998653, 25, 133, 88, 148
-0.998654, 25, 179, 88, 194
-0.998655, 113, 447, 176, 462
-0.998656, 25, 279, 88, 294
-0.998656, 153, 183, 216, 198
-0.998657, 233, 313, 296, 328
-0.998657, 153, 195, 216, 210
-0.998657, 209, 273, 272, 288
-0.998657, 185, 285, 248, 300
-0.998657, 169, 277, 232, 292
-0.998657, 273, 321, 332, 336
-0.998658, 153, 423, 216, 438
-0.998658, 273, 405, 332, 420
-0.998658, 225, 289, 288, 304
-0.998659, 81, 459, 144, 474
-0.998659, 265, 389, 328, 404
-0.99866, 209, 393, 272, 408
-0.998662, 1, 133, 64, 148
-0.998662, 145, 441, 208, 456
-0.998663, 169, 297, 232, 312
-0.998663, 1, 189, 64, 204
-0.998663, 185, 415, 248, 430
-0.998663, 193, 267, 256, 282
-0.998664, 217, 433, 280, 448
-0.998664, 73, 453, 136, 468
-0.998664, 233, 393, 296, 408
-0.998665, 185, 427, 248, 442
-0.998665, 265, 289, 328, 304
-0.998666, 217, 299, 280, 314
-0.998666, 153, 175, 216, 190
-0.998666, 241, 277, 304, 292
-0.998667, 25, 145, 88, 160
-0.998667, 193, 387, 256, 402
-0.998668, 25, 121, 88, 136
-0.998668, 57, 81, 120, 96
-0.998668, 97, 273, 160, 288
-0.998668, 65, 213, 192, 244
-0.998668, 185, 381, 248, 396
-0.998669, 209, 249, 332, 280
-0.998669, 121, 101, 184, 116
-0.998669, 217, 223, 280, 238
-0.99867, 145, 389, 272, 420
-0.99867, 57, 447, 120, 462
-0.99867, 65, 161, 192, 192
-0.99867, 49, 181, 112, 196
-0.998671, 233, 407, 296, 422
-0.998671, 193, 305, 256, 320
-0.998671, 209, 423, 272, 438
-0.998671, 25, 139, 88, 154
-0.998672, 73, 273, 136, 288
-0.998672, 113, 109, 240, 140
-0.998672, 209, 379, 272, 394
-0.998672, 217, 401, 280, 416
-0.998673, 137, 211, 200, 226
-0.998673, 121, 107, 184, 122
-0.998673, 209, 407, 272, 422
-0.998674, 49, 169, 112, 184
-0.998674, 225, 149, 288, 164
-0.998674, 249, 151, 312, 166
-0.998675, 217, 139, 280, 154
-0.998676, 273, 463, 332, 478
-0.998676, 121, 115, 184, 130
-0.998677, 161, 349, 224, 364
-0.998677, 177, 365, 240, 380
-0.998677, 201, 293, 264, 308
-0.998677, 81, 357, 144, 372
-0.998677, 105, 433, 168, 448
-0.998678, 121, 353, 184, 368
-0.998678, 193, 191, 256, 206
-0.998678, 33, 191, 96, 206
-0.998678, 225, 387, 288, 402
-0.998678, 73, 465, 136, 480
-0.998679, 113, 453, 176, 468
-0.998679, 169, 357, 232, 372
-0.99868, 241, 459, 304, 474
-0.99868, 25, 457, 88, 472
-0.99868, 153, 271, 216, 286
-0.99868, 177, 123, 240, 138
-0.99868, 33, 447, 96, 462
-0.998681, 249, 327, 312, 342
-0.998681, 185, 349, 248, 364
-0.998682, 105, 427, 168, 442
-0.998682, 105, 459, 168, 474
-0.998682, 225, 329, 288, 344
-0.998682, 201, 133, 264, 148
-0.998683, 233, 439, 296, 454
-0.998683, 273, 383, 332, 398
-0.998683, 1, 283, 64, 298
-0.998683, 185, 233, 248, 248
-0.998684, 249, 483, 312, 498
-0.998684, 185, 409, 248, 424
-0.998685, 257, 395, 320, 410
-0.998685, 265, 443, 328, 458
-0.998686, 193, 399, 256, 414
-0.998686, 257, 209, 320, 224
-0.998686, 65, 75, 128, 90
-0.998686, 17, 89, 80, 104
-0.998699, 1, 269, 128, 300
-0.998707, 1, 413, 128, 444
-0.998723, 261, 257, 292, 500
-0.998725, 205, 265, 220, 328
-0.998738, 165, 257, 196, 500
-0.998744, 33, 73, 160, 104
-0.998751, 1, 9, 332, 72
-0.998756, 1, 57, 256, 120
-0.998759, 255, 409, 270, 472
-0.998769, 197, 265, 212, 328
-0.998778, 1, 189, 128, 220
-0.99878, 139, 425, 154, 488
-0.998783, 147, 273, 162, 336
-0.998784, 211, 377, 226, 440
-0.99879, 51, 145, 66, 208
-0.99879, 177, 125, 304, 156
-0.998817, 7, 41, 22, 104
-0.998819, 41, 257, 104, 500
-0.998819, 209, 433, 332, 464
-0.99882, 1, 57, 332, 120
-0.998824, 145, 193, 176, 448
-0.998835, 193, 469, 320, 500
-0.998851, 309, 297, 324, 360
-0.998852, 113, 305, 240, 336
-0.998857, 133, 433, 148, 496
-0.998859, 285, 281, 300, 344
-0.998869, 177, 409, 192, 472
-0.998894, 113, 65, 144, 320
-0.998898, 1, 121, 128, 152
-0.998906, 65, 461, 192, 492
-0.99891, 1, 385, 128, 416
-0.998917, 129, 65, 160, 320
-0.998933, 177, 257, 208, 500
-0.998935, 49, 33, 64, 96
-0.998939, 219, 273, 234, 336
-0.998946, 65, 113, 192, 144
-0.998948, 223, 121, 238, 184
-0.998972, 13, 41, 28, 104
-0.998978, 21, 1, 52, 256
-0.998994, 35, 97, 50, 160
-0.998996, 197, 401, 212, 464
-0.999005, 177, 353, 304, 384
-0.999005, 17, 425, 144, 456
-0.999009, 221, 401, 236, 464
-0.999022, 93, 225, 124, 480
-0.999033, 193, 341, 320, 372
-0.999067, 33, 257, 160, 288
-0.99908, 247, 257, 262, 384
-0.999101, 185, 409, 200, 472
-0.999106, 185, 177, 200, 240
-0.99911, 113, 365, 240, 396
-0.999113, 269, 393, 284, 456
-0.999122, 99, 425, 114, 488
-0.999127, 113, 333, 240, 364
-0.999129, 181, 1, 212, 256
-0.999129, 69, 65, 100, 320
-0.99913, 301, 289, 316, 352
-0.99914, 277, 161, 308, 416
-0.999147, 57, 97, 72, 224
-0.999149, 1, 345, 332, 408
-0.999151, 17, 241, 144, 272
-0.999159, 177, 233, 192, 296
-0.999163, 277, 257, 308, 500
-0.999164, 73, 425, 88, 488
-0.99917, 259, 257, 274, 384
-0.999174, 261, 393, 276, 456
-0.999177, 161, 369, 288, 400
-0.999178, 163, 161, 178, 224
-0.999192, 259, 129, 274, 256
-0.999199, 129, 461, 256, 492
-0.99923, 49, 349, 176, 380
-0.999239, 65, 405, 192, 436
-0.999246, 113, 33, 240, 96
-0.999248, 229, 281, 244, 344
-0.999278, 113, 77, 240, 108
-0.999283, 253, 257, 268, 384
-0.999289, 81, 65, 112, 320
-0.999295, 51, 97, 66, 224
-0.999312, 17, 105, 144, 136
-0.999316, 125, 257, 156, 500
-0.99932, 1, 85, 128, 116
-0.999333, 113, 377, 240, 408
-0.999336, 183, 281, 198, 344
-0.999336, 35, 1, 50, 64
-0.999338, 101, 65, 132, 320
-0.999343, 65, 57, 192, 88
-0.999344, 145, 149, 272, 180
-0.999346, 265, 273, 280, 400
-0.999353, 289, 129, 320, 384
-0.999356, 35, 129, 50, 256
-0.999361, 45, 113, 60, 240
-0.999365, 33, 365, 160, 396
-0.99937, 33, 337, 160, 368
-0.999374, 209, 365, 332, 396
-0.999376, 65, 313, 192, 344
-0.999377, 61, 161, 76, 288
-0.999378, 35, 129, 50, 192
-0.999383, 191, 409, 206, 472
-0.999391, 187, 113, 202, 240
-0.999393, 193, 1, 224, 256
-0.999396, 241, 257, 256, 384
-0.999415, 205, 225, 220, 352
-0.99942, 237, 113, 252, 240
-0.999421, 203, 401, 218, 464
-0.999425, 209, 73, 332, 136
-0.999429, 209, 113, 332, 144
-0.99943, 231, 273, 246, 400
-0.999431, 185, 161, 200, 288
-0.999433, 175, 113, 190, 240
-0.999436, 113, 401, 240, 432
-0.999436, 195, 289, 210, 416
-0.999442, 65, 417, 192, 448
-0.999447, 163, 289, 178, 352
-0.999466, 265, 145, 280, 272
-0.999466, 195, 241, 210, 368
-0.999467, 125, 81, 140, 144
-0.999468, 227, 113, 242, 240
-0.999469, 49, 161, 64, 288
-0.999469, 269, 297, 284, 360
-0.999478, 181, 113, 196, 240
-0.999479, 29, 129, 44, 256
-0.99948, 173, 241, 188, 368
-0.999488, 189, 353, 204, 480
-0.999489, 39, 81, 54, 208
-0.999499, 167, 97, 182, 224
-0.999507, 225, 377, 240, 440
-0.999507, 189, 241, 204, 368
-0.999513, 271, 321, 286, 448
-0.999516, 1, 293, 128, 324
-0.999518, 65, 325, 192, 356
-0.99952, 253, 113, 268, 240
-0.99952, 233, 1, 264, 256
-0.999522, 67, 145, 82, 272
-0.999526, 211, 257, 226, 384
-0.99953, 271, 257, 286, 384
-0.999533, 131, 89, 146, 152
-0.999534, 179, 161, 194, 288
-0.999536, 169, 281, 184, 344
-0.999539, 183, 241, 198, 368
-0.999541, 225, 369, 240, 496
-0.999542, 277, 385, 292, 448
-0.999543, 43, 161, 58, 288
-0.999543, 55, 161, 70, 288
-0.999555, 63, 97, 78, 224
-0.999559, 65, 257, 80, 320
-0.99956, 257, 433, 272, 496
-0.999565, 123, 225, 138, 352
-0.999567, 49, 297, 176, 328
-0.999567, 191, 177, 206, 304
-0.99957, 151, 81, 166, 208
-0.999571, 169, 145, 184, 272
-0.999577, 265, 145, 280, 208
-0.999584, 203, 305, 218, 432
-0.999588, 31, 1, 46, 128
-0.999589, 189, 305, 204, 432
-0.99959, 243, 113, 258, 240
-0.999591, 209, 1, 240, 256
-0.999591, 217, 113, 232, 240
-0.999594, 65, 433, 80, 496
-0.999594, 161, 161, 176, 288
-0.999598, 147, 433, 162, 496
-0.999601, 1, 41, 128, 72
-0.999604, 203, 337, 218, 400
-0.999605, 221, 225, 236, 352
-0.999609, 27, 273, 42, 336
-0.999611, 17, 401, 144, 432
-0.999613, 293, 257, 324, 500
-0.999614, 153, 89, 168, 152
-0.999615, 221, 1, 252, 256
-0.999615, 145, 81, 160, 144
-0.999617, 235, 281, 250, 344
-0.999623, 3, 273, 18, 336
-0.999629, 161, 105, 288, 136
-0.999631, 161, 241, 176, 368
-0.999634, 215, 209, 230, 336
-0.999639, 211, 113, 226, 240
-0.999639, 141, 257, 156, 384
-0.999639, 277, 433, 292, 496
-0.999645, 161, 97, 176, 224
-0.999647, 279, 273, 294, 400
-0.999647, 249, 369, 264, 496
-0.999652, 231, 385, 246, 448
-0.999652, 117, 225, 132, 352
-0.999659, 49, 37, 176, 68
-0.999661, 237, 369, 252, 496
-0.999662, 233, 129, 248, 192
-0.999664, 255, 305, 270, 432
-0.999664, 149, 273, 164, 400
-0.999665, 239, 401, 254, 464
-0.999666, 183, 337, 198, 464
-0.99967, 197, 177, 212, 304
-0.999671, 111, 225, 126, 352
-0.999671, 261, 193, 276, 320
-0.999671, 113, 1, 240, 64
-0.999672, 193, 113, 208, 240
-0.999673, 277, 65, 308, 320
-0.999675, 57, 121, 72, 184
-0.999676, 219, 353, 234, 480
-0.999679, 69, 81, 84, 208
-0.999681, 249, 305, 264, 432
-0.999681, 231, 369, 246, 496
-0.999686, 117, 425, 132, 488
-0.999689, 285, 273, 300, 400
-0.99969, 255, 209, 270, 336
-0.999691, 191, 241, 206, 304
-0.999692, 167, 241, 182, 368
-0.999693, 205, 113, 220, 240
-0.999694, 177, 305, 192, 432
-0.999695, 45, 49, 60, 176
-0.999696, 237, 209, 252, 336
-0.999697, 111, 433, 126, 496
-0.999698, 151, 225, 166, 352
-0.999699, 271, 113, 286, 240
-0.999701, 227, 225, 242, 352
-0.999701, 215, 401, 230, 464
-0.999704, 205, 177, 220, 304
-0.999705, 317, 377, 332, 440
-0.999705, 117, 401, 132, 464
-0.999706, 141, 81, 156, 208
-0.999706, 199, 353, 214, 480
-0.999706, 213, 273, 228, 336
-0.999711, 225, 273, 240, 400
-0.999711, 1, 217, 128, 248
-0.999713, 199, 289, 214, 352
-0.999718, 59, 33, 74, 160
-0.999719, 173, 193, 188, 320
-0.99972, 33, 81, 48, 208
-0.999722, 157, 369, 172, 496
-0.999722, 277, 321, 292, 448
-0.999726, 167, 193, 182, 320
-0.999726, 265, 353, 280, 480
-0.999731, 73, 193, 104, 448
-0.999734, 99, 445, 114, 460
-0.999734, 57, 185, 72, 200
-0.999734, 291, 309, 306, 324
-0.999734, 37, 9, 52, 24
-0.999734, 269, 149, 284, 164
-0.999734, 143, 447, 158, 462
-0.999734, 77, 463, 92, 478
-0.999734, 73, 75, 88, 90
-0.999734, 123, 439, 138, 454
-0.999734, 267, 443, 282, 458
-0.999734, 109, 265, 124, 280
-0.999734, 271, 317, 286, 332
-0.999734, 211, 367, 226, 382
-0.999734, 261, 145, 276, 160
-0.999734, 271, 393, 286, 408
-0.999734, 57, 277, 72, 292
-0.999734, 77, 81, 92, 96
-0.999734, 267, 311, 282, 326
-0.999734, 115, 265, 130, 280
-0.999734, 219, 413, 234, 428
-0.999735, 15, 67, 30, 82
-0.999735, 217, 311, 232, 326
-0.999735, 37, 107, 52, 122
-0.999735, 67, 453, 82, 468
-0.999735, 163, 295, 178, 310
-0.999735, 131, 445, 146, 460
-0.999735, 245, 401, 260, 416
-0.999735, 147, 349, 162, 364
-0.999735, 191, 271, 206, 286
-0.999735, 179, 421, 194, 436
-0.999735, 257, 301, 272, 316
-0.999735, 231, 133, 246, 148
-0.999735, 41, 181, 56, 196
-0.999735, 271, 469, 286, 484
-0.999735, 197, 413, 212, 428
-0.999735, 59, 55, 74, 70
-0.999735, 147, 289, 162, 304
-0.999735, 113, 441, 128, 456
-0.999735, 221, 225, 236, 240
-0.999735, 21, 485, 36, 500
-0.999735, 79, 69, 94, 84
-0.999736, 19, 59, 34, 74
-0.999736, 213, 415, 228, 430
-0.999736, 157, 425, 172, 440
-0.999736, 57, 159, 72, 174
-0.999736, 279, 405, 294, 420
-0.999736, 85, 81, 100, 96
-0.999736, 193, 425, 208, 440
-0.999736, 267, 155, 282, 170
-0.999736, 167, 301, 182, 316
-0.999736, 63, 187, 78, 202
-0.999736, 285, 471, 300, 486
-0.999736, 77, 449, 92, 464
-0.999736, 311, 407, 326, 422
-0.999736, 59, 265, 74, 328
-0.999736, 279, 305, 294, 320
-0.999736, 277, 129, 292, 256
-0.999736, 27, 85, 42, 100
-0.999736, 223, 129, 238, 144
-0.999736, 293, 295, 308, 310
-0.999736, 263, 437, 278, 452
-0.999737, 221, 407, 236, 422
-0.999737, 133, 451, 148, 466
-0.999737, 199, 349, 214, 364
-0.999737, 309, 303, 324, 318
-0.999737, 277, 459, 292, 474
-0.999737, 21, 79, 36, 94
-0.999737, 143, 281, 158, 296
-0.999737, 137, 117, 152, 132
-0.999737, 299, 305, 314, 320
-0.999737, 171, 249, 186, 264
-0.999737, 313, 309, 328, 324
-0.999737, 271, 279, 286, 294
-0.999737, 211, 307, 226, 322
-0.999738, 253, 139, 268, 154
-0.999738, 153, 445, 168, 460
-0.999738, 185, 293, 200, 308
-0.999738, 65, 465, 80, 480
-0.999738, 203, 355, 218, 370
-0.999738, 129, 435, 144, 450
-0.999738, 5, 485, 20, 500
-0.999738, 259, 329, 274, 344
-0.999738, 295, 315, 310, 330
-0.999738, 255, 145, 270, 160
-0.999738, 177, 289, 192, 304
-0.999739, 221, 381, 236, 396
-0.999739, 157, 283, 172, 298
-0.999739, 79, 75, 94, 90
-0.999739, 53, 53, 68, 68
-0.999739, 291, 481, 306, 496
-0.999739, 269, 297, 284, 312
-0.999739, 281, 465, 296, 480
-0.999739, 279, 481, 294, 496
-0.99974, 183, 267, 198, 282
-0.99974, 199, 427, 214, 442
-0.99974, 271, 449, 286, 464
-0.99974, 253, 329, 268, 344
-0.99974, 185, 327, 200, 342
-0.99974, 127, 263, 142, 278
-0.99974, 247, 327, 262, 342
-0.99974, 91, 449, 106, 464
-0.999741, 301, 299, 316, 314
-0.999741, 39, 189, 54, 204
-0.999741, 163, 255, 178, 270
-0.999741, 147, 429, 162, 444
-0.999741, 103, 451, 118, 466
-0.999741, 105, 225, 120, 352
-0.999741, 177, 435, 192, 450
-0.999741, 55, 41, 70, 56
-0.999741, 123, 451, 138, 466
-0.999742, 25, 1, 40, 128
-0.999742, 133, 65, 148, 192
-0.999742, 47, 177, 62, 192
-0.999742, 9, 63, 24, 78
-0.999743, 161, 289, 176, 304
-0.999743, 269, 303, 284, 318
-0.999743, 47, 187, 62, 202
-0.999743, 59, 165, 74, 180
-0.999744, 117, 449, 132, 464
-0.999744, 105, 445, 120, 460
-0.999745, 171, 287, 186, 302
-0.999745, 253, 249, 268, 312
-0.999745, 35, 369, 50, 496
-0.999745, 97, 451, 112, 466
-0.999745, 175, 263, 190, 278
-0.999746, 247, 279, 262, 294
-0.999746, 287, 315, 302, 330
-0.999746, 279, 311, 294, 326
-0.999746, 63, 181, 78, 196
-0.999746, 273, 311, 288, 326
-0.999746, 169, 259, 184, 274
-0.999747, 171, 417, 186, 480
-0.999749, 253, 281, 268, 296
-0.999749, 59, 171, 74, 186
-0.999749, 263, 305, 278, 320
-0.999749, 53, 179, 68, 194
-0.99975, 209, 353, 224, 480
-0.99975, 41, 1, 56, 128
-0.99975, 261, 281, 276, 296
-0.999753, 129, 369, 144, 496
-0.999755, 259, 151, 274, 166
-0.999755, 195, 65, 210, 192
-0.999757, 245, 209, 260, 336
-0.999759, 215, 161, 230, 288
-0.999761, 101, 369, 116, 496
-0.999762, 165, 409, 180, 472
-0.999762, 167, 369, 182, 496
-0.999763, 17, 25, 144, 56
-0.999767, 119, 65, 134, 192
-0.999767, 279, 305, 294, 368
-0.999768, 53, 49, 68, 176
-0.999768, 125, 65, 140, 192
-0.99977, 129, 41, 256, 72
-0.999771, 267, 121, 282, 184
-0.999774, 147, 353, 162, 480
-0.999775, 287, 353, 302, 480
-0.999779, 27, 81, 42, 208
-0.999781, 295, 353, 310, 480
-0.999782, 133, 257, 148, 384
-0.999783, 71, 369, 86, 496
-0.999784, 159, 289, 174, 416
-0.999786, 217, 65, 232, 192
-0.999791, 117, 369, 132, 496
-0.999791, 191, 193, 206, 256
-0.999792, 177, 369, 192, 496
-0.999792, 61, 193, 92, 448
-0.999792, 123, 273, 138, 400
-0.999794, 41, 273, 56, 400
-0.999794, 81, 149, 208, 180
-0.999795, 237, 321, 252, 448
-0.999796, 307, 353, 322, 480
-0.999797, 275, 369, 290, 496
-0.999798, 135, 369, 150, 496
-0.999801, 283, 377, 298, 440
-0.999802, 155, 161, 170, 288
-0.999803, 199, 113, 214, 240
-0.999804, 51, 241, 66, 368
-0.999804, 139, 89, 154, 152
-0.999807, 33, 281, 48, 344
-0.999809, 49, 1, 64, 128
-0.999811, 265, 81, 280, 208
-0.999811, 35, 177, 50, 304
-0.999815, 1, 1, 128, 32
-0.99982, 97, 29, 224, 60
-0.999822, 217, 297, 232, 360
-0.999828, 265, 33, 296, 288
-0.99983, 17, 309, 144, 340
-0.999838, 217, 217, 232, 280
-0.99984, 1, 201, 128, 232
-0.999845, 193, 77, 320, 108
-0.999864, 241, 289, 256, 352
-0.99987, 9, 33, 40, 288
-0.999873, 245, 1, 276, 256
-0.999874, 33, 13, 160, 44
-0.999875, 45, 193, 76, 448
-0.999881, 231, 409, 246, 472
-0.999887, 81, 389, 208, 420
-0.999907, 209, 401, 224, 464
-0.999912, 129, 133, 256, 164
-0.999926, 17, 129, 48, 384
-0.999936, 23, 161, 38, 224
-0.999955, 289, 377, 304, 440
-0.999965, 27, 1, 42, 64
-0.99997, 119, 81, 134, 144
-0.99997, 207, 233, 222, 296
-0.999974, 127, 401, 142, 464
-0.999974, 129, 161, 160, 416
-0.999976, 215, 353, 230, 416
-0.999976, 107, 401, 122, 464
-0.999981, 245, 417, 260, 480
-0.999983, 61, 49, 76, 112
-0.999984, 169, 161, 184, 224
-0.999994, 247, 129, 262, 192
-1, 45, 137, 60, 200
-1.00001, 93, 265, 108, 328
-1.00002, 65, 377, 192, 408
-1.00002, 49, 433, 64, 496
-1.00002, 111, 233, 126, 296
-1.00004, 5, 225, 36, 480
-1.00004, 33, 161, 64, 416
-1.00005, 113, 61, 240, 92
-1.00005, 57, 97, 72, 160
-1.00006, 1, 325, 128, 356
-1.00006, 207, 297, 222, 360
-1.00007, 45, 105, 60, 168
-1.00008, 79, 417, 94, 480
-1.00009, 79, 65, 94, 128
-1.00012, 301, 161, 332, 416
-1.00016, 177, 41, 304, 72
-1.00017, 65, 133, 192, 164
-1.00018, 1, 349, 128, 380
-1.00025, 177, 93, 304, 124
-1.00032, 193, 29, 320, 60
-1.00034, 25, 257, 56, 500
-1.00053, 293, 33, 324, 288
-1.00083, 5, 129, 36, 384
-1.00085, 273, 1, 332, 128
-1.002, 161, 25, 288, 88
-1.00207, 161, 1, 288, 64
-1.0022, 209, 25, 332, 88
-1.00517, 209, 1, 332, 64
