1962
-0.174994, 1, 1, 500, 375
-0.200247, 1, 97, 500, 352
-0.327906, 33, 1, 288, 375
-0.443767, 129, 1, 384, 375
-0.513404, 225, 1, 480, 375
-0.522696, 1, 1, 500, 256
-0.527194, 257, 97, 500, 352
-0.572323, 97, 65, 352, 320
-0.582691, 1, 65, 256, 320
-0.758953, 257, 1, 500, 256
-0.836594, 65, 1, 192, 375
-0.837418, 225, 129, 352, 375
-0.837489, 273, 97, 400, 352
-0.84094, 113, 1, 240, 375
-0.849268, 17, 1, 144, 375
-0.850574, 161, 65, 288, 320
-0.851887, 353, 129, 480, 375
-0.855066, 209, 1, 336, 375
-0.855391, 161, 1, 288, 375
-0.863328, 113, 129, 240, 375
-0.864245, 1, 193, 500, 320
-0.869882, 17, 33, 144, 288
-0.871028, 273, 1, 400, 375
-0.872546, 209, 33, 336, 288
-0.876865, 1, 81, 500, 208
-0.878018, 1, 145, 500, 272
-0.879781, 65, 65, 192, 320
-0.883157, 1, 129, 128, 375
-0.886667, 113, 33, 240, 288
-0.888151, 1, 241, 500, 368
-0.888229, 129, 161, 384, 288
-0.889026, 369, 1, 496, 375
-0.889571, 321, 1, 448, 375
-0.892345, 321, 33, 448, 288
-0.898872, 33, 177, 288, 304
-0.900155, 257, 113, 500, 240
-0.90057, 225, 193, 480, 320
-0.906023, 129, 65, 384, 192
-0.910229, 273, 1, 400, 256
-0.912537, 97, 193, 224, 320
-0.913161, 225, 193, 352, 320
-0.914013, 177, 161, 304, 288
-0.916579, 33, 225, 288, 352
-0.917625, 129, 209, 384, 336
-0.918144, 241, 193, 304, 320
-0.918346, 1, 65, 256, 192
-0.919813, 369, 33, 496, 288
-0.921455, 145, 177, 208, 304
-0.924099, 209, 161, 272, 288
-0.924657, 17, 177, 144, 304
-0.926462, 193, 65, 320, 192
-0.92657, 145, 209, 272, 336
-0.926708, 273, 97, 400, 224
-0.927249, 401, 161, 464, 288
-0.927588, 201, 209, 264, 336
-0.927997, 289, 177, 416, 304
-0.92828, 377, 113, 440, 240
-0.929079, 401, 113, 464, 240
-0.929196, 353, 129, 480, 256
-0.92935, 241, 145, 368, 272
-0.931257, 257, 145, 320, 272
-0.931627, 289, 193, 352, 320
-0.931651, 105, 193, 168, 320
-0.932638, 81, 65, 208, 192
-0.933401, 185, 161, 248, 288
-0.933896, 65, 177, 128, 304
-0.934533, 177, 209, 240, 336
-0.934842, 41, 177, 104, 304
-0.935949, 265, 193, 328, 320
-0.936399, 17, 65, 144, 192
-0.937836, 129, 145, 256, 272
-0.938324, 25, 65, 88, 192
-0.938843, 1, 33, 500, 160
-0.940003, 337, 161, 400, 288
-0.940648, 33, 129, 288, 256
-0.940953, 281, 145, 344, 272
-0.941064, 433, 145, 496, 272
-0.941499, 329, 97, 392, 224
-0.94381, 257, 241, 500, 368
-0.944098, 361, 177, 424, 304
-0.944768, 1, 225, 128, 352
-0.945199, 305, 145, 368, 272
-0.945948, 145, 225, 208, 352
-0.946599, 17, 193, 80, 320
-0.94756, 65, 65, 128, 192
-0.947596, 353, 113, 416, 240
-0.948328, 177, 81, 240, 208
-0.949165, 225, 65, 480, 192
-0.949179, 369, 177, 496, 304
-0.949723, 49, 225, 176, 352
-0.950229, 281, 97, 344, 224
-0.950254, 217, 65, 280, 192
-0.950472, 313, 193, 376, 320
-0.950641, 161, 113, 416, 240
-0.950842, 73, 225, 136, 352
-0.951922, 233, 145, 296, 272
-0.953025, 305, 97, 368, 224
-0.954485, 65, 17, 320, 144
-0.954754, 97, 49, 160, 176
-0.955144, 41, 225, 104, 352
-0.955242, 401, 169, 464, 232
-0.955646, 225, 241, 352, 368
-0.955721, 273, 225, 400, 352
-0.956464, 105, 201, 168, 264
-0.95665, 161, 129, 224, 256
-0.956674, 1, 97, 64, 224
-0.95672, 145, 49, 208, 176
-0.95717, 121, 49, 184, 176
-0.957583, 129, 201, 192, 264
-0.95759, 129, 65, 256, 192
-0.95808, 81, 129, 208, 256
-0.958513, 145, 225, 208, 288
-0.958544, 257, 65, 320, 192
-0.958957, 17, 193, 144, 256
-0.959002, 81, 217, 144, 280
-0.959071, 193, 113, 320, 240
-0.959365, 241, 193, 304, 256
-0.960016, 225, 241, 288, 368
-0.960154, 401, 193, 464, 256
-0.960183, 153, 201, 216, 264
-0.960563, 425, 193, 488, 320
-0.960824, 425, 185, 488, 248
-0.961061, 289, 209, 352, 272
-0.961079, 81, 217, 208, 280
-0.961179, 105, 225, 168, 288
-0.961349, 193, 225, 320, 288
-0.961676, 25, 201, 88, 264
-0.961741, 97, 241, 224, 368
-0.961891, 129, 73, 192, 136
-0.962109, 177, 185, 240, 248
-0.962138, 41, 225, 104, 288
-0.962389, 249, 225, 312, 288
-0.962721, 233, 73, 296, 136
-0.96312, 177, 33, 240, 160
-0.963127, 233, 209, 264, 336
-0.963408, 25, 129, 88, 256
-0.963525, 205, 209, 236, 336
-0.963545, 145, 217, 272, 280
-0.963599, 33, 81, 96, 144
-0.96373, 201, 217, 264, 280
-0.963885, 201, 177, 264, 240
-0.964035, 105, 241, 168, 368
-0.96408, 353, 169, 480, 232
-0.964139, 73, 73, 136, 136
-0.96419, 361, 169, 424, 232
-0.964222, 385, 209, 448, 336
-0.964268, 201, 265, 264, 328
-0.96431, 241, 209, 368, 272
-0.964451, 321, 81, 448, 208
-0.964515, 105, 145, 168, 272
-0.964597, 321, 201, 384, 264
-0.964771, 17, 129, 144, 256
-0.96484, 313, 89, 376, 152
-0.964843, 257, 177, 288, 304
-0.964935, 233, 161, 264, 288
-0.965106, 265, 81, 328, 144
-0.965226, 377, 201, 440, 264
-0.965233, 193, 73, 320, 136
-0.965569, 213, 161, 244, 288
-0.965644, 293, 161, 324, 288
-0.965672, 81, 193, 144, 256
-0.965689, 57, 201, 120, 264
-0.965973, 401, 129, 464, 192
-0.966157, 289, 201, 416, 264
-0.966181, 17, 225, 80, 288
-0.966445, 257, 129, 320, 375
-0.966571, 173, 177, 204, 304
-0.966658, 289, 81, 352, 144
-0.966696, 185, 89, 248, 152
-0.966782, 161, 249, 224, 312
-0.966966, 409, 113, 440, 240
-0.966986, 257, 161, 320, 224
-0.967053, 49, 129, 112, 256
-0.967058, 125, 193, 156, 320
-0.96716, 33, 217, 160, 280
-0.967177, 185, 209, 216, 336
-0.967483, 369, 81, 496, 208
-0.967597, 121, 201, 152, 264
-0.967619, 429, 169, 460, 232
-0.967692, 369, 129, 496, 192
-0.967791, 441, 169, 472, 232
-0.967794, 193, 161, 224, 288
-0.967796, 289, 49, 352, 176
-0.967827, 225, 249, 352, 312
-0.967903, 433, 113, 464, 240
-0.967917, 265, 201, 328, 264
-0.968076, 221, 209, 252, 336
-0.968121, 97, 65, 160, 128
-0.968196, 433, 161, 496, 224
-0.968291, 337, 177, 400, 240
-0.968312, 289, 241, 352, 304
-0.968336, 97, 241, 224, 304
-0.968355, 113, 193, 144, 320
-0.968375, 281, 97, 344, 352
-0.968382, 273, 161, 304, 288
-0.968443, 25, 177, 88, 240
-0.96856, 321, 225, 448, 352
-0.968592, 377, 145, 440, 208
-0.968609, 245, 177, 276, 304
-0.968621, 225, 169, 288, 232
-0.968625, 289, 161, 352, 224
-0.968657, 153, 97, 216, 160
-0.968694, 169, 225, 232, 288
-0.968722, 133, 201, 164, 264
-0.968898, 161, 177, 288, 240
-0.96894, 65, 177, 96, 304
-0.969447, 193, 65, 256, 128
-0.969544, 65, 65, 192, 128
-0.969642, 9, 97, 72, 160
-0.969654, 445, 145, 476, 272
-0.969755, 401, 217, 464, 280
-0.969849, 137, 193, 168, 320
-0.96985, 185, 65, 248, 320
-0.969854, 225, 257, 288, 320
-0.969995, 137, 177, 200, 240
-0.969999, 345, 113, 408, 176
-0.970011, 273, 241, 336, 368
-0.970042, 241, 81, 368, 144
-0.970174, 97, 193, 224, 256
-0.970193, 161, 177, 192, 304
-0.970234, 161, 57, 224, 120
-0.970292, 409, 193, 440, 256
-0.970304, 313, 193, 344, 320
-0.970311, 305, 225, 432, 288
-0.970317, 265, 249, 328, 312
-0.970388, 33, 177, 64, 304
-0.970513, 413, 161, 444, 288
-0.970535, 49, 177, 112, 240
-0.97088, 337, 209, 400, 336
-0.970943, 241, 161, 368, 224
-0.970995, 209, 65, 272, 320
-0.971115, 233, 65, 296, 320
-0.971117, 145, 17, 272, 144
-0.97117, 361, 225, 424, 288
-0.971226, 425, 137, 488, 200
-0.971263, 225, 217, 288, 280
-0.971273, 97, 217, 128, 280
-0.971414, 49, 193, 80, 320
-0.971468, 369, 161, 400, 288
-0.971491, 177, 225, 208, 288
-0.971501, 425, 161, 456, 288
-0.97151, 425, 209, 488, 272
-0.971533, 77, 177, 108, 304
-0.971541, 373, 113, 404, 240
-0.97155, 293, 209, 324, 272
-0.971643, 161, 65, 224, 320
-0.971712, 253, 185, 284, 248
-0.971724, 313, 65, 376, 320
-0.971744, 49, 57, 112, 120
-0.971751, 337, 97, 400, 352
-0.971757, 85, 217, 116, 280
-0.971766, 401, 97, 464, 352
-0.971788, 101, 193, 132, 320
-0.971859, 377, 113, 440, 176
-0.972049, 369, 225, 496, 352
-0.972246, 49, 17, 176, 144
-0.97227, 57, 97, 120, 160
-0.972372, 25, 65, 88, 320
-0.972505, 389, 113, 420, 240
-0.972553, 1, 97, 128, 160
-0.972627, 421, 113, 452, 240
-0.97266, 345, 201, 408, 264
-0.972729, 161, 201, 192, 264
-0.97273, 9, 241, 72, 368
-0.972741, 241, 49, 368, 176
-0.972763, 313, 161, 376, 224
-0.972909, 193, 81, 224, 208
-0.972968, 437, 193, 468, 256
-0.972978, 417, 169, 448, 232
-0.973093, 313, 145, 344, 272
-0.973101, 69, 225, 100, 288
-0.973163, 149, 177, 180, 304
-0.973219, 109, 201, 140, 264
-0.973293, 81, 241, 144, 304
-0.973391, 433, 129, 496, 375
-0.97345, 141, 225, 172, 288
-0.973464, 193, 201, 320, 264
-0.973521, 89, 177, 120, 304
-0.973579, 129, 89, 256, 152
-0.973589, 289, 185, 352, 248
-0.973634, 353, 193, 480, 256
-0.973747, 289, 105, 352, 168
-0.973762, 377, 97, 440, 352
-0.973996, 17, 73, 144, 136
-0.974086, 57, 81, 88, 144
-0.974146, 241, 17, 304, 144
-0.974201, 33, 193, 64, 256
-0.97426, 1, 201, 64, 264
-0.974291, 177, 249, 304, 312
-0.974291, 313, 241, 376, 304
-0.974474, 361, 65, 424, 192
-0.974612, 369, 161, 400, 224
-0.97471, 265, 201, 296, 264
-0.974716, 129, 257, 192, 320
-0.974745, 45, 81, 76, 144
-0.974758, 337, 89, 400, 152
-0.97476, 177, 273, 240, 336
-0.97477, 161, 17, 416, 144
-0.974796, 293, 209, 324, 336
-0.974806, 49, 225, 80, 288
-0.974876, 109, 225, 140, 288
-0.975106, 113, 177, 176, 240
-0.975138, 33, 105, 96, 168
-0.975243, 245, 225, 276, 352
-0.975248, 301, 65, 332, 192
-0.975248, 209, 89, 272, 152
-0.975318, 325, 177, 356, 304
-0.975416, 357, 97, 388, 224
-0.9755, 113, 49, 144, 176
-0.97557, 73, 113, 136, 240
-0.975678, 49, 201, 80, 264
-0.975713, 105, 89, 168, 152
-0.975802, 145, 193, 176, 256
-0.975944, 373, 193, 404, 256
-0.97597, 281, 137, 344, 200
-0.975986, 237, 217, 268, 280
-0.976003, 257, 233, 288, 296
-0.976012, 181, 129, 212, 256
-0.976033, 37, 65, 68, 192
-0.976081, 49, 129, 112, 375
-0.976088, 253, 161, 284, 224
-0.976101, 321, 145, 448, 208
-0.976106, 197, 225, 228, 288
-0.976128, 129, 225, 160, 288
-0.976132, 193, 81, 224, 144
-0.976242, 57, 129, 88, 256
-0.976272, 461, 169, 492, 232
-0.976295, 137, 65, 200, 320
-0.976397, 201, 241, 264, 304
-0.976445, 433, 97, 496, 224
-0.976548, 65, 33, 128, 288
-0.976577, 425, 193, 456, 256
-0.976638, 1, 97, 64, 352
-0.976776, 105, 65, 168, 320
-0.976798, 361, 89, 424, 152
-0.976873, 185, 201, 216, 264
-0.976881, 213, 265, 244, 328
-0.976927, 105, 249, 168, 312
-0.977076, 1, 121, 64, 184
-0.977095, 337, 233, 400, 296
-0.97713, 41, 249, 104, 312
-0.977244, 353, 217, 480, 280
-0.977259, 329, 137, 392, 200
-0.97727, 201, 17, 264, 144
-0.977318, 161, 225, 192, 288
-0.977383, 33, 73, 64, 136
-0.977498, 89, 225, 120, 352
-0.977501, 289, 97, 416, 160
-0.977543, 9, 73, 72, 136
-0.977621, 273, 161, 304, 224
-0.977663, 289, 81, 320, 144
-0.977672, 401, 105, 464, 168
-0.977678, 321, 89, 352, 152
-0.977687, 449, 193, 480, 256
-0.97778, 161, 161, 224, 224
-0.977781, 453, 145, 484, 208
-0.977801, 177, 97, 208, 160
-0.977819, 121, 49, 184, 112
-0.97791, 201, 265, 232, 328
-0.977918, 145, 65, 272, 128
-0.97794, 89, 193, 120, 256
-0.978091, 329, 97, 360, 224
-0.978155, 129, 97, 192, 160
-0.978178, 25, 153, 88, 216
-0.978213, 65, 193, 96, 256
-0.978229, 269, 73, 300, 136
-0.978253, 293, 249, 324, 312
-0.978273, 193, 97, 320, 160
-0.978299, 457, 129, 488, 256
-0.978302, 289, 65, 320, 192
-0.978318, 49, 49, 80, 176
-0.978331, 313, 49, 376, 176
-0.978338, 241, 257, 272, 320
-0.978421, 205, 81, 236, 208
-0.978467, 209, 113, 272, 240
-0.978502, 165, 49, 196, 176
-0.978521, 237, 73, 268, 136
-0.978556, 305, 137, 368, 200
-0.978562, 217, 81, 248, 208
-0.978581, 313, 81, 344, 208
-0.978604, 289, 177, 416, 240
-0.978673, 177, 81, 208, 208
-0.978695, 1, 265, 64, 328
-0.978746, 417, 241, 480, 368
-0.978752, 173, 225, 204, 352
-0.978768, 257, 33, 320, 288
-0.978771, 297, 241, 360, 368
-0.978783, 361, 185, 392, 248
-0.978801, 173, 193, 204, 256
-0.978838, 197, 185, 228, 248
-0.97884, 225, 257, 256, 320
-0.978873, 153, 273, 216, 336
-0.97895, 353, 145, 416, 208
-0.979068, 13, 97, 44, 224
-0.979106, 49, 153, 112, 216
-0.979201, 97, 41, 160, 104
-0.979227, 241, 169, 272, 232
-0.979231, 49, 17, 112, 144
-0.979336, 1, 241, 128, 304
-0.979342, 137, 129, 200, 256
-0.979407, 65, 65, 96, 192
-0.979435, 301, 81, 332, 144
-0.979465, 257, 57, 320, 120
-0.979529, 437, 193, 468, 320
-0.979556, 57, 289, 120, 352
-0.97963, 73, 49, 136, 112
-0.97964, 153, 65, 184, 128
-0.979674, 409, 129, 440, 192
-0.979865, 77, 225, 108, 352
-0.979878, 97, 297, 160, 360
-0.97989, 321, 113, 384, 176
-0.979897, 33, 289, 96, 352
-0.979934, 257, 137, 320, 200
-0.979963, 37, 225, 68, 288
-0.979976, 177, 1, 240, 375
-0.980037, 389, 185, 420, 248
-0.980038, 273, 209, 304, 336
-0.980044, 137, 297, 200, 360
-0.980077, 81, 97, 144, 160
-0.98008, 249, 241, 312, 368
-0.980116, 77, 193, 108, 256
-0.980133, 85, 65, 116, 128
-0.980135, 113, 153, 240, 216
-0.980285, 193, 17, 320, 144
-0.98031, 429, 129, 460, 192
-0.980314, 185, 249, 216, 312
-0.980368, 61, 225, 92, 352
-0.980369, 309, 209, 340, 272
-0.980417, 349, 145, 380, 272
-0.98046, 57, 1, 120, 375
-0.980511, 1, 161, 64, 224
-0.980522, 273, 233, 304, 296
-0.98053, 105, 1, 168, 375
-0.980571, 289, 265, 352, 328
-0.980571, 29, 225, 60, 352
-0.980585, 405, 217, 436, 280
-0.980605, 1, 145, 64, 272
-0.980627, 417, 217, 448, 280
-0.980643, 129, 1, 192, 375
-0.980655, 229, 177, 260, 240
-0.980658, 341, 97, 372, 224
-0.98066, 301, 113, 332, 240
-0.98066, 225, 281, 288, 344
-0.980716, 249, 209, 280, 272
-0.980769, 45, 145, 76, 272
-0.980799, 405, 169, 436, 232
-0.98085, 341, 89, 372, 152
-0.980958, 337, 177, 368, 304
-0.980969, 65, 129, 128, 192
-0.980983, 141, 81, 172, 144
-0.981007, 353, 97, 384, 160
-0.981009, 201, 145, 264, 208
-0.981027, 73, 161, 136, 224
-0.981072, 153, 225, 184, 352
-0.981164, 153, 1, 216, 375
-0.981206, 181, 161, 212, 224
-0.981262, 233, 145, 296, 208
-0.981264, 221, 217, 252, 280
-0.981291, 201, 1, 264, 375
-0.981291, 97, 273, 160, 336
-0.981382, 233, 49, 296, 112
-0.981431, 81, 105, 208, 168
-0.981474, 73, 129, 136, 375
-0.981508, 229, 81, 260, 208
-0.981563, 177, 113, 240, 176
-0.981583, 389, 105, 420, 168
-0.981614, 321, 209, 352, 272
-0.981638, 401, 241, 464, 304
-0.981649, 125, 65, 156, 128
-0.981762, 65, 265, 128, 328
-0.981818, 113, 97, 176, 224
-0.981842, 81, 1, 144, 375
-0.981975, 113, 265, 240, 328
-0.982042, 177, 57, 208, 120
-0.982048, 277, 209, 308, 272
-0.982117, 1, 289, 64, 352
-0.982176, 97, 17, 224, 144
-0.982179, 85, 65, 116, 192
-0.982192, 161, 177, 192, 240
-0.982257, 241, 65, 272, 192
-0.98227, 177, 273, 304, 336
-0.982311, 69, 73, 100, 136
-0.982328, 29, 97, 60, 160
-0.982357, 309, 241, 340, 304
-0.982426, 337, 49, 400, 176
-0.982446, 165, 89, 196, 152
-0.982474, 249, 65, 280, 128
-0.982476, 425, 113, 488, 176
-0.982532, 161, 297, 224, 360
-0.982577, 257, 225, 288, 352
-0.982594, 357, 161, 388, 224
-0.982621, 25, 1, 88, 375
-0.982689, 241, 1, 304, 375
-0.98269, 101, 57, 132, 120
-0.982692, 241, 97, 304, 160
-0.982743, 25, 217, 56, 280
-0.982841, 389, 217, 420, 280
-0.982843, 369, 121, 400, 184
-0.982856, 101, 145, 132, 272
-0.982881, 281, 57, 344, 120
-0.982918, 277, 65, 308, 192
-0.982954, 113, 129, 240, 192
-0.982955, 257, 17, 500, 144
-0.983059, 253, 129, 284, 256
-0.983078, 361, 225, 424, 352
-0.98308, 221, 65, 252, 128
-0.983082, 25, 129, 88, 192
-0.983088, 377, 249, 440, 312
-0.983186, 401, 193, 432, 320
-0.983201, 209, 177, 240, 240
-0.98331, 249, 273, 312, 336
-0.983327, 285, 113, 316, 240
-0.983493, 169, 137, 232, 200
-0.983503, 389, 145, 420, 208
-0.98355, 161, 121, 288, 184
-0.983614, 389, 161, 420, 288
-0.983628, 193, 153, 224, 216
-0.983638, 313, 265, 376, 328
-0.983712, 49, 241, 176, 304
-0.983713, 281, 1, 344, 256
-0.983752, 309, 161, 340, 224
-0.983752, 373, 217, 404, 280
-0.98377, 161, 153, 288, 216
-0.983778, 333, 201, 364, 264
-0.983785, 13, 113, 44, 176
-0.983861, 385, 65, 448, 192
-0.983894, 77, 97, 108, 160
-0.983898, 321, 161, 352, 224
-0.983904, 241, 185, 368, 248
-0.983906, 105, 113, 168, 176
-0.983917, 21, 177, 52, 304
-0.984004, 97, 49, 128, 176
-0.984115, 25, 97, 56, 224
-0.984124, 273, 137, 400, 200
-0.984199, 385, 281, 448, 344
-0.984266, 265, 17, 328, 144
-0.984294, 337, 257, 400, 320
-0.984374, 349, 193, 380, 256
-0.98442, 441, 129, 472, 192
-0.98442, 161, 257, 192, 320
-0.984444, 57, 57, 88, 120
-0.984464, 109, 97, 140, 160
-0.984535, 121, 145, 152, 272
-0.984597, 341, 161, 372, 224
-0.984616, 125, 49, 156, 176
-0.984763, 321, 241, 352, 304
-0.984789, 209, 225, 240, 288
-0.984906, 357, 193, 388, 320
-0.985037, 1, 1, 64, 256
-0.985041, 93, 241, 124, 304
-0.985117, 177, 33, 208, 160
-0.985139, 253, 257, 284, 320
-0.985166, 201, 33, 232, 160
-0.98526, 281, 1, 344, 375
-0.985275, 273, 249, 400, 312
-0.985279, 209, 89, 240, 152
-0.985475, 41, 105, 72, 168
-0.985553, 469, 129, 500, 256
-0.98556, 293, 161, 324, 224
-0.985574, 221, 89, 252, 152
-0.985767, 121, 1, 184, 128
-0.985823, 425, 33, 488, 288
-0.985849, 337, 1, 400, 256
-0.985853, 361, 1, 424, 256
-0.985861, 449, 193, 480, 320
-0.985958, 169, 129, 200, 256
-0.985959, 289, 33, 416, 160
-0.985999, 113, 57, 144, 120
-0.986004, 365, 97, 396, 160
-0.986006, 209, 65, 240, 128
-0.986065, 469, 145, 500, 208
-0.986108, 113, 177, 144, 240
-0.986165, 221, 33, 252, 160
-0.98629, 461, 193, 492, 256
-0.986294, 17, 169, 144, 232
-0.98633, 313, 1, 376, 375
-0.986361, 337, 97, 464, 160
-0.986411, 321, 121, 448, 184
-0.986545, 57, 113, 88, 176
-0.986637, 97, 81, 128, 144
-0.986657, 293, 185, 324, 248
-0.986707, 429, 217, 460, 280
-0.986738, 241, 209, 304, 240
-0.986781, 65, 273, 192, 336
-0.986842, 45, 57, 76, 120
-0.987014, 257, 65, 288, 192
-0.987055, 273, 113, 304, 240
-0.987083, 377, 1, 440, 375
-0.987101, 153, 49, 184, 176
-0.987107, 1, 49, 64, 176
-0.987156, 137, 49, 168, 176
-0.987188, 113, 209, 176, 240
-0.987193, 121, 241, 152, 368
-0.987228, 129, 289, 256, 352
-0.987262, 409, 105, 440, 168
-0.98728, 1, 113, 32, 240
-0.987283, 337, 1, 400, 375
-0.98729, 149, 257, 180, 320
-0.987459, 137, 241, 168, 368
-0.987634, 389, 65, 420, 192
-0.98767, 1, 289, 128, 352
-0.987762, 417, 193, 480, 224
-0.987765, 1, 265, 128, 328
-0.987803, 145, 201, 208, 232
-0.98781, 81, 297, 208, 360
-0.987811, 1, 1, 64, 375
-0.987972, 41, 229, 104, 260
-0.987988, 1, 17, 128, 144
-0.988022, 105, 221, 168, 252
-0.98812, 129, 81, 384, 144
-0.988217, 409, 1, 472, 375
-0.988239, 101, 241, 132, 368
-0.988317, 377, 209, 408, 336
-0.988361, 241, 73, 304, 104
-0.988396, 33, 121, 160, 184
-0.988403, 69, 113, 100, 240
-0.988415, 137, 213, 200, 244
-0.988465, 401, 1, 464, 256
-0.988477, 225, 201, 480, 264
-0.988593, 65, 169, 192, 232
-0.988637, 401, 173, 464, 204
-0.988653, 193, 89, 256, 120
-0.988753, 201, 177, 264, 208
-0.988805, 377, 201, 440, 232
-0.988813, 241, 85, 304, 116
-0.988835, 161, 213, 224, 244
-0.988843, 129, 225, 192, 256
-0.988873, 353, 241, 480, 304
-0.988875, 201, 225, 264, 256
-0.9889, 401, 205, 464, 236
-0.988999, 121, 65, 184, 96
-0.989032, 385, 221, 448, 252
-0.989051, 17, 225, 48, 352
-0.989077, 281, 213, 344, 244
-0.989101, 313, 97, 376, 128
-0.989155, 1, 193, 256, 256
-0.989185, 33, 69, 96, 100
-0.989235, 73, 17, 136, 144
-0.989249, 265, 77, 328, 108
-0.989263, 241, 197, 304, 228
-0.989288, 153, 229, 216, 260
-0.98937, 145, 97, 208, 128
-0.989388, 81, 245, 144, 276
-0.989438, 65, 73, 128, 104
-0.989463, 33, 65, 288, 128
-0.989535, 189, 33, 220, 160
-0.989539, 361, 189, 424, 220
-0.989563, 49, 241, 80, 368
-0.989572, 401, 129, 464, 160
-0.989575, 25, 201, 88, 232
-0.989578, 305, 209, 368, 240
-0.989589, 105, 249, 168, 280
-0.989591, 73, 225, 136, 256
-0.989602, 33, 97, 96, 128
-0.989609, 265, 237, 328, 268
-0.98963, 85, 129, 116, 256
-0.989643, 361, 161, 424, 192
-0.989684, 425, 209, 456, 336
-0.989689, 89, 209, 152, 240
-0.989721, 129, 41, 256, 104
-0.989755, 433, 165, 496, 196
-0.98976, 25, 49, 56, 176
-0.989784, 133, 145, 164, 272
-0.989793, 413, 225, 444, 352
-0.989818, 97, 217, 352, 280
-0.989839, 241, 273, 368, 336
-0.989844, 145, 241, 208, 272
-0.989852, 377, 173, 440, 204
-0.989865, 33, 189, 96, 220
-0.989867, 177, 189, 240, 220
-0.989912, 41, 245, 104, 276
-0.989932, 249, 249, 312, 280
-0.989945, 153, 253, 216, 284
-0.989958, 217, 73, 280, 104
-0.989971, 337, 109, 400, 140
-0.990029, 241, 233, 304, 264
-0.990029, 425, 209, 488, 240
-0.990043, 169, 89, 232, 120
-0.99005, 289, 245, 352, 276
-0.990088, 1, 209, 500, 272
-0.990129, 281, 89, 344, 120
-0.990145, 177, 229, 240, 260
-0.990155, 97, 177, 352, 240
-0.990166, 17, 109, 80, 140
-0.99017, 353, 121, 416, 152
-0.99017, 257, 169, 500, 232
-0.990186, 361, 225, 424, 256
-0.99019, 265, 201, 328, 232
-0.990219, 241, 169, 304, 200
-0.990233, 329, 197, 392, 228
-0.990235, 97, 69, 160, 100
-0.990264, 33, 81, 96, 112
-0.990283, 377, 117, 440, 148
-0.990337, 217, 265, 280, 296
-0.990344, 17, 229, 80, 260
-0.990347, 153, 189, 216, 220
-0.990412, 65, 201, 128, 232
-0.990465, 121, 197, 184, 228
-0.990489, 321, 173, 384, 204
-0.990548, 97, 233, 160, 264
-0.990577, 409, 225, 472, 256
-0.990591, 1, 225, 256, 288
-0.990603, 241, 105, 368, 168
-0.990611, 433, 1, 496, 375
-0.990656, 281, 169, 344, 200
-0.990656, 389, 209, 420, 336
-0.990667, 445, 97, 476, 224
-0.990674, 65, 89, 128, 120
-0.990698, 425, 177, 488, 208
-0.990739, 265, 225, 328, 256
-0.990747, 217, 85, 280, 116
-0.990756, 65, 105, 128, 136
-0.990758, 225, 221, 288, 252
-0.990766, 121, 209, 152, 240
-0.990798, 105, 89, 168, 120
-0.990803, 145, 85, 208, 116
-0.990812, 313, 109, 376, 140
-0.990835, 193, 77, 256, 108
-0.990848, 377, 129, 440, 160
-0.990848, 385, 237, 448, 268
-0.990897, 157, 129, 188, 256
-0.990915, 393, 189, 456, 220
-0.990941, 73, 61, 136, 92
-0.990948, 273, 101, 336, 132
-0.99102, 193, 269, 256, 300
-0.991021, 329, 233, 392, 264
-0.991033, 225, 241, 480, 304
-0.991055, 337, 185, 400, 216
-0.99113, 97, 197, 160, 228
-0.991193, 361, 213, 424, 244
-0.991294, 161, 61, 224, 92
-0.991316, 321, 161, 384, 192
-0.991325, 337, 97, 400, 128
-0.991343, 253, 189, 284, 220
-0.991352, 25, 217, 88, 248
-0.991364, 289, 229, 352, 260
-0.991401, 9, 177, 40, 304
-0.991401, 73, 257, 136, 288
-0.991417, 429, 189, 460, 220
-0.991455, 1, 121, 64, 152
-0.991492, 153, 73, 216, 104
-0.991505, 105, 105, 168, 136
-0.991513, 329, 209, 392, 240
-0.991529, 217, 193, 280, 224
-0.991568, 57, 189, 120, 220
-0.991573, 17, 241, 80, 272
-0.991585, 169, 201, 232, 232
-0.991591, 97, 57, 160, 88
-0.991614, 193, 65, 256, 96
-0.991618, 289, 157, 352, 188
-0.991624, 9, 181, 72, 212
-0.991634, 385, 161, 448, 192
-0.99165, 261, 205, 292, 236
-0.991687, 353, 173, 416, 204
-0.991711, 141, 213, 172, 244
-0.991739, 185, 285, 248, 316
-0.991751, 241, 185, 304, 216
-0.991762, 353, 201, 416, 232
-0.991772, 413, 65, 444, 192
-0.991782, 409, 169, 440, 200
-0.991785, 1, 89, 256, 152
-0.991797, 441, 173, 472, 204
-0.991808, 1, 97, 500, 160
-0.991816, 101, 225, 132, 256
-0.991823, 289, 197, 352, 228
-0.991834, 369, 193, 400, 224
-0.99185, 177, 101, 240, 132
-0.991886, 89, 245, 120, 276
-0.991911, 197, 89, 228, 120
-0.991914, 129, 241, 384, 304
-0.991943, 425, 137, 488, 168
-0.99195, 161, 293, 224, 324
-0.991952, 289, 257, 352, 288
-0.991954, 217, 209, 280, 240
-0.991956, 141, 201, 172, 232
-0.99196, 445, 197, 476, 228
-0.991961, 245, 17, 276, 144
-0.99199, 361, 105, 424, 136
-0.991994, 161, 229, 192, 260
-0.992002, 161, 197, 192, 228
-0.992006, 193, 253, 256, 284
-0.992006, 65, 213, 128, 244
-0.992022, 249, 97, 312, 128
-0.992039, 105, 97, 136, 224
-0.992048, 241, 113, 272, 240
-0.992055, 409, 65, 472, 192
-0.992056, 177, 209, 208, 240
-0.992056, 185, 213, 248, 244
-0.992058, 25, 169, 88, 200
-0.992058, 225, 105, 480, 168
-0.992059, 293, 213, 324, 244
-0.992078, 361, 237, 424, 268
-0.992079, 265, 157, 328, 188
-0.992103, 241, 261, 304, 292
-0.992113, 325, 225, 356, 352
-0.99213, 185, 229, 216, 260
-0.992133, 81, 225, 112, 256
-0.992179, 245, 73, 276, 104
-0.992198, 193, 265, 448, 328
-0.992212, 237, 221, 268, 252
-0.992218, 413, 201, 444, 232
-0.992218, 369, 169, 400, 200
-0.992237, 133, 225, 164, 256
-0.99225, 233, 177, 264, 208
-0.992251, 369, 65, 400, 192
-0.992285, 269, 77, 300, 108
-0.992296, 249, 213, 280, 244
-0.992298, 433, 125, 464, 156
-0.992336, 429, 173, 460, 204
-0.992377, 413, 225, 444, 256
-0.992385, 289, 73, 416, 136
-0.992391, 77, 73, 108, 104
-0.992393, 225, 137, 352, 200
-0.992432, 153, 65, 184, 96
-0.992448, 113, 69, 144, 100
-0.992461, 433, 205, 464, 236
-0.992493, 345, 97, 376, 128
-0.992513, 41, 229, 72, 260
-0.992538, 45, 73, 76, 104
-0.992538, 249, 201, 280, 232
-0.992558, 389, 117, 420, 148
-0.992561, 153, 1, 216, 128
-0.992575, 57, 69, 88, 100
-0.992577, 181, 189, 212, 220
-0.992606, 341, 49, 372, 176
-0.99261, 29, 201, 60, 232
-0.992628, 457, 161, 488, 192
-0.992634, 189, 217, 204, 280
-0.992646, 373, 217, 404, 248
-0.992651, 173, 233, 204, 264
-0.992651, 1, 185, 500, 248
-0.992656, 177, 249, 208, 280
-0.992688, 289, 81, 320, 112
-0.992705, 321, 209, 352, 240
-0.992722, 421, 121, 452, 152
-0.992728, 289, 201, 320, 232
-0.992744, 293, 253, 324, 284
-0.992745, 161, 217, 192, 248
-0.992757, 451, 169, 466, 232
-0.992757, 33, 249, 288, 312
-0.992763, 441, 185, 472, 216
-0.992768, 145, 225, 176, 256
-0.992794, 193, 185, 224, 216
-0.992796, 109, 201, 140, 232
-0.992798, 409, 129, 440, 160
-0.992802, 65, 225, 192, 256
-0.992834, 29, 109, 60, 140
-0.992853, 157, 241, 188, 272
-0.992866, 389, 225, 420, 256
-0.99287, 17, 49, 144, 112
-0.992872, 109, 217, 124, 280
-0.992886, 121, 221, 152, 252
-0.992893, 439, 185, 454, 248
-0.992898, 29, 229, 60, 260
-0.992903, 69, 225, 100, 256
-0.992907, 101, 69, 132, 100
-0.992921, 273, 205, 304, 236
-0.992937, 309, 209, 340, 240
-0.992939, 225, 265, 256, 296
-0.992941, 17, 201, 144, 232
-0.992956, 53, 229, 84, 260
-0.992959, 233, 85, 264, 116
-0.992968, 109, 213, 140, 244
-0.992975, 97, 213, 128, 244
-0.992977, 105, 249, 136, 280
-0.992981, 469, 161, 500, 192
-0.99299, 369, 121, 400, 152
-0.992992, 441, 137, 472, 168
-0.992994, 409, 117, 440, 148
-0.993002, 257, 237, 288, 268
-0.993006, 389, 157, 420, 188
-0.993007, 97, 201, 128, 232
-0.993014, 129, 197, 160, 228
-0.993015, 209, 225, 240, 256
-0.993016, 325, 93, 356, 124
-0.993021, 85, 217, 100, 280
-0.99304, 57, 85, 88, 116
-0.993041, 257, 169, 288, 200
-0.993044, 5, 121, 36, 152
-0.993047, 269, 89, 300, 120
-0.993052, 337, 281, 464, 344
-0.993057, 135, 201, 150, 264
-0.993058, 177, 101, 208, 132
-0.993059, 165, 101, 196, 132
-0.993064, 65, 245, 96, 276
-0.993073, 389, 193, 420, 224
-0.993074, 369, 105, 400, 136
-0.993093, 125, 89, 156, 120
-0.993095, 201, 269, 232, 300
-0.993101, 441, 241, 472, 368
-0.993109, 45, 93, 76, 124
-0.993123, 433, 169, 448, 232
-0.993123, 177, 77, 208, 108
-0.993132, 445, 169, 460, 232
-0.993135, 225, 221, 256, 252
-0.993143, 197, 225, 228, 256
-0.993149, 357, 185, 388, 216
-0.993154, 425, 221, 456, 252
-0.993173, 113, 93, 144, 124
-0.993173, 263, 185, 278, 248
-0.993174, 237, 265, 268, 296
-0.993176, 461, 173, 492, 204
-0.993178, 93, 89, 124, 120
-0.993186, 77, 249, 108, 280
-0.993187, 157, 89, 188, 120
-0.993189, 349, 109, 380, 140
-0.993208, 25, 217, 56, 248
-0.993219, 401, 225, 432, 256
-0.993221, 305, 249, 336, 280
-0.993223, 289, 105, 320, 136
-0.993224, 141, 69, 172, 100
-0.993232, 325, 197, 356, 228
-0.993237, 85, 61, 116, 92
-0.993238, 273, 233, 304, 264
-0.993251, 129, 201, 144, 264
-0.993252, 441, 217, 472, 248
-0.993257, 113, 213, 240, 244
-0.993259, 245, 173, 276, 204
-0.993286, 33, 81, 64, 112
-0.993287, 309, 169, 340, 200
-0.993289, 1, 265, 500, 328
-0.993292, 237, 205, 268, 236
-0.993296, 461, 177, 492, 304
-0.993303, 221, 177, 252, 208
-0.993314, 41, 245, 72, 276
-0.993323, 417, 189, 448, 220
-0.993326, 89, 257, 120, 288
-0.993331, 209, 181, 240, 212
-0.993355, 105, 81, 136, 112
-0.993375, 21, 241, 52, 272
-0.993375, 353, 201, 384, 232
-0.993388, 209, 89, 240, 120
-0.993394, 265, 17, 296, 144
-0.993401, 313, 109, 344, 140
-0.993417, 213, 269, 244, 300
-0.993437, 17, 73, 144, 104
-0.993454, 141, 201, 156, 264
-0.993532, 17, 229, 144, 260
-0.99358, 145, 225, 272, 256
-0.993621, 465, 241, 496, 368
-0.99368, 225, 81, 480, 144
-0.993704, 161, 153, 416, 216
-0.99371, 225, 213, 352, 244
-0.993713, 255, 177, 270, 240
-0.993715, 99, 217, 114, 280
-0.99372, 423, 193, 438, 256
-0.993723, 65, 41, 192, 104
-0.993729, 305, 241, 336, 368
-0.993786, 1, 241, 32, 368
-0.993835, 97, 245, 224, 276
-0.993846, 49, 73, 64, 136
-0.993853, 225, 169, 352, 200
-0.993854, 385, 201, 400, 264
-0.993874, 53, 201, 68, 264
-0.993875, 187, 193, 202, 256
-0.993878, 161, 233, 176, 296
-0.993891, 177, 93, 304, 124
-0.993913, 413, 169, 428, 232
-0.993924, 457, 81, 488, 208
-0.993934, 257, 129, 500, 192
-0.99394, 263, 161, 278, 224
-0.993964, 1, 73, 500, 136
-0.993968, 69, 73, 84, 136
-0.993996, 123, 201, 138, 264
-0.994004, 183, 217, 198, 280
-0.994004, 155, 225, 170, 288
-0.994006, 93, 217, 108, 280
-0.994013, 329, 49, 360, 176
-0.994014, 201, 81, 216, 144
-0.994045, 253, 217, 268, 280
-0.994074, 161, 189, 288, 220
-0.994074, 273, 217, 400, 248
-0.994075, 79, 225, 94, 288
-0.994092, 225, 233, 352, 264
-0.994098, 209, 49, 336, 112
-0.994111, 177, 209, 192, 272
-0.994133, 289, 273, 416, 336
-0.994157, 59, 201, 74, 264
-0.994162, 295, 209, 310, 272
-0.994175, 413, 193, 428, 256
-0.994188, 147, 201, 162, 264
-0.994194, 81, 89, 208, 120
-0.994212, 137, 225, 152, 288
-0.99422, 115, 217, 130, 280
-0.994244, 129, 57, 384, 120
-0.994248, 97, 273, 352, 336
-0.994271, 423, 169, 438, 232
-0.994282, 293, 97, 324, 352
-0.99429, 197, 225, 212, 288
-0.994296, 353, 169, 480, 200
-0.994297, 81, 201, 208, 232
-0.994309, 71, 225, 86, 288
-0.994324, 369, 197, 496, 228
-0.994365, 59, 225, 74, 288
-0.994369, 51, 225, 66, 288
-0.994376, 97, 1, 160, 128
-0.994411, 259, 209, 274, 272
-0.994421, 209, 81, 336, 112
-0.994425, 213, 265, 228, 328
-0.994427, 269, 185, 284, 248
-0.994431, 65, 225, 80, 288
-0.994445, 239, 257, 254, 320
-0.994447, 1, 161, 500, 224
-0.99445, 449, 193, 464, 256
-0.994472, 225, 253, 352, 284
-0.994512, 371, 161, 386, 224
-0.994542, 129, 69, 256, 100
-0.994548, 249, 193, 264, 256
-0.994567, 65, 69, 192, 100
-0.994575, 291, 73, 306, 136
-0.994593, 1, 233, 500, 296
-0.994613, 25, 17, 88, 144
-0.994631, 337, 225, 368, 352
-0.994646, 281, 97, 312, 352
-0.994659, 379, 193, 394, 256
-0.99466, 65, 213, 192, 244
-0.994663, 241, 201, 368, 232
-0.99467, 143, 225, 158, 288
-0.994672, 221, 265, 236, 328
-0.994673, 191, 105, 206, 168
-0.994691, 369, 133, 496, 164
-0.994695, 153, 201, 168, 264
-0.994705, 203, 225, 218, 288
-0.994712, 259, 233, 274, 296
-0.994713, 129, 225, 144, 288
-0.99472, 103, 193, 118, 256
-0.994727, 17, 85, 144, 116
-0.994729, 113, 193, 128, 256
-0.994741, 275, 161, 290, 224
-0.994741, 245, 65, 260, 128
-0.994746, 37, 81, 52, 144
-0.994756, 17, 97, 144, 128
-0.994758, 321, 201, 448, 232
-0.994761, 149, 225, 164, 288
-0.994788, 93, 193, 108, 256
-0.994802, 383, 161, 398, 224
-0.994802, 455, 193, 470, 256
-0.994806, 193, 65, 224, 320
-0.994807, 269, 161, 284, 224
-0.994816, 177, 241, 304, 272
-0.994826, 17, 245, 144, 276
-0.994832, 309, 97, 340, 352
-0.994836, 283, 73, 298, 136
-0.994851, 121, 225, 136, 288
-0.994855, 313, 33, 344, 160
-0.994862, 257, 85, 384, 116
-0.994864, 1, 297, 256, 360
-0.99487, 17, 213, 144, 244
-0.994875, 203, 265, 218, 328
-0.994894, 161, 209, 288, 240
-0.994898, 227, 265, 242, 328
-0.994938, 261, 129, 292, 375
-0.994951, 199, 185, 214, 248
-0.994982, 413, 225, 428, 288
-0.994987, 183, 97, 198, 160
-0.994995, 129, 89, 256, 120
-0.994995, 65, 201, 80, 264
-0.99501, 233, 265, 248, 328
-0.995011, 33, 193, 48, 256
-0.995021, 79, 193, 94, 256
-0.995026, 323, 209, 338, 272
-0.995041, 181, 185, 196, 248
-0.995054, 373, 185, 388, 248
-0.995085, 301, 81, 316, 144
-0.995085, 249, 257, 264, 320
-0.995109, 243, 169, 258, 232
-0.995112, 285, 209, 300, 272
-0.995146, 169, 65, 200, 320
-0.995172, 369, 157, 496, 188
-0.995174, 1, 153, 256, 216
-0.995175, 99, 65, 114, 128
-0.995202, 229, 65, 260, 320
-0.99522, 329, 89, 344, 152
-0.995233, 429, 193, 444, 256
-0.995239, 369, 185, 496, 216
-0.995258, 205, 65, 236, 320
-0.995269, 177, 261, 304, 292
-0.99527, 263, 73, 278, 136
-0.995276, 273, 241, 400, 272
-0.995287, 257, 105, 384, 136
-0.99529, 47, 201, 62, 264
-0.995293, 335, 89, 350, 152
-0.995302, 169, 193, 184, 256
-0.995312, 295, 249, 310, 312
-0.995314, 45, 225, 60, 288
-0.995316, 369, 229, 496, 260
-0.995322, 365, 161, 380, 224
-0.995336, 87, 193, 102, 256
-0.995337, 337, 201, 352, 264
-0.99534, 247, 217, 262, 280
-0.995341, 465, 169, 480, 232
-0.995388, 81, 101, 208, 132
-0.995399, 209, 225, 224, 288
-0.995401, 377, 161, 392, 224
-0.995404, 161, 73, 176, 136
-0.995423, 407, 217, 422, 280
-0.995431, 321, 81, 336, 144
-0.995465, 321, 97, 352, 352
-0.995476, 31, 105, 46, 168
-0.995493, 271, 73, 286, 136
-0.995493, 435, 209, 450, 272
-0.995495, 419, 217, 434, 280
-0.995495, 217, 65, 248, 320
-0.995503, 29, 97, 60, 352
-0.995504, 301, 249, 316, 312
-0.995509, 457, 145, 472, 208
-0.995511, 59, 97, 74, 160
-0.995519, 329, 209, 344, 272
-0.995543, 193, 185, 208, 248
-0.995549, 457, 169, 472, 232
-0.99555, 279, 201, 294, 264
-0.995554, 161, 157, 288, 188
-0.995557, 1, 105, 16, 168
-0.995558, 433, 97, 464, 352
-0.995571, 73, 201, 88, 264
-0.995587, 151, 73, 166, 136
-0.995588, 169, 73, 184, 136
-0.99559, 273, 169, 400, 200
-0.995597, 315, 209, 330, 272
-0.995599, 343, 89, 358, 152
-0.995614, 113, 65, 128, 128
-0.995623, 383, 121, 398, 184
-0.995624, 309, 209, 324, 272
-0.995624, 167, 233, 182, 296
-0.99564, 307, 81, 322, 144
-0.995646, 105, 57, 120, 120
-0.995666, 181, 129, 212, 375
-0.995669, 161, 209, 176, 272
-0.99567, 249, 169, 264, 232
-0.995674, 321, 189, 448, 220
-0.995718, 273, 229, 400, 260
-0.995737, 337, 121, 464, 152
-0.995785, 17, 109, 144, 140
-0.995818, 369, 97, 400, 352
-0.99584, 249, 129, 280, 375
-0.995889, 65, 57, 192, 88
-0.995901, 177, 177, 304, 208
-0.995925, 241, 33, 272, 288
-0.995927, 273, 189, 400, 220
-0.995957, 33, 41, 288, 104
-0.996012, 177, 69, 304, 100
-0.996073, 453, 129, 484, 375
-0.996083, 49, 65, 80, 320
-0.996085, 409, 97, 440, 352
-0.996145, 65, 145, 192, 208
-0.996163, 33, 129, 288, 192
-0.996184, 321, 225, 448, 256
-0.996202, 269, 33, 300, 288
-0.996207, 113, 117, 240, 148
-0.996239, 333, 97, 364, 352
-0.996257, 321, 237, 448, 268
-0.996258, 321, 213, 448, 244
-0.996298, 321, 157, 448, 188
-0.996302, 345, 65, 376, 320
-0.996317, 177, 285, 304, 316
-0.996327, 129, 169, 256, 200
-0.996344, 369, 145, 496, 176
-0.996395, 113, 129, 240, 160
-0.996428, 1, 121, 500, 184
-0.996448, 321, 101, 448, 132
-0.996453, 157, 65, 188, 320
-0.996473, 145, 57, 272, 88
-0.996497, 17, 189, 144, 220
-0.996554, 161, 129, 288, 160
-0.99658, 1, 273, 256, 336
-0.996585, 13, 97, 44, 352
-0.996586, 257, 57, 500, 120
-0.996596, 129, 101, 256, 132
-0.996601, 421, 97, 452, 352
-0.996604, 113, 189, 240, 220
-0.996608, 129, 105, 384, 168
-0.99666, 257, 269, 384, 300
-0.996663, 289, 117, 416, 148
-0.996671, 181, 33, 212, 288
-0.996673, 73, 129, 104, 375
-0.996739, 369, 217, 496, 248
-0.996752, 253, 33, 284, 288
-0.996762, 273, 157, 400, 188
-0.99679, 97, 257, 224, 288
-0.996797, 125, 65, 156, 320
-0.996798, 389, 97, 420, 352
-0.996812, 113, 153, 240, 184
-0.996853, 17, 61, 144, 92
-0.996889, 337, 73, 464, 136
-0.996898, 1, 297, 128, 328
-0.996899, 61, 33, 92, 288
-0.996916, 17, 257, 144, 288
-0.996934, 185, 201, 200, 232
-0.996997, 161, 117, 288, 148
-0.996997, 193, 105, 320, 136
-0.997013, 129, 293, 256, 324
-0.997022, 33, 125, 160, 156
-0.997045, 65, 189, 192, 220
-0.997047, 469, 129, 500, 375
-0.99707, 177, 145, 304, 176
-0.997155, 455, 197, 470, 228
-0.997162, 433, 169, 448, 200
-0.997167, 439, 189, 454, 220
-0.997181, 137, 209, 152, 240
-0.997186, 369, 305, 496, 368
-0.997202, 273, 253, 400, 284
-0.997212, 129, 129, 384, 192
-0.997231, 145, 65, 176, 320
-0.997232, 97, 129, 128, 375
-0.997264, 129, 269, 256, 300
-0.997298, 97, 245, 112, 276
-0.997302, 97, 297, 352, 360
-0.997323, 439, 173, 454, 204
-0.99733, 1, 97, 32, 352
-0.997339, 253, 189, 268, 220
-0.997353, 91, 249, 106, 280
-0.997355, 263, 189, 278, 220
-0.997358, 433, 181, 448, 212
-0.997364, 61, 129, 92, 375
-0.997371, 471, 161, 486, 192
-0.997373, 97, 141, 224, 172
-0.997387, 77, 33, 108, 288
-0.997417, 99, 225, 114, 256
-0.997439, 183, 189, 198, 220
-0.997448, 69, 73, 84, 104
-0.997454, 187, 229, 202, 260
-0.997456, 163, 229, 178, 260
-0.997458, 49, 297, 176, 328
-0.997465, 81, 177, 208, 208
-0.997467, 249, 221, 264, 252
-0.997478, 1, 289, 500, 352
-0.997489, 225, 189, 352, 220
-0.997493, 131, 209, 146, 240
-0.997521, 189, 189, 204, 220
-0.997537, 225, 157, 352, 188
-0.997539, 253, 201, 268, 232
-0.99754, 337, 33, 464, 160
-0.997553, 377, 193, 392, 224
-0.997558, 17, 145, 144, 208
-0.997562, 259, 209, 274, 240
-0.997569, 85, 129, 116, 375
-0.997572, 107, 225, 122, 256
-0.997579, 449, 197, 464, 228
-0.997586, 125, 205, 140, 236
-0.997589, 89, 33, 120, 288
-0.99759, 337, 249, 464, 280
-0.997595, 225, 281, 352, 312
-0.997599, 293, 213, 308, 244
-0.997615, 451, 173, 466, 204
-0.997616, 265, 201, 280, 232
-0.997619, 161, 241, 176, 272
-0.99763, 363, 181, 378, 212
-0.99764, 141, 221, 156, 252
-0.997641, 115, 217, 130, 248
-0.997645, 433, 125, 448, 156
-0.997653, 179, 201, 194, 232
-0.997655, 425, 193, 440, 224
-0.997656, 247, 173, 262, 204
-0.997674, 289, 133, 416, 164
-0.997676, 431, 221, 446, 252
-0.997685, 165, 65, 180, 96
-0.997686, 371, 193, 386, 224
-0.997695, 357, 97, 388, 352
-0.997709, 321, 285, 448, 316
-0.997713, 177, 229, 192, 260
-0.997723, 201, 89, 216, 120
-0.99773, 419, 225, 434, 256
-0.997749, 249, 69, 264, 100
-0.997751, 273, 49, 400, 112
-0.997766, 81, 285, 208, 316
-0.997769, 445, 177, 460, 208
-0.997771, 105, 207, 168, 222
-0.997771, 1, 137, 128, 168
-0.997775, 295, 253, 310, 284
-0.997777, 269, 189, 284, 220
-0.997784, 191, 109, 206, 140
-0.997787, 115, 69, 130, 100
-0.997801, 423, 169, 438, 200
-0.997805, 411, 129, 426, 160
-0.997807, 261, 169, 276, 200
-0.997809, 105, 33, 136, 288
-0.997813, 271, 73, 286, 104
-0.997814, 37, 81, 52, 112
-0.997819, 49, 229, 64, 260
-0.997819, 93, 225, 108, 256
-0.997824, 261, 81, 276, 112
-0.997825, 323, 209, 338, 240
-0.997826, 313, 213, 328, 244
-0.997832, 239, 221, 254, 252
-0.997836, 279, 205, 294, 236
-0.997843, 181, 213, 196, 244
-0.997844, 193, 229, 208, 260
-0.997846, 439, 201, 454, 232
-0.997846, 439, 125, 454, 156
-0.997847, 425, 221, 440, 252
-0.997848, 271, 201, 286, 232
-0.997848, 191, 209, 206, 240
-0.99785, 113, 225, 176, 240
-0.997851, 39, 105, 54, 136
-0.997856, 255, 221, 270, 252
-0.997858, 195, 185, 210, 216
-0.997859, 137, 201, 200, 216
-0.997862, 17, 285, 144, 316
-0.997866, 157, 229, 172, 260
-0.997872, 245, 81, 260, 112
-0.997872, 413, 225, 428, 256
-0.997874, 47, 77, 62, 108
-0.997879, 1, 157, 128, 188
-0.997883, 193, 91, 256, 106
-0.99789, 87, 225, 102, 256
-0.997895, 115, 89, 130, 120
-0.997899, 111, 205, 126, 236
-0.997907, 241, 215, 304, 230
-0.997908, 181, 101, 196, 132
-0.997913, 149, 201, 164, 232
-0.997914, 445, 213, 460, 244
-0.997916, 291, 81, 306, 112
-0.997917, 79, 73, 94, 104
-0.997918, 33, 201, 48, 232
-0.997919, 113, 213, 176, 228
-0.99792, 145, 207, 208, 222
-0.997921, 87, 73, 102, 104
-0.997927, 73, 225, 136, 240
-0.997931, 125, 69, 140, 100
-0.997934, 265, 233, 280, 264
-0.997945, 29, 113, 44, 144
-0.997949, 157, 65, 172, 96
-0.997951, 135, 221, 150, 252
-0.997952, 163, 217, 178, 248
-0.997958, 417, 197, 480, 212
-0.997959, 257, 289, 500, 352
-0.99796, 125, 85, 140, 116
-0.997962, 431, 193, 446, 224
-0.997968, 109, 69, 124, 100
-0.997973, 173, 197, 188, 228
-0.997978, 337, 209, 352, 240
-0.997988, 1, 113, 16, 144
-0.997989, 109, 129, 140, 375
-0.997992, 109, 249, 124, 280
-0.997993, 255, 69, 270, 100
-0.997994, 281, 89, 296, 120
-0.998001, 451, 137, 466, 168
-0.998003, 39, 229, 54, 260
-0.998005, 59, 73, 74, 104
-0.998006, 245, 209, 260, 240
-0.99801, 307, 213, 322, 244
-0.998011, 381, 221, 396, 252
-0.998011, 255, 81, 270, 112
-0.998014, 191, 125, 206, 156
-0.998016, 29, 241, 44, 272
-0.998017, 347, 97, 362, 128
-0.998017, 387, 201, 402, 232
-0.998018, 29, 1, 60, 256
-0.998019, 151, 229, 166, 260
-0.99802, 113, 219, 176, 234
-0.998023, 259, 245, 274, 276
-0.998028, 225, 69, 352, 100
-0.998031, 103, 249, 118, 280
-0.998035, 289, 145, 416, 176
-0.998035, 131, 69, 146, 100
-0.998044, 99, 85, 114, 116
-0.998048, 227, 265, 242, 296
-0.998049, 67, 229, 82, 260
-0.998051, 131, 81, 146, 112
-0.998051, 215, 89, 230, 120
-0.998052, 157, 213, 172, 244
-0.998056, 249, 209, 312, 224
-0.99806, 411, 169, 426, 200
-0.99806, 309, 249, 324, 280
-0.998066, 437, 213, 452, 244
-0.998066, 105, 93, 120, 124
-0.998069, 233, 177, 248, 208
-0.998071, 433, 173, 496, 188
-0.998074, 121, 217, 136, 248
-0.998074, 91, 237, 106, 268
-0.99808, 147, 89, 162, 120
-0.998088, 203, 185, 218, 216
-0.998117, 153, 213, 216, 228
-0.998127, 369, 301, 496, 332
-0.998138, 137, 227, 200, 242
-0.998148, 129, 69, 192, 84
-0.998165, 265, 83, 328, 98
-0.998168, 201, 225, 264, 240
-0.99817, 401, 173, 464, 188
-0.998174, 105, 231, 168, 246
-0.998179, 33, 79, 96, 94
-0.99818, 25, 231, 88, 246
-0.998196, 233, 77, 296, 92
-0.998207, 281, 215, 344, 230
-0.998214, 153, 103, 216, 118
-0.998218, 401, 203, 464, 218
-0.998229, 209, 117, 336, 148
-0.998234, 321, 1, 352, 256
-0.998236, 241, 89, 304, 104
-0.998249, 393, 131, 456, 146
-0.998259, 305, 211, 368, 226
-0.99827, 281, 1, 312, 256
-0.998282, 377, 201, 440, 216
-0.998297, 137, 245, 200, 260
-0.998305, 65, 75, 128, 90
-0.998306, 49, 165, 176, 196
-0.998308, 417, 191, 480, 206
-0.998313, 385, 225, 448, 240
-0.998313, 241, 221, 304, 236
-0.998329, 81, 231, 144, 246
-0.998332, 301, 1, 332, 256
-0.998333, 65, 113, 192, 144
-0.998334, 361, 171, 424, 186
-0.99834, 249, 247, 312, 262
-0.99835, 265, 241, 328, 256
-0.998353, 377, 119, 440, 134
-0.998354, 1, 49, 500, 112
-0.998368, 105, 201, 168, 216
-0.998379, 33, 85, 96, 100
-0.998383, 177, 273, 304, 304
-0.998384, 337, 205, 400, 220
-0.998393, 241, 171, 304, 186
-0.998394, 153, 233, 216, 248
-0.998395, 249, 235, 312, 250
-0.998398, 89, 73, 152, 88
-0.998405, 33, 107, 96, 122
-0.998414, 417, 185, 480, 200
-0.998415, 1, 177, 128, 208
-0.998417, 241, 83, 304, 98
-0.998421, 153, 251, 216, 266
-0.998424, 25, 203, 88, 218
-0.998424, 361, 195, 424, 210
-0.998425, 337, 171, 400, 186
-0.998431, 425, 203, 488, 218
-0.998438, 177, 229, 240, 244
-0.99844, 57, 203, 120, 218
-0.998441, 321, 105, 384, 120
-0.998447, 249, 195, 312, 210
-0.998453, 281, 89, 344, 104
-0.998455, 401, 209, 464, 224
-0.998457, 201, 267, 264, 282
-0.998457, 289, 109, 352, 124
-0.998459, 169, 207, 232, 222
-0.998471, 201, 181, 264, 196
-0.998472, 353, 111, 416, 126
-0.998475, 217, 91, 280, 106
-0.998476, 81, 203, 144, 218
-0.998486, 313, 113, 376, 128
-0.998498, 273, 251, 336, 266
-0.998498, 129, 101, 192, 116
-0.9985, 81, 245, 144, 260
-0.998501, 289, 171, 352, 186
-0.998506, 145, 221, 208, 236
-0.998506, 77, 223, 108, 238
-0.998508, 145, 201, 176, 216
-0.998511, 225, 93, 256, 108
-0.998511, 321, 245, 352, 260
-0.998512, 349, 105, 380, 120
-0.998512, 33, 79, 64, 94
-0.998512, 417, 179, 480, 194
-0.998513, 469, 169, 500, 184
-0.998513, 213, 269, 244, 284
-0.998513, 381, 229, 412, 244
-0.998514, 273, 237, 304, 252
-0.998514, 253, 93, 284, 108
-0.998514, 269, 87, 300, 102
-0.998515, 273, 101, 304, 116
-0.998515, 337, 109, 368, 124
-0.998515, 357, 191, 388, 206
-0.998516, 153, 245, 184, 260
-0.998516, 345, 99, 376, 114
-0.998517, 45, 99, 76, 114
-0.998518, 341, 209, 372, 224
-0.998519, 445, 205, 476, 220
-0.998521, 105, 73, 136, 88
-0.998522, 437, 137, 468, 152
-0.998523, 441, 193, 472, 208
-0.998523, 273, 211, 304, 226
-0.998525, 261, 239, 292, 254
-0.998526, 369, 289, 496, 320
-0.998526, 225, 267, 256, 282
-0.998527, 421, 125, 452, 140
-0.998527, 389, 121, 420, 136
-0.998528, 25, 113, 88, 128
-0.99853, 53, 121, 84, 136
-0.99853, 165, 247, 196, 262
-0.998531, 417, 225, 448, 240
-0.998533, 5, 121, 36, 136
-0.998533, 369, 109, 400, 124
-0.998535, 173, 231, 204, 246
-0.998536, 177, 189, 208, 204
-0.998537, 233, 177, 264, 192
-0.998538, 257, 171, 288, 186
-0.998538, 177, 187, 240, 202
-0.998538, 101, 233, 132, 248
-0.998538, 213, 183, 244, 198
-0.998539, 145, 87, 208, 102
-0.99854, 301, 251, 332, 266
-0.998541, 249, 207, 280, 222
-0.998542, 161, 213, 192, 228
-0.998543, 41, 231, 72, 246
-0.998545, 433, 209, 464, 224
-0.998545, 177, 249, 208, 264
-0.998546, 57, 83, 88, 98
-0.998546, 57, 103, 88, 118
-0.998549, 157, 207, 188, 222
-0.99855, 177, 211, 208, 226
-0.998552, 137, 69, 168, 84
-0.998552, 321, 89, 448, 120
-0.998552, 429, 181, 460, 196
-0.998552, 433, 167, 496, 182
-0.998553, 177, 93, 208, 108
-0.998553, 57, 105, 120, 120
-0.998553, 29, 113, 60, 128
-0.998553, 133, 201, 164, 216
-0.998554, 225, 225, 256, 240
-0.998555, 205, 227, 236, 242
-0.998555, 177, 199, 208, 214
-0.998556, 461, 175, 492, 190
-0.998557, 441, 187, 472, 202
-0.998557, 189, 193, 204, 320
-0.998558, 165, 103, 196, 118
-0.998558, 157, 225, 188, 240
-0.998558, 269, 95, 300, 110
-0.998559, 117, 71, 148, 86
-0.998559, 377, 125, 440, 140
-0.99856, 177, 103, 208, 118
-0.99856, 233, 203, 296, 218
-0.998561, 389, 165, 420, 180
-0.998561, 429, 189, 460, 204
-0.998562, 273, 73, 400, 104
-0.998563, 249, 217, 280, 232
-0.998563, 457, 163, 488, 178
-0.998564, 393, 191, 456, 206
-0.998564, 93, 73, 124, 88
-0.998564, 129, 229, 160, 244
-0.998564, 169, 195, 232, 210
-0.998565, 369, 203, 400, 218
-0.998566, 49, 231, 112, 246
-0.998567, 373, 223, 404, 238
-0.998569, 233, 71, 296, 86
-0.998569, 89, 245, 120, 260
-0.998571, 409, 129, 440, 144
-0.998572, 37, 107, 68, 122
-0.998573, 361, 165, 424, 180
-0.998573, 233, 97, 296, 112
-0.998574, 129, 85, 160, 100
-0.998574, 129, 233, 192, 248
-0.998574, 305, 245, 368, 260
-0.998575, 337, 237, 400, 252
-0.998575, 289, 237, 352, 252
-0.998576, 117, 219, 148, 234
-0.998577, 457, 169, 488, 184
-0.998577, 49, 137, 176, 168
-0.998579, 249, 229, 312, 244
-0.998579, 249, 195, 280, 210
-0.998581, 325, 211, 356, 226
-0.998581, 89, 219, 152, 234
-0.998582, 153, 261, 216, 276
-0.998583, 153, 97, 216, 112
-0.998583, 265, 105, 328, 120
-0.998585, 165, 241, 196, 256
-0.998585, 29, 239, 60, 254
-0.998587, 353, 123, 416, 138
-0.998588, 113, 201, 144, 216
-0.99859, 349, 113, 380, 128
-0.99859, 85, 255, 116, 270
-0.998591, 193, 189, 224, 204
-0.998591, 361, 183, 424, 198
-0.998592, 185, 231, 216, 246
-0.998593, 81, 85, 144, 100
-0.998594, 209, 83, 272, 98
-0.998595, 289, 83, 320, 98
-0.998595, 33, 203, 64, 218
-0.998596, 241, 241, 304, 256
-0.998597, 269, 77, 300, 92
-0.998597, 441, 199, 472, 214
-0.998597, 241, 81, 272, 96
-0.998597, 429, 203, 460, 218
-0.998598, 1, 115, 64, 130
-0.9986, 417, 127, 480, 142
-0.9986, 361, 231, 424, 246
-0.998601, 369, 109, 496, 140
-0.998602, 245, 71, 276, 86
-0.998602, 441, 173, 472, 188
-0.998603, 77, 75, 108, 90
-0.998603, 153, 69, 184, 84
-0.998604, 281, 205, 344, 220
-0.998605, 369, 171, 400, 186
-0.998606, 169, 91, 232, 106
-0.998607, 421, 131, 452, 146
-0.998611, 121, 83, 184, 98
-0.998613, 141, 229, 172, 244
-0.998614, 241, 91, 272, 106
-0.998615, 305, 273, 432, 304
-0.998616, 25, 229, 56, 244
-0.998618, 141, 215, 172, 230
-0.998618, 253, 187, 284, 202
-0.998619, 313, 213, 344, 228
-0.998619, 45, 79, 76, 94
-0.998619, 457, 33, 488, 288
-0.998621, 77, 229, 108, 244
-0.998621, 157, 201, 188, 216
-0.998623, 57, 77, 88, 92
-0.998623, 41, 249, 104, 264
-0.998624, 393, 181, 456, 196
-0.998625, 433, 127, 464, 142
-0.998627, 33, 101, 96, 116
-0.998628, 281, 221, 344, 236
-0.998631, 241, 189, 304, 204
-0.998633, 237, 223, 268, 238
-0.998633, 257, 99, 320, 114
-0.998634, 237, 209, 252, 336
-0.998634, 161, 231, 192, 246
-0.998634, 289, 217, 320, 232
-0.998639, 451, 145, 466, 272
-0.998641, 425, 219, 488, 234
-0.998641, 101, 227, 132, 242
-0.998641, 361, 177, 424, 192
-0.998643, 225, 209, 240, 336
-0.998643, 429, 173, 460, 188
-0.998643, 193, 97, 256, 112
-0.998645, 65, 153, 192, 184
-0.998646, 369, 197, 400, 212
-0.998651, 33, 95, 96, 110
-0.998652, 321, 181, 384, 196
-0.998653, 117, 225, 148, 240
-0.998653, 199, 161, 214, 288
-0.998657, 121, 213, 152, 228
-0.998657, 337, 195, 400, 210
-0.998658, 409, 171, 440, 186
-0.998659, 241, 261, 304, 276
-0.998665, 301, 215, 332, 230
-0.998667, 255, 177, 270, 304
-0.998667, 249, 201, 280, 216
-0.998669, 265, 161, 280, 288
-0.998669, 117, 207, 148, 222
-0.998672, 161, 63, 224, 78
-0.998674, 41, 197, 104, 212
-0.998675, 145, 195, 208, 210
-0.998676, 247, 161, 262, 288
-0.998681, 177, 205, 208, 220
-0.998681, 17, 243, 80, 258
-0.998687, 185, 289, 248, 304
-0.998687, 385, 167, 448, 182
-0.998687, 1, 121, 64, 136
-0.998688, 217, 285, 280, 300
-0.998689, 57, 257, 120, 272
-0.998691, 409, 201, 440, 216
-0.998691, 65, 97, 128, 112
-0.998693, 197, 91, 228, 106
-0.998697, 225, 145, 352, 176
-0.998701, 213, 161, 228, 288
-0.998702, 137, 223, 168, 238
-0.998702, 137, 207, 168, 222
-0.998702, 207, 209, 222, 336
-0.998712, 261, 205, 292, 220
-0.998723, 231, 161, 246, 288
-0.998724, 231, 209, 246, 336
-0.99873, 217, 209, 232, 336
-0.998741, 89, 225, 120, 240
-0.998747, 143, 193, 158, 320
-0.998751, 429, 195, 460, 210
-0.998763, 225, 161, 240, 288
-0.998763, 377, 113, 392, 240
-0.998765, 209, 57, 336, 88
-0.998774, 321, 77, 448, 108
-0.99878, 243, 209, 258, 336
-0.998782, 237, 161, 252, 288
-0.998787, 225, 133, 352, 164
-0.998788, 383, 113, 398, 240
-0.99879, 129, 193, 144, 320
-0.99879, 309, 161, 324, 288
-0.998795, 137, 193, 152, 320
-0.998796, 219, 161, 234, 288
-0.9988, 315, 193, 330, 320
-0.9988, 413, 113, 428, 240
-0.998801, 439, 113, 454, 240
-0.998801, 271, 145, 286, 272
-0.998803, 197, 209, 212, 336
-0.998806, 115, 193, 130, 320
-0.998808, 207, 161, 222, 288
-0.998812, 293, 193, 308, 320
-0.998814, 123, 193, 138, 320
-0.998815, 329, 161, 344, 288
-0.998817, 161, 33, 416, 96
-0.998821, 289, 145, 304, 272
-0.998822, 149, 177, 164, 304
-0.998822, 369, 1, 400, 256
-0.998829, 85, 177, 100, 304
-0.998831, 303, 161, 318, 288
-0.998837, 183, 177, 198, 304
-0.998837, 297, 145, 312, 272
-0.998842, 79, 193, 94, 320
-0.998844, 433, 113, 448, 240
-0.998847, 63, 177, 78, 304
-0.998849, 107, 177, 122, 304
-0.998854, 97, 177, 112, 304
-0.998857, 53, 193, 68, 320
-0.998858, 249, 209, 264, 336
-0.99886, 45, 177, 60, 304
-0.998863, 439, 161, 454, 288
-0.998869, 427, 113, 442, 240
-0.99887, 283, 145, 298, 272
-0.99887, 191, 113, 206, 240
-0.998879, 321, 161, 336, 288
-0.998888, 69, 177, 84, 304
-0.998889, 429, 161, 444, 288
-0.998889, 321, 261, 448, 292
-0.998891, 91, 177, 106, 304
-0.998895, 273, 285, 400, 316
-0.998902, 177, 177, 192, 304
-0.998905, 315, 145, 330, 272
-0.998906, 421, 113, 436, 240
-0.998909, 277, 161, 292, 288
-0.998912, 335, 161, 350, 288
-0.998922, 285, 193, 300, 320
-0.998922, 161, 177, 176, 304
-0.998923, 313, 65, 328, 192
-0.998926, 201, 81, 216, 208
-0.99893, 371, 113, 386, 240
-0.998932, 445, 113, 460, 240
-0.998934, 445, 161, 460, 288
-0.998942, 389, 1, 420, 256
-0.998944, 167, 177, 182, 304
-0.998954, 321, 297, 448, 328
-0.998957, 39, 177, 54, 304
-0.99897, 255, 225, 270, 352
-0.998972, 155, 177, 170, 304
-0.998975, 33, 177, 48, 304
-0.998975, 69, 65, 84, 192
-0.998975, 9, 1, 40, 256
-0.998986, 325, 97, 340, 224
-0.99899, 421, 161, 436, 288
-0.998993, 365, 97, 380, 224
-0.999, 381, 161, 396, 288
-0.999002, 457, 129, 472, 256
-0.999003, 369, 273, 496, 304
-0.999007, 57, 145, 72, 272
-0.999008, 413, 161, 428, 288
-0.999011, 217, 81, 232, 208
-0.999011, 307, 65, 322, 192
-0.999012, 97, 225, 112, 352
-0.999023, 63, 81, 78, 208
-0.999025, 319, 65, 334, 192
-0.99904, 333, 1, 364, 256
-0.999043, 129, 281, 256, 312
-0.999047, 341, 193, 356, 320
-0.999048, 321, 209, 336, 336
-0.999054, 179, 81, 194, 208
-0.999055, 91, 225, 106, 352
-0.999059, 47, 65, 62, 192
-0.999064, 309, 209, 324, 336
-0.999067, 301, 65, 316, 192
-0.999069, 183, 225, 198, 352
-0.999071, 373, 161, 388, 288
-0.999072, 103, 225, 118, 352
-0.999072, 67, 129, 82, 256
-0.999073, 55, 65, 70, 192
-0.999073, 185, 81, 200, 208
-0.999074, 285, 65, 300, 192
-0.999077, 31, 81, 46, 208
-0.999079, 465, 129, 480, 256
-0.999082, 237, 81, 252, 208
-0.999093, 223, 81, 238, 208
-0.999095, 43, 225, 58, 352
-0.999095, 339, 97, 354, 224
-0.999099, 309, 113, 324, 240
-0.999102, 71, 225, 86, 352
-0.999104, 1, 49, 128, 80
-0.999105, 207, 81, 222, 208
-0.999107, 161, 225, 176, 352
-0.999109, 65, 225, 80, 352
-0.99911, 17, 273, 144, 304
-0.999114, 59, 225, 74, 352
-0.999115, 125, 49, 140, 176
-0.999116, 155, 225, 170, 352
-0.999118, 327, 209, 342, 336
-0.999119, 331, 97, 346, 224
-0.999119, 363, 145, 378, 272
-0.99912, 191, 241, 206, 368
-0.99913, 85, 225, 100, 352
-0.999131, 291, 97, 306, 224
-0.999132, 115, 49, 130, 176
-0.999133, 109, 225, 124, 352
-0.999136, 229, 81, 244, 208
-0.999137, 183, 129, 198, 256
-0.99914, 81, 273, 208, 304
-0.999148, 407, 113, 422, 240
-0.999149, 1, 97, 16, 224
-0.999151, 303, 209, 318, 336
-0.999151, 389, 113, 404, 240
-0.999158, 149, 225, 164, 352
-0.999162, 33, 225, 48, 352
-0.999172, 271, 193, 286, 320
-0.999184, 193, 313, 448, 375
-0.999196, 257, 57, 384, 88
-0.999244, 33, 341, 160, 372
-0.999253, 113, 345, 240, 375
-0.99927, 1, 329, 128, 360
-0.999305, 65, 329, 192, 360
-0.999352, 369, 97, 496, 128
-0.999358, 97, 45, 224, 76
-0.999365, 17, 317, 144, 348
-0.99939, 413, 1, 444, 256
-0.999472, 257, 33, 500, 96
-0.999498, 445, 33, 476, 288
-0.999513, 433, 1, 464, 256
-0.99953, 357, 1, 388, 256
-0.999583, 225, 1, 480, 64
-0.999667, 139, 207, 154, 222
-0.999668, 217, 227, 232, 242
-0.999669, 229, 225, 244, 240
-0.999671, 173, 99, 188, 114
-0.999673, 143, 83, 158, 98
-0.999673, 99, 73, 114, 88
-0.999673, 39, 229, 54, 244
-0.999674, 191, 119, 206, 134
-0.999674, 121, 203, 136, 218
-0.99968, 281, 97, 296, 112
-0.999681, 411, 131, 426, 146
-0.999681, 271, 77, 286, 92
-0.999682, 121, 71, 136, 86
-0.999682, 257, 73, 272, 88
-0.999684, 33, 233, 48, 248
-0.999686, 253, 199, 268, 214
-0.999689, 451, 139, 466, 154
-0.999692, 191, 249, 206, 264
-0.999694, 99, 257, 114, 272
-0.999696, 181, 211, 196, 226
-0.999697, 147, 69, 162, 84
-0.999697, 1, 1, 256, 64
-0.999705, 181, 103, 196, 118
-0.999706, 281, 79, 296, 94
-0.999707, 127, 71, 142, 86
-0.999709, 33, 203, 48, 218
-0.99971, 155, 229, 170, 244
-0.999712, 411, 171, 426, 186
-0.999713, 163, 245, 178, 260
-0.999715, 291, 81, 306, 96
-0.99972, 183, 193, 198, 208
-0.999722, 175, 199, 190, 214
-0.999726, 191, 195, 206, 210
-0.999726, 33, 239, 48, 254
-0.999728, 179, 245, 194, 260
-0.999728, 131, 227, 146, 242
-0.99973, 261, 81, 276, 96
-0.999736, 423, 173, 438, 188
-0.999739, 281, 91, 296, 106
-0.999739, 277, 205, 292, 220
-0.999741, 339, 209, 354, 224
-0.999741, 363, 181, 378, 196
-0.999745, 139, 219, 154, 234
-0.999746, 39, 107, 54, 122
-0.999747, 105, 73, 120, 88
-0.999748, 177, 231, 192, 246
-0.99975, 271, 85, 286, 100
-0.999752, 363, 115, 378, 130
-0.999752, 85, 75, 100, 90
-0.999753, 441, 199, 456, 214
-0.999754, 427, 129, 442, 144
-0.999755, 433, 193, 448, 208
-0.999756, 255, 219, 270, 234
-0.999759, 145, 225, 160, 240
-0.999761, 163, 67, 178, 82
-0.999761, 253, 81, 268, 96
-0.999761, 191, 113, 206, 128
-0.999762, 265, 235, 280, 250
-0.999764, 113, 213, 128, 228
-0.999767, 445, 211, 460, 226
-0.999767, 471, 169, 486, 184
-0.999781, 387, 203, 402, 218
-0.999788, 131, 213, 146, 228
-0.999789, 31, 113, 46, 128
-0.999789, 439, 183, 454, 198
-0.99979, 81, 227, 96, 242
-0.999791, 207, 229, 222, 244
-0.999792, 157, 213, 172, 228
-0.999796, 327, 211, 342, 226
-0.9998, 115, 87, 130, 102
-0.999802, 255, 193, 270, 208
-0.999803, 79, 75, 94, 90
-0.99981, 145, 203, 160, 218
-0.999815, 1, 117, 16, 132
-0.999817, 153, 83, 168, 98
-0.999817, 469, 33, 500, 288
-0.999828, 99, 245, 114, 260
-0.999832, 129, 9, 384, 72
-0.999835, 437, 133, 452, 148
-0.999837, 139, 213, 154, 228
-0.999839, 245, 91, 260, 106
-0.999842, 269, 205, 284, 220
-0.999843, 451, 199, 466, 214
-0.999845, 189, 231, 204, 246
-0.999851, 429, 199, 444, 214
-0.999856, 199, 187, 214, 202
-0.999861, 67, 123, 82, 138
-0.999866, 91, 255, 106, 270
-0.999868, 243, 223, 258, 238
-0.999874, 107, 231, 122, 246
-0.999882, 263, 207, 278, 222
-0.999887, 413, 201, 428, 216
-0.99989, 423, 201, 438, 216
-0.999891, 433, 185, 448, 200
-0.9999, 189, 189, 204, 204
-0.999903, 247, 85, 262, 100
-0.999912, 253, 205, 268, 220
-0.999927, 37, 83, 52, 98
-0.999927, 69, 77, 84, 92
-0.999933, 97, 239, 112, 254
-0.999936, 261, 199, 276, 214
-0.999938, 249, 223, 264, 238
-0.999944, 263, 193, 278, 208
-0.999946, 257, 87, 272, 102
-0.999963, 257, 187, 272, 202
-0.99997, 59, 77, 74, 92
-0.999974, 247, 71, 262, 86
-0.999975, 319, 213, 334, 228
-0.999979, 299, 215, 314, 230
-0.999985, 293, 217, 308, 232
-0.999986, 161, 229, 176, 244
-1, 201, 89, 216, 104
-1.00001, 247, 79, 262, 94
-1.00001, 451, 173, 466, 188
-1.00001, 289, 1, 352, 128
-1.00002, 471, 163, 486, 178
-1.00002, 309, 213, 324, 228
-1.00002, 401, 1, 432, 256
-1.00005, 265, 187, 280, 202
-1.00005, 47, 79, 62, 94
-1.00005, 137, 227, 152, 242
-1.00005, 185, 199, 200, 214
-1.00006, 189, 205, 204, 220
-1.00009, 133, 207, 148, 222
-1.00009, 433, 173, 448, 188
-1.00009, 87, 225, 102, 240
-1.00009, 377, 195, 392, 210
-1.00011, 433, 127, 448, 142
-1.00013, 441, 173, 456, 188
-1.00013, 93, 225, 108, 240
-1.00015, 181, 205, 196, 220
-1.00019, 439, 193, 454, 208
-1.00023, 113, 227, 128, 242
-1.00035, 99, 227, 114, 242
-1.00036, 107, 225, 122, 240
-1.00095, 1, 313, 500, 375
-1.0012, 1, 1, 500, 64
-1.00127, 1, 25, 500, 88
-1.00199, 1, 25, 128, 88
-1.00235, 1, 313, 128, 375
-1.00255, 241, 25, 368, 88
-1.00322, 145, 313, 272, 375
-1.00349, 257, 305, 384, 368
-1.00382, 209, 297, 336, 360
-1.00383, 321, 41, 448, 104
-1.00399, 1, 1, 64, 128
-1.00415, 241, 1, 368, 128
-1.00423, 193, 9, 320, 72
-1.00436, 305, 17, 432, 80
-1.00456, 241, 1, 368, 64
-1.00459, 305, 305, 432, 368
-1.00479, 353, 17, 480, 80
-1.00545, 145, 1, 272, 64
-1.00565, 97, 17, 224, 80
-1.00584, 313, 1, 376, 128
-1.00591, 33, 1, 160, 64
-1.00596, 433, 49, 496, 176
-1.00676, 369, 41, 496, 104
-1.00737, 361, 17, 424, 144
-1.01093, 401, 17, 464, 144
-1.01201, 337, 1, 400, 128
-1.01298, 425, 1, 488, 128
