1869
-0.22291, 1, 1, 500, 333
-0.339675, 1, 1, 500, 256
-0.429716, 33, 1, 288, 333
-0.438993, 129, 1, 384, 333
-0.461317, 257, 1, 500, 333
-0.509793, 1, 33, 256, 288
-0.52741, 97, 1, 352, 256
-0.52974, 193, 33, 448, 288
-0.813353, 273, 33, 400, 288
-0.822222, 1, 209, 500, 333
-0.822595, 81, 1, 208, 333
-0.827354, 209, 33, 336, 288
-0.833816, 353, 1, 480, 256
-0.835163, 1, 33, 128, 288
-0.840981, 289, 1, 416, 333
-0.841603, 161, 33, 288, 288
-0.841948, 65, 33, 192, 288
-0.847759, 337, 1, 464, 333
-0.848705, 1, 1, 500, 128
-0.852468, 17, 1, 144, 333
-0.853437, 1, 161, 500, 288
-0.863026, 113, 33, 240, 288
-0.868616, 241, 1, 368, 333
-0.870092, 177, 1, 304, 333
-0.875841, 1, 97, 500, 224
-0.876862, 129, 1, 256, 333
-0.895342, 1, 49, 500, 176
-0.906735, 33, 81, 288, 208
-0.90853, 193, 129, 448, 256
-0.910112, 97, 129, 352, 256
-0.913307, 257, 81, 500, 208
-0.913435, 65, 177, 320, 304
-0.91521, 193, 193, 448, 320
-0.920115, 129, 81, 384, 208
-0.921106, 97, 17, 352, 144
-0.924145, 289, 81, 416, 208
-0.925952, 1, 129, 256, 256
-0.927442, 33, 49, 160, 176
-0.929143, 225, 129, 352, 256
-0.930619, 65, 177, 192, 304
-0.930655, 273, 209, 400, 333
-0.93068, 305, 145, 432, 272
-0.933016, 97, 129, 224, 256
-0.933333, 353, 177, 480, 304
-0.934051, 345, 81, 408, 208
-0.934424, 105, 1, 168, 128
-0.935561, 49, 1, 176, 128
-0.935762, 145, 129, 272, 256
-0.935866, 1, 1, 256, 128
-0.93618, 161, 193, 288, 320
-0.9362, 97, 81, 224, 208
-0.936623, 17, 97, 144, 224
-0.937111, 281, 145, 344, 272
-0.937884, 49, 145, 112, 272
-0.937909, 65, 97, 128, 224
-0.938002, 1, 1, 128, 128
-0.938062, 17, 161, 144, 288
-0.938071, 241, 129, 304, 256
-0.938216, 121, 81, 184, 208
-0.939346, 121, 129, 184, 256
-0.94055, 361, 129, 424, 256
-0.940571, 201, 129, 264, 256
-0.94076, 337, 81, 464, 208
-0.940949, 257, 1, 500, 128
-0.941154, 225, 177, 352, 304
-0.941402, 81, 1, 144, 128
-0.94158, 321, 145, 384, 272
-0.941809, 305, 49, 368, 176
-0.942083, 289, 97, 352, 224
-0.942183, 265, 81, 328, 208
-0.942292, 353, 129, 480, 256
-0.94266, 161, 145, 224, 272
-0.94369, 433, 177, 496, 304
-0.943715, 9, 97, 72, 224
-0.943865, 145, 81, 272, 208
-0.944371, 321, 97, 384, 224
-0.945281, 89, 97, 152, 224
-0.94602, 1, 193, 64, 320
-0.946337, 225, 81, 352, 208
-0.946369, 241, 193, 304, 320
-0.946755, 25, 177, 88, 304
-0.94747, 97, 145, 160, 272
-0.947598, 345, 177, 408, 304
-0.947615, 73, 49, 136, 176
-0.947918, 97, 1, 224, 128
-0.94798, 297, 209, 360, 333
-0.948213, 73, 161, 136, 288
-0.948225, 97, 49, 160, 176
-0.94879, 129, 129, 192, 192
-0.949064, 161, 81, 224, 208
-0.949381, 113, 193, 240, 320
-0.94948, 33, 97, 96, 224
-0.949546, 185, 193, 248, 320
-0.949662, 129, 1, 192, 128
-0.949878, 49, 33, 112, 160
-0.950186, 225, 193, 288, 256
-0.950227, 385, 145, 448, 272
-0.950274, 337, 33, 464, 160
-0.951054, 257, 33, 384, 160
-0.951232, 209, 81, 272, 208
-0.951652, 153, 193, 216, 320
-0.952703, 321, 193, 384, 256
-0.953161, 297, 209, 360, 272
-0.953352, 65, 169, 128, 232
-0.953425, 9, 49, 72, 176
-0.953619, 153, 129, 216, 192
-0.953644, 185, 217, 248, 280
-0.953712, 1, 209, 128, 333
-0.953749, 401, 97, 464, 224
-0.954086, 233, 81, 296, 208
-0.954185, 209, 193, 272, 320
-0.954253, 89, 113, 152, 176
-0.954393, 385, 33, 448, 160
-0.954498, 89, 1, 152, 64
-0.95481, 209, 33, 336, 160
-0.955292, 249, 209, 312, 272
-0.955668, 417, 49, 480, 176
-0.955696, 401, 137, 464, 200
-0.955718, 89, 145, 152, 208
-0.95642, 185, 81, 248, 208
-0.956644, 321, 193, 384, 320
-0.956777, 1, 1, 64, 128
-0.957126, 265, 193, 328, 320
-0.957278, 297, 129, 360, 192
-0.957512, 401, 193, 464, 320
-0.957538, 137, 153, 200, 216
-0.957937, 33, 1, 96, 64
-0.958028, 1, 137, 64, 200
-0.958268, 369, 81, 432, 208
-0.95833, 81, 209, 144, 333
-0.958583, 321, 129, 384, 192
-0.958696, 49, 209, 112, 333
-0.958845, 121, 193, 184, 320
-0.959176, 33, 49, 96, 112
-0.959236, 57, 145, 120, 208
-0.959428, 65, 1, 128, 64
-0.959914, 361, 169, 424, 232
-0.959946, 305, 1, 368, 128
-0.960089, 161, 1, 288, 128
-0.960382, 281, 1, 344, 128
-0.960535, 273, 121, 336, 184
-0.960689, 57, 25, 120, 88
-0.960971, 169, 193, 232, 256
-0.961096, 193, 193, 320, 256
-0.961251, 273, 17, 336, 80
-0.961266, 1, 193, 64, 256
-0.961442, 337, 225, 400, 288
-0.961659, 89, 65, 152, 128
-0.961671, 345, 193, 408, 256
-0.961677, 377, 193, 440, 320
-0.961778, 1, 9, 64, 72
-0.961848, 353, 33, 416, 160
-0.961867, 97, 137, 224, 200
-0.962054, 57, 81, 120, 144
-0.962076, 257, 233, 320, 296
-0.962434, 201, 193, 264, 256
-0.96276, 209, 225, 272, 288
-0.962801, 409, 193, 472, 256
-0.962989, 273, 209, 336, 272
-0.96308, 273, 185, 336, 248
-0.963227, 1, 145, 64, 272
-0.963234, 129, 89, 192, 152
-0.963447, 161, 105, 224, 168
-0.963472, 89, 169, 152, 232
-0.963482, 361, 129, 424, 192
-0.96384, 377, 201, 440, 264
-0.963924, 9, 105, 72, 168
-0.964248, 313, 49, 376, 112
-0.964304, 25, 193, 88, 256
-0.964486, 369, 105, 432, 168
-0.964489, 1, 73, 64, 136
-0.964571, 329, 105, 392, 168
-0.964907, 129, 1, 192, 64
-0.96512, 25, 1, 88, 128
-0.965242, 65, 105, 128, 168
-0.965286, 241, 137, 304, 200
-0.965289, 401, 105, 464, 168
-0.96532, 321, 193, 448, 256
-0.965544, 33, 161, 96, 224
-0.965713, 57, 57, 120, 120
-0.965735, 25, 73, 88, 136
-0.965788, 41, 105, 104, 168
-0.966047, 273, 33, 336, 288
-0.966234, 233, 233, 296, 296
-0.966287, 385, 177, 448, 240
-0.966327, 265, 185, 296, 248
-0.966456, 17, 1, 144, 64
-0.966507, 257, 225, 384, 288
-0.966642, 161, 1, 224, 64
-0.966727, 33, 25, 96, 88
-0.966836, 305, 129, 432, 192
-0.967031, 49, 209, 112, 272
-0.967219, 297, 89, 360, 152
-0.96728, 65, 113, 192, 176
-0.967304, 265, 97, 328, 160
-0.967401, 161, 33, 224, 160
-0.967454, 17, 49, 144, 112
-0.967543, 177, 129, 240, 192
-0.967593, 113, 169, 176, 232
-0.967612, 1, 137, 128, 200
-0.967907, 89, 41, 152, 104
-0.967986, 425, 1, 488, 128
-0.968045, 337, 169, 400, 232
-0.968057, 257, 33, 320, 160
-0.96807, 41, 273, 104, 333
-0.968085, 185, 33, 248, 288
-0.968123, 217, 1, 280, 64
-0.968197, 137, 129, 168, 192
-0.96834, 161, 217, 224, 280
-0.968499, 81, 89, 208, 152
-0.968553, 65, 9, 192, 72
-0.968575, 249, 1, 312, 64
-0.968597, 209, 225, 336, 288
-0.96866, 217, 105, 280, 168
-0.968745, 17, 105, 144, 168
-0.968826, 185, 1, 248, 64
-0.968912, 433, 129, 496, 256
-0.968974, 129, 25, 192, 88
-0.969022, 193, 113, 320, 176
-0.969166, 273, 89, 400, 152
-0.96929, 169, 161, 232, 224
-0.969317, 205, 209, 236, 272
-0.969372, 425, 41, 488, 104
-0.969482, 161, 225, 288, 288
-0.969524, 225, 65, 288, 320
-0.969622, 369, 169, 400, 232
-0.969752, 129, 201, 192, 264
-0.969965, 337, 105, 464, 168
-0.970044, 97, 89, 160, 152
-0.970045, 129, 33, 192, 288
-0.97017, 249, 65, 312, 320
-0.97021, 161, 129, 192, 192
-0.970222, 49, 185, 176, 248
-0.970232, 329, 73, 392, 136
-0.970282, 249, 185, 312, 248
-0.9703, 65, 33, 128, 288
-0.970304, 385, 25, 448, 88
-0.970313, 273, 201, 400, 264
-0.970391, 329, 33, 392, 160
-0.97042, 193, 73, 256, 136
-0.970443, 297, 33, 360, 288
-0.970612, 297, 233, 360, 296
-0.970671, 361, 25, 424, 88
-0.970684, 9, 217, 72, 280
-0.970739, 305, 121, 336, 184
-0.970744, 85, 145, 116, 208
-0.970747, 81, 257, 144, 320
-0.970795, 97, 1, 160, 256
-0.970853, 89, 193, 152, 256
-0.9709, 49, 249, 112, 312
-0.970989, 409, 145, 472, 272
-0.971073, 9, 33, 72, 288
-0.971214, 81, 225, 144, 288
-0.971261, 353, 273, 416, 333
-0.971387, 281, 161, 344, 224
-0.971462, 257, 161, 320, 224
-0.971547, 225, 73, 288, 136
-0.971685, 369, 193, 496, 256
-0.971771, 193, 137, 320, 200
-0.971851, 249, 73, 312, 136
-0.971869, 225, 17, 352, 80
-0.971907, 337, 65, 400, 320
-0.971936, 25, 137, 88, 200
-0.971948, 161, 33, 224, 288
-0.972068, 169, 65, 232, 128
-0.972069, 113, 1, 240, 64
-0.972071, 337, 73, 464, 136
-0.972178, 433, 193, 496, 256
-0.97221, 117, 1, 148, 128
-0.972378, 269, 193, 300, 320
-0.972507, 169, 241, 232, 304
-0.972512, 97, 1, 128, 64
-0.972586, 269, 209, 300, 272
-0.972742, 65, 65, 192, 128
-0.972798, 353, 217, 480, 280
-0.972923, 257, 121, 384, 184
-0.973009, 297, 17, 360, 80
-0.97304, 81, 1, 112, 128
-0.973059, 1, 49, 64, 112
-0.973146, 17, 73, 144, 136
-0.973168, 273, 129, 304, 256
-0.973218, 101, 49, 132, 176
-0.973283, 49, 153, 176, 216
-0.973327, 77, 9, 108, 72
-0.973376, 433, 161, 496, 224
-0.973382, 425, 185, 456, 248
-0.973395, 273, 161, 400, 224
-0.973428, 341, 97, 372, 224
-0.973464, 233, 1, 296, 128
-0.973574, 81, 33, 112, 96
-0.973599, 1, 25, 128, 88
-0.973613, 249, 193, 280, 256
-0.973646, 293, 145, 324, 272
-0.973657, 113, 113, 240, 176
-0.973666, 365, 145, 396, 272
-0.973709, 385, 129, 416, 256
-0.973814, 93, 73, 124, 136
-0.973824, 113, 225, 240, 288
-0.973825, 241, 113, 304, 176
-0.973886, 289, 121, 320, 184
-0.973994, 25, 1, 56, 128
-0.974004, 409, 217, 472, 280
-0.974017, 389, 177, 420, 240
-0.974048, 377, 81, 408, 208
-0.974056, 209, 129, 240, 256
-0.974337, 353, 73, 416, 136
-0.974345, 389, 137, 420, 200
-0.974488, 89, 81, 120, 208
-0.97453, 65, 41, 192, 104
-0.974587, 329, 145, 360, 272
-0.974606, 201, 137, 264, 200
-0.974708, 297, 81, 328, 208
-0.974713, 93, 1, 124, 128
-0.974812, 25, 1, 56, 64
-0.974867, 425, 65, 488, 128
-0.974952, 101, 121, 132, 184
-0.975067, 1, 201, 128, 264
-0.975121, 177, 209, 208, 272
-0.97514, 385, 225, 448, 288
-0.975162, 105, 97, 136, 160
-0.975199, 217, 225, 248, 288
-0.975319, 133, 1, 164, 64
-0.975419, 145, 193, 272, 256
-0.975451, 89, 177, 120, 240
-0.975465, 369, 193, 400, 256
-0.975488, 193, 225, 224, 288
-0.975492, 17, 225, 144, 288
-0.975597, 257, 177, 288, 304
-0.975606, 105, 97, 136, 224
-0.975717, 433, 217, 496, 280
-0.975737, 105, 65, 136, 128
-0.975807, 401, 1, 464, 256
-0.975836, 321, 25, 384, 88
-0.97587, 221, 129, 252, 256
-0.975874, 105, 145, 136, 272
-0.97588, 9, 161, 72, 224
-0.975933, 213, 185, 244, 248
-0.975973, 33, 65, 96, 320
-0.97599, 289, 41, 352, 104
-0.975991, 289, 65, 416, 128
-0.976014, 173, 145, 204, 272
-0.976014, 185, 33, 248, 160
-0.976137, 353, 145, 480, 208
-0.976181, 113, 25, 240, 88
-0.976314, 97, 41, 128, 104
-0.976342, 81, 57, 112, 120
-0.976391, 89, 105, 120, 168
-0.976399, 337, 49, 464, 112
-0.976411, 309, 113, 340, 240
-0.976441, 97, 201, 224, 264
-0.976536, 313, 169, 376, 232
-0.976583, 1, 161, 128, 224
-0.976596, 9, 257, 72, 320
-0.976601, 73, 49, 104, 176
-0.976625, 17, 273, 144, 333
-0.976633, 189, 145, 220, 272
-0.976665, 285, 161, 316, 224
-0.976668, 401, 265, 464, 328
-0.976736, 161, 1, 288, 64
-0.976756, 193, 105, 256, 168
-0.976769, 45, 161, 76, 224
-0.976783, 245, 225, 276, 288
-0.976822, 361, 1, 424, 256
-0.976995, 201, 193, 232, 320
-0.977047, 321, 273, 448, 333
-0.977058, 289, 225, 320, 288
-0.977061, 261, 129, 292, 256
-0.977083, 105, 1, 136, 128
-0.977113, 257, 225, 288, 288
-0.977117, 137, 1, 168, 128
-0.977156, 209, 33, 272, 160
-0.97724, 353, 169, 480, 232
-0.977257, 285, 97, 316, 224
-0.977286, 85, 129, 116, 256
-0.977381, 325, 129, 356, 192
-0.977419, 305, 225, 432, 288
-0.977437, 145, 241, 208, 304
-0.977489, 97, 161, 224, 224
-0.977499, 49, 97, 80, 224
-0.977508, 101, 169, 132, 232
-0.977515, 113, 9, 144, 72
-0.977584, 337, 49, 400, 112
-0.977658, 233, 225, 264, 288
-0.977665, 133, 169, 164, 232
-0.977723, 5, 9, 36, 72
-0.977839, 309, 65, 340, 192
-0.97784, 269, 137, 300, 200
-0.97785, 157, 129, 188, 256
-0.977852, 397, 129, 428, 256
-0.97787, 425, 97, 488, 160
-0.977886, 393, 1, 456, 64
-0.977895, 209, 169, 272, 232
-0.977921, 17, 193, 48, 256
-0.977963, 61, 153, 92, 216
-0.977964, 289, 65, 352, 128
-0.977992, 265, 41, 328, 104
-0.978013, 49, 145, 80, 272
-0.978016, 117, 129, 148, 192
-0.978018, 25, 25, 56, 88
-0.97806, 337, 193, 368, 256
-0.978099, 249, 129, 280, 256
-0.978137, 393, 49, 456, 112
-0.978161, 449, 145, 480, 272
-0.97818, 17, 65, 48, 128
-0.978209, 353, 177, 384, 304
-0.978228, 49, 137, 80, 200
-0.978253, 97, 249, 224, 312
-0.978288, 161, 193, 192, 320
-0.97829, 133, 81, 164, 208
-0.978298, 377, 137, 408, 200
-0.9783, 305, 17, 336, 80
-0.97832, 145, 137, 272, 200
-0.97832, 389, 81, 420, 208
-0.978329, 433, 177, 464, 304
-0.978401, 237, 129, 268, 256
-0.978448, 257, 41, 384, 104
-0.978452, 341, 105, 372, 168
-0.978487, 281, 209, 312, 333
-0.978491, 337, 249, 400, 312
-0.978501, 421, 105, 452, 168
-0.978517, 101, 145, 132, 208
-0.97854, 13, 49, 44, 176
-0.978626, 357, 49, 388, 176
-0.978732, 69, 145, 100, 272
-0.978741, 93, 177, 124, 304
-0.978742, 121, 225, 184, 288
-0.978796, 161, 65, 288, 128
-0.978808, 149, 129, 180, 192
-0.978812, 237, 185, 268, 248
-0.978824, 357, 65, 388, 128
-0.978854, 329, 97, 360, 224
-0.979016, 413, 193, 444, 256
-0.979032, 5, 1, 36, 128
-0.979032, 217, 81, 248, 208
-0.979041, 13, 89, 44, 152
-0.979047, 425, 129, 488, 192
-0.979079, 325, 193, 356, 320
-0.979083, 373, 105, 404, 168
-0.979154, 353, 97, 384, 224
-0.979175, 377, 273, 440, 333
-0.979188, 121, 129, 152, 256
-0.979189, 77, 81, 108, 144
-0.979201, 341, 145, 372, 272
-0.979246, 73, 185, 104, 248
-0.979256, 437, 137, 468, 200
-0.979295, 193, 201, 224, 264
-0.979343, 9, 129, 40, 192
-0.979364, 437, 193, 468, 256
-0.979376, 317, 57, 348, 120
-0.979387, 25, 105, 56, 168
-0.979426, 361, 49, 424, 112
-0.979517, 353, 129, 384, 192
-0.979519, 13, 193, 44, 320
-0.979542, 405, 161, 436, 224
-0.979556, 65, 105, 96, 168
-0.979614, 213, 193, 244, 320
-0.979666, 117, 81, 148, 208
-0.979704, 241, 249, 368, 312
-0.979706, 125, 89, 156, 152
-0.97972, 153, 81, 184, 208
-0.979743, 325, 201, 356, 264
-0.979754, 205, 137, 236, 200
-0.979765, 289, 249, 416, 312
-0.979775, 353, 193, 384, 256
-0.979831, 409, 129, 440, 192
-0.979847, 333, 49, 364, 176
-0.979911, 149, 17, 180, 80
-0.98005, 145, 161, 272, 224
-0.980164, 65, 225, 192, 288
-0.98017, 321, 1, 384, 64
-0.980223, 425, 17, 488, 80
-0.980286, 61, 97, 92, 224
-0.980315, 357, 105, 388, 168
-0.98032, 289, 1, 320, 64
-0.980331, 189, 193, 220, 320
-0.980343, 409, 105, 440, 168
-0.980424, 277, 185, 308, 248
-0.980435, 385, 177, 416, 304
-0.980437, 33, 193, 64, 320
-0.980523, 177, 113, 208, 176
-0.980528, 165, 81, 196, 208
-0.980542, 121, 1, 184, 333
-0.980613, 229, 81, 260, 208
-0.980634, 25, 65, 56, 192
-0.980666, 305, 17, 432, 80
-0.980679, 145, 145, 176, 272
-0.980791, 29, 185, 60, 248
-0.980798, 49, 193, 80, 320
-0.980807, 321, 49, 352, 176
-0.980904, 37, 81, 68, 208
-0.980916, 309, 209, 340, 272
-0.980924, 309, 177, 340, 304
-0.981047, 385, 209, 416, 272
-0.981071, 205, 81, 236, 208
-0.981101, 273, 81, 304, 208
-0.981105, 181, 161, 212, 224
-0.981184, 245, 193, 276, 320
-0.981188, 465, 177, 496, 304
-0.981195, 225, 169, 352, 232
-0.981204, 329, 225, 360, 288
-0.981283, 33, 145, 64, 272
-0.981376, 17, 249, 144, 312
-0.981451, 277, 233, 308, 296
-0.98147, 77, 217, 108, 280
-0.981529, 225, 73, 352, 136
-0.981678, 129, 89, 256, 152
-0.981718, 365, 97, 396, 224
-0.981737, 161, 17, 192, 80
-0.98177, 253, 81, 284, 208
-0.981821, 289, 97, 320, 160
-0.981919, 73, 97, 104, 224
-0.981982, 113, 65, 240, 128
-0.981984, 421, 129, 452, 192
-0.982005, 437, 57, 468, 120
-0.982056, 205, 113, 236, 176
-0.982116, 177, 193, 208, 320
-0.982123, 61, 25, 92, 88
-0.982142, 241, 81, 272, 208
-0.982151, 205, 1, 236, 64
-0.982328, 225, 185, 256, 248
-0.982342, 325, 17, 356, 80
-0.982352, 217, 1, 248, 64
-0.982352, 229, 1, 260, 64
-0.982462, 133, 25, 164, 88
-0.982467, 173, 1, 204, 64
-0.982481, 69, 209, 100, 333
-0.982485, 89, 1, 152, 333
-0.982508, 13, 97, 44, 224
-0.982549, 189, 81, 220, 208
-0.982564, 345, 225, 376, 288
-0.982605, 153, 1, 216, 333
-0.982621, 233, 193, 264, 320
-0.9827, 417, 33, 448, 160
-0.982746, 241, 1, 272, 64
-0.982752, 1, 1, 64, 333
-0.98276, 161, 193, 192, 256
-0.982809, 277, 1, 308, 64
-0.982824, 345, 49, 376, 176
-0.982825, 61, 81, 92, 144
-0.982839, 185, 1, 216, 64
-0.982899, 369, 225, 400, 288
-0.982952, 41, 201, 72, 264
-0.98301, 265, 1, 296, 64
-0.9831, 121, 33, 152, 96
-0.983109, 97, 201, 128, 264
-0.983139, 205, 233, 236, 296
-0.983142, 1, 177, 32, 304
-0.983153, 305, 1, 336, 128
-0.983194, 253, 1, 284, 64
-0.983222, 65, 1, 128, 333
-0.983248, 425, 1, 488, 256
-0.983261, 121, 169, 152, 232
-0.983277, 37, 97, 68, 160
-0.983289, 61, 177, 92, 240
-0.983342, 145, 153, 176, 216
-0.98341, 385, 1, 448, 333
-0.98343, 337, 129, 368, 192
-0.983476, 117, 57, 148, 120
-0.983539, 69, 1, 100, 128
-0.98364, 257, 121, 288, 184
-0.983716, 77, 105, 108, 168
-0.983744, 361, 41, 392, 104
-0.983755, 149, 33, 180, 160
-0.983784, 401, 81, 432, 208
-0.983838, 181, 233, 212, 296
-0.983842, 337, 249, 464, 312
-0.983857, 381, 273, 412, 333
-0.983997, 365, 193, 396, 320
-0.98401, 369, 273, 496, 333
-0.984037, 21, 217, 52, 280
-0.984051, 25, 129, 56, 192
-0.984069, 5, 193, 36, 256
-0.984148, 281, 1, 344, 333
-0.984312, 173, 33, 204, 160
-0.984348, 409, 145, 440, 272
-0.984386, 353, 25, 480, 88
-0.984439, 317, 1, 348, 128
-0.984445, 453, 209, 484, 333
-0.98445, 421, 209, 452, 333
-0.98446, 65, 273, 192, 333
-0.984496, 305, 1, 368, 333
-0.984785, 145, 249, 272, 312
-0.98479, 61, 49, 92, 176
-0.984833, 337, 1, 400, 333
-0.984871, 209, 41, 336, 104
-0.984905, 177, 97, 208, 224
-0.984955, 425, 1, 488, 333
-0.985253, 417, 97, 448, 224
-0.985616, 357, 1, 388, 128
-0.985679, 193, 249, 320, 312
-0.98572, 81, 209, 112, 333
-0.985783, 437, 49, 468, 176
-0.985794, 105, 193, 136, 320
-0.985824, 341, 209, 372, 333
-0.985869, 293, 33, 324, 160
-0.986263, 437, 1, 468, 128
-0.986371, 345, 1, 376, 128
-0.986811, 461, 97, 492, 224
-0.986872, 281, 33, 312, 160
-0.98688, 353, 1, 480, 64
-0.986966, 177, 89, 304, 152
-0.986999, 369, 17, 400, 144
-0.987042, 161, 33, 288, 96
-0.98709, 33, 1, 96, 333
-0.98713, 361, 1, 424, 333
-0.987195, 149, 193, 180, 320
-0.987323, 409, 193, 440, 320
-0.987366, 37, 1, 68, 128
-0.987475, 65, 233, 320, 296
-0.987527, 269, 1, 300, 128
-0.987634, 293, 209, 324, 333
-0.987669, 185, 1, 248, 333
-0.987673, 49, 49, 80, 176
-0.987698, 397, 177, 428, 304
-0.987761, 133, 129, 164, 256
-0.987775, 453, 1, 484, 128
-0.987826, 1, 129, 32, 256
-0.988221, 129, 17, 384, 80
-0.988277, 129, 149, 192, 180
-0.988386, 437, 97, 468, 224
-0.988495, 193, 193, 448, 256
-0.98862, 177, 113, 240, 144
-0.988711, 161, 129, 224, 160
-0.98877, 297, 221, 360, 252
-0.988773, 189, 1, 220, 128
-0.988787, 177, 229, 240, 260
-0.98881, 97, 193, 352, 256
-0.988821, 201, 197, 264, 228
-0.988832, 273, 205, 336, 236
-0.988855, 241, 201, 304, 232
-0.988883, 241, 229, 304, 260
-0.988907, 233, 189, 296, 220
-0.988951, 129, 133, 192, 164
-0.988957, 217, 109, 280, 140
-0.988986, 1, 265, 500, 328
-0.988994, 161, 225, 416, 288
-0.989005, 257, 1, 320, 333
-0.989019, 241, 217, 304, 248
-0.989105, 49, 37, 112, 68
-0.9892, 297, 149, 360, 180
-0.989241, 305, 129, 368, 160
-0.989245, 457, 49, 488, 176
-0.989267, 217, 229, 280, 260
-0.989268, 389, 33, 420, 160
-0.989278, 1, 225, 500, 288
-0.989279, 1, 129, 500, 192
-0.989319, 1, 145, 64, 176
-0.989344, 369, 137, 432, 168
-0.989349, 353, 101, 416, 132
-0.989364, 105, 149, 168, 180
-0.989396, 25, 37, 88, 68
-0.989405, 209, 217, 272, 248
-0.989443, 265, 121, 328, 152
-0.989452, 81, 17, 144, 48
-0.989527, 161, 33, 192, 160
-0.989538, 177, 197, 240, 228
-0.989542, 205, 229, 236, 260
-0.989557, 345, 129, 408, 160
-0.989584, 65, 161, 128, 192
-0.989592, 97, 29, 160, 60
-0.989592, 193, 137, 256, 168
-0.989615, 257, 1, 288, 128
-0.989623, 65, 177, 128, 208
-0.989631, 89, 161, 152, 192
-0.989652, 161, 145, 224, 176
-0.989686, 265, 189, 296, 220
-0.989702, 233, 137, 296, 168
-0.989707, 281, 133, 344, 164
-0.98973, 153, 157, 216, 188
-0.989735, 97, 133, 160, 164
-0.989748, 1, 49, 32, 176
-0.989758, 281, 193, 344, 224
-0.989774, 257, 109, 320, 140
-0.98978, 1, 73, 256, 136
-0.989783, 89, 77, 152, 108
-0.989787, 401, 145, 464, 176
-0.989788, 1, 133, 64, 164
-0.989802, 321, 117, 384, 148
-0.98981, 113, 193, 176, 224
-0.989812, 321, 169, 384, 200
-0.989861, 33, 1, 96, 32
-0.989863, 121, 89, 184, 120
-0.989872, 361, 157, 424, 188
-0.9899, 377, 165, 408, 196
-0.989911, 225, 129, 480, 192
-0.989923, 273, 29, 336, 60
-0.989935, 49, 217, 112, 248
-0.989941, 65, 1, 128, 32
-0.989948, 377, 193, 440, 224
-0.989951, 49, 149, 112, 180
-0.989953, 89, 1, 152, 32
-0.989962, 121, 17, 184, 48
-0.989965, 97, 105, 352, 168
-0.98997, 121, 5, 184, 36
-0.989979, 1, 105, 256, 168
-0.98998, 209, 1, 272, 333
-0.989981, 161, 209, 224, 240
-0.989998, 1, 129, 256, 192
-0.99002, 265, 229, 296, 260
-0.99002, 241, 229, 272, 260
-0.990056, 185, 213, 248, 244
-0.990066, 273, 9, 336, 40
-0.990068, 1, 1, 64, 32
-0.990084, 229, 229, 260, 260
-0.990089, 177, 29, 240, 60
-0.990101, 1, 37, 64, 68
-0.990105, 9, 105, 72, 136
-0.990123, 201, 29, 264, 60
-0.990136, 321, 145, 384, 176
-0.990137, 241, 121, 304, 152
-0.990151, 257, 169, 500, 232
-0.99016, 153, 29, 216, 60
-0.990162, 209, 185, 272, 216
-0.990178, 369, 181, 432, 212
-0.990184, 73, 41, 136, 72
-0.990193, 209, 17, 272, 48
-0.990206, 265, 229, 328, 260
-0.990218, 65, 137, 128, 168
-0.990224, 345, 177, 408, 208
-0.990238, 217, 125, 280, 156
-0.990244, 193, 125, 256, 156
-0.990244, 377, 213, 440, 244
-0.990244, 161, 17, 224, 48
-0.990255, 321, 193, 384, 224
-0.990264, 433, 217, 496, 248
-0.99028, 185, 17, 248, 48
-0.990314, 121, 29, 184, 60
-0.990321, 25, 189, 88, 220
-0.990325, 417, 201, 480, 232
-0.990341, 57, 89, 120, 120
-0.99036, 57, 189, 120, 220
-0.990364, 25, 49, 88, 80
-0.990373, 97, 73, 352, 136
-0.990374, 81, 117, 144, 148
-0.990379, 337, 225, 400, 256
-0.990383, 81, 257, 144, 288
-0.990384, 265, 217, 328, 248
-0.99039, 153, 197, 216, 228
-0.990396, 89, 65, 152, 96
-0.990449, 1, 193, 500, 256
-0.990452, 257, 133, 320, 164
-0.990482, 209, 197, 240, 228
-0.990487, 233, 17, 296, 48
-0.990492, 25, 89, 88, 120
-0.990495, 193, 149, 256, 180
-0.990496, 1, 85, 64, 116
-0.990517, 297, 117, 360, 148
-0.99053, 345, 189, 408, 220
-0.990537, 97, 129, 352, 192
-0.990552, 197, 209, 228, 240
-0.990552, 1, 197, 64, 228
-0.990567, 1, 17, 500, 80
-0.990611, 105, 121, 136, 152
-0.990615, 153, 133, 184, 164
-0.990639, 385, 45, 448, 76
-0.990646, 49, 101, 112, 132
-0.99065, 41, 137, 104, 168
-0.990651, 225, 29, 288, 60
-0.990652, 81, 97, 144, 128
-0.990679, 1, 13, 64, 44
-0.990699, 345, 113, 408, 144
-0.990702, 257, 97, 500, 160
-0.990703, 41, 25, 104, 56
-0.990705, 65, 53, 128, 84
-0.990709, 81, 189, 144, 220
-0.99071, 257, 189, 320, 220
-0.990715, 1, 57, 64, 88
-0.990719, 177, 121, 208, 152
-0.990725, 385, 101, 448, 132
-0.99074, 41, 205, 104, 236
-0.99075, 161, 241, 224, 272
-0.990758, 273, 145, 336, 176
-0.99076, 33, 177, 96, 208
-0.99077, 217, 241, 280, 272
-0.990775, 81, 149, 144, 180
-0.990792, 137, 209, 200, 240
-0.990793, 377, 277, 440, 308
-0.990831, 153, 253, 216, 284
-0.990832, 105, 173, 168, 204
-0.990836, 137, 121, 200, 152
-0.99084, 401, 285, 464, 316
-0.990848, 169, 81, 232, 112
-0.990858, 81, 273, 144, 304
-0.990858, 233, 1, 296, 333
-0.990876, 209, 137, 240, 168
-0.990879, 45, 37, 76, 68
-0.990881, 97, 161, 352, 224
-0.990901, 377, 177, 408, 208
-0.990905, 337, 241, 400, 272
-0.990908, 409, 133, 472, 164
-0.990927, 269, 217, 300, 248
-0.990953, 273, 273, 400, 333
-0.990967, 97, 53, 128, 84
-0.990971, 209, 217, 240, 248
-0.990988, 365, 137, 396, 168
-0.991019, 137, 149, 168, 180
-0.991026, 165, 201, 196, 232
-0.99109, 205, 113, 236, 144
-0.99112, 193, 117, 224, 148
-0.991153, 229, 217, 260, 248
-0.991162, 421, 189, 452, 220
-0.991183, 101, 141, 132, 172
-0.991186, 377, 153, 408, 184
-0.991192, 309, 125, 340, 156
-0.991208, 181, 229, 212, 260
-0.991231, 377, 129, 408, 160
-0.991252, 121, 133, 152, 164
-0.99128, 279, 185, 294, 248
-0.991289, 421, 201, 452, 232
-0.991434, 81, 37, 112, 68
-0.991457, 285, 129, 316, 160
-0.991481, 325, 145, 356, 176
-0.991492, 215, 209, 230, 272
-0.991496, 193, 73, 448, 136
-0.991514, 221, 201, 252, 232
-0.991562, 281, 229, 312, 260
-0.991582, 25, 37, 56, 68
-0.991586, 261, 113, 292, 144
-0.991601, 393, 137, 424, 168
-0.991631, 105, 101, 136, 132
-0.991642, 1, 33, 256, 96
-0.991695, 177, 109, 208, 140
-0.991695, 345, 129, 376, 160
-0.991699, 257, 225, 500, 288
-0.991747, 389, 149, 420, 180
-0.991755, 1, 1, 256, 64
-0.991768, 349, 113, 380, 144
-0.991776, 405, 137, 436, 168
-0.991779, 9, 133, 40, 164
-0.99179, 233, 113, 264, 144
-0.991792, 145, 193, 176, 224
-0.991822, 41, 201, 72, 232
-0.991823, 85, 141, 116, 172
-0.991841, 25, 189, 56, 220
-0.991842, 221, 189, 252, 220
-0.991842, 241, 217, 272, 248
-0.991853, 1, 169, 256, 232
-0.99186, 177, 209, 208, 240
-0.991875, 277, 109, 308, 140
-0.991875, 265, 201, 296, 232
-0.991888, 253, 217, 284, 248
-0.991896, 249, 189, 280, 220
-0.991922, 277, 193, 308, 224
-0.991956, 61, 37, 92, 68
-0.991956, 437, 193, 468, 224
-0.991956, 93, 77, 124, 108
-0.991976, 85, 153, 116, 184
-0.992002, 21, 1, 52, 32
-0.992007, 221, 241, 252, 272
-0.992007, 217, 229, 248, 260
-0.99203, 145, 197, 272, 228
-0.992065, 361, 169, 392, 200
-0.992084, 85, 129, 116, 160
-0.992088, 77, 221, 108, 252
-0.992102, 161, 213, 192, 244
-0.992119, 9, 145, 40, 176
-0.99213, 261, 137, 292, 168
-0.992131, 1, 41, 500, 104
-0.992153, 89, 181, 120, 212
-0.99217, 209, 229, 336, 260
-0.992176, 253, 229, 284, 260
-0.992191, 185, 133, 216, 164
-0.992195, 249, 201, 280, 232
-0.992198, 305, 153, 336, 184
-0.992213, 113, 17, 144, 48
-0.992235, 69, 201, 100, 232
-0.992246, 209, 17, 240, 48
-0.992255, 221, 17, 252, 48
-0.992278, 245, 241, 276, 272
-0.992294, 281, 209, 296, 272
-0.992307, 197, 29, 228, 60
-0.992318, 161, 153, 192, 184
-0.992323, 133, 133, 164, 164
-0.992324, 237, 189, 268, 220
-0.992359, 465, 217, 496, 248
-0.992366, 249, 113, 280, 144
-0.992371, 437, 217, 468, 248
-0.992384, 89, 89, 120, 120
-0.992389, 289, 117, 320, 148
-0.992403, 1, 209, 256, 272
-0.992404, 213, 29, 244, 60
-0.992452, 165, 125, 196, 156
-0.992452, 197, 17, 228, 48
-0.992461, 237, 17, 268, 48
-0.992476, 101, 169, 132, 200
-0.992494, 433, 205, 464, 236
-0.992497, 161, 113, 288, 144
-0.992501, 143, 129, 158, 192
-0.992501, 105, 193, 136, 224
-0.992505, 209, 201, 224, 264
-0.992513, 217, 117, 248, 148
-0.992524, 161, 229, 288, 260
-0.992532, 133, 9, 164, 40
-0.992552, 185, 29, 216, 60
-0.992556, 197, 197, 228, 228
-0.992558, 297, 17, 328, 48
-0.992559, 77, 61, 108, 92
-0.992572, 109, 69, 140, 100
-0.992582, 97, 137, 224, 168
-0.992584, 237, 205, 268, 236
-0.99259, 385, 169, 400, 232
-0.992596, 271, 185, 286, 248
-0.992605, 225, 29, 256, 60
-0.992615, 61, 169, 92, 200
-0.992631, 117, 37, 148, 68
-0.992638, 109, 85, 140, 116
-0.992642, 1, 161, 500, 224
-0.992647, 253, 17, 284, 48
-0.992648, 425, 133, 456, 164
-0.992652, 185, 17, 216, 48
-0.992654, 259, 185, 274, 248
-0.992666, 257, 49, 500, 112
-0.992667, 97, 41, 128, 72
-0.992689, 315, 121, 330, 184
-0.992693, 129, 41, 384, 104
-0.9927, 81, 9, 96, 72
-0.992701, 91, 105, 106, 168
-0.992708, 225, 257, 480, 320
-0.992712, 401, 297, 432, 328
-0.992717, 45, 137, 76, 168
-0.992718, 193, 193, 320, 224
-0.992728, 177, 197, 208, 228
-0.992757, 193, 229, 224, 260
-0.992764, 69, 89, 100, 120
-0.992764, 161, 241, 192, 272
-0.992768, 85, 169, 116, 200
-0.992774, 173, 29, 204, 60
-0.992783, 305, 141, 336, 172
-0.992791, 377, 101, 408, 132
-0.992793, 33, 257, 288, 320
-0.992796, 273, 121, 304, 152
-0.992799, 81, 109, 112, 140
-0.9928, 309, 29, 340, 60
-0.992809, 325, 217, 356, 248
-0.992813, 151, 129, 166, 192
-0.992832, 1, 105, 500, 168
-0.992833, 77, 185, 108, 216
-0.992837, 233, 241, 264, 272
-0.992883, 219, 185, 234, 248
-0.992909, 257, 1, 500, 64
-0.993001, 169, 129, 184, 192
-0.993025, 225, 205, 352, 236
-0.993073, 17, 49, 144, 80
-0.993073, 393, 169, 408, 232
-0.993102, 203, 225, 218, 288
-0.993107, 137, 129, 152, 192
-0.993165, 177, 137, 304, 168
-0.993225, 209, 121, 336, 152
-0.993257, 289, 129, 416, 160
-0.993271, 289, 225, 416, 256
-0.993288, 29, 65, 44, 128
-0.993324, 101, 73, 116, 136
-0.993364, 221, 217, 236, 280
-0.993412, 93, 33, 108, 96
-0.993417, 97, 149, 224, 180
-0.993432, 253, 225, 268, 288
-0.99346, 289, 237, 416, 268
-0.993464, 161, 209, 288, 240
-0.993469, 401, 153, 416, 216
-0.99351, 85, 137, 100, 200
-0.993527, 321, 41, 336, 104
-0.993557, 101, 113, 116, 176
-0.993569, 437, 201, 452, 264
-0.993583, 97, 121, 224, 152
-0.993599, 145, 125, 272, 156
-0.993599, 33, 141, 160, 172
-0.993614, 425, 185, 440, 248
-0.993618, 431, 193, 446, 256
-0.993622, 17, 1, 144, 32
-0.993644, 49, 37, 176, 68
-0.993645, 97, 105, 224, 136
-0.993646, 305, 153, 432, 184
-0.993649, 273, 101, 400, 132
-0.993684, 1, 105, 128, 136
-0.993695, 321, 193, 448, 224
-0.993712, 65, 193, 192, 224
-0.993741, 85, 65, 100, 128
-0.993763, 225, 17, 352, 48
-0.993776, 375, 169, 390, 232
-0.993814, 257, 25, 500, 88
-0.993821, 1, 65, 500, 128
-0.993861, 109, 145, 124, 208
-0.993865, 1, 37, 128, 68
-0.993869, 233, 225, 248, 288
-0.993907, 145, 29, 272, 60
-0.993945, 241, 217, 368, 248
-0.993964, 383, 201, 398, 264
-0.99397, 135, 169, 150, 232
-0.994, 287, 209, 302, 272
-0.994014, 209, 241, 336, 272
-0.99402, 111, 97, 126, 160
-0.994029, 289, 89, 416, 120
-0.994035, 225, 193, 240, 256
-0.994036, 225, 141, 352, 172
-0.994036, 353, 213, 480, 244
-0.994063, 91, 209, 106, 272
-0.994078, 241, 233, 256, 296
-0.994117, 269, 209, 284, 272
-0.99413, 37, 185, 52, 248
-0.994165, 323, 17, 338, 80
-0.994171, 127, 129, 142, 192
-0.994204, 387, 129, 402, 192
-0.994208, 161, 241, 288, 272
-0.994215, 163, 129, 178, 192
-0.99423, 111, 49, 126, 112
-0.994239, 289, 249, 416, 280
-0.994248, 407, 137, 422, 200
-0.994261, 89, 161, 104, 224
-0.994292, 127, 81, 142, 144
-0.994294, 209, 113, 224, 176
-0.994311, 117, 113, 132, 176
-0.994313, 309, 129, 324, 192
-0.994323, 13, 121, 28, 184
-0.994331, 17, 197, 144, 228
-0.994336, 265, 185, 280, 248
-0.994337, 33, 9, 48, 72
-0.99435, 65, 25, 192, 56
-0.994369, 347, 193, 362, 256
-0.994377, 209, 109, 336, 140
-0.994384, 433, 105, 448, 168
-0.994391, 445, 193, 460, 256
-0.994392, 339, 193, 354, 256
-0.994396, 327, 129, 342, 192
-0.994398, 173, 193, 188, 256
-0.994412, 321, 129, 336, 192
-0.994418, 261, 233, 276, 296
-0.994472, 95, 185, 110, 248
-0.994483, 303, 121, 318, 184
-0.994523, 363, 113, 378, 176
-0.994524, 129, 49, 144, 112
-0.994533, 281, 137, 296, 200
-0.994534, 129, 17, 256, 48
-0.994541, 91, 1, 106, 64
-0.994547, 17, 185, 144, 216
-0.994557, 197, 129, 212, 192
-0.99456, 307, 153, 322, 216
-0.99456, 49, 73, 176, 104
-0.994601, 293, 225, 308, 288
-0.994606, 81, 241, 208, 272
-0.994641, 241, 189, 368, 220
-0.994642, 139, 17, 154, 80
-0.994657, 337, 133, 464, 164
-0.994684, 395, 137, 410, 200
-0.994686, 331, 193, 346, 256
-0.99474, 373, 105, 388, 168
-0.994744, 5, 9, 20, 72
-0.994745, 129, 257, 384, 320
-0.994749, 289, 161, 304, 224
-0.994754, 337, 105, 464, 136
-0.994779, 99, 9, 114, 72
-0.994784, 97, 209, 224, 240
-0.994785, 17, 61, 144, 92
-0.994799, 363, 193, 378, 256
-0.9948, 17, 161, 144, 192
-0.994801, 377, 193, 392, 256
-0.994817, 177, 17, 304, 48
-0.994831, 391, 193, 406, 256
-0.994834, 101, 177, 116, 240
-0.994839, 181, 121, 196, 184
-0.994862, 65, 1, 192, 32
-0.994868, 17, 13, 144, 44
-0.994875, 65, 13, 192, 44
-0.994884, 289, 141, 416, 172
-0.994886, 19, 81, 34, 144
-0.994924, 63, 145, 78, 208
-0.994932, 131, 1, 146, 64
-0.994949, 21, 33, 36, 96
-0.99496, 353, 229, 480, 260
-0.994962, 289, 213, 416, 244
-0.994967, 13, 9, 28, 72
-0.994971, 145, 1, 160, 64
-0.994978, 11, 185, 26, 248
-0.994978, 27, 105, 42, 168
-0.995014, 65, 181, 192, 212
-0.995023, 85, 33, 100, 96
-0.995033, 195, 217, 210, 280
-0.995034, 421, 105, 436, 168
-0.995051, 275, 209, 290, 272
-0.99508, 289, 33, 320, 288
-0.995086, 353, 181, 480, 212
-0.995129, 193, 161, 208, 224
-0.995134, 81, 229, 208, 260
-0.995139, 3, 225, 18, 288
-0.995148, 177, 145, 192, 208
-0.995149, 369, 277, 496, 308
-0.995151, 157, 129, 172, 192
-0.995152, 69, 153, 84, 216
-0.995165, 289, 173, 416, 204
-0.995178, 73, 25, 88, 88
-0.995185, 337, 81, 464, 112
-0.995187, 101, 49, 116, 112
-0.995187, 65, 89, 192, 120
-0.995195, 433, 73, 448, 136
-0.995202, 281, 233, 296, 296
-0.995217, 239, 185, 254, 248
-0.995217, 257, 153, 384, 184
-0.995221, 115, 169, 130, 232
-0.995221, 335, 129, 350, 192
-0.995223, 135, 41, 150, 104
-0.995239, 189, 201, 204, 264
-0.995241, 81, 253, 208, 284
-0.995247, 273, 117, 400, 148
-0.995261, 209, 225, 224, 288
-0.995276, 427, 105, 442, 168
-0.995276, 369, 161, 496, 192
-0.995282, 193, 29, 320, 60
-0.995287, 251, 185, 266, 248
-0.995288, 183, 97, 198, 160
-0.995315, 353, 65, 384, 320
-0.99532, 339, 225, 354, 288
-0.995328, 353, 193, 368, 256
-0.995331, 337, 301, 464, 332
-0.995342, 47, 105, 62, 168
-0.995348, 53, 137, 68, 200
-0.995375, 263, 209, 278, 272
-0.995385, 227, 217, 242, 280
-0.995412, 217, 33, 248, 288
-0.995415, 17, 225, 144, 256
-0.995429, 81, 1, 112, 256
-0.995435, 17, 93, 144, 124
-0.995438, 247, 225, 262, 288
-0.995442, 261, 33, 292, 288
-0.995443, 75, 161, 90, 224
-0.995447, 305, 33, 336, 288
-0.995456, 201, 33, 232, 288
-0.995475, 81, 161, 208, 192
-0.995482, 357, 113, 372, 176
-0.995503, 161, 81, 288, 112
-0.995542, 317, 17, 332, 80
-0.995542, 75, 81, 90, 144
-0.995546, 23, 1, 38, 64
-0.995558, 153, 1, 168, 64
-0.995561, 307, 1, 322, 64
-0.995576, 79, 57, 94, 120
-0.995584, 277, 33, 308, 288
-0.995584, 49, 121, 176, 152
-0.995599, 305, 45, 432, 76
-0.995611, 113, 85, 240, 116
-0.995615, 369, 197, 496, 228
-0.995618, 49, 209, 176, 240
-0.99563, 181, 33, 212, 288
-0.995658, 65, 53, 192, 84
-0.995691, 337, 69, 464, 100
-0.995709, 225, 5, 352, 36
-0.995755, 17, 173, 144, 204
-0.995756, 337, 93, 464, 124
-0.995783, 289, 77, 416, 108
-0.995801, 325, 33, 356, 288
-0.995802, 125, 1, 156, 256
-0.995838, 353, 145, 480, 176
-0.995843, 353, 45, 480, 76
-0.995917, 157, 33, 188, 288
-0.995923, 33, 241, 160, 272
-0.995928, 177, 149, 304, 180
-0.99593, 241, 29, 368, 60
-0.995939, 373, 33, 404, 288
-0.995998, 1, 281, 128, 312
-0.996036, 233, 33, 264, 288
-0.996086, 249, 65, 280, 320
-0.996087, 241, 89, 368, 120
-0.996094, 161, 101, 288, 132
-0.996106, 97, 37, 224, 68
-0.996131, 273, 65, 400, 96
-0.996143, 353, 241, 480, 272
-0.996146, 305, 29, 432, 60
-0.996215, 225, 41, 352, 72
-0.996224, 321, 289, 448, 320
-0.996248, 321, 269, 448, 300
-0.996264, 105, 1, 136, 256
-0.996276, 113, 5, 240, 36
-0.996283, 61, 65, 92, 320
-0.9963, 17, 253, 144, 284
-0.996311, 289, 1, 416, 32
-0.996312, 97, 73, 224, 104
-0.996343, 145, 253, 272, 284
-0.996444, 21, 1, 52, 256
-0.996457, 1, 293, 128, 324
-0.996473, 49, 65, 80, 320
-0.996495, 1, 129, 128, 160
-0.996498, 341, 65, 372, 320
-0.996536, 65, 265, 192, 296
-0.996571, 209, 73, 336, 104
-0.99663, 169, 33, 200, 288
-0.996633, 137, 1, 168, 256
-0.996677, 369, 265, 496, 296
-0.996681, 5, 65, 36, 320
-0.996681, 161, 181, 288, 212
-0.99671, 161, 5, 288, 36
-0.99674, 425, 33, 456, 288
-0.996772, 337, 121, 464, 152
-0.996804, 273, 201, 400, 232
-0.996838, 1, 73, 128, 104
-0.996872, 273, 17, 400, 48
-0.996898, 241, 253, 368, 284
-0.996908, 49, 109, 176, 140
-0.996948, 1, 213, 128, 244
-0.996982, 65, 277, 192, 308
-0.997035, 369, 5, 496, 36
-0.997079, 353, 253, 480, 284
-0.997091, 241, 177, 368, 208
-0.997099, 17, 25, 144, 56
-0.997103, 81, 289, 208, 320
-0.997139, 93, 1, 124, 256
-0.997159, 1, 117, 128, 148
-0.997191, 337, 57, 464, 88
-0.9972, 469, 1, 500, 256
-0.997207, 401, 33, 432, 288
-0.997233, 33, 65, 64, 320
-0.997283, 353, 33, 480, 64
-0.997383, 385, 1, 416, 256
-0.997408, 17, 265, 144, 296
-0.997444, 113, 185, 240, 216
-0.997462, 65, 301, 192, 332
-0.997541, 251, 229, 266, 260
-0.997557, 217, 189, 232, 220
-0.997573, 441, 33, 472, 288
-0.997574, 233, 229, 248, 260
-0.997582, 279, 197, 294, 228
-0.997607, 281, 217, 296, 248
-0.997615, 217, 217, 232, 248
-0.997622, 211, 229, 226, 260
-0.99763, 169, 129, 184, 160
-0.997632, 271, 229, 286, 260
-0.997649, 115, 121, 130, 152
-0.997652, 227, 229, 242, 260
-0.997659, 179, 121, 194, 152
-0.997662, 109, 141, 124, 172
-0.997669, 289, 229, 304, 260
-0.997672, 273, 185, 288, 216
-0.997673, 169, 201, 184, 232
-0.997677, 395, 137, 410, 168
-0.997681, 273, 217, 288, 248
-0.997682, 313, 121, 328, 152
-0.997688, 401, 149, 416, 180
-0.997693, 217, 229, 232, 260
-0.997695, 209, 117, 224, 148
-0.997699, 425, 189, 440, 220
-0.9977, 389, 129, 404, 160
-0.997703, 223, 217, 238, 248
-0.997703, 193, 113, 208, 144
-0.997707, 243, 217, 258, 248
-0.997708, 379, 137, 394, 168
-0.997709, 235, 217, 250, 248
-0.997711, 37, 189, 52, 220
-0.997711, 199, 229, 214, 260
-0.997712, 45, 37, 60, 68
-0.997712, 217, 117, 232, 148
-0.997714, 37, 1, 52, 32
-0.997716, 401, 161, 416, 192
-0.997717, 203, 245, 218, 276
-0.997722, 409, 137, 424, 168
-0.997723, 283, 229, 298, 260
-0.997723, 209, 209, 224, 240
-0.997723, 245, 229, 260, 260
-0.997724, 203, 117, 218, 148
-0.997724, 267, 217, 282, 248
-0.997725, 55, 37, 70, 68
-0.99773, 35, 37, 50, 68
-0.99773, 387, 157, 402, 188
-0.997731, 385, 169, 400, 200
-0.997732, 215, 201, 230, 232
-0.997732, 435, 205, 450, 236
-0.997735, 13, 133, 28, 164
-0.997736, 365, 129, 380, 160
-0.997736, 257, 229, 272, 260
-0.997736, 263, 229, 278, 260
-0.997737, 175, 205, 190, 236
-0.997737, 307, 121, 322, 152
-0.997738, 431, 189, 446, 220
-0.997738, 391, 177, 406, 208
-0.997739, 79, 177, 94, 208
-0.997739, 223, 189, 238, 220
-0.997742, 63, 37, 78, 68
-0.997742, 205, 229, 220, 260
-0.997744, 141, 133, 156, 164
-0.997745, 265, 113, 280, 144
-0.997745, 285, 109, 300, 140
-0.997747, 239, 229, 254, 260
-0.997749, 223, 241, 238, 272
-0.997751, 323, 57, 338, 88
-0.997751, 101, 185, 116, 216
-0.997752, 291, 109, 306, 140
-0.997752, 241, 241, 256, 272
-0.997755, 127, 85, 142, 116
-0.997756, 159, 133, 174, 164
-0.997756, 207, 197, 222, 228
-0.997758, 189, 205, 204, 236
-0.997758, 209, 137, 224, 168
-0.997758, 109, 121, 124, 152
-0.997759, 279, 185, 294, 216
-0.997761, 147, 133, 162, 164
-0.997765, 81, 33, 96, 64
-0.997767, 373, 189, 388, 220
-0.997768, 253, 217, 268, 248
-0.997768, 101, 45, 116, 76
-0.99777, 63, 149, 78, 180
-0.997772, 321, 37, 336, 68
-0.997774, 317, 17, 332, 48
-0.997776, 275, 137, 290, 168
-0.997777, 99, 1, 114, 32
-0.997778, 213, 17, 228, 48
-0.997778, 111, 53, 126, 84
-0.997778, 285, 121, 300, 152
-0.997779, 89, 217, 104, 248
-0.997779, 153, 149, 168, 180
-0.99778, 287, 217, 302, 248
-0.99778, 223, 117, 238, 148
-0.997782, 199, 133, 214, 164
-0.997783, 207, 105, 222, 136
-0.997783, 259, 189, 274, 220
-0.997784, 179, 133, 194, 164
-0.997785, 187, 121, 202, 152
-0.997785, 229, 217, 244, 248
-0.997786, 161, 193, 176, 224
-0.997786, 303, 133, 318, 164
-0.997787, 427, 201, 442, 232
-0.997787, 277, 229, 292, 260
-0.997789, 439, 189, 454, 220
-0.997791, 211, 29, 226, 60
-0.997792, 47, 201, 62, 232
-0.997794, 247, 113, 262, 144
-0.997794, 217, 29, 232, 60
-0.997794, 185, 109, 200, 140
-0.997794, 223, 17, 238, 48
-0.997795, 265, 189, 280, 220
-0.997797, 297, 117, 312, 148
-0.997797, 195, 209, 210, 240
-0.997799, 101, 77, 116, 108
-0.997799, 165, 213, 180, 244
-0.997799, 125, 133, 140, 164
-0.997803, 271, 197, 286, 228
-0.997803, 95, 141, 110, 172
-0.997804, 261, 217, 276, 248
-0.997804, 307, 157, 322, 188
-0.997806, 253, 113, 268, 144
-0.997807, 393, 161, 408, 192
-0.997808, 39, 201, 54, 232
-0.997809, 413, 1, 444, 256
-0.997811, 31, 1, 46, 32
-0.997811, 217, 105, 232, 136
-0.997811, 407, 149, 422, 180
-0.997812, 31, 49, 46, 80
-0.997813, 237, 17, 252, 48
-0.997813, 205, 29, 220, 60
-0.997814, 363, 113, 378, 144
-0.998093, 457, 1, 488, 256
-0.998136, 113, 273, 240, 333
-0.998307, 99, 1, 114, 128
-0.998334, 397, 129, 412, 256
-0.998385, 93, 1, 108, 128
-0.99839, 169, 113, 184, 240
-0.998404, 119, 1, 134, 128
-0.998419, 271, 193, 286, 320
-0.998435, 387, 129, 402, 256
-0.998439, 257, 121, 320, 136
-0.99844, 177, 123, 240, 138
-0.998443, 127, 65, 142, 192
-0.998444, 129, 153, 192, 168
-0.998444, 211, 129, 226, 256
-0.998455, 217, 189, 280, 204
-0.99846, 361, 165, 424, 180
-0.998464, 281, 151, 344, 166
-0.998467, 73, 139, 136, 154
-0.998467, 161, 129, 224, 144
-0.998467, 217, 125, 280, 140
-0.998472, 161, 209, 224, 224
-0.998472, 297, 227, 360, 242
-0.998473, 353, 131, 416, 146
-0.998474, 273, 127, 336, 142
-0.998474, 385, 137, 448, 152
-0.998475, 425, 219, 488, 234
-0.998477, 329, 147, 392, 162
-0.998479, 385, 283, 448, 298
-0.998482, 1, 147, 64, 162
-0.998487, 321, 165, 384, 180
-0.998487, 193, 131, 256, 146
-0.998488, 201, 203, 264, 218
-0.998489, 177, 231, 240, 246
-0.99849, 241, 127, 304, 142
-0.998491, 89, 167, 152, 182
-0.998496, 257, 201, 320, 216
-0.998496, 65, 1, 128, 16
-0.998497, 169, 135, 232, 150
-0.998498, 153, 151, 216, 166
-0.998498, 249, 33, 312, 48
-0.998498, 305, 149, 368, 164
-0.998499, 273, 33, 336, 48
-0.9985, 361, 137, 424, 152
-0.9985, 89, 145, 152, 160
-0.9985, 161, 145, 224, 160
-0.998501, 65, 161, 128, 176
-0.998502, 377, 199, 440, 214
-0.998503, 25, 47, 88, 62
-0.998504, 49, 203, 112, 218
-0.998504, 241, 207, 304, 222
-0.998505, 297, 157, 360, 172
-0.998506, 249, 229, 312, 244
-0.998507, 33, 143, 96, 158
-0.998508, 129, 133, 192, 148
-0.998509, 49, 39, 112, 54
-0.998509, 33, 7, 96, 22
-0.998509, 105, 173, 168, 188
-0.998509, 193, 209, 256, 224
-0.99851, 417, 141, 480, 156
-0.998511, 305, 131, 368, 146
-0.998512, 377, 221, 440, 236
-0.998512, 281, 211, 344, 226
-0.998514, 89, 153, 152, 168
-0.998514, 273, 145, 336, 160
-0.998514, 113, 129, 128, 256
-0.998517, 281, 221, 344, 236
-0.998517, 57, 151, 120, 166
-0.998518, 193, 149, 256, 164
-0.998518, 385, 143, 448, 158
-0.998518, 89, 161, 152, 176
-0.998519, 153, 33, 216, 48
-0.998521, 233, 139, 296, 154
-0.998521, 101, 49, 116, 176
-0.998522, 337, 227, 400, 242
-0.998522, 9, 105, 72, 120
-0.998522, 153, 163, 216, 178
-0.998524, 353, 103, 416, 118
-0.998525, 241, 195, 304, 210
-0.998525, 289, 129, 304, 256
-0.998525, 169, 197, 232, 212
-0.998525, 217, 113, 280, 128
-0.998526, 49, 227, 112, 242
-0.998527, 277, 129, 292, 256
-0.998528, 385, 189, 448, 204
-0.998528, 369, 157, 432, 172
-0.99853, 153, 157, 216, 172
-0.998531, 281, 195, 344, 210
-0.998531, 121, 29, 184, 44
-0.998532, 9, 139, 72, 154
-0.998532, 193, 139, 256, 154
-0.998532, 25, 201, 88, 216
-0.998532, 65, 47, 128, 62
-0.998533, 345, 155, 408, 170
-0.998535, 361, 171, 424, 186
-0.998536, 225, 33, 288, 48
-0.998536, 81, 233, 144, 248
-0.998536, 81, 265, 144, 280
-0.998536, 81, 133, 144, 148
-0.998537, 217, 231, 280, 246
-0.998537, 65, 167, 128, 182
-0.998537, 129, 159, 192, 174
-0.998538, 89, 35, 152, 50
-0.998538, 177, 245, 240, 260
-0.998538, 305, 317, 368, 332
-0.998538, 281, 205, 344, 220
-0.998542, 185, 81, 248, 96
-0.998543, 321, 171, 384, 186
-0.998544, 249, 113, 312, 128
-0.998544, 33, 187, 96, 202
-0.998544, 417, 195, 480, 210
-0.998544, 241, 189, 304, 204
-0.998544, 1, 5, 64, 20
-0.998544, 281, 121, 344, 136
-0.998545, 49, 135, 112, 150
-0.998545, 81, 17, 144, 32
-0.998545, 169, 203, 232, 218
-0.998545, 193, 33, 256, 48
-0.998546, 25, 39, 88, 54
-0.998546, 65, 181, 128, 196
-0.998547, 41, 77, 104, 92
-0.998547, 353, 111, 416, 126
-0.998547, 81, 259, 144, 274
-0.998548, 265, 135, 328, 150
-0.998548, 121, 9, 184, 24
-0.998549, 57, 93, 120, 108
-0.998549, 329, 141, 392, 156
-0.998549, 409, 147, 472, 162
-0.998551, 233, 201, 296, 216
-0.998551, 65, 173, 128, 188
-0.998551, 49, 233, 112, 248
-0.998551, 49, 109, 112, 124
-0.998552, 329, 131, 392, 146
-0.998552, 353, 147, 416, 162
-0.998552, 89, 73, 152, 88
-0.998552, 273, 39, 336, 54
-0.998553, 57, 189, 120, 204
-0.998554, 81, 101, 144, 116
-0.998554, 321, 157, 384, 172
-0.998555, 33, 195, 96, 210
-0.998555, 289, 93, 352, 108
-0.998555, 41, 161, 104, 176
-0.998555, 1, 57, 64, 72
-0.998555, 25, 217, 88, 232
-0.998555, 409, 283, 472, 298
-0.998556, 385, 101, 448, 116
-0.998566, 341, 145, 356, 272
-0.998569, 393, 81, 408, 208
-0.998577, 109, 33, 124, 160
-0.998584, 329, 145, 344, 272
-0.998587, 217, 129, 232, 256
-0.998593, 53, 81, 68, 208
-0.998597, 63, 97, 78, 224
-0.99861, 261, 129, 276, 256
-0.998612, 19, 33, 34, 160
-0.998617, 305, 81, 320, 208
-0.998621, 87, 1, 102, 128
-0.998623, 147, 1, 162, 128
-0.998625, 279, 193, 294, 320
-0.998632, 363, 161, 378, 288
-0.998633, 81, 1, 96, 128
-0.998637, 455, 145, 470, 272
-0.998639, 321, 113, 336, 240
-0.998643, 285, 193, 300, 320
-0.998647, 99, 97, 114, 224
-0.998668, 73, 145, 88, 272
-0.998677, 119, 81, 134, 208
-0.99868, 223, 129, 238, 256
-0.998682, 295, 145, 310, 272
-0.998683, 77, 223, 108, 238
-0.998684, 31, 1, 46, 128
-0.998684, 121, 133, 152, 148
-0.998686, 215, 177, 230, 304
-0.998689, 243, 129, 258, 256
-0.99869, 403, 129, 418, 256
-0.998691, 93, 51, 124, 66
-0.998698, 189, 133, 220, 148
-0.998698, 377, 161, 392, 288
-0.998701, 81, 55, 112, 70
-0.998701, 205, 145, 236, 160
-0.998706, 117, 89, 148, 104
-0.998709, 261, 113, 292, 128
-0.998709, 213, 131, 244, 146
-0.998717, 139, 1, 154, 128
-0.998721, 457, 155, 488, 170
-0.998722, 107, 145, 122, 272
-0.998723, 361, 171, 392, 186
-0.998725, 409, 219, 440, 234
-0.998725, 233, 193, 248, 320
-0.998726, 311, 81, 326, 208
-0.998726, 421, 221, 452, 236
-0.998729, 45, 39, 76, 54
-0.99873, 47, 97, 62, 224
-0.99873, 335, 145, 350, 272
-0.998732, 25, 189, 56, 204
-0.998734, 169, 33, 200, 48
-0.998739, 81, 49, 112, 64
-0.998741, 175, 145, 190, 272
-0.998743, 377, 143, 408, 158
-0.998743, 59, 145, 74, 272
-0.998744, 233, 189, 264, 204
-0.998744, 309, 145, 340, 160
-0.998744, 447, 177, 462, 304
-0.998745, 229, 231, 260, 246
-0.998747, 221, 211, 252, 226
-0.998747, 289, 135, 320, 150
-0.998748, 111, 81, 126, 208
-0.998751, 51, 145, 66, 272
-0.998755, 265, 139, 296, 154
-0.998756, 295, 81, 310, 208
-0.998757, 413, 201, 444, 216
-0.998758, 85, 177, 116, 192
-0.998759, 349, 145, 380, 160
-0.99876, 253, 129, 268, 256
-0.998761, 469, 223, 500, 238
-0.998763, 121, 129, 136, 256
-0.998763, 105, 151, 136, 166
-0.998766, 261, 193, 276, 320
-0.998767, 321, 65, 336, 192
-0.998778, 379, 81, 394, 208
-0.998779, 101, 167, 132, 182
-0.998779, 157, 145, 188, 160
-0.998786, 369, 129, 384, 256
-0.998786, 321, 1, 336, 128
-0.99879, 273, 113, 304, 128
-0.998796, 235, 129, 250, 256
-0.998801, 351, 97, 366, 224
-0.998803, 271, 129, 286, 256
-0.998805, 157, 33, 188, 48
-0.998805, 397, 161, 428, 176
-0.998809, 95, 49, 110, 176
-0.998812, 369, 177, 384, 304
-0.998813, 305, 157, 336, 172
-0.998813, 245, 81, 260, 208
-0.998813, 23, 193, 38, 320
-0.998816, 251, 81, 266, 208
-0.998819, 167, 193, 182, 320
-0.99882, 99, 177, 114, 304
-0.998821, 37, 139, 68, 154
-0.998822, 21, 141, 52, 156
-0.998822, 389, 149, 420, 164
-0.998823, 199, 145, 214, 272
-0.998824, 133, 81, 148, 208
-0.998832, 409, 97, 424, 224
-0.998833, 353, 177, 368, 304
-0.998833, 225, 125, 256, 140
-0.998835, 409, 137, 440, 152
-0.998838, 393, 283, 424, 298
-0.998838, 265, 187, 296, 202
-0.998841, 205, 207, 236, 222
-0.998844, 69, 203, 100, 218
-0.998845, 285, 193, 316, 208
-0.998846, 217, 195, 248, 210
-0.998847, 69, 185, 100, 200
-0.998852, 285, 81, 300, 208
-0.998853, 127, 129, 142, 256
-0.998854, 193, 215, 224, 230
-0.998855, 271, 81, 286, 208
-0.998858, 75, 97, 90, 224
-0.99886, 13, 105, 44, 120
-0.99886, 329, 65, 344, 192
-0.998861, 261, 81, 276, 208
-0.998862, 105, 133, 136, 148
-0.998862, 89, 81, 120, 96
-0.998864, 37, 193, 52, 320
-0.998866, 403, 81, 418, 208
-0.998866, 177, 241, 208, 256
-0.998871, 105, 111, 136, 126
-0.998872, 45, 193, 60, 320
-0.998873, 305, 145, 320, 272
-0.998877, 329, 155, 360, 170
-0.998877, 253, 33, 284, 48
-0.998879, 337, 97, 352, 224
-0.998884, 251, 193, 266, 320
-0.998884, 207, 193, 222, 320
-0.998886, 165, 213, 196, 228
-0.998887, 147, 81, 162, 208
-0.998888, 25, 195, 56, 210
-0.998889, 87, 49, 102, 176
-0.998891, 165, 207, 196, 222
-0.998892, 101, 67, 132, 82
-0.998893, 293, 33, 324, 48
-0.998894, 133, 1, 148, 128
-0.998898, 235, 81, 250, 208
-0.998901, 245, 125, 276, 140
-0.998901, 421, 309, 452, 324
-0.998901, 185, 161, 200, 288
-0.998904, 349, 115, 380, 130
-0.998911, 205, 129, 220, 256
-0.998912, 425, 199, 456, 214
-0.998912, 105, 97, 120, 224
-0.998913, 157, 153, 188, 168
-0.998914, 37, 201, 68, 216
-0.998918, 29, 193, 44, 320
-0.99892, 153, 1, 168, 128
-0.998921, 221, 193, 236, 320
-0.998922, 125, 1, 140, 128
-0.998926, 209, 245, 240, 260
-0.998927, 87, 129, 102, 256
-0.99893, 229, 81, 244, 208
-0.99893, 69, 97, 84, 224
-0.998934, 157, 129, 172, 256
-0.998938, 279, 81, 294, 208
-0.998939, 51, 193, 66, 320
-0.99894, 201, 193, 216, 320
-0.998946, 81, 161, 96, 288
-0.99895, 215, 81, 230, 208
-0.99895, 387, 81, 402, 208
-0.998954, 41, 97, 56, 224
-0.998956, 83, 209, 98, 333
-0.998957, 273, 121, 304, 136
-0.998957, 93, 209, 108, 333
-0.998958, 183, 209, 198, 333
-0.99896, 453, 225, 484, 240
-0.998962, 361, 49, 376, 176
-0.998962, 343, 97, 358, 224
-0.998962, 311, 145, 326, 272
-0.998962, 193, 145, 208, 272
-0.998965, 295, 209, 310, 333
-0.998969, 97, 313, 128, 328
-0.99897, 37, 1, 52, 128
-0.998972, 433, 49, 448, 176
-0.998974, 189, 231, 220, 246
-0.998978, 329, 165, 360, 180
-0.998979, 283, 129, 298, 256
-0.99898, 85, 157, 116, 172
-0.998986, 339, 193, 354, 320
-0.998989, 347, 145, 362, 272
-0.998991, 161, 159, 192, 174
-0.999003, 289, 237, 320, 252
-0.999007, 93, 97, 108, 224
-0.999007, 409, 145, 424, 272
-0.999017, 229, 129, 244, 256
-0.999018, 197, 123, 228, 138
-0.999019, 3, 1, 18, 128
-0.99902, 303, 209, 318, 333
-0.999021, 435, 177, 450, 304
-0.999023, 237, 205, 268, 220
-0.999027, 221, 81, 236, 208
-0.999031, 65, 145, 80, 272
-0.999032, 101, 9, 132, 24
-0.999033, 453, 219, 484, 234
-0.99905, 213, 201, 244, 216
-0.999061, 77, 41, 108, 56
-0.999062, 433, 219, 464, 234
-0.999074, 265, 33, 296, 48
-0.999075, 277, 33, 308, 48
-0.999099, 365, 131, 396, 146
-0.99911, 225, 243, 256, 258
-0.999118, 265, 129, 296, 144
-0.999142, 249, 189, 280, 204
-0.999148, 385, 157, 416, 172
-0.999151, 425, 141, 456, 156
-0.999175, 209, 121, 240, 136
-0.999199, 309, 151, 340, 166
-0.999199, 9, 143, 40, 158
-0.999202, 193, 199, 224, 214
-0.999205, 325, 315, 356, 330
-0.999216, 177, 213, 208, 228
-0.999229, 265, 199, 296, 214
-0.999241, 373, 171, 404, 186
-0.999243, 97, 57, 128, 72
-0.99925, 377, 149, 408, 164
-0.999253, 209, 139, 240, 154
-0.999259, 89, 185, 120, 200
-0.999269, 193, 209, 224, 224
-0.999281, 245, 243, 276, 258
-0.999283, 425, 191, 456, 206
-0.999284, 373, 157, 404, 172
-0.999287, 437, 139, 468, 154
-0.99931, 257, 121, 288, 136
-0.999321, 261, 243, 292, 258
-0.999334, 85, 145, 116, 160
-0.999381, 325, 149, 356, 164
-0.999396, 377, 137, 408, 152
-0.999402, 201, 129, 232, 144
-0.999414, 277, 229, 308, 244
-0.999422, 301, 127, 332, 142
-0.999447, 285, 129, 316, 144
-0.999482, 165, 129, 196, 144
-0.999485, 225, 273, 352, 333
-0.999493, 85, 151, 116, 166
-0.999512, 177, 133, 208, 148
-0.999573, 377, 177, 408, 192
-0.999574, 377, 165, 408, 180
-0.999585, 365, 139, 396, 154
-0.99961, 377, 129, 408, 144
-0.999617, 289, 123, 320, 138
-0.999708, 85, 135, 116, 150
-0.999752, 137, 149, 168, 164
-0.999762, 269, 193, 300, 208
-0.999766, 319, 17, 334, 32
-0.999766, 281, 201, 296, 216
-0.999766, 195, 229, 210, 244
-0.999766, 241, 205, 256, 220
-0.999766, 225, 195, 240, 210
-0.999766, 259, 205, 274, 220
-0.999766, 103, 145, 118, 160
-0.999766, 385, 171, 400, 186
-0.999766, 99, 115, 114, 130
-0.999766, 35, 1, 50, 16
-0.999766, 269, 195, 284, 210
-0.999766, 175, 205, 190, 220
-0.999766, 203, 245, 218, 260
-0.999766, 25, 199, 40, 214
-0.999766, 233, 189, 248, 204
-0.999766, 399, 157, 414, 172
-0.999766, 433, 143, 448, 158
-0.999766, 263, 189, 278, 204
-0.999767, 193, 129, 208, 144
-0.999767, 279, 121, 294, 136
-0.999767, 51, 153, 66, 168
-0.999767, 305, 237, 320, 252
-0.999767, 311, 155, 326, 170
-0.999767, 263, 33, 278, 48
-0.999767, 281, 243, 296, 258
-0.999767, 101, 79, 116, 94
-0.999767, 333, 315, 348, 330
-0.999767, 83, 49, 98, 64
-0.999767, 371, 147, 386, 162
-0.999767, 273, 121, 288, 136
-0.999767, 323, 57, 338, 72
-0.999767, 199, 209, 214, 224
-0.999767, 169, 33, 184, 48
-0.999767, 433, 219, 448, 234
-0.999767, 159, 257, 174, 272
-0.999767, 25, 193, 40, 208
-0.999768, 433, 191, 448, 206
-0.999768, 127, 87, 142, 102
-0.999768, 109, 313, 124, 328
-0.999768, 289, 33, 304, 48
-0.999768, 401, 165, 416, 180
-0.999768, 107, 53, 122, 68
-0.999768, 391, 177, 406, 192
-0.999768, 209, 139, 224, 154
-0.999768, 269, 33, 284, 48
-0.999768, 371, 141, 386, 156
-0.999768, 379, 155, 394, 170
-0.999768, 143, 149, 158, 164
-0.999769, 31, 193, 46, 208
-0.999769, 101, 187, 116, 202
-0.999769, 95, 145, 110, 160
-0.999769, 353, 115, 368, 130
-0.999769, 477, 217, 492, 232
-0.999769, 395, 133, 410, 148
-0.999769, 179, 159, 194, 174
-0.999769, 149, 149, 164, 164
-0.99977, 83, 185, 98, 200
-0.99977, 423, 219, 438, 234
-0.99977, 289, 229, 304, 244
-0.99977, 267, 121, 282, 136
-0.99977, 215, 129, 230, 144
-0.99977, 275, 33, 290, 48
-0.99977, 89, 151, 104, 166
-0.99977, 91, 227, 106, 242
-0.99977, 281, 33, 296, 48
-0.99977, 337, 147, 352, 162
-0.99977, 37, 195, 52, 210
-0.99977, 225, 189, 240, 204
-0.999771, 377, 131, 392, 146
-0.999771, 205, 129, 220, 144
-0.999771, 95, 161, 110, 176
-0.999771, 385, 157, 400, 172
-0.999771, 389, 149, 404, 164
-0.999771, 31, 145, 46, 160
-0.999771, 193, 123, 208, 138
-0.999772, 327, 151, 342, 166
-0.999772, 403, 149, 418, 164
-0.999772, 445, 221, 460, 236
-0.999772, 221, 121, 236, 136
-0.999772, 439, 139, 454, 154
-0.999772, 215, 197, 230, 212
-0.999772, 89, 143, 104, 158
-0.999772, 457, 157, 472, 172
-0.999772, 269, 187, 284, 202
-0.999772, 95, 135, 110, 150
-0.999773, 111, 135, 126, 150
-0.999773, 387, 141, 402, 156
-0.999773, 57, 151, 72, 166
-0.999773, 179, 211, 194, 226
-0.999774, 261, 121, 276, 136
-0.999774, 281, 129, 296, 144
-0.999774, 13, 145, 28, 160
-0.999774, 207, 197, 222, 212
-0.999774, 203, 123, 218, 138
-0.999775, 427, 199, 442, 214
-0.999775, 379, 137, 394, 152
-0.999775, 193, 207, 208, 222
-0.999775, 89, 161, 104, 176
-0.999775, 369, 131, 384, 146
-0.999776, 379, 149, 394, 164
-0.999776, 289, 121, 304, 136
-0.999776, 299, 127, 314, 142
-0.999776, 91, 41, 106, 56
-0.999776, 389, 131, 404, 146
-0.999776, 181, 131, 196, 146
-0.999776, 293, 127, 308, 142
-0.999776, 427, 143, 442, 158
-0.999777, 171, 129, 186, 144
-0.999777, 187, 207, 202, 222
-0.999778, 89, 135, 104, 150
-0.999778, 109, 1, 124, 16
-0.999778, 37, 187, 52, 202
-0.999778, 79, 179, 94, 194
-0.999779, 313, 127, 328, 142
-0.99978, 177, 125, 192, 140
-0.99978, 215, 203, 230, 218
-0.99978, 299, 121, 314, 136
-0.99978, 219, 191, 234, 206
-0.99978, 283, 193, 298, 208
-0.999781, 115, 141, 130, 156
-0.999781, 425, 193, 440, 208
-0.999781, 425, 185, 440, 200
-0.999781, 101, 139, 116, 154
-0.999782, 365, 139, 380, 154
-0.999782, 305, 123, 320, 138
-0.999783, 393, 161, 408, 176
-0.999783, 205, 209, 220, 224
-0.999783, 185, 123, 200, 138
-0.999785, 275, 191, 290, 206
-0.999785, 109, 145, 124, 160
-0.999886, 101, 141, 132, 156
-0.999946, 181, 123, 212, 138
-1.00011, 181, 207, 212, 222
-1.00227, 161, 273, 288, 333
