1809
-0.513319, 1, 1, 500, 281
-0.545354, 1, 33, 500, 281
-0.567866, 33, 1, 288, 281
-0.583499, 257, 1, 500, 281
-0.597928, 161, 1, 416, 281
-0.789007, 1, 33, 256, 281
-0.800424, 161, 33, 416, 281
-0.827752, 257, 33, 500, 281
-0.903702, 161, 1, 288, 281
-0.906341, 369, 1, 496, 281
-0.907798, 305, 33, 432, 281
-0.908323, 113, 1, 240, 281
-0.910322, 1, 81, 500, 208
-0.910792, 193, 33, 320, 281
-0.912009, 353, 33, 480, 281
-0.913016, 273, 1, 400, 281
-0.913916, 17, 33, 144, 281
-0.920195, 209, 1, 336, 281
-0.920941, 321, 1, 448, 281
-0.921366, 49, 1, 176, 281
-0.924615, 1, 1, 128, 281
-0.926259, 145, 33, 272, 281
-0.931235, 81, 33, 208, 281
-0.931742, 1, 129, 500, 256
-0.931805, 241, 33, 368, 281
-0.933189, 193, 81, 448, 208
-0.937473, 65, 65, 320, 192
-0.942451, 1, 33, 500, 160
-0.945657, 161, 129, 416, 256
-0.949711, 177, 81, 304, 208
-0.951249, 233, 81, 296, 208
-0.951299, 241, 81, 368, 208
-0.951622, 257, 33, 500, 160
-0.95176, 65, 129, 320, 256
-0.955502, 265, 81, 328, 208
-0.95627, 193, 65, 256, 192
-0.957205, 353, 81, 416, 208
-0.958594, 305, 81, 432, 208
-0.959362, 257, 145, 500, 272
-0.960101, 353, 81, 480, 208
-0.962225, 177, 129, 304, 256
-0.962981, 129, 65, 256, 192
-0.963729, 1, 81, 128, 208
-0.964577, 49, 81, 176, 208
-0.964822, 225, 97, 288, 160
-0.965036, 1, 17, 256, 144
-0.96582, 161, 33, 416, 160
-0.966192, 201, 113, 264, 240
-0.96775, 297, 81, 360, 208
-0.968095, 225, 129, 352, 256
-0.968377, 145, 65, 208, 192
-0.968647, 57, 81, 120, 208
-0.968732, 249, 89, 312, 152
-0.96898, 201, 81, 264, 144
-0.968996, 113, 129, 240, 256
-0.969039, 185, 113, 248, 176
-0.970553, 385, 97, 448, 224
-0.970802, 25, 81, 88, 208
-0.971007, 369, 33, 496, 160
-0.9714, 1, 81, 64, 208
-0.971541, 169, 65, 232, 192
-0.971874, 161, 129, 224, 256
-0.971911, 321, 65, 384, 192
-0.97196, 273, 33, 400, 160
-0.97214, 225, 129, 288, 256
-0.973319, 89, 81, 152, 208
-0.97406, 273, 97, 336, 160
-0.974175, 273, 129, 400, 256
-0.974252, 369, 145, 496, 272
-0.974731, 425, 65, 488, 192
-0.974746, 225, 33, 352, 160
-0.974782, 361, 81, 424, 144
-0.975192, 177, 113, 304, 176
-0.975297, 321, 33, 448, 160
-0.975386, 1, 33, 128, 160
-0.975956, 321, 145, 448, 272
-0.976421, 369, 145, 432, 272
-0.97648, 121, 65, 184, 192
-0.977183, 9, 81, 72, 144
-0.977219, 257, 129, 320, 256
-0.977672, 281, 33, 344, 160
-0.97812, 393, 49, 456, 176
-0.978181, 249, 113, 312, 176
-0.978328, 145, 113, 208, 176
-0.978347, 65, 89, 128, 152
-0.978594, 49, 33, 176, 160
-0.978614, 105, 73, 168, 136
-0.978831, 241, 97, 368, 160
-0.978846, 209, 121, 272, 184
-0.979029, 177, 33, 304, 160
-0.979091, 225, 73, 288, 136
-0.979169, 33, 81, 96, 144
-0.979372, 161, 81, 288, 144
-0.979677, 161, 73, 224, 136
-0.980095, 129, 73, 192, 136
-0.980136, 321, 89, 384, 152
-0.980648, 233, 81, 264, 144
-0.981243, 401, 161, 464, 281
-0.98152, 229, 65, 260, 192
-0.981555, 241, 33, 304, 160
-0.982053, 297, 97, 360, 160
-0.982091, 9, 33, 72, 160
-0.982255, 249, 81, 280, 208
-0.982348, 345, 129, 408, 256
-0.982463, 321, 89, 448, 152
-0.982539, 193, 161, 256, 281
-0.982627, 385, 145, 448, 208
-0.98273, 57, 33, 120, 160
-0.982785, 269, 81, 300, 208
-0.982875, 241, 33, 304, 281
-0.982979, 369, 33, 432, 160
-0.98324, 245, 97, 276, 160
-0.983917, 161, 137, 224, 200
-0.984141, 385, 81, 416, 208
-0.98417, 209, 65, 240, 192
-0.984171, 361, 153, 424, 216
-0.984263, 409, 113, 472, 240
-0.984328, 65, 129, 192, 256
-0.984395, 185, 33, 248, 281
-0.984425, 97, 17, 224, 144
-0.984493, 97, 73, 224, 136
-0.984499, 281, 129, 344, 256
-0.984501, 393, 121, 456, 184
-0.984533, 353, 33, 416, 281
-0.984661, 33, 33, 96, 160
-0.984705, 185, 145, 248, 208
-0.985002, 261, 89, 292, 152
-0.985255, 217, 33, 280, 160
-0.985268, 97, 33, 160, 160
-0.985417, 433, 17, 496, 144
-0.985535, 225, 121, 352, 184
-0.985569, 293, 81, 324, 208
-0.985607, 281, 81, 312, 208
-0.985659, 401, 169, 464, 232
-0.985727, 385, 33, 448, 281
-0.985839, 225, 129, 256, 256
-0.985842, 1, 89, 128, 152
-0.985944, 353, 121, 416, 184
-0.985966, 273, 121, 336, 184
-0.986057, 197, 113, 228, 176
-0.986227, 345, 33, 408, 160
-0.986289, 129, 129, 192, 256
-0.986572, 397, 97, 428, 224
-0.986633, 305, 81, 336, 208
-0.986771, 189, 113, 220, 240
-0.986838, 433, 113, 496, 240
-0.986892, 197, 65, 228, 192
-0.986916, 373, 81, 404, 144
-0.986977, 249, 65, 312, 128
-0.987012, 49, 81, 176, 144
-0.987068, 373, 81, 404, 208
-0.987163, 181, 65, 212, 192
-0.987227, 213, 73, 244, 136
-0.987352, 61, 81, 92, 208
-0.987606, 281, 89, 312, 152
-0.987692, 161, 33, 224, 281
-0.987705, 121, 105, 184, 168
-0.987725, 113, 129, 240, 192
-0.987756, 305, 33, 368, 281
-0.987797, 321, 113, 384, 240
-0.987813, 17, 33, 80, 281
-0.987825, 129, 105, 256, 168
-0.987909, 425, 153, 488, 216
-0.987911, 161, 137, 288, 200
-0.987981, 89, 97, 152, 160
-0.988017, 81, 33, 144, 281
-0.988057, 237, 113, 268, 240
-0.98816, 5, 65, 36, 192
-0.988408, 201, 113, 232, 240
-0.988489, 89, 81, 120, 208
-0.988499, 45, 81, 76, 208
-0.988602, 65, 65, 128, 128
-0.988606, 269, 113, 300, 176
-0.988629, 209, 33, 272, 281
-0.98872, 169, 65, 200, 192
-0.988734, 41, 33, 104, 281
-0.988756, 433, 33, 496, 281
-0.988759, 321, 65, 384, 128
-0.98878, 149, 65, 180, 192
-0.988823, 425, 161, 488, 281
-0.988863, 377, 177, 440, 240
-0.988876, 301, 97, 332, 160
-0.988878, 281, 73, 344, 136
-0.988929, 201, 1, 264, 281
-0.98897, 209, 113, 240, 176
-0.988972, 281, 33, 344, 281
-0.989148, 417, 81, 480, 144
-0.98915, 25, 81, 56, 208
-0.989189, 393, 65, 456, 128
-0.989201, 393, 97, 456, 160
-0.989234, 73, 81, 104, 208
-0.989261, 249, 137, 312, 200
-0.98932, 329, 81, 360, 208
-0.98934, 201, 169, 264, 232
-0.989373, 329, 33, 392, 281
-0.989405, 317, 81, 348, 208
-0.989428, 209, 73, 336, 136
-0.989448, 221, 113, 252, 176
-0.989453, 233, 185, 296, 248
-0.989458, 37, 81, 68, 144
-0.989489, 137, 33, 200, 281
-0.989605, 161, 73, 192, 136
-0.989648, 409, 33, 472, 281
-0.98967, 405, 121, 436, 184
-0.989776, 353, 161, 480, 224
-0.989799, 81, 105, 208, 168
-0.989817, 1, 129, 128, 256
-0.989906, 409, 81, 440, 208
-0.98994, 213, 113, 244, 240
-0.989991, 325, 89, 356, 152
-0.990048, 177, 129, 208, 256
-0.990073, 253, 129, 284, 256
-0.990083, 89, 89, 120, 152
-0.990143, 361, 81, 392, 208
-0.990246, 353, 209, 416, 272
-0.990247, 141, 73, 172, 136
-0.990276, 129, 65, 160, 192
-0.990307, 53, 89, 84, 152
-0.99031, 101, 81, 132, 208
-0.990372, 305, 17, 368, 144
-0.990394, 201, 57, 264, 120
-0.990413, 153, 17, 216, 144
-0.990442, 257, 73, 384, 136
-0.990447, 425, 1, 488, 281
-0.990481, 217, 105, 280, 136
-0.990481, 469, 49, 500, 176
-0.990485, 257, 113, 288, 176
-0.990489, 181, 73, 212, 136
-0.990501, 181, 129, 212, 192
-0.990521, 129, 17, 192, 144
-0.990547, 117, 65, 148, 192
-0.990607, 265, 201, 328, 264
-0.99061, 313, 89, 344, 152
-0.990617, 233, 113, 264, 176
-0.990745, 349, 81, 380, 208
-0.990777, 393, 1, 456, 281
-0.990779, 185, 17, 248, 144
-0.990794, 153, 1, 216, 281
-0.990805, 329, 209, 392, 272
-0.990849, 329, 185, 392, 248
-0.990867, 421, 65, 452, 192
-0.99089, 225, 1, 288, 281
-0.990902, 209, 145, 272, 208
-0.990908, 305, 161, 368, 281
-0.990912, 1, 57, 64, 120
-0.990973, 313, 33, 344, 160
-0.99099, 185, 117, 248, 148
-0.991042, 389, 145, 420, 272
-0.991046, 177, 1, 240, 281
-0.991085, 353, 1, 416, 281
-0.991205, 113, 73, 144, 136
-0.991246, 305, 169, 432, 232
-0.991318, 377, 145, 408, 272
-0.99133, 385, 81, 416, 144
-0.991334, 273, 121, 400, 184
-0.991336, 217, 117, 280, 148
-0.991339, 161, 193, 288, 256
-0.991365, 453, 65, 484, 192
-0.991424, 241, 97, 304, 128
-0.991427, 193, 105, 256, 136
-0.991441, 185, 129, 248, 160
-0.991456, 153, 109, 216, 140
-0.991464, 281, 113, 312, 176
-0.99149, 105, 33, 168, 281
-0.991511, 369, 73, 496, 136
-0.99153, 41, 105, 104, 168
-0.991539, 1, 105, 64, 168
-0.991557, 353, 93, 416, 124
-0.991605, 417, 201, 480, 264
-0.991642, 441, 65, 472, 192
-0.991657, 305, 145, 432, 208
-0.991729, 9, 81, 40, 144
-0.991731, 425, 177, 488, 240
-0.991746, 121, 105, 184, 136
-0.991769, 265, 93, 328, 124
-0.991773, 153, 113, 184, 176
-0.991774, 277, 129, 308, 256
-0.99178, 201, 161, 232, 281
-0.99178, 201, 73, 232, 136
-0.991806, 393, 201, 456, 264
-0.991811, 217, 89, 280, 120
-0.991825, 289, 201, 352, 264
-0.991842, 217, 133, 280, 164
-0.991897, 225, 209, 288, 272
-0.99196, 121, 129, 184, 192
-0.991961, 9, 85, 72, 116
-0.991967, 397, 49, 428, 176
-0.991999, 65, 89, 96, 152
-0.992091, 57, 97, 120, 128
-0.992103, 177, 97, 208, 160
-0.992107, 81, 97, 144, 128
-0.99214, 337, 201, 464, 264
-0.992186, 161, 121, 224, 152
-0.992228, 241, 113, 304, 144
-0.99226, 185, 77, 248, 108
-0.992293, 321, 97, 384, 128
-0.992314, 265, 129, 296, 256
-0.992357, 129, 1, 192, 281
-0.992395, 105, 129, 168, 256
-0.992422, 433, 165, 496, 196
-0.992441, 409, 129, 440, 256
-0.992454, 33, 89, 96, 120
-0.992465, 169, 97, 232, 128
-0.992479, 385, 153, 448, 184
-0.992487, 297, 97, 360, 128
-0.992499, 105, 1, 168, 281
-0.992502, 1, 1, 64, 281
-0.992514, 281, 1, 344, 281
-0.992525, 361, 81, 424, 112
-0.992553, 137, 129, 200, 160
-0.992571, 393, 169, 456, 200
-0.992572, 101, 89, 132, 152
-0.992652, 433, 81, 496, 112
-0.99266, 17, 57, 144, 120
-0.992669, 225, 77, 288, 108
-0.992709, 257, 1, 320, 281
-0.992734, 129, 93, 192, 124
-0.992749, 361, 157, 424, 188
-0.992751, 297, 121, 360, 184
-0.99276, 393, 81, 456, 112
-0.992782, 433, 129, 496, 192
-0.992791, 241, 161, 304, 224
-0.992795, 225, 169, 352, 232
-0.992796, 21, 81, 52, 144
-0.992797, 241, 125, 304, 156
-0.992807, 353, 137, 416, 168
-0.992837, 129, 81, 192, 112
-0.992865, 97, 109, 160, 140
-0.992877, 245, 73, 276, 136
-0.992889, 361, 57, 424, 120
-0.992895, 305, 1, 368, 281
-0.992905, 65, 73, 320, 136
-0.992966, 97, 81, 160, 112
-0.99298, 25, 1, 88, 281
-0.992983, 49, 1, 112, 281
-0.992984, 329, 1, 392, 281
-0.992994, 393, 133, 456, 164
-0.993002, 289, 33, 320, 160
-0.993007, 161, 133, 224, 164
-0.99301, 249, 81, 312, 112
-0.993024, 353, 185, 416, 248
-0.993027, 249, 33, 280, 160
-0.993031, 281, 109, 344, 140
-0.99304, 345, 225, 408, 256
-0.993044, 321, 193, 384, 224
-0.993048, 429, 161, 460, 281
-0.99305, 77, 89, 108, 152
-0.99306, 241, 205, 304, 236
-0.993062, 433, 209, 496, 240
-0.993073, 73, 85, 136, 116
-0.993075, 377, 161, 408, 224
-0.993086, 153, 145, 216, 176
-0.99309, 113, 125, 176, 156
-0.993092, 377, 109, 440, 140
-0.993126, 345, 205, 408, 236
-0.993127, 369, 209, 432, 240
-0.993134, 369, 137, 496, 200
-0.993148, 433, 221, 496, 252
-0.993166, 289, 125, 352, 156
-0.993167, 73, 1, 136, 281
-0.993193, 265, 177, 328, 240
-0.993194, 409, 209, 472, 240
-0.993195, 185, 145, 248, 176
-0.993199, 241, 225, 304, 256
-0.993202, 353, 105, 416, 136
-0.993202, 313, 125, 376, 156
-0.993202, 225, 89, 480, 152
-0.993237, 281, 221, 344, 252
-0.993237, 305, 229, 368, 260
-0.99326, 141, 97, 172, 160
-0.99326, 165, 97, 196, 160
-0.993271, 293, 129, 324, 256
-0.99328, 353, 125, 416, 156
-0.993305, 49, 77, 112, 108
-0.993322, 265, 201, 328, 232
-0.993349, 265, 233, 328, 264
-0.993361, 409, 157, 472, 188
-0.993361, 321, 81, 384, 112
-0.993362, 201, 113, 232, 144
-0.993365, 193, 185, 256, 216
-0.993374, 401, 69, 464, 100
-0.993383, 409, 193, 472, 224
-0.993384, 161, 77, 224, 108
-0.993385, 217, 145, 280, 176
-0.993387, 433, 237, 496, 268
-0.993389, 225, 201, 352, 264
-0.993406, 281, 49, 344, 112
-0.993414, 369, 221, 432, 252
-0.99344, 377, 197, 440, 228
-0.993446, 305, 213, 368, 244
-0.993447, 269, 33, 300, 160
-0.993452, 377, 97, 440, 128
-0.993454, 25, 129, 88, 256
-0.993463, 281, 189, 344, 220
-0.993465, 369, 169, 432, 200
-0.993493, 265, 125, 328, 156
-0.993505, 241, 137, 304, 168
-0.993516, 297, 85, 360, 116
-0.99353, 369, 33, 400, 160
-0.993536, 229, 105, 260, 136
-0.993541, 393, 237, 456, 268
-0.993549, 193, 197, 256, 228
-0.993576, 193, 165, 256, 196
-0.993579, 97, 105, 352, 168
-0.993594, 177, 161, 304, 224
-0.993594, 313, 109, 376, 140
-0.993617, 289, 201, 352, 232
-0.993619, 409, 181, 472, 212
-0.993623, 409, 221, 472, 252
-0.993627, 433, 69, 496, 100
-0.993629, 433, 153, 496, 184
-0.993642, 393, 121, 456, 152
-0.993648, 193, 145, 224, 208
-0.993668, 9, 105, 72, 136
-0.993684, 25, 33, 56, 160
-0.993691, 161, 205, 224, 236
-0.993692, 361, 89, 392, 152
-0.993704, 245, 105, 276, 136
-0.993708, 421, 169, 452, 232
-0.993711, 105, 93, 168, 124
-0.993725, 161, 185, 224, 216
-0.993745, 9, 193, 72, 224
-0.993746, 1, 117, 64, 148
-0.993753, 345, 193, 408, 224
-0.993757, 33, 101, 96, 132
-0.993757, 385, 181, 448, 212
-0.993758, 329, 33, 360, 160
-0.99377, 433, 197, 496, 228
-0.993773, 369, 237, 432, 268
-0.993779, 325, 177, 356, 240
-0.993781, 417, 121, 480, 152
-0.993783, 233, 181, 296, 212
-0.993787, 129, 69, 192, 100
-0.993806, 217, 205, 280, 236
-0.993817, 225, 121, 256, 152
-0.99382, 233, 193, 296, 224
-0.993829, 345, 169, 408, 200
-0.993856, 193, 93, 256, 124
-0.993862, 161, 193, 224, 256
-0.993896, 321, 241, 384, 272
-0.993908, 225, 65, 288, 96
-0.993919, 185, 65, 248, 96
-0.993922, 1, 73, 64, 104
-0.993925, 81, 33, 112, 160
-0.993943, 61, 33, 92, 160
-0.993945, 301, 33, 332, 160
-0.993987, 433, 57, 496, 120
-0.993988, 337, 153, 400, 184
-0.993997, 89, 121, 152, 152
-0.994004, 433, 49, 496, 80
-0.994008, 353, 181, 416, 212
-0.994009, 97, 121, 160, 184
-0.99404, 217, 217, 280, 248
-0.994041, 161, 157, 224, 188
-0.994045, 57, 109, 120, 140
-0.994046, 393, 249, 456, 280
-0.99405, 409, 93, 472, 124
-0.994051, 377, 69, 440, 100
-0.994065, 161, 65, 224, 96
-0.994066, 329, 181, 392, 212
-0.994067, 185, 209, 248, 240
-0.994081, 233, 89, 264, 120
-0.994088, 433, 177, 496, 208
-0.994094, 193, 193, 256, 256
-0.994102, 401, 109, 464, 140
-0.994109, 129, 73, 160, 136
-0.994116, 345, 241, 408, 272
-0.994118, 105, 69, 168, 100
-0.994151, 389, 153, 420, 216
-0.994165, 145, 57, 272, 120
-0.994173, 165, 129, 196, 256
-0.99425, 229, 137, 260, 200
-0.994261, 245, 93, 276, 124
-0.994277, 189, 117, 220, 148
-0.994282, 357, 129, 388, 256
-0.994326, 321, 113, 384, 176
-0.994378, 433, 113, 464, 240
-0.994388, 237, 133, 268, 164
-0.99441, 405, 117, 436, 148
-0.994419, 433, 153, 464, 216
-0.994424, 41, 33, 72, 160
-0.994432, 457, 17, 488, 144
-0.994439, 349, 33, 380, 160
-0.994482, 1, 97, 256, 160
-0.994495, 321, 113, 448, 176
-0.994503, 105, 33, 136, 160
-0.994538, 129, 109, 160, 140
-0.99454, 245, 117, 276, 148
-0.994547, 305, 129, 336, 256
-0.994549, 337, 145, 400, 208
-0.994576, 213, 105, 244, 136
-0.994578, 289, 93, 320, 124
-0.994581, 321, 65, 448, 128
-0.994608, 373, 89, 404, 120
-0.994646, 201, 125, 232, 156
-0.994661, 1, 81, 500, 144
-0.994668, 265, 97, 296, 128
-0.994757, 177, 217, 304, 280
-0.994786, 213, 117, 244, 148
-0.994793, 385, 85, 416, 116
-0.994797, 273, 209, 400, 272
-0.994812, 113, 89, 144, 120
-0.994894, 225, 113, 480, 176
-0.994911, 193, 185, 224, 216
-0.994952, 153, 109, 184, 140
-0.99499, 277, 93, 308, 124
-0.994993, 37, 85, 68, 116
-0.995013, 41, 57, 104, 120
-0.995019, 93, 33, 124, 160
-0.995039, 421, 113, 452, 240
-0.995069, 385, 33, 416, 160
-0.995075, 241, 161, 272, 281
-0.995094, 381, 165, 412, 196
-0.995122, 141, 109, 172, 140
-0.99515, 61, 97, 92, 128
-0.995166, 441, 17, 472, 144
-0.995189, 1, 81, 32, 112
-0.995194, 389, 105, 420, 168
-0.995217, 89, 97, 120, 128
-0.995227, 309, 93, 340, 124
-0.995263, 225, 49, 352, 112
-0.995287, 417, 113, 448, 176
-0.995306, 173, 125, 204, 156
-0.995318, 233, 77, 264, 108
-0.995319, 469, 161, 500, 281
-0.995341, 165, 101, 196, 132
-0.995375, 181, 105, 212, 136
-0.995384, 401, 81, 432, 112
-0.995415, 417, 113, 448, 144
-0.99543, 453, 161, 484, 281
-0.995454, 133, 97, 164, 128
-0.995454, 393, 153, 424, 184
-0.995462, 437, 165, 468, 196
-0.995501, 241, 213, 272, 244
-0.995534, 305, 177, 368, 240
-0.995543, 313, 113, 344, 176
-0.995575, 405, 129, 436, 160
-0.995582, 261, 197, 292, 228
-0.995585, 213, 129, 244, 160
-0.995598, 73, 97, 104, 128
-0.995612, 421, 169, 452, 200
-0.995621, 217, 77, 248, 108
-0.995625, 349, 189, 380, 220
-0.995655, 361, 93, 392, 124
-0.995659, 1, 17, 32, 144
-0.995682, 201, 101, 232, 132
-0.995686, 65, 129, 320, 192
-0.995735, 225, 133, 256, 164
-0.995752, 145, 97, 176, 128
-0.995779, 349, 177, 380, 240
-0.995788, 405, 81, 436, 144
-0.99579, 245, 177, 276, 240
-0.995802, 249, 73, 280, 104
-0.995807, 101, 85, 132, 116
-0.995808, 409, 1, 472, 128
-0.995809, 277, 213, 308, 244
-0.995827, 361, 193, 392, 256
-0.995827, 317, 161, 348, 281
-0.995835, 197, 173, 228, 204
-0.995847, 249, 133, 280, 164
-0.995879, 113, 49, 176, 112
-0.995884, 161, 117, 288, 148
-0.995885, 113, 101, 144, 132
-0.995902, 101, 101, 132, 132
-0.995906, 361, 205, 392, 236
-0.995909, 113, 185, 240, 248
-0.99592, 181, 77, 212, 108
-0.995926, 325, 97, 356, 128
-0.995926, 337, 177, 368, 240
-0.995938, 173, 137, 204, 168
-0.995941, 461, 77, 492, 108
-0.99595, 389, 177, 420, 208
-0.995964, 145, 49, 208, 112
-0.995973, 197, 17, 228, 144
-0.995978, 281, 197, 312, 228
-0.995996, 245, 201, 276, 264
-0.996012, 205, 145, 236, 208
-0.996019, 225, 97, 352, 128
-0.996032, 309, 109, 340, 140
-0.996034, 25, 85, 56, 116
-0.996035, 349, 93, 380, 124
-0.996037, 457, 225, 488, 256
-0.996049, 261, 125, 292, 156
-0.996054, 325, 193, 356, 224
-0.996056, 337, 89, 368, 152
-0.996056, 309, 197, 340, 228
-0.996064, 97, 105, 224, 136
-0.996067, 181, 189, 212, 220
-0.996074, 409, 161, 440, 224
-0.996075, 305, 185, 336, 216
-0.996083, 189, 133, 220, 164
-0.996102, 137, 129, 168, 256
-0.996111, 261, 109, 292, 140
-0.996112, 49, 89, 80, 120
-0.996112, 365, 225, 396, 256
-0.996116, 369, 49, 496, 112
-0.996121, 409, 169, 440, 200
-0.996125, 449, 77, 480, 108
-0.996126, 449, 165, 480, 196
-0.996137, 149, 129, 180, 160
-0.996144, 189, 145, 220, 176
-0.996146, 189, 201, 220, 232
-0.996153, 129, 77, 160, 108
-0.996159, 257, 85, 288, 116
-0.996159, 385, 97, 416, 128
-0.996159, 433, 217, 464, 248
-0.99616, 13, 85, 44, 116
-0.996165, 169, 49, 232, 112
-0.996174, 153, 129, 184, 256
-0.99618, 469, 237, 500, 268
-0.996186, 333, 217, 364, 248
-0.996194, 249, 201, 280, 232
-0.996196, 217, 137, 248, 200
-0.996213, 369, 97, 496, 160
-0.996214, 81, 85, 112, 116
-0.996217, 317, 209, 348, 240
-0.996223, 189, 161, 220, 281
-0.99623, 193, 77, 224, 108
-0.996236, 273, 225, 304, 256
-0.996245, 405, 105, 436, 136
-0.996248, 257, 217, 288, 248
-0.996257, 161, 125, 192, 156
-0.996266, 13, 17, 44, 144
-0.996268, 469, 1, 500, 128
-0.996276, 165, 113, 196, 144
-0.996278, 325, 121, 356, 152
-0.996291, 169, 121, 200, 184
-0.996297, 33, 113, 160, 176
-0.996298, 193, 137, 448, 200
-0.996298, 437, 129, 468, 192
-0.9963, 289, 105, 320, 136
-0.996313, 225, 65, 480, 128
-0.996324, 337, 185, 368, 216
-0.996328, 313, 185, 344, 248
-0.996341, 457, 209, 488, 240
-0.996342, 329, 205, 360, 236
-0.99636, 161, 105, 288, 136
-0.99637, 389, 113, 420, 144
-0.996377, 113, 77, 144, 108
-0.996392, 269, 81, 300, 112
-0.996403, 369, 177, 400, 208
-0.996403, 1, 193, 64, 256
-0.996407, 289, 209, 320, 240
-0.996409, 373, 145, 404, 176
-0.996413, 445, 201, 476, 232
-0.996414, 437, 81, 468, 112
-0.996444, 161, 77, 192, 108
-0.996446, 205, 77, 236, 108
-0.996449, 137, 121, 168, 152
-0.99645, 469, 201, 500, 232
-0.996453, 369, 165, 400, 196
-0.996457, 301, 213, 332, 244
-0.99646, 373, 201, 404, 232
-0.99647, 285, 225, 316, 256
-0.996479, 373, 213, 404, 244
-0.996481, 213, 161, 244, 281
-0.996484, 197, 157, 228, 188
-0.996504, 225, 113, 352, 144
-0.99651, 417, 125, 448, 156
-0.996511, 125, 121, 156, 152
-0.996512, 445, 113, 476, 240
-0.996512, 13, 193, 44, 224
-0.996517, 349, 201, 380, 232
-0.996523, 353, 221, 384, 252
-0.996525, 389, 129, 420, 160
-0.996525, 201, 137, 232, 168
-0.996532, 225, 49, 288, 112
-0.996535, 313, 121, 344, 152
-0.996566, 241, 137, 272, 200
-0.996626, 225, 57, 256, 120
-0.996634, 1, 129, 500, 192
-0.996644, 261, 137, 292, 200
-0.996647, 237, 17, 268, 144
-0.996684, 421, 17, 452, 144
-0.996707, 457, 201, 488, 264
-0.996711, 329, 161, 360, 281
-0.996733, 161, 133, 288, 164
-0.99679, 263, 97, 278, 160
-0.996799, 385, 41, 448, 104
-0.996838, 349, 89, 380, 152
-0.996857, 273, 93, 400, 124
-0.996887, 293, 121, 324, 184
-0.996898, 409, 33, 440, 160
-0.996911, 269, 89, 284, 152
-0.996936, 1, 105, 500, 168
-0.996944, 369, 81, 496, 112
-0.996951, 269, 209, 300, 272
-0.996961, 257, 97, 272, 160
-0.996965, 441, 161, 472, 281
-0.996968, 1, 105, 32, 168
-0.996998, 129, 105, 160, 168
-0.997029, 33, 97, 160, 128
-0.99704, 97, 201, 352, 264
-0.997047, 125, 113, 156, 240
-0.997095, 357, 137, 388, 200
-0.997097, 65, 113, 128, 176
-0.997098, 213, 17, 244, 144
-0.997109, 417, 105, 480, 168
-0.99713, 417, 129, 448, 144
-0.997133, 133, 121, 164, 136
-0.997135, 277, 213, 308, 228
-0.997137, 321, 223, 352, 238
-0.99714, 293, 123, 324, 138
-0.99714, 301, 231, 332, 246
-0.997141, 365, 237, 396, 252
-0.997142, 185, 179, 216, 194
-0.997142, 397, 183, 428, 198
-0.997144, 377, 173, 408, 188
-0.997144, 425, 85, 456, 100
-0.997149, 373, 155, 404, 170
-0.99715, 405, 113, 436, 128
-0.997156, 217, 135, 248, 150
-0.997156, 337, 213, 368, 228
-0.997159, 249, 221, 280, 236
-0.997162, 249, 209, 280, 224
-0.997169, 381, 83, 412, 98
-0.997171, 213, 119, 244, 134
-0.997171, 321, 89, 448, 120
-0.997177, 251, 89, 266, 152
-0.997184, 269, 109, 300, 124
-0.997184, 181, 189, 212, 204
-0.997185, 13, 137, 44, 152
-0.997185, 189, 109, 220, 124
-0.997185, 265, 225, 296, 240
-0.997187, 333, 219, 364, 234
-0.997188, 437, 165, 468, 180
-0.99719, 433, 193, 464, 208
-0.997191, 313, 207, 344, 222
-0.997199, 145, 103, 176, 118
-0.997204, 293, 205, 324, 220
-0.997209, 113, 89, 144, 104
-0.997212, 289, 213, 320, 228
-0.997213, 349, 221, 380, 236
-0.997214, 273, 49, 400, 112
-0.997216, 341, 161, 372, 281
-0.997224, 257, 201, 288, 264
-0.997227, 185, 205, 216, 220
-0.99723, 125, 111, 156, 126
-0.997231, 173, 17, 204, 144
-0.997234, 457, 215, 488, 230
-0.997234, 137, 17, 168, 144
-0.997235, 313, 121, 344, 136
-0.997235, 469, 207, 500, 222
-0.997236, 297, 219, 328, 234
-0.997239, 101, 99, 132, 114
-0.997241, 201, 107, 232, 122
-0.997243, 241, 73, 256, 136
-0.997243, 193, 209, 448, 272
-0.997246, 293, 225, 324, 240
-0.997253, 377, 203, 408, 218
-0.997254, 329, 97, 360, 112
-0.997255, 417, 117, 448, 132
-0.997255, 397, 189, 428, 204
-0.997258, 417, 187, 448, 202
-0.997258, 373, 165, 404, 180
-0.997266, 109, 125, 140, 140
-0.997267, 417, 123, 448, 138
-0.99727, 241, 125, 368, 156
-0.99727, 117, 17, 148, 144
-0.997272, 433, 183, 464, 198
-0.997273, 161, 109, 192, 124
-0.997279, 385, 99, 416, 114
-0.997288, 409, 181, 440, 196
-0.997289, 197, 121, 228, 136
-0.9973, 237, 131, 268, 146
-0.997302, 257, 215, 288, 230
-0.997303, 281, 219, 312, 234
-0.997311, 409, 171, 440, 186
-0.997313, 113, 105, 144, 120
-0.997317, 283, 89, 298, 152
-0.997319, 249, 125, 280, 140
-0.99734, 421, 171, 452, 186
-0.997343, 225, 103, 256, 118
-0.997351, 157, 101, 188, 116
-0.997361, 229, 115, 260, 130
-0.997363, 177, 129, 208, 144
-0.997369, 389, 175, 420, 190
-0.997373, 169, 101, 200, 116
-0.997378, 257, 185, 500, 248
-0.997384, 1, 137, 32, 152
-0.99739, 297, 99, 328, 114
-0.997393, 177, 115, 208, 130
-0.997395, 357, 205, 388, 220
-0.997399, 365, 91, 396, 106
-0.997404, 153, 169, 216, 232
-0.997407, 225, 129, 256, 144
-0.997409, 277, 229, 308, 244
-0.99741, 349, 125, 380, 140
-0.997416, 153, 17, 184, 144
-0.997421, 33, 87, 64, 102
-0.997427, 457, 83, 488, 98
-0.997436, 161, 169, 416, 232
-0.997437, 401, 81, 432, 96
-0.997439, 349, 99, 380, 114
-0.997444, 125, 129, 156, 144
-0.997445, 253, 97, 284, 112
-0.99746, 235, 73, 250, 136
-0.997465, 393, 157, 424, 172
-0.99747, 405, 133, 436, 148
-0.997472, 265, 97, 296, 112
-0.997485, 275, 89, 290, 152
-0.997491, 305, 127, 336, 142
-0.997501, 113, 83, 144, 98
-0.997508, 193, 115, 224, 130
-0.997511, 97, 49, 224, 112
-0.997517, 213, 107, 244, 122
-0.997521, 89, 49, 152, 112
-0.997521, 173, 135, 204, 150
-0.997522, 273, 129, 304, 144
-0.997535, 265, 209, 296, 224
-0.997539, 193, 133, 224, 148
-0.997546, 161, 77, 288, 108
-0.997557, 437, 85, 468, 100
-0.99756, 469, 83, 500, 98
-0.997569, 225, 121, 256, 136
-0.997571, 237, 137, 268, 152
-0.997593, 137, 111, 168, 126
-0.997593, 369, 137, 400, 200
-0.997603, 1, 185, 500, 248
-0.997617, 137, 127, 168, 142
-0.997625, 223, 73, 238, 136
-0.997626, 261, 177, 292, 240
-0.997634, 197, 183, 228, 198
-0.997645, 257, 111, 288, 126
-0.997648, 113, 129, 240, 160
-0.997655, 233, 89, 264, 104
-0.997666, 73, 99, 104, 114
-0.997677, 149, 111, 180, 126
-0.997678, 293, 129, 324, 144
-0.997683, 225, 145, 352, 208
-0.997705, 185, 121, 216, 136
-0.997707, 193, 191, 224, 206
-0.997735, 185, 17, 216, 144
-0.997739, 281, 95, 312, 110
-0.997741, 61, 65, 92, 128
-0.997741, 289, 193, 320, 256
-0.997743, 309, 99, 340, 114
-0.997743, 241, 119, 272, 134
-0.997751, 61, 99, 92, 114
-0.997751, 201, 113, 216, 176
-0.997753, 249, 133, 280, 148
-0.997753, 405, 127, 436, 142
-0.997764, 201, 127, 232, 142
-0.997771, 239, 97, 254, 160
-0.997772, 397, 87, 428, 102
-0.997772, 189, 127, 220, 142
-0.997779, 381, 81, 396, 144
-0.997787, 385, 33, 416, 281
-0.997796, 177, 93, 304, 124
-0.997828, 353, 173, 480, 204
-0.997829, 1, 49, 256, 112
-0.99784, 133, 105, 164, 120
-0.99784, 193, 193, 224, 256
-0.997844, 405, 119, 436, 134
-0.997845, 257, 65, 288, 128
-0.997846, 217, 79, 248, 94
-0.997858, 229, 81, 260, 96
-0.997859, 261, 103, 292, 118
-0.997877, 1, 57, 500, 120
-0.997887, 203, 113, 218, 144
-0.997924, 153, 129, 184, 144
-0.997926, 197, 185, 212, 216
-0.997928, 417, 89, 448, 152
-0.997934, 165, 129, 196, 144
-0.997942, 89, 99, 120, 114
-0.997947, 279, 113, 294, 176
-0.997948, 251, 97, 266, 128
-0.997952, 1, 153, 500, 216
-0.997962, 197, 121, 212, 152
-0.997967, 401, 193, 432, 256
-0.997977, 267, 97, 282, 128
-0.997985, 389, 85, 404, 116
-0.997986, 245, 117, 260, 148
-0.997987, 239, 101, 254, 132
-0.997993, 209, 113, 224, 144
-0.998001, 209, 137, 336, 168
-0.998002, 153, 109, 168, 140
-0.998002, 135, 101, 150, 132
-0.998008, 373, 89, 388, 120
-0.998009, 1, 85, 128, 116
-0.99801, 241, 77, 256, 108
-0.998013, 259, 101, 274, 132
-0.998024, 295, 93, 310, 124
-0.998026, 229, 105, 244, 136
-0.998028, 229, 73, 244, 136
-0.998028, 251, 113, 266, 144
-0.998029, 401, 173, 416, 204
-0.99803, 49, 109, 176, 140
-0.998038, 395, 85, 410, 116
-0.998039, 261, 133, 292, 148
-0.99804, 141, 109, 156, 140
-0.998047, 195, 201, 210, 232
-0.998052, 243, 89, 258, 120
-0.998052, 285, 113, 300, 176
-0.998052, 245, 101, 260, 132
-0.998054, 219, 113, 234, 144
-0.998054, 255, 133, 270, 164
-0.998055, 205, 177, 220, 208
-0.998055, 203, 125, 218, 156
-0.998057, 401, 81, 416, 112
-0.998065, 289, 89, 304, 152
-0.998066, 159, 101, 174, 132
-0.998066, 445, 153, 476, 216
-0.998068, 227, 117, 242, 148
-0.998069, 245, 103, 276, 118
-0.99807, 395, 157, 410, 188
-0.998073, 103, 97, 118, 128
-0.998073, 261, 113, 276, 144
-0.998074, 63, 97, 78, 128
-0.998075, 279, 93, 294, 124
-0.998077, 245, 133, 260, 164
-0.998082, 25, 189, 40, 220
-0.998083, 147, 109, 162, 140
-0.998084, 195, 109, 210, 140
-0.998089, 403, 153, 418, 184
-0.998089, 235, 121, 250, 152
-0.998091, 115, 81, 130, 112
-0.998091, 253, 73, 268, 104
-0.998092, 129, 105, 144, 136
-0.998093, 177, 105, 192, 136
-0.998099, 233, 89, 248, 120
-0.998101, 73, 97, 88, 128
-0.998103, 379, 89, 394, 120
-0.998104, 203, 189, 218, 220
-0.998104, 411, 121, 426, 152
-0.998107, 225, 17, 256, 144
-0.998109, 53, 89, 68, 120
-0.99811, 289, 93, 304, 124
-0.998111, 171, 101, 186, 132
-0.998112, 419, 113, 434, 144
-0.998114, 173, 125, 188, 156
-0.998114, 259, 89, 274, 120
-0.998115, 239, 133, 254, 164
-0.998115, 161, 113, 176, 144
-0.998118, 221, 125, 236, 156
-0.998118, 469, 77, 484, 108
-0.998119, 435, 169, 450, 200
-0.998119, 199, 173, 214, 204
-0.998123, 313, 97, 328, 128
-0.998123, 79, 97, 94, 128
-0.998123, 261, 125, 276, 156
-0.998125, 17, 81, 32, 112
-0.998126, 97, 97, 112, 128
-0.998127, 389, 177, 420, 240
-0.998127, 89, 97, 104, 128
-0.998127, 273, 97, 288, 128
-0.998127, 363, 97, 378, 128
-0.998128, 447, 165, 462, 196
-0.998129, 247, 201, 262, 232
-0.99813, 385, 165, 400, 196
-0.998132, 251, 85, 266, 116
-0.998132, 235, 77, 250, 108
-0.998134, 195, 145, 210, 176
-0.998135, 421, 169, 436, 200
-0.998135, 399, 97, 414, 128
-0.998136, 407, 177, 422, 208
-0.998136, 305, 97, 320, 128
-0.998139, 373, 33, 404, 281
-0.99814, 463, 77, 478, 108
-0.99814, 229, 77, 244, 108
-0.998143, 145, 97, 160, 128
-0.998144, 209, 125, 224, 156
-0.998144, 165, 101, 180, 132
-0.998144, 329, 121, 344, 152
-0.998145, 247, 213, 262, 244
-0.998145, 197, 133, 212, 164
-0.998146, 215, 101, 230, 132
-0.998146, 365, 185, 380, 216
-0.998147, 267, 109, 282, 140
-0.998148, 23, 85, 38, 116
-0.998148, 227, 129, 242, 160
-0.998148, 255, 209, 270, 240
-0.998149, 181, 93, 196, 124
-0.998149, 205, 101, 220, 132
-0.99815, 47, 85, 62, 116
-0.998152, 9, 81, 24, 112
-0.998153, 147, 121, 162, 152
-0.998153, 129, 89, 144, 120
-0.998153, 265, 201, 280, 232
-0.998154, 385, 149, 400, 180
-0.998154, 197, 33, 228, 281
-0.998156, 215, 125, 230, 156
-0.998156, 179, 81, 194, 112
-0.998157, 321, 121, 336, 152
-0.998159, 189, 137, 204, 168
-0.998159, 323, 97, 338, 128
-0.998159, 245, 33, 276, 281
-0.998159, 151, 97, 166, 128
-0.998162, 167, 113, 182, 144
-0.998163, 441, 165, 456, 196
-0.998164, 113, 117, 240, 148
-0.998164, 183, 105, 198, 136
-0.998165, 277, 205, 292, 236
-0.998165, 189, 117, 204, 148
-0.998165, 179, 125, 194, 156
-0.998168, 375, 201, 390, 232
-0.998168, 223, 77, 238, 108
-0.998169, 371, 157, 386, 188
-0.998169, 331, 185, 346, 216
-0.998169, 481, 77, 496, 108
-0.99817, 141, 121, 156, 152
-0.998171, 329, 97, 344, 128
-0.998171, 189, 77, 204, 108
-0.998171, 137, 77, 152, 108
-0.998172, 107, 85, 122, 116
-0.998172, 1, 217, 500, 280
-0.998174, 453, 165, 468, 196
-0.998175, 475, 77, 490, 108
-0.998175, 369, 197, 384, 228
-0.998175, 205, 77, 220, 108
-0.998176, 305, 205, 320, 236
-0.998177, 407, 81, 422, 112
-0.998186, 377, 89, 408, 104
-0.998198, 93, 65, 124, 128
-0.9982, 225, 109, 256, 124
-0.998212, 377, 201, 408, 264
-0.998217, 433, 33, 496, 96
-0.998234, 373, 89, 388, 152
-0.998253, 233, 97, 248, 160
-0.998261, 337, 113, 464, 144
-0.998276, 81, 81, 208, 112
-0.998278, 245, 97, 260, 160
-0.998283, 209, 213, 336, 244
-0.998338, 77, 89, 92, 152
-0.998338, 273, 109, 400, 140
-0.998343, 217, 33, 248, 281
-0.998354, 289, 197, 416, 228
-0.998359, 457, 113, 488, 240
-0.998368, 387, 81, 402, 144
-0.998373, 245, 111, 276, 126
-0.99838, 205, 113, 236, 128
-0.99838, 193, 129, 208, 192
-0.998383, 277, 137, 308, 200
-0.998383, 97, 49, 352, 112
-0.998394, 1, 193, 256, 256
-0.998431, 353, 153, 480, 184
-0.998445, 309, 97, 324, 160
-0.998458, 257, 81, 384, 112
-0.998462, 161, 145, 288, 176
-0.998474, 1, 33, 32, 281
-0.998479, 321, 101, 448, 132
-0.998485, 265, 33, 296, 281
-0.998486, 213, 73, 228, 136
-0.998512, 257, 161, 500, 224
-0.998525, 369, 69, 496, 100
-0.998537, 227, 113, 242, 176
-0.998553, 193, 113, 256, 128
-0.998569, 1, 217, 64, 280
-0.998578, 209, 107, 272, 122
-0.998582, 109, 33, 140, 281
-0.998582, 257, 209, 384, 240
-0.998587, 225, 113, 288, 128
-0.998589, 13, 33, 44, 281
-0.998593, 145, 131, 208, 146
-0.998596, 161, 201, 288, 232
-0.998603, 207, 113, 222, 176
-0.998604, 361, 91, 424, 106
-0.998606, 185, 119, 248, 134
-0.998607, 181, 185, 212, 248
-0.998607, 65, 169, 320, 232
-0.998609, 57, 99, 120, 114
-0.99861, 185, 125, 248, 140
-0.998611, 121, 129, 184, 144
-0.998613, 265, 129, 328, 144
-0.998616, 265, 97, 328, 112
-0.998621, 185, 133, 248, 148
-0.998621, 233, 101, 296, 116
-0.998622, 217, 119, 280, 134
-0.998626, 241, 133, 304, 148
-0.998626, 153, 119, 216, 134
-0.998628, 257, 105, 320, 120
-0.99863, 393, 85, 456, 100
-0.998632, 297, 99, 360, 114
-0.998632, 433, 83, 496, 98
-0.998637, 129, 103, 192, 118
-0.998637, 193, 81, 256, 96
-0.998637, 369, 85, 432, 100
-0.998639, 397, 33, 428, 281
-0.998641, 217, 131, 280, 146
-0.998642, 289, 129, 352, 144
-0.998643, 249, 113, 312, 128
-0.998644, 313, 127, 376, 142
-0.998644, 153, 109, 216, 124
-0.998645, 193, 41, 448, 104
-0.998646, 233, 107, 296, 122
-0.998652, 353, 97, 416, 112
-0.998652, 217, 125, 280, 140
-0.998656, 321, 97, 384, 112
-0.998658, 9, 87, 72, 102
-0.998659, 249, 209, 312, 224
-0.99866, 89, 99, 152, 114
-0.99866, 369, 205, 496, 236
-0.998662, 313, 121, 376, 136
-0.998665, 353, 121, 416, 136
-0.998667, 29, 33, 60, 281
-0.998667, 315, 89, 330, 152
-0.998668, 17, 93, 80, 108
-0.998668, 217, 81, 280, 96
-0.998668, 161, 125, 224, 140
-0.998669, 209, 87, 272, 102
-0.99867, 337, 221, 464, 252
-0.998671, 169, 103, 232, 118
-0.998671, 297, 215, 360, 230
-0.998672, 265, 123, 328, 138
-0.998672, 273, 219, 336, 234
-0.998674, 225, 95, 288, 110
-0.998674, 89, 105, 152, 120
-0.998674, 97, 127, 160, 142
-0.998675, 409, 169, 472, 184
-0.998676, 369, 173, 432, 188
-0.998676, 281, 209, 344, 224
-0.998677, 289, 121, 352, 136
-0.998678, 249, 219, 312, 234
-0.998679, 321, 215, 384, 230
-0.998681, 337, 205, 400, 220
-0.998683, 241, 119, 304, 134
-0.998683, 281, 113, 344, 128
-0.998683, 121, 109, 184, 124
-0.998684, 265, 225, 328, 240
-0.998684, 385, 159, 448, 174
-0.998684, 217, 137, 280, 152
-0.998686, 249, 91, 312, 106
-0.998687, 337, 91, 400, 106
-0.998687, 353, 129, 416, 144
-0.998688, 69, 89, 84, 152
-0.998688, 393, 91, 456, 106
-0.998688, 113, 121, 176, 136
-0.998689, 361, 103, 424, 118
-0.998689, 265, 199, 328, 214
-0.998689, 305, 209, 432, 240
-0.99869, 433, 233, 496, 248
-0.99869, 33, 99, 96, 114
-0.99869, 1, 137, 64, 152
-0.998691, 129, 115, 192, 130
-0.998691, 49, 93, 112, 108
-0.998691, 353, 149, 416, 164
-0.998692, 185, 143, 248, 158
-0.998692, 81, 65, 112, 128
-0.998693, 313, 233, 376, 248
-0.998693, 321, 105, 384, 120
-0.998694, 353, 135, 416, 150
-0.998694, 377, 115, 440, 130
-0.998695, 329, 221, 392, 236
-0.998695, 369, 211, 432, 226
-0.998695, 417, 243, 480, 258
-0.998696, 469, 33, 500, 281
-0.998696, 361, 109, 424, 124
-0.998696, 433, 167, 496, 182
-0.998696, 409, 175, 472, 190
-0.998697, 105, 85, 168, 100
-0.998697, 305, 223, 368, 238
-0.998697, 241, 127, 304, 142
-0.998697, 393, 153, 456, 168
-0.998698, 385, 165, 448, 180
-0.998698, 233, 179, 296, 194
-0.998699, 393, 79, 456, 94
-0.998699, 97, 93, 160, 108
-0.998699, 1, 105, 64, 120
-0.9987, 345, 171, 408, 186
-0.9987, 225, 223, 288, 238
-0.998701, 193, 183, 256, 198
-0.998701, 185, 149, 248, 164
-0.998701, 169, 79, 232, 94
-0.998702, 345, 211, 408, 226
-0.998703, 201, 73, 216, 136
-0.998703, 353, 115, 416, 130
-0.998703, 361, 141, 424, 156
-0.998704, 425, 89, 488, 104
-0.998705, 305, 201, 368, 216
-0.998705, 417, 187, 480, 202
-0.998705, 393, 147, 456, 162
-0.998706, 377, 237, 440, 252
-0.998706, 185, 205, 248, 220
-0.998706, 241, 229, 304, 244
-0.998706, 221, 113, 236, 176
-0.998706, 409, 231, 472, 246
-0.998706, 89, 111, 152, 126
-0.998707, 425, 161, 488, 176
-0.998707, 337, 239, 400, 254
-0.998707, 265, 135, 328, 150
-0.998708, 129, 85, 192, 100
-0.998708, 209, 101, 272, 116
-0.998708, 393, 137, 456, 152
-0.998708, 129, 79, 192, 94
-0.998708, 433, 211, 496, 226
-0.998708, 377, 129, 440, 144
-0.998709, 217, 145, 280, 160
-0.998709, 305, 209, 368, 224
-0.998709, 361, 217, 424, 232
-0.998709, 193, 199, 256, 214
-0.998709, 257, 235, 320, 250
-0.99871, 161, 205, 224, 220
-0.998711, 385, 179, 448, 194
-0.998711, 1, 129, 64, 144
-0.998712, 345, 85, 408, 100
-0.998712, 57, 87, 120, 102
-0.998714, 469, 97, 500, 224
-0.998715, 197, 169, 228, 232
-0.998717, 229, 33, 260, 281
-0.998717, 145, 73, 160, 136
-0.998727, 271, 113, 286, 176
-0.998732, 395, 81, 410, 144
-0.998732, 55, 89, 70, 152
-0.998759, 185, 33, 216, 281
-0.99876, 289, 129, 416, 160
-0.998761, 57, 129, 120, 256
-0.998774, 83, 89, 98, 152
-0.998774, 333, 89, 348, 152
-0.998775, 305, 157, 432, 188
-0.998777, 457, 33, 488, 281
-0.998777, 441, 33, 472, 281
-0.998779, 25, 129, 56, 256
-0.99878, 113, 93, 240, 124
-0.998786, 157, 73, 172, 136
-0.998803, 361, 33, 392, 281
-0.998805, 417, 33, 448, 281
-0.998808, 309, 33, 340, 281
-0.998811, 369, 185, 496, 216
-0.99883, 161, 213, 288, 244
-0.998838, 241, 197, 368, 228
-0.998844, 305, 173, 432, 204
-0.99886, 295, 89, 310, 152
-0.998868, 85, 33, 116, 281
-0.99887, 145, 189, 272, 220
-0.998893, 89, 89, 104, 152
-0.998893, 445, 193, 476, 256
-0.998894, 171, 73, 186, 136
-0.998896, 327, 89, 342, 152
-0.998902, 173, 33, 204, 281
-0.998902, 269, 65, 300, 128
-0.99891, 193, 73, 208, 136
-0.998926, 177, 177, 304, 208
-0.998944, 293, 73, 324, 136
-0.998948, 103, 89, 118, 152
-0.998976, 65, 125, 192, 156
-0.998988, 273, 177, 304, 240
-0.998989, 41, 33, 72, 281
-0.998999, 349, 33, 380, 281
-0.999008, 321, 41, 384, 104
-0.999012, 17, 73, 144, 104
-0.999016, 411, 89, 426, 152
-0.999016, 57, 33, 88, 281
-0.999017, 23, 81, 38, 144
-0.999018, 113, 161, 240, 224
-0.99902, 69, 33, 100, 281
-0.99903, 9, 129, 72, 192
-0.999031, 389, 209, 420, 272
-0.999038, 165, 73, 180, 136
-0.999039, 291, 113, 306, 176
-0.999043, 321, 185, 448, 216
-0.999048, 433, 177, 464, 240
-0.999052, 97, 33, 128, 281
-0.999064, 1, 33, 500, 96
-0.999065, 207, 73, 222, 136
-0.999069, 49, 81, 64, 144
-0.999085, 321, 77, 448, 108
-0.999087, 9, 57, 40, 120
-0.999092, 429, 33, 460, 281
-0.999094, 229, 65, 244, 192
-0.99911, 385, 57, 416, 120
-0.999131, 257, 81, 272, 208
-0.999135, 289, 221, 416, 252
-0.999135, 133, 1, 164, 256
-0.999146, 25, 193, 88, 256
-0.999149, 1, 117, 128, 148
-0.999169, 301, 97, 316, 160
-0.999169, 235, 81, 250, 208
-0.99918, 243, 81, 258, 208
-0.999194, 1, 129, 32, 256
-0.999196, 399, 153, 414, 216
-0.999206, 269, 81, 284, 208
-0.999209, 63, 89, 78, 152
-0.999214, 113, 145, 240, 176
-0.999222, 97, 89, 112, 152
-0.999225, 369, 233, 496, 264
-0.999228, 321, 33, 352, 281
-0.999236, 337, 125, 464, 156
-0.999239, 285, 81, 300, 208
-0.99924, 277, 81, 292, 208
-0.999242, 281, 33, 312, 281
-0.999248, 263, 81, 278, 208
-0.999254, 195, 65, 210, 192
-0.999255, 395, 81, 410, 208
-0.999265, 401, 97, 416, 224
-0.999273, 209, 149, 336, 180
-0.999273, 305, 81, 320, 208
-0.999275, 273, 153, 336, 216
-0.999286, 209, 81, 336, 112
-0.999291, 179, 73, 194, 136
-0.999294, 209, 225, 336, 256
-0.999298, 291, 81, 306, 208
-0.999318, 113, 97, 144, 160
-0.999322, 97, 69, 224, 100
-0.999327, 309, 65, 340, 128
-0.99933, 299, 81, 314, 208
-0.999332, 209, 65, 224, 192
-0.999336, 151, 73, 166, 136
-0.999344, 387, 81, 402, 208
-0.99935, 201, 65, 216, 192
-0.999358, 121, 33, 152, 281
-0.999362, 251, 81, 266, 208
-0.999364, 411, 65, 426, 192
-0.999368, 203, 113, 218, 240
-0.999372, 311, 81, 326, 208
-0.999387, 381, 81, 396, 208
-0.999388, 223, 65, 238, 192
-0.999403, 417, 137, 448, 200
-0.99941, 369, 137, 496, 168
-0.99941, 321, 89, 336, 152
-0.999412, 333, 33, 364, 281
-0.999412, 373, 81, 388, 208
-0.999413, 65, 81, 80, 208
-0.999419, 341, 201, 372, 264
-0.999427, 177, 161, 304, 192
-0.999429, 185, 113, 200, 176
-0.999431, 217, 65, 232, 192
-0.999434, 317, 81, 332, 208
-0.999441, 293, 33, 324, 281
-0.999442, 97, 177, 224, 208
-0.999458, 113, 113, 144, 240
-0.999463, 189, 81, 204, 208
-0.999463, 59, 81, 74, 208
-0.999466, 239, 129, 254, 256
-0.999471, 229, 113, 244, 240
-0.999471, 7, 65, 22, 192
-0.999472, 481, 49, 496, 176
-0.999474, 75, 81, 90, 208
-0.999479, 145, 33, 176, 281
-0.99948, 145, 65, 160, 192
-0.999481, 325, 81, 340, 208
-0.999482, 89, 81, 104, 208
-0.999483, 193, 189, 320, 220
-0.999486, 133, 129, 164, 192
-0.999494, 161, 1, 192, 256
-0.999498, 193, 129, 208, 256
-0.9995, 23, 81, 38, 208
-0.999505, 1, 65, 16, 192
-0.999511, 151, 65, 166, 192
-0.999516, 169, 65, 184, 192
-0.999517, 159, 65, 174, 192
-0.999525, 99, 81, 114, 208
-0.999526, 81, 129, 144, 256
-0.999527, 419, 113, 434, 240
-0.999528, 385, 129, 416, 192
-0.999532, 469, 49, 500, 112
-0.999533, 133, 73, 148, 136
-0.999534, 83, 81, 98, 208
-0.99954, 305, 237, 432, 268
-0.999546, 401, 97, 416, 160
-0.999554, 183, 65, 198, 192
-0.999563, 177, 65, 192, 192
-0.999565, 135, 65, 150, 192
-0.999567, 9, 81, 24, 144
-0.999567, 31, 81, 46, 208
-0.999568, 305, 141, 432, 172
-0.999569, 331, 81, 346, 208
-0.999569, 17, 65, 32, 192
-0.999569, 51, 81, 66, 208
-0.999574, 187, 129, 202, 256
-0.999575, 29, 81, 44, 144
-0.999577, 105, 81, 120, 208
-0.999579, 363, 81, 378, 208
-0.999584, 397, 1, 428, 128
-0.999588, 37, 81, 52, 208
-0.999595, 369, 57, 400, 120
-0.999599, 475, 49, 490, 176
-0.999599, 45, 81, 60, 208
-0.999604, 37, 81, 52, 144
-0.999604, 113, 201, 240, 232
-0.999609, 139, 73, 154, 136
-0.99962, 437, 81, 468, 144
-0.99962, 301, 193, 332, 256
-0.999621, 129, 65, 144, 192
-0.999635, 115, 81, 130, 144
-0.999637, 369, 101, 496, 132
-0.999638, 203, 153, 218, 216
-0.999639, 201, 217, 264, 280
-0.999645, 115, 65, 130, 192
-0.999645, 469, 65, 484, 192
-0.99965, 247, 129, 262, 256
-0.999654, 267, 129, 282, 256
-0.999658, 223, 113, 238, 240
-0.999659, 253, 129, 268, 256
-0.999661, 275, 129, 290, 256
-0.999663, 257, 121, 272, 184
-0.999663, 339, 65, 354, 192
-0.999666, 169, 113, 184, 176
-0.999667, 393, 161, 408, 281
-0.999669, 463, 49, 478, 176
-0.999671, 319, 33, 334, 160
-0.999678, 213, 113, 228, 176
-0.999678, 1, 217, 256, 280
-0.99968, 421, 65, 436, 192
-0.999682, 123, 65, 138, 192
-0.999685, 341, 89, 356, 152
-0.999691, 411, 113, 426, 176
-0.999697, 345, 81, 360, 208
-0.999698, 257, 237, 384, 268
-0.999699, 209, 129, 224, 256
-0.999699, 381, 33, 396, 160
-0.999705, 25, 161, 88, 224
-0.999706, 215, 129, 230, 256
-0.99971, 375, 33, 390, 160
-0.999712, 291, 129, 306, 256
-0.999713, 325, 65, 356, 128
-0.999724, 405, 49, 420, 176
-0.999724, 455, 65, 470, 192
-0.999725, 285, 129, 300, 256
-0.999727, 163, 113, 178, 176
-0.999729, 457, 153, 488, 216
-0.999729, 85, 129, 116, 256
-0.99973, 411, 129, 426, 256
-0.999733, 137, 127, 152, 142
-0.999733, 363, 99, 378, 114
-0.999733, 231, 103, 246, 118
-0.999733, 245, 101, 260, 116
-0.999733, 25, 133, 40, 148
-0.999733, 235, 123, 250, 138
-0.999733, 341, 97, 356, 112
-0.999734, 297, 233, 312, 248
-0.999734, 237, 85, 252, 100
-0.999734, 283, 99, 298, 114
-0.999734, 159, 123, 174, 138
-0.999734, 43, 85, 58, 100
-0.999734, 1, 137, 16, 152
-0.999734, 449, 183, 464, 198
-0.999734, 311, 121, 326, 136
-0.999734, 147, 103, 162, 118
-0.999734, 243, 135, 258, 150
-0.999734, 431, 185, 446, 200
-0.999734, 293, 129, 308, 144
-0.999734, 189, 129, 204, 144
-0.999734, 315, 99, 330, 114
-0.999734, 201, 133, 216, 148
-0.999734, 239, 33, 254, 160
-0.999735, 179, 99, 194, 114
-0.999735, 193, 135, 208, 150
-0.999735, 403, 101, 418, 116
-0.999735, 335, 97, 350, 112
-0.999735, 283, 219, 298, 234
-0.999735, 323, 99, 338, 114
-0.999735, 173, 101, 188, 116
-0.999735, 361, 125, 376, 140
-0.999735, 209, 127, 224, 142
-0.999735, 483, 83, 498, 98
-0.999735, 167, 111, 182, 126
-0.999735, 287, 129, 302, 144
-0.999735, 65, 99, 80, 114
-0.999735, 17, 81, 32, 144
-0.999735, 203, 191, 218, 206
-0.999735, 285, 91, 300, 106
-0.999736, 463, 83, 478, 98
-0.999736, 433, 171, 448, 186
-0.999736, 329, 97, 344, 112
-0.999736, 237, 101, 252, 116
-0.999736, 245, 81, 260, 96
-0.999736, 219, 127, 234, 142
-0.999736, 177, 129, 192, 144
-0.999736, 131, 127, 146, 142
-0.999736, 267, 115, 282, 130
-0.999736, 299, 127, 314, 142
-0.999737, 309, 99, 324, 114
-0.999737, 403, 183, 418, 198
-0.999737, 409, 177, 424, 192
-0.999737, 169, 129, 184, 144
-0.999737, 223, 115, 238, 130
-0.999737, 411, 131, 426, 146
-0.999737, 469, 83, 484, 98
-0.999737, 259, 125, 274, 140
-0.999737, 125, 81, 140, 96
-0.999737, 303, 99, 318, 114
-0.999737, 141, 111, 156, 126
-0.999738, 419, 117, 434, 132
-0.999738, 279, 129, 294, 144
-0.999738, 197, 195, 212, 210
-0.999738, 455, 83, 470, 98
-0.999738, 255, 135, 270, 150
-0.999738, 229, 109, 244, 124
-0.999738, 477, 83, 492, 98
-0.999738, 317, 127, 332, 142
-0.999739, 369, 203, 384, 218
-0.999739, 279, 105, 294, 120
-0.999739, 151, 109, 166, 124
-0.999739, 397, 157, 412, 172
-0.999739, 259, 105, 274, 120
-0.999739, 447, 85, 462, 100
-0.999739, 135, 105, 150, 120
-0.99974, 1, 129, 16, 144
-0.99974, 383, 87, 398, 102
-0.99974, 141, 103, 156, 118
-0.99974, 73, 99, 88, 114
-0.99974, 201, 111, 216, 126
-0.99974, 193, 183, 208, 198
-0.99974, 151, 127, 166, 142
-0.99974, 425, 181, 440, 196
-0.999741, 233, 79, 248, 94
-0.999741, 401, 175, 416, 190
-0.999741, 401, 87, 416, 102
-0.999741, 245, 113, 260, 128
-0.999741, 441, 85, 456, 100
-0.999741, 243, 87, 258, 102
-0.999741, 183, 129, 198, 144
-0.999742, 115, 85, 130, 100
-0.999742, 215, 109, 230, 124
-0.999742, 295, 95, 310, 110
-0.999742, 249, 135, 264, 150
-0.999742, 277, 99, 292, 114
-0.999743, 305, 127, 320, 142
-0.999743, 79, 99, 94, 114
-0.999743, 157, 111, 172, 126
-0.999743, 389, 89, 404, 104
-0.999743, 103, 99, 118, 114
-0.999743, 221, 109, 236, 124
-0.999743, 271, 133, 286, 148
-0.999743, 223, 79, 238, 94
-0.999743, 267, 105, 282, 120
-0.999744, 269, 99, 284, 114
-0.999744, 245, 119, 260, 134
-0.999744, 203, 127, 218, 142
-0.999744, 375, 91, 390, 106
-0.999745, 163, 129, 178, 144
-0.999745, 25, 193, 40, 208
-0.999745, 405, 81, 420, 96
-0.999745, 311, 127, 326, 142
-0.999745, 195, 205, 210, 220
-0.999745, 97, 99, 112, 114
-0.999745, 207, 111, 222, 126
-0.999745, 195, 115, 210, 130
-0.999746, 241, 107, 256, 122
-0.999746, 239, 79, 254, 94
-0.999747, 251, 113, 266, 128
-0.999747, 395, 87, 410, 102
-0.999747, 157, 129, 172, 144
-0.999747, 89, 99, 104, 114
-0.999749, 197, 121, 212, 136
-0.999749, 195, 129, 210, 144
-0.999749, 187, 135, 202, 150
-0.99975, 265, 133, 280, 148
-0.99975, 251, 105, 266, 120
-0.999752, 197, 189, 212, 204
-0.999752, 199, 179, 214, 194
-0.999754, 301, 129, 316, 256
-0.999754, 205, 183, 220, 198
-0.999755, 203, 117, 218, 132
-0.999756, 421, 161, 436, 281
-0.999758, 259, 111, 274, 126
-0.99976, 261, 129, 276, 256
-0.999761, 201, 161, 216, 281
-0.999765, 469, 17, 484, 144
-0.999765, 313, 33, 328, 160
-0.999772, 331, 33, 346, 160
-0.999779, 295, 33, 310, 160
-0.99978, 307, 33, 322, 160
-0.999782, 187, 73, 202, 136
-0.999783, 441, 81, 456, 208
-0.999787, 241, 185, 368, 216
-0.999792, 369, 129, 384, 256
-0.999796, 393, 161, 408, 224
-0.999796, 387, 161, 402, 281
-0.9998, 67, 33, 82, 160
-0.999811, 449, 65, 464, 192
-0.999811, 391, 33, 406, 160
-0.999812, 431, 65, 446, 192
-0.999814, 325, 33, 340, 160
-0.999819, 427, 161, 442, 281
-0.999821, 349, 65, 380, 128
-0.999822, 181, 129, 196, 256
-0.999823, 85, 33, 100, 160
-0.999823, 95, 33, 110, 160
-0.99983, 1, 73, 16, 136
-0.999832, 273, 33, 288, 160
-0.999832, 401, 145, 416, 272
-0.999833, 73, 33, 88, 160
-0.999834, 351, 81, 366, 208
-0.999835, 43, 81, 58, 144
-0.999837, 1, 9, 500, 72
-0.999838, 155, 97, 170, 160
-0.99984, 113, 213, 240, 244
-0.999842, 357, 81, 372, 208
-0.999845, 1, 1, 256, 64
-0.999846, 279, 33, 294, 160
-0.999849, 285, 33, 300, 160
-0.999849, 29, 33, 44, 160
-0.999849, 369, 249, 496, 280
-0.99985, 433, 161, 448, 281
-0.999853, 267, 33, 282, 160
-0.999853, 379, 145, 394, 272
-0.999863, 315, 113, 330, 176
-0.999864, 59, 33, 74, 160
-0.999864, 251, 113, 266, 176
-0.999867, 309, 129, 324, 256
-0.999873, 97, 189, 224, 220
-0.999876, 431, 113, 446, 240
-0.999876, 171, 129, 186, 256
-0.999879, 107, 33, 122, 160
-0.999887, 253, 33, 268, 160
-0.999888, 79, 33, 94, 160
-0.999888, 261, 33, 276, 160
-0.999888, 301, 33, 316, 160
-0.999889, 369, 33, 384, 160
-0.99989, 451, 161, 466, 281
-0.999891, 23, 33, 38, 160
-0.999891, 235, 121, 250, 184
-0.999891, 441, 145, 456, 272
-0.9999, 13, 17, 28, 144
-0.999907, 429, 169, 444, 232
-0.99991, 191, 97, 206, 160
-0.999913, 369, 113, 400, 176
-0.999922, 125, 73, 140, 136
-0.999924, 145, 65, 272, 96
-0.99993, 469, 201, 500, 264
-0.999934, 457, 57, 488, 120
-0.999936, 281, 217, 312, 280
-0.999943, 161, 217, 224, 280
-0.999945, 161, 225, 288, 256
-0.999948, 405, 145, 420, 208
-0.999973, 363, 89, 378, 152
-0.999976, 225, 65, 352, 96
-0.999999, 243, 121, 258, 184
-1, 409, 41, 472, 104
-1, 129, 157, 256, 188
-1.00001, 105, 161, 136, 281
-1.00002, 369, 45, 496, 76
-1.00003, 293, 169, 324, 232
-1.00003, 425, 201, 456, 264
-1.00005, 65, 25, 320, 88
-1.0001, 209, 237, 336, 268
-1.00012, 443, 153, 458, 216
-1.00014, 369, 57, 496, 88
-1.00015, 257, 145, 384, 176
-1.00016, 369, 185, 384, 248
-1.00017, 109, 89, 124, 152
-1.00017, 309, 161, 340, 224
-1.0002, 403, 73, 418, 136
-1.00021, 175, 113, 190, 176
-1.00021, 329, 217, 360, 280
-1.00022, 141, 113, 156, 176
-1.00023, 387, 169, 402, 232
-1.00024, 377, 201, 392, 264
-1.00026, 195, 193, 210, 256
-1.00028, 49, 65, 80, 128
-1.0003, 265, 121, 280, 184
-1.00031, 37, 105, 68, 168
-1.00034, 257, 73, 272, 136
-1.00035, 413, 217, 444, 280
-1.00035, 177, 169, 240, 232
-1.00035, 401, 177, 416, 240
-1.00036, 327, 177, 342, 240
-1.00036, 129, 217, 256, 280
-1.00037, 281, 201, 296, 264
-1.00037, 17, 193, 48, 256
-1.00038, 273, 69, 400, 100
-1.00041, 257, 53, 384, 84
-1.00042, 361, 161, 392, 224
-1.00043, 225, 173, 352, 204
-1.00044, 1, 241, 128, 272
-1.00045, 265, 201, 280, 264
-1.00046, 417, 65, 448, 128
-1.00047, 341, 177, 356, 240
-1.00048, 41, 129, 72, 256
-1.00048, 17, 129, 144, 160
-1.00048, 419, 121, 434, 184
-1.00049, 33, 61, 160, 92
-1.00049, 65, 205, 192, 236
-1.00049, 263, 73, 278, 136
-1.00049, 321, 65, 448, 96
-1.00049, 305, 217, 336, 280
-1.0005, 257, 17, 500, 80
-1.0005, 241, 161, 368, 192
-1.00051, 321, 249, 448, 280
-1.00052, 29, 57, 60, 120
-1.00052, 377, 161, 392, 224
-1.00055, 461, 81, 492, 144
-1.00057, 97, 225, 224, 256
-1.00057, 97, 1, 352, 64
-1.00058, 407, 169, 422, 232
-1.0006, 21, 105, 52, 168
-1.00061, 33, 225, 160, 256
-1.00061, 81, 245, 208, 276
-1.00063, 105, 185, 168, 248
-1.00064, 69, 129, 100, 256
-1.00064, 107, 65, 122, 128
-1.00065, 17, 213, 144, 244
-1.00065, 357, 177, 372, 240
-1.00065, 255, 177, 270, 240
-1.00067, 149, 97, 164, 160
-1.00067, 49, 193, 176, 224
-1.0007, 81, 165, 208, 196
-1.0007, 435, 161, 450, 224
-1.0007, 247, 185, 262, 248
-1.00071, 137, 193, 200, 256
-1.00072, 129, 245, 256, 276
-1.00072, 209, 53, 336, 84
-1.00072, 197, 153, 212, 216
-1.00073, 321, 53, 448, 84
-1.00073, 323, 113, 338, 176
-1.00073, 449, 129, 480, 192
-1.00073, 233, 209, 264, 272
-1.00076, 219, 137, 234, 200
-1.00076, 17, 141, 144, 172
-1.00077, 209, 249, 336, 280
-1.00081, 1, 49, 128, 80
-1.00083, 423, 161, 438, 224
-1.00084, 213, 145, 228, 208
-1.00085, 13, 145, 44, 272
-1.00085, 133, 105, 148, 168
-1.00086, 1, 161, 128, 192
-1.00086, 451, 177, 466, 240
-1.00089, 1, 201, 128, 232
-1.00091, 297, 121, 312, 184
-1.00094, 1, 1, 128, 32
-1.00095, 229, 137, 244, 200
-1.00097, 57, 209, 120, 272
-1.00098, 201, 177, 216, 240
-1.00099, 485, 49, 500, 112
-1.00099, 65, 141, 192, 172
-1.001, 81, 57, 208, 88
-1.00102, 361, 201, 376, 264
-1.00103, 1, 25, 128, 56
-1.00104, 369, 33, 496, 64
-1.00105, 247, 65, 262, 128
-1.00106, 105, 217, 168, 280
-1.00106, 1, 189, 128, 220
-1.00106, 375, 65, 390, 128
-1.00107, 57, 129, 88, 256
-1.00108, 271, 217, 286, 280
-1.00109, 249, 41, 312, 104
-1.00109, 17, 13, 144, 44
-1.0011, 305, 153, 368, 216
-1.0011, 1, 37, 128, 68
-1.0011, 335, 201, 350, 264
-1.00112, 257, 41, 384, 72
-1.00112, 457, 153, 472, 216
-1.00115, 1, 177, 128, 208
-1.00115, 49, 181, 176, 212
-1.00116, 387, 57, 402, 120
-1.00118, 49, 41, 176, 72
-1.00119, 305, 41, 432, 72
-1.00119, 117, 161, 148, 281
-1.0012, 49, 1, 176, 32
-1.0012, 161, 53, 288, 84
-1.00121, 33, 201, 160, 264
-1.00123, 273, 249, 400, 280
-1.00124, 97, 45, 224, 76
-1.00126, 193, 41, 320, 72
-1.00128, 49, 25, 176, 56
-1.00134, 281, 25, 344, 88
-1.00135, 337, 21, 464, 52
-1.00136, 49, 153, 176, 184
-1.00137, 97, 13, 224, 44
-1.00139, 369, 5, 496, 36
-1.00141, 177, 1, 304, 32
-1.00141, 177, 13, 304, 44
-1.00143, 145, 41, 272, 72
-1.00143, 273, 29, 400, 60
-1.00144, 97, 1, 224, 32
-1.00145, 129, 25, 256, 56
-1.00149, 97, 161, 160, 224
-1.0015, 321, 41, 448, 104
-1.00164, 1, 161, 64, 281
-1.00164, 65, 41, 128, 104
-1.002, 41, 129, 104, 192
-1.00203, 65, 161, 128, 224
-1.00206, 17, 137, 144, 200
-1.00216, 17, 33, 144, 96
-1.00225, 33, 169, 160, 232
-1.00227, 9, 33, 72, 96
-1.00227, 81, 209, 144, 272
-1.00233, 129, 161, 192, 224
-1.00239, 25, 217, 88, 280
-1.00255, 65, 137, 128, 200
-1.00263, 81, 185, 144, 248
-1.00268, 313, 17, 376, 80
-1.00268, 81, 209, 208, 272
-1.00274, 361, 33, 424, 96
-1.00275, 129, 217, 192, 280
-1.00278, 49, 185, 112, 248
-1.00281, 1, 9, 128, 72
-1.00304, 49, 1, 176, 64
-1.00332, 369, 25, 496, 88
-1.00339, 65, 137, 192, 200
-1.00342, 9, 1, 72, 64
-1.00344, 161, 33, 288, 96
-1.00372, 401, 17, 464, 80
-1.00374, 33, 33, 96, 96
-1.00378, 41, 9, 104, 72
-1.00423, 257, 25, 384, 88
-1.00438, 337, 17, 400, 80
-1.00443, 209, 25, 336, 88
-1.00448, 65, 1, 128, 64
-1.00449, 145, 9, 272, 72
-1.0045, 97, 1, 224, 64
-1.00452, 257, 17, 320, 80
-1.00477, 321, 17, 448, 80
-1.00479, 209, 25, 272, 88
-1.00501, 81, 25, 208, 88
-1.0052, 425, 9, 488, 72
-1.00526, 361, 9, 424, 72
-1.00536, 193, 1, 256, 64
-1.00536, 1, 153, 64, 216
-1.00553, 369, 1, 496, 64
-1.00559, 89, 9, 152, 72
-1.00562, 233, 17, 296, 80
-1.00564, 161, 1, 224, 64
-1.00585, 113, 1, 176, 64
-1.00592, 273, 1, 400, 64
-1.00601, 193, 1, 320, 64
-1.00602, 281, 1, 344, 64
-1.00604, 129, 25, 192, 88
