1915
-0.274384, 1, 1, 330, 500
-0.316658, 1, 65, 330, 320
-0.475096, 65, 1, 320, 500
-0.535794, 1, 161, 330, 416
-0.58949, 65, 33, 320, 288
-0.593048, 1, 257, 330, 500
-0.623705, 65, 129, 320, 384
-0.676979, 65, 225, 320, 480
-0.851823, 1, 97, 330, 224
-0.852986, 145, 97, 272, 352
-0.858481, 193, 129, 320, 384
-0.871387, 145, 1, 272, 500
-0.873396, 193, 1, 320, 500
-0.874034, 81, 193, 208, 448
-0.87952, 1, 97, 128, 352
-0.880754, 193, 33, 320, 288
-0.880944, 129, 193, 256, 448
-0.881134, 209, 225, 330, 480
-0.882194, 81, 65, 208, 320
-0.88548, 97, 1, 224, 500
-0.89557, 145, 1, 272, 256
-0.899683, 65, 161, 320, 288
-0.899988, 1, 193, 330, 320
-0.903076, 1, 145, 330, 272
-0.90502, 33, 193, 160, 448
-0.905576, 65, 65, 320, 192
-0.910996, 1, 1, 128, 500
-0.913897, 1, 113, 256, 240
-0.917298, 49, 1, 176, 500
-0.922036, 1, 321, 330, 448
-0.922158, 33, 209, 288, 336
-0.924855, 209, 161, 330, 288
-0.934742, 49, 97, 176, 224
-0.935786, 1, 241, 330, 368
-0.938205, 1, 49, 330, 176
-0.939749, 81, 81, 144, 208
-0.939795, 97, 161, 160, 288
-0.940234, 145, 193, 272, 320
-0.940695, 33, 1, 160, 256
-0.941354, 81, 177, 208, 304
-0.943182, 105, 81, 168, 208
-0.943958, 193, 49, 320, 176
-0.943963, 33, 337, 288, 464
-0.944012, 145, 97, 272, 224
-0.944234, 177, 65, 240, 192
-0.94489, 233, 145, 296, 272
-0.946135, 233, 65, 296, 192
-0.949612, 209, 65, 272, 192
-0.950371, 97, 81, 224, 208
-0.951337, 265, 65, 328, 192
-0.952332, 57, 97, 120, 224
-0.953768, 129, 81, 192, 208
-0.953781, 1, 129, 128, 256
-0.954506, 161, 321, 288, 448
-0.95484, 121, 161, 184, 288
-0.956356, 121, 241, 184, 368
-0.957314, 1, 289, 256, 416
-0.958111, 177, 321, 240, 448
-0.958512, 81, 241, 208, 368
-0.958874, 89, 257, 152, 384
-0.958924, 209, 145, 272, 272
-0.959592, 257, 161, 320, 288
-0.959592, 153, 321, 216, 448
-0.959606, 113, 81, 176, 144
-0.95964, 193, 65, 256, 128
-0.960089, 145, 49, 272, 176
-0.962665, 137, 81, 200, 144
-0.962807, 33, 113, 96, 240
-0.962867, 153, 49, 216, 176
-0.962969, 89, 209, 152, 336
-0.963083, 161, 145, 288, 272
-0.963109, 225, 153, 288, 216
-0.963328, 81, 289, 208, 416
-0.963522, 65, 105, 128, 168
-0.964068, 241, 57, 304, 120
-0.964429, 249, 225, 312, 352
-0.964687, 193, 193, 256, 320
-0.964963, 1, 121, 64, 184
-0.966231, 209, 241, 330, 368
-0.966304, 193, 161, 320, 224
-0.966908, 33, 209, 160, 336
-0.967038, 161, 73, 224, 136
-0.967305, 1, 1, 330, 128
-0.96731, 89, 193, 152, 256
-0.967797, 1, 369, 330, 496
-0.968092, 177, 65, 304, 128
-0.968144, 113, 177, 176, 240
-0.968211, 65, 241, 128, 368
-0.968231, 161, 161, 224, 288
-0.968246, 89, 97, 152, 160
-0.968539, 269, 57, 300, 120
-0.968567, 49, 129, 112, 192
-0.968636, 201, 161, 264, 224
-0.968845, 265, 161, 328, 224
-0.968969, 145, 209, 208, 336
-0.968979, 153, 97, 216, 224
-0.969014, 25, 121, 88, 184
-0.969184, 113, 105, 176, 168
-0.969495, 97, 225, 160, 288
-0.969527, 185, 49, 216, 176
-0.969908, 97, 273, 160, 336
-0.970044, 109, 81, 140, 208
-0.97024, 233, 129, 296, 384
-0.970253, 225, 241, 288, 368
-0.970365, 161, 337, 224, 400
-0.970693, 217, 65, 280, 128
-0.970729, 205, 73, 236, 136
-0.970882, 141, 81, 172, 144
-0.9709, 265, 65, 328, 128
-0.970931, 209, 129, 272, 192
-0.970998, 121, 201, 184, 264
-0.971042, 209, 321, 330, 448
-0.971421, 225, 193, 288, 320
-0.971475, 217, 185, 280, 248
-0.971583, 9, 121, 40, 184
-0.971689, 257, 113, 320, 240
-0.971771, 181, 65, 212, 128
-0.971822, 33, 113, 160, 176
-0.971874, 129, 89, 160, 152
-0.971919, 209, 185, 330, 248
-0.972181, 105, 65, 168, 320
-0.972222, 113, 249, 176, 312
-0.972259, 217, 97, 280, 160
-0.972515, 233, 217, 296, 280
-0.972604, 241, 81, 304, 144
-0.972753, 193, 97, 320, 224
-0.972755, 205, 65, 236, 192
-0.972854, 217, 65, 248, 128
-0.972892, 193, 337, 256, 400
-0.972896, 97, 129, 224, 256
-0.97306, 89, 161, 152, 224
-0.973104, 201, 321, 264, 448
-0.973129, 249, 241, 312, 304
-0.973173, 1, 145, 64, 208
-0.973228, 109, 97, 140, 160
-0.973445, 221, 89, 252, 152
-0.973457, 233, 329, 296, 392
-0.973464, 193, 65, 224, 128
-0.973515, 241, 65, 272, 192
-0.973537, 145, 225, 272, 288
-0.973624, 217, 33, 280, 288
-0.97371, 97, 161, 160, 416
-0.974009, 65, 193, 128, 320
-0.974036, 161, 97, 224, 160
-0.974265, 253, 49, 284, 176
-0.974384, 161, 33, 224, 288
-0.974395, 81, 193, 208, 256
-0.974432, 209, 129, 272, 384
-0.974774, 273, 49, 304, 176
-0.974802, 201, 225, 264, 288
-0.974807, 45, 113, 76, 176
-0.974889, 9, 113, 72, 240
-0.974903, 257, 137, 320, 200
-0.975012, 233, 73, 264, 136
-0.97509, 89, 121, 152, 184
-0.975202, 77, 97, 108, 224
-0.975215, 129, 73, 256, 136
-0.975306, 113, 153, 176, 216
-0.975444, 97, 97, 128, 160
-0.97549, 233, 17, 296, 144
-0.975763, 253, 65, 284, 128
-0.975804, 137, 337, 200, 400
-0.975869, 129, 305, 192, 432
-0.976022, 81, 65, 144, 320
-0.976065, 129, 241, 256, 368
-0.976072, 185, 89, 248, 152
-0.976113, 65, 89, 192, 152
-0.976138, 65, 265, 128, 328
-0.976178, 201, 17, 264, 144
-0.976178, 213, 161, 244, 224
-0.9762, 65, 17, 320, 144
-0.976229, 161, 177, 224, 240
-0.976399, 97, 177, 128, 304
-0.976417, 137, 81, 168, 208
-0.976537, 129, 201, 256, 264
-0.976557, 185, 129, 248, 192
-0.976561, 97, 33, 224, 160
-0.976667, 257, 185, 320, 248
-0.976809, 121, 161, 184, 416
-0.976929, 225, 113, 256, 240
-0.976956, 265, 345, 328, 408
-0.977163, 137, 241, 200, 304
-0.977163, 89, 249, 152, 312
-0.977192, 261, 161, 292, 288
-0.977235, 97, 241, 128, 368
-0.977377, 73, 105, 104, 168
-0.977398, 137, 177, 168, 304
-0.977614, 169, 201, 232, 264
-0.977626, 137, 105, 200, 168
-0.97763, 57, 241, 120, 304
-0.977813, 225, 249, 288, 312
-0.977876, 233, 289, 296, 416
-0.977986, 241, 225, 304, 480
-0.978072, 97, 97, 128, 224
-0.978141, 97, 297, 160, 360
-0.978327, 233, 129, 296, 192
-0.97833, 265, 65, 328, 320
-0.978487, 137, 177, 200, 240
-0.978521, 85, 97, 116, 160
-0.978533, 193, 193, 256, 256
-0.978552, 241, 33, 304, 288
-0.97862, 129, 169, 256, 232
-0.978657, 233, 153, 264, 216
-0.978678, 265, 217, 328, 280
-0.978703, 221, 65, 252, 192
-0.978716, 57, 169, 120, 232
-0.978722, 9, 113, 40, 240
-0.978804, 33, 289, 160, 416
-0.978874, 113, 97, 240, 160
-0.978999, 145, 337, 272, 400
-0.979019, 73, 289, 136, 352
-0.979074, 57, 105, 88, 168
-0.979105, 157, 81, 188, 144
-0.979177, 169, 321, 200, 448
-0.979183, 137, 65, 200, 320
-0.979211, 201, 241, 264, 368
-0.979352, 105, 33, 168, 160
-0.979361, 161, 313, 224, 376
-0.979693, 121, 97, 152, 224
-0.979707, 145, 217, 208, 280
-0.979897, 25, 121, 56, 184
-0.97993, 1, 137, 128, 200
-0.979967, 265, 161, 328, 416
-0.980155, 73, 193, 136, 448
-0.980193, 185, 313, 248, 376
-0.980225, 249, 153, 280, 216
-0.980272, 129, 33, 192, 160
-0.980273, 237, 145, 268, 272
-0.980292, 57, 145, 120, 272
-0.980382, 81, 217, 208, 280
-0.980546, 125, 161, 156, 288
-0.980596, 121, 305, 184, 368
-0.980599, 165, 329, 196, 392
-0.98065, 57, 217, 120, 280
-0.980669, 73, 313, 136, 376
-0.980754, 137, 153, 200, 216
-0.980807, 97, 241, 224, 304
-0.980812, 113, 257, 176, 500
-0.98085, 273, 161, 304, 288
-0.980858, 57, 97, 88, 224
-0.980863, 41, 97, 104, 160
-0.980919, 185, 33, 248, 288
-0.98092, 209, 225, 272, 480
-0.981084, 113, 337, 240, 464
-0.981086, 201, 361, 264, 424
-0.981202, 201, 41, 264, 104
-0.981219, 25, 145, 88, 208
-0.981219, 281, 345, 312, 408
-0.981278, 169, 273, 232, 400
-0.981332, 81, 73, 144, 136
-0.981343, 289, 161, 320, 224
-0.981408, 109, 129, 140, 256
-0.981409, 137, 57, 200, 120
-0.981409, 193, 1, 320, 128
-0.981557, 133, 177, 164, 240
-0.981578, 177, 89, 304, 152
-0.981758, 209, 337, 330, 400
-0.981877, 1, 81, 128, 208
-0.981949, 233, 353, 296, 416
-0.982116, 189, 89, 220, 152
-0.98219, 149, 193, 180, 320
-0.982236, 101, 273, 132, 336
-0.982297, 101, 193, 132, 256
-0.982416, 133, 257, 164, 320
-0.982562, 221, 137, 252, 200
-0.98262, 185, 129, 248, 384
-0.982637, 81, 169, 208, 232
-0.982691, 109, 177, 140, 304
-0.982758, 113, 329, 176, 392
-0.982791, 113, 273, 144, 400
-0.982945, 65, 193, 128, 256
-0.983134, 201, 97, 232, 160
-0.983177, 49, 97, 112, 352
-0.983215, 257, 265, 320, 328
-0.983243, 209, 321, 240, 448
-0.983276, 225, 113, 256, 176
-0.983287, 97, 121, 128, 184
-0.983315, 129, 145, 256, 208
-0.983331, 293, 337, 324, 400
-0.983333, 193, 209, 320, 272
-0.983346, 121, 265, 152, 328
-0.98335, 177, 225, 240, 288
-0.983374, 145, 161, 208, 416
-0.983381, 17, 97, 80, 160
-0.983398, 261, 161, 292, 224
-0.983445, 161, 145, 224, 208
-0.983491, 49, 241, 176, 304
-0.983573, 285, 145, 316, 272
-0.98364, 17, 369, 80, 432
-0.983721, 113, 169, 144, 232
-0.983758, 265, 241, 296, 368
-0.983785, 177, 89, 208, 152
-0.98379, 49, 289, 112, 352
-0.983799, 185, 225, 248, 480
-0.98385, 253, 113, 284, 240
-0.983851, 161, 49, 224, 112
-0.984018, 265, 369, 328, 432
-0.984034, 209, 145, 240, 272
-0.984058, 257, 313, 320, 376
-0.984202, 49, 265, 176, 328
-0.984215, 45, 97, 76, 224
-0.984305, 297, 177, 328, 304
-0.984359, 125, 241, 156, 368
-0.984397, 121, 1, 184, 500
-0.984502, 221, 161, 252, 288
-0.984586, 269, 241, 300, 304
-0.984762, 141, 241, 172, 368
-0.984763, 225, 33, 288, 96
-0.984771, 145, 1, 208, 500
-0.984785, 217, 337, 248, 400
-0.984923, 189, 337, 220, 400
-0.984942, 261, 129, 292, 192
-0.984968, 201, 249, 264, 312
-0.985003, 85, 209, 116, 336
-0.985171, 209, 241, 330, 304
-0.985242, 177, 361, 240, 424
-0.985335, 217, 225, 248, 288
-0.985361, 269, 97, 300, 224
-0.985373, 17, 145, 48, 208
-0.985386, 265, 41, 328, 104
-0.985491, 153, 329, 184, 392
-0.985543, 169, 1, 232, 500
-0.985589, 257, 113, 320, 176
-0.985685, 249, 161, 280, 288
-0.985692, 217, 1, 280, 500
-0.985695, 137, 361, 200, 424
-0.985711, 221, 185, 252, 248
-0.985714, 49, 353, 112, 416
-0.985745, 209, 137, 330, 200
-0.985748, 181, 321, 212, 448
-0.985774, 113, 57, 176, 120
-0.985798, 257, 321, 320, 448
-0.985822, 73, 33, 136, 160
-0.985844, 145, 177, 176, 240
-0.985899, 201, 161, 232, 224
-0.985938, 145, 241, 176, 304
-0.985975, 281, 225, 312, 288
-0.986002, 9, 265, 72, 328
-0.986161, 201, 201, 232, 264
-0.986203, 281, 57, 312, 120
-0.986241, 129, 273, 192, 336
-0.986273, 49, 49, 176, 176
-0.986276, 197, 321, 228, 448
-0.986318, 265, 81, 296, 144
-0.986359, 233, 273, 296, 336
-0.986368, 185, 145, 248, 272
-0.98646, 129, 353, 192, 480
-0.986534, 177, 337, 208, 400
-0.986619, 161, 49, 192, 176
-0.986631, 1, 345, 64, 408
-0.986782, 217, 297, 280, 360
-0.986812, 241, 1, 304, 500
-0.986869, 237, 129, 268, 192
-0.986871, 109, 121, 140, 184
-0.986877, 109, 249, 140, 312
-0.986963, 149, 81, 180, 208
-0.986989, 93, 161, 124, 224
-0.987074, 141, 105, 172, 168
-0.987087, 245, 89, 276, 152
-0.987089, 85, 121, 116, 184
-0.987126, 229, 241, 260, 304
-0.987216, 25, 289, 88, 352
-0.987218, 89, 49, 120, 176
-0.987255, 265, 89, 328, 152
-0.987264, 257, 249, 288, 312
-0.987305, 137, 409, 200, 472
-0.987332, 277, 225, 308, 352
-0.987334, 29, 97, 60, 224
-0.987338, 41, 193, 104, 256
-0.987342, 217, 225, 248, 352
-0.98736, 89, 201, 120, 264
-0.987468, 217, 157, 280, 188
-0.98749, 1, 65, 64, 320
-0.987493, 205, 337, 236, 400
-0.987535, 37, 137, 68, 200
-0.987591, 229, 241, 260, 368
-0.987681, 109, 225, 140, 352
-0.987683, 137, 129, 168, 256
-0.987688, 65, 109, 128, 140
-0.987718, 249, 69, 312, 100
-0.987731, 153, 89, 216, 120
-0.987741, 105, 101, 168, 132
-0.98776, 277, 169, 308, 232
-0.98779, 209, 137, 240, 200
-0.987847, 137, 201, 168, 264
-0.987942, 33, 105, 288, 168
-0.987973, 157, 321, 188, 448
-0.987987, 173, 81, 204, 208
-0.987987, 89, 249, 120, 312
-0.988004, 97, 265, 224, 328
-0.988037, 113, 145, 144, 208
-0.988039, 205, 49, 236, 112
-0.988074, 129, 93, 192, 124
-0.988117, 85, 145, 116, 272
-0.988163, 177, 17, 240, 144
-0.988221, 121, 113, 152, 176
-0.988236, 185, 81, 248, 112
-0.988274, 249, 241, 280, 368
-0.988338, 105, 189, 168, 220
-0.988339, 105, 385, 168, 448
-0.988343, 209, 73, 272, 104
-0.988353, 25, 313, 88, 376
-0.988548, 97, 305, 160, 432
-0.988575, 257, 289, 320, 352
-0.988588, 1, 305, 64, 368
-0.988638, 25, 337, 88, 400
-0.988641, 1, 133, 64, 164
-0.988651, 49, 193, 112, 448
-0.988666, 221, 337, 252, 464
-0.988675, 69, 129, 100, 192
-0.988689, 233, 81, 296, 112
-0.988729, 265, 17, 328, 144
-0.988743, 73, 337, 136, 400
-0.988772, 113, 129, 176, 192
-0.988773, 129, 385, 192, 448
-0.988777, 205, 193, 236, 320
-0.988781, 97, 361, 160, 424
-0.988784, 125, 145, 156, 208
-0.988795, 169, 65, 200, 128
-0.988811, 33, 201, 288, 264
-0.98883, 249, 129, 280, 192
-0.988837, 209, 273, 272, 336
-0.98886, 161, 425, 224, 488
-0.988939, 89, 113, 152, 144
-0.98894, 41, 73, 104, 136
-0.988974, 229, 345, 260, 408
-0.98899, 97, 337, 224, 400
-0.989005, 57, 129, 88, 192
-0.989077, 157, 225, 188, 288
-0.98909, 193, 1, 256, 500
-0.989139, 25, 121, 88, 152
-0.989148, 33, 265, 96, 328
-0.98918, 185, 69, 248, 100
-0.989181, 77, 217, 108, 280
-0.989199, 5, 161, 36, 224
-0.989278, 121, 193, 152, 256
-0.989278, 237, 193, 268, 320
-0.989311, 33, 65, 96, 192
-0.989316, 129, 105, 192, 136
-0.989317, 153, 73, 216, 104
-0.989321, 57, 289, 120, 416
-0.989349, 49, 313, 112, 376
-0.989352, 265, 165, 328, 196
-0.98937, 41, 377, 104, 440
-0.98937, 121, 433, 184, 496
-0.989389, 137, 257, 200, 500
-0.989415, 161, 121, 224, 184
-0.989443, 213, 17, 244, 144
-0.989476, 153, 385, 216, 448
-0.989486, 25, 97, 88, 352
-0.989508, 9, 65, 72, 192
-0.989579, 125, 233, 156, 296
-0.989585, 97, 1, 160, 500
-0.989598, 185, 97, 216, 224
-0.989673, 137, 129, 200, 192
-0.989688, 97, 245, 160, 276
-0.989689, 1, 233, 128, 296
-0.989697, 81, 177, 112, 240
-0.989704, 49, 337, 176, 464
-0.98972, 153, 101, 216, 132
-0.989773, 185, 433, 248, 496
-0.989794, 1, 241, 64, 304
-0.989863, 81, 97, 144, 128
-0.989872, 9, 169, 72, 232
-0.989981, 265, 257, 328, 500
-0.989987, 185, 409, 248, 472
-0.990011, 97, 177, 160, 208
-0.99002, 265, 17, 328, 80
-0.990061, 233, 49, 264, 112
-0.990113, 241, 377, 304, 440
-0.990125, 65, 129, 128, 160
-0.990127, 161, 257, 224, 500
-0.99016, 293, 209, 324, 272
-0.990197, 141, 153, 172, 216
-0.990199, 81, 145, 208, 208
-0.990206, 193, 41, 320, 104
-0.990215, 233, 137, 296, 168
-0.990219, 241, 249, 272, 312
-0.990229, 209, 417, 272, 480
-0.99025, 185, 97, 248, 128
-0.990356, 81, 313, 208, 376
-0.990364, 113, 409, 176, 472
-0.990381, 161, 369, 288, 496
-0.990385, 41, 133, 104, 164
-0.990527, 277, 81, 308, 144
-0.990562, 121, 177, 184, 208
-0.990579, 217, 93, 280, 124
-0.990605, 129, 81, 192, 112
-0.990613, 33, 225, 288, 288
-0.990646, 73, 181, 136, 212
-0.990694, 161, 341, 224, 372
-0.990718, 113, 265, 176, 296
-0.990767, 65, 177, 320, 240
-0.990837, 209, 385, 272, 448
-0.990846, 81, 417, 144, 480
-0.990867, 25, 233, 88, 296
-0.990889, 269, 65, 300, 96
-0.990959, 233, 169, 296, 200
-0.990967, 241, 249, 304, 280
-0.990981, 269, 209, 300, 272
-0.990991, 201, 173, 264, 204
-0.990996, 101, 297, 132, 360
-0.990998, 117, 73, 148, 136
-0.991051, 121, 201, 184, 232
-0.991062, 89, 281, 152, 312
-0.991069, 81, 193, 144, 224
-0.99108, 201, 185, 264, 216
-0.991121, 233, 229, 296, 260
-0.99113, 289, 33, 320, 160
-0.991172, 129, 189, 192, 220
-0.991178, 257, 81, 320, 112
-0.99118, 89, 229, 152, 260
-0.991185, 1, 153, 64, 184
-0.991195, 197, 17, 228, 144
-0.991235, 89, 257, 152, 288
-0.991245, 193, 361, 320, 424
-0.991252, 113, 117, 176, 148
-0.991262, 89, 125, 152, 156
-0.991283, 5, 133, 36, 164
-0.991289, 105, 89, 168, 120
-0.991298, 1, 161, 64, 416
-0.9913, 101, 217, 132, 280
-0.991316, 1, 129, 256, 192
-0.991316, 193, 345, 256, 376
-0.991349, 125, 49, 156, 176
-0.991357, 245, 225, 276, 288
-0.991376, 189, 177, 220, 240
-0.991397, 201, 145, 264, 176
-0.991417, 193, 161, 256, 192
-0.991429, 189, 89, 220, 120
-0.991431, 149, 201, 180, 264
-0.991475, 209, 209, 272, 240
-0.991489, 217, 121, 280, 152
-0.991511, 1, 105, 330, 168
-0.991548, 233, 73, 264, 104
-0.991574, 89, 205, 152, 236
-0.991615, 25, 145, 88, 176
-0.991632, 89, 273, 120, 336
-0.991656, 89, 269, 152, 300
-0.991696, 141, 85, 172, 116
-0.99172, 249, 69, 280, 100
-0.991758, 213, 85, 244, 116
-0.991759, 265, 185, 328, 216
-0.991761, 265, 241, 328, 272
-0.991783, 89, 217, 152, 248
-0.991806, 153, 329, 216, 360
-0.99181, 153, 189, 216, 220
-0.991854, 221, 73, 252, 104
-0.991857, 109, 101, 140, 132
-0.991861, 17, 201, 144, 264
-0.991896, 77, 105, 108, 136
-0.991896, 297, 185, 328, 248
-0.991913, 161, 89, 192, 120
-0.991916, 205, 69, 236, 100
-0.99193, 145, 177, 208, 208
-0.991931, 1, 121, 64, 152
-0.991931, 253, 1, 284, 128
-0.991944, 177, 73, 208, 104
-0.991956, 141, 101, 172, 132
-0.991956, 1, 165, 64, 196
-0.991956, 233, 357, 296, 388
-0.991959, 33, 169, 160, 232
-0.992001, 65, 269, 128, 300
-0.992006, 193, 69, 224, 100
-0.992024, 225, 61, 288, 92
-0.992028, 93, 105, 124, 136
-0.992045, 121, 213, 184, 244
-0.99205, 113, 229, 176, 260
-0.992074, 25, 129, 56, 160
-0.992079, 253, 81, 284, 112
-0.99209, 209, 241, 272, 272
-0.9921, 25, 257, 88, 500
-0.992123, 233, 185, 296, 216
-0.992126, 177, 85, 208, 116
-0.992128, 257, 205, 320, 236
-0.992133, 153, 237, 216, 268
-0.992143, 145, 249, 208, 280
-0.992143, 249, 41, 280, 104
-0.992162, 57, 237, 120, 268
-0.992169, 257, 145, 320, 176
-0.992172, 121, 97, 152, 128
-0.992173, 233, 341, 296, 372
-0.992183, 209, 197, 272, 228
-0.992198, 117, 185, 148, 216
-0.992236, 57, 1, 120, 256
-0.992241, 241, 93, 304, 124
-0.992247, 249, 217, 312, 248
-0.99225, 161, 201, 192, 264
-0.992291, 97, 73, 128, 136
-0.992294, 1, 129, 330, 192
-0.992311, 241, 157, 304, 188
-0.992313, 57, 113, 88, 144
-0.992316, 41, 109, 104, 140
-0.992318, 97, 149, 160, 180
-0.99233, 113, 165, 176, 196
-0.992344, 241, 329, 272, 392
-0.992358, 169, 201, 232, 232
-0.992359, 169, 217, 232, 248
-0.992383, 145, 361, 272, 424
-0.992385, 73, 293, 136, 324
-0.992386, 265, 349, 328, 380
-0.992388, 209, 313, 330, 376
-0.992395, 249, 57, 312, 88
-0.992409, 73, 1, 136, 500
-0.992413, 177, 149, 240, 180
-0.992413, 97, 301, 160, 332
-0.992416, 93, 117, 124, 148
-0.992458, 269, 345, 300, 408
-0.992464, 241, 177, 272, 240
-0.992468, 1, 265, 128, 328
-0.992481, 245, 157, 276, 188
-0.992492, 29, 97, 60, 160
-0.992514, 185, 233, 248, 264
-0.992528, 225, 85, 256, 116
-0.992542, 121, 349, 184, 380
-0.992543, 129, 181, 160, 212
-0.992551, 241, 89, 272, 120
-0.992555, 221, 161, 252, 192
-0.992567, 9, 257, 72, 384
-0.992597, 201, 81, 232, 112
-0.992598, 17, 153, 48, 184
-0.992604, 257, 165, 288, 196
-0.992616, 161, 177, 192, 304
-0.992628, 109, 117, 140, 148
-0.992645, 137, 261, 200, 292
-0.992676, 89, 161, 152, 192
-0.992679, 241, 265, 304, 296
-0.992689, 113, 289, 144, 352
-0.992689, 5, 145, 36, 176
-0.992691, 265, 1, 328, 500
-0.992706, 45, 125, 76, 156
-0.992741, 97, 197, 128, 228
-0.992754, 121, 241, 184, 272
-0.992774, 233, 153, 264, 184
-0.992786, 201, 133, 264, 164
-0.992797, 265, 369, 328, 400
-0.992809, 265, 81, 296, 112
-0.992811, 65, 65, 320, 128
-0.992811, 129, 329, 192, 360
-0.992812, 177, 73, 304, 104
-0.992829, 153, 361, 216, 392
-0.992846, 257, 133, 320, 164
-0.992858, 57, 225, 120, 256
-0.992881, 113, 277, 176, 308
-0.992891, 97, 317, 160, 348
-0.992893, 193, 161, 224, 288
-0.992905, 205, 97, 236, 128
-0.992909, 101, 281, 132, 312
-0.992912, 145, 201, 176, 232
-0.992935, 57, 257, 120, 288
-0.992953, 273, 137, 304, 200
-0.992962, 1, 257, 64, 500
-0.992965, 109, 173, 140, 204
-0.992972, 289, 165, 320, 196
-0.992981, 177, 173, 240, 204
-0.992993, 193, 365, 256, 396
-0.993, 57, 193, 120, 224
-0.993005, 65, 153, 320, 216
-0.993017, 25, 141, 56, 172
-0.993017, 161, 101, 192, 132
-0.99302, 81, 121, 208, 184
-0.993023, 281, 321, 312, 448
-0.993026, 209, 253, 272, 284
-0.993026, 13, 121, 44, 152
-0.993034, 137, 225, 200, 256
-0.993039, 145, 185, 176, 216
-0.99305, 261, 137, 292, 168
-0.993054, 129, 113, 160, 144
-0.99307, 161, 77, 192, 108
-0.993073, 73, 313, 136, 344
-0.993085, 85, 257, 116, 384
-0.993099, 177, 97, 208, 128
-0.993122, 281, 349, 312, 380
-0.993125, 129, 65, 160, 128
-0.993137, 97, 269, 128, 300
-0.993144, 209, 221, 272, 252
-0.993161, 177, 137, 240, 168
-0.993169, 65, 205, 128, 236
-0.993189, 233, 197, 296, 228
-0.993189, 165, 353, 196, 416
-0.993213, 5, 169, 36, 200
-0.993216, 165, 333, 196, 364
-0.993237, 233, 209, 264, 272
-0.993238, 217, 137, 248, 168
-0.993251, 45, 137, 76, 168
-0.993261, 199, 73, 214, 136
-0.993263, 225, 117, 256, 148
-0.993278, 217, 173, 248, 204
-0.99329, 185, 333, 248, 364
-0.99329, 161, 161, 224, 192
-0.993291, 33, 249, 288, 312
-0.993291, 145, 205, 208, 236
-0.9933, 265, 249, 296, 280
-0.993301, 217, 97, 248, 128
-0.993302, 9, 373, 72, 404
-0.993305, 109, 197, 140, 228
-0.993314, 201, 57, 264, 88
-0.993325, 97, 185, 128, 216
-0.993335, 73, 129, 104, 160
-0.993336, 201, 173, 232, 204
-0.993338, 17, 97, 48, 160
-0.993341, 265, 253, 328, 284
-0.99335, 129, 193, 160, 224
-0.993356, 133, 261, 164, 292
-0.993357, 209, 161, 240, 192
-0.993357, 121, 153, 184, 184
-0.993359, 151, 73, 166, 136
-0.993362, 81, 289, 208, 352
-0.99337, 277, 77, 308, 108
-0.993388, 281, 321, 312, 384
-0.993391, 257, 273, 320, 400
-0.993396, 129, 121, 256, 184
-0.993401, 217, 345, 248, 376
-0.993402, 277, 169, 308, 200
-0.99341, 217, 265, 280, 296
-0.993424, 81, 117, 112, 148
-0.99343, 283, 57, 298, 120
-0.993436, 113, 281, 144, 312
-0.993449, 1, 369, 128, 496
-0.993451, 121, 269, 152, 300
-0.993458, 261, 321, 292, 384
-0.993465, 177, 189, 240, 220
-0.993471, 65, 161, 128, 192
-0.993487, 277, 241, 308, 272
-0.993501, 209, 65, 224, 128
-0.993526, 33, 289, 160, 352
-0.993539, 85, 205, 116, 236
-0.993543, 131, 89, 146, 152
-0.993547, 141, 89, 156, 152
-0.993549, 109, 265, 140, 296
-0.993558, 61, 129, 92, 160
-0.99356, 101, 305, 132, 336
-0.993567, 65, 281, 128, 312
-0.993584, 113, 313, 144, 376
-0.993597, 235, 65, 250, 128
-0.993598, 85, 185, 116, 216
-0.993616, 245, 173, 276, 204
-0.993624, 237, 125, 268, 156
-0.993626, 75, 105, 90, 168
-0.99363, 133, 237, 164, 268
-0.993645, 129, 169, 160, 200
-0.993649, 121, 317, 184, 348
-0.99365, 69, 117, 100, 148
-0.99365, 209, 189, 240, 220
-0.99365, 217, 73, 232, 136
-0.993657, 1, 269, 64, 300
-0.993658, 97, 329, 160, 360
-0.993672, 253, 253, 284, 284
-0.993698, 93, 165, 124, 196
-0.993703, 213, 233, 244, 264
-0.993726, 233, 369, 296, 400
-0.993733, 1, 89, 128, 152
-0.993739, 225, 337, 288, 464
-0.993739, 213, 121, 244, 152
-0.993742, 141, 113, 172, 144
-0.993767, 5, 157, 36, 188
-0.993807, 97, 229, 128, 260
-0.993834, 289, 69, 320, 100
-0.993836, 289, 185, 320, 216
-0.993839, 101, 241, 132, 272
-0.99385, 109, 97, 124, 160
-0.993855, 9, 1, 72, 500
-0.993866, 145, 253, 176, 284
-0.993868, 153, 333, 184, 364
-0.993869, 91, 97, 106, 160
-0.99387, 97, 209, 128, 240
-0.993874, 145, 173, 176, 204
-0.993877, 229, 97, 260, 128
-0.993878, 85, 129, 116, 160
-0.993884, 45, 113, 76, 144
-0.993897, 129, 85, 160, 116
-0.9939, 1, 121, 32, 152
-0.993903, 101, 253, 132, 284
-0.993908, 241, 265, 272, 296
-0.993915, 157, 237, 188, 268
-0.993918, 113, 49, 240, 112
-0.993924, 145, 289, 176, 416
-0.993944, 157, 57, 188, 120
-0.993958, 113, 225, 144, 288
-0.993965, 49, 1, 112, 500
-0.993967, 125, 297, 156, 360
-0.993967, 125, 249, 156, 280
-0.99397, 221, 149, 252, 180
-0.99397, 205, 221, 236, 252
-0.993973, 119, 97, 134, 160
-0.993992, 113, 297, 144, 328
-0.993992, 77, 229, 108, 260
-0.993993, 221, 213, 252, 244
-0.994, 85, 93, 116, 124
-0.994003, 97, 289, 128, 416
-0.994006, 261, 181, 292, 212
-0.994008, 257, 217, 288, 280
-0.994013, 205, 137, 236, 168
-0.994015, 141, 225, 172, 256
-0.994021, 229, 225, 260, 256
-0.994031, 225, 245, 256, 276
-0.994058, 33, 109, 160, 140
-0.994059, 213, 201, 244, 232
-0.994073, 241, 253, 272, 284
-0.994077, 59, 113, 74, 176
-0.99409, 223, 73, 238, 136
-0.9941, 245, 137, 276, 168
-0.994108, 257, 153, 288, 184
-0.994112, 169, 345, 200, 376
-0.994114, 209, 161, 330, 192
-0.994132, 109, 89, 140, 120
-0.994142, 245, 73, 260, 136
-0.994146, 85, 265, 116, 296
-0.994147, 293, 345, 324, 376
-0.994153, 81, 217, 112, 248
-0.994155, 61, 101, 92, 132
-0.994156, 261, 93, 292, 124
-0.994198, 65, 81, 96, 144
-0.994205, 145, 249, 272, 312
-0.994207, 89, 225, 120, 288
-0.994239, 153, 105, 184, 168
-0.994264, 33, 337, 288, 400
-0.994299, 273, 65, 288, 128
-0.994348, 97, 93, 224, 124
-0.994355, 153, 353, 184, 416
-0.994361, 229, 81, 244, 144
-0.994376, 161, 369, 224, 496
-0.994381, 103, 105, 118, 168
-0.99441, 265, 185, 296, 248
-0.994466, 161, 97, 288, 128
-0.994542, 69, 113, 84, 176
-0.994547, 161, 313, 288, 376
-0.994565, 157, 81, 172, 144
-0.994572, 85, 105, 100, 168
-0.994607, 49, 121, 64, 184
-0.99463, 33, 313, 160, 376
-0.994655, 241, 17, 272, 144
-0.994658, 169, 273, 200, 400
-0.994659, 205, 225, 236, 288
-0.994671, 1, 81, 330, 144
-0.9947, 191, 65, 206, 128
-0.994726, 185, 41, 216, 104
-0.994734, 9, 121, 24, 184
-0.994735, 113, 193, 240, 224
-0.994739, 1, 161, 32, 288
-0.994746, 293, 49, 324, 112
-0.994747, 297, 321, 328, 448
-0.994766, 253, 65, 268, 128
-0.994781, 177, 313, 208, 376
-0.994806, 125, 97, 140, 160
-0.994837, 21, 121, 36, 184
-0.994854, 217, 161, 232, 224
-0.99486, 235, 89, 250, 152
-0.994863, 41, 121, 56, 184
-0.994934, 73, 49, 104, 176
-0.994964, 81, 205, 208, 236
-0.995016, 31, 129, 46, 192
-0.995031, 227, 121, 242, 184
-0.995071, 185, 65, 200, 128
-0.995087, 171, 329, 186, 392
-0.995094, 41, 193, 104, 320
-0.995099, 237, 153, 252, 216
-0.995105, 1, 225, 330, 288
-0.995118, 217, 361, 248, 424
-0.995144, 267, 65, 282, 128
-0.995179, 1, 185, 330, 248
-0.995196, 145, 233, 272, 264
-0.995219, 221, 137, 236, 200
-0.995255, 33, 1, 96, 256
-0.99527, 209, 205, 330, 236
-0.995275, 193, 173, 320, 204
-0.995406, 265, 145, 280, 208
-0.995414, 33, 129, 160, 160
-0.995435, 57, 49, 88, 176
-0.995437, 211, 169, 226, 232
-0.995447, 249, 65, 280, 320
-0.995454, 161, 341, 288, 372
-0.99547, 197, 113, 228, 240
-0.995508, 73, 177, 104, 304
-0.995509, 81, 105, 208, 136
-0.995512, 251, 153, 266, 216
-0.995534, 205, 185, 220, 248
-0.995566, 209, 185, 330, 216
-0.995585, 97, 97, 112, 160
-0.995621, 259, 153, 274, 216
-0.995629, 229, 161, 244, 224
-0.99563, 209, 225, 330, 256
-0.995654, 65, 193, 192, 224
-0.995675, 33, 273, 288, 336
-0.995675, 145, 165, 272, 196
-0.995679, 145, 85, 272, 116
-0.995689, 81, 117, 208, 148
-0.995712, 237, 113, 252, 176
-0.99573, 81, 225, 208, 256
-0.995738, 149, 145, 180, 272
-0.995739, 81, 245, 208, 276
-0.995739, 289, 65, 304, 128
-0.995756, 209, 89, 330, 120
-0.995785, 1, 141, 128, 172
-0.995785, 265, 129, 296, 384
-0.995807, 311, 169, 326, 232
-0.995812, 217, 97, 232, 160
-0.99582, 1, 313, 256, 376
-0.995834, 113, 177, 240, 208
-0.995851, 285, 345, 300, 408
-0.995869, 229, 57, 244, 120
-0.995874, 145, 221, 272, 252
-0.995877, 221, 33, 252, 288
-0.995885, 145, 245, 272, 276
-0.995929, 223, 161, 238, 224
-0.995937, 105, 161, 136, 416
-0.995946, 245, 153, 260, 216
-0.995985, 141, 169, 156, 232
-0.995991, 209, 357, 330, 388
-0.996028, 125, 161, 156, 416
-0.996031, 125, 289, 156, 416
-0.996046, 65, 177, 192, 208
-0.996082, 237, 321, 268, 448
-0.996084, 105, 177, 120, 240
-0.99609, 301, 337, 316, 400
-0.996093, 145, 337, 176, 464
-0.996094, 231, 337, 246, 400
-0.99611, 147, 169, 162, 232
-0.996117, 129, 205, 256, 236
-0.996126, 211, 89, 226, 152
-0.996131, 189, 273, 220, 400
-0.996135, 15, 121, 30, 184
-0.996148, 97, 261, 224, 292
-0.996166, 259, 65, 274, 128
-0.99619, 153, 105, 168, 168
-0.996193, 137, 33, 168, 160
-0.996195, 183, 89, 198, 152
-0.996198, 243, 129, 258, 192
-0.996206, 109, 273, 124, 336
-0.996248, 209, 61, 330, 92
-0.996259, 215, 193, 230, 256
-0.996263, 103, 265, 118, 328
-0.996265, 307, 337, 322, 400
-0.99628, 209, 129, 240, 384
-0.996295, 155, 193, 170, 256
-0.996299, 25, 145, 56, 272
-0.996316, 163, 81, 178, 144
-0.99632, 109, 65, 140, 320
-0.996327, 137, 257, 152, 320
-0.996328, 293, 345, 308, 408
-0.996332, 177, 337, 192, 400
-0.996358, 115, 121, 130, 184
-0.996363, 137, 129, 168, 384
-0.996396, 265, 289, 296, 416
-0.996404, 275, 161, 290, 224
-0.99641, 131, 169, 146, 232
-0.996424, 123, 281, 138, 344
-0.996424, 49, 269, 176, 300
-0.996432, 269, 33, 300, 288
-0.996461, 283, 169, 298, 232
-0.996475, 183, 337, 198, 400
-0.996492, 163, 209, 178, 272
-0.996521, 145, 153, 272, 184
-0.996524, 189, 337, 204, 400
-0.996528, 1, 161, 330, 224
-0.99653, 277, 241, 292, 304
-0.996542, 225, 129, 256, 384
-0.996553, 153, 241, 184, 368
-0.996594, 287, 233, 302, 296
-0.996597, 1, 249, 330, 312
-0.996614, 151, 249, 166, 312
-0.996614, 49, 257, 176, 288
-0.996628, 109, 121, 124, 184
-0.996628, 9, 161, 24, 224
-0.996664, 313, 337, 328, 400
-0.996678, 305, 185, 320, 248
-0.996683, 221, 337, 236, 400
-0.996691, 123, 169, 138, 232
-0.996702, 111, 297, 126, 360
-0.996728, 245, 49, 260, 112
-0.996752, 193, 369, 256, 496
-0.996761, 237, 33, 268, 288
-0.996768, 89, 65, 120, 320
-0.996771, 199, 337, 214, 400
-0.996787, 295, 161, 310, 224
-0.996799, 237, 129, 268, 384
-0.996806, 99, 201, 114, 264
-0.996815, 259, 129, 274, 192
-0.996826, 155, 169, 170, 232
-0.996826, 271, 137, 286, 200
-0.996835, 263, 249, 278, 312
-0.996846, 305, 161, 320, 224
-0.996846, 99, 177, 114, 240
-0.996848, 269, 1, 300, 128
-0.996855, 207, 337, 222, 400
-0.996857, 209, 249, 330, 280
-0.99687, 113, 169, 128, 232
-0.996873, 229, 185, 244, 248
-0.996883, 67, 89, 82, 152
-0.996886, 271, 241, 286, 304
-0.996887, 121, 121, 136, 184
-0.99689, 289, 169, 304, 232
-0.996893, 83, 129, 98, 192
-0.9969, 237, 337, 252, 400
-0.996915, 229, 233, 244, 296
-0.99694, 117, 281, 132, 344
-0.996941, 17, 237, 144, 268
-0.996949, 91, 121, 106, 184
-0.996953, 189, 89, 204, 152
-0.996956, 65, 41, 320, 104
-0.99697, 113, 33, 144, 160
-0.996971, 215, 137, 230, 200
-0.996975, 223, 97, 238, 160
-0.996989, 143, 257, 158, 320
-0.996989, 131, 145, 146, 208
-0.997006, 297, 217, 312, 280
-0.997011, 201, 273, 232, 400
-0.997012, 129, 273, 144, 336
-0.997016, 1, 137, 16, 200
-0.99702, 129, 109, 256, 140
-0.99703, 139, 113, 154, 176
-0.997031, 193, 33, 224, 288
-0.997032, 193, 237, 320, 268
-0.997039, 65, 161, 192, 192
-0.997041, 205, 97, 220, 160
-0.997044, 103, 289, 118, 352
-0.997048, 105, 105, 120, 136
-0.99706, 205, 161, 220, 224
-0.997063, 199, 49, 214, 112
-0.99707, 271, 89, 286, 152
-0.997083, 193, 137, 320, 168
-0.997084, 177, 89, 192, 152
-0.997087, 121, 65, 152, 320
-0.997092, 213, 337, 228, 400
-0.9971, 223, 225, 238, 288
-0.997103, 183, 73, 198, 104
-0.997107, 115, 101, 130, 132
-0.997108, 157, 233, 172, 296
-0.997122, 265, 225, 296, 480
-0.997152, 235, 69, 250, 100
-0.997164, 135, 93, 150, 124
-0.997178, 145, 141, 272, 172
-0.997187, 181, 33, 212, 288
-0.997187, 161, 353, 288, 384
-0.997202, 149, 193, 180, 448
-0.997203, 251, 73, 266, 104
-0.997211, 93, 193, 124, 448
-0.99722, 129, 97, 144, 128
-0.997237, 277, 161, 308, 416
-0.997243, 113, 69, 240, 100
-0.99725, 209, 333, 330, 364
-0.997251, 151, 81, 166, 112
-0.997251, 161, 193, 288, 224
-0.997256, 281, 65, 312, 320
-0.997288, 135, 105, 150, 136
-0.997291, 81, 329, 208, 360
-0.997295, 193, 69, 208, 100
-0.9973, 87, 101, 102, 132
-0.997306, 5, 129, 36, 384
-0.997313, 221, 77, 236, 108
-0.997315, 113, 341, 240, 372
-0.997317, 1, 345, 330, 408
-0.997333, 29, 129, 44, 160
-0.997338, 99, 109, 114, 140
-0.997345, 49, 125, 64, 156
-0.997346, 229, 85, 244, 116
-0.99736, 183, 85, 198, 116
-0.997364, 261, 65, 276, 96
-0.997398, 217, 225, 248, 480
-0.997416, 91, 117, 106, 148
-0.997422, 141, 97, 156, 128
-0.997429, 113, 113, 128, 144
-0.997436, 195, 85, 210, 116
-0.997443, 285, 61, 300, 92
-0.997453, 19, 125, 34, 156
-0.997453, 161, 365, 288, 396
-0.997455, 73, 121, 88, 152
-0.997468, 221, 289, 252, 416
-0.99747, 1, 201, 128, 232
-0.997473, 33, 289, 160, 320
-0.997483, 275, 65, 290, 96
-0.997484, 81, 297, 208, 328
-0.997491, 209, 69, 224, 100
-0.997509, 113, 357, 240, 388
-0.99751, 41, 129, 56, 160
-0.997526, 1, 161, 64, 288
-0.997532, 67, 109, 82, 140
-0.997551, 81, 109, 96, 140
-0.997555, 119, 113, 134, 144
-0.997568, 85, 305, 116, 432
-0.997586, 55, 117, 70, 148
-0.997588, 245, 77, 260, 108
-0.997589, 157, 97, 172, 128
-0.997597, 99, 121, 114, 152
-0.997614, 131, 185, 146, 216
-0.997615, 1, 265, 128, 296
-0.997635, 81, 161, 112, 416
-0.997649, 199, 73, 214, 104
-0.997652, 117, 257, 148, 500
-0.997656, 17, 181, 144, 212
-0.997667, 129, 109, 144, 140
-0.997672, 169, 329, 184, 360
-0.997672, 265, 77, 280, 108
-0.997679, 123, 101, 138, 132
-0.99768, 9, 129, 24, 160
-0.9977, 97, 273, 224, 304
-0.997706, 97, 149, 224, 180
-0.997709, 173, 33, 204, 160
-0.997741, 235, 81, 250, 112
-0.997741, 9, 169, 24, 200
-0.997746, 209, 345, 330, 376
-0.997748, 125, 185, 140, 216
-0.997752, 227, 73, 242, 104
-0.997757, 215, 89, 230, 120
-0.997763, 33, 97, 160, 128
-0.997766, 285, 81, 316, 208
-0.997768, 35, 133, 50, 164
-0.997776, 209, 33, 240, 288
-0.997777, 289, 225, 320, 352
-0.997786, 65, 121, 80, 152
-0.997795, 257, 77, 272, 108
-0.997797, 217, 161, 280, 176
-0.997802, 17, 225, 144, 256
-0.997808, 269, 165, 284, 196
-0.997815, 97, 81, 224, 112
-0.997816, 189, 81, 204, 112
-0.997823, 137, 33, 168, 288
-0.997837, 219, 165, 234, 196
-0.99784, 49, 137, 64, 168
-0.99784, 109, 277, 124, 308
-0.997847, 243, 89, 258, 120
-0.997848, 149, 97, 180, 352
-0.997855, 259, 161, 274, 192
-0.997868, 237, 117, 252, 148
-0.997871, 1, 213, 128, 244
-0.997877, 209, 81, 224, 112
-0.997877, 19, 137, 34, 168
-0.997879, 225, 161, 240, 192
-0.997885, 209, 113, 330, 176
-0.997886, 229, 137, 244, 168
-0.997887, 161, 329, 288, 360
-0.997895, 253, 161, 284, 416
-0.9979, 41, 141, 56, 172
-0.997909, 165, 65, 196, 320
-0.997912, 65, 341, 192, 372
-0.997916, 153, 89, 216, 104
-0.997918, 145, 109, 160, 140
-0.997919, 1, 361, 256, 424
-0.997923, 29, 141, 44, 172
-0.997925, 81, 125, 96, 156
-0.997927, 123, 173, 138, 204
-0.997943, 151, 93, 166, 124
-0.997947, 1, 165, 128, 196
-0.99796, 189, 97, 204, 128
-0.997962, 209, 265, 330, 296
-0.997964, 231, 157, 246, 188
-0.99797, 235, 97, 250, 128
-0.997976, 205, 193, 220, 224
-0.99798, 105, 117, 120, 148
-0.99798, 103, 269, 118, 300
-0.99799, 193, 149, 320, 180
-0.997998, 33, 65, 160, 128
-0.997998, 201, 89, 216, 120
-0.998, 1, 249, 128, 280
-0.998001, 81, 285, 208, 316
-0.998002, 93, 105, 108, 136
-0.998005, 157, 85, 172, 116
-0.99801, 265, 133, 280, 164
-0.998011, 121, 95, 184, 110
-0.998016, 293, 129, 324, 384
-0.998021, 237, 225, 268, 480
-0.998024, 153, 185, 168, 216
-0.99803, 145, 95, 208, 110
-0.998031, 253, 157, 268, 188
-0.998031, 73, 113, 136, 128
-0.998036, 227, 125, 242, 156
-0.99804, 103, 201, 118, 232
-0.998046, 147, 185, 162, 216
-0.99805, 155, 109, 170, 140
-0.998051, 249, 69, 312, 84
-0.998056, 271, 133, 286, 164
-0.998056, 209, 369, 330, 400
-0.99806, 281, 73, 296, 104
-0.998062, 19, 153, 34, 184
-0.998064, 221, 89, 236, 120
-0.998064, 137, 185, 152, 216
-0.998066, 63, 133, 78, 164
-0.998072, 89, 101, 152, 116
-0.998079, 119, 193, 134, 224
-0.998088, 241, 79, 304, 94
-0.998093, 33, 301, 160, 332
-0.9981, 81, 317, 208, 348
-0.998102, 55, 129, 70, 160
-0.998102, 307, 165, 322, 196
-0.998107, 269, 337, 300, 464
-0.998109, 177, 71, 240, 86
-0.998112, 61, 109, 76, 140
-0.998115, 205, 173, 220, 204
-0.99812, 157, 197, 172, 228
-0.998124, 133, 173, 148, 204
-0.998128, 201, 77, 264, 92
-0.998135, 129, 103, 192, 118
-0.998135, 133, 257, 164, 500
-0.998135, 285, 353, 300, 384
-0.998137, 113, 177, 128, 208
-0.998146, 105, 197, 168, 212
-0.998146, 279, 169, 294, 200
-0.998147, 49, 141, 176, 172
-0.998156, 1, 385, 256, 448
-0.99816, 105, 107, 168, 122
-0.99816, 115, 281, 130, 312
-0.99817, 109, 197, 124, 228
-0.998179, 161, 61, 288, 92
-0.998185, 103, 189, 118, 220
-0.998189, 259, 89, 274, 120
-0.99819, 93, 197, 108, 228
-0.998197, 33, 365, 160, 396
-0.9982, 251, 85, 266, 116
-0.998205, 75, 109, 90, 140
-0.998207, 145, 85, 160, 116
-0.998208, 57, 97, 88, 352
-0.998223, 49, 117, 112, 132
-0.998233, 145, 257, 272, 288
-0.998234, 33, 313, 160, 344
-0.998237, 237, 129, 252, 160
-0.998237, 235, 345, 250, 376
-0.998242, 151, 201, 166, 232
-0.998243, 183, 97, 198, 128
-0.998243, 213, 165, 228, 196
-0.998247, 223, 145, 238, 176
-0.998249, 25, 129, 88, 144
-0.998262, 215, 77, 230, 108
-0.998268, 163, 89, 178, 120
-0.998272, 155, 249, 170, 280
-0.998272, 225, 17, 256, 144
-0.998273, 153, 101, 216, 116
-0.998277, 291, 77, 306, 108
-0.998278, 213, 125, 228, 156
-0.99828, 287, 173, 302, 204
-0.998281, 81, 107, 144, 122
-0.998294, 17, 85, 144, 116
-0.998295, 185, 93, 248, 108
-0.998296, 141, 173, 156, 204
-0.9983, 89, 125, 152, 140
-0.9983, 129, 89, 192, 104
-0.998307, 229, 97, 244, 128
-0.99831, 233, 87, 296, 102
-0.99831, 81, 129, 208, 160
-0.998317, 1, 141, 64, 156
-0.998318, 213, 185, 228, 216
-0.998349, 307, 185, 322, 216
-0.998349, 207, 101, 222, 132
-0.998349, 225, 71, 288, 86
-0.99835, 1, 277, 128, 308
-0.998353, 237, 145, 252, 176
-0.998354, 223, 229, 238, 260
-0.998356, 7, 157, 22, 188
-0.998357, 35, 145, 50, 176
-0.998363, 121, 285, 136, 316
-0.998364, 185, 83, 248, 98
-0.998368, 209, 101, 330, 132
-0.998391, 9, 65, 40, 192
-0.998394, 49, 123, 112, 138
-0.9984, 265, 167, 328, 182
-0.998408, 1, 33, 128, 160
-0.998417, 105, 119, 168, 134
-0.998418, 1, 135, 64, 150
-0.998431, 105, 187, 168, 202
-0.998436, 105, 257, 136, 500
-0.998436, 129, 113, 192, 128
-0.998439, 97, 57, 224, 88
-0.998441, 265, 173, 328, 188
-0.998444, 1, 153, 128, 184
-0.998457, 125, 175, 156, 190
-0.998457, 281, 87, 312, 102
-0.998458, 233, 179, 264, 194
-0.998459, 217, 181, 248, 196
-0.998459, 1, 175, 32, 190
-0.99846, 133, 249, 164, 264
-0.998461, 125, 181, 156, 196
-0.998461, 201, 179, 232, 194
-0.998461, 153, 333, 184, 348
-0.998462, 281, 273, 312, 400
-0.998463, 221, 157, 252, 172
-0.998466, 145, 179, 176, 194
-0.998467, 161, 97, 192, 224
-0.998467, 153, 111, 184, 126
-0.998469, 101, 243, 132, 258
-0.998469, 89, 175, 120, 190
-0.99847, 73, 103, 104, 118
-0.99847, 281, 77, 312, 92
-0.99847, 93, 205, 124, 220
-0.998471, 57, 129, 88, 144
-0.998473, 225, 137, 288, 152
-0.998475, 293, 169, 324, 184
-0.998475, 117, 95, 148, 110
-0.998476, 273, 169, 304, 184
-0.998479, 153, 77, 216, 92
-0.99848, 73, 117, 104, 132
-0.998482, 161, 83, 192, 98
-0.998482, 225, 123, 256, 138
-0.998484, 261, 165, 292, 180
-0.998487, 205, 139, 236, 154
-0.998488, 265, 91, 296, 106
-0.998488, 213, 129, 244, 144
-0.998492, 129, 105, 160, 120
-0.998493, 281, 351, 312, 366
-0.998493, 129, 111, 160, 126
-0.998494, 217, 167, 280, 182
-0.998497, 117, 189, 148, 204
-0.998498, 137, 185, 168, 200
-0.998499, 105, 177, 136, 192
-0.9985, 117, 109, 148, 124
-0.9985, 113, 283, 144, 298
-0.9985, 153, 107, 216, 122
-0.998501, 125, 197, 156, 212
-0.998502, 221, 347, 252, 362
-0.998502, 81, 199, 112, 214
-0.998504, 101, 267, 132, 282
-0.998505, 17, 147, 48, 162
-0.998506, 217, 139, 248, 154
-0.998507, 97, 115, 128, 130
-0.998508, 141, 113, 172, 128
-0.998509, 1, 127, 64, 142
-0.998509, 113, 175, 176, 190
-0.99851, 29, 149, 60, 164
-0.99851, 145, 201, 176, 216
-0.998512, 245, 157, 276, 172
-0.998512, 137, 243, 168, 258
-0.998514, 93, 199, 124, 214
-0.998514, 105, 113, 168, 128
-0.998514, 137, 191, 168, 206
-0.998515, 193, 89, 224, 104
-0.998515, 153, 83, 216, 98
-0.998515, 165, 339, 196, 354
-0.998516, 185, 103, 248, 118
-0.998517, 89, 243, 152, 258
-0.99852, 229, 97, 260, 112
-0.998522, 17, 155, 48, 170
-0.998524, 97, 105, 128, 120
-0.998524, 101, 279, 132, 294
-0.998525, 289, 177, 320, 192
-0.998525, 65, 135, 96, 150
-0.998526, 109, 121, 140, 136
-0.998527, 85, 101, 116, 116
-0.99853, 45, 123, 76, 138
-0.99853, 201, 173, 232, 188
-0.998531, 245, 137, 276, 152
-0.998532, 49, 141, 80, 156
-0.998533, 217, 97, 280, 112
-0.998533, 5, 169, 36, 184
-0.998534, 57, 109, 88, 124
-0.998535, 145, 83, 176, 98
-0.998536, 1, 57, 330, 120
-0.998538, 141, 95, 172, 110
-0.998538, 109, 115, 140, 130
-0.998539, 221, 163, 252, 178
-0.99854, 29, 129, 60, 144
-0.998544, 261, 67, 292, 82
-0.998546, 245, 77, 276, 92
-0.998549, 209, 101, 240, 116
-0.998549, 161, 89, 192, 104
-0.998551, 213, 169, 244, 184
-0.998554, 225, 133, 256, 148
-0.998554, 113, 195, 144, 210
-0.998555, 241, 93, 304, 108
-0.998557, 77, 131, 108, 146
-0.998557, 129, 117, 160, 132
-0.998559, 105, 183, 136, 198
-0.99856, 17, 133, 48, 148
-0.998562, 205, 77, 236, 92
-0.998565, 249, 163, 280, 178
-0.998567, 105, 181, 168, 196
-0.998567, 249, 83, 280, 98
-0.998568, 205, 89, 236, 104
-0.998569, 225, 117, 256, 132
-0.998569, 81, 179, 144, 194
-0.99857, 241, 95, 272, 110
-0.998576, 257, 137, 288, 152
-0.998578, 193, 77, 224, 92
-0.998581, 185, 101, 216, 116
-0.998581, 233, 79, 264, 94
-0.998581, 65, 353, 192, 384
-0.998581, 97, 249, 160, 264
-0.998583, 73, 111, 104, 126
-0.998583, 161, 105, 192, 120
-0.998584, 181, 81, 212, 96
-0.998585, 205, 83, 236, 98
-0.998585, 161, 343, 224, 358
-0.998586, 97, 125, 128, 140
-0.998586, 261, 171, 292, 186
-0.998587, 33, 329, 160, 360
-0.998587, 229, 91, 260, 106
-0.99859, 25, 141, 56, 156
-0.998591, 233, 73, 264, 88
-0.998591, 177, 95, 208, 110
-0.998591, 193, 69, 224, 84
-0.998591, 5, 149, 36, 164
-0.998594, 253, 89, 284, 104
-0.998595, 205, 95, 236, 110
-0.998605, 217, 177, 280, 192
-0.998606, 129, 95, 160, 110
-0.998609, 13, 127, 44, 142
-0.998611, 225, 85, 256, 100
-0.998615, 233, 157, 264, 172
-0.998617, 5, 143, 36, 158
-0.998617, 177, 73, 208, 88
-0.998621, 85, 107, 116, 122
-0.998625, 57, 115, 88, 130
-0.998627, 97, 259, 160, 274
-0.998627, 249, 71, 280, 86
-0.998632, 141, 103, 172, 118
-0.998633, 221, 75, 252, 90
-0.998635, 65, 131, 128, 146
-0.998636, 217, 227, 280, 242
-0.998636, 5, 133, 36, 148
-0.998637, 205, 69, 236, 84
-0.998638, 177, 87, 208, 102
-0.998638, 97, 267, 160, 282
-0.998639, 205, 225, 236, 480
-0.99864, 161, 95, 192, 110
-0.99864, 193, 113, 320, 144
-0.998643, 269, 83, 300, 98
-0.998643, 269, 73, 300, 88
-0.998644, 141, 89, 172, 104
-0.998645, 289, 225, 320, 480
-0.998646, 49, 137, 112, 152
-0.998648, 241, 89, 272, 104
-0.998657, 257, 77, 288, 92
-0.998659, 177, 77, 240, 92
-0.998663, 1, 151, 64, 166
-0.998674, 217, 91, 248, 106
-0.998675, 273, 67, 304, 82
-0.998677, 209, 83, 272, 98
-0.998686, 113, 243, 176, 258
-0.99869, 81, 187, 144, 202
-0.998696, 109, 101, 140, 116
-0.998697, 45, 97, 76, 352
-0.998698, 265, 87, 328, 102
-0.9987, 73, 119, 136, 134
-0.998701, 129, 285, 256, 316
-0.998702, 189, 95, 220, 110
-0.998704, 193, 173, 256, 188
-0.998715, 1, 377, 128, 408
-0.998729, 81, 197, 144, 212
-0.998734, 249, 223, 312, 238
-0.998735, 69, 33, 100, 288
-0.998742, 265, 77, 328, 92
-0.998742, 211, 49, 226, 176
-0.998745, 241, 253, 304, 268
-0.998745, 193, 179, 256, 194
-0.998748, 113, 81, 128, 208
-0.998751, 89, 237, 152, 252
-0.998753, 169, 209, 232, 336
-0.998761, 105, 281, 168, 296
-0.998765, 1, 273, 330, 336
-0.99877, 217, 129, 280, 144
-0.99877, 25, 123, 88, 138
-0.998774, 193, 185, 256, 200
-0.998774, 105, 273, 168, 288
-0.998775, 233, 143, 296, 158
-0.998776, 193, 125, 320, 156
-0.99878, 241, 169, 304, 184
-0.99878, 217, 155, 280, 170
-0.998784, 119, 81, 134, 208
-0.998787, 153, 197, 216, 212
-0.998791, 209, 89, 272, 104
-0.998791, 89, 229, 152, 244
-0.998797, 257, 161, 320, 176
-0.998797, 225, 245, 288, 260
-0.998802, 217, 221, 280, 236
-0.998804, 275, 49, 290, 176
-0.998808, 137, 181, 200, 196
-0.998809, 33, 143, 96, 158
-0.998811, 193, 345, 256, 360
-0.998819, 149, 33, 180, 160
-0.998825, 209, 207, 272, 222
-0.998828, 249, 63, 312, 78
-0.998829, 81, 275, 144, 290
-0.99883, 121, 207, 184, 222
-0.99883, 233, 185, 296, 200
-0.998833, 89, 207, 152, 222
-0.998835, 265, 187, 328, 202
-0.998837, 233, 365, 296, 380
-0.998842, 113, 237, 176, 252
-0.998844, 249, 137, 312, 152
-0.998847, 177, 277, 304, 308
-0.998847, 129, 381, 256, 412
-0.998849, 201, 191, 264, 206
-0.998861, 201, 139, 264, 154
-0.998864, 201, 71, 264, 86
-0.998864, 89, 223, 152, 238
-0.99887, 153, 337, 216, 352
-0.99887, 189, 49, 204, 176
-0.998872, 121, 223, 184, 238
-0.998874, 1, 425, 256, 488
-0.998876, 265, 247, 328, 262
-0.998877, 129, 83, 192, 98
-0.998881, 237, 65, 252, 192
-0.998882, 25, 135, 88, 150
-0.998891, 129, 191, 192, 206
-0.998892, 201, 145, 264, 160
-0.998892, 233, 359, 296, 374
-0.998901, 147, 65, 162, 192
-0.998904, 1, 361, 128, 424
-0.998905, 121, 229, 184, 244
-0.998911, 265, 181, 328, 196
-0.998919, 153, 243, 216, 258
-0.998919, 129, 267, 192, 282
-0.998919, 97, 293, 160, 308
-0.998919, 209, 213, 272, 228
-0.998923, 69, 97, 84, 224
-0.998928, 241, 175, 304, 190
-0.998932, 193, 293, 320, 324
-0.998932, 169, 209, 232, 224
-0.998934, 25, 149, 88, 164
-0.998934, 265, 371, 328, 386
-0.998938, 137, 261, 200, 276
-0.998942, 193, 245, 256, 260
-0.998947, 121, 213, 184, 228
-0.998947, 57, 239, 120, 254
-0.998948, 193, 157, 256, 172
-0.998949, 91, 81, 106, 208
-0.998949, 89, 215, 152, 230
-0.99895, 125, 97, 140, 224
-0.998951, 61, 97, 76, 224
-0.998953, 265, 201, 328, 216
-0.998956, 233, 239, 296, 254
-0.998959, 121, 249, 184, 264
-0.99896, 241, 345, 304, 360
-0.99896, 129, 201, 192, 216
-0.998961, 241, 263, 304, 278
-0.998964, 185, 133, 248, 148
-0.998971, 201, 197, 264, 212
-0.998985, 203, 49, 218, 176
-0.998986, 281, 49, 296, 176
-0.998995, 209, 369, 330, 496
-0.998996, 153, 1, 216, 128
-0.998996, 267, 65, 282, 192
-0.999006, 131, 97, 146, 224
-0.999019, 255, 49, 270, 176
-0.999019, 81, 389, 208, 420
-0.99902, 215, 161, 230, 288
-0.999026, 183, 65, 198, 192
-0.999034, 153, 193, 168, 320
-0.99904, 153, 81, 168, 208
-0.999046, 77, 97, 92, 224
-0.999048, 103, 97, 118, 224
-0.999048, 129, 129, 256, 160
-0.999055, 49, 377, 176, 408
-0.999059, 101, 193, 116, 320
-0.99906, 17, 341, 144, 372
-0.999071, 287, 49, 302, 176
-0.999072, 133, 161, 148, 288
-0.999075, 111, 241, 126, 368
-0.999078, 7, 113, 22, 240
-0.99908, 277, 161, 292, 288
-0.99908, 129, 297, 256, 328
-0.999086, 113, 437, 240, 468
-0.999089, 197, 129, 228, 384
-0.99909, 249, 65, 264, 192
-0.999091, 147, 177, 162, 304
-0.999093, 85, 81, 100, 208
-0.999099, 137, 113, 152, 240
-0.999101, 55, 97, 70, 224
-0.999104, 113, 129, 128, 256
-0.999112, 309, 161, 324, 288
-0.999114, 129, 449, 256, 480
-0.999128, 207, 97, 222, 224
-0.999129, 197, 49, 212, 176
-0.999136, 209, 265, 330, 328
-0.999137, 171, 321, 186, 448
-0.999138, 127, 161, 142, 288
-0.999141, 185, 1, 216, 128
-0.999142, 161, 177, 176, 304
-0.999149, 285, 177, 300, 304
-0.99915, 249, 145, 264, 272
-0.999153, 277, 257, 308, 500
-0.999154, 239, 113, 254, 240
-0.999162, 97, 461, 224, 492
-0.999174, 217, 65, 232, 192
-0.999174, 177, 317, 304, 348
-0.999181, 233, 113, 248, 240
-0.999183, 49, 73, 176, 104
-0.999193, 183, 321, 198, 448
-0.999196, 193, 49, 320, 80
-0.9992, 259, 113, 274, 240
-0.9992, 221, 145, 236, 272
-0.999201, 261, 49, 276, 176
-0.999203, 161, 401, 288, 432
-0.999211, 103, 257, 118, 384
-0.999213, 13, 113, 28, 240
-0.999216, 223, 65, 238, 192
-0.999217, 221, 321, 236, 448
-0.99922, 165, 321, 180, 448
-0.999221, 97, 129, 112, 256
-0.999228, 29, 113, 44, 240
-0.99923, 21, 113, 36, 240
-0.999231, 189, 321, 204, 448
-0.999237, 161, 433, 288, 464
-0.999237, 177, 321, 192, 448
-0.99924, 141, 65, 156, 192
-0.99924, 243, 49, 258, 176
-0.999245, 117, 273, 132, 400
-0.999246, 121, 177, 136, 304
-0.999249, 17, 353, 144, 384
-0.999251, 93, 193, 108, 320
-0.999251, 1, 437, 128, 468
-0.999256, 215, 321, 230, 448
-0.999256, 123, 273, 138, 400
-0.999257, 81, 449, 208, 480
-0.999259, 303, 161, 318, 288
-0.999259, 265, 113, 280, 240
-0.999261, 107, 177, 122, 304
-0.999267, 141, 161, 156, 288
-0.999267, 17, 65, 48, 320
-0.999268, 153, 241, 168, 368
-0.999271, 291, 161, 306, 288
-0.999274, 273, 97, 288, 224
-0.999274, 161, 461, 288, 492
-0.999274, 263, 241, 278, 368
-0.999275, 209, 145, 224, 272
-0.999276, 119, 129, 134, 256
-0.99928, 133, 257, 148, 384
-0.99928, 263, 161, 278, 288
-0.999283, 209, 397, 330, 428
-0.999283, 197, 321, 212, 448
-0.999284, 227, 129, 242, 256
-0.999291, 271, 177, 286, 304
-0.999297, 115, 177, 130, 304
-0.999299, 205, 321, 220, 448
-0.999302, 143, 113, 158, 240
-0.999307, 275, 241, 290, 368
-0.999311, 97, 241, 112, 368
-0.999312, 147, 241, 162, 368
-0.999313, 283, 225, 298, 352
-0.999314, 215, 113, 230, 240
-0.999316, 177, 449, 304, 480
-0.999318, 49, 469, 176, 500
-0.99932, 127, 225, 142, 352
-0.99933, 155, 145, 170, 272
-0.999331, 255, 161, 270, 288
-0.999331, 293, 49, 308, 176
-0.999335, 297, 145, 312, 272
-0.999338, 121, 33, 136, 160
-0.999346, 39, 113, 54, 240
-0.999348, 133, 49, 148, 176
-0.999357, 177, 65, 192, 192
-0.999358, 269, 241, 284, 368
-0.999359, 81, 425, 208, 456
-0.999359, 49, 97, 64, 224
-0.999359, 235, 193, 250, 320
-0.999362, 295, 209, 310, 336
-0.999363, 9, 161, 24, 288
-0.999373, 227, 177, 242, 304
-0.999375, 153, 33, 168, 160
-0.99938, 139, 241, 154, 368
-0.999382, 241, 241, 256, 368
-0.999385, 281, 1, 296, 128
-0.999386, 87, 161, 102, 288
-0.999387, 1, 425, 128, 456
-0.999391, 227, 321, 242, 448
-0.999392, 241, 161, 256, 288
-0.999393, 267, 17, 282, 144
-0.999394, 203, 161, 218, 288
-0.999396, 209, 193, 224, 320
-0.9994, 129, 413, 256, 444
-0.999403, 1, 453, 128, 484
-0.999407, 257, 241, 272, 368
-0.999413, 49, 413, 176, 444
-0.999417, 113, 369, 240, 400
-0.999423, 217, 17, 232, 144
-0.999425, 161, 225, 176, 352
-0.999431, 279, 97, 294, 224
-0.999435, 285, 321, 300, 448
-0.999438, 249, 241, 264, 368
-0.999438, 221, 193, 236, 320
-0.999441, 177, 385, 304, 416
-0.999442, 29, 65, 60, 320
-0.999443, 193, 421, 320, 452
-0.999446, 133, 209, 148, 336
-0.999446, 103, 49, 118, 176
-0.999453, 297, 321, 312, 448
-0.999455, 229, 49, 244, 176
-0.999455, 233, 337, 248, 464
-0.999456, 159, 65, 174, 192
-0.999457, 65, 401, 192, 432
-0.999461, 97, 81, 112, 208
-0.999461, 121, 225, 136, 352
-0.999464, 69, 49, 84, 176
-0.999466, 129, 309, 256, 340
-0.999472, 65, 437, 192, 468
-0.99948, 17, 389, 144, 420
-0.999486, 249, 257, 280, 500
-0.999489, 209, 433, 330, 464
-0.999506, 1, 465, 128, 496
-0.999514, 189, 225, 220, 480
-0.999554, 209, 409, 330, 440
-0.99957, 193, 305, 320, 336
-0.999575, 169, 257, 200, 500
-0.999576, 113, 401, 240, 432
-0.999579, 115, 177, 130, 192
-0.999581, 157, 103, 172, 118
-0.999584, 143, 185, 158, 200
-0.999584, 285, 173, 300, 188
-0.999586, 71, 121, 86, 136
-0.999586, 235, 139, 250, 154
-0.999588, 107, 277, 122, 292
-0.999595, 269, 165, 284, 180
-0.999596, 153, 203, 168, 218
-0.999602, 35, 151, 50, 166
-0.999605, 49, 135, 64, 150
-0.999607, 107, 187, 122, 202
-0.999611, 209, 461, 330, 492
-0.999612, 79, 121, 94, 136
-0.999613, 255, 159, 270, 174
-0.999614, 1, 297, 330, 360
-0.999615, 205, 175, 220, 190
-0.999616, 115, 123, 130, 138
-0.999619, 261, 161, 276, 176
-0.99962, 65, 137, 80, 152
-0.999621, 181, 93, 196, 108
-0.999627, 133, 189, 148, 204
-0.999631, 247, 157, 262, 172
-0.999632, 209, 77, 224, 92
-0.999632, 31, 145, 46, 160
-0.999632, 1, 413, 128, 444
-0.999638, 157, 197, 172, 212
-0.999643, 49, 345, 176, 408
-0.999648, 237, 157, 252, 172
-0.99965, 113, 281, 128, 296
-0.999651, 55, 141, 70, 156
-0.999655, 65, 119, 80, 134
-0.999661, 205, 83, 220, 98
-0.99967, 207, 93, 222, 108
-0.999672, 71, 137, 86, 152
-0.999674, 59, 135, 74, 150
-0.999674, 81, 257, 112, 500
-0.999677, 149, 89, 164, 104
-0.999678, 251, 81, 266, 96
-0.999678, 237, 117, 252, 132
-0.99968, 35, 133, 50, 148
-0.999686, 7, 175, 22, 190
-0.999689, 1, 321, 330, 384
-0.999691, 151, 95, 166, 110
-0.999694, 221, 87, 236, 102
-0.999695, 135, 117, 150, 132
-0.999699, 231, 159, 246, 174
-0.999705, 141, 99, 156, 114
-0.999708, 275, 137, 290, 152
-0.999713, 281, 73, 296, 88
-0.999713, 215, 173, 230, 188
-0.999715, 43, 147, 58, 162
-0.999715, 279, 87, 294, 102
-0.999717, 219, 139, 234, 154
-0.99972, 19, 141, 34, 156
-0.999723, 187, 73, 202, 88
-0.999723, 263, 71, 278, 86
-0.999725, 181, 99, 196, 114
-0.999725, 29, 127, 44, 142
-0.999728, 87, 109, 102, 124
-0.999729, 223, 133, 238, 148
-0.999732, 245, 77, 260, 92
-0.999735, 33, 289, 96, 416
-0.999735, 49, 141, 64, 156
-0.999741, 109, 199, 124, 214
-0.999741, 43, 135, 58, 150
-0.999752, 81, 127, 96, 142
-0.999752, 29, 151, 44, 166
-0.999752, 257, 87, 272, 102
-0.999762, 97, 199, 112, 214
-0.999767, 115, 117, 130, 132
-0.99977, 169, 333, 184, 348
-0.999776, 31, 139, 46, 154
-0.999777, 285, 81, 300, 96
-0.99978, 19, 125, 34, 140
-0.999782, 65, 1, 320, 64
-0.999789, 287, 71, 302, 86
-0.999808, 21, 151, 36, 166
-0.999809, 13, 127, 28, 142
-0.999812, 7, 169, 22, 184
-0.999812, 293, 1, 324, 256
-0.999818, 123, 119, 138, 134
-0.999823, 91, 123, 106, 138
-0.999824, 41, 141, 56, 156
-0.999826, 225, 93, 240, 108
-0.999826, 225, 161, 240, 176
-0.999834, 21, 131, 36, 146
-0.999835, 183, 87, 198, 102
-0.999839, 191, 95, 206, 110
-0.999841, 191, 83, 206, 98
-0.999843, 41, 129, 56, 144
-0.999853, 75, 129, 90, 144
-0.999858, 145, 111, 160, 126
-0.999859, 219, 167, 234, 182
-0.999874, 155, 109, 170, 124
-0.999877, 195, 73, 210, 88
-0.999878, 229, 137, 244, 152
-0.999881, 273, 71, 288, 86
-0.999884, 71, 115, 86, 130
-0.999895, 235, 87, 250, 102
-0.999904, 69, 129, 100, 384
-0.999911, 109, 109, 124, 124
-0.999914, 99, 109, 114, 124
-0.999916, 217, 79, 232, 94
-0.999922, 129, 113, 144, 128
-0.999923, 11, 135, 26, 150
-0.999924, 267, 87, 282, 102
-0.999936, 29, 161, 60, 416
-0.999938, 129, 105, 144, 120
-0.999939, 265, 135, 280, 150
-0.999958, 185, 81, 200, 96
-0.999959, 65, 111, 80, 126
-0.999965, 59, 117, 74, 132
-0.999966, 135, 111, 150, 126
-0.999966, 161, 161, 192, 416
-0.999969, 199, 89, 214, 104
-0.999983, 69, 289, 100, 416
-0.999988, 223, 75, 238, 90
-1.00001, 109, 103, 124, 118
-1.00001, 45, 1, 76, 256
-1.00001, 49, 125, 64, 140
-1.00002, 287, 65, 302, 80
-1.00002, 29, 133, 44, 148
-1.00002, 215, 97, 230, 112
-1.00003, 5, 33, 36, 288
-1.00003, 103, 123, 118, 138
-1.00003, 135, 105, 150, 120
-1.00003, 157, 89, 172, 104
-1.00003, 95, 117, 110, 132
-1.00004, 181, 75, 196, 90
-1.00004, 227, 83, 242, 98
-1.00004, 109, 117, 124, 132
-1.00005, 37, 49, 68, 176
-1.00005, 115, 101, 130, 116
-1.00005, 259, 77, 274, 92
-1.00005, 151, 83, 166, 98
-1.00007, 253, 71, 268, 86
-1.00007, 135, 95, 150, 110
-1.00008, 77, 113, 92, 128
-1.00009, 209, 69, 224, 84
-1.00009, 91, 103, 106, 118
-1.00009, 235, 73, 250, 88
-1.00009, 245, 91, 260, 106
-1.0001, 57, 145, 88, 272
-1.00011, 277, 65, 292, 80
-1.00015, 125, 99, 140, 114
-1.00015, 115, 111, 130, 126
-1.00026, 97, 377, 224, 440
-1.00027, 297, 129, 328, 256
-1.00034, 41, 257, 72, 500
-1.00034, 33, 241, 96, 368
-1.0004, 17, 161, 48, 416
-1.0004, 1, 425, 330, 488
-1.00049, 113, 433, 240, 496
-1.00052, 1, 225, 32, 480
-1.00055, 17, 257, 48, 500
-1.00056, 265, 369, 328, 496
-1.00058, 53, 257, 84, 500
-1.0006, 153, 1, 184, 256
-1.0006, 161, 273, 288, 336
-1.00063, 177, 129, 208, 384
-1.00064, 1, 385, 330, 448
-1.00065, 65, 225, 96, 480
-1.00072, 37, 145, 68, 272
-1.00083, 161, 433, 288, 496
-1.00085, 13, 161, 44, 288
-1.00088, 1, 25, 330, 88
-1.00094, 29, 257, 60, 500
-1.00094, 125, 353, 156, 480
-1.00096, 5, 241, 36, 368
-1.00104, 73, 225, 104, 352
-1.0011, 81, 409, 208, 472
-1.0011, 25, 337, 88, 464
-1.00136, 57, 1, 88, 256
-1.00139, 145, 1, 272, 128
-1.0014, 1, 209, 64, 336
-1.00149, 1, 417, 128, 480
-1.00153, 161, 393, 288, 456
-1.00158, 1, 1, 330, 64
-1.00161, 57, 289, 88, 416
-1.00162, 101, 33, 132, 160
-1.00169, 253, 305, 284, 432
-1.00171, 49, 385, 176, 448
-1.00172, 37, 353, 68, 480
-1.00186, 281, 369, 312, 496
-1.00189, 185, 369, 216, 496
-1.00192, 105, 369, 168, 496
-1.00197, 209, 289, 330, 352
-1.00221, 145, 257, 208, 384
-1.00249, 209, 369, 240, 496
-1.00256, 49, 433, 176, 496
-1.00259, 145, 25, 272, 88
-1.00279, 293, 369, 324, 496
-1.00285, 209, 425, 330, 488
-1.00287, 165, 369, 196, 496
-1.00298, 1, 393, 128, 456
-1.00305, 209, 393, 330, 456
-1.00307, 17, 257, 48, 384
-1.00308, 41, 257, 72, 384
-1.00316, 109, 321, 140, 448
-1.00331, 1, 337, 128, 400
-1.00345, 57, 337, 120, 464
-1.00356, 25, 337, 56, 464
-1.00356, 49, 41, 176, 104
-1.00361, 49, 337, 80, 464
-1.00427, 57, 241, 88, 368
-1.00428, 97, 337, 128, 464
-1.00446, 29, 273, 60, 400
-1.00448, 1, 305, 64, 432
-1.00452, 197, 369, 228, 496
-1.00454, 61, 337, 92, 464
-1.00465, 17, 209, 48, 336
-1.00469, 97, 25, 224, 88
-1.00502, 209, 17, 330, 80
-1.00502, 1, 353, 64, 480
-1.00528, 113, 1, 240, 64
-1.00528, 161, 1, 288, 64
-1.00538, 1, 1, 128, 64
-1.00538, 49, 17, 176, 80
-1.00538, 1, 25, 128, 88
-1.00781, 41, 17, 104, 144
-1.00826, 81, 353, 144, 480
-1.01164, 1, 17, 64, 144
-1.01507, 49, 1, 176, 128
