1952
-0.256648, 1, 65, 500, 320
-0.415773, 1, 1, 500, 375
-0.536044, 65, 1, 320, 375
-0.566734, 193, 1, 448, 375
-0.620759, 65, 65, 320, 320
-0.627965, 193, 65, 448, 320
-0.849695, 1, 97, 500, 224
-0.864569, 305, 97, 432, 352
-0.868609, 65, 65, 192, 320
-0.874041, 1, 97, 128, 352
-0.8743, 1, 225, 500, 352
-0.876357, 257, 65, 384, 320
-0.876397, 145, 65, 272, 320
-0.880406, 369, 129, 496, 375
-0.88203, 273, 1, 400, 375
-0.884495, 177, 1, 304, 375
-0.890941, 129, 1, 256, 375
-0.891486, 321, 1, 448, 375
-0.891704, 193, 65, 320, 320
-0.896752, 81, 1, 208, 375
-0.898546, 225, 1, 352, 375
-0.899051, 369, 1, 496, 375
-0.901677, 33, 1, 160, 375
-0.903391, 1, 161, 500, 288
-0.908332, 369, 1, 496, 256
-0.912038, 257, 209, 500, 336
-0.914502, 97, 193, 352, 320
-0.917669, 33, 241, 288, 368
-0.917931, 65, 81, 320, 208
-0.923569, 193, 97, 448, 224
-0.924557, 305, 1, 432, 256
-0.924753, 33, 225, 160, 352
-0.929704, 1, 1, 128, 256
-0.931, 257, 161, 500, 288
-0.933554, 193, 225, 320, 352
-0.935322, 17, 129, 144, 256
-0.935578, 273, 241, 400, 368
-0.936632, 1, 129, 256, 256
-0.937137, 129, 241, 384, 368
-0.939068, 353, 225, 480, 352
-0.939291, 97, 81, 224, 208
-0.939957, 81, 225, 208, 352
-0.940493, 73, 225, 136, 352
-0.943334, 121, 225, 184, 352
-0.944087, 257, 209, 320, 336
-0.944804, 1, 177, 256, 304
-0.945968, 161, 209, 224, 336
-0.946333, 129, 225, 256, 352
-0.946468, 41, 177, 104, 304
-0.94714, 1, 1, 500, 128
-0.947762, 1, 129, 64, 256
-0.947784, 225, 97, 352, 224
-0.947803, 393, 225, 456, 352
-0.948416, 65, 177, 192, 304
-0.948783, 1, 49, 500, 176
-0.94937, 129, 145, 384, 272
-0.949978, 145, 81, 272, 208
-0.950137, 273, 97, 400, 224
-0.950229, 25, 129, 88, 256
-0.950685, 225, 241, 288, 368
-0.951412, 305, 97, 368, 224
-0.95169, 57, 129, 120, 256
-0.952246, 81, 113, 144, 240
-0.952295, 241, 193, 368, 320
-0.952453, 369, 209, 432, 336
-0.95261, 113, 177, 176, 304
-0.952697, 161, 49, 416, 176
-0.954181, 337, 113, 464, 240
-0.954708, 1, 177, 128, 304
-0.955209, 361, 113, 424, 240
-0.955628, 49, 225, 112, 352
-0.955674, 417, 177, 480, 304
-0.955851, 281, 97, 344, 224
-0.956523, 329, 97, 392, 224
-0.956685, 185, 65, 248, 192
-0.957412, 1, 193, 64, 320
-0.957585, 137, 81, 200, 208
-0.957734, 129, 177, 256, 304
-0.957903, 105, 97, 168, 224
-0.958161, 9, 241, 72, 368
-0.958252, 289, 241, 352, 368
-0.958338, 385, 129, 448, 256
-0.958894, 89, 177, 152, 304
-0.95948, 161, 65, 224, 192
-0.959561, 289, 193, 416, 320
-0.960307, 353, 177, 480, 304
-0.96084, 97, 225, 160, 352
-0.961068, 193, 209, 256, 336
-0.961589, 417, 225, 480, 352
-0.961963, 241, 97, 304, 224
-0.962086, 193, 177, 320, 304
-0.962636, 9, 161, 72, 224
-0.96492, 209, 81, 272, 208
-0.965828, 369, 257, 432, 320
-0.966061, 97, 1, 352, 128
-0.96636, 393, 177, 456, 304
-0.966498, 297, 97, 360, 160
-0.966824, 105, 97, 168, 160
-0.967015, 193, 49, 320, 176
-0.967052, 409, 257, 472, 320
-0.967061, 369, 201, 432, 264
-0.967193, 257, 225, 320, 288
-0.967583, 233, 193, 296, 320
-0.967616, 65, 129, 192, 256
-0.967947, 409, 217, 472, 280
-0.96824, 137, 89, 200, 152
-0.96827, 153, 225, 216, 288
-0.968318, 113, 241, 176, 304
-0.968354, 33, 161, 96, 224
-0.968673, 369, 225, 432, 288
-0.968729, 193, 1, 448, 128
-0.968883, 305, 177, 368, 304
-0.969095, 201, 1, 264, 128
-0.96915, 49, 81, 176, 208
-0.969159, 9, 233, 72, 296
-0.969281, 169, 89, 232, 152
-0.969326, 273, 145, 400, 272
-0.969541, 433, 265, 496, 328
-0.969595, 33, 129, 96, 192
-0.969775, 257, 273, 320, 336
-0.969869, 113, 89, 240, 152
-0.969924, 257, 49, 384, 176
-0.969979, 233, 273, 296, 336
-0.969993, 353, 121, 416, 184
-0.97007, 433, 241, 496, 304
-0.97028, 113, 289, 176, 352
-0.970416, 177, 257, 240, 320
-0.97056, 9, 129, 72, 192
-0.97056, 401, 161, 464, 224
-0.970566, 329, 161, 392, 288
-0.970574, 97, 217, 160, 280
-0.970738, 361, 161, 424, 288
-0.970792, 425, 169, 488, 232
-0.970815, 329, 185, 392, 248
-0.970839, 161, 1, 288, 128
-0.970856, 1, 257, 64, 320
-0.970885, 249, 249, 312, 312
-0.971263, 49, 297, 112, 360
-0.971264, 137, 177, 200, 304
-0.971272, 201, 281, 264, 344
-0.971444, 273, 249, 336, 312
-0.971452, 193, 217, 320, 280
-0.971473, 297, 273, 360, 336
-0.971477, 33, 257, 96, 320
-0.97151, 273, 105, 336, 168
-0.971587, 153, 265, 216, 328
-0.971591, 233, 217, 296, 280
-0.971655, 57, 225, 120, 288
-0.971664, 289, 265, 416, 328
-0.971731, 273, 201, 400, 264
-0.971882, 353, 257, 480, 320
-0.971892, 121, 217, 184, 280
-0.972045, 73, 281, 136, 344
-0.972063, 177, 1, 240, 128
-0.972164, 329, 209, 392, 336
-0.972326, 281, 145, 344, 272
-0.972326, 281, 201, 344, 264
-0.972331, 369, 217, 496, 280
-0.972484, 193, 89, 256, 152
-0.972548, 65, 177, 128, 304
-0.972591, 73, 113, 136, 176
-0.972641, 353, 281, 416, 344
-0.972786, 329, 105, 392, 168
-0.972805, 177, 281, 240, 344
-0.972969, 377, 169, 440, 232
-0.973036, 9, 297, 72, 360
-0.973156, 209, 217, 272, 280
-0.973185, 409, 193, 472, 256
-0.97329, 161, 129, 288, 256
-0.973313, 29, 153, 60, 216
-0.973648, 321, 161, 384, 224
-0.97372, 97, 121, 160, 184
-0.973743, 1, 81, 128, 208
-0.973839, 17, 129, 144, 192
-0.973964, 377, 129, 440, 375
-0.974133, 265, 297, 328, 360
-0.974218, 121, 313, 184, 375
-0.974234, 321, 97, 384, 352
-0.974235, 81, 225, 112, 352
-0.974262, 241, 105, 304, 168
-0.974326, 433, 193, 496, 256
-0.974339, 137, 289, 200, 352
-0.974351, 113, 265, 176, 328
-0.974368, 209, 241, 336, 304
-0.97443, 225, 297, 288, 360
-0.974488, 257, 161, 320, 288
-0.974523, 257, 201, 320, 264
-0.974571, 185, 233, 248, 296
-0.974633, 177, 305, 240, 368
-0.974683, 33, 225, 96, 288
-0.974698, 1, 193, 64, 256
-0.974795, 393, 281, 456, 344
-0.974839, 13, 145, 44, 272
-0.974876, 169, 65, 232, 128
-0.974924, 57, 137, 120, 200
-0.975127, 97, 313, 160, 375
-0.975129, 265, 241, 296, 368
-0.975181, 57, 257, 120, 320
-0.975217, 17, 145, 48, 208
-0.975223, 57, 97, 120, 352
-0.975358, 217, 97, 280, 160
-0.975459, 117, 241, 148, 368
-0.975565, 241, 241, 272, 368
-0.975634, 377, 145, 440, 208
-0.975689, 209, 281, 336, 344
-0.975779, 89, 185, 152, 248
-0.975793, 281, 65, 344, 320
-0.975811, 9, 169, 40, 232
-0.975864, 97, 281, 224, 344
-0.97592, 433, 217, 496, 280
-0.976066, 49, 265, 176, 328
-0.97622, 153, 225, 184, 352
-0.976426, 25, 145, 56, 272
-0.97647, 49, 241, 176, 304
-0.976473, 273, 105, 400, 168
-0.976487, 169, 201, 232, 264
-0.976489, 345, 257, 408, 320
-0.976491, 289, 49, 352, 176
-0.97668, 97, 225, 224, 288
-0.976734, 145, 201, 208, 264
-0.976736, 337, 209, 400, 272
-0.976782, 161, 81, 288, 144
-0.976823, 201, 305, 264, 368
-0.97684, 425, 225, 456, 352
-0.976931, 281, 193, 344, 320
-0.97694, 193, 161, 256, 288
-0.976947, 1, 297, 128, 360
-0.977026, 73, 305, 136, 368
-0.977086, 281, 225, 312, 288
-0.977089, 373, 185, 404, 248
-0.977127, 97, 225, 128, 352
-0.977159, 417, 289, 480, 352
-0.977194, 65, 185, 128, 248
-0.977207, 97, 65, 160, 320
-0.977345, 153, 1, 216, 128
-0.97746, 321, 89, 352, 152
-0.977542, 225, 65, 288, 320
-0.977643, 1, 249, 128, 312
-0.977655, 1, 1, 256, 128
-0.977713, 1, 169, 128, 232
-0.977724, 57, 81, 120, 208
-0.977754, 129, 65, 192, 320
-0.977755, 433, 41, 496, 104
-0.977881, 41, 161, 72, 224
-0.977968, 297, 249, 360, 312
-0.978003, 369, 193, 496, 256
-0.978017, 141, 89, 172, 152
-0.978026, 61, 129, 92, 256
-0.978028, 377, 257, 408, 320
-0.978047, 153, 313, 216, 375
-0.978048, 277, 241, 308, 368
-0.978085, 81, 249, 144, 312
-0.978142, 89, 113, 120, 240
-0.978165, 37, 129, 68, 192
-0.978172, 281, 177, 344, 240
-0.978182, 233, 185, 296, 248
-0.978232, 25, 185, 88, 248
-0.978277, 369, 169, 496, 232
-0.978324, 69, 177, 100, 304
-0.978412, 49, 289, 176, 352
-0.978431, 353, 177, 416, 240
-0.978532, 145, 281, 272, 344
-0.978597, 201, 257, 264, 320
-0.978621, 353, 97, 416, 352
-0.97863, 265, 209, 296, 272
-0.978786, 281, 225, 344, 288
-0.978879, 253, 241, 284, 368
-0.978915, 201, 65, 264, 320
-0.979038, 69, 225, 100, 352
-0.979225, 229, 241, 260, 368
-0.97925, 177, 65, 240, 320
-0.979258, 201, 225, 232, 352
-0.979286, 81, 113, 208, 176
-0.979345, 121, 97, 152, 160
-0.979377, 161, 161, 224, 288
-0.979393, 413, 193, 444, 256
-0.979418, 413, 225, 444, 352
-0.979432, 9, 97, 72, 352
-0.979585, 33, 81, 96, 208
-0.979608, 265, 81, 328, 144
-0.979661, 433, 265, 464, 328
-0.979711, 241, 49, 304, 176
-0.979723, 289, 249, 320, 312
-0.979733, 193, 65, 256, 128
-0.979875, 145, 305, 272, 368
-0.979923, 257, 97, 320, 352
-0.979951, 77, 129, 108, 256
-0.980056, 65, 161, 128, 224
-0.980065, 285, 193, 316, 320
-0.980077, 329, 281, 392, 344
-0.980083, 385, 193, 416, 256
-0.9801, 193, 65, 224, 192
-0.9801, 37, 129, 68, 256
-0.980108, 377, 241, 408, 368
-0.980121, 257, 49, 500, 176
-0.980168, 113, 73, 176, 136
-0.980224, 261, 193, 292, 320
-0.980235, 225, 1, 288, 64
-0.980249, 289, 273, 320, 336
-0.980255, 273, 289, 400, 352
-0.980257, 305, 193, 368, 256
-0.980278, 313, 49, 376, 176
-0.980282, 321, 241, 384, 304
-0.980287, 1, 273, 128, 336
-0.980313, 121, 193, 184, 256
-0.980347, 297, 153, 360, 216
-0.980368, 345, 233, 408, 296
-0.980455, 321, 81, 384, 144
-0.9805, 129, 113, 192, 176
-0.980521, 177, 1, 240, 64
-0.980524, 81, 313, 208, 375
-0.980552, 45, 241, 76, 368
-0.980568, 385, 121, 416, 184
-0.980573, 1, 161, 32, 288
-0.980584, 289, 241, 416, 304
-0.9806, 241, 81, 304, 144
-0.980609, 413, 161, 444, 288
-0.980617, 173, 209, 204, 336
-0.98065, 217, 73, 280, 136
-0.980737, 257, 177, 320, 240
-0.98075, 293, 241, 324, 368
-0.98083, 81, 89, 144, 152
-0.98095, 389, 129, 420, 256
-0.981045, 49, 129, 80, 256
-0.981045, 325, 97, 356, 224
-0.981055, 417, 129, 480, 256
-0.981098, 193, 193, 256, 256
-0.981111, 145, 65, 208, 128
-0.98115, 305, 97, 336, 224
-0.981158, 33, 105, 96, 168
-0.981181, 153, 1, 216, 256
-0.981221, 433, 193, 464, 256
-0.981359, 101, 177, 132, 304
-0.981361, 129, 257, 256, 320
-0.981398, 225, 281, 256, 344
-0.981421, 337, 97, 368, 224
-0.981583, 365, 97, 396, 224
-0.981593, 1, 225, 128, 288
-0.981616, 377, 233, 408, 296
-0.981621, 45, 193, 76, 320
-0.981696, 225, 249, 288, 312
-0.981711, 401, 193, 432, 320
-0.981725, 405, 169, 436, 232
-0.981732, 141, 225, 172, 352
-0.981738, 145, 217, 272, 280
-0.981779, 353, 145, 416, 208
-0.981817, 101, 105, 132, 168
-0.98183, 277, 201, 308, 264
-0.981867, 369, 281, 496, 344
-0.981944, 397, 201, 428, 264
-0.982, 33, 105, 160, 168
-0.982075, 421, 257, 452, 320
-0.982094, 433, 1, 496, 256
-0.982209, 181, 81, 212, 208
-0.982211, 417, 129, 480, 375
-0.982287, 433, 177, 464, 304
-0.982322, 33, 129, 96, 375
-0.982374, 253, 209, 284, 272
-0.982379, 273, 193, 304, 320
-0.982452, 265, 49, 328, 176
-0.98249, 425, 169, 456, 232
-0.982513, 265, 145, 328, 208
-0.982531, 445, 241, 476, 304
-0.982586, 377, 121, 440, 184
-0.982594, 241, 137, 304, 200
-0.982613, 401, 137, 464, 200
-0.982639, 225, 1, 352, 128
-0.982688, 153, 89, 184, 152
-0.982844, 269, 273, 300, 336
-0.982856, 289, 297, 352, 360
-0.982867, 133, 217, 164, 280
-0.982894, 125, 193, 156, 320
-0.9829, 165, 233, 196, 296
-0.982907, 353, 97, 416, 160
-0.982911, 225, 97, 352, 160
-0.98293, 297, 73, 360, 136
-0.982946, 321, 121, 448, 184
-0.982948, 293, 97, 324, 224
-0.982955, 441, 169, 472, 232
-0.982981, 49, 129, 80, 192
-0.982985, 361, 185, 392, 248
-0.983002, 389, 241, 420, 368
-0.98302, 445, 265, 476, 328
-0.983038, 425, 145, 488, 208
-0.983101, 457, 265, 488, 328
-0.983113, 377, 113, 408, 240
-0.98313, 213, 81, 244, 208
-0.983139, 353, 65, 416, 192
-0.983176, 105, 289, 136, 352
-0.983184, 57, 241, 88, 368
-0.983236, 305, 177, 432, 240
-0.983293, 185, 241, 216, 304
-0.9833, 161, 265, 192, 328
-0.983415, 193, 305, 320, 368
-0.983584, 425, 217, 456, 280
-0.983606, 197, 65, 228, 128
-0.983614, 377, 193, 408, 320
-0.983654, 237, 273, 268, 336
-0.983663, 233, 161, 296, 224
-0.983723, 193, 145, 256, 208
-0.983752, 169, 177, 232, 240
-0.983754, 89, 113, 120, 176
-0.983795, 149, 177, 180, 304
-0.983808, 297, 121, 360, 184
-0.983848, 45, 217, 76, 280
-0.983867, 113, 49, 176, 176
-0.983874, 437, 217, 468, 280
-0.983901, 141, 289, 172, 352
-0.98399, 21, 225, 52, 352
-0.984045, 53, 169, 84, 232
-0.984053, 201, 9, 264, 72
-0.984066, 33, 193, 64, 320
-0.984109, 161, 113, 224, 176
-0.984165, 225, 145, 288, 272
-0.984175, 305, 241, 336, 368
-0.984215, 377, 305, 440, 368
-0.984248, 469, 257, 500, 320
-0.984259, 401, 241, 432, 368
-0.984265, 201, 281, 232, 344
-0.984283, 277, 97, 308, 224
-0.984339, 321, 145, 448, 208
-0.984348, 401, 129, 432, 256
-0.984348, 453, 169, 484, 232
-0.984397, 349, 113, 380, 240
-0.984399, 33, 241, 64, 368
-0.98445, 249, 193, 280, 320
-0.984541, 189, 281, 220, 344
-0.984573, 97, 33, 224, 160
-0.98458, 121, 289, 152, 352
-0.984666, 153, 97, 216, 352
-0.984667, 153, 241, 184, 304
-0.984687, 305, 265, 336, 328
-0.98469, 113, 129, 240, 256
-0.984696, 305, 49, 432, 176
-0.984781, 433, 17, 496, 144
-0.984807, 389, 265, 420, 328
-0.984822, 217, 241, 248, 368
-0.984846, 277, 249, 308, 312
-0.984951, 105, 97, 136, 224
-0.984973, 169, 89, 200, 152
-0.985027, 1, 265, 32, 328
-0.985047, 257, 273, 288, 336
-0.985062, 369, 209, 400, 272
-0.985082, 405, 257, 436, 320
-0.98522, 177, 281, 208, 344
-0.985241, 265, 97, 296, 224
-0.985271, 113, 193, 144, 320
-0.985292, 341, 105, 372, 168
-0.985292, 89, 225, 120, 288
-0.985335, 201, 257, 232, 320
-0.985344, 141, 241, 172, 304
-0.985366, 169, 81, 200, 208
-0.985392, 81, 297, 112, 360
-0.985398, 185, 177, 216, 304
-0.985401, 465, 161, 496, 224
-0.985444, 117, 97, 148, 224
-0.985458, 445, 225, 476, 352
-0.985495, 213, 81, 244, 144
-0.985586, 305, 1, 368, 256
-0.985615, 177, 217, 208, 280
-0.985646, 81, 65, 144, 192
-0.985674, 293, 225, 324, 288
-0.985683, 213, 281, 244, 344
-0.985693, 233, 81, 264, 208
-0.985696, 449, 217, 480, 280
-0.9857, 173, 257, 204, 320
-0.985701, 81, 177, 112, 304
-0.985707, 1, 241, 32, 368
-0.985709, 225, 81, 256, 144
-0.985711, 225, 1, 288, 128
-0.985715, 389, 193, 420, 320
-0.985755, 265, 105, 296, 168
-0.985805, 373, 281, 404, 344
-0.985832, 49, 217, 176, 280
-0.985939, 257, 177, 384, 240
-0.985941, 65, 297, 96, 360
-0.985982, 197, 233, 228, 296
-0.985993, 97, 265, 128, 328
-0.986067, 285, 105, 316, 168
-0.986114, 49, 185, 176, 248
-0.986129, 445, 161, 476, 288
-0.986226, 369, 113, 400, 176
-0.986268, 249, 97, 280, 160
-0.986307, 101, 129, 132, 192
-0.986323, 161, 305, 192, 368
-0.986346, 457, 241, 488, 304
-0.986369, 369, 145, 496, 208
-0.986403, 241, 217, 272, 280
-0.98643, 137, 177, 168, 304
-0.986473, 29, 257, 60, 320
-0.986508, 401, 33, 464, 288
-0.986543, 29, 233, 60, 296
-0.986619, 165, 209, 196, 272
-0.986649, 141, 81, 172, 208
-0.986656, 337, 1, 400, 256
-0.986657, 249, 81, 280, 208
-0.986663, 185, 81, 216, 144
-0.986671, 57, 193, 88, 320
-0.986733, 189, 225, 220, 352
-0.98675, 397, 145, 428, 208
-0.986772, 413, 217, 444, 280
-0.986809, 361, 241, 392, 368
-0.986839, 189, 1, 220, 128
-0.986903, 61, 137, 92, 200
-0.986917, 149, 201, 180, 264
-0.986989, 29, 177, 60, 240
-0.987008, 249, 1, 312, 375
-0.987091, 37, 281, 68, 344
-0.987168, 193, 1, 256, 375
-0.987192, 309, 89, 340, 152
-0.9872, 61, 257, 92, 320
-0.987216, 393, 225, 424, 288
-0.98722, 329, 153, 360, 216
-0.987257, 85, 273, 116, 336
-0.987262, 281, 1, 344, 375
-0.987264, 285, 297, 316, 360
-0.987314, 413, 281, 444, 344
-0.987359, 457, 225, 488, 352
-0.987397, 9, 193, 40, 256
-0.98748, 365, 257, 396, 320
-0.987515, 65, 185, 96, 248
-0.987524, 77, 129, 108, 192
-0.987531, 129, 129, 192, 256
-0.987543, 129, 241, 160, 368
-0.98755, 69, 225, 100, 288
-0.987565, 289, 201, 320, 264
-0.987621, 169, 1, 232, 375
-0.98763, 129, 193, 256, 256
-0.987683, 49, 265, 80, 328
-0.987688, 65, 1, 128, 256
-0.987698, 321, 1, 384, 375
-0.987702, 321, 201, 448, 264
-0.98774, 201, 1, 232, 128
-0.987749, 161, 177, 192, 304
-0.987764, 209, 177, 240, 304
-0.98777, 401, 281, 432, 344
-0.987781, 185, 305, 216, 368
-0.987832, 245, 297, 276, 360
-0.987862, 273, 297, 304, 360
-0.987919, 1, 113, 32, 240
-0.987923, 209, 305, 240, 368
-0.987924, 217, 1, 280, 375
-0.987932, 13, 257, 44, 320
-0.987971, 145, 265, 176, 328
-0.987995, 13, 97, 44, 224
-0.988014, 365, 193, 396, 320
-0.988107, 101, 225, 132, 288
-0.988111, 461, 193, 492, 256
-0.988133, 53, 297, 84, 360
-0.988144, 1, 217, 32, 280
-0.988214, 225, 73, 352, 136
-0.988226, 17, 1, 80, 256
-0.988231, 93, 313, 124, 375
-0.988279, 373, 161, 404, 224
-0.988305, 461, 217, 492, 280
-0.988362, 113, 121, 144, 184
-0.988365, 201, 89, 232, 152
-0.988382, 353, 113, 384, 176
-0.988406, 41, 177, 104, 208
-0.988436, 153, 81, 184, 208
-0.988439, 325, 49, 356, 176
-0.988575, 249, 1, 312, 256
-0.988593, 257, 273, 500, 336
-0.988663, 305, 193, 336, 320
-0.98875, 177, 113, 240, 240
-0.988851, 249, 209, 312, 240
-0.988873, 177, 185, 304, 248
-0.989, 257, 201, 500, 264
-0.989145, 297, 101, 360, 132
-0.989187, 105, 105, 168, 136
-0.989189, 465, 177, 496, 304
-0.989249, 1, 177, 64, 208
-0.989255, 225, 153, 352, 216
-0.989272, 73, 233, 136, 264
-0.989338, 129, 81, 160, 208
-0.989374, 361, 1, 424, 375
-0.989427, 229, 1, 260, 128
-0.989568, 113, 237, 176, 268
-0.989666, 401, 189, 464, 220
-0.989675, 217, 217, 280, 248
-0.989772, 369, 193, 432, 224
-0.989829, 425, 229, 488, 260
-0.989831, 321, 1, 448, 128
-0.98988, 337, 117, 400, 148
-0.989902, 433, 173, 496, 204
-0.989911, 25, 137, 88, 168
-0.98997, 353, 65, 480, 192
-0.990062, 1, 265, 64, 296
-0.990075, 369, 229, 432, 260
-0.990094, 361, 1, 424, 256
-0.990098, 89, 245, 152, 276
-0.990122, 401, 233, 464, 264
-0.99013, 257, 249, 320, 280
-0.990178, 113, 1, 176, 375
-0.990193, 257, 277, 320, 308
-0.990223, 129, 97, 192, 128
-0.990227, 97, 89, 352, 152
-0.990248, 169, 89, 232, 120
-0.990263, 1, 105, 500, 168
-0.990283, 1, 129, 256, 192
-0.990295, 25, 165, 88, 196
-0.990298, 1, 189, 64, 220
-0.990338, 65, 137, 192, 200
-0.990348, 289, 201, 352, 232
-0.990351, 129, 249, 192, 280
-0.990353, 25, 97, 56, 224
-0.990361, 265, 221, 328, 252
-0.990459, 369, 269, 432, 300
-0.990468, 145, 1, 208, 375
-0.990474, 129, 225, 192, 256
-0.990484, 177, 257, 240, 288
-0.990488, 25, 261, 88, 292
-0.990524, 97, 225, 352, 288
-0.99053, 233, 101, 296, 132
-0.990534, 393, 1, 456, 375
-0.990548, 41, 1, 104, 256
-0.99059, 209, 93, 272, 124
-0.990593, 161, 1, 288, 64
-0.990614, 153, 237, 216, 268
-0.990616, 105, 93, 168, 124
-0.990636, 433, 1, 496, 375
-0.990639, 321, 193, 384, 224
-0.990654, 169, 217, 232, 248
-0.990663, 321, 289, 448, 352
-0.990743, 73, 185, 136, 216
-0.990746, 273, 105, 336, 136
-0.990752, 89, 1, 152, 375
-0.9908, 213, 1, 244, 128
-0.990826, 49, 249, 112, 280
-0.990827, 241, 1, 272, 128
-0.990855, 433, 185, 496, 216
-0.990954, 33, 1, 96, 375
-0.99096, 17, 237, 80, 268
-0.990965, 285, 145, 316, 272
-0.991012, 9, 285, 72, 316
-0.991014, 153, 249, 216, 280
-0.991039, 265, 297, 328, 328
-0.991044, 9, 81, 72, 208
-0.991051, 117, 145, 148, 272
-0.991061, 81, 133, 144, 164
-0.991064, 49, 237, 112, 268
-0.991105, 401, 177, 464, 208
-0.991111, 25, 189, 88, 220
-0.991128, 145, 313, 208, 344
-0.991134, 345, 197, 408, 228
-0.991146, 41, 281, 104, 312
-0.991148, 97, 305, 352, 368
-0.991162, 297, 273, 360, 304
-0.991171, 201, 245, 264, 276
-0.991192, 297, 289, 360, 320
-0.991195, 313, 145, 344, 272
-0.991199, 401, 221, 464, 252
-0.99122, 89, 117, 152, 148
-0.991248, 321, 181, 384, 212
-0.991248, 201, 305, 264, 336
-0.991261, 89, 277, 152, 308
-0.991261, 169, 309, 232, 340
-0.991265, 25, 249, 88, 280
-0.991275, 369, 285, 432, 316
-0.991284, 469, 225, 500, 352
-0.991299, 129, 269, 192, 300
-0.991322, 233, 253, 296, 284
-0.991343, 353, 129, 416, 160
-0.991346, 17, 333, 80, 364
-0.991373, 409, 265, 472, 296
-0.991374, 233, 301, 296, 332
-0.991378, 1, 249, 64, 280
-0.991396, 41, 329, 104, 360
-0.991414, 97, 185, 160, 216
-0.991417, 89, 321, 152, 352
-0.991426, 401, 209, 464, 240
-0.991443, 121, 317, 184, 348
-0.991452, 425, 129, 456, 256
-0.991455, 177, 1, 208, 128
-0.991472, 193, 225, 256, 256
-0.991493, 257, 233, 500, 296
-0.991518, 65, 325, 128, 356
-0.991522, 49, 189, 112, 220
-0.99157, 401, 81, 464, 208
-0.991574, 57, 1, 120, 375
-0.991574, 153, 261, 216, 292
-0.991579, 193, 105, 448, 168
-0.991582, 313, 113, 376, 144
-0.991612, 329, 277, 392, 308
-0.991618, 1, 1, 64, 375
-0.991621, 345, 181, 408, 212
-0.991626, 1, 201, 64, 232
-0.99163, 313, 165, 376, 196
-0.991654, 209, 257, 272, 288
-0.991655, 249, 265, 312, 296
-0.991668, 369, 205, 432, 236
-0.991675, 369, 17, 496, 144
-0.991676, 289, 213, 352, 244
-0.991687, 65, 289, 128, 320
-0.991699, 97, 225, 160, 256
-0.991707, 433, 37, 496, 68
-0.991709, 417, 281, 480, 312
-0.991729, 241, 221, 304, 252
-0.991768, 105, 293, 168, 324
-0.991785, 25, 225, 88, 256
-0.991785, 345, 229, 408, 260
-0.99183, 369, 253, 432, 284
-0.991832, 273, 177, 336, 208
-0.99185, 433, 217, 496, 248
-0.991856, 97, 281, 352, 344
-0.991859, 65, 117, 128, 148
-0.991869, 1, 157, 64, 188
-0.991889, 33, 293, 96, 324
-0.991904, 177, 245, 240, 276
-0.991905, 49, 221, 112, 252
-0.991916, 1, 177, 32, 208
-0.991948, 61, 81, 92, 208
-0.991967, 369, 217, 432, 248
-0.992004, 129, 289, 192, 320
-0.992011, 433, 265, 496, 296
-0.992013, 145, 85, 208, 116
-0.992056, 393, 285, 456, 316
-0.992061, 209, 269, 272, 300
-0.992073, 1, 281, 256, 344
-0.992088, 105, 105, 136, 136
-0.992113, 265, 237, 328, 268
-0.992114, 185, 77, 248, 108
-0.992118, 233, 173, 296, 204
-0.992122, 21, 177, 52, 208
-0.992129, 57, 137, 120, 168
-0.992135, 441, 189, 472, 220
-0.992154, 105, 129, 168, 160
-0.992167, 369, 241, 432, 272
-0.992175, 81, 105, 144, 136
-0.9922, 217, 233, 280, 264
-0.992208, 361, 141, 424, 172
-0.992215, 397, 193, 428, 224
-0.992229, 345, 289, 408, 320
-0.992244, 45, 177, 76, 208
-0.992247, 369, 181, 432, 212
-0.992256, 97, 249, 352, 312
-0.992278, 65, 173, 128, 204
-0.992297, 169, 281, 232, 312
-0.992324, 193, 297, 448, 360
-0.992343, 1, 193, 128, 256
-0.992348, 65, 261, 128, 292
-0.992348, 145, 213, 208, 244
-0.992359, 165, 33, 196, 160
-0.992374, 93, 233, 124, 264
-0.992408, 433, 205, 496, 236
-0.992417, 269, 209, 300, 240
-0.992433, 193, 213, 256, 244
-0.992442, 1, 145, 64, 176
-0.992474, 113, 117, 176, 148
-0.992481, 33, 181, 64, 212
-0.992488, 1, 313, 256, 375
-0.992495, 69, 237, 100, 268
-0.992516, 373, 193, 404, 224
-0.992517, 345, 217, 408, 248
-0.992519, 221, 177, 252, 304
-0.992522, 321, 93, 352, 124
-0.992588, 117, 97, 148, 128
-0.992613, 261, 221, 292, 252
-0.992618, 129, 237, 160, 268
-0.992633, 421, 193, 452, 224
-0.992647, 129, 93, 160, 124
-0.992647, 1, 313, 500, 375
-0.992717, 281, 209, 312, 240
-0.992732, 97, 117, 128, 148
-0.992739, 425, 173, 456, 204
-0.992753, 85, 245, 116, 276
-0.992783, 377, 269, 408, 300
-0.992797, 225, 1, 352, 64
-0.992821, 289, 277, 320, 308
-0.992827, 289, 221, 320, 252
-0.992829, 45, 165, 76, 196
-0.992842, 25, 285, 56, 316
-0.992861, 193, 233, 224, 264
-0.992871, 105, 229, 136, 260
-0.992882, 1, 225, 256, 288
-0.99289, 241, 221, 272, 252
-0.992897, 341, 109, 372, 140
-0.992898, 233, 177, 264, 304
-0.992901, 293, 209, 324, 240
-0.99291, 377, 205, 408, 236
-0.99293, 445, 177, 476, 208
-0.99293, 385, 193, 416, 224
-0.992939, 1, 277, 32, 308
-0.992965, 161, 249, 192, 280
-0.992966, 81, 233, 112, 264
-0.992969, 273, 145, 400, 208
-0.992988, 1, 225, 500, 288
-0.992994, 73, 249, 104, 280
-0.992999, 369, 313, 496, 375
-0.993002, 1, 265, 32, 296
-0.993021, 221, 85, 252, 116
-0.993023, 377, 229, 408, 260
-0.993024, 205, 221, 236, 252
-0.993029, 305, 273, 336, 304
-0.993031, 429, 233, 460, 264
-0.99305, 313, 49, 344, 176
-0.993078, 33, 137, 64, 168
-0.993079, 297, 105, 328, 136
-0.993093, 381, 125, 412, 156
-0.993097, 101, 185, 132, 216
-0.993106, 25, 269, 56, 300
-0.993107, 1, 129, 500, 192
-0.993114, 365, 113, 396, 144
-0.993116, 25, 241, 56, 272
-0.993118, 461, 173, 492, 204
-0.993122, 441, 201, 472, 232
-0.993122, 245, 261, 276, 292
-0.993132, 49, 161, 176, 224
-0.993141, 169, 265, 200, 296
-0.993143, 33, 257, 64, 288
-0.993148, 97, 201, 352, 264
-0.993153, 389, 225, 420, 256
-0.993158, 33, 157, 64, 188
-0.99316, 449, 221, 480, 252
-0.993174, 225, 221, 256, 252
-0.993176, 233, 97, 264, 128
-0.993177, 57, 173, 88, 204
-0.993183, 409, 197, 440, 228
-0.993192, 177, 105, 304, 168
-0.993209, 25, 193, 56, 224
-0.99321, 169, 237, 200, 268
-0.993229, 309, 105, 340, 136
-0.99323, 409, 185, 440, 216
-0.993237, 157, 269, 188, 300
-0.993244, 1, 273, 500, 336
-0.99325, 277, 225, 308, 256
-0.993253, 113, 245, 144, 276
-0.993253, 181, 221, 212, 252
-0.993255, 141, 225, 172, 256
-0.993265, 253, 209, 284, 240
-0.993266, 37, 281, 68, 312
-0.993286, 101, 129, 132, 160
-0.993296, 41, 229, 72, 260
-0.993305, 409, 233, 440, 264
-0.993322, 265, 245, 296, 276
-0.99333, 145, 97, 176, 128
-0.993354, 245, 101, 276, 132
-0.99336, 13, 141, 44, 172
-0.993365, 325, 105, 356, 136
-0.993371, 89, 137, 120, 168
-0.993376, 13, 189, 44, 220
-0.993377, 9, 253, 40, 284
-0.993379, 369, 49, 496, 112
-0.993394, 105, 281, 136, 312
-0.993421, 265, 105, 296, 136
-0.993421, 293, 253, 324, 284
-0.993423, 1, 237, 32, 268
-0.993423, 453, 189, 484, 220
-0.993433, 53, 245, 84, 276
-0.993433, 221, 253, 252, 284
-0.993448, 201, 257, 232, 288
-0.993459, 293, 297, 324, 328
-0.993461, 437, 217, 468, 248
-0.993475, 181, 89, 212, 120
-0.993483, 157, 89, 188, 120
-0.993483, 169, 225, 200, 256
-0.993488, 313, 197, 344, 228
-0.993495, 5, 293, 36, 324
-0.993508, 285, 105, 316, 136
-0.99351, 285, 241, 316, 272
-0.993516, 121, 109, 152, 140
-0.993527, 189, 261, 220, 292
-0.993531, 181, 249, 212, 280
-0.993542, 97, 161, 224, 224
-0.993543, 233, 261, 264, 292
-0.993547, 1, 257, 256, 320
-0.993548, 329, 145, 360, 272
-0.993552, 117, 281, 148, 312
-0.993561, 49, 33, 176, 160
-0.993567, 205, 233, 236, 264
-0.993575, 1, 249, 500, 312
-0.993576, 373, 289, 404, 320
-0.993582, 113, 121, 144, 152
-0.993592, 193, 81, 224, 112
-0.993593, 73, 285, 104, 316
-0.993595, 465, 237, 496, 268
-0.993598, 409, 173, 440, 204
-0.993598, 149, 245, 180, 276
-0.993609, 89, 181, 120, 212
-0.993611, 113, 1, 240, 64
-0.993614, 361, 281, 392, 312
-0.99362, 193, 217, 224, 248
-0.993627, 61, 185, 92, 216
-0.993631, 65, 137, 96, 168
-0.993631, 273, 81, 400, 144
-0.993633, 53, 265, 84, 296
-0.993635, 149, 257, 180, 288
-0.993643, 265, 233, 296, 264
-0.99365, 173, 161, 204, 288
-0.993671, 13, 265, 44, 296
-0.993678, 385, 181, 416, 212
-0.993681, 89, 289, 120, 320
-0.993687, 253, 249, 284, 280
-0.993689, 317, 193, 348, 320
-0.993695, 37, 241, 68, 272
-0.993697, 209, 89, 240, 120
-0.993698, 45, 137, 76, 168
-0.993759, 297, 49, 328, 176
-0.993769, 257, 177, 500, 240
-0.993788, 33, 129, 48, 192
-0.993838, 381, 185, 396, 248
-0.993859, 349, 65, 380, 192
-0.993871, 129, 113, 256, 176
-0.993928, 273, 277, 400, 308
-0.993967, 37, 81, 68, 208
-0.994006, 27, 145, 42, 208
-0.994027, 273, 145, 304, 272
-0.994031, 145, 89, 272, 120
-0.994122, 337, 49, 368, 176
-0.994133, 261, 49, 292, 176
-0.994201, 17, 169, 32, 232
-0.994209, 1, 105, 256, 168
-0.99422, 225, 145, 480, 208
-0.994222, 9, 169, 24, 232
-0.99423, 43, 153, 58, 216
-0.994235, 1, 161, 256, 224
-0.994301, 281, 225, 296, 288
-0.994312, 17, 137, 144, 168
-0.994337, 35, 153, 50, 216
-0.994369, 353, 193, 480, 224
-0.994416, 39, 129, 54, 192
-0.994459, 371, 185, 386, 248
-0.994461, 257, 105, 384, 136
-0.994487, 253, 145, 284, 272
-0.994527, 193, 221, 320, 252
-0.994552, 197, 177, 228, 304
-0.994571, 289, 197, 416, 228
-0.994599, 33, 233, 160, 264
-0.994701, 349, 161, 380, 288
-0.994725, 1, 177, 128, 208
-0.994738, 97, 113, 352, 176
-0.994752, 209, 273, 336, 304
-0.99479, 97, 101, 224, 132
-0.994804, 285, 49, 316, 176
-0.994812, 225, 129, 352, 192
-0.994815, 387, 185, 402, 248
-0.994816, 291, 225, 306, 288
-0.994846, 353, 269, 480, 300
-0.994872, 301, 145, 332, 272
-0.99492, 77, 81, 108, 208
-0.994934, 143, 89, 158, 152
-0.994956, 289, 265, 416, 296
-0.994958, 441, 257, 456, 320
-0.994979, 379, 257, 394, 320
-0.995012, 177, 137, 304, 200
-0.995027, 447, 265, 462, 328
-0.995053, 21, 145, 36, 208
-0.995055, 269, 201, 284, 264
-0.995073, 289, 201, 304, 264
-0.995079, 289, 209, 416, 240
-0.995083, 49, 129, 64, 192
-0.995086, 23, 169, 38, 232
-0.995113, 129, 1, 384, 64
-0.995114, 51, 161, 66, 224
-0.995145, 1, 193, 256, 256
-0.995202, 81, 229, 208, 260
-0.995204, 275, 209, 290, 272
-0.995207, 1, 153, 500, 216
-0.995211, 49, 249, 176, 280
-0.995223, 159, 89, 174, 152
-0.995261, 3, 169, 18, 232
-0.995264, 321, 81, 448, 144
-0.995275, 117, 49, 148, 176
-0.995278, 283, 201, 298, 264
-0.995282, 17, 325, 144, 356
-0.995296, 209, 253, 336, 284
-0.995316, 273, 289, 400, 320
-0.995331, 437, 201, 452, 264
-0.995345, 137, 89, 152, 152
-0.995355, 305, 273, 320, 336
-0.995393, 129, 309, 256, 340
-0.995412, 65, 317, 192, 348
-0.995413, 161, 257, 288, 288
-0.995413, 369, 229, 496, 260
-0.995417, 113, 217, 240, 248
-0.995419, 395, 201, 410, 264
-0.995444, 387, 209, 402, 272
-0.99546, 161, 169, 416, 232
-0.995471, 161, 161, 288, 224
-0.995498, 353, 285, 480, 316
-0.995498, 131, 97, 146, 160
-0.995512, 153, 89, 168, 152
-0.995528, 113, 65, 240, 128
-0.995545, 299, 281, 314, 344
-0.995547, 301, 249, 316, 312
-0.995556, 209, 297, 336, 328
-0.995577, 233, 281, 248, 344
-0.995581, 389, 81, 420, 208
-0.995589, 445, 113, 476, 240
-0.995591, 125, 97, 140, 160
-0.995621, 305, 181, 432, 212
-0.99563, 419, 169, 434, 232
-0.995634, 57, 169, 72, 232
-0.995641, 257, 313, 384, 375
-0.995663, 379, 209, 394, 272
-0.99567, 129, 229, 256, 260
-0.995686, 169, 233, 184, 296
-0.995688, 453, 265, 468, 328
-0.995702, 435, 265, 450, 328
-0.995714, 109, 105, 124, 168
-0.995728, 227, 73, 242, 136
-0.995732, 397, 121, 412, 184
-0.995736, 241, 209, 368, 240
-0.99574, 7, 265, 22, 328
-0.995762, 29, 169, 44, 232
-0.995772, 475, 169, 490, 232
-0.995774, 453, 169, 468, 232
-0.995776, 49, 81, 80, 208
-0.99579, 291, 273, 306, 336
-0.9958, 353, 169, 480, 200
-0.995816, 239, 273, 254, 336
-0.995824, 385, 257, 400, 320
-0.995824, 333, 89, 348, 152
-0.995835, 457, 129, 488, 256
-0.995837, 97, 245, 224, 276
-0.995838, 447, 185, 462, 248
-0.995871, 369, 105, 496, 168
-0.995901, 273, 49, 304, 176
-0.995914, 33, 189, 160, 220
-0.995915, 17, 81, 144, 144
-0.995916, 337, 9, 464, 72
-0.995918, 11, 193, 26, 256
-0.995919, 17, 297, 144, 328
-0.995937, 289, 121, 416, 152
-0.995942, 173, 265, 188, 328
-0.995955, 213, 281, 228, 344
-0.995979, 227, 281, 242, 344
-0.995985, 465, 161, 480, 224
-0.995987, 379, 233, 394, 296
-0.996002, 353, 209, 480, 240
-0.996013, 265, 273, 280, 336
-0.996031, 451, 217, 466, 280
-0.996038, 177, 233, 304, 264
-0.996043, 187, 281, 202, 344
-0.996048, 1, 253, 128, 284
-0.996051, 101, 113, 116, 176
-0.996051, 63, 225, 78, 288
-0.996056, 129, 65, 384, 128
-0.996082, 429, 241, 444, 304
-0.996083, 283, 273, 298, 336
-0.99609, 161, 277, 288, 308
-0.996092, 81, 125, 208, 156
-0.996093, 263, 201, 278, 264
-0.9961, 33, 281, 160, 312
-0.996105, 405, 265, 420, 328
-0.996122, 195, 281, 210, 344
-0.996133, 459, 265, 474, 328
-0.996137, 97, 273, 224, 304
-0.996137, 293, 249, 308, 312
-0.996149, 269, 225, 284, 288
-0.996151, 327, 81, 342, 144
-0.996154, 447, 241, 462, 304
-0.996157, 115, 97, 130, 160
-0.996161, 369, 97, 400, 352
-0.996164, 67, 297, 82, 360
-0.996165, 1, 193, 500, 256
-0.996165, 445, 161, 460, 224
-0.996174, 411, 265, 426, 328
-0.996182, 135, 217, 150, 280
-0.996186, 473, 257, 488, 320
-0.996192, 165, 89, 180, 152
-0.996193, 209, 101, 336, 132
-0.996195, 461, 241, 476, 304
-0.996206, 435, 225, 450, 288
-0.996207, 105, 225, 120, 288
-0.996208, 157, 241, 172, 304
-0.99621, 425, 193, 440, 256
-0.996218, 465, 217, 480, 280
-0.996223, 429, 265, 444, 328
-0.99623, 299, 225, 314, 288
-0.996237, 191, 217, 206, 280
-0.996252, 199, 233, 214, 296
-0.996253, 161, 265, 176, 328
-0.996254, 257, 273, 272, 336
-0.99626, 413, 169, 428, 232
-0.996261, 419, 257, 434, 320
-0.996269, 55, 129, 70, 192
-0.99627, 345, 105, 360, 168
-0.996273, 1, 265, 128, 296
-0.996273, 153, 289, 168, 352
-0.996276, 145, 217, 160, 280
-0.996292, 365, 185, 380, 248
-0.996298, 113, 289, 128, 352
-0.996298, 35, 273, 50, 336
-0.996315, 219, 281, 234, 344
-0.996316, 115, 121, 130, 184
-0.996319, 391, 265, 406, 328
-0.996325, 453, 241, 468, 304
-0.996325, 97, 225, 112, 288
-0.996327, 65, 293, 192, 324
-0.996334, 377, 113, 392, 176
-0.996337, 407, 145, 422, 208
-0.996345, 305, 141, 432, 172
-0.996348, 467, 265, 482, 328
-0.996358, 439, 161, 454, 224
-0.996358, 433, 169, 448, 232
-0.996359, 207, 281, 222, 344
-0.996363, 273, 273, 288, 336
-0.996363, 179, 281, 194, 344
-0.996363, 179, 233, 194, 296
-0.996367, 339, 89, 354, 152
-0.996367, 385, 233, 400, 296
-0.996369, 369, 181, 496, 212
-0.996372, 223, 257, 238, 320
-0.996378, 397, 265, 412, 328
-0.996386, 167, 265, 182, 328
-0.996387, 113, 285, 240, 316
-0.99639, 137, 289, 152, 352
-0.996396, 425, 169, 440, 232
-0.996399, 393, 129, 424, 375
-0.996405, 203, 65, 218, 128
-0.996406, 485, 249, 500, 312
-0.996408, 479, 257, 494, 320
-0.996416, 259, 225, 274, 288
-0.996423, 163, 241, 178, 304
-0.996474, 1, 165, 128, 196
-0.996519, 177, 209, 304, 240
-0.996531, 93, 65, 124, 192
-0.996534, 377, 65, 408, 192
-0.996534, 225, 177, 352, 208
-0.99654, 105, 65, 136, 320
-0.996549, 97, 261, 224, 292
-0.996554, 305, 153, 432, 184
-0.996564, 273, 221, 400, 252
-0.99657, 161, 101, 288, 132
-0.996698, 81, 185, 208, 216
-0.996714, 381, 97, 412, 352
-0.996732, 65, 65, 192, 128
-0.996739, 329, 97, 360, 352
-0.99675, 145, 245, 272, 276
-0.996821, 233, 65, 264, 320
-0.996833, 61, 97, 92, 352
-0.996834, 289, 253, 416, 284
-0.996836, 309, 65, 340, 320
-0.996893, 289, 241, 416, 272
-0.996899, 321, 221, 448, 252
-0.996906, 133, 65, 164, 320
-0.996946, 225, 89, 352, 120
-0.996949, 97, 137, 352, 200
-0.996963, 97, 113, 224, 144
-0.996981, 345, 97, 376, 352
-0.996985, 97, 89, 224, 120
-0.99701, 161, 185, 288, 216
-0.997011, 305, 165, 432, 196
-0.997031, 369, 257, 496, 288
-0.997082, 85, 97, 116, 352
-0.997085, 117, 65, 148, 320
-0.997091, 49, 173, 176, 204
-0.997102, 225, 1, 480, 64
-0.997114, 245, 65, 276, 320
-0.997116, 401, 33, 464, 160
-0.997119, 161, 1, 288, 32
-0.997128, 297, 65, 328, 320
-0.997128, 145, 65, 176, 320
-0.997144, 221, 1, 252, 256
-0.997153, 33, 65, 288, 128
-0.99716, 225, 73, 480, 136
-0.997198, 17, 125, 144, 156
-0.997203, 193, 65, 224, 320
-0.997252, 205, 65, 236, 320
-0.99727, 209, 285, 336, 316
-0.997306, 9, 97, 40, 352
-0.997308, 405, 129, 436, 375
-0.997315, 49, 109, 176, 140
-0.997319, 129, 137, 256, 200
-0.997327, 353, 245, 480, 276
-0.997359, 1, 81, 500, 144
-0.997364, 55, 169, 70, 200
-0.997374, 129, 173, 256, 204
-0.997422, 49, 269, 176, 300
-0.997428, 43, 177, 58, 208
-0.997431, 321, 97, 448, 128
-0.997432, 257, 65, 288, 320
-0.997441, 11, 173, 26, 204
-0.997445, 107, 105, 122, 136
-0.997447, 193, 317, 320, 348
-0.997512, 165, 65, 196, 320
-0.997519, 225, 189, 352, 220
-0.997521, 257, 165, 384, 196
-0.997529, 357, 97, 388, 352
-0.997543, 31, 177, 46, 208
-0.997548, 291, 213, 306, 244
-0.997549, 73, 97, 104, 352
-0.997551, 337, 121, 464, 152
-0.997557, 145, 325, 272, 356
-0.997557, 285, 97, 316, 352
-0.997561, 369, 325, 496, 356
-0.997563, 41, 189, 56, 220
-0.997574, 353, 157, 480, 188
-0.997581, 37, 177, 52, 208
-0.997604, 65, 217, 192, 248
-0.997619, 429, 129, 460, 375
-0.997624, 1, 177, 16, 208
-0.997625, 225, 241, 352, 272
-0.997632, 83, 237, 98, 268
-0.99764, 389, 193, 404, 224
-0.997643, 113, 105, 128, 136
-0.997659, 181, 1, 212, 256
-0.997678, 3, 265, 18, 296
-0.997683, 445, 185, 460, 216
-0.997683, 409, 193, 424, 224
-0.997687, 269, 65, 300, 320
-0.997691, 21, 177, 36, 208
-0.997701, 209, 345, 336, 375
-0.997718, 369, 33, 496, 64
-0.99772, 17, 221, 144, 252
-0.997722, 49, 153, 176, 184
-0.997724, 269, 221, 284, 252
-0.997763, 31, 189, 46, 220
-0.997764, 225, 49, 480, 112
-0.997764, 379, 193, 394, 224
-0.997771, 309, 273, 324, 304
-0.997777, 65, 137, 192, 168
-0.997783, 297, 209, 312, 240
-0.997795, 97, 197, 224, 228
-0.997808, 25, 97, 56, 352
-0.997811, 129, 77, 256, 108
-0.997812, 111, 117, 126, 148
-0.997849, 225, 153, 352, 184
-0.99787, 227, 81, 242, 112
-0.997876, 241, 309, 368, 340
-0.997879, 397, 129, 412, 160
-0.99788, 223, 225, 238, 256
-0.997882, 377, 269, 392, 300
-0.997887, 1, 1, 256, 64
-0.997893, 65, 337, 192, 368
-0.9979, 65, 177, 80, 208
-0.997904, 119, 105, 134, 136
-0.997906, 121, 241, 136, 272
-0.997911, 145, 13, 272, 44
-0.997912, 89, 237, 104, 268
-0.997915, 241, 1, 368, 32
-0.997915, 105, 117, 120, 148
-0.997919, 417, 129, 448, 375
-0.99792, 23, 137, 38, 168
-0.997922, 289, 301, 416, 332
-0.997925, 131, 97, 146, 128
-0.997927, 259, 213, 274, 244
-0.997929, 347, 109, 362, 140
-0.997931, 97, 233, 112, 264
-0.997936, 447, 173, 462, 204
-0.997936, 257, 25, 500, 88
-0.997938, 177, 173, 304, 204
-0.997942, 181, 257, 196, 288
-0.997946, 401, 189, 416, 220
-0.997953, 433, 229, 448, 260
-0.997956, 281, 209, 296, 240
-0.997962, 29, 137, 44, 168
-0.997968, 263, 225, 278, 256
-0.997973, 257, 257, 272, 288
-0.997974, 339, 97, 354, 128
-0.997975, 369, 297, 496, 328
-0.997982, 253, 213, 268, 244
-0.997992, 465, 173, 480, 204
-0.998, 209, 137, 336, 168
-0.998, 307, 289, 322, 320
-0.998005, 49, 97, 80, 352
-0.998013, 49, 181, 64, 212
-0.998022, 49, 165, 64, 196
-0.998022, 279, 229, 294, 260
-0.998028, 281, 245, 296, 276
-0.998032, 331, 93, 346, 124
-0.998035, 305, 109, 432, 140
-0.998037, 107, 185, 122, 216
-0.998053, 435, 173, 450, 204
-0.998054, 301, 277, 316, 308
-0.998058, 145, 121, 272, 152
-0.998068, 193, 225, 208, 256
-0.998068, 35, 137, 50, 168
-0.998071, 395, 193, 410, 224
-0.998071, 415, 193, 430, 224
-0.998078, 217, 221, 280, 236
-0.998078, 49, 93, 176, 124
-0.99808, 17, 345, 144, 375
-0.998083, 5, 277, 20, 308
-0.998085, 451, 189, 466, 220
-0.998089, 437, 189, 452, 220
-0.998093, 1, 191, 64, 206
-0.998099, 19, 189, 34, 220
-0.998101, 205, 221, 220, 252
-0.998101, 407, 229, 422, 260
-0.998107, 125, 97, 140, 128
-0.998109, 137, 93, 152, 124
-0.99811, 379, 205, 394, 236
-0.998111, 135, 233, 150, 264
-0.998116, 369, 231, 432, 246
-0.998118, 329, 161, 344, 192
-0.998119, 153, 225, 168, 256
-0.998122, 387, 225, 402, 256
-0.998123, 1, 245, 16, 276
-0.998128, 23, 265, 38, 296
-0.998131, 125, 229, 140, 260
-0.998136, 111, 229, 126, 260
-0.998138, 215, 253, 230, 284
-0.998144, 43, 161, 58, 192
-0.998146, 9, 265, 24, 296
-0.998148, 117, 117, 132, 148
-0.99815, 9, 267, 72, 282
-0.99815, 175, 265, 190, 296
-0.998154, 161, 257, 176, 288
-0.998159, 249, 101, 264, 132
-0.998159, 217, 225, 232, 256
-0.998161, 369, 109, 496, 140
-0.998162, 457, 181, 472, 212
-0.998162, 41, 285, 56, 316
-0.998165, 353, 113, 368, 144
-0.998165, 289, 333, 416, 364
-0.998168, 119, 229, 134, 260
-0.998172, 191, 249, 206, 280
-0.998184, 441, 173, 456, 204
-0.998186, 245, 221, 260, 252
-0.998186, 223, 261, 238, 292
-0.998186, 109, 129, 124, 160
-0.998187, 289, 345, 416, 375
-0.998188, 353, 141, 480, 172
-0.99819, 425, 189, 440, 220
-0.998195, 425, 233, 440, 264
-0.998199, 401, 217, 416, 248
-0.998199, 171, 253, 186, 284
-0.998204, 457, 1, 488, 256
-0.998205, 401, 195, 464, 210
-0.998215, 323, 193, 338, 224
-0.998217, 37, 157, 52, 188
-0.998219, 129, 241, 144, 272
-0.998225, 413, 233, 428, 264
-0.998226, 101, 185, 116, 216
-0.998227, 445, 197, 460, 228
-0.998229, 375, 113, 390, 144
-0.99823, 401, 225, 464, 240
-0.99823, 177, 77, 304, 108
-0.998237, 317, 105, 332, 136
-0.998238, 49, 281, 64, 312
-0.998238, 199, 233, 214, 264
-0.998244, 409, 205, 424, 236
-0.998244, 163, 229, 178, 260
-0.998245, 129, 133, 256, 164
-0.998245, 105, 105, 168, 120
-0.998251, 193, 13, 320, 44
-0.998253, 67, 249, 82, 280
-0.998254, 161, 297, 288, 328
-0.998255, 25, 289, 40, 320
-0.998255, 147, 225, 162, 256
-0.998256, 243, 97, 258, 128
-0.998256, 193, 113, 320, 144
-0.99826, 209, 125, 336, 156
-0.998264, 115, 129, 130, 160
-0.998267, 385, 121, 400, 152
-0.998267, 309, 105, 324, 136
-0.998271, 335, 157, 350, 188
-0.998271, 297, 107, 360, 122
-0.998272, 205, 253, 220, 284
-0.998274, 1, 189, 16, 220
-0.998274, 115, 241, 130, 272
-0.998274, 33, 245, 48, 276
-0.998276, 79, 249, 94, 280
-0.998277, 95, 245, 110, 276
-0.998278, 1, 113, 128, 144
-0.998283, 23, 165, 38, 196
-0.998287, 169, 269, 184, 300
-0.998287, 55, 185, 70, 216
-0.998289, 373, 193, 388, 224
-0.99829, 289, 225, 304, 256
-0.998291, 113, 281, 128, 312
-0.998292, 257, 137, 384, 168
-0.998293, 1, 175, 64, 190
-0.998296, 153, 227, 216, 242
-0.998314, 37, 97, 68, 352
-0.998316, 113, 1, 240, 32
-0.998318, 417, 233, 480, 248
-0.998319, 169, 221, 232, 236
-0.998324, 177, 259, 240, 274
-0.998329, 121, 99, 184, 114
-0.998332, 33, 233, 96, 248
-0.998334, 1, 153, 128, 184
-0.998339, 177, 197, 304, 228
-0.99835, 441, 129, 472, 375
-0.998362, 177, 153, 304, 184
-0.998379, 265, 223, 328, 238
-0.998398, 41, 183, 104, 198
-0.998399, 433, 175, 496, 190
-0.998404, 265, 109, 328, 124
-0.998409, 321, 1, 352, 256
-0.998411, 41, 189, 104, 204
-0.99842, 353, 195, 416, 210
-0.998426, 465, 129, 496, 375
-0.998432, 425, 227, 488, 242
-0.998452, 249, 217, 312, 232
-0.998455, 221, 97, 252, 352
-0.998467, 1, 97, 128, 128
-0.998467, 57, 239, 120, 254
-0.998475, 285, 215, 316, 230
-0.998475, 257, 279, 320, 294
-0.998475, 169, 257, 200, 272
-0.998476, 441, 205, 472, 220
-0.998477, 469, 203, 500, 218
-0.998477, 269, 209, 300, 224
-0.998478, 457, 185, 488, 200
-0.998478, 25, 155, 56, 170
-0.998478, 133, 271, 164, 286
-0.998478, 157, 269, 188, 284
-0.998479, 377, 271, 408, 286
-0.998479, 213, 85, 244, 100
-0.998479, 461, 175, 492, 190
-0.998481, 149, 251, 180, 266
-0.998481, 433, 195, 464, 210
-0.998481, 69, 251, 100, 266
-0.998482, 1, 259, 32, 274
-0.998482, 293, 297, 324, 312
-0.998482, 9, 241, 40, 256
-0.998482, 105, 243, 136, 258
-0.998482, 361, 201, 424, 216
-0.998483, 365, 117, 396, 132
-0.998483, 297, 251, 328, 266
-0.998483, 421, 197, 452, 212
-0.998483, 425, 175, 456, 190
-0.998484, 93, 247, 124, 262
-0.998485, 81, 135, 112, 150
-0.998487, 45, 259, 76, 274
-0.998488, 265, 107, 296, 122
-0.998489, 149, 245, 180, 260
-0.998489, 129, 227, 160, 242
-0.99849, 381, 195, 412, 210
-0.998491, 93, 137, 124, 152
-0.998491, 229, 257, 260, 272
-0.998491, 97, 231, 160, 246
-0.998491, 29, 173, 60, 188
-0.998494, 305, 107, 336, 122
-0.998494, 185, 255, 216, 270
-0.998494, 169, 243, 200, 258
-0.998495, 381, 125, 412, 140
-0.998497, 1, 277, 32, 292
-0.998498, 281, 109, 312, 124
-0.998498, 101, 235, 132, 250
-0.9985, 193, 87, 224, 102
-0.9985, 457, 225, 488, 240
-0.998501, 441, 187, 472, 202
-0.998501, 1, 181, 32, 196
-0.998502, 445, 223, 476, 238
-0.998502, 109, 187, 140, 202
-0.998502, 53, 277, 84, 292
-0.998503, 49, 239, 80, 254
-0.998503, 469, 181, 500, 196
-0.998503, 101, 121, 132, 136
-0.998504, 185, 241, 216, 256
-0.998506, 137, 93, 200, 108
-0.998507, 89, 241, 120, 256
-0.998508, 17, 137, 80, 152
-0.998511, 37, 267, 68, 282
-0.998512, 21, 259, 52, 274
-0.998512, 249, 257, 280, 272
-0.998512, 49, 251, 112, 266
-0.998513, 169, 265, 200, 280
-0.998514, 253, 105, 284, 120
-0.998514, 57, 249, 88, 264
-0.998515, 213, 91, 244, 106
-0.998515, 69, 187, 100, 202
-0.998516, 369, 203, 400, 218
-0.998516, 149, 225, 180, 240
-0.998517, 369, 195, 400, 210
-0.998519, 265, 251, 296, 266
-0.998519, 197, 223, 228, 238
-0.99852, 145, 253, 208, 268
-0.998521, 173, 221, 204, 236
-0.998521, 69, 245, 100, 260
-0.998523, 49, 189, 80, 204
-0.998524, 305, 275, 336, 290
-0.998525, 25, 243, 88, 258
-0.998525, 389, 203, 420, 218
-0.998526, 33, 261, 64, 276
-0.998526, 401, 199, 432, 214
-0.998527, 285, 279, 316, 294
-0.998527, 61, 179, 92, 194
-0.998528, 325, 105, 356, 120
-0.998528, 125, 107, 156, 122
-0.998529, 321, 93, 352, 108
-0.99853, 89, 187, 120, 202
-0.998531, 397, 235, 428, 250
-0.998531, 165, 93, 196, 108
-0.998531, 157, 259, 188, 274
-0.998531, 69, 239, 100, 254
-0.998533, 337, 111, 368, 126
-0.998536, 381, 229, 412, 244
-0.998537, 377, 65, 440, 192
-0.998537, 89, 235, 120, 250
-0.998538, 153, 99, 184, 114
-0.998539, 145, 221, 208, 236
-0.998539, 313, 199, 344, 214
-0.998539, 289, 321, 416, 352
-0.99854, 449, 175, 480, 190
-0.998541, 57, 233, 120, 248
-0.998541, 37, 191, 68, 206
-0.998542, 273, 219, 304, 234
-0.998543, 253, 215, 284, 230
-0.998543, 1, 273, 64, 288
-0.998545, 21, 137, 52, 152
-0.998546, 417, 239, 448, 254
-0.998546, 321, 99, 352, 114
-0.998547, 265, 251, 328, 266
-0.998549, 205, 257, 236, 272
-0.99855, 421, 191, 452, 206
-0.99855, 433, 189, 496, 204
-0.99855, 253, 225, 284, 240
-0.998552, 149, 231, 180, 246
-0.998552, 1, 265, 32, 280
-0.998556, 241, 105, 304, 120
-0.998557, 25, 193, 56, 208
-0.998558, 9, 191, 40, 206
-0.998558, 41, 173, 72, 188
-0.99856, 445, 231, 476, 246
-0.99856, 285, 223, 316, 238
-0.998561, 65, 297, 128, 312
-0.998563, 137, 95, 168, 110
-0.998563, 193, 233, 256, 248
-0.998564, 433, 227, 464, 242
-0.998564, 209, 227, 240, 242
-0.998565, 17, 185, 80, 200
-0.998565, 33, 261, 96, 276
-0.998568, 241, 219, 272, 234
-0.998568, 137, 101, 168, 116
-0.998569, 293, 109, 324, 124
-0.99857, 289, 25, 416, 88
-0.998571, 1, 1, 500, 64
-0.998572, 177, 227, 240, 242
-0.998574, 185, 89, 248, 104
-0.998575, 369, 271, 432, 286
-0.998575, 285, 245, 316, 260
-0.998575, 321, 29, 448, 60
-0.998576, 29, 235, 60, 250
-0.998576, 109, 103, 140, 118
-0.998577, 313, 197, 376, 212
-0.998577, 73, 187, 136, 202
-0.998579, 393, 229, 424, 244
-0.99858, 49, 205, 176, 236
-0.998581, 125, 101, 156, 116
-0.998582, 161, 91, 224, 106
-0.998582, 221, 225, 252, 240
-0.998582, 369, 237, 432, 252
-0.998583, 169, 265, 232, 280
-0.998586, 465, 241, 496, 256
-0.998587, 393, 237, 456, 252
-0.998587, 337, 119, 400, 134
-0.998588, 161, 225, 192, 240
-0.998589, 101, 109, 132, 124
-0.998591, 29, 179, 60, 194
-0.998592, 161, 97, 224, 112
-0.998592, 469, 1, 500, 256
-0.998592, 81, 135, 144, 150
-0.998593, 9, 175, 40, 190
-0.998593, 265, 297, 328, 312
-0.998593, 185, 261, 216, 276
-0.998596, 269, 225, 300, 240
-0.998597, 193, 235, 224, 250
-0.998598, 21, 265, 52, 280
-0.9986, 205, 233, 236, 248
-0.998602, 121, 245, 184, 260
-0.998604, 297, 277, 360, 292
-0.998606, 209, 253, 272, 268
-0.998609, 17, 253, 80, 268
-0.998609, 441, 1, 472, 256
-0.998609, 113, 337, 240, 368
-0.998611, 81, 239, 144, 254
-0.998613, 201, 99, 264, 114
-0.998614, 89, 247, 152, 262
-0.998614, 17, 169, 80, 184
-0.998616, 241, 227, 304, 242
-0.998619, 49, 183, 80, 198
-0.998623, 5, 271, 36, 286
-0.998627, 97, 111, 160, 126
-0.998628, 169, 251, 232, 266
-0.998628, 169, 237, 232, 252
-0.998632, 393, 175, 456, 190
-0.998633, 1, 335, 64, 350
-0.998633, 129, 145, 256, 176
-0.998633, 201, 259, 264, 274
-0.998636, 81, 305, 208, 336
-0.998637, 249, 211, 312, 226
-0.998639, 429, 233, 460, 248
-0.998642, 353, 129, 416, 144
-0.998643, 129, 261, 192, 276
-0.998643, 413, 227, 444, 242
-0.998645, 49, 81, 176, 112
-0.998645, 297, 291, 360, 306
-0.998648, 25, 331, 88, 346
-0.998648, 97, 13, 224, 44
-0.998651, 49, 327, 112, 342
-0.998651, 1, 243, 64, 258
-0.998652, 265, 245, 328, 260
-0.998657, 249, 257, 312, 272
-0.998658, 417, 207, 480, 222
-0.998659, 313, 113, 376, 128
-0.998659, 225, 77, 352, 108
-0.998659, 137, 233, 200, 248
-0.998659, 385, 201, 448, 216
-0.99866, 33, 299, 96, 314
-0.998661, 121, 251, 184, 266
-0.998664, 89, 321, 152, 336
-0.998664, 41, 177, 104, 192
-0.998667, 129, 105, 192, 120
-0.998667, 113, 225, 176, 240
-0.998669, 433, 221, 496, 236
-0.998675, 9, 235, 72, 250
-0.998681, 73, 253, 136, 268
-0.998687, 1, 209, 128, 240
-0.99869, 129, 315, 192, 330
-0.998702, 265, 265, 328, 280
-0.998705, 193, 217, 256, 232
-0.998714, 17, 199, 80, 214
-0.998718, 161, 311, 224, 326
-0.998721, 25, 293, 88, 308
-0.998728, 1, 261, 64, 276
-0.998734, 433, 37, 496, 52
-0.998738, 377, 225, 440, 240
-0.998746, 217, 227, 280, 242
-0.998757, 209, 305, 272, 320
-0.998758, 41, 277, 104, 292
-0.998762, 185, 307, 248, 322
-0.998762, 425, 201, 488, 216
-0.998765, 217, 105, 280, 120
-0.998766, 113, 237, 176, 252
-0.998769, 65, 181, 128, 196
-0.998774, 65, 245, 128, 260
-0.998777, 145, 241, 208, 256
-0.998778, 377, 193, 440, 208
-0.99878, 409, 189, 472, 204
-0.99878, 297, 101, 360, 116
-0.998781, 257, 285, 320, 300
-0.998783, 393, 231, 456, 246
-0.998785, 329, 203, 392, 218
-0.998788, 177, 129, 208, 375
-0.99879, 1, 297, 64, 312
-0.998791, 369, 289, 432, 304
-0.998795, 153, 259, 216, 274
-0.9988, 333, 1, 364, 256
-0.9988, 57, 137, 120, 152
-0.998811, 329, 283, 392, 298
-0.998812, 9, 303, 72, 318
-0.998822, 313, 171, 376, 186
-0.998823, 241, 301, 304, 316
-0.998826, 145, 267, 208, 282
-0.998828, 113, 93, 176, 108
-0.99883, 121, 271, 184, 286
-0.998832, 297, 205, 360, 220
-0.998836, 57, 261, 120, 276
-0.998843, 129, 25, 384, 88
-0.99889, 109, 241, 124, 368
-0.998911, 245, 209, 260, 336
-0.99894, 79, 129, 94, 256
-0.998949, 19, 145, 34, 272
-0.998965, 83, 225, 98, 352
-0.998979, 257, 209, 272, 336
-0.998995, 31, 145, 46, 272
-0.999, 89, 1, 120, 256
-0.999002, 251, 209, 266, 336
-0.999007, 167, 225, 182, 352
-0.999015, 421, 241, 436, 368
-0.999017, 263, 241, 278, 368
-0.999018, 89, 225, 104, 352
-0.99902, 39, 129, 54, 256
-0.999023, 119, 241, 134, 368
-0.999024, 427, 225, 442, 352
-0.999026, 13, 145, 28, 272
-0.999035, 43, 193, 58, 320
-0.999036, 25, 145, 40, 272
-0.99904, 453, 129, 484, 375
-0.999047, 61, 225, 76, 352
-0.999053, 239, 241, 254, 368
-0.999054, 101, 225, 116, 352
-0.999056, 161, 225, 176, 352
-0.999065, 1, 161, 16, 288
-0.999065, 269, 241, 284, 368
-0.999067, 129, 241, 144, 368
-0.999091, 161, 177, 176, 304
-0.999093, 277, 241, 292, 368
-0.999094, 113, 193, 128, 320
-0.999095, 85, 129, 100, 256
-0.999095, 277, 193, 292, 320
-0.999096, 71, 177, 86, 304
-0.999098, 67, 225, 82, 352
-0.9991, 95, 225, 110, 352
-0.9991, 379, 241, 394, 368
-0.999105, 411, 193, 426, 320
-0.999105, 415, 241, 430, 368
-0.999108, 423, 161, 438, 288
-0.99911, 173, 225, 188, 352
-0.99911, 137, 193, 152, 320
-0.999111, 229, 241, 244, 368
-0.999114, 97, 113, 112, 240
-0.999118, 433, 209, 448, 336
-0.999122, 83, 177, 98, 304
-0.999122, 193, 81, 208, 208
-0.999131, 7, 161, 22, 288
-0.999131, 405, 129, 420, 256
-0.999132, 285, 241, 300, 368
-0.999132, 291, 241, 306, 368
-0.999134, 45, 241, 60, 368
-0.999142, 73, 129, 88, 256
-0.999145, 93, 177, 108, 304
-0.999145, 287, 193, 302, 320
-0.999147, 447, 177, 462, 304
-0.999149, 341, 97, 356, 224
-0.999149, 61, 129, 76, 256
-0.99915, 285, 97, 300, 224
-0.99915, 37, 177, 52, 304
-0.99915, 135, 241, 150, 368
-0.999151, 335, 81, 350, 208
-0.999152, 77, 241, 92, 368
-0.999157, 205, 225, 220, 352
-0.999157, 187, 81, 202, 208
-0.99916, 305, 241, 320, 368
-0.999161, 55, 241, 70, 368
-0.999163, 53, 161, 68, 288
-0.999165, 385, 241, 400, 368
-0.999165, 223, 241, 238, 368
-0.999166, 1, 241, 16, 368
-0.99917, 391, 241, 406, 368
-0.999172, 405, 241, 420, 368
-0.999173, 353, 97, 368, 224
-0.999174, 67, 129, 82, 256
-0.999175, 91, 113, 106, 240
-0.999176, 369, 209, 384, 336
-0.99918, 315, 97, 330, 224
-0.999182, 201, 49, 216, 176
-0.999183, 131, 193, 146, 320
-0.999183, 269, 193, 284, 320
-0.999184, 323, 97, 338, 224
-0.999186, 393, 113, 408, 240
-0.999186, 141, 241, 156, 368
-0.999195, 115, 113, 130, 240
-0.999196, 45, 129, 60, 256
-0.999199, 175, 177, 190, 304
-0.999201, 225, 65, 240, 192
-0.999203, 199, 1, 214, 128
-0.999204, 379, 193, 394, 320
-0.999205, 305, 97, 320, 224
-0.999208, 293, 97, 308, 224
-0.999209, 379, 113, 394, 240
-0.999209, 299, 193, 314, 320
-0.999211, 299, 97, 314, 224
-0.999212, 441, 177, 456, 304
-0.999212, 181, 81, 196, 208
-0.999214, 167, 177, 182, 304
-0.999215, 13, 241, 28, 368
-0.999216, 263, 193, 278, 320
-0.999218, 155, 177, 170, 304
-0.999221, 155, 225, 170, 352
-0.999222, 251, 81, 266, 208
-0.999222, 119, 193, 134, 320
-0.999222, 149, 177, 164, 304
-0.999225, 435, 161, 450, 288
-0.999228, 21, 97, 36, 224
-0.999228, 213, 81, 228, 208
-0.999231, 417, 161, 432, 288
-0.999234, 277, 97, 292, 224
-0.999235, 61, 1, 92, 256
-0.999237, 199, 225, 214, 352
-0.999241, 361, 113, 376, 240
-0.999249, 245, 81, 260, 208
-0.999249, 217, 241, 232, 368
-0.99925, 401, 193, 416, 320
-0.999251, 347, 97, 362, 224
-0.999252, 411, 145, 426, 272
-0.999252, 179, 225, 194, 352
-0.999253, 109, 81, 124, 208
-0.999253, 185, 177, 200, 304
-0.999258, 123, 81, 138, 208
-0.999259, 281, 1, 312, 256
-0.99926, 143, 193, 158, 320
-0.999261, 207, 65, 222, 192
-0.999263, 7, 241, 22, 368
-0.999267, 399, 113, 414, 240
-0.999267, 27, 97, 42, 224
-0.999267, 387, 113, 402, 240
-0.999269, 37, 225, 52, 352
-0.999269, 371, 97, 386, 224
-0.99927, 393, 33, 424, 288
-0.999272, 51, 113, 66, 240
-0.999273, 439, 225, 454, 352
-0.999274, 211, 209, 226, 336
-0.999276, 467, 145, 482, 272
-0.999327, 33, 25, 288, 88
-0.999363, 349, 1, 380, 256
-0.999426, 57, 33, 120, 160
-0.999466, 369, 1, 400, 256
-0.999491, 73, 1, 104, 256
-0.999556, 465, 205, 480, 220
-0.999557, 45, 295, 60, 310
-0.999558, 111, 109, 126, 124
-0.999558, 469, 175, 484, 190
-0.999558, 53, 167, 68, 182
-0.999562, 481, 241, 496, 256
-0.999563, 111, 187, 126, 202
-0.999563, 213, 257, 228, 272
-0.999564, 403, 199, 418, 214
-0.999564, 47, 163, 62, 178
-0.999565, 221, 233, 236, 248
-0.999565, 283, 229, 298, 244
-0.999565, 267, 105, 282, 120
-0.999565, 455, 199, 470, 214
-0.999566, 35, 243, 50, 258
-0.999566, 413, 207, 428, 222
-0.999567, 29, 239, 44, 254
-0.999567, 1, 265, 16, 280
-0.999567, 265, 219, 280, 234
-0.999569, 149, 95, 164, 110
-0.999571, 75, 187, 90, 202
-0.999572, 141, 95, 156, 110
-0.999572, 473, 207, 488, 222
-0.999574, 371, 199, 386, 214
-0.999575, 43, 261, 58, 276
-0.999575, 457, 189, 472, 204
-0.999577, 465, 241, 480, 256
-0.999577, 309, 107, 324, 122
-0.999578, 163, 99, 178, 114
-0.999578, 277, 219, 292, 234
-0.999579, 387, 203, 402, 218
-0.99958, 59, 189, 74, 204
-0.999583, 441, 197, 456, 212
-0.999585, 101, 235, 116, 250
-0.999586, 381, 1, 412, 256
-0.999587, 93, 187, 108, 202
-0.99959, 415, 239, 430, 254
-0.999592, 281, 247, 296, 262
-0.999592, 105, 185, 120, 200
-0.999593, 435, 227, 450, 242
-0.999596, 449, 187, 464, 202
-0.999599, 93, 235, 108, 250
-0.999609, 261, 255, 276, 270
-0.999609, 131, 107, 146, 122
-0.99961, 73, 249, 88, 264
-0.999611, 19, 143, 34, 158
-0.999612, 65, 181, 80, 196
-0.999612, 233, 221, 248, 236
-0.999615, 301, 251, 316, 266
-0.999615, 31, 173, 46, 188
-0.999617, 427, 235, 442, 250
-0.999618, 45, 267, 60, 282
-0.999625, 399, 231, 414, 246
-0.999626, 27, 263, 42, 278
-0.999627, 411, 233, 426, 248
-0.999627, 161, 255, 176, 270
-0.999627, 413, 199, 428, 214
-0.999632, 315, 201, 330, 216
-0.999633, 169, 225, 184, 240
-0.999633, 307, 293, 322, 308
-0.999636, 477, 177, 492, 192
-0.999639, 87, 237, 102, 252
-0.999641, 133, 101, 148, 116
-0.999643, 7, 263, 22, 278
-0.999644, 303, 109, 318, 124
-0.999645, 37, 193, 52, 208
-0.999647, 381, 229, 396, 244
-0.999647, 49, 191, 64, 206
-0.99965, 447, 231, 462, 246
-0.999652, 69, 187, 84, 202
-0.999655, 21, 263, 36, 278
-0.999656, 457, 229, 472, 244
-0.999656, 195, 233, 210, 248
-0.999662, 255, 223, 270, 238
-0.999662, 25, 191, 40, 206
-0.999662, 481, 203, 496, 218
-0.999663, 55, 173, 70, 188
-0.999668, 113, 103, 128, 118
-0.99967, 145, 101, 160, 116
-0.99967, 37, 261, 52, 276
-0.99967, 43, 179, 58, 194
-0.999679, 161, 225, 176, 240
-0.999682, 287, 245, 302, 260
-0.999685, 39, 157, 54, 172
-0.999688, 327, 195, 342, 210
-0.999688, 125, 105, 140, 120
-0.99969, 447, 225, 462, 240
-0.99969, 347, 111, 362, 126
-0.999694, 153, 225, 168, 240
-0.9997, 277, 225, 292, 240
-0.999704, 1, 245, 16, 260
-0.999709, 339, 105, 354, 120
-0.99972, 157, 97, 172, 112
-0.99972, 67, 251, 82, 266
-0.999722, 17, 189, 32, 204
-0.999723, 91, 243, 106, 258
-0.999724, 405, 33, 436, 288
-0.999724, 307, 273, 322, 288
-0.999727, 27, 149, 42, 164
-0.999734, 29, 1, 60, 256
-0.999742, 3, 277, 18, 292
-0.99975, 249, 217, 264, 232
-0.999763, 183, 263, 198, 278
-0.999766, 43, 193, 58, 208
-0.999766, 3, 271, 18, 286
-0.999767, 85, 245, 100, 260
-0.999771, 139, 101, 154, 116
-0.999775, 189, 261, 204, 276
-0.999776, 53, 185, 68, 200
-0.999781, 41, 1, 72, 256
-0.999786, 105, 109, 120, 124
-0.999806, 59, 183, 74, 198
-0.999813, 387, 229, 402, 244
-0.999817, 1, 179, 16, 194
-0.999818, 421, 239, 436, 254
-0.999823, 11, 193, 26, 208
-0.999827, 151, 231, 166, 246
-0.999831, 31, 191, 46, 206
-0.999833, 293, 223, 308, 238
-0.999862, 331, 91, 346, 106
-0.999864, 1, 25, 500, 88
-0.999864, 119, 103, 134, 118
-0.999868, 283, 221, 298, 236
-0.999871, 5, 193, 20, 208
-0.999873, 21, 173, 36, 188
-0.999879, 15, 269, 30, 284
-0.999888, 441, 225, 456, 240
-0.999894, 11, 175, 26, 190
-0.999897, 271, 223, 286, 238
-0.999912, 215, 231, 230, 246
-0.999926, 9, 271, 24, 286
-0.999938, 205, 233, 220, 248
-0.99994, 429, 33, 460, 288
-0.999951, 433, 233, 448, 248
-0.999953, 265, 225, 280, 240
-0.999998, 223, 227, 238, 242
-1.00002, 17, 1, 48, 256
-1.00032, 417, 33, 448, 288
-1.00073, 369, 81, 496, 144
-1.00085, 1, 57, 500, 120
-1.00088, 161, 57, 288, 120
-1.00089, 1, 1, 32, 256
-1.00098, 337, 1, 400, 128
-1.00102, 1, 33, 128, 160
-1.00141, 313, 1, 376, 128
-1.00151, 225, 49, 352, 112
-1.00164, 145, 25, 272, 88
-1.00194, 321, 313, 448, 375
-1.00303, 65, 1, 192, 64
-1.00313, 241, 25, 368, 88
-1.00372, 193, 25, 320, 88
-1.00401, 321, 57, 448, 120
-1.00435, 65, 25, 192, 88
-1.00439, 425, 81, 488, 208
-1.00443, 273, 1, 400, 128
-1.00488, 273, 49, 400, 112
-1.0049, 273, 1, 400, 64
-1.00522, 17, 57, 144, 120
-1.00535, 17, 9, 144, 72
-1.00538, 1, 33, 128, 96
-1.00561, 377, 17, 440, 144
-1.00692, 281, 1, 344, 128
-1.00773, 1, 33, 64, 160
-1.00876, 249, 1, 312, 128
-1.00944, 129, 1, 192, 128
-1.00991, 81, 17, 144, 144
-1.01179, 33, 33, 96, 160
-1.01188, 105, 1, 168, 128
