1882
-0.342541, 1, 33, 500, 288
-0.388488, 1, 1, 500, 335
-0.521218, 257, 1, 500, 335
-0.526019, 129, 1, 384, 335
-0.577185, 33, 1, 288, 335
-0.61681, 225, 65, 480, 320
-0.628039, 1, 65, 256, 320
-0.652077, 97, 65, 352, 320
-0.85697, 289, 1, 416, 256
-0.858553, 1, 145, 500, 272
-0.859118, 289, 1, 416, 335
-0.866767, 81, 65, 208, 320
-0.871208, 1, 1, 128, 335
-0.871373, 1, 81, 500, 208
-0.871427, 337, 1, 464, 335
-0.874286, 337, 33, 464, 288
-0.874401, 1, 193, 500, 320
-0.875504, 241, 65, 368, 320
-0.876547, 129, 65, 256, 320
-0.87877, 193, 65, 320, 320
-0.88258, 65, 1, 192, 335
-0.883687, 33, 65, 160, 320
-0.884582, 193, 1, 320, 335
-0.884692, 241, 1, 368, 335
-0.88983, 129, 81, 384, 208
-0.896504, 145, 1, 272, 335
-0.902276, 257, 161, 500, 288
-0.915965, 161, 193, 416, 320
-0.916756, 129, 129, 384, 256
-0.919859, 33, 161, 288, 288
-0.92148, 321, 113, 384, 240
-0.921556, 305, 65, 432, 192
-0.922659, 353, 113, 480, 240
-0.923662, 305, 145, 432, 272
-0.923998, 361, 129, 424, 256
-0.925856, 81, 145, 208, 272
-0.926958, 225, 65, 352, 192
-0.927291, 1, 113, 256, 240
-0.928164, 169, 145, 232, 272
-0.928753, 225, 113, 480, 240
-0.929641, 225, 33, 480, 160
-0.930722, 337, 161, 400, 288
-0.931753, 121, 113, 184, 240
-0.931838, 385, 113, 448, 240
-0.933229, 257, 129, 384, 256
-0.934566, 145, 161, 272, 288
-0.935327, 209, 145, 272, 272
-0.935473, 273, 97, 336, 224
-0.9361, 49, 113, 112, 240
-0.936175, 321, 193, 448, 320
-0.936924, 73, 113, 136, 240
-0.938811, 33, 113, 160, 240
-0.939004, 257, 193, 384, 320
-0.939434, 1, 33, 500, 160
-0.939457, 209, 193, 336, 320
-0.939765, 305, 65, 368, 192
-0.940331, 97, 113, 160, 240
-0.940799, 113, 97, 240, 224
-0.941119, 193, 145, 320, 272
-0.941722, 401, 161, 464, 288
-0.942926, 233, 145, 296, 272
-0.943279, 257, 209, 500, 335
-0.943339, 329, 65, 392, 192
-0.944401, 433, 81, 496, 208
-0.94478, 249, 193, 312, 320
-0.944936, 25, 113, 88, 240
-0.945483, 369, 193, 432, 320
-0.945543, 209, 97, 272, 224
-0.945564, 209, 193, 272, 320
-0.94564, 297, 145, 360, 272
-0.945712, 33, 209, 288, 335
-0.946782, 33, 161, 160, 288
-0.946858, 89, 161, 152, 288
-0.946964, 297, 193, 360, 320
-0.946974, 249, 81, 312, 208
-0.947303, 161, 65, 288, 192
-0.947722, 145, 145, 208, 272
-0.947955, 177, 193, 240, 320
-0.94797, 361, 81, 424, 208
-0.948142, 145, 97, 208, 224
-0.948585, 33, 65, 288, 192
-0.948677, 1, 161, 64, 288
-0.949967, 369, 209, 496, 335
-0.950842, 273, 145, 336, 272
-0.951124, 33, 161, 96, 288
-0.95124, 409, 81, 472, 208
-0.951864, 369, 161, 496, 288
-0.952033, 273, 49, 336, 176
-0.95212, 113, 161, 176, 288
-0.95357, 425, 129, 488, 256
-0.953584, 353, 65, 480, 192
-0.954537, 273, 193, 336, 320
-0.955077, 65, 161, 128, 288
-0.955182, 209, 137, 272, 200
-0.955521, 1, 113, 64, 240
-0.955957, 169, 97, 232, 224
-0.956528, 361, 129, 424, 192
-0.9574, 185, 137, 248, 200
-0.957697, 97, 193, 224, 320
-0.957857, 401, 209, 464, 335
-0.957911, 337, 145, 400, 208
-0.958207, 385, 121, 448, 184
-0.958739, 353, 185, 416, 248
-0.958836, 33, 153, 96, 216
-0.95912, 353, 129, 384, 256
-0.959348, 385, 65, 448, 192
-0.959627, 313, 113, 376, 176
-0.959654, 329, 185, 392, 248
-0.959738, 49, 209, 176, 335
-0.959961, 177, 161, 240, 224
-0.960173, 325, 129, 356, 256
-0.960316, 105, 121, 168, 184
-0.960443, 401, 145, 464, 208
-0.960567, 313, 153, 376, 216
-0.961206, 161, 137, 224, 200
-0.961559, 233, 137, 296, 200
-0.961951, 289, 137, 352, 200
-0.961972, 145, 209, 208, 335
-0.962028, 433, 177, 496, 304
-0.962055, 145, 209, 272, 335
-0.962456, 169, 113, 232, 176
-0.96246, 289, 81, 352, 144
-0.962554, 81, 129, 208, 192
-0.962689, 33, 17, 288, 144
-0.962849, 305, 121, 432, 184
-0.962887, 129, 33, 384, 160
-0.96308, 345, 81, 408, 144
-0.963196, 129, 105, 192, 168
-0.963244, 233, 89, 296, 152
-0.963421, 361, 153, 424, 216
-0.963479, 41, 65, 104, 192
-0.963481, 73, 129, 136, 192
-0.963533, 409, 113, 440, 240
-0.963638, 153, 161, 216, 224
-0.963668, 369, 113, 400, 240
-0.963825, 389, 129, 420, 256
-0.963843, 289, 145, 416, 208
-0.963847, 337, 65, 368, 192
-0.963888, 49, 177, 112, 240
-0.963892, 1, 169, 64, 232
-0.963893, 185, 49, 248, 176
-0.964066, 417, 89, 480, 152
-0.964112, 433, 129, 496, 192
-0.96441, 265, 129, 328, 192
-0.964464, 177, 81, 240, 144
-0.964485, 201, 113, 264, 176
-0.965012, 273, 105, 336, 168
-0.965112, 337, 121, 400, 184
-0.96522, 129, 129, 192, 192
-0.965239, 305, 177, 368, 240
-0.965338, 225, 89, 352, 152
-0.965418, 161, 97, 288, 160
-0.965543, 281, 169, 344, 232
-0.965558, 313, 81, 376, 144
-0.96582, 233, 161, 296, 224
-0.965864, 1, 65, 128, 192
-0.965912, 369, 153, 496, 216
-0.966142, 289, 193, 416, 256
-0.96627, 129, 161, 192, 224
-0.966414, 33, 137, 160, 200
-0.966681, 225, 113, 288, 176
-0.966916, 393, 121, 424, 184
-0.967181, 209, 81, 272, 144
-0.967387, 65, 201, 128, 264
-0.967478, 113, 105, 240, 168
-0.967534, 97, 161, 160, 224
-0.967542, 265, 73, 328, 136
-0.96757, 193, 145, 224, 272
-0.967615, 361, 105, 424, 168
-0.967645, 257, 169, 384, 232
-0.967727, 129, 113, 160, 240
-0.96782, 369, 209, 432, 272
-0.967927, 205, 145, 236, 272
-0.967965, 209, 161, 272, 224
-0.968053, 73, 177, 136, 240
-0.968065, 17, 129, 80, 192
-0.968086, 201, 185, 264, 248
-0.968377, 41, 201, 104, 264
-0.968381, 337, 113, 368, 240
-0.96852, 57, 49, 120, 112
-0.968667, 89, 201, 152, 264
-0.968736, 113, 65, 176, 192
-0.968932, 361, 177, 392, 240
-0.969281, 377, 177, 440, 240
-0.96933, 289, 81, 416, 144
-0.969404, 25, 177, 88, 240
-0.969552, 225, 113, 256, 176
-0.969606, 337, 209, 400, 335
-0.96986, 169, 57, 232, 120
-0.969914, 297, 65, 328, 192
-0.969968, 321, 113, 352, 176
-0.969993, 417, 217, 480, 280
-0.970043, 145, 73, 208, 136
-0.970211, 329, 169, 360, 232
-0.970286, 353, 105, 480, 168
-0.970321, 177, 185, 240, 248
-0.970439, 33, 73, 96, 136
-0.970525, 313, 33, 376, 288
-0.970614, 17, 201, 80, 264
-0.970687, 73, 65, 136, 192
-0.97073, 113, 201, 176, 264
-0.970856, 385, 89, 448, 152
-0.970866, 49, 65, 176, 192
-0.970884, 25, 145, 56, 272
-0.970889, 225, 113, 256, 240
-0.970916, 97, 177, 224, 240
-0.971038, 225, 129, 352, 192
-0.97106, 233, 209, 296, 272
-0.971095, 113, 113, 144, 240
-0.971097, 281, 209, 344, 272
-0.971279, 365, 161, 396, 288
-0.97132, 257, 185, 320, 248
-0.971498, 225, 185, 288, 248
-0.971578, 193, 33, 256, 288
-0.971621, 369, 129, 496, 192
-0.971662, 173, 137, 204, 200
-0.971716, 209, 161, 336, 224
-0.971742, 193, 137, 224, 200
-0.971747, 173, 145, 204, 272
-0.9719, 305, 57, 368, 120
-0.971913, 73, 73, 136, 136
-0.972045, 409, 113, 472, 176
-0.972079, 153, 201, 216, 264
-0.972087, 433, 153, 496, 216
-0.97218, 337, 33, 400, 288
-0.97224, 325, 81, 356, 208
-0.972289, 5, 145, 36, 272
-0.972309, 257, 161, 320, 224
-0.972336, 317, 145, 348, 208
-0.972405, 49, 121, 112, 184
-0.972473, 313, 145, 344, 272
-0.972581, 369, 65, 432, 320
-0.9726, 265, 33, 328, 288
-0.97265, 257, 209, 320, 272
-0.972666, 345, 129, 376, 192
-0.972735, 393, 81, 424, 208
-0.972862, 385, 169, 416, 232
-0.972875, 33, 193, 160, 256
-0.973046, 345, 57, 408, 120
-0.973393, 357, 153, 388, 216
-0.973445, 309, 65, 340, 192
-0.973451, 313, 209, 376, 272
-0.973485, 301, 161, 332, 224
-0.973497, 241, 145, 272, 272
-0.973534, 393, 217, 456, 280
-0.973557, 357, 129, 388, 192
-0.973584, 305, 169, 432, 232
-0.973615, 209, 17, 336, 144
-0.973684, 373, 137, 404, 200
-0.973722, 233, 65, 296, 128
-0.973727, 21, 161, 52, 224
-0.973855, 97, 97, 160, 160
-0.973857, 297, 17, 360, 144
-0.973876, 161, 121, 288, 184
-0.974011, 81, 73, 208, 136
-0.974087, 9, 33, 72, 96
-0.974113, 97, 49, 160, 112
-0.97413, 373, 65, 404, 192
-0.974142, 129, 121, 160, 184
-0.974171, 257, 105, 288, 168
-0.974184, 157, 145, 188, 272
-0.974187, 341, 161, 372, 288
-0.97425, 413, 129, 444, 192
-0.97425, 117, 137, 148, 200
-0.974316, 177, 185, 304, 248
-0.974396, 205, 121, 236, 184
-0.974404, 301, 97, 332, 160
-0.974409, 317, 73, 348, 136
-0.974675, 241, 137, 272, 200
-0.974756, 425, 161, 456, 288
-0.974763, 289, 73, 320, 136
-0.974763, 97, 113, 128, 240
-0.974815, 357, 81, 388, 208
-0.974839, 209, 209, 272, 272
-0.974897, 409, 169, 472, 232
-0.974958, 33, 65, 96, 320
-0.975, 33, 169, 160, 232
-0.975176, 65, 1, 192, 128
-0.975181, 17, 65, 80, 192
-0.975237, 129, 49, 192, 112
-0.975267, 441, 81, 472, 208
-0.97528, 257, 113, 288, 240
-0.975369, 289, 1, 352, 256
-0.975471, 145, 161, 272, 224
-0.975495, 401, 241, 464, 304
-0.975516, 57, 65, 120, 320
-0.975553, 209, 161, 240, 224
-0.975566, 121, 65, 184, 320
-0.975616, 361, 33, 424, 160
-0.975626, 233, 33, 296, 160
-0.975667, 425, 145, 456, 208
-0.975725, 277, 193, 308, 320
-0.97576, 385, 65, 448, 128
-0.975866, 437, 137, 468, 200
-0.975868, 33, 25, 96, 88
-0.975964, 121, 81, 184, 144
-0.975987, 377, 161, 408, 288
-0.976001, 73, 105, 136, 168
-0.976078, 145, 145, 176, 208
-0.976106, 169, 33, 232, 288
-0.976141, 317, 193, 348, 256
-0.976145, 129, 73, 256, 136
-0.976188, 421, 97, 452, 224
-0.976192, 97, 73, 160, 136
-0.9762, 205, 73, 236, 136
-0.976223, 165, 81, 196, 208
-0.976223, 89, 209, 152, 335
-0.976252, 233, 265, 296, 328
-0.976421, 217, 193, 248, 320
-0.976437, 257, 265, 320, 328
-0.97644, 17, 49, 144, 112
-0.976449, 33, 49, 96, 112
-0.976454, 401, 193, 464, 256
-0.976456, 401, 161, 432, 288
-0.976521, 177, 193, 208, 320
-0.976536, 301, 73, 332, 136
-0.976541, 345, 209, 408, 272
-0.976578, 257, 49, 320, 112
-0.976586, 401, 145, 432, 208
-0.976602, 137, 161, 168, 288
-0.976626, 65, 153, 128, 216
-0.976628, 281, 49, 344, 112
-0.976652, 177, 65, 304, 128
-0.976691, 181, 97, 212, 160
-0.976699, 125, 161, 156, 288
-0.976726, 145, 113, 176, 240
-0.97675, 49, 225, 112, 288
-0.976765, 73, 25, 136, 88
-0.976792, 81, 145, 112, 272
-0.9768, 141, 105, 172, 168
-0.976835, 121, 209, 184, 335
-0.976848, 81, 1, 112, 128
-0.976854, 245, 193, 276, 320
-0.976941, 137, 177, 168, 240
-0.977049, 205, 193, 236, 320
-0.977086, 5, 153, 36, 216
-0.977106, 221, 185, 252, 248
-0.977152, 349, 177, 380, 240
-0.977162, 369, 217, 496, 280
-0.977169, 93, 129, 124, 192
-0.977235, 329, 81, 360, 144
-0.97726, 309, 193, 340, 320
-0.977281, 153, 121, 184, 184
-0.977309, 161, 241, 224, 304
-0.977344, 433, 249, 496, 312
-0.977392, 445, 89, 476, 152
-0.977482, 277, 81, 308, 144
-0.977512, 277, 145, 308, 272
-0.977589, 433, 97, 464, 160
-0.977655, 285, 49, 316, 176
-0.977659, 345, 153, 376, 216
-0.977663, 369, 177, 496, 240
-0.977674, 405, 97, 436, 160
-0.977725, 13, 97, 44, 224
-0.977731, 93, 161, 124, 288
-0.97776, 257, 17, 384, 144
-0.977771, 1, 209, 128, 335
-0.977861, 357, 105, 388, 168
-0.977882, 305, 185, 336, 248
-0.977953, 193, 193, 224, 320
-0.978078, 209, 257, 272, 320
-0.97811, 45, 145, 76, 272
-0.978125, 225, 65, 352, 128
-0.978128, 353, 177, 384, 304
-0.978154, 73, 1, 136, 128
-0.978172, 129, 97, 160, 160
-0.978172, 45, 153, 76, 216
-0.978248, 273, 137, 304, 200
-0.978252, 373, 113, 404, 176
-0.978259, 81, 1, 144, 256
-0.97829, 33, 169, 64, 232
-0.978345, 33, 113, 160, 176
-0.978351, 105, 121, 136, 184
-0.978352, 321, 273, 384, 335
-0.978353, 77, 193, 108, 256
-0.97839, 217, 65, 280, 320
-0.978459, 233, 193, 264, 320
-0.978515, 373, 185, 404, 248
-0.978547, 469, 129, 500, 192
-0.97857, 433, 177, 496, 240
-0.978692, 193, 113, 224, 176
-0.978696, 345, 81, 376, 144
-0.978734, 337, 17, 464, 144
-0.978742, 81, 153, 208, 216
-0.978759, 197, 161, 228, 224
-0.97877, 321, 193, 352, 320
-0.978801, 137, 265, 200, 328
-0.978838, 333, 129, 364, 192
-0.978838, 221, 137, 252, 200
-0.978892, 273, 161, 304, 224
-0.978909, 297, 193, 328, 320
-0.978912, 57, 193, 88, 256
-0.978986, 289, 169, 320, 232
-0.979014, 185, 209, 248, 272
-0.979019, 129, 201, 256, 264
-0.979039, 417, 105, 448, 168
-0.979105, 49, 209, 112, 335
-0.979177, 265, 193, 296, 320
-0.979198, 237, 89, 268, 152
-0.979226, 369, 233, 432, 296
-0.979229, 449, 129, 480, 192
-0.979238, 185, 161, 216, 224
-0.979249, 81, 201, 208, 264
-0.979253, 401, 209, 432, 272
-0.979266, 113, 161, 144, 288
-0.979284, 9, 57, 72, 120
-0.979303, 241, 161, 272, 224
-0.979343, 165, 177, 196, 240
-0.979356, 277, 105, 308, 168
-0.979401, 209, 209, 336, 272
-0.979485, 149, 177, 180, 240
-0.979502, 465, 81, 496, 144
-0.979504, 289, 49, 320, 112
-0.979534, 69, 145, 100, 272
-0.979618, 437, 129, 468, 256
-0.979618, 433, 65, 496, 128
-0.979629, 281, 257, 344, 320
-0.979647, 209, 57, 272, 120
-0.979649, 393, 65, 456, 320
-0.979718, 377, 273, 440, 335
-0.979768, 37, 193, 68, 256
-0.979843, 165, 193, 196, 320
-0.979879, 225, 89, 256, 152
-0.97994, 337, 65, 464, 128
-0.98, 389, 193, 420, 320
-0.98006, 369, 41, 432, 104
-0.980063, 229, 161, 260, 224
-0.980147, 329, 1, 392, 64
-0.980238, 169, 73, 200, 136
-0.980271, 441, 209, 472, 335
-0.980359, 345, 25, 408, 88
-0.980432, 333, 105, 364, 168
-0.980511, 185, 273, 248, 335
-0.98052, 1, 65, 64, 320
-0.980613, 193, 81, 224, 144
-0.980656, 241, 241, 304, 304
-0.98067, 169, 105, 200, 168
-0.98072, 313, 249, 376, 312
-0.980788, 285, 137, 316, 200
-0.980804, 25, 97, 56, 224
-0.980825, 385, 89, 416, 152
-0.980876, 185, 241, 248, 304
-0.980904, 233, 185, 264, 248
-0.980922, 93, 201, 124, 264
-0.98093, 49, 97, 112, 160
-0.981029, 209, 185, 240, 248
-0.981043, 417, 65, 480, 320
-0.981061, 149, 65, 180, 192
-0.981159, 385, 145, 416, 208
-0.981269, 221, 65, 252, 192
-0.981272, 457, 81, 488, 208
-0.981272, 345, 257, 408, 320
-0.981284, 185, 201, 216, 264
-0.981312, 25, 129, 56, 192
-0.981328, 333, 57, 364, 120
-0.981341, 117, 105, 148, 168
-0.981386, 401, 265, 464, 328
-0.981484, 433, 273, 496, 335
-0.981489, 65, 169, 96, 232
-0.981505, 73, 225, 136, 288
-0.981651, 257, 81, 288, 144
-0.981708, 389, 209, 420, 272
-0.981815, 257, 137, 288, 200
-0.981824, 25, 193, 56, 256
-0.981832, 317, 169, 348, 232
-0.981891, 25, 225, 88, 288
-0.981942, 105, 25, 168, 88
-0.982052, 41, 193, 72, 320
-0.982122, 261, 65, 292, 192
-0.98214, 161, 265, 224, 328
-0.982143, 241, 65, 304, 320
-0.982197, 349, 201, 380, 264
-0.982267, 57, 137, 88, 200
-0.982393, 301, 113, 332, 240
-0.982402, 41, 49, 72, 112
-0.98244, 257, 1, 320, 335
-0.982546, 153, 97, 184, 160
-0.982575, 301, 209, 332, 272
-0.982632, 101, 57, 132, 120
-0.982658, 181, 73, 212, 136
-0.982715, 281, 97, 312, 224
-0.982719, 209, 97, 240, 160
-0.982791, 261, 209, 292, 272
-0.982889, 373, 81, 404, 144
-0.982977, 109, 201, 140, 264
-0.983051, 69, 33, 100, 96
-0.983065, 25, 97, 88, 160
-0.983069, 121, 177, 152, 240
-0.983084, 137, 201, 168, 264
-0.983098, 361, 1, 424, 335
-0.983108, 337, 1, 400, 335
-0.983222, 413, 161, 444, 288
-0.983276, 57, 129, 88, 256
-0.983281, 1, 73, 128, 136
-0.983285, 433, 217, 464, 280
-0.983297, 145, 65, 208, 320
-0.983297, 413, 209, 444, 335
-0.983298, 85, 33, 116, 96
-0.983349, 469, 113, 500, 240
-0.983381, 457, 161, 488, 288
-0.983543, 49, 1, 112, 128
-0.983551, 125, 201, 156, 264
-0.98356, 281, 209, 312, 272
-0.983656, 157, 145, 188, 208
-0.983663, 329, 209, 360, 272
-0.983677, 53, 193, 84, 320
-0.98375, 241, 209, 272, 272
-0.983809, 413, 153, 444, 216
-0.983843, 129, 73, 160, 136
-0.983848, 77, 137, 108, 200
-0.983971, 177, 97, 208, 224
-0.983977, 429, 209, 460, 335
-0.983996, 469, 209, 500, 335
-0.984036, 197, 201, 228, 264
-0.984051, 469, 153, 500, 216
-0.98418, 277, 185, 308, 248
-0.984199, 45, 97, 76, 224
-0.984317, 17, 1, 144, 128
-0.984326, 397, 177, 428, 240
-0.984355, 197, 65, 228, 192
-0.984376, 345, 57, 376, 120
-0.984391, 273, 57, 400, 120
-0.984427, 101, 97, 132, 160
-0.98447, 153, 193, 184, 320
-0.984516, 21, 105, 52, 168
-0.984696, 9, 209, 72, 335
-0.98473, 73, 193, 104, 320
-0.984798, 81, 49, 208, 112
-0.984863, 241, 65, 272, 192
-0.984933, 321, 217, 448, 280
-0.985241, 409, 65, 440, 192
-0.985245, 233, 1, 296, 335
-0.985268, 313, 1, 376, 335
-0.985358, 17, 25, 144, 88
-0.986062, 225, 265, 352, 328
-0.986062, 333, 209, 364, 335
-0.986246, 469, 161, 500, 288
-0.986582, 29, 193, 60, 320
-0.986586, 161, 1, 224, 335
-0.986668, 377, 209, 408, 335
-0.986713, 105, 1, 168, 335
-0.98688, 393, 1, 456, 335
-0.986909, 77, 97, 108, 224
-0.987018, 129, 49, 256, 112
-0.987046, 161, 49, 224, 176
-0.987077, 357, 33, 388, 160
-0.987113, 353, 273, 480, 335
-0.98713, 113, 257, 240, 320
-0.98715, 297, 169, 360, 200
-0.987167, 137, 49, 200, 176
-0.987201, 137, 101, 200, 132
-0.98732, 1, 97, 32, 224
-0.987465, 337, 17, 400, 144
-0.98747, 129, 105, 384, 168
-0.987499, 121, 65, 152, 192
-0.987512, 369, 241, 496, 304
-0.987559, 209, 161, 272, 192
-0.987581, 401, 149, 464, 180
-0.987621, 169, 89, 232, 120
-0.987667, 401, 209, 432, 335
-0.987683, 209, 65, 240, 192
-0.987736, 361, 149, 424, 180
-0.98781, 337, 157, 400, 188
-0.987816, 361, 125, 424, 156
-0.988046, 433, 137, 496, 168
-0.988053, 361, 137, 424, 168
-0.988074, 169, 145, 232, 176
-0.988084, 453, 209, 484, 335
-0.988095, 297, 157, 360, 188
-0.988109, 289, 145, 320, 272
-0.988119, 313, 121, 376, 152
-0.988138, 169, 165, 232, 196
-0.988142, 209, 1, 272, 335
-0.988182, 193, 149, 256, 180
-0.988184, 33, 1, 96, 335
-0.988202, 433, 153, 496, 184
-0.98828, 385, 137, 448, 168
-0.988301, 217, 145, 280, 176
-0.988303, 301, 17, 332, 144
-0.988311, 289, 1, 352, 335
-0.988342, 425, 1, 488, 335
-0.988397, 113, 121, 176, 152
-0.988403, 193, 81, 256, 112
-0.988414, 109, 65, 140, 192
-0.988421, 161, 249, 288, 312
-0.988423, 65, 145, 128, 176
-0.988445, 377, 173, 440, 204
-0.988457, 325, 33, 356, 160
-0.988467, 161, 17, 288, 144
-0.988484, 233, 161, 296, 192
-0.988507, 401, 161, 464, 192
-0.988531, 41, 157, 104, 188
-0.988562, 209, 49, 272, 176
-0.988601, 297, 93, 360, 124
-0.988632, 185, 1, 248, 335
-0.988644, 265, 125, 328, 156
-0.988662, 57, 1, 120, 335
-0.988662, 377, 97, 440, 128
-0.988722, 345, 85, 408, 116
-0.988724, 209, 133, 272, 164
-0.988744, 137, 129, 200, 160
-0.988783, 41, 185, 104, 216
-0.988788, 305, 265, 432, 328
-0.988807, 257, 137, 500, 200
-0.988835, 385, 125, 448, 156
-0.988869, 345, 113, 408, 144
-0.988893, 273, 49, 304, 176
-0.988961, 93, 65, 124, 192
-0.989012, 257, 169, 320, 200
-0.989061, 321, 189, 384, 220
-0.989065, 401, 109, 464, 140
-0.989083, 337, 205, 400, 236
-0.989091, 9, 137, 72, 168
-0.989091, 1, 173, 64, 204
-0.989133, 289, 69, 352, 100
-0.98919, 81, 1, 144, 335
-0.989194, 273, 101, 336, 132
-0.989274, 369, 209, 432, 240
-0.98928, 257, 85, 320, 116
-0.989314, 153, 113, 216, 144
-0.989314, 337, 125, 400, 156
-0.989317, 137, 165, 200, 196
-0.989321, 225, 97, 288, 128
-0.989337, 273, 157, 336, 188
-0.989387, 433, 89, 496, 120
-0.989406, 337, 177, 400, 208
-0.98942, 377, 161, 440, 192
-0.989431, 185, 105, 248, 136
-0.989431, 41, 129, 104, 160
-0.989434, 1, 1, 64, 335
-0.989446, 25, 117, 88, 148
-0.989463, 89, 137, 152, 168
-0.989467, 257, 81, 500, 144
-0.989469, 233, 173, 296, 204
-0.989487, 113, 109, 176, 140
-0.989505, 305, 81, 368, 112
-0.989506, 25, 173, 88, 204
-0.989507, 401, 93, 464, 124
-0.989509, 193, 173, 256, 204
-0.989522, 345, 101, 408, 132
-0.989538, 17, 193, 48, 320
-0.989604, 113, 133, 176, 164
-0.989611, 113, 173, 176, 204
-0.989636, 17, 193, 80, 224
-0.989649, 265, 141, 328, 172
-0.989665, 1, 161, 64, 192
-0.989672, 1, 217, 128, 280
-0.989716, 65, 157, 128, 188
-0.989771, 233, 85, 296, 116
-0.989816, 177, 117, 240, 148
-0.98989, 337, 73, 400, 104
-0.989895, 33, 145, 96, 176
-0.98992, 177, 133, 240, 164
-0.989946, 233, 113, 296, 144
-0.990011, 1, 125, 64, 156
-0.990034, 233, 133, 296, 164
-0.990039, 65, 129, 128, 160
-0.990047, 81, 117, 144, 148
-0.990074, 137, 1, 200, 335
-0.990134, 241, 149, 304, 180
-0.990163, 161, 101, 224, 132
-0.990166, 113, 49, 240, 176
-0.990174, 1, 161, 256, 224
-0.990195, 433, 33, 496, 160
-0.990215, 345, 193, 408, 224
-0.990261, 281, 81, 344, 112
-0.990288, 73, 173, 136, 204
-0.990305, 313, 141, 376, 172
-0.99032, 129, 81, 384, 144
-0.990322, 313, 65, 376, 96
-0.99035, 9, 149, 72, 180
-0.990354, 193, 209, 256, 240
-0.990366, 225, 201, 480, 264
-0.990373, 137, 145, 200, 176
-0.990378, 161, 273, 288, 335
-0.990381, 425, 101, 488, 132
-0.990388, 161, 177, 416, 240
-0.99042, 469, 65, 500, 192
-0.990445, 369, 197, 432, 228
-0.990483, 201, 93, 264, 124
-0.990495, 209, 117, 272, 148
-0.990519, 393, 209, 456, 240
-0.990521, 33, 201, 288, 264
-0.990529, 69, 33, 100, 160
-0.990543, 337, 137, 400, 168
-0.990562, 89, 149, 152, 180
-0.990568, 321, 101, 384, 132
-0.990595, 121, 89, 184, 120
-0.990597, 49, 205, 112, 236
-0.990615, 145, 205, 208, 236
-0.99063, 345, 49, 408, 80
-0.990644, 49, 117, 112, 148
-0.990648, 373, 1, 404, 128
-0.990689, 129, 129, 384, 192
-0.990768, 425, 165, 488, 196
-0.9908, 257, 217, 384, 280
-0.990802, 169, 209, 232, 240
-0.990803, 97, 185, 160, 216
-0.99084, 241, 209, 304, 240
-0.99087, 137, 65, 168, 192
-0.990884, 409, 137, 472, 168
-0.990892, 401, 221, 464, 252
-0.990915, 369, 1, 496, 64
-0.990916, 369, 113, 432, 144
-0.990924, 369, 85, 432, 116
-0.990934, 73, 205, 136, 236
-0.990935, 257, 105, 500, 168
-0.990944, 369, 41, 432, 72
-0.990977, 1, 153, 500, 216
-0.990996, 105, 205, 168, 236
-0.991003, 1, 41, 64, 72
-0.991003, 425, 217, 488, 248
-0.991013, 173, 33, 204, 160
-0.991017, 393, 121, 424, 152
-0.991021, 433, 249, 496, 280
-0.991039, 1, 121, 500, 184
-0.991057, 137, 177, 200, 208
-0.991071, 417, 121, 480, 152
-0.991102, 305, 53, 368, 84
-0.991121, 217, 205, 280, 236
-0.99113, 17, 81, 80, 112
-0.99114, 201, 41, 264, 72
-0.991145, 313, 213, 376, 244
-0.991149, 145, 89, 208, 120
-0.991157, 121, 37, 184, 68
-0.991165, 289, 213, 352, 244
-0.991167, 393, 161, 424, 192
-0.991183, 177, 45, 240, 76
-0.991184, 129, 297, 192, 328
-0.991201, 97, 41, 160, 72
-0.991219, 89, 105, 152, 136
-0.991239, 321, 161, 352, 192
-0.991262, 141, 109, 172, 140
-0.991306, 357, 125, 388, 156
-0.99132, 469, 129, 500, 160
-0.991391, 321, 121, 352, 152
-0.99146, 141, 209, 172, 335
-0.9915, 329, 173, 360, 204
-0.991501, 445, 133, 476, 164
-0.991613, 257, 161, 500, 224
-0.991652, 437, 145, 468, 176
-0.991767, 201, 81, 232, 112
-0.991773, 373, 149, 404, 180
-0.991789, 213, 169, 244, 200
-0.991791, 357, 197, 388, 228
-0.991807, 77, 141, 108, 172
-0.991829, 121, 121, 152, 152
-0.991867, 345, 149, 376, 180
-0.991869, 353, 185, 384, 216
-0.991877, 421, 141, 452, 172
-0.991879, 173, 141, 204, 172
-0.9919, 241, 165, 272, 196
-0.99192, 393, 137, 424, 168
-0.99193, 129, 173, 160, 204
-0.991936, 457, 141, 488, 172
-0.991967, 405, 101, 436, 132
-0.991968, 225, 41, 352, 104
-0.991975, 345, 125, 376, 156
-0.991978, 1, 193, 32, 320
-0.991993, 425, 97, 456, 128
-0.991998, 209, 241, 336, 304
-0.992005, 365, 209, 396, 335
-0.992006, 425, 153, 456, 184
-0.992008, 205, 133, 236, 164
-0.992014, 61, 145, 92, 176
-0.992023, 321, 241, 448, 304
-0.992048, 389, 173, 420, 204
-0.99207, 289, 169, 320, 200
-0.992081, 281, 85, 312, 116
-0.992085, 413, 153, 444, 184
-0.992101, 309, 165, 340, 196
-0.992105, 21, 161, 52, 192
-0.992108, 165, 97, 196, 128
-0.992117, 1, 209, 500, 272
-0.992123, 93, 137, 124, 168
-0.99213, 41, 193, 72, 224
-0.992146, 129, 109, 160, 140
-0.99216, 197, 169, 228, 200
-0.992198, 193, 137, 224, 168
-0.992209, 1, 89, 256, 152
-0.992221, 257, 169, 288, 200
-0.992222, 277, 161, 308, 192
-0.992235, 277, 129, 308, 160
-0.992247, 153, 105, 184, 136
-0.992263, 297, 73, 328, 104
-0.992286, 237, 93, 268, 124
-0.992297, 185, 49, 216, 176
-0.992322, 461, 153, 492, 184
-0.992335, 345, 113, 376, 144
-0.992336, 369, 197, 400, 228
-0.99235, 357, 101, 388, 132
-0.992355, 461, 85, 492, 116
-0.992367, 369, 177, 400, 208
-0.992379, 373, 85, 404, 116
-0.992384, 201, 157, 232, 188
-0.992385, 117, 173, 148, 204
-0.992386, 181, 153, 212, 184
-0.992388, 405, 169, 436, 200
-0.99239, 333, 121, 364, 152
-0.992396, 293, 93, 324, 124
-0.992416, 33, 181, 64, 212
-0.992435, 21, 189, 52, 220
-0.992438, 133, 121, 164, 152
-0.992438, 341, 181, 372, 212
-0.99244, 5, 165, 36, 196
-0.992447, 389, 209, 420, 240
-0.992447, 373, 129, 404, 160
-0.992463, 257, 133, 288, 164
-0.992465, 105, 133, 136, 164
-0.992465, 405, 209, 436, 240
-0.992477, 185, 169, 216, 200
-0.992478, 305, 93, 336, 124
-0.992499, 201, 109, 232, 140
-0.9925, 153, 145, 184, 176
-0.992517, 225, 117, 256, 148
-0.992525, 297, 61, 328, 92
-0.992527, 433, 133, 464, 164
-0.992547, 145, 129, 176, 160
-0.99255, 269, 97, 300, 128
-0.992557, 213, 105, 244, 136
-0.992563, 449, 153, 480, 184
-0.992565, 333, 157, 364, 188
-0.992571, 353, 137, 384, 168
-0.992577, 165, 169, 196, 200
-0.992589, 337, 101, 368, 132
-0.992589, 357, 81, 388, 112
-0.992591, 225, 161, 256, 192
-0.992595, 353, 161, 384, 192
-0.992599, 29, 201, 60, 232
-0.992612, 375, 177, 390, 240
-0.992614, 373, 113, 404, 144
-0.992616, 229, 173, 260, 204
-0.992616, 65, 125, 96, 156
-0.992625, 117, 133, 148, 164
-0.992626, 329, 81, 360, 112
-0.992627, 225, 97, 256, 128
-0.992635, 213, 85, 244, 116
-0.992648, 457, 129, 488, 160
-0.992649, 413, 117, 444, 148
-0.992656, 257, 109, 288, 140
-0.992665, 25, 125, 56, 156
-0.992669, 129, 153, 384, 216
-0.992669, 145, 173, 176, 204
-0.992671, 13, 177, 44, 208
-0.992677, 185, 85, 216, 116
-0.992679, 49, 149, 80, 180
-0.992684, 1, 177, 500, 240
-0.992689, 225, 145, 256, 176
-0.992699, 445, 89, 476, 120
-0.992706, 129, 209, 160, 335
-0.992708, 257, 97, 288, 128
-0.99271, 57, 185, 88, 216
-0.992729, 193, 121, 224, 152
-0.99273, 241, 133, 272, 164
-0.992758, 5, 125, 36, 156
-0.99276, 133, 161, 164, 192
-0.99277, 441, 101, 472, 132
-0.992779, 161, 129, 192, 160
-0.992788, 337, 69, 368, 100
-0.992789, 5, 137, 36, 168
-0.992804, 385, 93, 416, 124
-0.992811, 305, 161, 432, 192
-0.992816, 217, 209, 248, 240
-0.992821, 345, 85, 376, 116
-0.992842, 185, 109, 216, 140
-0.992844, 257, 149, 288, 180
-0.992846, 33, 165, 64, 196
-0.992848, 173, 125, 204, 156
-0.992849, 245, 105, 276, 136
-0.992851, 345, 201, 376, 232
-0.992864, 169, 85, 200, 116
-0.99287, 401, 149, 432, 180
-0.992877, 133, 133, 164, 164
-0.992881, 53, 117, 84, 148
-0.992895, 305, 33, 432, 96
-0.992964, 33, 121, 288, 184
-0.992977, 241, 169, 368, 200
-0.992978, 81, 145, 208, 176
-0.993028, 1, 49, 32, 176
-0.993036, 213, 137, 228, 200
-0.993041, 93, 17, 124, 144
-0.993102, 273, 89, 400, 120
-0.993152, 349, 129, 364, 192
-0.993157, 393, 17, 456, 144
-0.993166, 169, 137, 184, 200
-0.993185, 97, 129, 224, 160
-0.993251, 151, 145, 166, 208
-0.993303, 159, 145, 174, 208
-0.993333, 421, 49, 452, 176
-0.99335, 305, 125, 432, 156
-0.993357, 241, 101, 368, 132
-0.993405, 123, 137, 138, 200
-0.99344, 129, 105, 256, 136
-0.993471, 175, 137, 190, 200
-0.993536, 113, 165, 240, 196
-0.993551, 277, 121, 292, 184
-0.993553, 425, 137, 440, 200
-0.993606, 65, 233, 192, 296
-0.993617, 337, 101, 464, 132
-0.993618, 353, 149, 480, 180
-0.99363, 357, 153, 372, 216
-0.993638, 33, 149, 160, 180
-0.993695, 373, 1, 404, 256
-0.993707, 385, 33, 416, 160
-0.993726, 129, 209, 384, 272
-0.993728, 393, 121, 408, 184
-0.993728, 361, 177, 376, 240
-0.993811, 353, 41, 480, 104
-0.993813, 113, 209, 144, 335
-0.993842, 367, 185, 382, 248
-0.993885, 369, 153, 384, 216
-0.993887, 187, 137, 202, 200
-0.993887, 223, 137, 238, 200
-0.993894, 199, 137, 214, 200
-0.993902, 341, 145, 356, 208
-0.993918, 353, 121, 480, 152
-0.993941, 65, 25, 192, 88
-0.993962, 209, 85, 336, 116
-0.993975, 169, 161, 184, 224
-0.993977, 131, 113, 146, 176
-0.994003, 33, 153, 48, 216
-0.99402, 179, 161, 194, 224
-0.994026, 1, 97, 500, 160
-0.994041, 409, 153, 424, 216
-0.994065, 289, 105, 304, 168
-0.994101, 207, 113, 222, 176
-0.994109, 331, 73, 346, 136
-0.994113, 145, 93, 272, 124
-0.994115, 369, 169, 496, 200
-0.99416, 113, 225, 240, 288
-0.994174, 347, 89, 362, 152
-0.994194, 193, 57, 448, 120
-0.994227, 177, 169, 304, 200
-0.994247, 381, 185, 396, 248
-0.99427, 163, 121, 178, 184
-0.994273, 49, 117, 176, 148
-0.994282, 251, 137, 266, 200
-0.994285, 339, 105, 354, 168
-0.994286, 321, 1, 448, 64
-0.994291, 325, 193, 340, 256
-0.9943, 335, 185, 350, 248
-0.994308, 113, 117, 240, 148
-0.994314, 125, 113, 140, 176
-0.994324, 227, 177, 242, 240
-0.994333, 355, 177, 370, 240
-0.994333, 305, 209, 432, 240
-0.994344, 205, 137, 220, 200
-0.994384, 323, 105, 338, 168
-0.994391, 317, 169, 332, 232
-0.994435, 49, 129, 176, 160
-0.994449, 105, 129, 120, 192
-0.994452, 417, 113, 432, 176
-0.994467, 129, 273, 384, 335
-0.99447, 449, 137, 464, 200
-0.994479, 177, 109, 304, 140
-0.994485, 273, 241, 400, 304
-0.994519, 393, 161, 408, 224
-0.994525, 145, 161, 160, 224
-0.994532, 305, 113, 432, 144
-0.994537, 141, 129, 156, 192
-0.994537, 407, 121, 422, 184
-0.994548, 319, 73, 334, 136
-0.994559, 151, 177, 166, 240
-0.994576, 213, 113, 228, 176
-0.994587, 221, 161, 236, 224
-0.9946, 189, 161, 204, 224
-0.9946, 97, 57, 352, 120
-0.994602, 305, 149, 432, 180
-0.994605, 213, 161, 228, 224
-0.994606, 245, 137, 260, 200
-0.994617, 327, 145, 342, 208
-0.994637, 65, 257, 192, 320
-0.994642, 313, 17, 344, 144
-0.994666, 173, 81, 188, 144
-0.994666, 441, 137, 456, 200
-0.994669, 415, 137, 430, 200
-0.994677, 17, 169, 144, 200
-0.99468, 341, 73, 356, 136
-0.994686, 303, 161, 318, 224
-0.99469, 1, 129, 128, 160
-0.994696, 321, 177, 448, 208
-0.994697, 161, 225, 288, 288
-0.994714, 269, 81, 284, 144
-0.994732, 33, 181, 160, 212
-0.994735, 365, 129, 380, 192
-0.994743, 325, 73, 340, 136
-0.994761, 243, 89, 258, 152
-0.994764, 145, 105, 160, 168
-0.994771, 17, 153, 32, 216
-0.994776, 301, 57, 316, 120
-0.994779, 431, 113, 446, 176
-0.99479, 357, 129, 372, 192
-0.994805, 233, 177, 248, 240
-0.994809, 207, 73, 222, 136
-0.994815, 249, 113, 264, 176
-0.994817, 225, 225, 480, 288
-0.994832, 311, 73, 326, 136
-0.994836, 401, 209, 416, 272
-0.994854, 87, 177, 102, 240
-0.994854, 273, 77, 400, 108
-0.994855, 295, 73, 310, 136
-0.99486, 323, 169, 338, 232
-0.994861, 187, 73, 202, 136
-0.994872, 309, 161, 324, 224
-0.994904, 317, 145, 332, 208
-0.994918, 69, 201, 84, 264
-0.99492, 73, 49, 88, 112
-0.994922, 273, 137, 400, 168
-0.994924, 337, 89, 464, 120
-0.994925, 297, 161, 312, 224
-0.994926, 219, 113, 234, 176
-0.994933, 65, 205, 192, 236
-0.994934, 177, 41, 304, 104
-0.994937, 485, 153, 500, 216
-0.994971, 193, 137, 208, 200
-0.994986, 61, 177, 76, 240
-0.994987, 229, 105, 244, 168
-0.995016, 301, 97, 316, 160
-0.995019, 133, 161, 148, 224
-0.995019, 159, 177, 174, 240
-0.995021, 169, 105, 184, 168
-0.995035, 71, 169, 86, 232
-0.995053, 195, 113, 210, 176
-0.995055, 285, 81, 300, 144
-0.995063, 329, 169, 344, 232
-0.995066, 363, 153, 378, 216
-0.995088, 221, 185, 236, 248
-0.995092, 225, 257, 480, 320
-0.995115, 343, 169, 358, 232
-0.995121, 335, 161, 350, 224
-0.995125, 209, 129, 336, 160
-0.995131, 355, 73, 370, 136
-0.995134, 81, 105, 208, 136
-0.995144, 105, 201, 120, 264
-0.995153, 457, 33, 488, 160
-0.995155, 225, 157, 352, 188
-0.995156, 353, 33, 384, 288
-0.995163, 425, 97, 440, 160
-0.995168, 85, 201, 100, 264
-0.995187, 181, 97, 196, 160
-0.995187, 65, 93, 192, 124
-0.995192, 403, 153, 418, 216
-0.995198, 99, 129, 114, 192
-0.995204, 87, 137, 102, 200
-0.995212, 387, 209, 402, 272
-0.995213, 57, 17, 88, 144
-0.995216, 139, 177, 154, 240
-0.995234, 79, 201, 94, 264
-0.995238, 329, 97, 344, 160
-0.995244, 297, 137, 312, 200
-0.995249, 181, 137, 196, 200
-0.995251, 263, 81, 278, 144
-0.995255, 205, 161, 220, 224
-0.995257, 129, 137, 144, 200
-0.995261, 49, 201, 64, 264
-0.995264, 349, 177, 364, 240
-0.995278, 201, 33, 232, 288
-0.995281, 407, 201, 422, 264
-0.995288, 219, 73, 234, 136
-0.99531, 249, 81, 264, 144
-0.995327, 209, 209, 336, 240
-0.995327, 353, 201, 368, 264
-0.995344, 371, 129, 386, 192
-0.995352, 137, 97, 152, 160
-0.995355, 485, 185, 500, 248
-0.995378, 89, 209, 120, 335
-0.99538, 115, 129, 130, 192
-0.995383, 57, 201, 72, 264
-0.995388, 57, 49, 72, 112
-0.995396, 431, 89, 446, 152
-0.995419, 129, 177, 256, 208
-0.995438, 337, 1, 368, 256
-0.995475, 353, 137, 480, 168
-0.995486, 161, 157, 288, 188
-0.995549, 1, 73, 500, 136
-0.995567, 97, 249, 352, 312
-0.995571, 257, 121, 384, 152
-0.995578, 421, 65, 452, 320
-0.99559, 289, 197, 416, 228
-0.995595, 289, 33, 320, 288
-0.995606, 129, 205, 256, 236
-0.995613, 369, 217, 496, 248
-0.995646, 25, 49, 56, 176
-0.995686, 1, 193, 128, 224
-0.995721, 389, 65, 420, 320
-0.995761, 1, 57, 256, 120
-0.995846, 129, 81, 256, 112
-0.995852, 225, 145, 352, 176
-0.995863, 209, 73, 336, 104
-0.9959, 161, 137, 288, 168
-0.995908, 65, 169, 192, 200
-0.995914, 33, 25, 288, 88
-0.995922, 273, 61, 400, 92
-0.995925, 1, 45, 128, 76
-0.995928, 57, 65, 88, 192
-0.995928, 177, 45, 304, 76
-0.995995, 301, 1, 332, 256
-0.996023, 225, 61, 352, 92
-0.996027, 237, 65, 268, 320
-0.99603, 17, 205, 144, 236
-0.996032, 325, 1, 356, 256
-0.996051, 129, 65, 160, 320
-0.996066, 81, 41, 208, 72
-0.996069, 1, 225, 256, 288
-0.996113, 289, 101, 416, 132
-0.996214, 225, 17, 480, 80
-0.996216, 369, 201, 496, 232
-0.996246, 337, 77, 464, 108
-0.996248, 193, 97, 320, 128
-0.996266, 273, 181, 400, 212
-0.99631, 113, 305, 240, 335
-0.996315, 209, 17, 240, 144
-0.996405, 1, 265, 500, 328
-0.996412, 273, 9, 400, 72
-0.996413, 241, 45, 368, 76
-0.996421, 17, 105, 144, 136
-0.996428, 397, 33, 428, 160
-0.996471, 257, 213, 384, 244
-0.996475, 129, 41, 256, 72
-0.99648, 81, 193, 208, 224
-0.996544, 289, 45, 416, 76
-0.996544, 369, 241, 496, 272
-0.99655, 201, 1, 264, 128
-0.996554, 113, 1, 240, 128
-0.996586, 101, 209, 132, 335
-0.996597, 161, 121, 288, 152
-0.996613, 81, 181, 208, 212
-0.996619, 145, 249, 272, 280
-0.996633, 257, 297, 384, 328
-0.996639, 145, 261, 272, 292
-0.996646, 85, 65, 116, 320
-0.996681, 17, 225, 144, 256
-0.996681, 1, 117, 128, 148
-0.996691, 1, 265, 256, 328
-0.996717, 409, 65, 440, 320
-0.996746, 265, 1, 328, 128
-0.996752, 225, 181, 352, 212
-0.996791, 209, 289, 336, 320
-0.996797, 177, 181, 304, 212
-0.996824, 177, 197, 304, 228
-0.996838, 69, 65, 100, 320
-0.99684, 337, 305, 464, 335
-0.996842, 105, 17, 168, 144
-0.996861, 129, 281, 256, 312
-0.996899, 129, 293, 256, 324
-0.996916, 405, 165, 420, 196
-0.996916, 65, 81, 192, 112
-0.996921, 1, 81, 128, 112
-0.996922, 305, 285, 432, 316
-0.996946, 221, 65, 252, 320
-0.996979, 219, 133, 234, 164
-0.996995, 277, 125, 292, 156
-0.997001, 179, 161, 194, 192
-0.997019, 395, 161, 410, 192
-0.997025, 331, 161, 346, 192
-0.997031, 189, 65, 220, 320
-0.997046, 129, 193, 256, 224
-0.997049, 125, 117, 140, 148
-0.99705, 1, 33, 128, 64
-0.997051, 65, 233, 192, 264
-0.997054, 165, 153, 180, 184
-0.997064, 337, 189, 464, 220
-0.997089, 135, 113, 150, 144
-0.997092, 209, 269, 336, 300
-0.997093, 257, 269, 384, 300
-0.997105, 353, 253, 480, 284
-0.997116, 339, 161, 354, 192
-0.997138, 1, 49, 500, 112
-0.997138, 365, 189, 380, 220
-0.997144, 273, 257, 400, 288
-0.997151, 321, 161, 336, 192
-0.997183, 337, 49, 464, 80
-0.997184, 253, 161, 268, 192
-0.997187, 155, 161, 170, 192
-0.997214, 141, 109, 156, 140
-0.997225, 353, 285, 480, 316
-0.997229, 273, 65, 304, 320
-0.997232, 81, 269, 208, 300
-0.997251, 193, 253, 320, 284
-0.997252, 209, 137, 224, 168
-0.997266, 445, 137, 460, 168
-0.997288, 305, 273, 432, 304
-0.997291, 321, 121, 336, 152
-0.997292, 349, 149, 364, 180
-0.997292, 393, 121, 408, 152
-0.997292, 203, 165, 218, 196
-0.997301, 131, 173, 146, 204
-0.997304, 221, 165, 236, 196
-0.997306, 115, 169, 130, 200
-0.997312, 439, 153, 454, 184
-0.997312, 203, 137, 218, 168
-0.997315, 343, 173, 358, 204
-0.997338, 247, 161, 262, 192
-0.997338, 209, 241, 336, 272
-0.997359, 153, 109, 168, 140
-0.997365, 177, 301, 304, 332
-0.997372, 357, 125, 372, 156
-0.997372, 169, 141, 184, 172
-0.997372, 33, 161, 48, 192
-0.997374, 425, 137, 440, 168
-0.997376, 369, 269, 496, 300
-0.997379, 339, 121, 354, 152
-0.997384, 161, 101, 176, 132
-0.997385, 483, 129, 498, 160
-0.997395, 353, 181, 368, 212
-0.997398, 369, 125, 384, 156
-0.997404, 257, 101, 272, 132
-0.997405, 17, 93, 144, 124
-0.997406, 413, 157, 428, 188
-0.997407, 159, 145, 174, 176
-0.99741, 157, 65, 188, 320
-0.99741, 189, 161, 204, 192
-0.997411, 253, 133, 268, 164
-0.997413, 215, 165, 230, 196
-0.997419, 209, 153, 224, 184
-0.99742, 385, 173, 400, 204
-0.997427, 357, 193, 372, 224
-0.997429, 455, 141, 470, 172
-0.997435, 35, 181, 50, 212
-0.997436, 461, 141, 476, 172
-0.997438, 209, 165, 224, 196
-0.997442, 407, 201, 422, 232
-0.997446, 217, 81, 232, 112
-0.997454, 413, 169, 428, 200
-0.997456, 149, 165, 164, 196
-0.997458, 177, 57, 304, 88
-0.997464, 367, 201, 382, 232
-0.997464, 279, 161, 294, 192
-0.997471, 227, 173, 242, 204
-0.997472, 305, 221, 432, 252
-0.997474, 169, 165, 184, 196
-0.997476, 281, 1, 312, 128
-0.997483, 117, 65, 148, 320
-0.9975, 407, 121, 422, 152
-0.997513, 33, 125, 48, 156
-0.997513, 41, 193, 56, 224
-0.997515, 187, 141, 202, 172
-0.99752, 377, 193, 392, 224
-0.997522, 175, 145, 190, 176
-0.997523, 207, 77, 222, 108
-0.997524, 303, 169, 318, 200
-0.997527, 373, 181, 388, 212
-0.997541, 121, 133, 136, 164
-0.997545, 177, 85, 192, 116
-0.997546, 199, 149, 214, 180
-0.997548, 107, 133, 122, 164
-0.997549, 87, 145, 102, 176
-0.997549, 167, 97, 182, 128
-0.997551, 293, 85, 308, 116
-0.997561, 19, 161, 34, 192
-0.997562, 115, 153, 130, 184
-0.997567, 81, 29, 208, 60
-0.997568, 17, 241, 144, 304
-0.997577, 241, 197, 368, 228
-0.997582, 83, 133, 98, 164
-0.997587, 311, 169, 326, 200
-0.997588, 457, 85, 472, 116
-0.997589, 161, 165, 176, 196
-0.997592, 349, 113, 364, 144
-0.997596, 445, 93, 460, 124
-0.997603, 419, 137, 434, 168
-0.997605, 311, 89, 326, 120
-0.997608, 183, 85, 198, 116
-0.997609, 241, 17, 272, 144
-0.997617, 65, 53, 192, 84
-0.997621, 151, 149, 166, 180
-0.997624, 147, 109, 162, 140
-0.997626, 467, 81, 482, 112
-0.997626, 477, 153, 492, 184
-0.997634, 353, 29, 480, 60
-0.997637, 131, 125, 146, 156
-0.997648, 193, 145, 208, 176
-0.99765, 129, 25, 256, 88
-0.997652, 227, 85, 242, 116
-0.997656, 125, 173, 140, 204
-0.997657, 241, 169, 256, 200
-0.997661, 49, 65, 80, 320
-0.997662, 333, 121, 348, 152
-0.997662, 315, 157, 330, 188
-0.997664, 231, 97, 246, 128
-0.997665, 483, 89, 498, 120
-0.997666, 289, 169, 304, 200
-0.997671, 265, 169, 280, 200
-0.997673, 129, 33, 384, 96
-0.997675, 295, 165, 310, 196
-0.997676, 93, 137, 108, 168
-0.997677, 25, 65, 56, 320
-0.997686, 219, 101, 234, 132
-0.997692, 399, 173, 414, 204
-0.997696, 235, 173, 250, 204
-0.997697, 197, 169, 212, 200
-0.997697, 193, 85, 208, 116
-0.997698, 51, 125, 66, 156
-0.997703, 177, 33, 208, 288
-0.997707, 113, 237, 240, 268
-0.997711, 33, 93, 48, 124
-0.997711, 257, 33, 384, 64
-0.997713, 249, 65, 280, 320
-0.997724, 301, 49, 316, 80
-0.997728, 313, 33, 344, 288
-0.997734, 447, 149, 462, 180
-0.997735, 75, 149, 90, 180
-0.997737, 97, 65, 128, 320
-0.997742, 361, 105, 376, 136
-0.997743, 113, 133, 128, 164
-0.997744, 257, 285, 384, 316
-0.997749, 81, 217, 208, 248
-0.997753, 153, 97, 168, 128
-0.997758, 201, 81, 216, 112
-0.997765, 381, 81, 396, 112
-0.997769, 439, 93, 454, 124
-0.997769, 401, 149, 464, 164
-0.997774, 437, 141, 452, 172
-0.997775, 391, 173, 406, 204
-0.997776, 455, 153, 470, 184
-0.997776, 247, 149, 262, 180
-0.997776, 195, 125, 210, 156
-0.997777, 415, 209, 430, 240
-0.997779, 137, 133, 152, 164
-0.99778, 129, 217, 256, 248
-0.997787, 219, 153, 234, 184
-0.997788, 293, 97, 308, 128
-0.997788, 81, 149, 96, 180
-0.997789, 231, 209, 246, 240
-0.997801, 1, 233, 500, 296
-0.997807, 13, 65, 44, 320
-0.997809, 361, 125, 424, 140
-0.997818, 305, 21, 432, 52
-0.997826, 361, 139, 424, 154
-0.99783, 353, 229, 480, 260
-0.99785, 321, 65, 448, 96
-0.997852, 97, 69, 224, 100
-0.997861, 361, 131, 424, 146
-0.997863, 469, 1, 500, 128
-0.997873, 65, 293, 192, 324
-0.997874, 361, 155, 424, 170
-0.997884, 401, 137, 464, 152
-0.997901, 401, 155, 464, 170
-0.997906, 193, 139, 256, 154
-0.997915, 321, 241, 448, 272
-0.997918, 361, 145, 424, 160
-0.997922, 313, 123, 376, 138
-0.997924, 1, 65, 32, 320
-0.997926, 217, 145, 280, 160
-0.997946, 1, 181, 64, 196
-0.997965, 145, 29, 272, 60
-0.99799, 217, 157, 280, 172
-0.998004, 25, 159, 88, 174
-0.998022, 209, 33, 336, 64
-0.998032, 345, 207, 408, 222
-0.998033, 369, 13, 496, 44
-0.998055, 433, 141, 496, 156
-0.998056, 1, 57, 128, 88
-0.998067, 225, 133, 288, 148
-0.998067, 185, 87, 248, 102
-0.99807, 73, 135, 136, 150
-0.998077, 217, 151, 280, 166
-0.998082, 193, 147, 256, 162
-0.998086, 217, 45, 280, 60
-0.998087, 113, 127, 176, 142
-0.998098, 65, 147, 128, 162
-0.998105, 97, 179, 160, 194
-0.998109, 169, 143, 232, 158
-0.998119, 169, 157, 232, 172
-0.998122, 137, 119, 200, 134
-0.998126, 141, 65, 172, 320
-0.998128, 121, 113, 184, 128
-0.998129, 337, 179, 400, 194
-0.998133, 265, 129, 328, 144
-0.998137, 217, 163, 280, 178
-0.99814, 121, 179, 184, 194
-0.998141, 401, 143, 464, 158
-0.998149, 57, 185, 120, 200
-0.998151, 17, 69, 144, 100
-0.998155, 369, 179, 432, 194
-0.99816, 97, 139, 160, 154
-0.998164, 193, 161, 256, 176
-0.998172, 169, 163, 232, 178
-0.998179, 409, 169, 472, 184
-0.99818, 393, 103, 456, 118
-0.998184, 305, 33, 432, 64
-0.998185, 33, 187, 96, 202
-0.998186, 185, 93, 248, 108
-0.998188, 209, 87, 272, 102
-0.998195, 9, 153, 72, 168
-0.998195, 273, 99, 336, 114
-0.998195, 161, 175, 224, 190
-0.998196, 433, 155, 496, 170
-0.9982, 305, 69, 368, 84
-0.998201, 113, 43, 176, 58
-0.998201, 249, 45, 312, 60
-0.99821, 289, 81, 352, 96
-0.998213, 225, 139, 288, 154
-0.998217, 225, 93, 288, 108
-0.998221, 297, 171, 360, 186
-0.998224, 433, 163, 496, 178
-0.998231, 41, 151, 104, 166
-0.998233, 377, 171, 440, 186
-0.998241, 65, 257, 192, 288
-0.998243, 433, 99, 496, 114
-0.998246, 273, 105, 336, 120
-0.99825, 353, 185, 416, 200
-0.998251, 113, 121, 176, 136
-0.998256, 17, 105, 80, 120
-0.998257, 1, 161, 64, 176
-0.998258, 193, 153, 256, 168
-0.998272, 81, 43, 144, 58
-0.998274, 273, 245, 400, 276
-0.998275, 297, 93, 360, 108
-0.998276, 145, 101, 208, 116
-0.998281, 337, 127, 400, 142
-0.998281, 385, 131, 448, 146
-0.998284, 265, 139, 328, 154
-0.998289, 137, 89, 200, 104
-0.99829, 137, 147, 200, 162
-0.99829, 161, 117, 224, 132
-0.998291, 201, 173, 264, 188
-0.998294, 185, 113, 248, 128
-0.998294, 265, 87, 328, 102
-0.998303, 193, 167, 256, 182
-0.998306, 33, 133, 96, 148
-0.998308, 305, 179, 368, 194
-0.998314, 17, 237, 144, 268
-0.998314, 409, 97, 472, 112
-0.998316, 169, 151, 232, 166
-0.998326, 65, 17, 192, 48
-0.998328, 401, 161, 464, 176
-0.998334, 1, 187, 64, 202
-0.998335, 385, 123, 448, 138
-0.998335, 281, 45, 344, 60
-0.998338, 25, 179, 88, 194
-0.998341, 37, 65, 68, 320
-0.998343, 73, 141, 136, 156
-0.998345, 249, 101, 312, 116
-0.998347, 209, 105, 272, 120
-0.99835, 265, 151, 328, 166
-0.998359, 121, 133, 184, 148
-0.998361, 169, 101, 232, 116
-0.998369, 433, 65, 464, 320
-0.998374, 97, 133, 160, 148
-0.998375, 161, 45, 224, 60
-0.998376, 177, 183, 240, 198
-0.998377, 329, 87, 392, 102
-0.998377, 97, 111, 160, 126
-0.998378, 1, 43, 64, 58
-0.998381, 145, 107, 208, 122
-0.998383, 297, 161, 360, 176
-0.998383, 49, 47, 112, 62
-0.998388, 137, 167, 200, 182
-0.998391, 169, 169, 232, 184
-0.998393, 433, 135, 496, 150
-0.998395, 345, 105, 408, 120
-0.998399, 105, 151, 168, 166
-0.998399, 337, 155, 400, 170
-0.998401, 417, 107, 480, 122
-0.998404, 241, 163, 304, 178
-0.998406, 369, 105, 432, 120
-0.998407, 217, 181, 280, 196
-0.998407, 241, 155, 304, 170
-0.998408, 433, 87, 496, 102
-0.99841, 1, 169, 64, 184
-0.998411, 329, 191, 392, 206
-0.998411, 369, 195, 432, 210
-0.998412, 161, 87, 224, 102
-0.998413, 1, 17, 500, 80
-0.998414, 305, 213, 368, 228
-0.998415, 33, 173, 96, 188
-0.998416, 297, 155, 360, 170
-0.99842, 137, 153, 200, 168
-0.998422, 129, 95, 192, 110
-0.998427, 433, 147, 496, 162
-0.998427, 57, 87, 120, 102
-0.998429, 33, 91, 96, 106
-0.998429, 185, 107, 248, 122
-0.998436, 33, 41, 96, 56
-0.998437, 305, 63, 368, 78
-0.998447, 329, 47, 392, 62
-0.998547, 361, 129, 376, 256
-0.998565, 309, 47, 340, 62
-0.998565, 133, 117, 164, 132
-0.998565, 25, 171, 56, 186
-0.998566, 381, 107, 412, 122
-0.998566, 373, 87, 404, 102
-0.998566, 225, 135, 256, 150
-0.998568, 137, 133, 168, 148
-0.998568, 461, 157, 492, 172
-0.998569, 241, 153, 272, 168
-0.998569, 321, 213, 352, 228
-0.99857, 49, 149, 80, 164
-0.998571, 317, 179, 348, 194
-0.998571, 173, 157, 204, 172
-0.998572, 229, 105, 260, 120
-0.998572, 201, 157, 232, 172
-0.998572, 241, 145, 272, 160
-0.998572, 61, 145, 92, 160
-0.998573, 277, 101, 308, 116
-0.998573, 57, 135, 88, 150
-0.998574, 297, 93, 328, 108
-0.998578, 289, 61, 320, 76
-0.998579, 225, 141, 256, 156
-0.99858, 161, 177, 192, 192
-0.998582, 77, 45, 108, 60
-0.998583, 469, 65, 500, 320
-0.998583, 177, 101, 208, 116
-0.998583, 353, 207, 384, 222
-0.998584, 353, 149, 384, 164
-0.998584, 365, 207, 396, 222
-0.998584, 397, 171, 428, 186
-0.998586, 233, 45, 264, 60
-0.998586, 25, 165, 56, 180
-0.998586, 105, 43, 136, 58
-0.998587, 93, 145, 124, 160
-0.998588, 333, 123, 364, 138
-0.998588, 73, 143, 104, 158
-0.998589, 273, 135, 304, 150
-0.998589, 257, 143, 288, 158
-0.998589, 393, 129, 424, 144
-0.998589, 109, 181, 140, 196
-0.99859, 209, 45, 240, 60
-0.99859, 37, 203, 68, 218
-0.99859, 393, 151, 424, 166
-0.99859, 41, 87, 72, 102
-0.998591, 137, 43, 168, 58
-0.998592, 389, 213, 420, 228
-0.998592, 401, 113, 432, 128
-0.998593, 289, 45, 320, 60
-0.998594, 229, 97, 260, 112
-0.998595, 421, 103, 452, 118
-0.998595, 13, 177, 44, 192
-0.998596, 125, 43, 156, 58
-0.998597, 257, 129, 288, 144
-0.998597, 373, 143, 404, 158
-0.998598, 281, 87, 312, 102
-0.998598, 257, 105, 288, 120
-0.998598, 61, 153, 92, 168
-0.998599, 445, 165, 476, 180
-0.998599, 229, 89, 260, 104
-0.9986, 373, 131, 404, 146
-0.9986, 121, 125, 152, 140
-0.9986, 197, 81, 228, 96
-0.998603, 149, 111, 180, 126
-0.998603, 161, 145, 192, 160
-0.998604, 117, 89, 148, 104
-0.998604, 333, 181, 364, 196
-0.998605, 165, 93, 196, 108
-0.998605, 393, 139, 424, 154
-0.998605, 345, 127, 376, 142
-0.998606, 137, 107, 168, 122
-0.998606, 373, 137, 404, 152
-0.998609, 137, 179, 168, 194
-0.998611, 401, 105, 432, 120
-0.998615, 97, 181, 128, 196
-0.998616, 53, 185, 84, 200
-0.998617, 145, 147, 176, 162
-0.998617, 265, 99, 296, 114
-0.998618, 65, 185, 96, 200
-0.99862, 37, 189, 68, 204
-0.99862, 289, 99, 320, 114
-0.998622, 209, 87, 240, 102
-0.998623, 225, 147, 256, 162
-0.998623, 393, 145, 424, 160
-0.998623, 193, 139, 224, 154
-0.998623, 333, 173, 364, 188
-0.998625, 65, 1, 320, 64
-0.998625, 125, 179, 156, 194
-0.998629, 449, 155, 480, 170
-0.99863, 145, 123, 176, 138
-0.99863, 81, 183, 112, 198
-0.99863, 257, 137, 288, 152
-0.998634, 273, 129, 304, 144
-0.998634, 245, 107, 276, 122
-0.998634, 241, 133, 272, 148
-0.998635, 25, 181, 56, 196
-0.998636, 93, 137, 124, 152
-0.998638, 345, 73, 376, 88
-0.998639, 269, 45, 300, 60
-0.998639, 385, 173, 416, 188
-0.998644, 457, 85, 488, 100
-0.998645, 449, 91, 480, 106
-0.998645, 221, 45, 252, 60
-0.998646, 321, 123, 352, 138
-0.998646, 117, 131, 148, 146
-0.998646, 133, 123, 164, 138
-0.998647, 257, 45, 288, 60
-0.998648, 261, 65, 292, 320
-0.998649, 395, 113, 410, 240
-0.99865, 213, 145, 228, 272
-0.99865, 245, 45, 276, 60
-0.99865, 361, 81, 392, 96
-0.998651, 369, 145, 384, 272
-0.998652, 165, 119, 196, 134
-0.998654, 141, 113, 156, 240
-0.998657, 357, 201, 388, 216
-0.998658, 357, 125, 388, 140
-0.99866, 351, 113, 366, 240
-0.998662, 437, 155, 468, 170
-0.998662, 413, 145, 444, 160
-0.998663, 177, 87, 208, 102
-0.998663, 193, 151, 224, 166
-0.998667, 401, 113, 416, 240
-0.998668, 429, 141, 460, 156
-0.99867, 361, 187, 392, 202
-0.998672, 445, 135, 476, 150
-0.998673, 41, 159, 72, 174
-0.998675, 345, 155, 376, 170
-0.998679, 219, 145, 234, 272
-0.998681, 413, 153, 444, 168
-0.998681, 373, 155, 404, 170
-0.998682, 205, 137, 236, 152
-0.998687, 449, 145, 480, 160
-0.998689, 173, 143, 204, 158
-0.998692, 413, 139, 444, 154
-0.998697, 105, 135, 136, 150
-0.998697, 437, 95, 468, 110
-0.998698, 425, 149, 456, 164
-0.998698, 335, 113, 350, 240
-0.9987, 407, 145, 422, 272
-0.998715, 345, 113, 360, 240
-0.998716, 469, 137, 500, 152
-0.998716, 437, 149, 468, 164
-0.998731, 159, 145, 174, 272
-0.998735, 167, 113, 182, 240
-0.998736, 393, 123, 424, 138
-0.998739, 203, 145, 218, 272
-0.99875, 375, 113, 390, 240
-0.998755, 187, 145, 202, 272
-0.998756, 329, 81, 344, 208
-0.998761, 329, 129, 344, 256
-0.998762, 177, 145, 192, 272
-0.998764, 247, 113, 262, 240
-0.998778, 323, 113, 338, 240
-0.998786, 345, 65, 360, 192
-0.9988, 279, 145, 294, 272
-0.998813, 351, 65, 366, 192
-0.998815, 323, 161, 338, 288
-0.998817, 131, 97, 146, 224
-0.998827, 193, 145, 208, 272
-0.998837, 123, 145, 138, 272
-0.998838, 173, 97, 188, 224
-0.998839, 385, 65, 400, 192
-0.998839, 313, 65, 328, 192
-0.998843, 323, 65, 338, 192
-0.998844, 445, 65, 476, 320
-0.998856, 147, 113, 162, 240
-0.998863, 153, 145, 168, 272
-0.998875, 353, 161, 368, 288
-0.998876, 111, 145, 126, 272
-0.998878, 337, 65, 352, 192
-0.998879, 389, 145, 404, 272
-0.998896, 253, 129, 268, 256
-0.998897, 303, 49, 318, 176
-0.998899, 361, 81, 376, 208
-0.998911, 415, 97, 430, 224
-0.998928, 317, 129, 332, 256
-0.998933, 169, 161, 184, 288
-0.998933, 105, 145, 120, 272
-0.998939, 307, 193, 322, 320
-0.998939, 33, 145, 48, 272
-0.998945, 225, 145, 240, 272
-0.998946, 117, 161, 132, 288
-0.998951, 381, 113, 396, 240
-0.998953, 131, 145, 146, 272
-0.998957, 7, 129, 22, 256
-0.998959, 181, 193, 196, 320
-0.998968, 343, 193, 358, 320
-0.998983, 381, 161, 396, 288
-0.998987, 247, 161, 262, 288
-0.998988, 75, 145, 90, 272
-0.998989, 395, 161, 410, 288
-0.998994, 361, 193, 376, 320
-0.999012, 217, 97, 232, 224
-0.999012, 261, 193, 276, 320
-0.999016, 485, 145, 500, 272
-0.999018, 161, 97, 176, 224
-0.99902, 221, 193, 236, 320
-0.999022, 193, 193, 208, 320
-0.999024, 391, 65, 406, 192
-0.999025, 215, 193, 230, 320
-0.999025, 271, 193, 286, 320
-0.999032, 147, 161, 162, 288
-0.999033, 297, 193, 312, 320
-0.999035, 93, 161, 108, 288
-0.999036, 369, 65, 384, 192
-0.99904, 439, 161, 454, 288
-0.999043, 27, 129, 42, 256
-0.99905, 209, 193, 224, 320
-0.999052, 241, 145, 256, 272
-0.999056, 255, 193, 270, 320
-0.999058, 313, 193, 328, 320
-0.999059, 203, 193, 218, 320
-0.999067, 449, 81, 464, 208
-0.999067, 287, 193, 302, 320
-0.999069, 85, 113, 100, 240
-0.999069, 15, 97, 30, 224
-0.999072, 175, 193, 190, 320
-0.999073, 21, 97, 36, 224
-0.999075, 39, 145, 54, 272
-0.999076, 1, 129, 16, 256
-0.999076, 99, 161, 114, 288
-0.999076, 235, 193, 250, 320
-0.999077, 375, 161, 390, 288
-0.99908, 99, 113, 114, 240
-0.999082, 227, 193, 242, 320
-0.999083, 21, 145, 36, 272
-0.999084, 439, 113, 454, 240
-0.999087, 293, 49, 308, 176
-0.999089, 413, 145, 428, 272
-0.999089, 273, 113, 288, 240
-0.999091, 329, 177, 344, 304
-0.999093, 141, 161, 156, 288
-0.999094, 277, 193, 292, 320
-0.999096, 241, 193, 256, 320
-0.999098, 287, 113, 302, 240
-0.999099, 57, 145, 72, 272
-0.9991, 187, 97, 202, 224
-0.999102, 445, 161, 460, 288
-0.999103, 179, 97, 194, 224
-0.999105, 93, 113, 108, 240
-0.999108, 335, 161, 350, 288
-0.999108, 117, 113, 132, 240
-0.999108, 425, 81, 440, 208
-0.999112, 401, 161, 416, 288
-0.999114, 187, 193, 202, 320
-0.999121, 407, 81, 422, 208
-0.999125, 369, 193, 384, 320
-0.999128, 409, 193, 424, 320
-0.999129, 455, 81, 470, 208
-0.999129, 51, 97, 66, 224
-0.999132, 123, 97, 138, 224
-0.999132, 223, 65, 238, 192
-0.999134, 377, 65, 392, 192
-0.999138, 485, 193, 500, 320
-0.999138, 65, 145, 80, 272
-0.999139, 431, 161, 446, 288
-0.999141, 441, 209, 456, 335
-0.999142, 45, 145, 60, 272
-0.999143, 279, 65, 294, 192
-0.999156, 15, 145, 30, 272
-0.99916, 423, 161, 438, 288
-0.99916, 479, 193, 494, 320
-0.999161, 167, 65, 182, 192
-0.999373, 457, 65, 488, 320
-0.999858, 253, 157, 268, 172
-0.999859, 451, 91, 466, 106
-0.999859, 179, 143, 194, 158
-0.999859, 373, 185, 388, 200
-0.999861, 365, 77, 380, 92
-0.999862, 303, 65, 318, 80
-0.999863, 249, 87, 264, 102
-0.999863, 407, 101, 422, 116
-0.999864, 105, 181, 120, 196
-0.999866, 209, 81, 224, 96
-0.999867, 239, 45, 254, 60
-0.999868, 151, 129, 166, 144
-0.999869, 441, 147, 456, 162
-0.99987, 45, 161, 60, 176
-0.999871, 301, 81, 316, 96
-0.999871, 403, 213, 418, 228
-0.999873, 11, 157, 26, 172
-0.999875, 113, 133, 128, 148
-0.999875, 167, 99, 182, 114
-0.999875, 283, 101, 298, 116
-0.999876, 161, 167, 176, 182
-0.999877, 135, 179, 150, 194
-0.999879, 175, 173, 190, 188
-0.999882, 255, 45, 270, 60
-0.999883, 79, 183, 94, 198
-0.999883, 183, 161, 198, 176
-0.999884, 35, 183, 50, 198
-0.999891, 309, 45, 324, 60
-0.999892, 147, 107, 162, 122
-0.999896, 41, 187, 56, 202
-0.999898, 239, 89, 254, 104
-0.999901, 35, 159, 50, 174
-0.999901, 29, 115, 44, 130
-0.999903, 221, 45, 236, 60
-0.999904, 443, 139, 458, 154
-0.999905, 77, 41, 92, 56
-0.999905, 169, 173, 184, 188
-0.999906, 289, 125, 304, 140
-0.999906, 231, 89, 246, 104
-0.999907, 191, 87, 206, 102
-0.999907, 229, 97, 244, 112
-0.999907, 189, 159, 204, 174
-0.999908, 477, 135, 492, 150
-0.99991, 205, 165, 220, 180
-0.99991, 409, 209, 424, 224
-0.99991, 203, 145, 218, 160
-0.999911, 465, 139, 480, 154
-0.999912, 149, 165, 164, 180
-0.999914, 349, 67, 364, 82
-0.999914, 135, 43, 150, 58
-0.999915, 197, 165, 212, 180
-0.999915, 215, 157, 230, 172
-0.999918, 417, 139, 432, 154
-0.999919, 153, 105, 168, 120
-0.999921, 129, 43, 144, 58
-0.999925, 253, 133, 268, 148
-0.999934, 41, 99, 56, 114
-0.999938, 111, 181, 126, 196
-0.99994, 193, 151, 208, 166
-0.999941, 61, 89, 76, 104
-0.999942, 345, 173, 360, 188
-0.999943, 151, 173, 166, 188
-0.999944, 129, 179, 144, 194
-0.999944, 251, 143, 266, 158
-0.999946, 131, 131, 146, 146
-0.999946, 293, 99, 308, 114
-0.999954, 425, 109, 440, 124
-0.999955, 219, 135, 234, 150
-0.999957, 413, 169, 428, 184
-0.99996, 183, 151, 198, 166
-0.999961, 67, 185, 82, 200
-0.999962, 387, 87, 402, 102
-0.999962, 141, 179, 156, 194
-0.999967, 415, 155, 430, 170
-0.999968, 139, 111, 154, 126
-0.99997, 405, 161, 420, 176
-0.999972, 87, 183, 102, 198
-0.999976, 457, 143, 472, 158
-0.999979, 83, 43, 98, 58
-0.999983, 199, 157, 214, 172
-0.999989, 87, 139, 102, 154
-0.999992, 355, 207, 370, 222
-0.999994, 159, 161, 174, 176
-0.999996, 149, 147, 164, 162
-0.999998, 471, 137, 486, 152
-1, 349, 127, 364, 142
-1, 355, 127, 370, 142
-1, 125, 119, 140, 134
-1.00001, 17, 265, 144, 328
-1.00002, 355, 181, 370, 196
-1.00003, 53, 151, 68, 166
-1.00003, 209, 151, 224, 166
-1.00004, 417, 145, 432, 160
-1.00004, 393, 123, 408, 138
-1.00004, 249, 45, 264, 60
-1.00004, 423, 139, 438, 154
-1.00004, 425, 151, 440, 166
-1.00005, 193, 141, 208, 156
-1.00005, 261, 45, 276, 60
-1.00005, 151, 157, 166, 172
-1.00005, 449, 155, 464, 170
-1.00006, 209, 157, 224, 172
-1.00006, 425, 145, 440, 160
-1.00007, 169, 149, 184, 164
-1.00007, 107, 135, 122, 150
-1.00007, 169, 161, 184, 176
-1.00008, 97, 135, 112, 150
-1.00008, 321, 123, 336, 138
-1.00009, 159, 147, 174, 162
-1.0001, 447, 149, 462, 164
-1.0001, 379, 179, 394, 194
-1.00011, 179, 167, 194, 182
-1.00011, 47, 187, 62, 202
-1.00011, 209, 137, 224, 152
-1.00012, 203, 151, 218, 166
-1.00013, 367, 201, 382, 216
-1.00013, 369, 125, 384, 140
-1.00014, 349, 155, 364, 170
-1.00014, 175, 161, 190, 176
-1.00018, 247, 135, 262, 150
-1.00019, 115, 153, 130, 168
-1.00019, 203, 139, 218, 154
-1.00019, 165, 155, 180, 170
-1.0002, 155, 167, 170, 182
-1.0002, 441, 153, 456, 168
-1.00021, 339, 123, 354, 138
-1.00022, 169, 167, 184, 182
-1.00022, 173, 143, 188, 158
-1.00024, 483, 135, 498, 150
-1.00029, 277, 127, 292, 142
-1.00035, 145, 1, 208, 128
-1.00046, 187, 141, 202, 156
-1.0006, 1, 17, 64, 144
-1.00145, 177, 1, 304, 64
-1.00224, 225, 1, 352, 64
-1.00304, 97, 1, 224, 64
-1.00376, 1, 1, 128, 64
-1.00491, 49, 1, 176, 64
-1.0057, 169, 1, 232, 128
-1.00934, 25, 1, 88, 128
