1884
-0.469162, 1, 1, 500, 333
-0.506516, 1, 1, 500, 256
-0.519904, 1, 1, 256, 333
-0.579728, 97, 1, 352, 333
-0.62762, 225, 1, 480, 333
-0.642503, 1, 1, 256, 256
-0.685911, 161, 1, 416, 256
-0.783979, 257, 1, 500, 256
-0.870825, 65, 1, 192, 256
-0.879015, 1, 1, 128, 333
-0.880821, 65, 1, 192, 333
-0.889049, 17, 1, 144, 256
-0.890393, 113, 1, 240, 333
-0.891919, 113, 1, 240, 256
-0.895289, 193, 1, 320, 333
-0.895647, 369, 1, 496, 333
-0.896141, 193, 1, 320, 256
-0.900474, 257, 1, 384, 333
-0.90057, 273, 1, 400, 256
-0.906493, 305, 1, 432, 333
-0.92338, 337, 1, 464, 256
-0.925293, 1, 1, 500, 128
-0.928896, 1, 113, 500, 240
-0.934958, 1, 65, 500, 192
-0.938752, 33, 1, 288, 128
-0.946249, 81, 1, 208, 128
-0.947366, 129, 1, 384, 128
-0.949888, 129, 97, 384, 224
-0.950005, 161, 1, 288, 128
-0.953035, 97, 1, 160, 128
-0.955296, 33, 113, 288, 240
-0.95702, 257, 113, 500, 240
-0.957777, 169, 1, 232, 128
-0.961045, 1, 161, 500, 288
-0.963477, 209, 1, 336, 128
-0.964192, 193, 1, 256, 128
-0.964239, 33, 1, 160, 128
-0.964884, 225, 113, 352, 240
-0.964976, 257, 65, 500, 192
-0.966038, 1, 209, 500, 333
-0.966188, 65, 1, 128, 128
-0.966942, 145, 1, 208, 128
-0.967434, 225, 1, 480, 128
-0.968024, 121, 1, 184, 128
-0.968029, 233, 113, 296, 240
-0.968916, 145, 81, 272, 208
-0.970392, 161, 9, 224, 72
-0.970844, 49, 17, 112, 80
-0.97094, 289, 1, 352, 128
-0.971782, 281, 1, 344, 64
-0.971881, 273, 97, 336, 224
-0.972184, 217, 1, 280, 128
-0.972248, 33, 65, 288, 192
-0.972293, 273, 121, 336, 184
-0.972771, 129, 49, 384, 176
-0.97283, 241, 1, 304, 64
-0.97296, 273, 113, 400, 240
-0.973205, 41, 1, 104, 128
-0.973226, 209, 1, 272, 64
-0.973266, 89, 17, 152, 80
-0.973793, 233, 121, 296, 184
-0.973855, 185, 1, 248, 64
-0.974066, 73, 1, 136, 256
-0.974125, 1, 1, 64, 128
-0.974204, 393, 1, 456, 64
-0.974297, 337, 1, 464, 128
-0.97458, 17, 113, 80, 240
-0.974598, 433, 1, 496, 64
-0.974696, 129, 17, 192, 80
-0.974823, 185, 113, 248, 240
-0.974835, 369, 97, 496, 224
-0.975043, 193, 65, 320, 192
-0.975048, 433, 113, 496, 176
-0.975055, 401, 1, 464, 128
-0.975069, 17, 25, 80, 88
-0.975219, 273, 65, 400, 192
-0.975267, 329, 121, 392, 184
-0.975389, 273, 1, 400, 128
-0.975619, 321, 113, 448, 240
-0.975903, 17, 1, 80, 256
-0.976248, 17, 113, 80, 176
-0.976835, 185, 129, 248, 192
-0.976876, 97, 113, 224, 240
-0.977148, 209, 113, 272, 240
-0.977152, 129, 1, 192, 256
-0.977271, 217, 161, 280, 224
-0.977574, 1, 129, 128, 256
-0.977603, 97, 1, 160, 256
-0.977715, 433, 113, 496, 240
-0.978012, 201, 1, 264, 256
-0.978083, 97, 1, 128, 128
-0.978225, 209, 65, 272, 192
-0.978411, 289, 145, 352, 208
-0.978533, 313, 1, 376, 64
-0.978539, 401, 113, 464, 240
-0.978608, 305, 121, 368, 184
-0.978736, 209, 105, 272, 168
-0.979137, 49, 1, 112, 256
-0.979384, 233, 97, 296, 160
-0.979691, 329, 113, 392, 240
-0.979766, 281, 97, 344, 160
-0.979823, 185, 1, 216, 64
-0.979859, 49, 81, 176, 208
-0.979918, 425, 1, 488, 128
-0.980021, 305, 97, 368, 160
-0.980285, 161, 105, 224, 168
-0.980367, 81, 17, 208, 80
-0.980555, 305, 113, 368, 240
-0.980571, 1, 1, 64, 64
-0.980763, 129, 1, 160, 128
-0.980829, 161, 9, 288, 72
-0.980837, 137, 105, 200, 168
-0.980853, 369, 121, 432, 184
-0.980994, 369, 1, 432, 64
-0.981061, 193, 153, 256, 216
-0.981113, 393, 121, 456, 184
-0.981142, 49, 129, 112, 192
-0.981177, 57, 17, 88, 80
-0.981189, 73, 129, 136, 192
-0.9812, 161, 129, 224, 192
-0.981263, 361, 113, 424, 240
-0.981372, 41, 41, 104, 104
-0.981386, 209, 1, 336, 64
-0.981445, 185, 65, 248, 192
-0.981449, 313, 145, 376, 208
-0.981527, 201, 81, 264, 144
-0.981617, 49, 129, 112, 256
-0.981637, 153, 113, 216, 240
-0.981669, 233, 25, 296, 88
-0.981679, 185, 25, 248, 88
-0.981686, 49, 129, 176, 256
-0.981737, 209, 33, 272, 96
-0.981739, 49, 81, 112, 208
-0.981757, 153, 1, 216, 256
-0.981816, 337, 97, 400, 160
-0.981871, 57, 1, 88, 128
-0.981906, 173, 1, 204, 128
-0.981997, 185, 105, 248, 168
-0.982067, 345, 1, 408, 64
-0.982144, 113, 129, 176, 192
-0.982273, 249, 1, 312, 256
-0.982302, 377, 97, 440, 160
-0.982341, 113, 105, 176, 168
-0.982555, 289, 1, 320, 64
-0.982694, 241, 145, 304, 208
-0.98275, 97, 81, 160, 208
-0.982877, 273, 25, 336, 88
-0.982929, 49, 105, 112, 168
-0.982935, 241, 169, 304, 232
-0.982968, 225, 121, 352, 184
-0.982982, 265, 145, 328, 208
-0.983045, 177, 129, 304, 256
-0.98308, 257, 97, 320, 160
-0.983194, 297, 65, 360, 192
-0.98324, 241, 65, 304, 192
-0.983256, 25, 1, 88, 64
-0.983373, 89, 105, 152, 168
-0.983415, 273, 1, 336, 256
-0.983447, 129, 113, 192, 240
-0.983458, 225, 1, 288, 256
-0.983689, 241, 17, 304, 144
-0.983849, 161, 145, 416, 272
-0.983866, 241, 1, 272, 64
-0.983931, 401, 97, 464, 160
-0.983938, 413, 1, 444, 64
-0.984, 33, 17, 160, 80
-0.984034, 201, 1, 232, 128
-0.984071, 225, 153, 256, 216
-0.984107, 25, 89, 88, 152
-0.984117, 369, 1, 496, 64
-0.984149, 233, 57, 296, 120
-0.984416, 245, 113, 276, 240
-0.984438, 73, 129, 136, 256
-0.984497, 137, 129, 200, 192
-0.984509, 97, 129, 160, 256
-0.984586, 213, 1, 244, 128
-0.984593, 169, 49, 232, 112
-0.984881, 193, 57, 256, 120
-0.984942, 93, 17, 124, 80
-0.984995, 17, 1, 80, 333
-0.985052, 141, 1, 172, 128
-0.985155, 189, 1, 220, 128
-0.985188, 289, 265, 352, 328
-0.985207, 301, 1, 332, 64
-0.985222, 89, 41, 152, 104
-0.985287, 161, 65, 224, 192
-0.985375, 305, 25, 368, 88
-0.985379, 117, 1, 148, 128
-0.98548, 73, 81, 136, 208
-0.985509, 129, 1, 192, 333
-0.985547, 173, 1, 204, 64
-0.985591, 393, 1, 456, 256
-0.985622, 273, 65, 336, 128
-0.985625, 73, 1, 136, 333
-0.985646, 385, 65, 448, 192
-0.985683, 221, 9, 252, 72
-0.985714, 209, 129, 272, 192
-0.985717, 161, 129, 288, 192
-0.985807, 49, 1, 112, 333
-0.986058, 1, 257, 64, 320
-0.98613, 145, 81, 208, 144
-0.986157, 257, 1, 384, 64
-0.986203, 237, 153, 268, 216
-0.986278, 417, 65, 480, 192
-0.986294, 225, 1, 256, 128
-0.986361, 313, 169, 376, 232
-0.986409, 1, 137, 64, 200
-0.986439, 305, 1, 368, 256
-0.986475, 33, 241, 96, 304
-0.986483, 401, 273, 464, 333
-0.986486, 369, 121, 496, 184
-0.98654, 321, 65, 448, 192
-0.98655, 369, 273, 432, 333
-0.986552, 369, 25, 432, 88
-0.986564, 433, 89, 496, 152
-0.986571, 225, 273, 288, 333
-0.986578, 261, 1, 292, 64
-0.986656, 177, 81, 240, 144
-0.986656, 177, 1, 240, 256
-0.986735, 145, 41, 208, 104
-0.986745, 433, 33, 496, 288
-0.986793, 65, 57, 128, 120
-0.986827, 125, 9, 156, 72
-0.986851, 345, 25, 408, 88
-0.986869, 433, 145, 496, 208
-0.986869, 345, 273, 408, 333
-0.986923, 369, 1, 432, 256
-0.987004, 409, 25, 472, 88
-0.987031, 265, 273, 328, 333
-0.987035, 113, 17, 144, 80
-0.987054, 121, 57, 184, 120
-0.987073, 57, 257, 120, 320
-0.987208, 273, 121, 400, 184
-0.987218, 345, 65, 408, 192
-0.987229, 249, 121, 280, 184
-0.987274, 201, 265, 264, 328
-0.987305, 277, 121, 308, 184
-0.987309, 321, 65, 384, 192
-0.987338, 313, 121, 344, 184
-0.987428, 1, 217, 64, 280
-0.987441, 377, 1, 440, 128
-0.987448, 33, 265, 96, 328
-0.98748, 425, 1, 456, 64
-0.987525, 297, 49, 360, 112
-0.987573, 241, 161, 368, 288
-0.987593, 129, 65, 192, 192
-0.987608, 409, 73, 472, 136
-0.98761, 313, 273, 376, 333
-0.98767, 245, 1, 276, 128
-0.987722, 297, 73, 360, 136
-0.987749, 417, 49, 480, 112
-0.987762, 329, 73, 392, 136
-0.987766, 113, 273, 176, 333
-0.987834, 425, 273, 488, 333
-0.987847, 317, 1, 348, 64
-0.987863, 329, 241, 392, 304
-0.987882, 469, 113, 500, 176
-0.987891, 465, 1, 496, 64
-0.987928, 205, 17, 236, 80
-0.987932, 185, 1, 248, 333
-0.987937, 145, 17, 176, 80
-0.987969, 241, 145, 368, 208
-0.987988, 145, 273, 208, 333
-0.98799, 281, 233, 344, 296
-0.987998, 333, 121, 364, 184
-0.988002, 385, 73, 448, 136
-0.988013, 329, 65, 392, 320
-0.98803, 257, 1, 320, 333
-0.988115, 9, 49, 72, 112
-0.988191, 433, 25, 496, 88
-0.988214, 305, 1, 336, 128
-0.98822, 81, 265, 144, 328
-0.988241, 25, 137, 88, 200
-0.988278, 105, 1, 168, 333
-0.988287, 41, 217, 104, 280
-0.988303, 105, 81, 168, 144
-0.988304, 5, 1, 36, 64
-0.988395, 337, 145, 400, 208
-0.988403, 201, 241, 264, 304
-0.988439, 161, 1, 224, 333
-0.988461, 241, 249, 304, 312
-0.98848, 385, 249, 448, 312
-0.988559, 345, 49, 408, 112
-0.988596, 161, 1, 192, 128
-0.988598, 289, 121, 320, 184
-0.988618, 321, 121, 448, 184
-0.988646, 65, 185, 128, 248
-0.988694, 25, 169, 88, 232
-0.988704, 305, 241, 368, 304
-0.988723, 9, 193, 72, 256
-0.988733, 265, 177, 328, 240
-0.988772, 1, 81, 128, 208
-0.988791, 153, 201, 216, 264
-0.98882, 129, 249, 192, 312
-0.988831, 289, 169, 352, 232
-0.988839, 385, 49, 448, 112
-0.988867, 85, 1, 116, 128
-0.98888, 157, 17, 188, 80
-0.988907, 193, 177, 256, 240
-0.98893, 113, 129, 240, 192
-0.988958, 97, 49, 224, 176
-0.988968, 1, 129, 128, 192
-0.988974, 161, 249, 224, 312
-0.989067, 33, 65, 96, 128
-0.989173, 1, 89, 64, 152
-0.989185, 369, 217, 432, 280
-0.9892, 273, 49, 336, 176
-0.989248, 289, 97, 416, 160
-0.989334, 209, 1, 272, 333
-0.989349, 241, 225, 304, 288
-0.989389, 65, 225, 128, 288
-0.989418, 409, 241, 472, 304
-0.989457, 105, 249, 168, 312
-0.989535, 469, 113, 500, 240
-0.989595, 221, 97, 252, 224
-0.989629, 237, 121, 268, 184
-0.989735, 265, 1, 328, 128
-0.989795, 69, 1, 100, 128
-0.989828, 29, 33, 60, 96
-0.989859, 281, 1, 344, 333
-0.989876, 401, 1, 432, 64
-0.989942, 265, 137, 296, 200
-0.989959, 9, 129, 40, 192
-0.989969, 433, 1, 496, 333
-0.990132, 77, 25, 108, 88
-0.990151, 437, 1, 468, 64
-0.990182, 41, 33, 72, 96
-0.990184, 433, 1, 496, 32
-0.990279, 257, 209, 500, 333
-0.990307, 385, 1, 448, 333
-0.990324, 249, 161, 280, 224
-0.990336, 305, 1, 432, 64
-0.990351, 177, 9, 240, 40
-0.990695, 193, 41, 320, 104
-0.990755, 161, 153, 288, 216
-0.990781, 277, 113, 308, 240
-0.99079, 129, 105, 256, 168
-0.990867, 289, 97, 320, 224
-0.990988, 89, 21, 152, 52
-0.991003, 317, 145, 348, 208
-0.991081, 257, 1, 288, 128
-0.991146, 421, 1, 452, 128
-0.99115, 233, 1, 296, 32
-0.99115, 281, 9, 344, 40
-0.991218, 233, 1, 296, 333
-0.991234, 213, 129, 244, 192
-0.991244, 261, 113, 292, 240
-0.991269, 257, 1, 320, 32
-0.991281, 305, 301, 368, 332
-0.99129, 241, 97, 368, 160
-0.991316, 65, 21, 128, 52
-0.991352, 425, 301, 488, 332
-0.991368, 17, 17, 48, 144
-0.991422, 393, 5, 456, 36
-0.991423, 273, 125, 336, 156
-0.991447, 329, 301, 392, 332
-0.991465, 209, 161, 272, 288
-0.991468, 153, 9, 216, 40
-0.991487, 193, 97, 320, 160
-0.991509, 17, 41, 144, 104
-0.991515, 233, 113, 264, 240
-0.991521, 385, 301, 448, 332
-0.991561, 41, 33, 72, 160
-0.99158, 217, 157, 280, 188
-0.991582, 65, 129, 192, 192
-0.991601, 333, 113, 364, 240
-0.99163, 129, 21, 192, 52
-0.991637, 409, 1, 472, 333
-0.991779, 337, 97, 464, 160
-0.991785, 289, 145, 352, 176
-0.991798, 25, 65, 88, 192
-0.991812, 257, 161, 500, 288
-0.991826, 293, 1, 324, 128
-0.991893, 305, 1, 368, 333
-0.991926, 361, 1, 424, 333
-0.991984, 257, 13, 320, 44
-0.991999, 301, 121, 332, 184
-0.992004, 33, 17, 96, 48
-0.992005, 17, 121, 80, 152
-0.992019, 225, 125, 288, 156
-0.992053, 17, 37, 80, 68
-0.992115, 313, 145, 376, 176
-0.992145, 217, 13, 280, 44
-0.992179, 361, 301, 424, 332
-0.99218, 273, 1, 304, 64
-0.992223, 313, 1, 376, 32
-0.992246, 309, 97, 340, 224
-0.992283, 345, 121, 376, 184
-0.992327, 297, 157, 360, 188
-0.992357, 17, 1, 48, 64
-0.992364, 225, 129, 256, 192
-0.992373, 129, 1, 384, 64
-0.992379, 169, 21, 232, 52
-0.992392, 17, 5, 80, 36
-0.992465, 221, 49, 252, 176
-0.992467, 193, 117, 256, 148
-0.992482, 217, 169, 280, 200
-0.992484, 381, 113, 412, 240
-0.99253, 265, 137, 328, 168
-0.992549, 41, 29, 104, 60
-0.992567, 329, 1, 392, 333
-0.992587, 369, 1, 432, 32
-0.992608, 1, 25, 64, 56
-0.992624, 269, 97, 300, 160
-0.99264, 97, 17, 128, 48
-0.992649, 437, 113, 468, 240
-0.992651, 249, 125, 312, 156
-0.992686, 229, 153, 260, 184
-0.992696, 145, 129, 208, 160
-0.992706, 49, 133, 112, 164
-0.992728, 269, 65, 300, 192
-0.992728, 225, 145, 288, 176
-0.992736, 233, 25, 296, 56
-0.992741, 393, 121, 424, 184
-0.992768, 81, 105, 208, 168
-0.992796, 193, 157, 256, 188
-0.992812, 33, 17, 288, 80
-0.992816, 105, 9, 168, 40
-0.99282, 193, 21, 256, 52
-0.992833, 201, 1, 264, 32
-0.992839, 9, 133, 72, 164
-0.992846, 33, 193, 288, 320
-0.992877, 201, 33, 264, 64
-0.992887, 289, 113, 352, 144
-0.992897, 161, 193, 416, 320
-0.992917, 369, 121, 432, 152
-0.992917, 285, 1, 316, 32
-0.992939, 329, 121, 392, 152
-0.992968, 169, 121, 232, 152
-0.99297, 433, 117, 496, 148
-0.992984, 57, 9, 120, 40
-0.992992, 437, 113, 468, 176
-0.993019, 121, 129, 184, 160
-0.993025, 81, 133, 144, 164
-0.993045, 241, 33, 272, 96
-0.993065, 201, 145, 264, 176
-0.993117, 197, 129, 228, 192
-0.993126, 449, 113, 480, 176
-0.993126, 233, 113, 296, 144
-0.993157, 309, 145, 340, 176
-0.993165, 17, 25, 48, 88
-0.993171, 265, 113, 328, 144
-0.993179, 409, 121, 472, 152
-0.993182, 125, 17, 156, 48
-0.993185, 405, 1, 436, 128
-0.993209, 57, 121, 120, 152
-0.993217, 373, 121, 404, 184
-0.993222, 225, 37, 288, 68
-0.993235, 217, 33, 248, 96
-0.993237, 193, 129, 256, 160
-0.99325, 329, 145, 360, 208
-0.993262, 89, 121, 152, 152
-0.993264, 281, 301, 344, 332
-0.993266, 185, 9, 216, 40
-0.993274, 257, 297, 320, 328
-0.993276, 345, 109, 408, 140
-0.993277, 289, 29, 352, 60
-0.993288, 57, 17, 88, 48
-0.993293, 73, 37, 136, 68
-0.993302, 449, 113, 480, 240
-0.993318, 129, 5, 192, 36
-0.993322, 9, 105, 40, 168
-0.993327, 41, 41, 104, 72
-0.99334, 45, 129, 76, 192
-0.993351, 305, 17, 368, 48
-0.99341, 305, 125, 368, 156
-0.993415, 313, 109, 376, 140
-0.993423, 237, 65, 268, 192
-0.99344, 369, 113, 400, 240
-0.993448, 369, 301, 400, 332
-0.993453, 409, 113, 440, 240
-0.993458, 249, 65, 312, 96
-0.99346, 185, 45, 248, 76
-0.993474, 193, 169, 256, 200
-0.9935, 241, 157, 304, 188
-0.993506, 349, 301, 380, 332
-0.99352, 241, 1, 272, 32
-0.993525, 401, 17, 464, 48
-0.993547, 393, 109, 456, 140
-0.993553, 433, 137, 496, 168
-0.993553, 397, 113, 428, 240
-0.993564, 145, 117, 208, 148
-0.993576, 177, 105, 208, 168
-0.99358, 229, 1, 260, 32
-0.993582, 221, 13, 252, 44
-0.99359, 369, 109, 432, 140
-0.993596, 209, 65, 272, 96
-0.993604, 89, 129, 120, 192
-0.993612, 257, 1, 288, 32
-0.993628, 17, 109, 80, 140
-0.99363, 233, 49, 296, 80
-0.993635, 145, 21, 176, 52
-0.99364, 249, 173, 312, 204
-0.993663, 29, 113, 60, 176
-0.993665, 413, 5, 444, 36
-0.993671, 1, 105, 128, 168
-0.993674, 273, 129, 304, 160
-0.993676, 241, 161, 272, 192
-0.993676, 249, 77, 312, 108
-0.993677, 337, 301, 368, 332
-0.993679, 257, 25, 384, 88
-0.993679, 385, 289, 448, 320
-0.993693, 253, 125, 284, 156
-0.993699, 37, 33, 68, 64
-0.993702, 85, 21, 116, 52
-0.99373, 389, 301, 420, 332
-0.993731, 425, 13, 488, 44
-0.993733, 345, 289, 408, 320
-0.993734, 441, 1, 472, 32
-0.993737, 321, 141, 352, 172
-0.993743, 301, 5, 332, 36
-0.993748, 289, 125, 320, 156
-0.99375, 345, 5, 408, 36
-0.99375, 173, 17, 204, 48
-0.993756, 321, 1, 352, 32
-0.993757, 417, 121, 448, 184
-0.993777, 225, 1, 480, 64
-0.993796, 73, 1, 104, 64
-0.993805, 313, 97, 344, 160
-0.993811, 209, 53, 272, 84
-0.993821, 113, 21, 144, 52
-0.993826, 397, 1, 428, 32
-0.993826, 425, 289, 488, 320
-0.993827, 77, 129, 108, 192
-0.993833, 57, 29, 88, 60
-0.993849, 113, 117, 176, 148
-0.99385, 177, 33, 240, 64
-0.993854, 433, 105, 496, 136
-0.993855, 249, 97, 280, 160
-0.993864, 265, 149, 328, 180
-0.993869, 305, 301, 336, 332
-0.993874, 409, 301, 440, 332
-0.993877, 9, 13, 40, 44
-0.993886, 389, 1, 420, 64
-0.993888, 313, 169, 376, 200
-0.993899, 225, 81, 288, 112
-0.993909, 313, 157, 344, 188
-0.993924, 145, 45, 208, 76
-0.993938, 205, 13, 236, 44
-0.993949, 361, 121, 392, 184
-0.993955, 229, 165, 260, 196
-0.993965, 465, 1, 496, 32
-0.99398, 405, 121, 436, 184
-0.99398, 77, 9, 108, 40
-0.993989, 217, 153, 248, 184
-0.993991, 117, 129, 148, 192
-0.993994, 273, 1, 304, 32
-0.993997, 265, 25, 328, 56
-0.993999, 177, 145, 240, 176
-0.994, 157, 25, 188, 56
-0.994002, 273, 41, 336, 72
-0.994011, 433, 149, 496, 180
-0.99402, 453, 301, 484, 332
-0.994037, 233, 17, 264, 48
-0.994058, 297, 141, 328, 172
-0.994064, 281, 81, 344, 112
-0.994066, 13, 25, 44, 56
-0.994069, 297, 97, 328, 160
-0.994083, 421, 297, 452, 328
-0.994083, 145, 41, 272, 104
-0.994097, 429, 5, 460, 36
-0.994102, 169, 109, 232, 140
-0.994118, 193, 105, 256, 136
-0.994119, 1, 273, 64, 304
-0.994122, 9, 133, 40, 164
-0.994124, 193, 105, 224, 168
-0.994126, 81, 9, 144, 40
-0.994126, 289, 69, 352, 100
-0.994128, 233, 93, 296, 124
-0.994143, 225, 169, 352, 232
-0.994145, 269, 117, 300, 148
-0.994147, 325, 301, 356, 332
-0.994148, 305, 289, 368, 320
-0.994149, 441, 301, 472, 332
-0.994152, 101, 129, 132, 192
-0.994157, 425, 113, 456, 240
-0.99416, 1, 1, 32, 32
-0.99416, 17, 129, 48, 256
-0.994163, 377, 17, 440, 48
-0.994163, 201, 85, 264, 116
-0.994172, 25, 33, 56, 64
-0.994177, 329, 153, 360, 184
-0.994178, 233, 141, 264, 172
-0.994178, 285, 13, 316, 44
-0.994179, 465, 301, 496, 332
-0.994183, 169, 25, 200, 88
-0.994183, 305, 41, 368, 72
-0.994185, 185, 129, 216, 192
-0.994187, 221, 29, 252, 60
-0.994193, 321, 157, 384, 188
-0.994202, 313, 29, 376, 60
-0.994206, 153, 33, 216, 64
-0.994209, 69, 21, 100, 52
-0.994209, 225, 181, 288, 212
-0.994211, 129, 33, 192, 64
-0.994211, 29, 17, 60, 144
-0.994226, 469, 141, 500, 172
-0.994241, 73, 49, 136, 80
-0.99425, 161, 57, 224, 88
-0.994257, 169, 77, 232, 108
-0.994259, 273, 57, 336, 88
-0.994267, 1, 49, 64, 80
-0.994274, 469, 117, 500, 148
-0.994281, 49, 41, 80, 72
-0.994305, 253, 173, 284, 204
-0.994323, 385, 1, 416, 32
-0.994331, 273, 17, 304, 48
-0.994333, 113, 97, 176, 128
-0.994334, 329, 133, 392, 164
-0.994337, 257, 89, 320, 120
-0.994342, 153, 93, 216, 124
-0.994354, 345, 29, 408, 60
-0.994355, 297, 17, 328, 48
-0.994361, 409, 121, 440, 152
-0.994372, 41, 53, 104, 84
-0.994377, 89, 133, 120, 164
-0.99439, 77, 33, 108, 64
-0.994392, 333, 121, 364, 152
-0.994396, 77, 133, 108, 164
-0.9944, 121, 133, 152, 164
-0.994404, 253, 161, 284, 192
-0.994415, 201, 1, 232, 32
-0.994416, 453, 1, 484, 32
-0.994429, 241, 33, 272, 64
-0.994431, 369, 121, 400, 152
-0.994448, 53, 133, 84, 164
-0.994449, 149, 129, 180, 160
-0.99446, 9, 121, 40, 152
-0.994467, 29, 129, 60, 160
-0.994469, 241, 129, 272, 160
-0.994483, 449, 113, 480, 144
-0.99449, 189, 125, 220, 156
-0.994497, 353, 117, 384, 148
-0.994512, 381, 121, 412, 152
-0.994523, 65, 133, 96, 164
-0.994526, 101, 133, 132, 164
-0.994537, 313, 13, 344, 44
-0.994539, 313, 25, 344, 56
-0.994539, 397, 121, 428, 152
-0.994541, 221, 117, 252, 148
-0.994544, 29, 113, 60, 240
-0.994548, 269, 25, 300, 88
-0.994556, 153, 9, 184, 40
-0.994568, 133, 133, 164, 164
-0.994569, 1, 1, 32, 128
-0.99458, 325, 97, 356, 160
-0.994595, 41, 133, 72, 164
-0.994606, 425, 121, 456, 152
-0.994608, 313, 121, 344, 152
-0.994614, 257, 13, 288, 44
-0.994616, 177, 129, 208, 160
-0.994625, 197, 25, 228, 56
-0.994631, 237, 97, 268, 160
-0.994644, 433, 1, 464, 128
-0.994647, 161, 129, 192, 160
-0.994648, 101, 121, 132, 152
-0.994655, 281, 1, 312, 128
-0.994656, 297, 113, 328, 144
-0.994657, 261, 137, 292, 168
-0.994663, 401, 13, 432, 44
-0.994664, 17, 1, 48, 32
-0.994665, 113, 9, 144, 40
-0.994678, 233, 117, 264, 148
-0.994678, 437, 121, 468, 152
-0.994697, 137, 9, 168, 40
-0.994698, 137, 121, 168, 152
-0.994704, 209, 97, 240, 224
-0.99471, 177, 117, 208, 148
-0.994716, 325, 109, 356, 140
-0.99472, 253, 113, 284, 144
-0.994722, 77, 121, 108, 152
-0.994723, 369, 109, 400, 140
-0.994727, 245, 149, 276, 180
-0.99473, 201, 117, 232, 148
-0.994735, 65, 121, 96, 152
-0.994735, 25, 21, 56, 52
-0.994739, 61, 41, 92, 72
-0.99475, 413, 109, 444, 140
-0.99475, 429, 109, 460, 140
-0.994759, 241, 69, 272, 100
-0.994762, 129, 129, 160, 192
-0.994762, 401, 109, 432, 140
-0.994767, 245, 13, 276, 44
-0.99477, 45, 21, 76, 52
-0.994774, 77, 129, 108, 256
-0.994778, 205, 129, 236, 160
-0.994779, 281, 61, 312, 92
-0.994812, 361, 1, 392, 64
-0.994851, 229, 41, 260, 104
-0.994872, 149, 113, 180, 240
-0.994883, 97, 121, 352, 184
-0.994888, 357, 113, 388, 240
-0.99491, 461, 1, 492, 128
-0.994964, 337, 273, 464, 333
-0.995006, 337, 97, 368, 160
-0.995045, 305, 145, 336, 208
-0.995096, 65, 129, 96, 192
-0.995126, 185, 113, 216, 240
-0.995137, 137, 113, 168, 240
-0.995166, 309, 25, 340, 88
-0.99517, 225, 105, 256, 168
-0.995199, 305, 25, 432, 88
-0.995257, 273, 49, 400, 112
-0.995264, 169, 113, 200, 240
-0.995275, 193, 121, 448, 184
-0.99531, 149, 129, 180, 192
-0.995369, 281, 25, 312, 88
-0.995426, 141, 105, 172, 168
-0.995428, 469, 137, 500, 200
-0.995435, 249, 65, 280, 192
-0.995445, 373, 97, 404, 160
-0.995473, 345, 1, 408, 128
-0.995476, 153, 105, 184, 168
-0.995485, 1, 129, 256, 192
-0.995489, 191, 1, 206, 64
-0.995524, 161, 129, 192, 192
-0.995581, 225, 97, 480, 160
-0.995597, 45, 113, 76, 240
-0.995624, 29, 9, 60, 72
-0.995679, 469, 65, 500, 192
-0.995721, 113, 105, 144, 168
-0.995766, 205, 105, 236, 168
-0.995774, 389, 65, 420, 192
-0.995784, 161, 9, 288, 40
-0.995838, 317, 1, 348, 128
-0.995854, 305, 1, 320, 64
-0.995865, 1, 13, 128, 44
-0.995867, 453, 1, 484, 64
-0.995871, 61, 105, 92, 168
-0.99588, 441, 1, 456, 64
-0.995886, 353, 25, 480, 88
-0.995918, 81, 41, 208, 104
-0.995944, 89, 129, 120, 256
-0.995949, 225, 1, 352, 32
-0.995949, 97, 13, 224, 44
-0.995971, 225, 145, 352, 176
-0.996012, 429, 65, 460, 192
-0.996039, 5, 97, 36, 224
-0.99604, 237, 145, 252, 208
-0.996051, 369, 301, 496, 332
-0.996082, 345, 113, 376, 240
-0.996093, 29, 1, 60, 256
-0.996118, 177, 177, 304, 304
-0.996125, 423, 1, 438, 64
-0.996155, 101, 105, 132, 168
-0.996157, 197, 1, 212, 64
-0.996161, 261, 169, 292, 232
-0.99617, 213, 153, 244, 216
-0.996173, 65, 97, 320, 160
-0.996181, 329, 1, 360, 64
-0.996194, 425, 97, 456, 160
-0.996197, 165, 105, 196, 168
-0.996216, 401, 97, 432, 160
-0.996227, 125, 105, 156, 168
-0.996249, 231, 153, 246, 216
-0.996283, 127, 17, 142, 80
-0.996286, 473, 1, 488, 64
-0.996315, 445, 65, 476, 192
-0.996335, 45, 1, 76, 256
-0.996353, 377, 65, 408, 192
-0.996356, 45, 9, 76, 72
-0.996364, 101, 81, 132, 208
-0.996364, 19, 1, 34, 64
-0.996386, 173, 129, 204, 192
-0.996388, 173, 65, 204, 192
-0.996389, 321, 121, 336, 184
-0.996413, 485, 113, 500, 176
-0.996419, 349, 97, 380, 160
-0.996419, 49, 105, 80, 168
-0.996441, 193, 25, 448, 88
-0.996445, 105, 9, 120, 72
-0.996448, 57, 129, 88, 256
-0.996486, 73, 1, 104, 256
-0.996493, 197, 81, 228, 208
-0.996498, 85, 1, 116, 256
-0.996513, 305, 1, 432, 32
-0.996521, 241, 1, 256, 64
-0.996526, 305, 301, 432, 332
-0.996549, 429, 1, 444, 64
-0.996552, 273, 121, 400, 152
-0.996561, 233, 161, 264, 288
-0.99658, 417, 1, 432, 64
-0.9966, 1, 129, 500, 192
-0.996605, 117, 25, 132, 88
-0.99661, 331, 121, 346, 184
-0.996614, 385, 97, 416, 160
-0.996622, 453, 89, 484, 152
-0.996653, 413, 97, 444, 160
-0.996661, 1, 9, 500, 72
-0.996669, 125, 113, 156, 240
-0.996674, 133, 1, 164, 256
-0.996709, 223, 1, 238, 64
-0.996752, 49, 17, 176, 48
-0.996757, 145, 1, 176, 256
-0.996764, 361, 97, 392, 160
-0.996767, 225, 153, 480, 216
-0.996767, 417, 65, 448, 192
-0.996769, 157, 1, 188, 256
-0.996771, 377, 1, 408, 64
-0.996782, 105, 1, 136, 256
-0.996784, 177, 9, 192, 72
-0.996793, 97, 169, 352, 232
-0.996795, 243, 145, 258, 208
-0.996806, 209, 157, 336, 188
-0.996809, 209, 65, 336, 128
-0.996811, 237, 121, 252, 184
-0.996849, 261, 57, 292, 120
-0.996851, 113, 129, 144, 256
-0.996858, 67, 9, 82, 72
-0.996868, 161, 129, 288, 160
-0.99687, 99, 17, 114, 80
-0.996878, 247, 1, 262, 64
-0.996881, 261, 1, 276, 64
-0.996893, 161, 17, 176, 80
-0.996895, 281, 97, 312, 160
-0.996916, 227, 129, 242, 192
-0.996917, 73, 105, 104, 168
-0.996932, 255, 1, 270, 64
-0.996932, 233, 17, 248, 80
-0.996943, 13, 1, 44, 256
-0.996943, 457, 65, 488, 192
-0.996946, 237, 177, 268, 240
-0.996953, 57, 1, 88, 256
-0.996974, 33, 273, 160, 333
-0.996974, 313, 121, 328, 184
-0.996982, 97, 41, 352, 104
-0.996984, 217, 9, 232, 72
-0.996992, 161, 157, 288, 188
-0.996995, 295, 1, 310, 64
-0.997053, 121, 1, 152, 256
-0.997057, 281, 1, 312, 256
-0.997059, 203, 1, 218, 64
-0.997088, 185, 1, 200, 64
-0.9971, 313, 9, 328, 72
-0.997119, 89, 25, 104, 88
-0.997124, 77, 25, 92, 88
-0.997149, 247, 121, 262, 184
-0.997151, 289, 209, 416, 333
-0.997157, 185, 65, 216, 192
-0.997166, 185, 25, 216, 88
-0.997179, 1, 25, 128, 56
-0.997181, 161, 65, 192, 192
-0.997202, 289, 1, 304, 64
-0.997216, 271, 121, 286, 184
-0.997217, 233, 161, 296, 288
-0.997223, 271, 1, 286, 64
-0.997225, 369, 9, 496, 40
-0.997239, 41, 33, 56, 96
-0.997252, 1, 133, 128, 164
-0.997254, 177, 177, 304, 240
-0.997254, 167, 25, 182, 88
-0.997261, 289, 265, 416, 328
-0.997264, 209, 129, 336, 160
-0.997279, 317, 145, 348, 272
-0.997307, 161, 273, 416, 333
-0.997308, 53, 41, 84, 104
-0.997316, 291, 121, 306, 184
-0.997318, 435, 9, 450, 72
-0.997321, 111, 9, 126, 72
-0.997326, 477, 113, 492, 176
-0.997334, 321, 145, 336, 208
-0.997341, 1, 97, 500, 160
-0.997343, 61, 17, 76, 80
-0.997343, 263, 161, 278, 224
-0.997346, 289, 145, 416, 208
-0.997353, 141, 9, 156, 72
-0.997354, 133, 17, 148, 80
-0.997356, 329, 145, 344, 208
-0.997361, 69, 49, 100, 112
-0.997374, 265, 121, 280, 184
-0.997378, 213, 1, 244, 256
-0.997379, 1, 49, 64, 176
-0.997386, 281, 129, 296, 192
-0.997387, 485, 137, 500, 200
-0.997396, 65, 133, 192, 164
-0.997398, 233, 1, 264, 256
-0.997399, 249, 161, 264, 224
-0.997419, 321, 25, 352, 88
-0.99742, 1, 37, 128, 68
-0.997433, 211, 17, 226, 80
-0.997433, 193, 73, 448, 136
-0.997441, 101, 129, 132, 256
-0.997443, 15, 121, 30, 184
-0.997471, 27, 25, 42, 88
-0.997473, 345, 121, 360, 184
-0.997482, 129, 161, 256, 288
-0.997489, 257, 121, 272, 184
-0.9975, 181, 49, 212, 112
-0.997505, 149, 17, 164, 80
-0.997506, 289, 161, 352, 288
-0.997535, 327, 1, 342, 64
-0.997538, 193, 21, 320, 52
-0.997542, 297, 49, 328, 112
-0.997544, 257, 161, 272, 224
-0.997549, 321, 121, 448, 152
-0.997551, 145, 117, 272, 148
-0.997555, 333, 65, 364, 192
-0.997561, 289, 145, 416, 176
-0.997566, 161, 65, 288, 128
-0.997576, 225, 81, 256, 144
-0.997579, 253, 25, 284, 88
-0.997582, 321, 97, 352, 224
-0.997585, 405, 65, 436, 192
-0.997586, 313, 1, 376, 128
-0.997592, 33, 25, 48, 88
-0.99761, 169, 1, 200, 256
-0.997612, 277, 105, 292, 168
-0.997617, 49, 41, 64, 104
-0.997622, 353, 109, 480, 140
-0.997623, 77, 81, 108, 208
-0.997631, 273, 73, 400, 136
-0.997631, 1, 1, 128, 32
-0.997635, 201, 1, 232, 256
-0.997638, 33, 113, 48, 176
-0.997641, 369, 121, 496, 152
-0.997642, 467, 1, 482, 64
-0.997644, 9, 129, 24, 192
-0.997649, 1, 41, 256, 104
-0.997665, 315, 145, 330, 208
-0.99767, 201, 105, 216, 168
-0.997671, 155, 17, 170, 80
-0.997679, 113, 129, 240, 160
-0.997702, 283, 9, 298, 72
-0.997712, 339, 121, 354, 184
-0.997713, 305, 113, 320, 176
-0.997741, 85, 105, 116, 168
-0.997745, 17, 81, 48, 208
-0.997751, 225, 273, 352, 333
-0.997768, 387, 121, 402, 184
-0.997785, 23, 129, 38, 192
-0.997795, 277, 49, 308, 112
-0.997806, 5, 25, 36, 88
-0.997814, 81, 29, 208, 60
-0.997815, 381, 121, 396, 184
-0.997817, 49, 121, 176, 152
-0.997818, 193, 117, 320, 148
-0.99782, 249, 1, 280, 256
-0.997823, 289, 169, 416, 232
-0.997832, 305, 109, 432, 140
-0.997839, 289, 49, 320, 176
-0.99785, 209, 301, 336, 332
-0.99785, 365, 65, 396, 192
-0.997855, 241, 109, 368, 140
-0.997875, 89, 81, 120, 208
-0.997885, 257, 301, 384, 332
-0.997887, 257, 17, 384, 48
-0.997901, 195, 121, 210, 184
-0.997903, 17, 209, 144, 333
-0.997914, 225, 153, 240, 216
-0.99793, 249, 97, 264, 160
-0.997931, 193, 177, 448, 240
-0.997937, 249, 65, 280, 128
-0.997938, 321, 9, 336, 72
-0.997944, 257, 157, 384, 188
-0.997947, 9, 105, 24, 168
-0.997953, 455, 113, 470, 176
-0.997956, 393, 1, 424, 128
-0.997957, 403, 1, 418, 64
-0.997961, 465, 89, 496, 152
-0.99797, 335, 145, 350, 208
-0.997972, 145, 25, 272, 56
-0.997983, 205, 81, 236, 144
-0.997988, 375, 121, 390, 184
-0.998002, 193, 49, 320, 80
-0.998002, 299, 121, 314, 184
-0.998006, 229, 153, 244, 184
-0.998009, 393, 121, 408, 184
-0.998028, 225, 77, 352, 108
-0.998029, 257, 49, 500, 112
-0.998034, 1, 65, 256, 128
-0.998035, 369, 121, 384, 184
-0.998041, 193, 169, 320, 200
-0.998047, 1, 1, 32, 256
-0.998054, 125, 129, 140, 192
-0.998066, 471, 113, 486, 176
-0.998067, 311, 145, 326, 176
-0.998069, 305, 5, 320, 36
-0.998069, 249, 157, 264, 188
-0.998073, 97, 65, 352, 128
-0.998079, 83, 33, 98, 96
-0.998081, 361, 121, 376, 184
-0.998083, 479, 1, 494, 64
-0.998086, 55, 17, 70, 80
-0.998087, 193, 37, 320, 68
-0.998089, 325, 97, 340, 160
-0.998093, 215, 113, 230, 176
-0.998101, 237, 153, 252, 184
-0.998101, 129, 145, 256, 176
-0.998105, 423, 121, 438, 184
-0.998112, 269, 1, 300, 256
-0.998114, 401, 121, 416, 184
-0.998114, 83, 129, 98, 192
-0.998116, 255, 97, 270, 160
-0.998119, 445, 113, 460, 176
-0.998119, 1, 121, 128, 152
-0.998126, 353, 65, 384, 192
-0.998131, 73, 129, 88, 192
-0.998134, 323, 141, 338, 172
-0.99814, 281, 133, 296, 164
-0.998158, 221, 129, 236, 192
-0.998161, 243, 1, 258, 32
-0.998164, 311, 97, 326, 160
-0.998171, 43, 105, 58, 168
-0.998173, 321, 17, 448, 48
-0.998174, 351, 113, 366, 176
-0.998175, 135, 129, 150, 192
-0.99818, 91, 129, 106, 192
-0.998184, 241, 33, 368, 64
-0.998184, 127, 17, 142, 48
-0.998187, 411, 1, 426, 64
-0.998191, 97, 145, 352, 208
-0.998193, 431, 113, 446, 176
-0.998194, 1, 153, 256, 216
-0.998197, 417, 121, 432, 184
-0.998197, 119, 129, 134, 192
-0.998209, 65, 265, 320, 328
-0.998213, 291, 1, 306, 32
-0.998213, 243, 153, 258, 184
-0.998214, 99, 129, 114, 192
-0.998218, 63, 129, 78, 192
-0.998233, 313, 161, 376, 288
-0.998238, 65, 1, 192, 32
-0.998244, 1, 225, 256, 288
-0.998249, 245, 33, 260, 96
-0.998252, 97, 117, 224, 148
-0.998255, 335, 149, 350, 180
-0.998259, 51, 129, 66, 192
-0.998259, 357, 301, 372, 332
-0.998265, 255, 157, 270, 188
-0.998269, 73, 1, 88, 64
-0.998285, 231, 105, 246, 168
-0.998291, 269, 145, 284, 208
-0.998292, 209, 113, 224, 176
-0.998294, 3, 113, 18, 176
-0.998294, 225, 249, 480, 312
-0.998297, 461, 113, 476, 176
-0.998301, 257, 273, 500, 333
-0.998306, 409, 113, 424, 176
-0.998309, 223, 9, 238, 40
-0.998311, 309, 1, 340, 256
-0.998313, 179, 13, 194, 44
-0.998325, 57, 129, 72, 192
-0.998333, 221, 105, 236, 168
-0.998336, 289, 125, 304, 156
-0.998349, 225, 61, 352, 92
-0.998353, 97, 21, 112, 52
-0.998355, 81, 265, 208, 328
-0.998363, 105, 17, 120, 48
-0.998367, 441, 1, 456, 32
-0.998368, 65, 135, 96, 150
-0.998369, 45, 131, 76, 146
-0.998369, 401, 121, 432, 136
-0.99837, 333, 125, 364, 140
-0.998371, 341, 167, 372, 182
-0.998371, 161, 65, 288, 96
-0.998373, 29, 133, 60, 148
-0.998373, 305, 315, 336, 330
-0.998373, 133, 133, 164, 148
-0.998374, 333, 303, 364, 318
-0.998374, 429, 121, 460, 136
-0.998374, 309, 1, 340, 16
-0.998375, 1, 19, 32, 34
-0.998375, 237, 35, 268, 50
-0.998376, 177, 131, 208, 146
-0.998376, 353, 123, 384, 138
-0.998377, 449, 121, 480, 136
-0.998377, 325, 143, 356, 158
-0.998378, 17, 29, 48, 44
-0.998378, 465, 9, 496, 24
-0.998379, 381, 3, 412, 18
-0.998379, 329, 155, 360, 170
-0.998379, 325, 3, 356, 18
-0.99838, 337, 315, 368, 330
-0.99838, 217, 29, 248, 44
-0.99838, 237, 129, 268, 144
-0.998381, 449, 315, 480, 330
-0.998381, 301, 19, 332, 34
-0.998382, 201, 9, 232, 24
-0.998383, 77, 135, 108, 150
-0.998384, 129, 37, 256, 68
-0.998385, 197, 127, 228, 142
-0.998385, 57, 39, 88, 54
-0.998385, 313, 159, 344, 174
-0.998386, 159, 21, 174, 52
-0.998386, 305, 133, 432, 164
-0.998387, 299, 1, 314, 32
-0.998387, 77, 29, 108, 44
-0.998388, 397, 313, 428, 328
-0.998388, 313, 25, 344, 40
-0.998388, 369, 289, 496, 320
-0.998388, 465, 313, 496, 328
-0.998388, 385, 123, 416, 138
-0.998389, 5, 11, 36, 26
-0.998389, 485, 141, 500, 172
-0.99839, 257, 15, 288, 30
-0.99839, 121, 133, 152, 148
-0.998391, 373, 123, 404, 138
-0.998391, 429, 315, 460, 330
-0.998392, 229, 5, 260, 20
-0.998392, 9, 137, 40, 152
-0.998393, 49, 33, 80, 48
-0.998395, 17, 11, 48, 26
-0.998396, 209, 155, 240, 170
-0.998396, 189, 15, 220, 30
-0.998396, 9, 131, 40, 146
-0.998396, 373, 315, 404, 330
-0.998398, 317, 151, 348, 166
-0.998399, 217, 23, 248, 38
-0.9984, 25, 35, 56, 50
-0.998402, 413, 11, 444, 26
-0.998402, 113, 81, 144, 208
-0.998403, 253, 175, 284, 190
-0.998403, 113, 27, 144, 42
-0.998403, 5, 25, 36, 40
-0.998404, 481, 1, 496, 32
-0.998404, 229, 29, 260, 44
-0.998405, 207, 13, 222, 44
-0.998405, 269, 123, 300, 138
-0.998405, 213, 161, 244, 176
-0.998406, 253, 169, 284, 184
-0.998406, 215, 17, 230, 48
-0.998407, 305, 303, 336, 318
-0.998408, 105, 15, 136, 30
-0.998409, 261, 5, 292, 20
-0.998409, 285, 1, 316, 16
-0.99841, 93, 27, 124, 42
-0.998412, 237, 23, 268, 38
-0.998412, 385, 313, 416, 328
-0.998416, 77, 23, 108, 38
-0.998416, 77, 17, 108, 32
-0.998419, 289, 19, 320, 34
-0.998419, 289, 289, 416, 320
-0.99842, 253, 163, 284, 178
-0.998421, 433, 5, 464, 20
-0.998423, 413, 5, 444, 20
-0.998423, 357, 313, 388, 328
-0.998423, 347, 301, 362, 332
-0.998423, 293, 309, 324, 324
-0.998424, 269, 135, 300, 150
-0.998425, 177, 19, 208, 34
-0.998427, 293, 1, 324, 256
-0.998429, 241, 157, 272, 172
-0.99843, 269, 15, 300, 30
-0.99843, 241, 3, 272, 18
-0.998431, 465, 3, 496, 18
-0.998432, 113, 53, 240, 84
-0.998434, 305, 13, 336, 28
-0.998434, 165, 25, 196, 40
-0.998435, 371, 301, 386, 332
-0.998438, 113, 21, 144, 36
-0.998441, 57, 27, 88, 42
-0.998442, 1, 49, 500, 112
-0.998444, 177, 77, 304, 108
-0.998445, 191, 5, 206, 36
-0.998446, 401, 1, 432, 16
-0.998447, 289, 7, 320, 22
-0.998447, 453, 301, 468, 332
-0.998448, 321, 315, 352, 330
-0.998449, 309, 7, 340, 22
-0.99845, 57, 17, 88, 32
-0.99845, 225, 149, 256, 164
-0.998452, 297, 151, 328, 166
-0.998453, 273, 137, 288, 168
-0.998453, 233, 15, 264, 30
-0.998453, 469, 301, 484, 332
-0.998455, 165, 19, 196, 34
-0.998455, 249, 129, 280, 144
-0.998457, 37, 39, 68, 54
-0.99846, 409, 313, 440, 328
-0.99846, 281, 13, 312, 28
-0.998461, 209, 17, 240, 32
-0.998461, 293, 13, 324, 28
-0.998461, 241, 175, 272, 190
-0.998462, 241, 9, 272, 24
-0.998462, 461, 307, 492, 322
-0.998462, 97, 241, 352, 304
-0.998462, 49, 45, 176, 76
-0.998462, 273, 61, 400, 92
-0.998465, 61, 81, 92, 208
-0.998466, 229, 169, 260, 184
-0.998467, 289, 127, 320, 142
-0.998467, 273, 1, 304, 16
-0.998469, 241, 165, 256, 196
-0.99847, 145, 23, 176, 38
-0.998471, 273, 129, 304, 144
-0.998472, 321, 157, 448, 188
-0.998472, 1, 5, 32, 20
-0.998475, 111, 17, 126, 48
-0.998475, 433, 301, 448, 332
-0.998476, 337, 309, 368, 324
-0.998478, 225, 163, 256, 178
-0.998478, 167, 25, 182, 56
-0.998478, 373, 309, 404, 324
-0.998479, 385, 307, 416, 322
-0.998481, 363, 301, 378, 332
-0.998482, 381, 301, 396, 332
-0.998483, 321, 29, 448, 60
-0.998483, 297, 145, 328, 160
-0.998484, 135, 17, 150, 48
-0.998485, 401, 307, 432, 322
-0.998487, 441, 309, 472, 324
-0.998489, 121, 21, 136, 52
-0.99849, 323, 301, 338, 332
-0.998492, 273, 49, 400, 80
-0.9985, 221, 13, 252, 28
-0.9985, 445, 1, 476, 16
-0.9985, 321, 309, 352, 324
-0.998501, 335, 301, 350, 332
-0.998501, 421, 309, 452, 324
-0.998502, 357, 307, 388, 322
-0.998505, 257, 169, 384, 200
-0.99851, 129, 19, 160, 34
-0.998513, 419, 301, 434, 332
-0.998514, 305, 309, 336, 324
-0.998516, 241, 169, 272, 184
-0.998525, 185, 9, 216, 24
-0.998525, 447, 1, 462, 32
-0.998525, 317, 145, 332, 176
-0.998525, 231, 165, 246, 196
-0.998525, 275, 125, 290, 156
-0.99853, 369, 133, 496, 164
-0.998532, 413, 301, 428, 332
-0.998532, 33, 193, 288, 256
-0.998533, 309, 301, 324, 332
-0.998534, 173, 21, 188, 52
-0.998534, 177, 13, 240, 28
-0.998537, 81, 97, 208, 128
-0.998537, 285, 1, 300, 32
-0.998537, 429, 1, 444, 32
-0.998545, 329, 149, 344, 180
-0.998546, 313, 145, 344, 160
-0.99855, 235, 21, 250, 52
-0.99855, 241, 163, 272, 178
-0.998552, 15, 133, 30, 164
-0.998557, 97, 21, 128, 36
-0.998557, 433, 1, 496, 16
-0.998558, 193, 201, 448, 264
-0.99856, 419, 5, 434, 36
-0.998561, 69, 13, 84, 44
-0.998562, 241, 97, 368, 128
-0.998562, 397, 1, 428, 256
-0.998571, 435, 9, 450, 40
-0.998572, 397, 301, 412, 332
-0.998582, 281, 13, 344, 28
-0.998585, 229, 9, 244, 40
-0.998585, 249, 5, 264, 36
-0.998593, 289, 309, 352, 324
-0.998593, 141, 17, 156, 48
-0.998597, 263, 125, 278, 156
-0.998601, 113, 65, 240, 96
-0.998601, 177, 93, 304, 124
-0.998606, 407, 301, 422, 332
-0.998611, 229, 155, 260, 170
-0.998626, 151, 21, 166, 52
-0.998634, 321, 233, 448, 296
-0.998639, 425, 301, 440, 332
-0.99864, 253, 169, 268, 200
-0.99864, 385, 309, 448, 324
-0.99864, 257, 1, 272, 32
-0.998644, 317, 301, 332, 332
-0.998646, 1, 273, 128, 304
-0.998649, 409, 309, 472, 324
-0.998651, 391, 301, 406, 332
-0.998653, 233, 9, 296, 24
-0.998655, 113, 1, 240, 32
-0.998657, 145, 169, 272, 200
-0.99866, 285, 13, 300, 44
-0.998665, 311, 9, 326, 40
-0.998668, 201, 9, 216, 40
-0.99867, 459, 301, 474, 332
-0.998675, 241, 13, 256, 44
-0.998676, 273, 73, 400, 104
-0.998676, 19, 9, 34, 40
-0.998677, 47, 37, 62, 68
-0.998678, 369, 21, 496, 52
-0.998687, 257, 225, 500, 288
-0.998689, 329, 307, 392, 322
-0.998692, 89, 21, 152, 36
-0.998695, 329, 301, 344, 332
-0.998698, 201, 121, 216, 152
-0.998702, 337, 89, 464, 120
-0.998703, 325, 1, 340, 32
-0.998709, 273, 127, 336, 142
-0.998711, 91, 25, 106, 56
-0.998711, 17, 73, 144, 104
-0.998712, 413, 1, 428, 32
-0.998715, 265, 19, 328, 34
-0.998721, 239, 141, 254, 172
-0.998722, 217, 157, 280, 172
-0.998729, 223, 153, 238, 184
-0.99873, 17, 61, 144, 92
-0.998735, 33, 121, 48, 152
-0.998735, 97, 77, 224, 108
-0.998736, 273, 1, 288, 32
-0.998738, 443, 301, 458, 332
-0.998738, 161, 19, 224, 34
-0.99874, 39, 33, 54, 64
-0.998743, 73, 25, 88, 56
-0.998746, 353, 41, 480, 72
-0.998749, 161, 105, 288, 136
-0.998753, 433, 309, 496, 324
-0.998754, 21, 21, 36, 52
-0.998757, 257, 3, 320, 18
-0.998759, 217, 169, 280, 184
-0.998759, 289, 147, 352, 162
-0.998761, 261, 169, 276, 200
-0.998764, 247, 169, 262, 200
-0.998766, 225, 129, 288, 144
-0.998769, 209, 117, 224, 148
-0.998773, 269, 125, 284, 156
-0.998775, 267, 1, 282, 32
-0.998778, 57, 17, 120, 32
-0.998779, 433, 7, 496, 22
-0.998779, 121, 21, 184, 36
-0.998779, 485, 117, 500, 148
-0.99878, 467, 1, 482, 32
-0.998782, 97, 273, 224, 304
-0.998784, 29, 33, 44, 64
-0.998787, 209, 181, 336, 212
-0.998791, 353, 269, 480, 300
-0.998793, 185, 9, 200, 40
-0.998793, 5, 133, 20, 164
-0.998804, 393, 7, 456, 22
-0.998805, 401, 1, 464, 16
-0.998808, 11, 13, 26, 44
-0.998808, 217, 163, 280, 178
-0.99881, 79, 29, 94, 60
-0.998812, 63, 17, 78, 48
-0.998818, 235, 129, 250, 160
-0.998821, 265, 309, 328, 324
-0.998824, 361, 309, 424, 324
-0.998825, 485, 153, 500, 184
-0.998827, 225, 165, 240, 196
-0.998827, 149, 65, 180, 192
-0.998828, 475, 301, 490, 332
-0.998832, 161, 285, 288, 316
-0.998835, 385, 315, 448, 330
-0.998836, 15, 121, 30, 152
-0.998839, 49, 261, 176, 292
-0.998841, 45, 121, 60, 152
-0.998845, 341, 301, 356, 332
-0.998846, 345, 315, 408, 330
-0.998846, 281, 1, 344, 16
-0.998846, 319, 25, 334, 56
-0.998846, 479, 117, 494, 148
-0.998849, 49, 31, 112, 46
-0.99885, 289, 315, 352, 330
-0.998852, 299, 13, 314, 44
-0.998852, 235, 5, 250, 36
-0.998854, 273, 85, 400, 116
-0.998857, 381, 121, 396, 152
-0.998858, 9, 121, 24, 152
-0.99886, 215, 117, 230, 148
-0.998862, 85, 33, 100, 64
-0.998865, 319, 9, 334, 40
-0.998865, 1, 49, 128, 80
-0.998867, 53, 29, 68, 60
-0.998867, 369, 3, 432, 18
-0.99887, 475, 5, 490, 36
-0.998871, 305, 257, 432, 288
-0.998872, 323, 157, 338, 188
-0.998872, 95, 133, 110, 164
-0.998874, 203, 109, 218, 140
-0.998874, 313, 313, 376, 328
-0.998881, 23, 133, 38, 164
-0.998884, 113, 289, 240, 320
-0.998887, 411, 121, 426, 152
-0.998887, 479, 145, 494, 176
-0.998889, 63, 133, 78, 164
-0.998891, 201, 15, 264, 30
-0.998891, 279, 9, 294, 40
-0.998892, 59, 29, 74, 60
-0.998896, 57, 25, 120, 40
-0.998898, 233, 15, 296, 30
-0.998907, 321, 1, 384, 16
-0.998912, 49, 277, 176, 308
-0.998915, 425, 315, 488, 330
-0.998917, 177, 249, 304, 280
-0.998917, 129, 261, 256, 292
-0.998919, 321, 77, 448, 108
-0.998921, 185, 7, 248, 22
-0.998923, 209, 289, 336, 320
-0.998923, 17, 13, 80, 28
-0.998925, 49, 109, 176, 140
-0.99893, 225, 205, 352, 236
-0.998931, 137, 15, 200, 30
-0.998932, 1, 31, 64, 46
-0.998932, 33, 229, 160, 260
-0.998939, 217, 151, 280, 166
-0.998939, 321, 57, 448, 88
-0.99894, 17, 19, 80, 34
-0.998945, 281, 7, 344, 22
-0.998945, 161, 129, 224, 144
-0.998947, 305, 173, 432, 204
-0.998947, 97, 241, 224, 272
-0.99895, 49, 37, 112, 52
-0.998956, 433, 147, 496, 162
-0.998956, 185, 129, 248, 144
-0.998956, 273, 229, 400, 260
-0.998958, 233, 123, 296, 138
-0.99896, 313, 147, 376, 162
-0.998963, 49, 85, 176, 116
-0.998963, 321, 205, 448, 236
-0.998967, 425, 121, 488, 136
-0.998967, 33, 135, 96, 150
-0.998969, 289, 121, 352, 136
-0.998973, 25, 43, 88, 58
-0.998976, 265, 149, 328, 164
-0.998976, 241, 167, 304, 182
-0.998976, 17, 113, 80, 128
-0.998978, 113, 157, 240, 188
-0.99898, 273, 201, 400, 232
-0.998985, 425, 303, 488, 318
-0.998989, 81, 27, 144, 42
-0.998995, 9, 135, 72, 150
-0.998997, 1, 205, 128, 236
-0.998999, 89, 133, 152, 148
-0.999, 353, 123, 416, 138
-0.999001, 329, 123, 392, 138
-0.999003, 121, 133, 184, 148
-0.999003, 249, 129, 312, 144
-0.999004, 113, 229, 240, 260
-0.999004, 209, 237, 336, 268
-0.99901, 313, 153, 376, 168
-0.999012, 1, 261, 128, 292
-0.999015, 201, 37, 264, 52
-0.999016, 17, 25, 80, 40
-0.999016, 97, 217, 352, 280
-0.999017, 1, 217, 128, 248
-0.999017, 225, 269, 352, 300
-0.999019, 129, 93, 256, 124
-0.999021, 209, 9, 272, 24
-0.999021, 201, 123, 264, 138
-0.999026, 305, 303, 368, 318
-0.999026, 185, 21, 248, 36
-0.999028, 17, 37, 80, 52
-0.999028, 225, 35, 288, 50
-0.99903, 209, 225, 336, 256
-0.999033, 217, 175, 280, 190
-0.999034, 313, 7, 376, 22
-0.999039, 393, 121, 456, 136
-0.99904, 161, 181, 288, 212
-0.999043, 65, 135, 128, 150
-0.999043, 97, 301, 224, 332
-0.999044, 233, 3, 296, 18
-0.999047, 49, 129, 112, 144
-0.999055, 209, 25, 272, 40
-0.999055, 241, 161, 304, 176
-0.999057, 337, 241, 464, 272
-0.999059, 241, 21, 304, 36
-0.999061, 385, 303, 448, 318
-0.999062, 393, 13, 456, 28
-0.999066, 65, 217, 192, 248
-0.999068, 257, 245, 384, 276
-0.999069, 369, 225, 496, 256
-0.999071, 49, 249, 176, 280
-0.999073, 177, 141, 304, 172
-0.999081, 193, 153, 256, 168
-0.999082, 257, 121, 320, 136
-0.999083, 305, 13, 368, 28
-0.999083, 241, 175, 304, 190
-0.999083, 241, 149, 304, 164
-0.999085, 257, 13, 320, 28
-0.999086, 289, 185, 416, 216
-0.999088, 369, 257, 496, 288
-0.999089, 17, 119, 80, 134
-0.999089, 369, 9, 432, 24
-0.99909, 65, 57, 192, 88
-0.999091, 105, 15, 168, 30
-0.999092, 273, 217, 400, 248
-0.999094, 153, 25, 216, 40
-0.999095, 289, 277, 416, 308
-0.999096, 69, 1, 84, 128
-0.999097, 1, 181, 128, 212
-0.999099, 193, 163, 256, 178
-0.999103, 17, 129, 80, 144
-0.999104, 241, 155, 304, 170
-0.999104, 177, 273, 304, 304
-0.99911, 223, 1, 238, 128
-0.999111, 129, 127, 192, 142
-0.999112, 257, 73, 320, 88
-0.999112, 153, 9, 216, 24
-0.999119, 111, 1, 126, 128
-0.999121, 241, 29, 304, 44
-0.999126, 289, 155, 352, 170
-0.999132, 17, 289, 144, 320
-0.999132, 241, 79, 304, 94
-0.999137, 433, 115, 496, 130
-0.999137, 345, 1, 408, 16
-0.999138, 193, 31, 256, 46
-0.999138, 201, 1, 264, 16
-0.99914, 337, 1, 368, 256
-0.99914, 33, 97, 160, 128
-0.999142, 321, 225, 448, 256
-0.999142, 329, 117, 392, 132
-0.999142, 329, 301, 392, 316
-0.999143, 127, 1, 142, 128
-0.999145, 1, 1, 64, 16
-0.999145, 281, 25, 344, 40
-0.999148, 73, 33, 136, 48
-0.99915, 421, 1, 452, 256
-0.999153, 353, 193, 480, 224
-0.999153, 265, 143, 328, 158
-0.999155, 49, 197, 176, 228
-0.999155, 101, 1, 116, 128
-0.999158, 143, 1, 158, 128
-0.999158, 179, 1, 194, 128
-0.99916, 305, 25, 368, 40
-0.999168, 1, 73, 500, 136
-0.999169, 313, 1, 328, 128
-0.999172, 193, 51, 256, 66
-0.999175, 193, 107, 256, 122
-0.999176, 289, 19, 352, 34
-0.999178, 193, 171, 256, 186
-0.999182, 73, 41, 136, 56
-0.999193, 289, 141, 352, 156
-0.999193, 79, 33, 94, 48
-0.999194, 257, 145, 320, 272
-0.999194, 337, 167, 400, 182
-0.999195, 273, 1, 288, 16
-0.999196, 17, 7, 80, 22
-0.999196, 409, 1, 424, 16
-0.999197, 105, 127, 168, 142
-0.999197, 113, 27, 176, 42
-0.999197, 243, 149, 258, 164
-0.999198, 235, 11, 250, 26
-0.999199, 257, 135, 320, 150
-0.9992, 241, 85, 304, 100
-0.999204, 345, 7, 408, 22
-0.999204, 241, 13, 256, 28
-0.999204, 157, 1, 172, 128
-0.999205, 43, 37, 58, 52
-0.999207, 257, 95, 320, 110
-0.999208, 135, 1, 150, 128
-0.999211, 463, 315, 478, 330
-0.999212, 413, 313, 428, 328
-0.999212, 71, 23, 86, 38
-0.999214, 257, 179, 272, 194
-0.999217, 215, 1, 230, 128
-0.999219, 5, 137, 20, 152
-0.99922, 299, 309, 314, 324
-0.999223, 241, 1, 256, 128
-0.999224, 443, 315, 458, 330
-0.999225, 9, 131, 24, 146
-0.999226, 1, 209, 128, 272
-0.999226, 203, 1, 218, 128
-0.999228, 251, 113, 266, 240
-0.999228, 391, 315, 406, 330
-0.999233, 147, 21, 162, 36
-0.999236, 15, 135, 30, 150
-0.999236, 323, 315, 338, 330
-0.999239, 237, 147, 252, 162
-0.99924, 203, 11, 218, 26
-0.999241, 305, 5, 320, 20
-0.999241, 231, 1, 246, 128
-0.999242, 321, 1, 352, 256
-0.999242, 135, 19, 150, 34
-0.999243, 283, 129, 298, 144
-0.999245, 419, 7, 434, 22
-0.999247, 453, 315, 468, 330
-0.999248, 321, 49, 448, 112
-0.999251, 113, 65, 240, 128
-0.999253, 337, 315, 352, 330
-0.999253, 185, 1, 200, 128
-0.999256, 481, 147, 496, 162
-0.999258, 207, 19, 222, 34
-0.99926, 37, 35, 52, 50
-0.999263, 15, 1, 30, 16
-0.999263, 209, 1, 224, 128
-0.999263, 441, 5, 456, 20
-0.999263, 263, 129, 278, 144
-0.999264, 299, 17, 314, 32
-0.999264, 361, 315, 376, 330
-0.999266, 259, 1, 274, 128
-0.999269, 125, 65, 156, 192
-0.999274, 315, 141, 330, 156
-0.999278, 323, 159, 338, 174
-0.999279, 329, 315, 344, 330
-0.999282, 267, 173, 282, 188
-0.999286, 201, 125, 216, 140
-0.999287, 241, 113, 256, 240
-0.999291, 191, 1, 206, 128
-0.999292, 485, 1, 500, 16
-0.999293, 63, 1, 78, 128
-0.999294, 287, 1, 302, 16
-0.999301, 173, 1, 188, 128
-0.999306, 421, 1, 436, 128
-0.999306, 123, 23, 138, 38
-0.999309, 319, 27, 334, 42
-0.999315, 473, 7, 488, 22
-0.999317, 419, 313, 434, 328
-0.999318, 273, 129, 288, 144
-0.999318, 393, 309, 408, 324
-0.999322, 407, 307, 422, 322
-0.999323, 369, 73, 496, 136
-0.999325, 173, 23, 188, 38
-0.999326, 229, 19, 244, 34
-0.999329, 335, 147, 350, 162
-0.999329, 305, 313, 320, 328
-0.99933, 409, 1, 440, 256
-0.999332, 257, 161, 272, 176
-0.999333, 255, 9, 270, 24
-0.999335, 433, 313, 448, 328
-0.999337, 237, 171, 252, 186
-0.999337, 263, 113, 278, 240
-0.999338, 319, 153, 334, 168
-0.99934, 303, 145, 318, 160
-0.999341, 149, 1, 164, 128
-0.999341, 485, 141, 500, 156
-0.999345, 163, 1, 178, 128
-0.999346, 235, 113, 250, 240
-0.999348, 473, 1, 488, 128
-0.99935, 197, 1, 212, 128
-0.999351, 95, 1, 110, 128
-0.999354, 179, 19, 194, 34
-0.999354, 299, 1, 314, 128
-0.999357, 437, 1, 452, 128
-0.999357, 299, 3, 314, 18
-0.999358, 19, 9, 34, 24
-0.99936, 117, 25, 132, 40
-0.999362, 167, 27, 182, 42
-0.999362, 235, 17, 250, 32
-0.999362, 289, 161, 416, 288
-0.999364, 117, 1, 132, 128
-0.999364, 429, 7, 444, 22
-0.999367, 285, 17, 300, 32
-0.999369, 243, 1, 258, 16
-0.999371, 329, 159, 344, 174
-0.999375, 111, 19, 126, 34
-0.999379, 447, 1, 462, 16
-0.999383, 371, 309, 386, 324
-0.999385, 189, 9, 204, 24
-0.999387, 305, 1, 320, 128
-0.999394, 141, 17, 156, 32
-0.999394, 229, 113, 244, 240
-0.999401, 177, 273, 304, 333
-0.999402, 217, 19, 232, 34
-0.99941, 479, 113, 494, 240
-0.99941, 69, 17, 84, 32
-0.99941, 75, 1, 90, 128
-0.999415, 319, 1, 334, 128
-0.999416, 65, 209, 192, 333
-0.999416, 181, 13, 196, 28
-0.999416, 245, 7, 260, 22
-0.999416, 465, 33, 496, 288
-0.999417, 277, 113, 292, 240
-0.999418, 261, 173, 276, 188
-0.999419, 17, 1, 32, 128
-0.99942, 473, 307, 488, 322
-0.999421, 15, 113, 30, 240
-0.999422, 283, 113, 298, 240
-0.999423, 247, 1, 262, 128
-0.999424, 89, 1, 104, 128
-0.999426, 425, 309, 440, 324
-0.99943, 361, 307, 376, 322
-0.999431, 37, 17, 52, 144
-0.999433, 251, 65, 266, 192
-0.999434, 293, 13, 308, 28
-0.999434, 57, 1, 72, 128
-0.999435, 291, 113, 306, 240
-0.999436, 257, 113, 272, 240
-0.99944, 325, 97, 340, 224
-0.999442, 407, 313, 422, 328
-0.999443, 427, 1, 442, 128
-0.999443, 241, 65, 256, 192
-0.999444, 449, 1, 480, 256
-0.999444, 271, 139, 286, 154
-0.999446, 329, 309, 344, 324
-0.999446, 221, 97, 236, 224
-0.999447, 453, 113, 468, 240
-0.99945, 345, 309, 360, 324
-0.999451, 241, 163, 256, 178
-0.999451, 9, 113, 24, 240
-0.999451, 387, 307, 402, 322
-0.999452, 189, 1, 220, 256
-0.999454, 221, 157, 236, 172
-0.999454, 265, 1, 280, 128
-0.999455, 81, 17, 96, 144
-0.999456, 99, 21, 114, 36
-0.999457, 355, 307, 370, 322
-0.999458, 23, 1, 38, 128
-0.99946, 333, 113, 348, 240
-0.999463, 195, 7, 210, 22
-0.999464, 221, 145, 252, 272
-0.999464, 309, 151, 324, 166
-0.999469, 49, 33, 64, 160
-0.999469, 413, 307, 428, 322
-0.99947, 233, 155, 248, 170
-0.99947, 467, 113, 482, 240
-0.99947, 473, 97, 488, 224
-0.999472, 405, 113, 420, 240
-0.999473, 365, 1, 396, 256
-0.999475, 387, 113, 402, 240
-0.999476, 311, 313, 326, 328
-0.999476, 303, 113, 318, 240
-0.999477, 443, 113, 458, 240
-0.999477, 313, 113, 328, 240
-0.999477, 33, 113, 48, 240
-0.999479, 343, 113, 358, 240
-0.999479, 485, 113, 500, 240
-0.999479, 47, 113, 62, 240
-0.99948, 443, 309, 458, 324
-0.999483, 215, 113, 230, 240
-0.999484, 459, 113, 474, 240
-0.999484, 419, 113, 434, 240
-0.999486, 411, 113, 426, 240
-0.999486, 399, 113, 414, 240
-0.999487, 373, 113, 388, 240
-0.999488, 27, 113, 42, 240
-0.999491, 273, 65, 288, 192
-0.999493, 377, 307, 392, 322
-0.999495, 257, 65, 272, 192
-0.999496, 323, 309, 338, 324
-0.999496, 327, 143, 342, 158
-0.999496, 305, 11, 320, 26
-0.999496, 191, 49, 206, 176
-0.999497, 31, 17, 46, 144
-0.999499, 89, 129, 104, 256
-0.999501, 463, 309, 478, 324
-0.999503, 401, 307, 416, 322
-0.999503, 467, 1, 482, 128
-0.999504, 97, 129, 112, 256
-0.999505, 367, 113, 382, 240
-0.999505, 289, 127, 304, 142
-0.999506, 201, 65, 216, 192
-0.999506, 393, 113, 408, 240
-0.999506, 293, 1, 308, 128
-0.999507, 193, 113, 208, 240
-0.999508, 381, 113, 396, 240
-0.999508, 425, 113, 440, 240
-0.999508, 395, 65, 410, 192
-0.999508, 319, 97, 334, 224
-0.99951, 43, 17, 58, 144
-0.999511, 1, 1, 16, 128
-0.999513, 251, 173, 266, 188
-0.999513, 143, 113, 158, 240
-0.999513, 269, 129, 284, 256
-0.999516, 293, 65, 308, 192
-0.999519, 433, 113, 448, 240
-0.999519, 283, 65, 298, 192
-0.99952, 403, 1, 418, 128
-0.99952, 77, 129, 92, 256
-0.999523, 105, 17, 120, 32
-0.999523, 227, 65, 242, 192
-0.999525, 285, 1, 300, 128
-0.999526, 319, 147, 334, 162
-0.999529, 185, 113, 200, 240
-0.999529, 359, 113, 374, 240
-0.999531, 113, 81, 128, 208
-0.999535, 389, 65, 404, 192
-0.999535, 207, 65, 222, 192
-0.999538, 171, 113, 186, 240
-0.999538, 301, 65, 316, 192
-0.999542, 257, 167, 272, 182
-0.999543, 317, 309, 332, 324
-0.999543, 165, 113, 180, 240
-0.999543, 71, 129, 86, 256
-0.999544, 251, 157, 266, 172
-0.999547, 157, 97, 172, 224
-0.999548, 227, 151, 242, 166
-0.999549, 235, 49, 250, 176
-0.999549, 479, 1, 494, 128
-0.999552, 123, 129, 138, 256
-0.999553, 349, 113, 364, 240
-0.999554, 209, 113, 224, 240
-0.999555, 309, 145, 324, 160
-0.999555, 449, 65, 464, 192
-0.999557, 263, 65, 278, 192
-0.999557, 231, 161, 246, 288
-0.999558, 91, 81, 106, 208
-0.999559, 21, 81, 36, 208
-0.99956, 103, 129, 118, 256
-0.99956, 335, 153, 350, 168
-0.999561, 131, 129, 146, 256
-0.999562, 459, 65, 474, 192
-0.999563, 41, 113, 56, 240
-0.999564, 151, 113, 166, 240
-0.99957, 335, 309, 350, 324
-0.999571, 129, 19, 144, 34
-0.999572, 433, 307, 448, 322
-0.999572, 453, 307, 468, 322
-0.999573, 161, 23, 176, 38
-0.99958, 325, 153, 340, 168
-0.999595, 243, 155, 258, 170
-0.999598, 17, 65, 144, 128
-0.999618, 281, 135, 296, 150
-0.999633, 225, 13, 240, 28
-0.999634, 137, 65, 168, 192
-0.999639, 227, 161, 242, 176
-0.99965, 349, 1, 380, 256
-0.999651, 307, 307, 322, 322
-0.999663, 1, 257, 500, 320
-0.99967, 235, 165, 250, 180
-0.999679, 419, 307, 434, 322
-0.999682, 369, 49, 496, 176
-0.999709, 243, 169, 258, 184
-0.99979, 433, 65, 464, 320
-0.999795, 345, 209, 408, 333
-0.999836, 377, 1, 408, 256
-0.999888, 1, 233, 128, 296
-0.999895, 369, 249, 496, 312
-0.99991, 113, 153, 240, 216
-0.999951, 1, 153, 500, 216
-1, 251, 163, 266, 178
-1.00002, 309, 49, 340, 176
-1.00006, 365, 1, 396, 128
-1.00013, 1, 225, 500, 288
-1.00013, 193, 209, 320, 272
-1.00015, 209, 49, 240, 176
-1.00017, 241, 233, 368, 296
-1.0002, 1, 201, 500, 264
-1.00022, 81, 241, 208, 304
-1.00024, 113, 217, 240, 280
-1.00026, 1, 177, 500, 240
-1.00033, 241, 209, 368, 333
-1.00033, 65, 81, 192, 144
-1.00035, 289, 209, 416, 272
-1.00039, 321, 73, 448, 136
-1.00043, 129, 209, 256, 333
-1.00048, 269, 17, 300, 144
-1.00049, 161, 249, 288, 312
-1.0005, 353, 209, 480, 272
-1.00051, 29, 65, 60, 192
-1.0006, 301, 145, 332, 272
-1.00081, 369, 193, 432, 320
-1.00101, 369, 209, 496, 333
-1.00115, 129, 273, 256, 333
-1.00125, 1, 185, 128, 248
-1.00128, 65, 209, 192, 272
-1.00134, 337, 153, 464, 216
-1.00163, 1, 153, 128, 216
-1.0018, 129, 193, 256, 256
-1.00187, 81, 185, 208, 248
-1.00189, 265, 209, 328, 333
-1.00191, 1, 145, 32, 272
-1.00197, 49, 153, 176, 216
-1.00201, 417, 193, 480, 320
-1.00201, 353, 185, 480, 248
-1.00214, 369, 49, 496, 112
-1.00217, 185, 161, 248, 288
-1.00218, 9, 177, 72, 304
-1.0022, 449, 1, 480, 128
-1.00232, 241, 193, 368, 256
-1.00234, 49, 209, 112, 333
-1.00241, 329, 17, 360, 144
-1.00269, 353, 1, 384, 128
-1.00284, 245, 161, 276, 288
-1.00301, 353, 161, 480, 288
-1.00307, 169, 209, 232, 333
-1.00309, 197, 129, 228, 256
-1.00316, 225, 209, 288, 333
-1.00326, 137, 177, 200, 304
-1.00334, 321, 209, 384, 333
-1.00359, 89, 193, 152, 320
-1.00368, 289, 209, 352, 333
-1.00372, 81, 209, 112, 333
-1.004, 345, 209, 376, 333
-1.00408, 393, 193, 456, 320
-1.00427, 193, 209, 256, 333
-1.00427, 441, 193, 472, 320
-1.00433, 29, 193, 60, 320
-1.00437, 405, 209, 436, 333
-1.00453, 345, 161, 408, 288
-1.00455, 377, 17, 408, 144
-1.00456, 1, 49, 32, 176
-1.00459, 289, 145, 320, 272
-1.00465, 65, 209, 96, 333
-1.00468, 257, 177, 288, 304
-1.0048, 209, 145, 240, 272
-1.00486, 417, 209, 448, 333
-1.00497, 341, 1, 372, 128
-1.00499, 357, 193, 388, 320
-1.00507, 13, 177, 44, 304
-1.00508, 277, 209, 308, 333
-1.00514, 113, 193, 176, 320
-1.00518, 213, 193, 244, 320
-1.00523, 189, 193, 220, 320
-1.00532, 385, 193, 416, 320
-1.00542, 369, 193, 400, 320
-1.00553, 141, 177, 172, 304
-1.00557, 469, 161, 500, 288
-1.00566, 93, 209, 124, 333
-1.00569, 53, 193, 84, 320
-1.00749, 161, 161, 224, 288
