1975
-0.456359, 1, 65, 500, 320
-0.500063, 65, 1, 320, 375
-0.504556, 1, 1, 500, 375
-0.569468, 161, 1, 416, 375
-0.571982, 257, 1, 500, 375
-0.60898, 33, 97, 288, 352
-0.718446, 129, 129, 384, 375
-0.740783, 65, 1, 320, 256
-0.757326, 257, 97, 500, 352
-0.766091, 161, 33, 416, 288
-0.767164, 257, 1, 500, 256
-0.86634, 177, 129, 304, 375
-0.871838, 161, 1, 288, 375
-0.882051, 49, 97, 176, 352
-0.884305, 1, 97, 128, 352
-0.887498, 1, 113, 500, 240
-0.893009, 209, 1, 336, 375
-0.89607, 33, 1, 160, 375
-0.898136, 97, 1, 224, 375
-0.898842, 257, 1, 384, 375
-0.900109, 129, 129, 256, 375
-0.900417, 33, 113, 288, 240
-0.904648, 145, 1, 272, 256
-0.90787, 1, 65, 500, 192
-0.908254, 225, 129, 352, 375
-0.912982, 97, 33, 224, 288
-0.913206, 353, 1, 480, 375
-0.914801, 193, 33, 320, 288
-0.915407, 1, 161, 500, 288
-0.918271, 49, 1, 176, 256
-0.923719, 241, 33, 368, 288
-0.925267, 305, 1, 432, 375
-0.930497, 65, 161, 320, 288
-0.932211, 353, 1, 480, 256
-0.933932, 1, 161, 64, 288
-0.93497, 353, 129, 480, 375
-0.935371, 1, 17, 500, 144
-0.935706, 201, 129, 264, 256
-0.936485, 33, 65, 288, 192
-0.936702, 273, 129, 400, 375
-0.940442, 1, 129, 128, 256
-0.941614, 161, 129, 288, 256
-0.944047, 1, 1, 128, 256
-0.945135, 49, 65, 176, 192
-0.946418, 1, 241, 500, 368
-0.949067, 97, 113, 224, 240
-0.949908, 129, 113, 384, 240
-0.952262, 233, 177, 296, 304
-0.953496, 289, 1, 416, 256
-0.954235, 257, 225, 500, 352
-0.954329, 33, 129, 96, 256
-0.954338, 129, 65, 384, 192
-0.954395, 257, 129, 500, 256
-0.955987, 49, 113, 176, 240
-0.956352, 225, 129, 288, 256
-0.957145, 65, 129, 128, 256
-0.958056, 201, 145, 264, 208
-0.958475, 1, 177, 128, 304
-0.961305, 161, 161, 416, 288
-0.963151, 33, 177, 96, 304
-0.963217, 9, 177, 72, 240
-0.963477, 49, 161, 176, 288
-0.963772, 65, 65, 128, 192
-0.964414, 161, 225, 416, 352
-0.964841, 209, 177, 336, 304
-0.965173, 129, 113, 192, 240
-0.965179, 257, 17, 500, 144
-0.965729, 129, 17, 384, 144
-0.965789, 257, 177, 320, 304
-0.966018, 1, 81, 128, 208
-0.967386, 33, 81, 96, 208
-0.967973, 209, 129, 336, 256
-0.968105, 105, 113, 168, 240
-0.968416, 225, 81, 480, 208
-0.968628, 17, 161, 48, 288
-0.969085, 153, 97, 216, 224
-0.969804, 9, 201, 72, 264
-0.96995, 89, 65, 152, 192
-0.970187, 213, 137, 244, 200
-0.970371, 145, 81, 272, 208
-0.970674, 33, 153, 96, 216
-0.970731, 233, 145, 264, 208
-0.970839, 97, 65, 224, 192
-0.97095, 17, 177, 48, 240
-0.971037, 177, 145, 240, 272
-0.971166, 225, 153, 288, 216
-0.971264, 257, 177, 500, 304
-0.971313, 233, 185, 296, 248
-0.971972, 113, 65, 176, 192
-0.97222, 113, 161, 240, 288
-0.972311, 57, 177, 120, 304
-0.972664, 233, 225, 296, 288
-0.97269, 177, 153, 304, 216
-0.972795, 1, 137, 64, 200
-0.97343, 49, 185, 112, 248
-0.973484, 209, 121, 272, 184
-0.973903, 249, 113, 312, 240
-0.974006, 201, 129, 264, 375
-0.974363, 1, 113, 64, 240
-0.97476, 257, 225, 320, 288
-0.97495, 233, 129, 264, 256
-0.97503, 233, 129, 296, 192
-0.975372, 73, 89, 136, 152
-0.975469, 225, 81, 352, 208
-0.975723, 121, 81, 184, 144
-0.97583, 29, 161, 60, 288
-0.975965, 193, 225, 320, 352
-0.976028, 161, 129, 224, 192
-0.976105, 249, 161, 312, 224
-0.976126, 1, 177, 128, 240
-0.977093, 257, 185, 320, 248
-0.977116, 217, 249, 280, 312
-0.977141, 33, 137, 160, 200
-0.977479, 129, 145, 192, 208
-0.977692, 113, 105, 176, 168
-0.977958, 161, 169, 224, 232
-0.977985, 257, 257, 320, 320
-0.977999, 213, 129, 244, 256
-0.978114, 9, 209, 72, 336
-0.97816, 225, 129, 288, 375
-0.978162, 5, 161, 36, 288
-0.978194, 261, 177, 292, 240
-0.978352, 33, 209, 96, 272
-0.978836, 145, 241, 272, 368
-0.978938, 97, 81, 160, 144
-0.979103, 33, 129, 96, 192
-0.979252, 1, 129, 64, 375
-0.979309, 209, 177, 272, 240
-0.979349, 185, 281, 248, 344
-0.979592, 257, 129, 384, 256
-0.979654, 33, 17, 288, 144
-0.979718, 193, 225, 256, 288
-0.979954, 65, 209, 320, 336
-0.979973, 121, 169, 184, 232
-0.980002, 245, 145, 276, 272
-0.980017, 177, 129, 240, 375
-0.980135, 233, 121, 264, 184
-0.980162, 161, 177, 288, 304
-0.980189, 185, 121, 248, 184
-0.980274, 65, 113, 128, 176
-0.980297, 145, 129, 272, 192
-0.980376, 145, 81, 208, 144
-0.98039, 73, 137, 136, 200
-0.980414, 49, 81, 176, 144
-0.980445, 37, 161, 68, 224
-0.980471, 289, 233, 352, 296
-0.980515, 249, 129, 312, 375
-0.98063, 73, 65, 136, 320
-0.980687, 81, 177, 144, 240
-0.980688, 49, 97, 112, 352
-0.980717, 153, 161, 216, 288
-0.980751, 49, 105, 176, 168
-0.981266, 33, 97, 96, 160
-0.981351, 233, 273, 296, 336
-0.981415, 241, 225, 368, 352
-0.981563, 145, 289, 208, 352
-0.98171, 161, 105, 224, 168
-0.981752, 249, 105, 312, 168
-0.981804, 193, 249, 256, 312
-0.981889, 97, 137, 160, 200
-0.982047, 209, 241, 272, 368
-0.982428, 265, 161, 296, 288
-0.982468, 137, 121, 200, 184
-0.982481, 177, 81, 240, 208
-0.982632, 193, 201, 256, 264
-0.982665, 209, 273, 272, 336
-0.982667, 89, 113, 152, 176
-0.982674, 89, 161, 152, 288
-0.982712, 49, 177, 176, 240
-0.982751, 161, 33, 288, 160
-0.982765, 257, 225, 320, 352
-0.983011, 185, 169, 248, 232
-0.983057, 209, 81, 272, 208
-0.983314, 69, 97, 100, 224
-0.983333, 97, 137, 224, 200
-0.983338, 233, 33, 296, 288
-0.983472, 281, 225, 344, 352
-0.983473, 193, 129, 320, 192
-0.983484, 201, 1, 264, 256
-0.983551, 25, 97, 88, 352
-0.983726, 353, 129, 480, 256
-0.983736, 217, 297, 280, 360
-0.983755, 233, 241, 296, 368
-0.983995, 193, 241, 320, 304
-0.983997, 433, 209, 496, 272
-0.984084, 257, 281, 320, 344
-0.984103, 9, 225, 72, 288
-0.98415, 25, 137, 56, 200
-0.984178, 161, 265, 224, 328
-0.984363, 273, 161, 336, 224
-0.984389, 177, 177, 304, 240
-0.984406, 417, 161, 480, 224
-0.98441, 281, 257, 344, 320
-0.984441, 57, 161, 120, 224
-0.984557, 41, 145, 72, 272
-0.984595, 281, 209, 344, 272
-0.984759, 253, 137, 284, 200
-0.984829, 25, 201, 56, 264
-0.984862, 13, 201, 44, 264
-0.984883, 129, 313, 192, 375
-0.984894, 73, 65, 136, 128
-0.984896, 193, 305, 256, 368
-0.985046, 17, 113, 48, 240
-0.985116, 257, 137, 320, 200
-0.985132, 417, 249, 480, 312
-0.985186, 225, 97, 288, 160
-0.985222, 209, 1, 272, 375
-0.985334, 33, 73, 96, 136
-0.985364, 249, 177, 280, 240
-0.985379, 5, 177, 36, 240
-0.985388, 241, 65, 304, 192
-0.985421, 369, 241, 496, 368
-0.985483, 433, 33, 496, 96
-0.985498, 409, 129, 472, 192
-0.985624, 41, 209, 72, 272
-0.985722, 209, 177, 272, 304
-0.985868, 129, 161, 192, 288
-0.985917, 73, 201, 136, 264
-0.98594, 97, 81, 224, 144
-0.98624, 57, 185, 88, 248
-0.98627, 409, 105, 472, 168
-0.986271, 161, 33, 224, 288
-0.986292, 49, 81, 80, 208
-0.986388, 409, 217, 472, 280
-0.986438, 57, 225, 120, 288
-0.986477, 33, 233, 96, 296
-0.986549, 113, 97, 176, 352
-0.98655, 97, 57, 160, 120
-0.986582, 177, 241, 240, 368
-0.986582, 129, 113, 160, 240
-0.986623, 145, 105, 272, 168
-0.986637, 409, 57, 472, 120
-0.986701, 97, 113, 224, 176
-0.986714, 121, 57, 184, 120
-0.986726, 113, 169, 240, 232
-0.986747, 145, 113, 176, 240
-0.986789, 417, 193, 480, 320
-0.986828, 257, 113, 288, 240
-0.986865, 1, 113, 64, 176
-0.986873, 241, 137, 368, 200
-0.986907, 105, 113, 136, 240
-0.986917, 241, 225, 272, 288
-0.986946, 425, 1, 488, 64
-0.986961, 225, 169, 352, 232
-0.987003, 369, 17, 496, 144
-0.987006, 69, 97, 100, 160
-0.987016, 273, 129, 336, 256
-0.987046, 169, 305, 232, 368
-0.98706, 169, 241, 232, 304
-0.987083, 57, 177, 88, 304
-0.987134, 201, 145, 232, 272
-0.98717, 241, 1, 304, 375
-0.98719, 1, 201, 128, 264
-0.987248, 117, 113, 148, 240
-0.987301, 237, 169, 268, 232
-0.987363, 169, 217, 232, 280
-0.987372, 409, 25, 472, 88
-0.987486, 249, 81, 312, 144
-0.987526, 409, 113, 472, 240
-0.987536, 417, 305, 480, 368
-0.987539, 257, 201, 288, 264
-0.987562, 185, 1, 248, 375
-0.987594, 417, 273, 480, 336
-0.987641, 137, 265, 200, 328
-0.987679, 409, 81, 472, 144
-0.987683, 425, 33, 488, 160
-0.987689, 145, 241, 208, 304
-0.987698, 145, 241, 208, 368
-0.987737, 161, 57, 224, 120
-0.987926, 201, 97, 264, 160
-0.987967, 153, 81, 184, 144
-0.988009, 369, 241, 432, 304
-0.98803, 81, 225, 144, 288
-0.988035, 69, 145, 100, 272
-0.988059, 13, 145, 44, 208
-0.988119, 153, 129, 216, 375
-0.988135, 433, 121, 496, 184
-0.988163, 93, 129, 124, 256
-0.98817, 369, 193, 496, 320
-0.988173, 273, 89, 336, 152
-0.988179, 225, 217, 352, 280
-0.988244, 257, 1, 320, 256
-0.98827, 241, 25, 304, 88
-0.988299, 433, 81, 496, 144
-0.988393, 289, 225, 416, 352
-0.988413, 433, 57, 496, 120
-0.988482, 393, 241, 456, 304
-0.988487, 201, 153, 264, 184
-0.988542, 433, 185, 496, 248
-0.988548, 265, 25, 328, 88
-0.988548, 105, 273, 168, 336
-0.988559, 337, 225, 400, 288
-0.988569, 105, 313, 168, 375
-0.988575, 225, 73, 288, 136
-0.988577, 281, 193, 312, 320
-0.988654, 217, 25, 280, 88
-0.988664, 1, 209, 32, 272
-0.988681, 281, 185, 344, 248
-0.988743, 81, 313, 144, 375
-0.988811, 33, 1, 96, 256
-0.988889, 281, 281, 344, 344
-0.988912, 273, 129, 336, 375
-0.988932, 157, 97, 188, 224
-0.988937, 105, 1, 168, 256
-0.988982, 313, 225, 376, 288
-0.989069, 265, 57, 328, 120
-0.989146, 273, 113, 336, 176
-0.989155, 1, 105, 128, 168
-0.989205, 81, 129, 112, 256
-0.989224, 265, 1, 328, 375
-0.989233, 9, 181, 72, 212
-0.989254, 289, 65, 352, 128
-0.989273, 253, 193, 284, 320
-0.989292, 65, 49, 96, 176
-0.989314, 57, 129, 88, 256
-0.989365, 141, 81, 172, 144
-0.989399, 321, 57, 384, 120
-0.989405, 257, 177, 384, 304
-0.989428, 289, 33, 352, 96
-0.989437, 285, 225, 316, 288
-0.989592, 385, 217, 448, 280
-0.989601, 153, 193, 216, 256
-0.989629, 145, 273, 272, 336
-0.98964, 409, 185, 472, 248
-0.989695, 93, 65, 124, 192
-0.98973, 145, 145, 176, 208
-0.989732, 161, 1, 224, 375
-0.989738, 121, 217, 184, 280
-0.989764, 113, 249, 176, 312
-0.989769, 129, 305, 256, 368
-0.989775, 193, 17, 256, 80
-0.989798, 113, 65, 144, 192
-0.989814, 97, 201, 160, 264
-0.989843, 345, 49, 408, 112
-0.989901, 153, 1, 216, 64
-0.989935, 69, 177, 100, 240
-0.989941, 345, 249, 408, 312
-0.989948, 201, 153, 232, 216
-0.989956, 417, 129, 480, 375
-0.989963, 41, 193, 72, 320
-0.989987, 1, 1, 64, 375
-0.990005, 269, 217, 300, 280
-0.990031, 49, 137, 80, 200
-0.990041, 177, 217, 304, 280
-0.990045, 57, 313, 120, 375
-0.990146, 201, 165, 264, 196
-0.99016, 221, 225, 252, 288
-0.990163, 89, 1, 152, 64
-0.990164, 9, 209, 72, 240
-0.990171, 113, 81, 144, 144
-0.990246, 225, 49, 288, 112
-0.990259, 241, 177, 304, 208
-0.990265, 281, 137, 344, 200
-0.990268, 297, 129, 360, 375
-0.99028, 229, 81, 260, 208
-0.9903, 233, 225, 296, 256
-0.990307, 257, 229, 320, 260
-0.990328, 77, 137, 108, 200
-0.990354, 121, 193, 184, 256
-0.990404, 385, 25, 448, 88
-0.990449, 137, 1, 200, 256
-0.990462, 9, 197, 72, 228
-0.99049, 241, 189, 304, 220
-0.990495, 193, 73, 256, 136
-0.990528, 121, 1, 184, 64
-0.99056, 425, 1, 488, 375
-0.990566, 125, 81, 156, 144
-0.990583, 453, 65, 484, 192
-0.990583, 257, 233, 288, 296
-0.990615, 209, 141, 272, 172
-0.990632, 225, 157, 288, 188
-0.990654, 129, 145, 160, 208
-0.990722, 1, 33, 64, 288
-0.990785, 201, 281, 232, 344
-0.990823, 409, 1, 472, 256
-0.990918, 273, 193, 304, 256
-0.990938, 1, 141, 64, 172
-0.990972, 225, 249, 256, 312
-0.990987, 1, 209, 32, 336
-0.991027, 33, 137, 288, 200
-0.99103, 209, 129, 272, 160
-0.991033, 449, 161, 480, 288
-0.991043, 49, 1, 112, 375
-0.991052, 225, 193, 352, 256
-0.991053, 17, 169, 80, 200
-0.991066, 189, 169, 220, 232
-0.991073, 145, 105, 176, 168
-0.99109, 157, 145, 188, 208
-0.991091, 241, 241, 304, 272
-0.991106, 185, 141, 248, 172
-0.991119, 129, 65, 160, 192
-0.991195, 5, 113, 36, 240
-0.991219, 73, 1, 136, 375
-0.991234, 33, 189, 96, 220
-0.991248, 65, 141, 128, 172
-0.991272, 221, 281, 252, 344
-0.99128, 65, 17, 192, 144
-0.991334, 49, 225, 176, 352
-0.991339, 165, 81, 196, 144
-0.99137, 57, 105, 88, 168
-0.991481, 105, 105, 136, 168
-0.991519, 65, 169, 320, 232
-0.991543, 253, 169, 284, 200
-0.991552, 57, 185, 120, 216
-0.991577, 217, 177, 280, 208
-0.991592, 33, 205, 96, 236
-0.991603, 241, 145, 304, 176
-0.991637, 241, 241, 368, 304
-0.991638, 1, 137, 32, 200
-0.991646, 417, 241, 480, 368
-0.991647, 249, 165, 312, 196
-0.991664, 25, 1, 88, 375
-0.99168, 217, 145, 248, 176
-0.991682, 209, 281, 336, 344
-0.991689, 97, 1, 160, 375
-0.991703, 137, 1, 200, 375
-0.991706, 73, 105, 136, 136
-0.991707, 273, 33, 400, 160
-0.991722, 433, 145, 496, 272
-0.991736, 209, 229, 272, 260
-0.991749, 145, 81, 272, 144
-0.991781, 225, 105, 352, 168
-0.991809, 217, 245, 280, 276
-0.991822, 233, 153, 264, 184
-0.991844, 161, 173, 224, 204
-0.991887, 113, 109, 176, 140
-0.991907, 77, 49, 108, 176
-0.991916, 17, 177, 48, 208
-0.991919, 41, 133, 104, 164
-0.99197, 65, 17, 128, 144
-0.991979, 241, 213, 304, 244
-0.992105, 217, 189, 280, 220
-0.992123, 73, 93, 136, 124
-0.992139, 89, 81, 120, 144
-0.992218, 193, 241, 256, 272
-0.992229, 209, 17, 336, 144
-0.992264, 41, 145, 104, 176
-0.992269, 1, 221, 64, 252
-0.992277, 281, 1, 344, 256
-0.992296, 433, 1, 496, 256
-0.992352, 257, 261, 320, 292
-0.992378, 29, 113, 60, 240
-0.992381, 65, 137, 96, 200
-0.992444, 269, 241, 300, 304
-0.992461, 33, 113, 288, 176
-0.992464, 81, 181, 144, 212
-0.992468, 221, 161, 252, 224
-0.992477, 65, 81, 128, 112
-0.99248, 33, 169, 48, 232
-0.992492, 177, 161, 240, 192
-0.992515, 169, 129, 232, 160
-0.992517, 97, 137, 160, 168
-0.992519, 265, 189, 296, 220
-0.992563, 185, 113, 216, 240
-0.992595, 189, 161, 220, 288
-0.992632, 121, 137, 184, 168
-0.992706, 1, 153, 64, 184
-0.99271, 281, 229, 344, 260
-0.992711, 157, 105, 188, 168
-0.992714, 245, 97, 276, 224
-0.992724, 1, 225, 128, 352
-0.992728, 113, 177, 176, 208
-0.992747, 145, 129, 208, 160
-0.992756, 233, 273, 296, 304
-0.992765, 141, 65, 172, 192
-0.992768, 289, 1, 352, 375
-0.992772, 97, 93, 160, 124
-0.992772, 453, 57, 484, 120
-0.99278, 201, 285, 264, 316
-0.992787, 133, 105, 164, 168
-0.992794, 253, 113, 284, 176
-0.99281, 41, 169, 104, 200
-0.992815, 33, 217, 96, 248
-0.992832, 1, 81, 128, 144
-0.992864, 241, 117, 304, 148
-0.992868, 25, 209, 56, 240
-0.992872, 453, 121, 484, 184
-0.992879, 257, 273, 320, 304
-0.992885, 213, 157, 244, 188
-0.992901, 221, 113, 252, 176
-0.992907, 161, 141, 224, 172
-0.992913, 265, 177, 296, 208
-0.992913, 249, 133, 312, 164
-0.992923, 41, 185, 72, 248
-0.992948, 249, 189, 280, 220
-0.993007, 17, 189, 48, 220
-0.993012, 65, 129, 128, 160
-0.99303, 33, 157, 96, 188
-0.993045, 19, 177, 34, 240
-0.993064, 273, 249, 336, 280
-0.993065, 53, 209, 84, 272
-0.993086, 353, 65, 480, 192
-0.993088, 65, 117, 128, 148
-0.993089, 243, 145, 258, 208
-0.993153, 297, 177, 360, 304
-0.993154, 241, 177, 272, 208
-0.993178, 233, 129, 264, 160
-0.993196, 101, 81, 132, 144
-0.993201, 137, 173, 200, 204
-0.993202, 265, 181, 328, 212
-0.993205, 121, 85, 184, 116
-0.993219, 153, 105, 216, 136
-0.99322, 49, 93, 112, 124
-0.993242, 225, 201, 288, 232
-0.993246, 89, 81, 152, 112
-0.993254, 13, 209, 44, 240
-0.993265, 249, 201, 312, 232
-0.993279, 285, 249, 316, 312
-0.99329, 273, 229, 304, 260
-0.99329, 33, 197, 64, 228
-0.99331, 233, 141, 264, 172
-0.993329, 125, 169, 156, 232
-0.993341, 57, 197, 120, 228
-0.993357, 121, 105, 152, 168
-0.993362, 69, 93, 100, 124
-0.993382, 417, 253, 480, 284
-0.993384, 145, 293, 208, 324
-0.993389, 265, 213, 328, 244
-0.993397, 261, 225, 292, 256
-0.9934, 185, 193, 248, 320
-0.993401, 433, 53, 496, 84
-0.993438, 169, 301, 232, 332
-0.99344, 245, 145, 276, 176
-0.993459, 49, 105, 112, 136
-0.993482, 265, 273, 296, 336
-0.993502, 33, 121, 96, 152
-0.99352, 97, 333, 160, 364
-0.993526, 57, 213, 120, 244
-0.993531, 233, 285, 296, 316
-0.993534, 425, 169, 488, 200
-0.993542, 185, 229, 248, 260
-0.993542, 233, 165, 264, 196
-0.993551, 153, 117, 216, 148
-0.993552, 401, 1, 464, 375
-0.993559, 121, 97, 184, 128
-0.993567, 265, 201, 296, 232
-0.993597, 445, 161, 476, 224
-0.993598, 61, 189, 92, 220
-0.993598, 169, 289, 232, 320
-0.993601, 129, 329, 192, 360
-0.99363, 73, 141, 104, 172
-0.993631, 169, 277, 232, 308
-0.993632, 129, 129, 384, 192
-0.993635, 257, 213, 288, 244
-0.993645, 225, 237, 256, 268
-0.99365, 297, 241, 360, 272
-0.993652, 193, 205, 256, 236
-0.993654, 1, 89, 256, 152
-0.993657, 153, 157, 216, 188
-0.993683, 113, 125, 176, 156
-0.993694, 41, 81, 104, 112
-0.993696, 233, 261, 296, 292
-0.993706, 17, 165, 48, 196
-0.993707, 433, 213, 496, 244
-0.993711, 433, 41, 496, 72
-0.993726, 45, 205, 76, 236
-0.993743, 77, 105, 108, 136
-0.993748, 1, 221, 32, 252
-0.993785, 217, 297, 280, 328
-0.993788, 453, 97, 484, 160
-0.9938, 249, 241, 280, 272
-0.993802, 193, 305, 256, 336
-0.993803, 65, 73, 96, 136
-0.993805, 81, 177, 112, 240
-0.993827, 193, 265, 256, 296
-0.993832, 185, 117, 248, 148
-0.993842, 245, 249, 276, 312
-0.993858, 237, 229, 268, 260
-0.993874, 249, 225, 280, 256
-0.993881, 89, 149, 152, 180
-0.993892, 257, 285, 320, 316
-0.993893, 253, 157, 284, 188
-0.993895, 113, 165, 176, 196
-0.993913, 281, 269, 344, 300
-0.993918, 85, 141, 116, 172
-0.993923, 185, 145, 216, 208
-0.993925, 5, 177, 36, 208
-0.993926, 261, 237, 292, 268
-0.993926, 89, 17, 152, 144
-0.993929, 5, 197, 36, 228
-0.993931, 221, 133, 252, 164
-0.993939, 193, 177, 256, 208
-0.993945, 41, 181, 72, 212
-0.99395, 33, 165, 64, 196
-0.99395, 285, 229, 316, 260
-0.993954, 37, 221, 68, 252
-0.993963, 149, 137, 180, 168
-0.993969, 217, 213, 280, 244
-0.993977, 409, 241, 472, 272
-0.993998, 29, 141, 60, 172
-0.994005, 205, 141, 236, 172
-0.994006, 117, 137, 148, 200
-0.994008, 153, 89, 216, 120
-0.99401, 233, 281, 264, 344
-0.994015, 65, 81, 96, 112
-0.994028, 237, 189, 268, 220
-0.994041, 109, 177, 140, 240
-0.99405, 249, 105, 312, 136
-0.994052, 237, 245, 268, 276
-0.994058, 453, 53, 484, 84
-0.994058, 157, 93, 188, 124
-0.994061, 209, 117, 272, 148
-0.994062, 1, 129, 500, 192
-0.994064, 201, 161, 232, 192
-0.994068, 273, 193, 336, 224
-0.994078, 57, 93, 88, 124
-0.994079, 453, 17, 484, 144
-0.994083, 353, 169, 480, 232
-0.994084, 409, 57, 472, 88
-0.994096, 285, 245, 316, 276
-0.994103, 425, 225, 488, 256
-0.994105, 409, 145, 472, 176
-0.994107, 25, 105, 88, 136
-0.994108, 77, 81, 108, 112
-0.994112, 137, 317, 200, 348
-0.994113, 145, 109, 176, 140
-0.994124, 189, 169, 220, 200
-0.994124, 285, 265, 316, 296
-0.994135, 185, 217, 248, 248
-0.994139, 85, 93, 116, 124
-0.99414, 25, 229, 88, 260
-0.994159, 277, 217, 308, 248
-0.99416, 1, 129, 64, 160
-0.994163, 89, 345, 152, 375
-0.994165, 241, 193, 272, 320
-0.994169, 89, 125, 152, 156
-0.994174, 65, 129, 96, 160
-0.994178, 49, 201, 176, 264
-0.994179, 409, 117, 472, 148
-0.994195, 409, 157, 472, 188
-0.994195, 65, 105, 96, 136
-0.994196, 1, 209, 32, 240
-0.994203, 273, 165, 304, 196
-0.994219, 1, 201, 256, 264
-0.994226, 25, 93, 88, 124
-0.994235, 213, 237, 244, 268
-0.994236, 409, 105, 472, 136
-0.994241, 145, 281, 208, 312
-0.994248, 265, 117, 328, 148
-0.994255, 81, 209, 144, 240
-0.994256, 65, 157, 128, 188
-0.994257, 229, 225, 260, 352
-0.994259, 425, 9, 488, 40
-0.994259, 425, 29, 488, 60
-0.994264, 273, 161, 304, 224
-0.994264, 97, 141, 128, 172
-0.994269, 65, 345, 128, 375
-0.994269, 265, 261, 296, 292
-0.994271, 297, 253, 360, 284
-0.994279, 465, 17, 496, 144
-0.994288, 445, 213, 476, 244
-0.994301, 469, 1, 500, 64
-0.994315, 49, 137, 80, 168
-0.994323, 449, 169, 480, 200
-0.994326, 25, 221, 56, 252
-0.994328, 465, 49, 496, 80
-0.994335, 249, 133, 280, 164
-0.99434, 57, 201, 88, 232
-0.994342, 445, 209, 476, 272
-0.994344, 453, 69, 484, 100
-0.994345, 97, 93, 128, 124
-0.994345, 245, 213, 276, 244
-0.994347, 221, 285, 252, 316
-0.994355, 157, 105, 188, 136
-0.99436, 97, 241, 224, 368
-0.994361, 89, 81, 120, 112
-0.994362, 105, 81, 136, 112
-0.994369, 29, 177, 60, 208
-0.994379, 453, 149, 484, 180
-0.994384, 385, 129, 448, 375
-0.994397, 93, 177, 124, 240
-0.994408, 121, 177, 152, 208
-0.994424, 13, 221, 44, 252
-0.994429, 453, 105, 484, 136
-0.994431, 453, 129, 484, 160
-0.994445, 81, 181, 112, 212
-0.994465, 137, 137, 168, 168
-0.994468, 453, 117, 484, 148
-0.99447, 277, 189, 308, 220
-0.994473, 257, 145, 288, 176
-0.994476, 453, 81, 484, 112
-0.994481, 117, 93, 148, 124
-0.994482, 49, 153, 80, 184
-0.994485, 453, 113, 484, 240
-0.994491, 129, 89, 384, 152
-0.994502, 453, 93, 484, 124
-0.994503, 49, 217, 80, 248
-0.994514, 297, 233, 328, 264
-0.994516, 1, 137, 32, 168
-0.994528, 461, 37, 492, 68
-0.994544, 169, 173, 200, 204
-0.994547, 117, 81, 148, 112
-0.994558, 377, 1, 440, 375
-0.994564, 253, 265, 284, 296
-0.994567, 77, 129, 108, 160
-0.994571, 89, 105, 120, 136
-0.994579, 5, 165, 36, 196
-0.99458, 65, 117, 96, 148
-0.994581, 141, 97, 172, 128
-0.994589, 153, 173, 184, 204
-0.994591, 229, 177, 260, 208
-0.994596, 445, 209, 476, 336
-0.994603, 101, 181, 132, 212
-0.994603, 185, 157, 216, 188
-0.994613, 1, 105, 500, 168
-0.994614, 29, 153, 60, 184
-0.994616, 145, 85, 176, 116
-0.994617, 225, 249, 256, 280
-0.994622, 145, 125, 176, 156
-0.994627, 265, 273, 296, 304
-0.994628, 177, 169, 208, 232
-0.994639, 93, 105, 124, 168
-0.994648, 193, 141, 224, 172
-0.994653, 125, 141, 156, 172
-0.994668, 305, 233, 336, 296
-0.994668, 277, 205, 308, 236
-0.994668, 445, 253, 476, 284
-0.994674, 105, 105, 136, 136
-0.994678, 225, 225, 256, 256
-0.994684, 169, 93, 200, 124
-0.994707, 157, 125, 188, 156
-0.994717, 17, 141, 48, 172
-0.994717, 297, 245, 328, 276
-0.994723, 201, 289, 232, 320
-0.994723, 45, 193, 76, 224
-0.994726, 225, 137, 240, 200
-0.994732, 209, 277, 240, 308
-0.994737, 133, 109, 164, 140
-0.99481, 273, 177, 288, 240
-0.994877, 361, 129, 424, 375
-0.994897, 173, 145, 204, 208
-0.994901, 241, 201, 272, 264
-0.994904, 129, 201, 256, 264
-0.994907, 273, 217, 400, 280
-0.994919, 353, 49, 480, 112
-0.994932, 257, 233, 500, 296
-0.994936, 161, 165, 288, 196
-0.994975, 105, 161, 136, 288
-0.995003, 345, 1, 408, 375
-0.995028, 193, 121, 224, 184
-0.99508, 89, 137, 120, 200
-0.995082, 289, 241, 416, 304
-0.995102, 219, 137, 234, 200
-0.995104, 353, 249, 480, 312
-0.995106, 329, 129, 392, 375
-0.99513, 225, 161, 480, 224
-0.995181, 105, 137, 136, 200
-0.995192, 1, 81, 500, 144
-0.995197, 129, 241, 384, 304
-0.995198, 149, 169, 180, 232
-0.995205, 285, 201, 316, 264
-0.995232, 313, 1, 376, 375
-0.995244, 273, 81, 400, 208
-0.995254, 353, 145, 480, 208
-0.995272, 285, 145, 316, 272
-0.995281, 209, 17, 272, 144
-0.995288, 461, 33, 492, 96
-0.995299, 43, 161, 58, 224
-0.995316, 77, 73, 108, 136
-0.995345, 113, 1, 240, 128
-0.995359, 177, 161, 208, 288
-0.995394, 129, 225, 256, 288
-0.995416, 241, 241, 272, 368
-0.99544, 129, 65, 384, 128
-0.995461, 145, 249, 272, 312
-0.995513, 165, 169, 196, 232
-0.995515, 45, 113, 76, 176
-0.99552, 1, 153, 500, 216
-0.995532, 377, 33, 440, 288
-0.995542, 249, 145, 264, 208
-0.995546, 173, 113, 204, 240
-0.995563, 189, 281, 220, 344
-0.995564, 305, 1, 368, 256
-0.995569, 235, 121, 250, 184
-0.995591, 81, 105, 112, 168
-0.995606, 267, 177, 282, 240
-0.99561, 193, 153, 320, 184
-0.995616, 257, 265, 500, 328
-0.995672, 245, 121, 260, 184
-0.995685, 113, 17, 176, 144
-0.995703, 255, 161, 270, 224
-0.995731, 401, 65, 464, 192
-0.995736, 231, 145, 246, 208
-0.995741, 237, 145, 252, 208
-0.995759, 25, 169, 40, 232
-0.995764, 153, 273, 184, 336
-0.995811, 353, 1, 416, 256
-0.995832, 265, 17, 328, 144
-0.995847, 229, 201, 260, 264
-0.995852, 401, 1, 464, 128
-0.99587, 145, 133, 272, 164
-0.995895, 33, 141, 160, 172
-0.995928, 25, 33, 88, 160
-0.995944, 293, 225, 324, 352
-0.995948, 1, 201, 128, 232
-0.995955, 161, 185, 416, 248
-0.995971, 217, 81, 248, 208
-0.995979, 209, 229, 336, 260
-0.996018, 1, 177, 128, 208
-0.996041, 137, 169, 168, 232
-0.996052, 97, 305, 352, 368
-0.996074, 209, 153, 224, 216
-0.99608, 33, 193, 48, 256
-0.996118, 225, 137, 480, 200
-0.996148, 209, 225, 240, 288
-0.996148, 329, 1, 392, 256
-0.996155, 225, 209, 480, 272
-0.996161, 33, 105, 160, 136
-0.996163, 257, 265, 384, 328
-0.996198, 97, 281, 224, 344
-0.996206, 255, 185, 270, 248
-0.996212, 193, 241, 320, 272
-0.996221, 153, 17, 216, 144
-0.996235, 193, 141, 320, 172
-0.996236, 67, 89, 82, 152
-0.996238, 241, 129, 272, 375
-0.996248, 169, 97, 184, 160
-0.996262, 37, 137, 68, 200
-0.996263, 369, 25, 496, 88
-0.996274, 33, 93, 160, 124
-0.996287, 129, 217, 384, 280
-0.996292, 41, 137, 56, 200
-0.996319, 145, 153, 272, 184
-0.996323, 353, 113, 480, 176
-0.996353, 257, 49, 500, 112
-0.996357, 225, 113, 480, 176
-0.996358, 29, 145, 44, 208
-0.996384, 33, 129, 160, 160
-0.996423, 117, 161, 148, 288
-0.996443, 1, 189, 128, 220
-0.996476, 441, 57, 472, 120
-0.996487, 353, 217, 480, 280
-0.996508, 257, 73, 500, 136
-0.99651, 209, 129, 240, 375
-0.996514, 255, 137, 270, 200
-0.996515, 177, 177, 304, 208
-0.996519, 33, 225, 288, 288
-0.99652, 69, 113, 84, 176
-0.996521, 81, 137, 208, 168
-0.996534, 197, 81, 228, 208
-0.996546, 177, 289, 208, 352
-0.996568, 141, 305, 172, 368
-0.9966, 279, 177, 294, 240
-0.996624, 225, 177, 352, 208
-0.996627, 257, 185, 500, 248
-0.996637, 261, 161, 276, 224
-0.996648, 465, 129, 496, 256
-0.996657, 235, 225, 250, 288
-0.996662, 35, 145, 50, 208
-0.996668, 465, 137, 496, 200
-0.996692, 161, 281, 416, 344
-0.996707, 33, 225, 96, 352
-0.996714, 145, 121, 272, 152
-0.996719, 49, 181, 176, 212
-0.996754, 193, 241, 224, 368
-0.996758, 97, 173, 224, 204
-0.996759, 269, 209, 300, 336
-0.996762, 217, 305, 248, 368
-0.996769, 229, 129, 260, 375
-0.996772, 81, 89, 208, 120
-0.996794, 25, 201, 40, 264
-0.996808, 25, 113, 56, 176
-0.996843, 393, 193, 456, 320
-0.996849, 177, 305, 304, 368
-0.996863, 241, 17, 304, 144
-0.996866, 55, 201, 70, 264
-0.996878, 257, 25, 500, 88
-0.996907, 225, 165, 352, 196
-0.996908, 285, 177, 316, 240
-0.996917, 249, 169, 264, 232
-0.996935, 241, 241, 368, 272
-0.996966, 81, 109, 208, 140
-0.996968, 17, 165, 144, 196
-0.996969, 79, 97, 94, 160
-0.996977, 193, 265, 320, 296
-0.996982, 17, 153, 144, 184
-0.996983, 169, 105, 200, 168
-0.996986, 165, 161, 196, 288
-0.99701, 237, 249, 252, 312
-0.997025, 65, 185, 80, 248
-0.997042, 189, 257, 220, 320
-0.997044, 19, 201, 34, 264
-0.997055, 49, 81, 80, 144
-0.997059, 265, 233, 280, 296
-0.99707, 457, 177, 488, 240
-0.997074, 9, 169, 24, 232
-0.997088, 9, 193, 24, 256
-0.997093, 23, 137, 38, 200
-0.9971, 145, 161, 176, 288
-0.997101, 261, 193, 276, 256
-0.997113, 1, 213, 128, 244
-0.997133, 1, 177, 500, 240
-0.997138, 205, 113, 236, 176
-0.997142, 245, 225, 260, 288
-0.997168, 165, 273, 196, 336
-0.997189, 133, 161, 164, 288
-0.997195, 255, 217, 270, 280
-0.997198, 153, 81, 168, 144
-0.997203, 1, 209, 16, 272
-0.997216, 265, 113, 296, 176
-0.997217, 141, 81, 156, 144
-0.997238, 253, 273, 284, 336
-0.997246, 65, 57, 192, 120
-0.997251, 457, 129, 472, 192
-0.997252, 157, 241, 188, 368
-0.997265, 77, 65, 108, 320
-0.997308, 19, 177, 34, 208
-0.997308, 97, 149, 224, 180
-0.997317, 65, 97, 96, 352
-0.997319, 149, 145, 164, 208
-0.997325, 169, 129, 184, 192
-0.997332, 219, 141, 234, 172
-0.997339, 213, 257, 244, 320
-0.997343, 273, 153, 288, 216
-0.997366, 147, 81, 162, 144
-0.997378, 159, 81, 174, 144
-0.997382, 33, 65, 288, 128
-0.997385, 155, 145, 170, 208
-0.997388, 135, 81, 150, 144
-0.997388, 257, 289, 500, 352
-0.997404, 33, 81, 160, 112
-0.997412, 73, 137, 88, 200
-0.997419, 445, 257, 476, 320
-0.997433, 177, 265, 208, 328
-0.997436, 225, 129, 352, 160
-0.997438, 217, 225, 248, 352
-0.997438, 257, 65, 384, 128
-0.997439, 161, 105, 176, 168
-0.997445, 177, 209, 304, 240
-0.997453, 1, 281, 256, 344
-0.997461, 45, 185, 60, 248
-0.997468, 29, 209, 60, 336
-0.997471, 49, 209, 64, 272
-0.997472, 285, 273, 316, 336
-0.997478, 129, 301, 256, 332
-0.997482, 129, 81, 144, 144
-0.997483, 237, 169, 252, 232
-0.997487, 459, 57, 474, 120
-0.99749, 143, 145, 158, 208
-0.997491, 225, 217, 352, 248
-0.997498, 161, 145, 176, 208
-0.997506, 273, 161, 400, 224
-0.997508, 193, 81, 320, 144
-0.997514, 121, 97, 136, 160
-0.997515, 145, 105, 272, 136
-0.997517, 257, 229, 384, 260
-0.99752, 279, 217, 294, 280
-0.997523, 177, 189, 304, 220
-0.997524, 299, 225, 314, 288
-0.997539, 257, 1, 500, 64
-0.997548, 201, 169, 216, 232
-0.997549, 145, 237, 272, 268
-0.99755, 129, 41, 384, 104
-0.997551, 9, 217, 24, 280
-0.99758, 33, 177, 48, 208
-0.997581, 17, 225, 144, 288
-0.997583, 65, 225, 96, 288
-0.997587, 33, 117, 160, 148
-0.997588, 255, 169, 270, 200
-0.997599, 223, 113, 238, 176
-0.997601, 1, 289, 500, 352
-0.997601, 63, 113, 78, 176
-0.997633, 197, 129, 228, 375
-0.997648, 243, 153, 258, 184
-0.997667, 241, 145, 368, 176
-0.997675, 161, 225, 288, 256
-0.997677, 137, 145, 152, 208
-0.997679, 267, 201, 282, 264
-0.997681, 225, 141, 240, 172
-0.997687, 121, 241, 184, 368
-0.997701, 41, 209, 56, 272
-0.99772, 253, 129, 284, 375
-0.997733, 61, 89, 76, 152
-0.997734, 193, 253, 320, 284
-0.997737, 165, 73, 180, 136
-0.997745, 73, 89, 88, 152
-0.99775, 225, 189, 352, 220
-0.997755, 273, 177, 288, 208
-0.997767, 461, 153, 476, 216
-0.997776, 369, 289, 496, 352
-0.997782, 253, 113, 268, 176
-0.997784, 131, 105, 146, 168
-0.997786, 457, 201, 488, 264
-0.997787, 175, 89, 190, 152
-0.997799, 259, 241, 274, 304
-0.997805, 457, 105, 472, 168
-0.997807, 49, 201, 176, 232
-0.997817, 25, 169, 40, 200
-0.99782, 267, 177, 282, 208
-0.997835, 123, 73, 138, 136
-0.997841, 117, 73, 132, 136
-0.997842, 441, 49, 472, 176
-0.997843, 67, 145, 82, 208
-0.997844, 273, 225, 288, 288
-0.997862, 237, 281, 252, 344
-0.997862, 209, 281, 224, 344
-0.99788, 267, 153, 282, 216
-0.997885, 273, 201, 288, 264
-0.997898, 49, 161, 80, 224
-0.997898, 297, 257, 328, 320
-0.9979, 229, 225, 244, 288
-0.9979, 29, 129, 60, 375
-0.997905, 261, 173, 276, 204
-0.997905, 353, 249, 480, 280
-0.997912, 267, 189, 282, 220
-0.997913, 111, 81, 126, 144
-0.997921, 73, 177, 88, 240
-0.997926, 193, 293, 320, 324
-0.997935, 79, 137, 94, 200
-0.99795, 205, 305, 236, 368
-0.997954, 131, 145, 146, 208
-0.997955, 195, 169, 210, 232
-0.997957, 177, 277, 304, 308
-0.997972, 235, 149, 250, 180
-0.997979, 81, 125, 208, 156
-0.997983, 305, 209, 336, 336
-0.997983, 251, 181, 266, 212
-0.997983, 145, 289, 272, 320
-0.997987, 469, 57, 500, 120
-0.997988, 233, 33, 264, 288
-0.997995, 1, 201, 500, 264
-0.998002, 285, 193, 300, 256
-0.998005, 217, 281, 232, 344
-0.998008, 81, 341, 208, 372
-0.998008, 41, 97, 72, 352
-0.998015, 105, 81, 120, 144
-0.99803, 257, 189, 272, 220
-0.998041, 201, 163, 264, 178
-0.998048, 213, 129, 228, 192
-0.998063, 17, 137, 32, 200
-0.998066, 249, 145, 264, 176
-0.998067, 49, 213, 176, 244
-0.998073, 245, 297, 276, 360
-0.998078, 257, 257, 384, 288
-0.998079, 67, 89, 82, 120
-0.998082, 87, 137, 102, 200
-0.998083, 13, 209, 44, 336
-0.998094, 127, 169, 142, 232
-0.998096, 13, 129, 44, 375
-0.998097, 5, 137, 20, 200
-0.998097, 175, 129, 190, 192
-0.9981, 369, 73, 496, 136
-0.998109, 111, 105, 126, 168
-0.998117, 81, 177, 96, 240
-0.998123, 33, 197, 48, 228
-0.998124, 181, 241, 212, 368
-0.998129, 273, 129, 304, 375
-0.998129, 459, 81, 474, 144
-0.99813, 281, 241, 296, 304
-0.998131, 87, 97, 102, 160
-0.998136, 273, 257, 288, 320
-0.998138, 287, 217, 302, 280
-0.998141, 95, 177, 110, 240
-0.998152, 97, 241, 160, 368
-0.998153, 233, 305, 264, 368
-0.998156, 1, 305, 256, 368
-0.998159, 461, 177, 492, 304
-0.998162, 213, 33, 244, 288
-0.998173, 241, 33, 368, 96
-0.99818, 137, 105, 152, 168
-0.998186, 225, 277, 352, 308
-0.998196, 211, 157, 226, 188
-0.998202, 145, 105, 160, 168
-0.998209, 105, 177, 120, 240
-0.99821, 465, 113, 496, 176
-0.998211, 123, 137, 138, 200
-0.998215, 145, 57, 272, 120
-0.998218, 209, 157, 272, 172
-0.998219, 287, 241, 302, 304
-0.998221, 199, 145, 214, 208
-0.998222, 193, 109, 320, 140
-0.998226, 1, 1, 256, 64
-0.998229, 19, 193, 34, 224
-0.99823, 279, 181, 294, 212
-0.998232, 13, 121, 44, 184
-0.998232, 151, 105, 166, 168
-0.998242, 21, 205, 36, 236
-0.998251, 277, 225, 292, 256
-0.998255, 1, 313, 500, 375
-0.998263, 89, 177, 104, 240
-0.998264, 369, 53, 496, 84
-0.998265, 69, 65, 84, 128
-0.998275, 129, 313, 256, 344
-0.998283, 93, 81, 108, 144
-0.998287, 459, 33, 474, 96
-0.998294, 223, 225, 238, 288
-0.9983, 209, 149, 272, 164
-0.998304, 79, 73, 94, 136
-0.998305, 243, 249, 258, 312
-0.998307, 289, 245, 416, 276
-0.998312, 1, 233, 500, 296
-0.998315, 69, 121, 84, 152
-0.998322, 31, 165, 46, 196
-0.998323, 69, 133, 84, 164
-0.998329, 167, 153, 182, 216
-0.998332, 227, 153, 242, 184
-0.998332, 353, 237, 480, 268
-0.998333, 279, 153, 294, 216
-0.998339, 253, 241, 268, 304
-0.998339, 233, 165, 248, 196
-0.998339, 353, 169, 480, 200
-0.998342, 93, 137, 108, 200
-0.998345, 241, 175, 304, 190
-0.998351, 241, 289, 368, 320
-0.998353, 113, 277, 240, 308
-0.998354, 145, 93, 272, 124
-0.998362, 253, 241, 284, 368
-0.998375, 205, 241, 236, 368
-0.998376, 77, 201, 108, 264
-0.998377, 249, 33, 280, 288
-0.99838, 13, 141, 44, 156
-0.99838, 269, 275, 300, 290
-0.99838, 453, 119, 484, 134
-0.99838, 5, 207, 36, 222
-0.99838, 233, 193, 264, 208
-0.998381, 45, 205, 76, 220
-0.998382, 265, 213, 296, 228
-0.998382, 209, 283, 240, 298
-0.998384, 165, 175, 196, 190
-0.998385, 1, 225, 128, 256
-0.998385, 453, 131, 484, 146
-0.998385, 201, 155, 232, 170
-0.998386, 285, 257, 316, 272
-0.998386, 93, 183, 124, 198
-0.998389, 241, 173, 272, 188
-0.99839, 109, 181, 140, 196
-0.998391, 453, 67, 484, 82
-0.998391, 89, 105, 120, 120
-0.998391, 453, 125, 484, 140
-0.998393, 253, 159, 284, 174
-0.998394, 189, 167, 220, 182
-0.998394, 257, 313, 500, 375
-0.998395, 289, 243, 320, 258
-0.998396, 273, 181, 304, 196
-0.998396, 77, 185, 108, 200
-0.998397, 269, 173, 300, 188
-0.998398, 61, 107, 92, 122
-0.998398, 157, 95, 188, 110
-0.998399, 281, 271, 312, 286
-0.998399, 61, 195, 92, 210
-0.9984, 5, 195, 36, 210
-0.998401, 369, 25, 496, 56
-0.998401, 65, 139, 96, 154
-0.998401, 55, 205, 70, 236
-0.998402, 35, 209, 50, 240
-0.998403, 49, 145, 80, 160
-0.998403, 61, 151, 92, 166
-0.998403, 273, 233, 304, 248
-0.998404, 269, 225, 284, 256
-0.998405, 221, 283, 252, 298
-0.998405, 129, 17, 384, 80
-0.998406, 261, 1, 292, 256
-0.998407, 233, 179, 264, 194
-0.998407, 285, 251, 316, 266
-0.998407, 57, 201, 88, 216
-0.998407, 465, 51, 496, 66
-0.998408, 197, 149, 228, 164
-0.998409, 253, 219, 284, 234
-0.998409, 169, 93, 184, 124
-0.99841, 265, 207, 296, 222
-0.998411, 157, 109, 188, 124
-0.998411, 261, 267, 292, 282
-0.998412, 25, 141, 56, 156
-0.998413, 121, 177, 152, 192
-0.998413, 33, 217, 64, 232
-0.998414, 67, 105, 82, 136
-0.998414, 233, 129, 264, 144
-0.998414, 285, 265, 316, 280
-0.998414, 237, 227, 268, 242
-0.998415, 1, 141, 32, 156
-0.998415, 141, 147, 172, 162
-0.998416, 269, 195, 300, 210
-0.998416, 129, 147, 160, 162
-0.998417, 145, 249, 272, 280
-0.998418, 61, 101, 92, 116
-0.998418, 261, 181, 292, 196
-0.998418, 221, 241, 252, 256
-0.998419, 253, 147, 284, 162
-0.998419, 117, 141, 148, 156
-0.99842, 121, 87, 152, 102
-0.998421, 237, 149, 268, 164
-0.998421, 61, 93, 92, 108
-0.998423, 141, 89, 172, 104
-0.998423, 37, 223, 68, 238
-0.998423, 249, 225, 280, 240
-0.998424, 269, 239, 300, 254
-0.998426, 273, 227, 304, 242
-0.998426, 77, 105, 108, 120
-0.998428, 41, 187, 72, 202
-0.998428, 45, 217, 76, 232
-0.998429, 101, 149, 132, 164
-0.998429, 153, 141, 184, 156
-0.99843, 65, 189, 80, 220
-0.998432, 45, 211, 76, 226
-0.998433, 265, 221, 296, 236
-0.998434, 233, 141, 264, 156
-0.998437, 113, 329, 240, 360
-0.998437, 117, 147, 148, 162
-0.998438, 205, 169, 236, 184
-0.99844, 249, 245, 280, 260
-0.998441, 453, 57, 484, 72
-0.998442, 65, 187, 96, 202
-0.998443, 73, 93, 88, 124
-0.998444, 1, 223, 32, 238
-0.998445, 145, 111, 176, 126
-0.998446, 257, 105, 384, 136
-0.998446, 265, 213, 280, 244
-0.998447, 257, 201, 384, 232
-0.998449, 109, 87, 140, 102
-0.998451, 245, 195, 276, 210
-0.998452, 285, 231, 316, 246
-0.998453, 5, 213, 36, 228
-0.998453, 209, 143, 272, 158
-0.998455, 93, 143, 124, 158
-0.998456, 221, 163, 252, 178
-0.998457, 237, 249, 268, 264
-0.998459, 221, 247, 252, 262
-0.99846, 243, 165, 258, 196
-0.998461, 89, 149, 120, 164
-0.998461, 73, 151, 104, 166
-0.998463, 141, 141, 172, 156
-0.998463, 65, 145, 96, 160
-0.998463, 41, 195, 72, 210
-0.998467, 233, 241, 264, 256
-0.998468, 9, 199, 72, 214
-0.998471, 353, 141, 480, 172
-0.998473, 253, 167, 284, 182
-0.998475, 129, 141, 160, 156
-0.998477, 21, 207, 52, 222
-0.998478, 153, 89, 184, 104
-0.99848, 105, 143, 136, 158
-0.998482, 265, 201, 296, 216
-0.998484, 5, 173, 36, 188
-0.998484, 97, 87, 128, 102
-0.998487, 13, 201, 44, 216
-0.998488, 189, 173, 220, 188
-0.99849, 45, 221, 60, 252
-0.99849, 241, 237, 256, 268
-0.99849, 243, 141, 258, 172
-0.998494, 97, 65, 128, 320
-0.998494, 237, 185, 268, 200
-0.998494, 217, 153, 232, 184
-0.998496, 29, 171, 60, 186
-0.998498, 1, 57, 500, 120
-0.998499, 85, 87, 116, 102
-0.998499, 213, 151, 244, 166
-0.9985, 261, 227, 292, 242
-0.9985, 209, 163, 240, 178
-0.998501, 241, 117, 368, 148
-0.998503, 241, 189, 304, 204
-0.998504, 17, 195, 48, 210
-0.998504, 273, 189, 288, 220
-0.998504, 33, 201, 64, 216
-0.998509, 65, 87, 96, 102
-0.998511, 17, 173, 48, 188
-0.998512, 193, 97, 320, 128
-0.998512, 353, 157, 480, 188
-0.998514, 441, 129, 472, 192
-0.998518, 273, 217, 400, 248
-0.998519, 233, 167, 264, 182
-0.998522, 33, 211, 64, 226
-0.998525, 17, 189, 48, 204
-0.998532, 249, 189, 280, 204
-0.998534, 225, 149, 256, 164
-0.998535, 97, 289, 224, 320
-0.998535, 77, 145, 108, 160
-0.998536, 113, 225, 240, 256
-0.998536, 97, 161, 224, 192
-0.998542, 261, 187, 292, 202
-0.998543, 21, 217, 52, 232
-0.998544, 1, 257, 256, 320
-0.998549, 29, 213, 44, 244
-0.998549, 255, 141, 270, 172
-0.998551, 79, 93, 94, 124
-0.998552, 65, 87, 128, 102
-0.998553, 97, 213, 224, 244
-0.998553, 11, 209, 26, 240
-0.998556, 231, 233, 246, 264
-0.998559, 267, 201, 282, 232
-0.99856, 273, 213, 288, 244
-0.998561, 19, 165, 34, 196
-0.998564, 145, 261, 272, 292
-0.998564, 369, 313, 496, 375
-0.998566, 249, 179, 280, 194
-0.998567, 89, 141, 104, 172
-0.998567, 185, 145, 248, 160
-0.998568, 233, 161, 264, 176
-0.998573, 9, 205, 72, 220
-0.998575, 353, 213, 480, 244
-0.998576, 9, 187, 72, 202
-0.998577, 369, 261, 496, 292
-0.998581, 273, 269, 400, 300
-0.998582, 369, 41, 496, 72
-0.998584, 73, 81, 88, 112
-0.998586, 45, 197, 60, 228
-0.998588, 41, 141, 56, 172
-0.998588, 263, 225, 278, 256
-0.998589, 73, 105, 88, 136
-0.99859, 459, 57, 474, 88
-0.99859, 169, 105, 184, 136
-0.998591, 233, 227, 296, 242
-0.998592, 241, 181, 304, 196
-0.998593, 235, 133, 250, 164
-0.998595, 17, 193, 80, 208
-0.998597, 241, 243, 304, 258
-0.998597, 271, 165, 286, 196
-0.998598, 369, 189, 496, 220
-0.998598, 1, 41, 256, 104
-0.998599, 283, 225, 298, 256
-0.998599, 65, 151, 128, 166
-0.998599, 353, 129, 480, 160
-0.998604, 121, 141, 184, 156
-0.99861, 95, 141, 110, 172
-0.998611, 43, 169, 58, 200
-0.998611, 205, 165, 220, 196
-0.998613, 129, 81, 256, 112
-0.998614, 233, 155, 264, 170
-0.998624, 193, 305, 320, 336
-0.998627, 89, 149, 152, 164
-0.998635, 275, 237, 290, 268
-0.998637, 9, 219, 72, 234
-0.998638, 445, 233, 476, 296
-0.998639, 251, 241, 266, 272
-0.998641, 9, 179, 72, 194
-0.998641, 59, 193, 74, 224
-0.998641, 73, 145, 88, 176
-0.998649, 299, 225, 314, 256
-0.998649, 213, 157, 244, 172
-0.998653, 369, 277, 496, 308
-0.998655, 3, 217, 18, 248
-0.998657, 245, 177, 260, 208
-0.998658, 213, 143, 244, 158
-0.998658, 81, 77, 208, 108
-0.998658, 65, 145, 128, 160
-0.998659, 249, 157, 264, 188
-0.998659, 17, 179, 48, 194
-0.99867, 89, 87, 152, 102
-0.998672, 41, 153, 104, 168
-0.998673, 89, 143, 152, 158
-0.998674, 369, 69, 496, 100
-0.998674, 79, 145, 94, 176
-0.998675, 79, 105, 94, 136
-0.998675, 273, 165, 400, 196
-0.998677, 1, 141, 64, 156
-0.998679, 9, 211, 72, 226
-0.998687, 369, 309, 496, 340
-0.998688, 253, 173, 284, 188
-0.998696, 305, 177, 432, 304
-0.9987, 19, 161, 34, 288
-0.9987, 25, 189, 40, 220
-0.998702, 257, 69, 384, 100
-0.998707, 353, 101, 480, 132
-0.998708, 113, 147, 176, 162
-0.998709, 169, 125, 184, 156
-0.998715, 85, 93, 100, 124
-0.998715, 257, 93, 384, 124
-0.998718, 11, 221, 26, 252
-0.998718, 353, 113, 480, 144
-0.998718, 369, 289, 496, 320
-0.998722, 33, 161, 48, 288
-0.998725, 281, 193, 296, 224
-0.998726, 289, 249, 304, 280
-0.998727, 61, 89, 76, 120
-0.998728, 199, 173, 214, 204
-0.998731, 255, 157, 270, 188
-0.998731, 97, 197, 224, 228
-0.998735, 201, 169, 264, 184
-0.998742, 201, 243, 264, 258
-0.998742, 71, 185, 86, 216
-0.998745, 217, 137, 280, 152
-0.998746, 369, 337, 496, 368
-0.998749, 457, 157, 472, 188
-0.998751, 233, 155, 296, 170
-0.998752, 241, 225, 256, 256
-0.998753, 33, 139, 96, 154
-0.998758, 457, 145, 472, 176
-0.998759, 65, 105, 128, 120
-0.998761, 257, 227, 320, 242
-0.998767, 75, 133, 90, 164
-0.998767, 249, 133, 264, 164
-0.998773, 353, 225, 480, 256
-0.998774, 279, 213, 294, 244
-0.998775, 259, 241, 274, 272
-0.998775, 101, 141, 116, 172
-0.998776, 73, 183, 136, 198
-0.998777, 81, 313, 208, 375
-0.998778, 53, 97, 84, 352
-0.998782, 257, 221, 272, 252
-0.998783, 175, 93, 190, 124
-0.998783, 33, 345, 160, 375
-0.998787, 273, 113, 304, 240
-0.998788, 161, 109, 176, 140
-0.998789, 1, 33, 500, 96
-0.998789, 225, 249, 288, 264
-0.998794, 185, 151, 248, 166
-0.998795, 369, 321, 496, 352
-0.998796, 225, 237, 240, 268
-0.998797, 297, 241, 312, 272
-0.998804, 265, 241, 280, 272
-0.998804, 99, 93, 114, 124
-0.998805, 217, 187, 280, 202
-0.998806, 161, 173, 224, 188
-0.998808, 465, 81, 496, 208
-0.998808, 461, 169, 476, 200
-0.998809, 353, 89, 480, 120
-0.998809, 121, 89, 184, 104
-0.998809, 265, 235, 328, 250
-0.998813, 235, 245, 250, 276
-0.998813, 49, 329, 176, 360
-0.998814, 151, 137, 166, 168
-0.998815, 41, 145, 104, 160
-0.998816, 91, 93, 106, 124
-0.998817, 185, 157, 248, 172
-0.99882, 49, 209, 64, 240
-0.998822, 457, 129, 472, 160
-0.998823, 1, 129, 32, 375
-0.998835, 41, 217, 104, 232
-0.998837, 87, 81, 102, 112
-0.998843, 245, 249, 260, 280
-0.998845, 79, 81, 94, 112
-0.998847, 107, 93, 122, 124
-0.998849, 161, 129, 176, 160
-0.998852, 353, 201, 480, 232
-0.998853, 63, 125, 78, 156
-0.998855, 453, 65, 484, 320
-0.998856, 475, 1, 490, 32
-0.998856, 137, 147, 200, 162
-0.998862, 273, 201, 288, 232
-0.998862, 39, 221, 54, 252
-0.998864, 467, 45, 482, 76
-0.998867, 41, 187, 104, 202
-0.998868, 33, 199, 96, 214
-0.99887, 193, 85, 320, 116
-0.99887, 433, 81, 496, 208
-0.998871, 49, 229, 176, 260
-0.998871, 297, 257, 312, 288
-0.998873, 255, 129, 270, 160
-0.998874, 17, 225, 48, 288
-0.998877, 263, 161, 278, 192
-0.998878, 225, 169, 288, 184
-0.99888, 93, 81, 108, 112
-0.998882, 169, 139, 232, 154
-0.998882, 123, 177, 138, 208
-0.998889, 249, 165, 312, 180
-0.998891, 9, 173, 24, 204
-0.998892, 237, 281, 252, 312
-0.998894, 217, 181, 280, 196
-0.998899, 257, 267, 320, 282
-0.998902, 41, 87, 104, 102
-0.998902, 113, 111, 176, 126
-0.998903, 459, 69, 474, 100
-0.998904, 459, 89, 474, 120
-0.998904, 105, 81, 120, 112
-0.998905, 29, 225, 60, 288
-0.998905, 17, 217, 32, 248
-0.998906, 169, 137, 184, 168
-0.998906, 1, 173, 64, 188
-0.998907, 251, 225, 266, 256
-0.99891, 117, 93, 132, 124
-0.998911, 63, 137, 78, 168
-0.998911, 97, 257, 224, 320
-0.998912, 49, 317, 176, 348
-0.998913, 97, 179, 160, 194
-0.998914, 457, 117, 472, 148
-0.998917, 33, 205, 96, 220
-0.998921, 157, 97, 188, 352
-0.998923, 257, 37, 384, 68
-0.998927, 25, 171, 88, 186
-0.99893, 369, 1, 496, 32
-0.998931, 217, 131, 280, 146
-0.998935, 161, 145, 224, 160
-0.998936, 49, 301, 176, 332
-0.998937, 217, 237, 280, 252
-0.998937, 121, 177, 184, 192
-0.998942, 369, 13, 496, 44
-0.998946, 217, 195, 280, 210
-0.998947, 1, 17, 128, 144
-0.998954, 225, 163, 288, 178
-0.998959, 1, 329, 128, 360
-0.998961, 41, 193, 104, 208
-0.998963, 145, 91, 208, 106
-0.998966, 257, 81, 384, 112
-0.998969, 193, 73, 320, 104
-0.998971, 225, 201, 288, 216
-0.99898, 241, 147, 304, 162
-0.998983, 201, 249, 264, 264
-0.998984, 65, 253, 192, 284
-0.998986, 305, 61, 432, 92
-0.998989, 33, 179, 96, 194
-0.998995, 247, 129, 262, 256
-0.998999, 97, 265, 224, 296
-0.999005, 17, 147, 80, 162
-0.999008, 193, 33, 320, 64
-0.999017, 249, 203, 312, 218
-0.999019, 241, 219, 304, 234
-0.999023, 257, 273, 320, 288
-0.999025, 1, 165, 64, 180
-0.999026, 265, 241, 328, 256
-0.999029, 17, 241, 144, 272
-0.999032, 257, 261, 320, 276
-0.999034, 273, 189, 400, 220
-0.999034, 65, 137, 128, 152
-0.999038, 209, 45, 336, 76
-0.999041, 265, 171, 328, 186
-0.999043, 145, 97, 176, 352
-0.999044, 89, 107, 152, 122
-0.999045, 241, 195, 304, 210
-0.999047, 217, 175, 280, 190
-0.999048, 1, 159, 64, 174
-0.999051, 177, 129, 208, 375
-0.999053, 33, 211, 96, 226
-0.999056, 241, 233, 304, 248
-0.999062, 193, 61, 320, 92
-0.999066, 65, 93, 128, 108
-0.999068, 9, 225, 72, 240
-0.99907, 289, 239, 352, 254
-0.999074, 273, 177, 400, 208
-0.999075, 225, 283, 288, 298
-0.999082, 253, 145, 268, 272
-0.999083, 145, 139, 208, 154
-0.999083, 241, 129, 256, 256
-0.999085, 197, 33, 228, 288
-0.999086, 65, 277, 192, 308
-0.999088, 257, 53, 384, 84
-0.999091, 71, 97, 86, 224
-0.999091, 409, 253, 472, 268
-0.999093, 97, 241, 224, 272
-0.999094, 425, 55, 488, 70
-0.999098, 65, 115, 128, 130
-0.999101, 241, 211, 304, 226
-0.999101, 1, 257, 128, 288
-0.999102, 161, 159, 224, 174
-0.999102, 49, 289, 176, 320
-0.999103, 201, 283, 264, 298
-0.999107, 65, 123, 128, 138
-0.999107, 57, 201, 120, 216
-0.999109, 45, 145, 60, 272
-0.99911, 33, 223, 96, 238
-0.99911, 153, 121, 216, 136
-0.999111, 265, 185, 328, 200
-0.999111, 33, 133, 96, 148
-0.999112, 233, 277, 296, 292
-0.999114, 97, 93, 160, 108
-0.999115, 225, 129, 240, 256
-0.999117, 25, 161, 40, 288
-0.999124, 285, 129, 316, 375
-0.999125, 153, 107, 216, 122
-0.999126, 273, 253, 336, 268
-0.999129, 209, 231, 272, 246
-0.999134, 65, 81, 128, 96
-0.999136, 265, 197, 328, 212
-0.999138, 217, 129, 232, 256
-0.999142, 121, 121, 184, 136
-0.999145, 249, 137, 312, 152
-0.999145, 1, 153, 64, 168
-0.999145, 177, 167, 240, 182
-0.999149, 153, 115, 216, 130
-0.999149, 201, 289, 264, 304
-0.99915, 271, 161, 286, 288
-0.999153, 113, 83, 176, 98
-0.999156, 39, 161, 54, 288
-0.999157, 281, 229, 344, 244
-0.999159, 25, 113, 40, 240
-0.999161, 177, 239, 240, 254
-0.999164, 97, 341, 160, 356
-0.999165, 33, 117, 96, 132
-0.99917, 235, 145, 250, 272
-0.999173, 193, 177, 256, 192
-0.99918, 65, 99, 128, 114
-0.99918, 249, 131, 312, 146
-0.999181, 279, 177, 294, 304
-0.999181, 211, 145, 226, 272
-0.999181, 13, 161, 28, 288
-0.999181, 425, 171, 488, 186
-0.999186, 177, 245, 240, 260
-0.999187, 65, 65, 192, 96
-0.999187, 265, 209, 328, 224
-0.99919, 161, 85, 224, 100
-0.999196, 249, 125, 312, 140
-0.9992, 33, 111, 96, 126
-0.9992, 409, 247, 472, 262
-0.999207, 161, 49, 288, 80
-0.999218, 169, 97, 184, 224
-0.999229, 33, 113, 48, 240
-0.999236, 263, 161, 278, 288
-0.999249, 239, 251, 254, 266
-0.999251, 73, 187, 88, 202
-0.999251, 209, 149, 224, 164
-0.999253, 219, 149, 234, 164
-0.999256, 25, 189, 40, 204
-0.999256, 45, 217, 60, 232
-0.999259, 169, 95, 184, 110
-0.99926, 41, 141, 56, 156
-0.99926, 235, 143, 250, 158
-0.999261, 69, 49, 84, 176
-0.999262, 133, 147, 148, 162
-0.999264, 113, 65, 144, 320
-0.999264, 127, 141, 142, 156
-0.999264, 245, 183, 260, 198
-0.999268, 45, 205, 60, 220
-0.999269, 263, 225, 278, 240
-0.999269, 247, 241, 262, 256
-0.999272, 133, 97, 164, 352
-0.999284, 279, 181, 294, 196
-0.999284, 233, 97, 248, 224
-0.999284, 195, 173, 210, 188
-0.999285, 239, 163, 254, 178
-0.999286, 111, 113, 126, 240
-0.999288, 461, 169, 476, 184
-0.999288, 7, 161, 22, 288
-0.999289, 67, 177, 82, 304
-0.999289, 25, 201, 40, 216
-0.99929, 141, 113, 156, 240
-0.999291, 211, 167, 226, 182
-0.999292, 11, 215, 26, 230
-0.999297, 29, 207, 44, 222
-0.999297, 121, 113, 136, 240
-0.999298, 57, 205, 72, 220
-0.999299, 77, 81, 92, 208
-0.999299, 119, 87, 134, 102
-0.999301, 63, 113, 78, 240
-0.999301, 131, 113, 146, 240
-0.999303, 127, 147, 142, 162
-0.999306, 159, 109, 174, 124
-0.999306, 205, 145, 220, 272
-0.99931, 161, 113, 176, 240
-0.999311, 121, 143, 136, 158
-0.999311, 11, 223, 26, 238
-0.999315, 457, 129, 472, 256
-0.999317, 261, 183, 276, 198
-0.999319, 45, 223, 60, 238
-0.999321, 149, 89, 164, 104
-0.999321, 99, 129, 114, 256
-0.999322, 133, 141, 148, 156
-0.999323, 1, 161, 16, 288
-0.999323, 201, 173, 216, 188
-0.999325, 255, 195, 270, 210
-0.999326, 107, 149, 122, 164
-0.999327, 227, 149, 242, 164
-0.99933, 161, 89, 176, 104
-0.99933, 459, 55, 474, 70
-0.999332, 459, 33, 474, 160
-0.999332, 93, 129, 108, 256
-0.999332, 229, 155, 244, 170
-0.999334, 243, 147, 258, 162
-0.999334, 161, 139, 176, 154
-0.999335, 155, 89, 170, 104
-0.999336, 151, 113, 166, 240
-0.99934, 1, 257, 500, 320
-0.999345, 19, 185, 34, 200
-0.999345, 105, 129, 120, 256
-0.999351, 19, 113, 34, 240
-0.999351, 97, 143, 112, 158
-0.999354, 113, 87, 128, 102
-0.999355, 255, 147, 270, 162
-0.999357, 169, 139, 184, 154
-0.999357, 155, 141, 170, 156
-0.999357, 9, 173, 24, 188
-0.999357, 87, 129, 102, 256
-0.999359, 253, 179, 268, 194
-0.999362, 115, 143, 130, 158
-0.999362, 91, 145, 106, 160
-0.999364, 169, 105, 184, 120
-0.999364, 265, 219, 280, 234
-0.999364, 101, 65, 116, 192
-0.999366, 101, 149, 116, 164
-0.999366, 257, 167, 272, 182
-0.999367, 257, 245, 272, 260
-0.999367, 267, 183, 282, 198
-0.999368, 67, 93, 82, 108
-0.999368, 259, 113, 274, 240
-0.999369, 15, 173, 30, 188
-0.999369, 81, 177, 112, 304
-0.99937, 257, 193, 272, 320
-0.999372, 273, 197, 288, 212
-0.999374, 139, 141, 154, 156
-0.999377, 243, 169, 258, 184
-0.999377, 9, 113, 24, 240
-0.999378, 277, 227, 292, 242
-0.999379, 457, 81, 472, 208
-0.999379, 41, 171, 56, 186
-0.99938, 279, 189, 294, 204
-0.999381, 61, 177, 76, 304
-0.999381, 109, 143, 124, 158
-0.999381, 199, 161, 214, 288
-0.999382, 39, 113, 54, 240
-0.999385, 79, 151, 94, 166
-0.999386, 45, 211, 60, 226
-0.999387, 77, 129, 92, 256
-0.999388, 193, 25, 320, 88
-0.999389, 55, 193, 70, 320
-0.999391, 231, 241, 246, 256
-0.999392, 67, 99, 82, 114
-0.999392, 111, 65, 126, 192
-0.999394, 271, 173, 286, 188
-0.999395, 3, 209, 18, 336
-0.999396, 69, 129, 84, 144
-0.999396, 265, 173, 280, 188
-0.999397, 145, 141, 160, 156
-0.999397, 65, 189, 80, 204
-0.999398, 175, 97, 190, 224
-0.999398, 67, 111, 82, 126
-0.999403, 117, 65, 132, 192
-0.999405, 103, 143, 118, 158
-0.999406, 361, 225, 424, 352
-0.999407, 131, 65, 146, 192
-0.999408, 9, 209, 24, 336
-0.999409, 83, 65, 98, 192
-0.999414, 295, 209, 310, 336
-0.999416, 265, 201, 280, 216
-0.999418, 69, 145, 84, 160
-0.999421, 95, 81, 110, 208
-0.999425, 125, 65, 140, 192
-0.999426, 247, 247, 262, 262
-0.999431, 21, 213, 36, 228
-0.999431, 33, 201, 48, 216
-0.999432, 107, 87, 122, 102
-0.999432, 73, 177, 88, 304
-0.999434, 43, 209, 58, 336
-0.999435, 63, 65, 78, 192
-0.999436, 67, 105, 82, 120
-0.999438, 89, 65, 104, 192
-0.999438, 69, 123, 84, 138
-0.999439, 69, 117, 84, 132
-0.999439, 213, 161, 228, 176
-0.99944, 223, 81, 238, 208
-0.999441, 139, 65, 154, 192
-0.999444, 289, 209, 304, 336
-0.999444, 241, 245, 256, 260
-0.999445, 199, 113, 214, 240
-0.999445, 457, 177, 472, 304
-0.999447, 469, 1, 484, 128
-0.999452, 285, 161, 300, 288
-0.999453, 253, 97, 268, 224
-0.999453, 245, 81, 260, 208
-0.999454, 79, 87, 94, 102
-0.999454, 3, 219, 18, 234
-0.999455, 271, 113, 286, 240
-0.999455, 49, 193, 64, 320
-0.999459, 233, 165, 248, 180
-0.999462, 223, 155, 238, 170
-0.999462, 193, 161, 208, 288
-0.999463, 33, 189, 48, 204
-0.999465, 69, 135, 84, 150
-0.999465, 85, 145, 100, 160
-0.999466, 147, 65, 162, 192
-0.999472, 451, 161, 466, 288
-0.999477, 235, 241, 250, 368
-0.999481, 211, 97, 226, 224
-0.999481, 273, 89, 400, 152
-0.999483, 73, 151, 88, 166
-0.999486, 35, 211, 50, 226
-0.999486, 21, 207, 36, 222
-0.999486, 463, 177, 478, 304
-0.999489, 101, 87, 116, 102
-0.999491, 33, 171, 48, 186
-0.999493, 303, 225, 318, 352
-0.999496, 277, 129, 292, 256
-0.9995, 233, 247, 248, 262
-0.999502, 159, 65, 174, 192
-0.999502, 241, 241, 256, 368
-0.999503, 33, 195, 48, 210
-0.999506, 167, 89, 182, 104
-0.999509, 463, 129, 478, 256
-0.999511, 465, 49, 480, 176
-0.999512, 153, 65, 168, 192
-0.999517, 239, 81, 254, 208
-0.999519, 273, 189, 288, 204
-0.999521, 15, 209, 30, 336
-0.999521, 85, 87, 100, 102
-0.999522, 73, 87, 88, 102
-0.999523, 267, 189, 282, 204
-0.999523, 353, 193, 480, 256
-0.999525, 245, 193, 260, 320
-0.999526, 19, 197, 34, 212
-0.999532, 1, 65, 64, 192
-0.999535, 25, 179, 40, 194
-0.999537, 121, 161, 136, 288
-0.999538, 75, 145, 90, 160
-0.999538, 205, 97, 220, 224
-0.99954, 95, 87, 110, 102
-0.999542, 115, 161, 130, 288
-0.999544, 177, 1, 208, 256
-0.999549, 251, 193, 266, 320
-0.999551, 265, 113, 280, 240
-0.999552, 187, 161, 202, 288
-0.999555, 51, 145, 66, 272
-0.999556, 235, 157, 250, 172
-0.999557, 65, 1, 96, 256
-0.999557, 227, 161, 242, 176
-0.999559, 133, 161, 148, 288
-0.99956, 217, 81, 232, 208
-0.999561, 19, 191, 34, 206
-0.999563, 251, 241, 266, 368
-0.999565, 127, 161, 142, 288
-0.999566, 169, 145, 184, 272
-0.999572, 239, 193, 254, 320
-0.99958, 193, 113, 208, 240
-0.99958, 451, 49, 466, 176
-0.999581, 233, 149, 248, 164
-0.999583, 175, 161, 190, 288
-0.999584, 201, 241, 216, 368
-0.999586, 291, 161, 306, 288
-0.999586, 163, 161, 178, 288
-0.999587, 445, 193, 460, 320
-0.999587, 37, 209, 52, 336
-0.999588, 67, 87, 82, 102
-0.999589, 187, 113, 202, 240
-0.999592, 233, 193, 248, 320
-0.999593, 211, 241, 226, 368
-0.999594, 77, 33, 92, 160
-0.999596, 151, 161, 166, 288
-0.999599, 141, 161, 156, 288
-0.9996, 469, 97, 484, 224
-0.999601, 229, 241, 244, 368
-0.999602, 181, 161, 196, 288
-0.999604, 193, 241, 208, 368
-0.999608, 257, 241, 272, 368
-0.999609, 297, 161, 312, 288
-0.999612, 451, 113, 466, 240
-0.999612, 225, 143, 240, 158
-0.999616, 165, 49, 180, 176
-0.999618, 157, 161, 172, 288
-0.999621, 57, 49, 72, 176
-0.999622, 441, 129, 472, 375
-0.999623, 171, 241, 186, 368
-0.999633, 153, 1, 184, 256
-0.99964, 193, 57, 320, 120
-0.999659, 265, 65, 328, 192
-0.999661, 465, 1, 496, 256
-0.999675, 353, 1, 480, 64
-0.999682, 255, 173, 270, 188
-0.999682, 261, 191, 276, 206
-0.999685, 33, 179, 48, 194
-0.999686, 21, 33, 52, 288
-0.99971, 251, 185, 266, 200
-0.999713, 27, 173, 42, 188
-0.999733, 273, 183, 288, 198
-0.999737, 21, 173, 36, 188
-0.999742, 441, 97, 472, 224
-0.999748, 1, 57, 128, 120
-0.999749, 19, 179, 34, 194
-0.999754, 245, 153, 260, 168
-0.999766, 45, 1, 76, 256
-0.99977, 17, 305, 144, 368
-0.999774, 165, 1, 196, 256
-0.99978, 289, 17, 352, 144
-0.999783, 433, 193, 464, 320
-0.999795, 305, 57, 432, 120
-0.999817, 217, 155, 232, 170
-0.999827, 441, 33, 472, 288
-0.999846, 273, 33, 304, 288
-0.99985, 49, 281, 176, 344
-0.999851, 129, 1, 160, 256
-0.999878, 141, 1, 172, 256
-0.999881, 219, 143, 234, 158
-0.999891, 285, 33, 316, 288
-0.999918, 1, 9, 500, 72
-0.999946, 5, 33, 36, 288
-0.999996, 301, 129, 332, 375
-1.00027, 169, 241, 200, 368
-1.00028, 65, 225, 192, 288
-1.0003, 305, 225, 368, 352
-1.00032, 429, 1, 460, 256
-1.00037, 465, 97, 496, 352
-1.00045, 49, 257, 176, 320
-1.00052, 109, 17, 140, 144
-1.00068, 93, 177, 124, 304
-1.00072, 321, 25, 448, 88
-1.00073, 93, 17, 124, 144
-1.00085, 421, 129, 452, 375
-1.00088, 301, 1, 332, 256
-1.00092, 313, 129, 344, 375
-1.00095, 241, 17, 272, 144
-1.00096, 281, 241, 312, 368
-1.001, 257, 289, 384, 352
-1.00102, 409, 129, 440, 375
-1.00102, 321, 1, 448, 128
-1.00103, 385, 241, 448, 368
-1.00104, 433, 1, 464, 128
-1.00108, 337, 129, 368, 375
-1.0011, 385, 129, 416, 375
-1.0011, 365, 129, 396, 375
-1.0011, 397, 129, 428, 375
-1.00113, 325, 129, 356, 375
-1.00113, 349, 129, 380, 375
-1.00118, 33, 1, 64, 256
-1.00118, 329, 1, 360, 256
-1.00119, 341, 1, 372, 256
-1.0012, 81, 1, 208, 64
-1.0012, 413, 1, 444, 256
-1.00121, 317, 1, 348, 256
-1.00124, 129, 17, 160, 144
-1.00125, 153, 49, 184, 176
-1.00125, 273, 193, 400, 256
-1.00127, 361, 1, 392, 256
-1.00127, 377, 1, 440, 128
-1.00129, 389, 1, 420, 256
-1.00134, 177, 33, 240, 160
-1.00135, 1, 249, 128, 312
-1.00136, 401, 33, 432, 288
-1.00141, 377, 1, 408, 256
-1.00142, 41, 33, 72, 160
-1.00152, 33, 1, 160, 64
-1.00163, 273, 9, 400, 72
-1.00168, 57, 225, 120, 352
-1.00178, 145, 17, 272, 80
-1.00183, 433, 145, 464, 272
-1.00185, 269, 17, 300, 144
-1.00194, 1, 1, 64, 128
-1.002, 177, 33, 208, 160
-1.00202, 205, 193, 236, 320
-1.00209, 337, 193, 400, 320
-1.00216, 213, 17, 244, 144
-1.0022, 145, 241, 176, 368
-1.00221, 273, 113, 400, 176
-1.00229, 253, 49, 284, 176
-1.00229, 193, 1, 320, 64
-1.00246, 313, 17, 376, 144
-1.00264, 273, 65, 304, 192
-1.00265, 289, 65, 352, 192
-1.00266, 285, 97, 316, 224
-1.00292, 305, 305, 432, 368
-1.00293, 385, 225, 416, 352
-1.00304, 281, 17, 312, 144
-1.00306, 289, 137, 416, 200
-1.00307, 1, 273, 128, 336
-1.00314, 397, 225, 428, 352
-1.0032, 33, 33, 160, 96
-1.00321, 217, 177, 248, 304
-1.00323, 165, 49, 196, 176
-1.00341, 57, 225, 88, 352
-1.00344, 229, 1, 260, 128
-1.00345, 81, 25, 208, 88
-1.00346, 293, 17, 324, 144
-1.00348, 197, 1, 228, 128
-1.00354, 305, 161, 336, 288
-1.00361, 337, 17, 400, 144
-1.00366, 69, 193, 100, 320
-1.00376, 125, 241, 156, 368
-1.00382, 465, 241, 496, 368
-1.00417, 225, 313, 352, 375
-1.00422, 369, 49, 432, 176
-1.00425, 433, 241, 464, 368
-1.00427, 229, 177, 260, 304
-1.00428, 157, 1, 188, 128
-1.00429, 305, 265, 432, 328
-1.0044, 317, 17, 348, 144
-1.00445, 141, 17, 172, 144
-1.00446, 421, 161, 452, 288
-1.00452, 297, 129, 360, 256
-1.00453, 1, 1, 32, 128
-1.00454, 305, 17, 336, 144
-1.00455, 257, 1, 288, 128
-1.00458, 321, 81, 448, 144
-1.00473, 5, 65, 36, 192
-1.00485, 77, 1, 108, 128
-1.00505, 373, 177, 404, 304
-1.00506, 333, 225, 364, 352
-1.00511, 421, 209, 452, 336
-1.0054, 405, 177, 436, 304
-1.00561, 321, 145, 384, 272
-1.0057, 353, 145, 416, 272
-1.00571, 17, 1, 48, 128
-1.00571, 417, 1, 448, 128
-1.00571, 365, 225, 396, 352
-1.00595, 385, 1, 416, 128
-1.00606, 53, 17, 84, 144
-1.00606, 321, 225, 352, 352
-1.00626, 385, 145, 448, 272
-1.00697, 313, 65, 376, 192
-1.00726, 337, 241, 400, 368
-1.00731, 305, 129, 432, 256
-1.00787, 345, 65, 408, 192
-1.00838, 369, 97, 432, 224
