1882
-0.336397, 1, 1, 500, 333
-0.441458, 1, 33, 500, 288
-0.44373, 225, 1, 480, 333
-0.49205, 129, 1, 384, 333
-0.535644, 129, 1, 384, 256
-0.536423, 1, 1, 256, 333
-0.610706, 1, 1, 256, 256
-0.654535, 225, 1, 480, 256
-0.841636, 97, 1, 224, 256
-0.847107, 289, 1, 416, 256
-0.848744, 225, 1, 352, 256
-0.849291, 273, 1, 400, 333
-0.853327, 1, 145, 500, 272
-0.859945, 337, 1, 464, 256
-0.86154, 113, 1, 240, 333
-0.863458, 225, 1, 352, 333
-0.8656, 145, 33, 272, 288
-0.872538, 321, 1, 448, 333
-0.874453, 17, 65, 144, 320
-0.880792, 161, 1, 288, 333
-0.885293, 369, 1, 496, 333
-0.893034, 49, 1, 176, 333
-0.895824, 1, 209, 500, 333
-0.902339, 1, 1, 128, 333
-0.903768, 97, 161, 352, 288
-0.910472, 1, 97, 500, 224
-0.912188, 97, 113, 352, 240
-0.913376, 1, 1, 500, 128
-0.917172, 193, 161, 448, 288
-0.920342, 1, 113, 256, 240
-0.929773, 97, 209, 352, 333
-0.930295, 1, 49, 500, 176
-0.932839, 129, 145, 256, 272
-0.933828, 81, 161, 208, 288
-0.934269, 129, 1, 384, 128
-0.937234, 225, 161, 352, 288
-0.937631, 193, 113, 448, 240
-0.938558, 97, 49, 352, 176
-0.938839, 121, 97, 184, 224
-0.939376, 225, 17, 480, 144
-0.939429, 137, 145, 200, 272
-0.939578, 113, 209, 240, 333
-0.94033, 105, 161, 168, 288
-0.941023, 1, 1, 256, 128
-0.941423, 113, 209, 176, 333
-0.942699, 225, 209, 480, 333
-0.943261, 81, 113, 208, 240
-0.943366, 289, 129, 416, 256
-0.945169, 1, 65, 256, 192
-0.945871, 177, 161, 304, 288
-0.947183, 297, 1, 360, 128
-0.947437, 1, 161, 256, 288
-0.947856, 217, 161, 280, 288
-0.948167, 353, 1, 480, 128
-0.94818, 345, 145, 408, 272
-0.9491, 193, 209, 320, 333
-0.949616, 1, 209, 256, 333
-0.949816, 225, 1, 352, 128
-0.950094, 257, 161, 320, 288
-0.950395, 33, 65, 160, 192
-0.950833, 273, 17, 400, 144
-0.950986, 273, 177, 400, 304
-0.951756, 305, 145, 368, 272
-0.951893, 161, 129, 224, 256
-0.952188, 265, 1, 328, 128
-0.952514, 129, 145, 192, 208
-0.952968, 145, 1, 272, 128
-0.953533, 137, 49, 200, 176
-0.953566, 121, 121, 184, 184
-0.953699, 185, 129, 248, 256
-0.953899, 89, 209, 152, 333
-0.953994, 281, 177, 344, 304
-0.954152, 321, 17, 384, 144
-0.954227, 129, 81, 256, 208
-0.954369, 113, 217, 176, 280
-0.954448, 353, 97, 480, 224
-0.954975, 241, 113, 368, 240
-0.955513, 177, 113, 304, 240
-0.956571, 65, 209, 192, 333
-0.957024, 137, 169, 200, 232
-0.957227, 257, 65, 500, 192
-0.957234, 97, 113, 160, 240
-0.957828, 377, 97, 440, 224
-0.957894, 1, 1, 128, 128
-0.958127, 209, 209, 272, 333
-0.95904, 345, 97, 408, 224
-0.959108, 65, 1, 192, 128
-0.959597, 169, 177, 232, 304
-0.959666, 105, 153, 168, 216
-0.959759, 1, 17, 64, 144
-0.960029, 369, 161, 432, 288
-0.960118, 321, 193, 448, 320
-0.960639, 329, 209, 392, 272
-0.960851, 321, 193, 384, 320
-0.961075, 345, 17, 408, 144
-0.961109, 137, 209, 200, 333
-0.96142, 361, 121, 424, 184
-0.961539, 121, 97, 184, 160
-0.961669, 233, 209, 296, 333
-0.9618, 329, 129, 392, 192
-0.962097, 129, 1, 192, 128
-0.962404, 409, 17, 472, 144
-0.962462, 257, 217, 320, 280
-0.962478, 169, 177, 232, 240
-0.962659, 337, 145, 464, 272
-0.962679, 233, 113, 296, 240
-0.962848, 321, 9, 384, 72
-0.963071, 41, 57, 104, 120
-0.963109, 305, 217, 368, 280
-0.963636, 137, 233, 200, 296
-0.96432, 97, 193, 160, 256
-0.964511, 289, 1, 352, 64
-0.964569, 17, 145, 144, 272
-0.96473, 161, 81, 224, 208
-0.96473, 25, 1, 88, 128
-0.964791, 153, 137, 216, 200
-0.964826, 321, 65, 384, 192
-0.96518, 209, 177, 272, 240
-0.965236, 81, 65, 208, 192
-0.965266, 209, 113, 272, 240
-0.965374, 153, 41, 216, 104
-0.96544, 353, 1, 416, 64
-0.965445, 161, 1, 224, 128
-0.96564, 257, 113, 320, 240
-0.965703, 17, 193, 144, 320
-0.965852, 305, 81, 432, 208
-0.966052, 337, 73, 400, 136
-0.966313, 1, 113, 64, 240
-0.966566, 281, 113, 344, 240
-0.966667, 353, 161, 416, 224
-0.966761, 209, 201, 272, 264
-0.966928, 89, 241, 152, 304
-0.967073, 385, 1, 448, 128
-0.967122, 89, 1, 152, 128
-0.967156, 73, 81, 136, 208
-0.967289, 241, 1, 304, 128
-0.96731, 281, 25, 344, 88
-0.967348, 233, 201, 296, 264
-0.967844, 17, 17, 80, 80
-0.967991, 105, 265, 168, 328
-0.968154, 137, 65, 200, 128
-0.968161, 9, 41, 72, 104
-0.968174, 113, 169, 240, 232
-0.968358, 89, 65, 152, 128
-0.968462, 393, 1, 456, 64
-0.968462, 65, 65, 128, 128
-0.968471, 177, 41, 240, 104
-0.968584, 137, 17, 200, 80
-0.968911, 105, 41, 168, 104
-0.969143, 353, 97, 416, 160
-0.969149, 265, 177, 328, 240
-0.969815, 177, 145, 240, 208
-0.969986, 161, 65, 224, 320
-0.970069, 225, 25, 288, 88
-0.97032, 153, 201, 216, 264
-0.970383, 353, 209, 416, 333
-0.970428, 433, 17, 496, 144
-0.970448, 281, 217, 344, 280
-0.970586, 25, 65, 88, 192
-0.970599, 401, 65, 464, 192
-0.970607, 377, 209, 440, 333
-0.970671, 129, 41, 192, 104
-0.97074, 393, 97, 456, 160
-0.970743, 81, 33, 144, 96
-0.97091, 417, 1, 480, 64
-0.971115, 121, 137, 152, 200
-0.971164, 133, 217, 164, 280
-0.971189, 353, 193, 416, 256
-0.971245, 133, 105, 164, 168
-0.971355, 1, 113, 64, 176
-0.971581, 257, 25, 320, 88
-0.971709, 97, 129, 224, 192
-0.971732, 345, 233, 408, 296
-0.971776, 149, 121, 180, 184
-0.971924, 113, 49, 176, 176
-0.97198, 353, 49, 480, 176
-0.972064, 297, 1, 360, 256
-0.972093, 161, 81, 224, 144
-0.972199, 145, 113, 208, 176
-0.972294, 385, 65, 448, 128
-0.972447, 313, 177, 376, 240
-0.972526, 241, 177, 304, 240
-0.972526, 425, 25, 488, 88
-0.97256, 329, 97, 392, 160
-0.972642, 193, 1, 256, 64
-0.972764, 409, 65, 472, 128
-0.972846, 9, 145, 72, 208
-0.972874, 177, 201, 240, 264
-0.97292, 193, 1, 256, 128
-0.973307, 81, 217, 144, 280
-0.973398, 129, 113, 160, 240
-0.973413, 305, 129, 432, 192
-0.973464, 257, 217, 384, 280
-0.973863, 305, 41, 368, 104
-0.97389, 137, 145, 168, 208
-0.973963, 49, 33, 112, 160
-0.973991, 81, 89, 144, 152
-0.974188, 213, 209, 244, 272
-0.974241, 137, 1, 200, 256
-0.974277, 297, 153, 360, 216
-0.974394, 157, 145, 188, 208
-0.974399, 345, 25, 408, 88
-0.974442, 305, 161, 432, 224
-0.97451, 125, 161, 156, 288
-0.974697, 113, 241, 176, 304
-0.974757, 305, 129, 368, 192
-0.974839, 337, 1, 400, 256
-0.974885, 65, 209, 128, 333
-0.97499, 145, 129, 272, 192
-0.975008, 209, 209, 336, 272
-0.975055, 97, 129, 160, 192
-0.975088, 33, 1, 64, 128
-0.975099, 113, 65, 176, 128
-0.975111, 113, 233, 240, 296
-0.975146, 345, 201, 376, 264
-0.975205, 145, 145, 176, 272
-0.975344, 297, 81, 360, 144
-0.975488, 201, 41, 264, 104
-0.975566, 169, 129, 200, 192
-0.975667, 297, 241, 360, 304
-0.975823, 113, 65, 176, 320
-0.976077, 345, 129, 376, 192
-0.976197, 257, 209, 320, 333
-0.97623, 377, 49, 440, 176
-0.976558, 73, 145, 136, 272
-0.976568, 121, 177, 152, 240
-0.976681, 9, 1, 72, 256
-0.976692, 257, 177, 384, 240
-0.976734, 289, 177, 352, 240
-0.976799, 401, 113, 464, 240
-0.976841, 225, 145, 288, 208
-0.976856, 265, 1, 328, 64
-0.976881, 177, 65, 304, 192
-0.976906, 81, 193, 208, 256
-0.976921, 257, 65, 384, 192
-0.976957, 257, 161, 288, 288
-0.977013, 129, 193, 192, 256
-0.977045, 281, 161, 312, 288
-0.977076, 169, 105, 232, 168
-0.97721, 109, 193, 140, 320
-0.977349, 237, 161, 268, 288
-0.977413, 117, 217, 148, 280
-0.97754, 353, 89, 480, 152
-0.977569, 169, 241, 232, 304
-0.977665, 225, 177, 256, 240
-0.977677, 29, 25, 60, 88
-0.977684, 285, 217, 316, 280
-0.977751, 201, 129, 264, 192
-0.977786, 49, 129, 176, 192
-0.977848, 297, 1, 328, 128
-0.97786, 369, 1, 496, 64
-0.977972, 113, 105, 240, 168
-0.977986, 161, 177, 288, 240
-0.978062, 145, 81, 176, 208
-0.97809, 377, 201, 440, 264
-0.978112, 385, 129, 448, 192
-0.978121, 113, 17, 176, 80
-0.978164, 97, 17, 224, 80
-0.978211, 185, 65, 248, 320
-0.978243, 273, 129, 336, 192
-0.978376, 157, 129, 188, 256
-0.9784, 233, 225, 296, 288
-0.978479, 321, 153, 384, 216
-0.978499, 161, 209, 288, 272
-0.978504, 137, 193, 168, 320
-0.978519, 33, 113, 96, 240
-0.97858, 49, 217, 176, 280
-0.978614, 185, 81, 248, 208
-0.978667, 369, 193, 496, 320
-0.978688, 185, 33, 216, 96
-0.978689, 161, 41, 288, 104
-0.978831, 209, 177, 336, 240
-0.979019, 145, 81, 272, 144
-0.979106, 41, 1, 104, 64
-0.979194, 193, 81, 256, 144
-0.979232, 241, 49, 304, 112
-0.979279, 241, 201, 272, 264
-0.97933, 265, 1, 328, 256
-0.979342, 81, 41, 208, 104
-0.97936, 153, 169, 184, 232
-0.979378, 261, 217, 292, 280
-0.979439, 369, 1, 432, 256
-0.979625, 369, 121, 400, 184
-0.979694, 1, 65, 64, 192
-0.979709, 201, 153, 264, 216
-0.979752, 289, 49, 352, 176
-0.979853, 373, 145, 404, 272
-0.979864, 225, 153, 352, 216
-0.979874, 361, 201, 392, 264
-0.97991, 273, 241, 336, 304
-0.979912, 121, 209, 152, 333
-0.979946, 325, 1, 356, 128
-0.98002, 401, 25, 464, 88
-0.980092, 33, 1, 160, 64
-0.980112, 1, 113, 32, 176
-0.980151, 217, 161, 248, 288
-0.980165, 301, 1, 332, 64
-0.980201, 81, 65, 208, 128
-0.980347, 305, 81, 432, 144
-0.98036, 89, 1, 152, 256
-0.980362, 417, 89, 480, 152
-0.980394, 205, 161, 236, 288
-0.980399, 265, 153, 328, 216
-0.980413, 401, 209, 464, 333
-0.98043, 225, 209, 256, 333
-0.980466, 1, 49, 128, 112
-0.980537, 273, 217, 304, 280
-0.980705, 257, 129, 384, 192
-0.980782, 153, 41, 184, 104
-0.980789, 173, 169, 204, 232
-0.980839, 341, 65, 372, 192
-0.980911, 217, 1, 280, 128
-0.980948, 73, 193, 136, 256
-0.981006, 349, 161, 380, 288
-0.981019, 245, 209, 276, 333
-0.981054, 381, 105, 412, 168
-0.981057, 169, 161, 200, 288
-0.98106, 117, 113, 148, 240
-0.981076, 381, 97, 412, 224
-0.981119, 17, 161, 80, 288
-0.981121, 25, 121, 88, 184
-0.981153, 105, 201, 136, 264
-0.98122, 141, 33, 172, 160
-0.981253, 377, 1, 408, 64
-0.98128, 149, 233, 180, 296
-0.981352, 397, 1, 428, 64
-0.981366, 365, 145, 396, 208
-0.981381, 33, 73, 160, 136
-0.981413, 233, 81, 296, 144
-0.981497, 353, 169, 384, 232
-0.981497, 41, 25, 104, 88
-0.981554, 369, 225, 432, 288
-0.981576, 329, 1, 392, 333
-0.981595, 233, 1, 296, 64
-0.981615, 65, 97, 192, 160
-0.981622, 133, 81, 164, 144
-0.981642, 169, 1, 232, 64
-0.981754, 189, 113, 220, 240
-0.981818, 89, 1, 152, 64
-0.981851, 181, 129, 212, 192
-0.981883, 197, 25, 228, 88
-0.981895, 21, 1, 52, 128
-0.981896, 193, 241, 256, 304
-0.981915, 337, 145, 368, 272
-0.982018, 157, 17, 188, 144
-0.982025, 345, 1, 376, 128
-0.982034, 129, 265, 192, 328
-0.982036, 321, 1, 448, 64
-0.982088, 201, 177, 232, 240
-0.982131, 41, 81, 104, 144
-0.982179, 273, 81, 336, 144
-0.982248, 97, 209, 128, 333
-0.982279, 209, 1, 336, 64
-0.982301, 265, 49, 328, 112
-0.982305, 141, 41, 172, 104
-0.98232, 249, 129, 312, 192
-0.98238, 305, 1, 368, 333
-0.982384, 33, 1, 96, 256
-0.982467, 121, 33, 152, 96
-0.982516, 305, 201, 432, 264
-0.98258, 73, 273, 136, 333
-0.982707, 297, 217, 328, 280
-0.982838, 113, 1, 176, 333
-0.982841, 121, 113, 152, 176
-0.982864, 437, 17, 468, 144
-0.982869, 321, 241, 384, 304
-0.982887, 197, 201, 228, 264
-0.982897, 353, 121, 480, 184
-0.982944, 409, 1, 472, 256
-0.982977, 285, 1, 316, 128
-0.982982, 117, 249, 148, 312
-0.983005, 345, 65, 376, 128
-0.983023, 257, 17, 384, 80
-0.983046, 257, 185, 288, 248
-0.983071, 33, 25, 160, 88
-0.983127, 333, 217, 364, 280
-0.983201, 361, 73, 424, 136
-0.983208, 145, 9, 272, 72
-0.983266, 145, 97, 176, 160
-0.983305, 161, 105, 192, 168
-0.983334, 257, 81, 384, 144
-0.983355, 193, 105, 256, 168
-0.983378, 269, 161, 300, 288
-0.983387, 241, 65, 304, 320
-0.983397, 297, 161, 328, 288
-0.983424, 421, 17, 452, 144
-0.98349, 381, 161, 412, 224
-0.983502, 281, 1, 344, 333
-0.983563, 253, 113, 284, 240
-0.983575, 361, 145, 392, 272
-0.983588, 257, 209, 288, 333
-0.983659, 209, 25, 336, 88
-0.983661, 425, 65, 488, 192
-0.983663, 193, 177, 224, 304
-0.983763, 81, 153, 144, 216
-0.983791, 377, 161, 440, 224
-0.983852, 357, 1, 388, 128
-0.983859, 161, 105, 288, 168
-0.983861, 177, 153, 304, 216
-0.983893, 369, 97, 400, 224
-0.983894, 193, 129, 320, 192
-0.983915, 117, 273, 148, 333
-0.983963, 33, 185, 160, 248
-0.983983, 1, 81, 64, 144
-0.984084, 297, 113, 328, 240
-0.98415, 349, 1, 380, 64
-0.984164, 37, 1, 68, 64
-0.984187, 249, 25, 280, 88
-0.984274, 97, 257, 224, 320
-0.984404, 141, 169, 172, 232
-0.984448, 245, 177, 276, 240
-0.984459, 309, 161, 340, 288
-0.984538, 381, 137, 412, 200
-0.98454, 173, 41, 204, 104
-0.984586, 33, 153, 160, 216
-0.984586, 81, 73, 112, 136
-0.984598, 273, 185, 304, 248
-0.984648, 177, 233, 304, 296
-0.984685, 309, 1, 340, 128
-0.984688, 289, 177, 320, 240
-0.984766, 289, 25, 320, 88
-0.984794, 229, 201, 260, 264
-0.984811, 17, 97, 144, 160
-0.984887, 305, 105, 368, 168
-0.984901, 305, 233, 432, 296
-0.984903, 181, 161, 212, 288
-0.984953, 65, 241, 128, 304
-0.985074, 269, 113, 300, 240
-0.985079, 285, 113, 316, 240
-0.9851, 25, 129, 56, 256
-0.985133, 25, 113, 56, 176
-0.985152, 17, 145, 48, 208
-0.985161, 413, 217, 444, 280
-0.985187, 141, 17, 172, 80
-0.985256, 9, 33, 40, 96
-0.985267, 109, 177, 140, 240
-0.985293, 101, 257, 132, 320
-0.985301, 257, 49, 320, 176
-0.985307, 453, 1, 484, 128
-0.985321, 213, 209, 244, 333
-0.985369, 325, 9, 356, 72
-0.985392, 337, 49, 400, 112
-0.985411, 217, 65, 280, 320
-0.985435, 137, 1, 200, 333
-0.985454, 365, 1, 396, 64
-0.985458, 321, 177, 352, 304
-0.985547, 133, 193, 164, 256
-0.985574, 17, 169, 80, 232
-0.985639, 149, 209, 180, 333
-0.985656, 369, 25, 496, 88
-0.985688, 125, 49, 156, 176
-0.9857, 209, 81, 336, 144
-0.985713, 333, 129, 364, 192
-0.985717, 157, 9, 188, 72
-0.98572, 169, 113, 200, 240
-0.985765, 353, 65, 384, 192
-0.985772, 65, 9, 128, 72
-0.985796, 1, 113, 32, 240
-0.985798, 173, 17, 204, 80
-0.985815, 165, 201, 196, 264
-0.985842, 237, 113, 268, 240
-0.985853, 33, 241, 160, 304
-0.985856, 69, 57, 100, 120
-0.985888, 345, 233, 376, 296
-0.985939, 209, 113, 240, 240
-0.985967, 397, 121, 428, 184
-0.985972, 225, 113, 256, 240
-0.98599, 161, 81, 192, 144
-0.98599, 257, 1, 320, 333
-0.986063, 353, 185, 480, 248
-0.986103, 161, 233, 192, 296
-0.986221, 269, 209, 300, 333
-0.986235, 93, 65, 124, 128
-0.986236, 73, 113, 136, 176
-0.986288, 301, 25, 332, 88
-0.986302, 73, 49, 104, 176
-0.986334, 185, 177, 216, 240
-0.986431, 265, 161, 296, 224
-0.986445, 313, 25, 344, 88
-0.986477, 413, 97, 444, 160
-0.986613, 169, 49, 200, 176
-0.986627, 369, 81, 400, 144
-0.986655, 357, 97, 388, 160
-0.986705, 353, 1, 416, 333
-0.986708, 109, 153, 140, 216
-0.986777, 93, 225, 124, 288
-0.986796, 257, 41, 384, 104
-0.98682, 273, 105, 400, 168
-0.98682, 201, 1, 232, 128
-0.986883, 369, 169, 400, 232
-0.986918, 357, 25, 388, 88
-0.986925, 337, 17, 368, 80
-0.98693, 221, 25, 252, 88
-0.986943, 257, 241, 384, 304
-0.986943, 373, 201, 404, 264
-0.986986, 241, 105, 304, 168
-0.986987, 53, 25, 84, 88
-0.986992, 313, 153, 344, 216
-0.987008, 433, 73, 464, 136
-0.987098, 325, 177, 356, 240
-0.987132, 377, 1, 440, 333
-0.987237, 377, 25, 440, 88
-0.987256, 269, 1, 300, 128
-0.987303, 209, 49, 272, 176
-0.987316, 325, 129, 356, 256
-0.987324, 37, 49, 68, 112
-0.987331, 181, 81, 212, 144
-0.987454, 201, 1, 232, 64
-0.987519, 181, 209, 212, 333
-0.987563, 57, 217, 120, 280
-0.987581, 325, 153, 356, 216
-0.987583, 385, 145, 416, 272
-0.987625, 337, 193, 368, 320
-0.987668, 333, 57, 364, 120
-0.987689, 309, 113, 340, 240
-0.987726, 325, 241, 356, 304
-0.987813, 225, 1, 288, 333
-0.987816, 153, 201, 184, 264
-0.987832, 149, 65, 180, 128
-0.98786, 49, 1, 80, 128
-0.987865, 213, 177, 244, 240
-0.987872, 65, 65, 128, 320
-0.987936, 337, 153, 368, 216
-0.987973, 157, 81, 188, 208
-0.987998, 437, 25, 468, 88
-0.987998, 449, 25, 480, 88
-0.98801, 357, 121, 388, 184
-0.988083, 397, 113, 428, 240
-0.988088, 413, 209, 444, 333
-0.988207, 189, 1, 220, 128
-0.988264, 229, 145, 260, 208
-0.988314, 237, 1, 268, 128
-0.988338, 425, 25, 456, 88
-0.988391, 173, 241, 204, 304
-0.988392, 433, 1, 496, 256
-0.988439, 333, 81, 364, 144
-0.988462, 397, 49, 428, 176
-0.988496, 33, 1, 96, 333
-0.988511, 121, 117, 184, 148
-0.988524, 393, 265, 456, 328
-0.988539, 129, 257, 160, 320
-0.988573, 13, 113, 44, 240
-0.988575, 85, 49, 116, 176
-0.988577, 385, 1, 416, 128
-0.988582, 89, 1, 152, 333
-0.988602, 161, 1, 224, 333
-0.988624, 209, 153, 240, 216
-0.988636, 5, 137, 36, 200
-0.988652, 185, 153, 216, 216
-0.988668, 121, 57, 152, 120
-0.988679, 381, 209, 412, 333
-0.988696, 409, 217, 472, 280
-0.98874, 29, 153, 60, 216
-0.98874, 329, 49, 360, 176
-0.98875, 393, 241, 456, 304
-0.988773, 369, 1, 400, 128
-0.988774, 401, 89, 432, 152
-0.988884, 165, 209, 196, 333
-0.988891, 305, 265, 368, 328
-0.988935, 225, 205, 288, 236
-0.989025, 313, 205, 376, 236
-0.989028, 97, 213, 160, 244
-0.98903, 413, 1, 444, 64
-0.989057, 217, 105, 280, 168
-0.989064, 9, 1, 72, 333
-0.989077, 237, 25, 268, 88
-0.989144, 297, 209, 328, 333
-0.989146, 357, 225, 388, 288
-0.989155, 137, 145, 200, 176
-0.989162, 437, 65, 468, 192
-0.989164, 129, 161, 192, 192
-0.989211, 353, 161, 480, 224
-0.989256, 305, 25, 432, 88
-0.989282, 145, 89, 208, 120
-0.989291, 425, 1, 488, 333
-0.989306, 89, 1, 120, 128
-0.989428, 421, 73, 452, 136
-0.989443, 353, 209, 384, 333
-0.989464, 313, 129, 344, 192
-0.989475, 421, 65, 452, 192
-0.989538, 197, 81, 228, 144
-0.989545, 109, 65, 140, 192
-0.989597, 185, 1, 248, 333
-0.989606, 117, 1, 148, 128
-0.989659, 185, 137, 248, 168
-0.989667, 349, 113, 380, 240
-0.98968, 129, 1, 160, 128
-0.989742, 337, 213, 400, 244
-0.989746, 113, 141, 176, 172
-0.989776, 105, 273, 168, 304
-0.989788, 105, 225, 168, 256
-0.989815, 161, 133, 224, 164
-0.989821, 97, 177, 352, 240
-0.989823, 21, 49, 52, 176
-0.989832, 249, 209, 312, 240
-0.989876, 465, 1, 496, 128
-0.989904, 105, 161, 168, 192
-0.98994, 369, 209, 400, 333
-0.989986, 337, 85, 400, 116
-0.990068, 237, 209, 268, 240
-0.990075, 353, 197, 416, 228
-0.990134, 185, 65, 216, 192
-0.990143, 161, 149, 224, 180
-0.990144, 129, 101, 192, 132
-0.990149, 9, 33, 40, 160
-0.990186, 169, 89, 232, 120
-0.990223, 145, 205, 208, 236
-0.990229, 185, 37, 248, 68
-0.990242, 17, 29, 80, 60
-0.990269, 193, 89, 256, 120
-0.990293, 313, 137, 376, 168
-0.990294, 409, 65, 440, 192
-0.990296, 321, 17, 384, 48
-0.990296, 41, 49, 72, 176
-0.99035, 401, 1, 464, 333
-0.990354, 273, 137, 336, 168
-0.99041, 353, 121, 416, 152
-0.990413, 369, 1, 432, 32
-0.990429, 101, 1, 132, 128
-0.990433, 97, 49, 128, 176
-0.99046, 137, 129, 200, 160
-0.990465, 129, 237, 192, 268
-0.990465, 273, 213, 336, 244
-0.990482, 353, 217, 480, 280
-0.990495, 209, 137, 272, 168
-0.99054, 105, 145, 136, 272
-0.990558, 225, 1, 256, 128
-0.990622, 349, 201, 380, 232
-0.990627, 345, 165, 408, 196
-0.990707, 97, 201, 160, 232
-0.990765, 289, 9, 352, 40
-0.990766, 337, 145, 400, 176
-0.990773, 41, 61, 104, 92
-0.990798, 305, 49, 432, 112
-0.9908, 217, 201, 248, 232
-0.990802, 201, 205, 264, 236
-0.990835, 281, 29, 344, 60
-0.99084, 137, 41, 200, 72
-0.990845, 345, 9, 408, 40
-0.990876, 425, 21, 488, 52
-0.990896, 397, 161, 428, 288
-0.990902, 249, 221, 312, 252
-0.990913, 281, 89, 344, 120
-0.990922, 169, 241, 232, 272
-0.990923, 9, 49, 72, 80
-0.990932, 225, 221, 288, 252
-0.990966, 97, 185, 160, 216
-0.990996, 377, 217, 440, 248
-0.991046, 277, 213, 308, 244
-0.991066, 137, 173, 200, 204
-0.991067, 409, 93, 472, 124
-0.991074, 197, 49, 228, 176
-0.991088, 133, 113, 164, 144
-0.991108, 225, 89, 288, 120
-0.99112, 65, 201, 320, 264
-0.99112, 249, 89, 312, 120
-0.991129, 305, 149, 368, 180
-0.991135, 169, 1, 200, 128
-0.991138, 377, 93, 440, 124
-0.991139, 369, 57, 496, 120
-0.991141, 161, 209, 416, 272
-0.991145, 169, 133, 200, 164
-0.991147, 161, 41, 224, 72
-0.991151, 249, 137, 312, 168
-0.991156, 65, 129, 320, 192
-0.991172, 1, 117, 64, 148
-0.991181, 185, 149, 248, 180
-0.991185, 257, 209, 288, 240
-0.991192, 177, 205, 240, 236
-0.991209, 225, 177, 480, 240
-0.991209, 329, 225, 392, 256
-0.991217, 337, 133, 400, 164
-0.99122, 305, 165, 368, 196
-0.991223, 105, 245, 168, 276
-0.991224, 73, 285, 136, 316
-0.991247, 185, 89, 216, 120
-0.991252, 1, 177, 500, 240
-0.991255, 153, 101, 216, 132
-0.991271, 313, 77, 376, 108
-0.991271, 401, 1, 432, 128
-0.99129, 113, 261, 176, 292
-0.991292, 197, 201, 228, 232
-0.9913, 305, 89, 368, 120
-0.991306, 193, 217, 256, 248
-0.99133, 129, 217, 160, 248
-0.99133, 89, 69, 152, 100
-0.991365, 305, 241, 368, 272
-0.991371, 425, 1, 488, 32
-0.991377, 281, 149, 344, 180
-0.991407, 113, 37, 176, 68
-0.991415, 105, 81, 168, 112
-0.991416, 169, 1, 232, 32
-0.991416, 209, 149, 272, 180
-0.991425, 257, 21, 320, 52
-0.991438, 361, 141, 424, 172
-0.991438, 169, 161, 232, 192
-0.991447, 145, 17, 208, 48
-0.991459, 25, 17, 88, 48
-0.991478, 369, 13, 432, 44
-0.991479, 113, 69, 176, 100
-0.991479, 345, 213, 376, 244
-0.991487, 321, 1, 384, 32
-0.99149, 393, 13, 456, 44
-0.991507, 365, 49, 396, 176
-0.991517, 209, 37, 272, 68
-0.991528, 273, 165, 336, 196
-0.991544, 9, 157, 72, 188
-0.991555, 257, 149, 320, 180
-0.991564, 305, 217, 368, 248
-0.991568, 121, 133, 152, 164
-0.991572, 81, 229, 144, 260
-0.991572, 121, 153, 152, 184
-0.991581, 137, 161, 168, 192
-0.991584, 129, 249, 192, 280
-0.991588, 185, 41, 216, 72
-0.991601, 305, 49, 368, 80
-0.991603, 337, 237, 400, 268
-0.99162, 305, 37, 368, 68
-0.991637, 393, 1, 456, 32
-0.991665, 25, 37, 56, 68
-0.991667, 113, 129, 176, 160
-0.991667, 161, 53, 224, 84
-0.991678, 393, 105, 456, 136
-0.991679, 97, 173, 160, 204
-0.991684, 225, 181, 288, 212
-0.991695, 169, 177, 232, 208
-0.991701, 1, 145, 64, 176
-0.99171, 197, 89, 228, 120
-0.991714, 201, 229, 264, 260
-0.991714, 137, 77, 200, 108
-0.991732, 89, 33, 152, 64
-0.991754, 233, 33, 296, 64
-0.991779, 201, 181, 264, 212
-0.991822, 1, 41, 500, 104
-0.991855, 129, 193, 192, 224
-0.991871, 193, 1, 256, 32
-0.991885, 65, 73, 128, 104
-0.991893, 81, 157, 144, 188
-0.991904, 377, 229, 440, 260
-0.991907, 121, 213, 184, 244
-0.991918, 309, 209, 340, 333
-0.991922, 193, 165, 256, 196
-0.991926, 129, 225, 192, 256
-0.991926, 225, 105, 352, 168
-0.991936, 361, 205, 392, 236
-0.991945, 281, 45, 344, 76
-0.991955, 141, 141, 172, 172
-0.991976, 41, 73, 104, 104
-0.991984, 97, 153, 352, 216
-0.992023, 377, 205, 440, 236
-0.992031, 241, 169, 304, 200
-0.992035, 409, 81, 472, 112
-0.992037, 265, 245, 328, 276
-0.992038, 33, 17, 64, 48
-0.992038, 213, 213, 244, 244
-0.992044, 169, 193, 232, 224
-0.992047, 13, 33, 44, 64
-0.992056, 121, 9, 184, 40
-0.992065, 353, 225, 416, 256
-0.992069, 129, 53, 192, 84
-0.992081, 97, 57, 160, 88
-0.992142, 209, 137, 240, 168
-0.992145, 97, 233, 352, 296
-0.992148, 53, 49, 84, 176
-0.992168, 161, 129, 416, 192
-0.992234, 185, 137, 216, 168
-0.992272, 381, 117, 412, 148
-0.992333, 209, 37, 240, 68
-0.992342, 129, 89, 384, 152
-0.992358, 305, 49, 336, 176
-0.992359, 153, 121, 168, 184
-0.99238, 257, 81, 500, 144
-0.992382, 1, 17, 256, 80
-0.992405, 149, 121, 180, 152
-0.992405, 145, 101, 176, 132
-0.992413, 1, 153, 256, 216
-0.992447, 337, 201, 368, 232
-0.992459, 397, 1, 428, 32
-0.992486, 149, 89, 180, 120
-0.992529, 361, 221, 392, 252
-0.992547, 93, 285, 124, 316
-0.992554, 117, 273, 148, 304
-0.992565, 193, 153, 448, 216
-0.992574, 197, 137, 228, 168
-0.992619, 109, 157, 140, 188
-0.992648, 113, 169, 240, 200
-0.992662, 1, 209, 500, 272
-0.992673, 373, 9, 404, 40
-0.992681, 305, 265, 432, 328
-0.992692, 133, 229, 164, 260
-0.992693, 105, 217, 136, 248
-0.992709, 1, 153, 500, 216
-0.99272, 273, 213, 400, 244
-0.992744, 1, 129, 128, 192
-0.992744, 349, 133, 380, 164
-0.992752, 393, 161, 456, 288
-0.99281, 173, 129, 188, 192
-0.992811, 131, 121, 146, 184
-0.992825, 161, 89, 192, 120
-0.992833, 173, 89, 204, 120
-0.992851, 37, 97, 68, 224
-0.992853, 209, 89, 240, 120
-0.992855, 153, 237, 184, 268
-0.992871, 57, 1, 120, 333
-0.992893, 297, 137, 328, 168
-0.992913, 257, 221, 288, 252
-0.992913, 113, 233, 144, 264
-0.992913, 317, 49, 348, 176
-0.992975, 309, 137, 340, 168
-0.99298, 133, 205, 164, 236
-0.992986, 365, 145, 396, 176
-0.992994, 221, 137, 252, 168
-0.993003, 153, 145, 184, 176
-0.993007, 197, 37, 228, 68
-0.993013, 329, 137, 360, 168
-0.993016, 137, 37, 168, 68
-0.993038, 417, 161, 480, 288
-0.993046, 193, 1, 448, 64
-0.993056, 177, 201, 304, 232
-0.993066, 121, 165, 152, 196
-0.993066, 309, 37, 340, 68
-0.993069, 33, 49, 64, 80
-0.993131, 89, 69, 120, 100
-0.993131, 189, 149, 220, 180
-0.993133, 213, 1, 244, 128
-0.993148, 233, 221, 264, 252
-0.993171, 293, 25, 324, 56
-0.993175, 209, 149, 240, 180
-0.993182, 167, 145, 182, 208
-0.993219, 1, 129, 32, 160
-0.993224, 117, 253, 148, 284
-0.993228, 121, 185, 152, 216
-0.993242, 409, 113, 440, 240
-0.993263, 173, 45, 204, 76
-0.993267, 337, 65, 368, 96
-0.993277, 329, 17, 360, 48
-0.993303, 1, 97, 500, 160
-0.993318, 225, 37, 256, 68
-0.99332, 157, 13, 188, 44
-0.993349, 121, 205, 152, 236
-0.993355, 177, 197, 208, 228
-0.993378, 297, 213, 328, 244
-0.993379, 229, 197, 260, 228
-0.993382, 1, 117, 32, 148
-0.993382, 281, 137, 312, 168
-0.993384, 249, 89, 280, 120
-0.993405, 97, 41, 352, 104
-0.993416, 179, 129, 194, 192
-0.993427, 281, 209, 312, 333
-0.99343, 141, 137, 156, 200
-0.993431, 225, 89, 256, 120
-0.993446, 189, 53, 220, 84
-0.993459, 269, 89, 300, 120
-0.99346, 161, 169, 192, 200
-0.993469, 145, 209, 160, 272
-0.99347, 345, 77, 376, 108
-0.99348, 105, 273, 136, 304
-0.993496, 289, 49, 320, 176
-0.993504, 143, 161, 158, 224
-0.993525, 105, 289, 136, 320
-0.993534, 365, 129, 396, 160
-0.993534, 1, 33, 32, 64
-0.993547, 45, 53, 76, 84
-0.993555, 129, 205, 256, 236
-0.993563, 249, 141, 280, 172
-0.993565, 177, 149, 208, 180
-0.99357, 1, 217, 128, 280
-0.993571, 349, 1, 380, 32
-0.993575, 9, 269, 40, 300
-0.993575, 381, 157, 412, 188
-0.993593, 309, 89, 340, 120
-0.993621, 377, 205, 408, 236
-0.993643, 341, 21, 372, 52
-0.993658, 161, 157, 192, 188
-0.99366, 293, 89, 324, 120
-0.993675, 269, 137, 300, 168
-0.993687, 37, 29, 68, 60
-0.993713, 209, 49, 240, 176
-0.993715, 21, 157, 52, 188
-0.993719, 5, 141, 36, 172
-0.993719, 237, 89, 268, 120
-0.993721, 245, 197, 276, 228
-0.993735, 105, 201, 136, 232
-0.993738, 281, 89, 312, 120
-0.993744, 1, 225, 256, 288
-0.99375, 157, 133, 188, 164
-0.993763, 449, 49, 480, 176
-0.993773, 165, 145, 196, 176
-0.993776, 233, 137, 264, 168
-0.993784, 143, 97, 158, 160
-0.993785, 253, 33, 284, 160
-0.993791, 209, 57, 336, 120
-0.993793, 165, 237, 196, 268
-0.993799, 35, 17, 50, 80
-0.993817, 421, 17, 452, 48
-0.993826, 133, 89, 164, 120
-0.993827, 313, 149, 344, 180
-0.993831, 159, 145, 174, 208
-0.99384, 413, 217, 444, 248
-0.993844, 9, 177, 40, 304
-0.993851, 357, 81, 388, 112
-0.993868, 449, 13, 480, 44
-0.993887, 125, 129, 140, 192
-0.993896, 357, 165, 388, 196
-0.993921, 345, 145, 376, 176
-0.993927, 61, 97, 92, 224
-0.99393, 1, 89, 256, 152
-0.993937, 333, 165, 364, 196
-0.993941, 117, 217, 148, 248
-0.993946, 321, 89, 352, 120
-0.993951, 141, 13, 172, 44
-0.993953, 257, 129, 500, 192
-0.993977, 417, 105, 448, 136
-0.993996, 129, 269, 160, 300
-0.994004, 221, 225, 252, 256
-0.994004, 29, 209, 60, 333
-0.994023, 1, 233, 500, 296
-0.99403, 129, 101, 160, 132
-0.99405, 261, 149, 292, 180
-0.99406, 441, 93, 472, 124
-0.994084, 245, 185, 276, 216
-0.994086, 257, 137, 384, 168
-0.994097, 329, 29, 360, 60
-0.994103, 135, 145, 150, 208
-0.994113, 301, 217, 316, 280
-0.994159, 145, 149, 272, 180
-0.994211, 161, 137, 288, 168
-0.994257, 347, 201, 362, 264
-0.994286, 1, 129, 500, 192
-0.994291, 193, 233, 448, 296
-0.994318, 305, 169, 432, 200
-0.99432, 425, 209, 456, 333
-0.994352, 81, 197, 208, 228
-0.994361, 61, 1, 92, 128
-0.994374, 307, 1, 322, 64
-0.994381, 29, 25, 44, 88
-0.994385, 119, 217, 134, 280
-0.99441, 277, 49, 308, 176
-0.994412, 97, 1, 352, 64
-0.994426, 37, 145, 68, 272
-0.994506, 159, 121, 174, 184
-0.994515, 273, 201, 400, 232
-0.994542, 207, 177, 222, 240
-0.99455, 17, 209, 80, 333
-0.994551, 145, 89, 272, 120
-0.994582, 279, 217, 294, 280
-0.994622, 257, 209, 500, 272
-0.99463, 97, 65, 352, 128
-0.994685, 77, 1, 108, 128
-0.994685, 151, 57, 166, 120
-0.994702, 95, 65, 110, 128
-0.994705, 193, 213, 320, 244
-0.994707, 187, 33, 202, 96
-0.994715, 113, 185, 128, 248
-0.994723, 45, 41, 60, 104
-0.994731, 97, 145, 224, 176
-0.994737, 273, 149, 400, 180
-0.994754, 113, 237, 240, 268
-0.994766, 17, 273, 144, 333
-0.994809, 193, 25, 448, 88
-0.994821, 93, 97, 124, 224
-0.994822, 1, 9, 500, 72
-0.994836, 97, 133, 224, 164
-0.994855, 217, 209, 232, 272
-0.994867, 1, 65, 256, 128
-0.994885, 357, 129, 372, 192
-0.994906, 379, 121, 394, 184
-0.994957, 371, 201, 386, 264
-0.995002, 139, 217, 154, 280
-0.995011, 195, 33, 210, 96
-0.995017, 49, 221, 176, 252
-0.995022, 157, 57, 172, 120
-0.995104, 1, 41, 256, 104
-0.995106, 1, 177, 256, 240
-0.995111, 33, 257, 288, 320
-0.995141, 235, 177, 250, 240
-0.995152, 167, 121, 182, 184
-0.995157, 41, 9, 56, 72
-0.995169, 147, 137, 162, 200
-0.995198, 177, 37, 304, 68
-0.995202, 41, 161, 104, 288
-0.995209, 225, 105, 480, 168
-0.995226, 393, 1, 408, 64
-0.995234, 341, 217, 356, 280
-0.995287, 129, 241, 144, 304
-0.995417, 385, 1, 400, 64
-0.995445, 209, 137, 336, 168
-0.995493, 351, 129, 366, 192
-0.995501, 133, 169, 148, 232
-0.995575, 293, 209, 308, 272
-0.995581, 337, 13, 464, 44
-0.995609, 185, 129, 200, 192
-0.995616, 209, 89, 336, 120
-0.99566, 305, 137, 432, 168
-0.995663, 153, 1, 184, 256
-0.995669, 17, 21, 144, 52
-0.995674, 121, 153, 136, 216
-0.995681, 113, 101, 240, 132
-0.995692, 257, 57, 500, 120
-0.995701, 173, 153, 188, 216
-0.995709, 363, 129, 378, 192
-0.995727, 155, 97, 170, 160
-0.995729, 353, 93, 480, 124
-0.99575, 233, 49, 296, 176
-0.99576, 47, 1, 62, 64
-0.995761, 313, 1, 344, 256
-0.995776, 219, 177, 234, 240
-0.995792, 65, 69, 192, 100
-0.995809, 337, 1, 464, 32
-0.995832, 5, 113, 20, 176
-0.995833, 225, 33, 352, 64
-0.995852, 337, 25, 464, 56
-0.995858, 167, 169, 182, 232
-0.995875, 289, 9, 416, 40
-0.995887, 97, 121, 224, 152
-0.995905, 181, 1, 212, 256
-0.99592, 153, 145, 168, 208
-0.995951, 289, 85, 416, 116
-0.995958, 161, 177, 288, 208
-0.995967, 149, 97, 164, 160
-0.995971, 371, 145, 386, 208
-0.995979, 387, 81, 402, 144
-0.996005, 133, 65, 164, 320
-0.996006, 241, 21, 368, 52
-0.996016, 227, 201, 242, 264
-0.99602, 373, 121, 388, 184
-0.996028, 119, 265, 134, 328
-0.996039, 49, 137, 176, 168
-0.996052, 97, 89, 224, 120
-0.996057, 1, 65, 500, 128
-0.996066, 81, 209, 208, 240
-0.996087, 33, 37, 160, 68
-0.996092, 353, 209, 368, 272
-0.996092, 193, 225, 320, 256
-0.996104, 427, 217, 442, 280
-0.996118, 365, 161, 380, 224
-0.996137, 351, 65, 366, 128
-0.99616, 251, 209, 266, 272
-0.996185, 135, 193, 150, 256
-0.996193, 129, 41, 256, 72
-0.996212, 169, 41, 184, 104
-0.996217, 259, 185, 274, 248
-0.996234, 141, 41, 156, 104
-0.99624, 337, 17, 352, 80
-0.996248, 297, 1, 328, 256
-0.996249, 161, 5, 288, 36
-0.996281, 321, 201, 448, 232
-0.996284, 193, 65, 224, 320
-0.996291, 179, 169, 194, 232
-0.9963, 159, 17, 174, 80
-0.996307, 177, 9, 192, 72
-0.996314, 347, 177, 362, 240
-0.99632, 161, 257, 288, 320
-0.996336, 241, 225, 368, 256
-0.996359, 251, 177, 266, 240
-0.99636, 321, 213, 448, 244
-0.996367, 225, 165, 352, 196
-0.996385, 285, 209, 300, 272
-0.996397, 225, 201, 352, 232
-0.996405, 243, 201, 258, 264
-0.996406, 49, 81, 176, 112
-0.99642, 161, 241, 288, 272
-0.996432, 27, 145, 42, 208
-0.996442, 337, 157, 464, 188
-0.996451, 305, 125, 432, 156
-0.996465, 153, 25, 168, 88
-0.996468, 201, 25, 216, 88
-0.996471, 133, 41, 148, 104
-0.996477, 339, 57, 354, 120
-0.996491, 127, 161, 142, 224
-0.996493, 165, 1, 196, 256
-0.996494, 137, 105, 152, 168
-0.996499, 151, 209, 166, 272
-0.996504, 225, 153, 352, 184
-0.996536, 399, 121, 414, 184
-0.996558, 377, 145, 392, 208
-0.996566, 163, 97, 178, 160
-0.996566, 241, 177, 256, 240
-0.996577, 207, 33, 222, 96
-0.996602, 135, 249, 150, 312
-0.996606, 113, 225, 240, 256
-0.99661, 273, 217, 288, 280
-0.996614, 365, 217, 380, 280
-0.996627, 33, 153, 160, 184
-0.99663, 97, 157, 224, 188
-0.996632, 81, 185, 208, 216
-0.996638, 329, 33, 360, 288
-0.996639, 165, 233, 180, 296
-0.996679, 153, 233, 168, 296
-0.996692, 33, 233, 160, 264
-0.996693, 97, 9, 224, 40
-0.996709, 17, 65, 144, 96
-0.996724, 273, 241, 400, 272
-0.996724, 369, 1, 400, 256
-0.996768, 49, 249, 176, 280
-0.996773, 101, 65, 116, 128
-0.996784, 33, 109, 160, 140
-0.996802, 379, 169, 394, 232
-0.996824, 273, 37, 400, 68
-0.996827, 355, 1, 370, 64
-0.996828, 121, 65, 152, 320
-0.996831, 211, 201, 226, 264
-0.996838, 355, 177, 370, 240
-0.996848, 49, 93, 176, 124
-0.996851, 321, 233, 448, 264
-0.996874, 353, 105, 480, 136
-0.99688, 155, 169, 170, 232
-0.996884, 81, 49, 208, 80
-0.996884, 113, 77, 240, 108
-0.996886, 105, 209, 120, 272
-0.996929, 97, 249, 224, 280
-0.996936, 307, 217, 322, 280
-0.996942, 83, 73, 98, 136
-0.99695, 285, 185, 300, 248
-0.996953, 279, 185, 294, 248
-0.996963, 173, 201, 188, 264
-0.996969, 399, 1, 414, 64
-0.996971, 345, 1, 376, 256
-0.996972, 137, 73, 152, 136
-0.996974, 361, 73, 376, 136
-0.996975, 33, 181, 160, 212
-0.99698, 285, 1, 316, 256
-0.996982, 97, 29, 224, 60
-0.996985, 433, 25, 448, 88
-0.997001, 53, 17, 68, 80
-0.997008, 381, 1, 412, 256
-0.99701, 205, 1, 236, 256
-0.997011, 349, 233, 364, 296
-0.997017, 23, 33, 38, 96
-0.997025, 337, 81, 464, 112
-0.997026, 259, 225, 274, 288
-0.997034, 179, 41, 194, 104
-0.997034, 177, 49, 304, 80
-0.997042, 371, 169, 386, 232
-0.997049, 113, 249, 128, 312
-0.997057, 147, 33, 162, 96
-0.997071, 241, 189, 368, 220
-0.997077, 357, 1, 388, 256
-0.997091, 161, 161, 288, 192
-0.997103, 227, 177, 242, 240
-0.997103, 29, 1, 60, 256
-0.997122, 457, 25, 472, 88
-0.997129, 297, 25, 312, 88
-0.997138, 345, 129, 360, 192
-0.997153, 359, 201, 374, 264
-0.997159, 39, 41, 54, 104
-0.997162, 273, 73, 400, 104
-0.997169, 225, 45, 352, 76
-0.99717, 343, 17, 358, 80
-0.99717, 89, 65, 104, 128
-0.997183, 273, 97, 400, 128
-0.997184, 313, 9, 328, 72
-0.99719, 257, 177, 384, 208
-0.99722, 353, 125, 480, 156
-0.997221, 221, 65, 252, 320
-0.997225, 33, 125, 160, 156
-0.997255, 339, 241, 354, 304
-0.997257, 269, 185, 284, 248
-0.997258, 49, 165, 176, 196
-0.997309, 1, 49, 128, 80
-0.997341, 81, 285, 208, 316
-0.997382, 353, 189, 480, 220
-0.997383, 33, 209, 160, 240
-0.997421, 129, 257, 384, 320
-0.99743, 161, 101, 288, 132
-0.997449, 417, 1, 448, 256
-0.997472, 1, 257, 500, 320
-0.997498, 289, 25, 416, 56
-0.997515, 193, 21, 320, 52
-0.997545, 241, 1, 272, 256
-0.997587, 101, 1, 132, 256
-0.997595, 129, 193, 256, 224
-0.99761, 29, 37, 44, 68
-0.997663, 345, 205, 360, 236
-0.997667, 33, 193, 160, 224
-0.997667, 363, 205, 378, 236
-0.997672, 201, 89, 216, 120
-0.997676, 81, 269, 208, 300
-0.997685, 273, 213, 288, 244
-0.997685, 131, 153, 146, 184
-0.997707, 425, 113, 488, 240
-0.997707, 147, 205, 162, 236
-0.997709, 209, 245, 336, 276
-0.99772, 141, 161, 156, 192
-0.997721, 127, 165, 142, 196
-0.997722, 353, 201, 368, 232
-0.997733, 41, 1, 72, 256
-0.997737, 231, 201, 246, 232
-0.997748, 195, 89, 210, 120
-0.997752, 217, 201, 232, 232
-0.997753, 245, 201, 260, 232
-0.997769, 173, 133, 188, 164
-0.997769, 267, 209, 282, 240
-0.997771, 207, 89, 222, 120
-0.997775, 251, 209, 266, 240
-0.997781, 125, 133, 140, 164
-0.997782, 193, 41, 208, 72
-0.997783, 223, 205, 238, 236
-0.997784, 121, 157, 136, 188
-0.997789, 209, 137, 224, 168
-0.997789, 427, 217, 442, 248
-0.997792, 179, 133, 194, 164
-0.9978, 183, 41, 198, 72
-0.997803, 191, 137, 206, 168
-0.997804, 259, 209, 274, 240
-0.997805, 215, 137, 230, 168
-0.997806, 279, 213, 294, 244
-0.997806, 203, 137, 218, 168
-0.997814, 121, 277, 136, 308
-0.997817, 111, 285, 126, 316
-0.997818, 197, 137, 212, 168
-0.997819, 23, 37, 38, 68
-0.997821, 141, 141, 156, 172
-0.997824, 185, 137, 200, 168
-0.997828, 39, 17, 54, 48
-0.997829, 151, 89, 166, 120
-0.997831, 287, 209, 302, 240
-0.997833, 357, 213, 372, 244
-0.997834, 307, 213, 322, 244
-0.997836, 29, 25, 44, 56
-0.997838, 359, 77, 374, 108
-0.997839, 207, 201, 222, 232
-0.997843, 35, 41, 50, 72
-0.997843, 343, 21, 358, 52
-0.997843, 47, 49, 62, 80
-0.997845, 205, 149, 220, 180
-0.997847, 239, 205, 254, 236
-0.997848, 167, 149, 182, 180
-0.997848, 345, 137, 360, 168
-0.997849, 143, 101, 158, 132
-0.997849, 393, 9, 408, 40
-0.997849, 353, 77, 368, 108
-0.997849, 361, 165, 376, 196
-0.99785, 367, 193, 382, 224
-0.99785, 297, 217, 312, 248
-0.997851, 221, 137, 236, 168
-0.997851, 371, 213, 386, 244
-0.997851, 301, 25, 316, 56
-0.997855, 131, 117, 146, 148
-0.997856, 199, 201, 214, 232
-0.997857, 35, 29, 50, 60
-0.997857, 143, 221, 158, 252
-0.997858, 355, 133, 370, 164
-0.997858, 199, 37, 214, 68
-0.997862, 153, 121, 168, 152
-0.997862, 307, 137, 322, 168
-0.997862, 153, 101, 168, 132
-0.997862, 233, 225, 248, 256
-0.997864, 161, 145, 176, 176
-0.997864, 115, 217, 130, 248
-0.997865, 189, 89, 204, 120
-0.997868, 387, 153, 402, 184
-0.997868, 23, 265, 38, 296
-0.99787, 161, 89, 176, 120
-0.997871, 319, 137, 334, 168
-0.997872, 335, 137, 350, 168
-0.997873, 219, 89, 234, 120
-0.997873, 313, 137, 328, 168
-0.997874, 163, 129, 178, 160
-0.997875, 373, 201, 388, 232
-0.997877, 227, 137, 242, 168
-0.997877, 351, 213, 366, 244
-0.997878, 211, 37, 226, 68
-0.99788, 301, 137, 316, 168
-0.997881, 131, 137, 146, 168
-0.997881, 435, 17, 450, 48
-0.997882, 101, 281, 116, 312
-0.997882, 349, 65, 364, 96
-0.997883, 177, 89, 192, 120
-0.997883, 13, 33, 28, 64
-0.997885, 167, 89, 182, 120
-0.997885, 123, 145, 138, 176
-0.997886, 193, 77, 320, 108
-0.997888, 277, 225, 292, 256
-0.99789, 205, 37, 220, 68
-0.99789, 233, 137, 248, 168
-0.997891, 325, 137, 340, 168
-0.997891, 241, 9, 368, 40
-0.997892, 93, 69, 108, 100
-0.997893, 295, 25, 310, 56
-0.997895, 183, 89, 198, 120
-0.997896, 227, 37, 242, 68
-0.997898, 389, 89, 404, 120
-0.997899, 131, 269, 146, 300
-0.9979, 385, 1, 400, 32
-0.997901, 141, 81, 156, 112
-0.997903, 179, 145, 194, 176
-0.997904, 213, 89, 228, 120
-0.997905, 153, 77, 168, 108
-0.997905, 371, 225, 386, 256
-0.997905, 175, 197, 190, 228
-0.997907, 169, 237, 184, 268
-0.997908, 145, 17, 272, 48
-0.99791, 239, 217, 254, 248
-0.99791, 213, 149, 228, 180
-0.997911, 25, 145, 40, 176
-0.997912, 141, 209, 156, 240
-0.997912, 237, 89, 252, 120
-0.997912, 315, 89, 330, 120
-0.997914, 225, 89, 240, 120
-0.997915, 403, 1, 418, 32
-0.997916, 271, 89, 286, 120
-0.997917, 371, 129, 386, 160
-0.997917, 113, 181, 128, 212
-0.997919, 401, 285, 416, 316
-0.997919, 341, 53, 356, 84
-0.997921, 159, 17, 174, 48
-0.997921, 343, 217, 358, 248
-0.997921, 239, 137, 254, 168
-0.997922, 153, 233, 168, 264
-0.997925, 353, 141, 480, 172
-0.997935, 33, 9, 160, 40
-0.997971, 257, 1, 288, 256
-0.997985, 9, 1, 40, 256
-0.997991, 1, 77, 128, 108
-0.998022, 429, 1, 460, 256
-0.998034, 89, 1, 120, 256
-0.99806, 5, 145, 36, 160
-0.998068, 373, 89, 404, 104
-0.998072, 369, 21, 400, 36
-0.998074, 33, 29, 64, 44
-0.998075, 141, 53, 172, 68
-0.998087, 273, 225, 304, 240
-0.998089, 117, 255, 148, 270
-0.998094, 113, 65, 240, 96
-0.998096, 1, 121, 32, 136
-0.998096, 181, 243, 212, 258
-0.998097, 361, 171, 392, 186
-0.998106, 365, 225, 396, 240
-0.998111, 153, 59, 184, 74
-0.998114, 309, 11, 340, 26
-0.998115, 281, 21, 312, 36
-0.998118, 141, 15, 172, 30
-0.998119, 225, 125, 352, 156
-0.998128, 133, 35, 164, 50
-0.998141, 137, 209, 168, 224
-0.998142, 373, 209, 404, 224
-0.998144, 381, 167, 412, 182
-0.998145, 117, 277, 148, 292
-0.998147, 93, 227, 124, 242
-0.998151, 121, 211, 152, 226
-0.998154, 145, 125, 272, 156
-0.998158, 33, 285, 160, 316
-0.99816, 305, 217, 336, 232
-0.99817, 381, 215, 412, 230
-0.998171, 161, 241, 192, 256
-0.998174, 129, 53, 256, 84
-0.998177, 397, 1, 428, 256
-0.998179, 345, 83, 376, 98
-0.998182, 145, 113, 272, 144
-0.998187, 29, 37, 60, 52
-0.99819, 333, 203, 364, 218
-0.998191, 153, 207, 184, 222
-0.998193, 333, 63, 364, 78
-0.998195, 369, 177, 496, 208
-0.998198, 457, 1, 488, 256
-0.998201, 257, 201, 288, 216
-0.998204, 317, 33, 348, 48
-0.998207, 133, 233, 164, 248
-0.998208, 421, 19, 452, 34
-0.99821, 349, 147, 380, 162
-0.998211, 133, 83, 164, 98
-0.998222, 141, 73, 172, 88
-0.998224, 173, 57, 204, 72
-0.998226, 173, 45, 204, 60
-0.998229, 169, 135, 200, 150
-0.99823, 305, 113, 432, 144
-0.998234, 117, 177, 148, 192
-0.998235, 193, 139, 224, 154
-0.998236, 377, 5, 408, 20
-0.998238, 273, 1, 304, 256
-0.998247, 385, 159, 416, 174
-0.99825, 161, 147, 192, 162
-0.998255, 145, 85, 176, 100
-0.998255, 201, 47, 232, 62
-0.998259, 117, 151, 148, 166
-0.998269, 121, 163, 152, 178
-0.998275, 389, 11, 420, 26
-0.998284, 333, 69, 364, 84
-0.998297, 117, 249, 148, 264
-0.998302, 121, 189, 152, 204
-0.998302, 289, 27, 320, 42
-0.998306, 85, 71, 116, 86
-0.998309, 141, 103, 172, 118
-0.998316, 361, 207, 392, 222
-0.998324, 369, 257, 496, 320
-0.998331, 277, 213, 308, 228
-0.998341, 357, 219, 388, 234
-0.998353, 109, 227, 140, 242
-0.998358, 365, 163, 396, 178
-0.99837, 177, 209, 208, 224
-0.998371, 185, 149, 216, 164
-0.998372, 33, 51, 64, 66
-0.998374, 245, 219, 276, 234
-0.998388, 161, 171, 192, 186
-0.998405, 1, 221, 128, 252
-0.998417, 421, 25, 452, 40
-0.998424, 373, 15, 404, 30
-0.998425, 117, 265, 148, 280
-0.998427, 157, 53, 188, 68
-0.998431, 149, 91, 180, 106
-0.99844, 109, 215, 140, 230
-0.998446, 205, 211, 236, 226
-0.998456, 217, 209, 280, 224
-0.998464, 369, 217, 496, 248
-0.998466, 121, 127, 184, 142
-0.998472, 345, 163, 376, 178
-0.998472, 129, 169, 192, 184
-0.998483, 305, 213, 368, 228
-0.998483, 257, 217, 320, 232
-0.998487, 305, 181, 432, 212
-0.998488, 145, 145, 160, 272
-0.998488, 105, 217, 168, 232
-0.998494, 105, 233, 168, 248
-0.998496, 289, 219, 352, 234
-0.998502, 121, 119, 184, 134
-0.99851, 257, 225, 288, 240
-0.998512, 329, 213, 392, 228
-0.998515, 161, 149, 224, 164
-0.998515, 233, 215, 296, 230
-0.998518, 345, 201, 408, 216
-0.998522, 145, 91, 208, 106
-0.998523, 129, 147, 192, 162
-0.998523, 345, 207, 408, 222
-0.998528, 253, 213, 284, 228
-0.998528, 329, 219, 392, 234
-0.998529, 41, 209, 104, 333
-0.998529, 329, 15, 392, 30
-0.99853, 313, 207, 376, 222
-0.99853, 249, 223, 312, 238
-0.998531, 113, 153, 176, 168
-0.998531, 225, 221, 288, 236
-0.998532, 177, 205, 240, 220
-0.998533, 145, 211, 208, 226
-0.998533, 129, 161, 192, 176
-0.998538, 149, 169, 180, 184
-0.998543, 113, 141, 176, 156
-0.998544, 209, 215, 272, 230
-0.998544, 225, 203, 288, 218
-0.998546, 289, 15, 352, 30
-0.998546, 361, 1, 424, 16
-0.998547, 73, 289, 136, 304
-0.998547, 169, 47, 232, 62
-0.998553, 41, 65, 104, 80
-0.998556, 97, 161, 160, 176
-0.998556, 361, 11, 424, 26
-0.998556, 105, 227, 168, 242
-0.99856, 353, 171, 416, 186
-0.99856, 353, 215, 416, 230
-0.998561, 281, 33, 344, 48
-0.998561, 137, 153, 200, 168
-0.998561, 9, 33, 72, 48
-0.998562, 337, 89, 400, 104
-0.998563, 129, 237, 192, 252
-0.998563, 425, 23, 488, 38
-0.998564, 177, 41, 240, 56
-0.998564, 153, 163, 216, 178
-0.998565, 321, 69, 448, 100
-0.998565, 385, 1, 448, 16
-0.998567, 137, 49, 200, 64
-0.998567, 361, 125, 424, 140
-0.998567, 337, 147, 400, 162
-0.998568, 153, 241, 216, 256
-0.998568, 177, 139, 240, 154
-0.99857, 305, 31, 336, 46
-0.998571, 109, 233, 140, 248
-0.998572, 145, 101, 208, 116
-0.998573, 321, 21, 384, 36
-0.998573, 105, 251, 168, 266
-0.998575, 329, 225, 392, 240
-0.998576, 137, 133, 200, 148
-0.998577, 249, 209, 312, 224
-0.998579, 173, 149, 204, 164
-0.99858, 1, 39, 64, 54
-0.998581, 321, 167, 384, 182
-0.998581, 169, 53, 232, 68
-0.998582, 257, 27, 320, 42
-0.998582, 185, 91, 248, 106
-0.998582, 137, 203, 200, 218
-0.998584, 329, 83, 392, 98
-0.998585, 385, 15, 448, 30
-0.998585, 425, 15, 488, 30
-0.998586, 361, 165, 424, 180
-0.998587, 133, 111, 164, 126
-0.998587, 137, 41, 200, 56
-0.998591, 193, 1, 256, 16
-0.998591, 289, 21, 352, 36
-0.998592, 81, 73, 144, 88
-0.998593, 409, 99, 472, 114
-0.998593, 305, 139, 368, 154
-0.998593, 369, 221, 432, 236
-0.998594, 9, 25, 72, 40
-0.998594, 185, 151, 248, 166
-0.998595, 113, 209, 176, 224
-0.998595, 177, 179, 240, 194
-0.998596, 9, 47, 72, 62
-0.998597, 305, 61, 368, 76
-0.998598, 97, 187, 160, 202
-0.998598, 129, 253, 192, 268
-0.998598, 105, 245, 168, 260
-0.998599, 113, 269, 176, 284
-0.998599, 97, 193, 160, 208
-0.9986, 129, 113, 192, 128
-0.9986, 209, 141, 272, 156
-0.9986, 377, 117, 440, 132
-0.998601, 97, 199, 160, 214
-0.998602, 105, 257, 168, 272
-0.998603, 337, 9, 400, 24
-0.998603, 425, 29, 488, 44
-0.998604, 361, 131, 424, 146
-0.998604, 177, 169, 240, 184
-0.998604, 105, 167, 168, 182
-0.998605, 409, 93, 472, 108
-0.998606, 273, 225, 336, 240
-0.998606, 65, 227, 128, 242
-0.998606, 209, 91, 272, 106
-0.998607, 409, 107, 472, 122
-0.998607, 89, 155, 152, 170
-0.998607, 97, 277, 160, 292
-0.998608, 129, 261, 192, 276
-0.998609, 145, 15, 208, 30
-0.998609, 321, 27, 384, 42
-0.99861, 361, 23, 424, 38
-0.99861, 225, 47, 288, 62
-0.998612, 201, 221, 264, 236
-0.998612, 385, 227, 448, 242
-0.998612, 137, 55, 200, 70
-0.998613, 305, 39, 368, 54
-0.998613, 193, 49, 256, 64
-0.998613, 9, 157, 72, 172
-0.998613, 369, 95, 432, 110
-0.998614, 297, 9, 360, 24
-0.998614, 233, 141, 296, 156
-0.998615, 193, 211, 224, 226
-0.998616, 185, 215, 248, 230
-0.998616, 305, 149, 368, 164
-0.998616, 369, 141, 432, 156
-0.998617, 153, 175, 216, 190
-0.998617, 113, 285, 176, 300
-0.998618, 81, 295, 144, 310
-0.998618, 281, 27, 344, 42
-0.998618, 1, 145, 64, 160
-0.998618, 257, 203, 320, 218
-0.998619, 361, 213, 392, 228
-0.998619, 113, 47, 176, 62
-0.998619, 249, 21, 312, 36
-0.99862, 313, 33, 376, 48
-0.99862, 201, 183, 264, 198
-0.998623, 189, 41, 220, 56
-0.998623, 149, 145, 180, 160
-0.998623, 297, 13, 328, 28
-0.998638, 137, 143, 168, 158
-0.998639, 137, 215, 168, 230
-0.998642, 25, 43, 56, 58
-0.998653, 33, 21, 64, 36
-0.998658, 205, 91, 236, 106
-0.998661, 141, 97, 156, 224
-0.998666, 93, 289, 124, 304
-0.998678, 301, 1, 316, 128
-0.998684, 273, 49, 400, 80
-0.998685, 151, 145, 166, 272
-0.998689, 321, 285, 448, 316
-0.998703, 121, 209, 136, 333
-0.998703, 35, 1, 50, 128
-0.998707, 185, 91, 216, 106
-0.998709, 9, 273, 40, 288
-0.998711, 113, 243, 144, 258
-0.998722, 157, 15, 188, 30
-0.998726, 137, 161, 152, 288
-0.998744, 321, 41, 448, 72
-0.998744, 5, 35, 36, 50
-0.998755, 131, 113, 146, 240
-0.998761, 157, 145, 172, 272
-0.998762, 143, 209, 158, 333
-0.998762, 321, 57, 448, 88
-0.998765, 101, 221, 132, 236
-0.998768, 177, 189, 304, 220
-0.998783, 307, 1, 322, 128
-0.998789, 293, 217, 324, 232
-0.998807, 129, 227, 160, 242
-0.99883, 241, 161, 256, 288
-0.998832, 441, 1, 472, 256
-0.998832, 341, 1, 356, 128
-0.998834, 337, 209, 368, 224
-0.998837, 149, 49, 164, 176
-0.998842, 247, 161, 262, 288
-0.998849, 169, 201, 200, 216
-0.998851, 115, 177, 130, 304
-0.998855, 213, 217, 244, 232
-0.998856, 285, 223, 316, 238
-0.998862, 365, 17, 380, 144
-0.998874, 381, 119, 412, 134
-0.998875, 265, 161, 280, 288
-0.998885, 369, 201, 496, 232
-0.998885, 129, 261, 256, 292
-0.998891, 257, 209, 272, 333
-0.998893, 17, 37, 48, 52
-0.998898, 293, 1, 308, 128
-0.9989, 45, 1, 60, 128
-0.998905, 271, 161, 286, 288
-0.998911, 163, 129, 178, 256
-0.998918, 357, 17, 372, 144
-0.998923, 325, 1, 340, 128
-0.99893, 147, 97, 162, 224
-0.998937, 275, 209, 290, 333
-0.998938, 283, 161, 298, 288
-0.998946, 231, 161, 246, 288
-0.998947, 73, 1, 104, 256
-0.99895, 373, 145, 388, 272
-0.998951, 53, 1, 84, 256
-0.998962, 121, 139, 152, 154
-0.998971, 257, 161, 272, 288
-0.998981, 157, 97, 172, 224
-0.998984, 351, 17, 366, 144
-0.998987, 17, 261, 144, 292
-0.998989, 293, 161, 308, 288
-0.999002, 437, 1, 452, 128
-0.999016, 27, 1, 42, 128
-0.999018, 347, 145, 362, 272
-0.999019, 169, 129, 184, 256
-0.999021, 257, 257, 500, 320
-0.999022, 219, 161, 234, 288
-0.999031, 361, 161, 376, 288
-0.999031, 209, 129, 224, 256
-0.999034, 277, 145, 292, 272
-0.999038, 367, 145, 382, 272
-0.999047, 257, 61, 384, 92
-0.999047, 389, 97, 404, 224
-0.999054, 199, 113, 214, 240
-0.999059, 419, 1, 434, 128
-0.99906, 173, 1, 188, 128
-0.999063, 185, 161, 200, 288
-0.999067, 107, 209, 122, 333
-0.999076, 143, 49, 158, 176
-0.999086, 387, 145, 402, 272
-0.999087, 153, 1, 168, 128
-0.999092, 121, 157, 152, 172
-0.999096, 127, 161, 142, 288
-0.9991, 205, 1, 220, 128
-0.9991, 235, 209, 250, 333
-0.999106, 127, 209, 142, 333
-0.999107, 177, 161, 192, 288
-0.999108, 453, 17, 468, 144
-0.999119, 1, 141, 128, 172
-0.999121, 209, 177, 336, 208
-0.999124, 377, 97, 392, 224
-0.999128, 159, 17, 174, 144
-0.999129, 121, 129, 136, 256
-0.999133, 357, 65, 372, 192
-0.999141, 355, 145, 370, 272
-0.999145, 167, 1, 182, 128
-0.999152, 185, 203, 216, 218
-0.999154, 137, 49, 152, 176
-0.999155, 299, 161, 314, 288
-0.999164, 397, 3, 428, 18
-0.999165, 311, 161, 326, 288
-0.99917, 431, 1, 446, 128
-0.999172, 233, 221, 264, 236
-0.999176, 285, 113, 300, 240
-0.999186, 379, 145, 394, 272
-0.999189, 341, 145, 356, 272
-0.99919, 257, 113, 272, 240
-0.999191, 51, 1, 66, 128
-0.999197, 447, 17, 462, 144
-0.999198, 219, 113, 234, 240
-0.999199, 299, 113, 314, 240
-0.999204, 195, 161, 210, 288
-0.999205, 129, 49, 144, 176
-0.999208, 313, 1, 328, 128
-0.999213, 305, 161, 320, 288
-0.999214, 383, 97, 398, 224
-0.999216, 1, 245, 128, 276
-0.999216, 181, 51, 212, 66
-0.999218, 193, 113, 208, 240
-0.999221, 241, 113, 256, 240
-0.999223, 151, 209, 166, 333
-0.999227, 267, 113, 282, 240
-0.999227, 363, 81, 378, 208
-0.999229, 225, 161, 240, 288
-0.999241, 229, 209, 244, 333
-0.999245, 309, 113, 324, 240
-0.999248, 319, 161, 334, 288
-0.99925, 369, 233, 496, 264
-0.999254, 121, 217, 152, 232
-0.999258, 333, 1, 348, 128
-0.999259, 1, 169, 128, 200
-0.999264, 461, 1, 476, 128
-0.999271, 137, 209, 152, 333
-0.999281, 393, 1, 408, 128
-0.999285, 293, 113, 308, 240
-0.999297, 157, 209, 172, 333
-0.999309, 165, 81, 180, 208
-0.999313, 357, 201, 388, 216
-0.999314, 349, 193, 364, 320
-0.999319, 349, 65, 364, 192
-0.999321, 315, 113, 330, 240
-0.999325, 251, 209, 266, 333
-0.999327, 399, 113, 414, 240
-0.999328, 319, 1, 334, 128
-0.999329, 231, 113, 246, 240
-0.999338, 273, 253, 400, 284
-0.99934, 343, 49, 358, 176
-0.999342, 187, 113, 202, 240
-0.999345, 1, 89, 128, 120
-0.999345, 341, 217, 372, 232
-0.999345, 371, 97, 386, 224
-0.999345, 371, 1, 386, 128
-0.999349, 321, 113, 336, 240
-0.999351, 145, 1, 160, 128
-0.999351, 17, 17, 32, 144
-0.999356, 93, 1, 108, 128
-0.999358, 369, 289, 496, 320
-0.999358, 249, 113, 264, 240
-0.99936, 105, 289, 136, 304
-0.99936, 337, 209, 352, 333
-0.999361, 225, 113, 240, 240
-0.999364, 205, 193, 220, 320
-0.999367, 1, 129, 16, 256
-0.999371, 325, 177, 340, 304
-0.999371, 181, 1, 196, 128
-0.999374, 215, 209, 230, 333
-0.999375, 137, 165, 168, 180
-0.999379, 369, 69, 496, 100
-0.999382, 393, 145, 408, 272
-0.999383, 263, 209, 278, 333
-0.999385, 83, 49, 98, 176
-0.999385, 27, 113, 42, 240
-0.999387, 187, 209, 202, 333
-0.999388, 165, 177, 180, 304
-0.999389, 335, 49, 350, 176
-0.999393, 99, 17, 114, 144
-0.999402, 47, 49, 62, 176
-0.999409, 171, 177, 186, 304
-0.999449, 257, 207, 288, 222
-0.999476, 225, 101, 352, 132
-0.999483, 257, 265, 384, 328
-0.999488, 469, 1, 500, 256
-0.999494, 217, 205, 248, 220
-0.99951, 265, 213, 296, 228
-0.999531, 369, 37, 496, 68
-0.999565, 197, 205, 228, 220
-0.999644, 273, 219, 304, 234
-0.999671, 345, 203, 376, 218
-0.99968, 221, 211, 252, 226
-0.999708, 241, 213, 272, 228
-0.999755, 347, 207, 362, 222
-0.999755, 35, 31, 50, 46
-0.999755, 217, 91, 232, 106
-0.999755, 225, 217, 240, 232
-0.999755, 153, 123, 168, 138
-0.999755, 153, 85, 168, 100
-0.999755, 347, 55, 362, 70
-0.999755, 387, 159, 402, 174
-0.999755, 289, 267, 304, 282
-0.999755, 41, 47, 56, 62
-0.999755, 347, 67, 362, 82
-0.999755, 163, 117, 178, 132
-0.999755, 159, 19, 174, 34
-0.999755, 133, 271, 148, 286
-0.999755, 121, 163, 136, 178
-0.999755, 359, 219, 374, 234
-0.999755, 341, 17, 356, 32
-0.999756, 143, 83, 158, 98
-0.999756, 141, 211, 156, 226
-0.999756, 385, 89, 400, 104
-0.999756, 179, 205, 194, 220
-0.999756, 165, 13, 180, 28
-0.999756, 359, 199, 374, 214
-0.999756, 235, 223, 250, 238
-0.999756, 193, 91, 208, 106
-0.999756, 29, 31, 44, 46
-0.999757, 145, 143, 160, 158
-0.999757, 105, 221, 120, 236
-0.999757, 403, 1, 418, 16
-0.999757, 377, 15, 392, 30
-0.999757, 187, 203, 202, 218
-0.999757, 139, 151, 154, 166
-0.999757, 131, 147, 146, 162
-0.999757, 125, 137, 140, 152
-0.999757, 473, 17, 488, 32
-0.999757, 143, 217, 158, 232
-0.999757, 225, 205, 240, 220
-0.999758, 429, 225, 444, 240
-0.999758, 153, 53, 168, 68
-0.999758, 339, 51, 354, 66
-0.999758, 301, 21, 316, 36
-0.999758, 47, 51, 62, 66
-0.999758, 175, 57, 190, 72
-0.999758, 389, 113, 404, 128
-0.999758, 167, 171, 182, 186
-0.999758, 377, 219, 392, 234
-0.999758, 15, 273, 30, 288
-0.999758, 185, 45, 200, 60
-0.999758, 355, 77, 370, 92
-0.999758, 269, 205, 284, 220
-0.999758, 341, 57, 356, 72
-0.999758, 151, 91, 166, 106
-0.999758, 195, 41, 210, 56
-0.999759, 341, 221, 356, 236
-0.999759, 297, 29, 312, 44
-0.999759, 177, 49, 192, 64
-0.999759, 13, 35, 28, 50
-0.999759, 309, 11, 324, 26
-0.999759, 421, 109, 436, 124
-0.999759, 235, 215, 250, 230
-0.99976, 181, 199, 196, 214
-0.99976, 265, 213, 280, 228
-0.99976, 225, 211, 240, 226
-0.99976, 113, 217, 128, 232
-0.99976, 437, 19, 452, 34
-0.99976, 123, 153, 138, 168
-0.99976, 403, 287, 418, 302
-0.99976, 353, 201, 368, 216
-0.99976, 159, 13, 174, 28
-0.999761, 143, 165, 158, 180
-0.999761, 35, 19, 50, 34
-0.999761, 27, 43, 42, 58
-0.999762, 365, 205, 380, 220
-0.999762, 21, 37, 36, 52
-0.999763, 139, 141, 154, 156
-0.999763, 217, 203, 232, 218
-0.999763, 353, 217, 368, 232
-0.999763, 303, 13, 318, 28
-0.999763, 363, 167, 378, 182
-0.999764, 195, 51, 210, 66
-0.999764, 293, 217, 308, 232
-0.999764, 173, 201, 188, 216
-0.999764, 249, 203, 264, 218
-0.999764, 259, 221, 274, 236
-0.999765, 341, 213, 356, 228
-0.999765, 101, 287, 116, 302
-0.999766, 149, 217, 164, 232
-0.999766, 393, 11, 408, 26
-0.999766, 357, 83, 372, 98
-0.999766, 141, 111, 156, 126
-0.999767, 7, 33, 22, 48
-0.999767, 243, 203, 258, 218
-0.999767, 131, 153, 146, 168
-0.999767, 145, 203, 160, 218
-0.999767, 201, 91, 216, 106
-0.999768, 111, 289, 126, 304
-0.999768, 127, 167, 142, 182
-0.999769, 353, 211, 368, 226
-0.999769, 119, 291, 134, 306
-0.999769, 231, 205, 246, 220
-0.999769, 347, 61, 362, 76
-0.999769, 293, 223, 308, 238
-0.99977, 311, 219, 326, 234
-0.99977, 207, 207, 222, 222
-0.99977, 393, 1, 408, 16
-0.99977, 427, 219, 442, 234
-0.999771, 319, 33, 334, 48
-0.999771, 243, 213, 258, 228
-0.999772, 271, 211, 286, 226
-0.999772, 361, 211, 376, 226
-0.999773, 259, 205, 274, 220
-0.999774, 137, 163, 152, 178
-0.999775, 219, 209, 234, 224
-0.999775, 147, 211, 162, 226
-0.999775, 251, 209, 266, 224
-0.999775, 199, 203, 214, 218
-0.999776, 29, 37, 44, 52
-0.999776, 21, 271, 36, 286
-0.999777, 371, 217, 386, 232
-0.999778, 287, 219, 302, 234
-0.999778, 347, 201, 362, 216
-0.999778, 131, 159, 146, 174
-0.999779, 141, 225, 156, 240
-0.999779, 359, 205, 374, 220
-0.999779, 301, 217, 316, 232
-0.999781, 347, 213, 362, 228
-0.999782, 369, 199, 384, 214
-0.999783, 259, 215, 274, 230
-0.999784, 279, 217, 294, 232
-0.999784, 133, 117, 164, 132
-0.999785, 269, 219, 284, 234
-0.999815, 257, 219, 288, 234
-0.999898, 349, 209, 380, 224
-0.999931, 229, 205, 260, 220
-0.999964, 245, 205, 276, 220
-1.00168, 425, 209, 488, 333
-1.00322, 209, 273, 336, 333
