1979
-0.275058, 1, 1, 375, 500
-0.350954, 1, 225, 375, 480
-0.427413, 1, 1, 375, 256
-0.503074, 129, 1, 375, 500
-0.505018, 1, 97, 375, 352
-0.531361, 33, 1, 288, 500
-0.62313, 33, 257, 288, 500
-0.678701, 33, 1, 288, 256
-0.721004, 129, 225, 375, 480
-0.746718, 129, 65, 375, 320
-0.746814, 33, 161, 288, 416
-0.870438, 241, 1, 368, 500
-0.874269, 1, 321, 375, 448
-0.878725, 193, 1, 320, 500
-0.879821, 49, 225, 176, 480
-0.88139, 1, 225, 375, 352
-0.883963, 65, 1, 192, 500
-0.889135, 33, 1, 160, 256
-0.89327, 225, 257, 352, 500
-0.893674, 17, 1, 144, 500
-0.895848, 1, 369, 375, 496
-0.90041, 1, 273, 375, 400
-0.900671, 1, 97, 128, 352
-0.900814, 1, 257, 128, 500
-0.901722, 209, 1, 336, 256
-0.903478, 161, 1, 288, 256
-0.905627, 1, 33, 375, 160
-0.906171, 1, 177, 375, 304
-0.906852, 113, 1, 240, 500
-0.907226, 177, 257, 304, 500
-0.908119, 81, 1, 208, 256
-0.910056, 241, 129, 368, 384
-0.913487, 65, 129, 192, 384
-0.914065, 129, 257, 256, 500
-0.925461, 1, 113, 375, 240
-0.929903, 1, 337, 256, 464
-0.931887, 113, 129, 240, 384
-0.933312, 1, 225, 256, 352
-0.934843, 193, 97, 320, 352
-0.935726, 129, 353, 375, 480
-0.935802, 225, 369, 352, 496
-0.936708, 33, 225, 160, 352
-0.938835, 65, 33, 320, 160
-0.938994, 33, 289, 288, 416
-0.939893, 241, 321, 368, 448
-0.941651, 281, 305, 344, 432
-0.944896, 313, 321, 375, 448
-0.945326, 241, 353, 304, 480
-0.947277, 17, 241, 80, 368
-0.948209, 177, 369, 304, 496
-0.950398, 129, 305, 375, 432
-0.950593, 265, 353, 328, 480
-0.951104, 289, 353, 352, 480
-0.951124, 57, 225, 120, 352
-0.952251, 217, 369, 280, 496
-0.952956, 177, 1, 304, 128
-0.953595, 49, 305, 176, 432
-0.953642, 33, 177, 288, 304
-0.954037, 129, 257, 375, 384
-0.95627, 313, 145, 375, 272
-0.957039, 1, 81, 256, 208
-0.957833, 241, 1, 304, 128
-0.958512, 241, 145, 368, 272
-0.958949, 1, 177, 128, 304
-0.960324, 193, 321, 320, 448
-0.961259, 129, 113, 375, 240
-0.961689, 25, 289, 88, 416
-0.961935, 129, 161, 375, 288
-0.962162, 129, 17, 256, 144
-0.962427, 81, 209, 144, 336
-0.963206, 33, 193, 96, 320
-0.963334, 129, 209, 375, 336
-0.963529, 305, 273, 368, 400
-0.963929, 289, 145, 352, 272
-0.964672, 33, 1, 96, 128
-0.96491, 225, 1, 352, 128
-0.965469, 209, 49, 336, 176
-0.965549, 225, 273, 352, 400
-0.96639, 1, 193, 64, 320
-0.966466, 33, 1, 160, 128
-0.966507, 33, 369, 96, 496
-0.966647, 1, 369, 128, 496
-0.966715, 217, 1, 280, 128
-0.966902, 193, 369, 256, 496
-0.967499, 177, 257, 304, 384
-0.967837, 1, 369, 64, 496
-0.968003, 57, 321, 120, 448
-0.968049, 217, 377, 280, 440
-0.968155, 65, 273, 128, 400
-0.968342, 1, 321, 128, 448
-0.968448, 81, 209, 208, 336
-0.968468, 185, 1, 248, 128
-0.968474, 1, 241, 64, 304
-0.968596, 289, 313, 352, 376
-0.968835, 273, 385, 336, 448
-0.969434, 89, 1, 152, 128
-0.969614, 145, 321, 272, 448
-0.969808, 249, 353, 312, 416
-0.969908, 289, 161, 352, 224
-0.970223, 25, 281, 88, 344
-0.970227, 81, 33, 208, 160
-0.97034, 297, 369, 360, 432
-0.970696, 65, 145, 192, 272
-0.970703, 281, 1, 344, 128
-0.970742, 41, 257, 104, 320
-0.971002, 33, 129, 288, 256
-0.971027, 273, 337, 336, 400
-0.971676, 1, 273, 128, 400
-0.971954, 249, 393, 312, 456
-0.972, 41, 217, 104, 280
-0.972193, 129, 241, 256, 368
-0.97227, 313, 81, 375, 208
-0.972331, 1, 65, 128, 192
-0.972373, 313, 345, 375, 408
-0.972487, 313, 369, 375, 496
-0.972571, 305, 289, 368, 352
-0.972612, 193, 385, 256, 448
-0.972706, 81, 225, 144, 288
-0.972725, 233, 49, 296, 176
-0.973399, 241, 337, 368, 400
-0.973471, 113, 369, 240, 496
-0.973534, 317, 353, 348, 480
-0.973563, 313, 161, 375, 224
-0.973764, 209, 97, 336, 224
-0.973938, 273, 49, 336, 176
-0.973993, 49, 353, 176, 480
-0.974282, 161, 33, 224, 160
-0.974297, 81, 193, 144, 256
-0.974393, 201, 321, 264, 448
-0.974613, 1, 265, 64, 328
-0.974626, 225, 305, 288, 432
-0.974792, 257, 305, 320, 432
-0.974916, 313, 409, 375, 472
-0.974974, 225, 409, 288, 472
-0.975019, 289, 137, 352, 200
-0.975152, 65, 305, 128, 368
-0.975186, 225, 225, 352, 352
-0.975204, 33, 377, 96, 440
-0.975419, 193, 361, 320, 424
-0.975505, 65, 1, 128, 64
-0.975736, 1, 241, 128, 304
-0.975879, 185, 241, 248, 368
-0.975959, 65, 249, 128, 312
-0.976036, 57, 361, 120, 424
-0.976066, 57, 1, 120, 128
-0.976299, 273, 97, 336, 224
-0.976317, 25, 353, 88, 416
-0.976429, 341, 305, 372, 432
-0.976497, 65, 81, 192, 208
-0.976599, 249, 353, 280, 480
-0.976686, 65, 329, 128, 392
-0.976829, 81, 161, 144, 288
-0.976923, 313, 185, 375, 248
-0.976927, 209, 393, 336, 456
-0.976928, 1, 113, 128, 240
-0.977118, 65, 225, 128, 480
-0.977383, 313, 41, 375, 104
-0.9774, 201, 409, 264, 472
-0.977435, 129, 273, 192, 336
-0.977461, 313, 33, 375, 160
-0.977595, 1, 377, 64, 440
-0.977644, 273, 337, 304, 464
-0.977697, 89, 1, 152, 64
-0.977832, 201, 249, 264, 312
-0.977917, 265, 129, 328, 192
-0.978116, 297, 257, 360, 500
-0.978278, 25, 313, 88, 376
-0.978303, 241, 57, 304, 120
-0.978334, 153, 49, 216, 112
-0.978427, 241, 1, 304, 64
-0.978473, 273, 41, 336, 104
-0.978504, 313, 313, 375, 376
-0.978583, 41, 145, 104, 272
-0.978715, 169, 353, 232, 480
-0.978867, 313, 129, 375, 192
-0.978877, 313, 65, 375, 128
-0.978948, 201, 33, 264, 96
-0.978952, 41, 193, 104, 256
-0.97901, 17, 217, 80, 280
-0.979024, 129, 257, 192, 384
-0.979049, 57, 369, 120, 496
-0.97916, 81, 209, 112, 336
-0.979204, 5, 225, 36, 352
-0.979239, 105, 33, 168, 96
-0.979465, 341, 313, 372, 376
-0.97958, 313, 305, 344, 432
-0.979633, 25, 1, 88, 64
-0.979639, 313, 129, 375, 384
-0.979661, 137, 33, 200, 160
-0.97969, 17, 257, 80, 500
-0.979695, 41, 1, 104, 256
-0.979701, 1, 217, 128, 280
-0.979723, 49, 297, 176, 360
-0.979761, 293, 369, 324, 496
-0.979818, 49, 105, 112, 168
-0.979824, 185, 1, 248, 64
-0.979943, 229, 369, 260, 496
-0.979985, 145, 385, 272, 448
-0.979986, 97, 305, 224, 432
-0.979989, 209, 209, 272, 336
-0.980127, 185, 273, 248, 336
-0.980185, 241, 313, 368, 376
-0.980203, 225, 353, 288, 416
-0.980214, 297, 433, 360, 496
-0.98026, 81, 25, 144, 88
-0.980322, 261, 353, 292, 480
-0.980336, 73, 169, 136, 232
-0.980438, 241, 1, 272, 128
-0.980442, 169, 393, 232, 456
-0.980562, 161, 65, 288, 192
-0.980599, 241, 369, 368, 432
-0.980601, 217, 369, 248, 496
-0.980658, 201, 57, 264, 120
-0.980723, 297, 321, 328, 448
-0.980741, 177, 201, 240, 264
-0.980762, 273, 433, 336, 496
-0.980839, 177, 249, 240, 312
-0.980988, 325, 273, 356, 400
-0.980995, 65, 1, 128, 256
-0.981029, 225, 25, 288, 88
-0.981029, 105, 281, 168, 344
-0.981046, 65, 273, 128, 336
-0.981098, 273, 1, 336, 64
-0.981131, 49, 241, 80, 368
-0.981199, 37, 241, 68, 368
-0.981272, 177, 41, 240, 104
-0.981274, 153, 297, 216, 360
-0.981322, 81, 129, 144, 192
-0.981399, 257, 297, 320, 360
-0.981405, 33, 129, 96, 192
-0.981428, 41, 257, 104, 500
-0.981589, 69, 241, 100, 368
-0.981592, 9, 113, 72, 176
-0.981592, 17, 161, 80, 416
-0.981595, 81, 257, 208, 384
-0.981602, 1, 137, 64, 200
-0.98161, 289, 65, 352, 320
-0.981678, 1, 81, 64, 208
-0.981683, 113, 33, 176, 160
-0.981695, 49, 273, 176, 336
-0.981781, 333, 161, 364, 288
-0.981793, 329, 161, 360, 224
-0.981816, 65, 193, 96, 320
-0.981854, 313, 1, 375, 256
-0.981874, 249, 33, 312, 96
-0.981883, 129, 49, 192, 112
-0.981918, 153, 25, 216, 88
-0.981985, 89, 225, 120, 288
-0.982002, 49, 361, 176, 424
-0.982037, 169, 193, 232, 320
-0.982044, 169, 225, 232, 288
-0.982052, 209, 49, 272, 176
-0.982102, 217, 1, 280, 64
-0.982163, 177, 417, 240, 480
-0.982229, 289, 409, 352, 472
-0.982236, 25, 225, 56, 352
-0.982245, 5, 249, 36, 312
-0.982265, 49, 321, 176, 384
-0.982295, 265, 153, 328, 216
-0.982304, 209, 1, 272, 256
-0.98237, 129, 305, 192, 432
-0.982381, 305, 97, 368, 160
-0.982431, 161, 257, 224, 384
-0.982452, 241, 161, 368, 224
-0.982488, 233, 321, 296, 384
-0.982491, 81, 113, 144, 240
-0.982493, 193, 353, 256, 416
-0.982502, 285, 321, 316, 448
-0.98252, 329, 321, 360, 448
-0.982659, 89, 1, 152, 256
-0.982692, 1, 1, 64, 64
-0.982715, 301, 377, 332, 440
-0.982747, 49, 289, 80, 352
-0.98275, 57, 385, 120, 448
-0.982868, 281, 265, 344, 328
-0.982919, 65, 1, 96, 128
-0.982962, 177, 65, 240, 128
-0.982989, 41, 153, 104, 216
-0.983005, 265, 105, 328, 168
-0.983007, 9, 89, 72, 152
-0.983009, 241, 257, 304, 320
-0.983021, 177, 1, 304, 64
-0.983038, 17, 249, 48, 312
-0.983092, 41, 97, 104, 352
-0.983093, 49, 65, 112, 192
-0.983198, 137, 249, 200, 312
-0.983221, 225, 225, 288, 288
-0.983319, 137, 177, 200, 240
-0.983348, 145, 401, 208, 464
-0.983358, 201, 193, 264, 256
-0.983375, 289, 217, 352, 280
-0.983376, 17, 1, 80, 256
-0.983414, 89, 105, 152, 168
-0.983422, 313, 17, 375, 80
-0.9835, 161, 417, 288, 480
-0.983549, 169, 361, 232, 424
-0.983763, 121, 1, 184, 64
-0.983781, 105, 185, 168, 248
-0.98381, 289, 65, 352, 128
-0.98381, 225, 81, 288, 144
-0.983828, 317, 361, 348, 424
-0.983869, 129, 305, 192, 368
-0.983883, 317, 409, 348, 472
-0.983887, 201, 433, 264, 496
-0.983905, 41, 249, 72, 312
-0.983916, 241, 433, 304, 496
-0.983966, 89, 329, 152, 392
-0.984051, 49, 65, 112, 128
-0.984052, 241, 289, 368, 352
-0.984069, 1, 321, 64, 448
-0.984092, 65, 233, 192, 296
-0.984101, 313, 209, 375, 272
-0.984165, 105, 257, 168, 320
-0.984194, 281, 257, 344, 384
-0.984219, 313, 265, 375, 328
-0.984228, 81, 81, 144, 144
-0.984255, 241, 257, 304, 384
-0.984335, 281, 289, 344, 352
-0.98436, 153, 273, 216, 336
-0.984365, 289, 161, 352, 416
-0.984378, 81, 129, 144, 384
-0.984387, 249, 1, 312, 256
-0.984421, 145, 73, 208, 136
-0.984422, 185, 1, 248, 256
-0.984427, 1, 377, 128, 440
-0.984472, 289, 241, 352, 304
-0.984514, 289, 185, 352, 248
-0.984519, 113, 1, 176, 256
-0.984524, 105, 257, 168, 384
-0.984543, 17, 65, 80, 128
-0.984549, 193, 329, 256, 392
-0.984564, 81, 49, 144, 112
-0.984595, 317, 145, 348, 208
-0.984603, 57, 129, 120, 192
-0.984645, 145, 209, 208, 336
-0.984651, 217, 273, 280, 336
-0.984653, 105, 305, 168, 368
-0.984654, 225, 49, 352, 112
-0.984684, 1, 353, 64, 416
-0.984738, 57, 41, 120, 104
-0.984765, 229, 1, 260, 128
-0.984802, 9, 1, 72, 128
-0.984879, 257, 225, 320, 480
-0.984948, 145, 377, 208, 440
-0.984958, 65, 201, 192, 264
-0.985008, 49, 289, 80, 416
-0.985037, 105, 209, 168, 272
-0.985119, 321, 305, 352, 368
-0.985126, 281, 1, 344, 500
-0.985147, 273, 361, 336, 424
-0.985154, 333, 337, 364, 400
-0.985196, 53, 257, 84, 320
-0.985241, 229, 377, 260, 440
-0.985379, 217, 385, 248, 448
-0.985492, 201, 225, 264, 480
-0.985521, 69, 217, 100, 280
-0.985528, 233, 257, 296, 500
-0.985565, 313, 1, 375, 500
-0.985715, 145, 33, 272, 96
-0.985716, 185, 49, 248, 176
-0.985783, 269, 393, 300, 456
-0.985865, 177, 257, 304, 320
-0.985901, 29, 241, 60, 304
-0.985927, 205, 369, 236, 496
-0.986015, 289, 385, 320, 448
-0.98609, 161, 305, 224, 432
-0.986132, 245, 369, 276, 432
-0.986279, 301, 145, 332, 208
-0.986319, 269, 1, 300, 128
-0.986403, 77, 241, 108, 304
-0.986441, 169, 257, 232, 500
-0.98645, 89, 225, 152, 480
-0.986496, 177, 209, 304, 336
-0.986561, 289, 209, 352, 336
-0.98663, 129, 193, 256, 320
-0.986791, 1, 1, 128, 64
-0.986866, 277, 337, 308, 400
-0.986925, 249, 97, 312, 224
-0.986928, 289, 1, 320, 128
-0.98693, 1, 73, 128, 136
-0.987025, 1, 97, 128, 160
-0.987043, 93, 1, 124, 64
-0.987069, 253, 1, 284, 128
-0.987117, 257, 361, 288, 424
-0.98714, 65, 25, 192, 88
-0.987168, 193, 145, 320, 272
-0.987195, 1, 193, 128, 256
-0.987255, 33, 273, 64, 336
-0.987442, 225, 25, 352, 88
-0.987489, 305, 369, 336, 496
-0.987557, 145, 353, 208, 480
-0.987566, 153, 1, 216, 256
-0.98757, 237, 409, 268, 472
-0.987602, 49, 353, 80, 480
-0.987683, 29, 369, 60, 496
-0.987701, 257, 401, 288, 464
-0.987729, 313, 145, 344, 272
-0.988031, 21, 273, 52, 336
-0.988047, 113, 81, 240, 208
-0.988157, 37, 193, 68, 320
-0.988175, 257, 1, 320, 500
-0.988184, 345, 161, 375, 288
-0.988234, 105, 177, 168, 304
-0.988343, 209, 137, 336, 200
-0.988346, 1, 353, 128, 416
-0.988385, 145, 257, 208, 500
-0.988413, 29, 217, 60, 280
-0.988415, 325, 113, 356, 240
-0.98859, 189, 1, 220, 128
-0.988628, 69, 305, 100, 432
-0.988644, 329, 409, 360, 472
-0.988673, 129, 353, 256, 416
-0.988678, 73, 1, 136, 500
-0.98869, 161, 329, 288, 392
-0.988713, 97, 297, 224, 360
-0.988756, 1, 369, 32, 496
-0.988837, 257, 305, 288, 432
-0.988923, 329, 281, 360, 344
-0.988928, 65, 265, 96, 328
-0.989007, 89, 49, 152, 176
-0.989025, 1, 273, 128, 336
-0.989131, 69, 313, 100, 376
-0.98914, 69, 193, 100, 256
-0.98915, 177, 97, 240, 352
-0.989224, 313, 65, 344, 192
-0.989245, 233, 1, 296, 500
-0.989265, 65, 1, 192, 64
-0.989269, 53, 361, 84, 424
-0.989341, 257, 145, 320, 272
-0.989341, 121, 225, 184, 480
-0.989375, 177, 57, 304, 120
-0.989392, 225, 249, 352, 312
-0.989557, 321, 49, 352, 112
-0.989622, 337, 113, 368, 240
-0.989667, 129, 257, 256, 320
-0.989695, 53, 193, 84, 320
-0.989698, 13, 369, 44, 496
-0.989762, 341, 177, 372, 240
-0.989811, 129, 1, 192, 500
-0.989831, 169, 145, 232, 272
-0.989834, 129, 9, 256, 72
-0.989885, 289, 321, 320, 384
-0.989936, 65, 177, 192, 240
-0.989956, 217, 97, 280, 352
-0.989959, 205, 249, 236, 312
-0.989966, 209, 113, 336, 176
-0.989967, 209, 417, 336, 480
-0.989977, 313, 225, 375, 352
-0.990013, 297, 329, 360, 360
-0.990019, 209, 1, 272, 500
-0.990023, 1, 169, 128, 232
-0.990038, 1, 377, 32, 440
-0.99006, 97, 1, 160, 500
-0.990084, 193, 305, 320, 368
-0.990085, 93, 193, 124, 320
-0.990159, 1, 121, 128, 184
-0.990173, 49, 385, 80, 448
-0.99018, 49, 1, 80, 128
-0.9902, 41, 1, 104, 500
-0.990203, 225, 1, 352, 64
-0.990206, 57, 217, 88, 280
-0.99026, 313, 369, 375, 400
-0.99035, 93, 201, 124, 264
-0.990376, 9, 281, 72, 312
-0.99038, 205, 385, 236, 448
-0.990413, 65, 145, 192, 208
-0.990491, 177, 1, 208, 128
-0.990517, 289, 157, 352, 188
-0.990588, 113, 145, 240, 272
-0.990591, 113, 57, 240, 120
-0.990654, 105, 129, 168, 384
-0.990684, 17, 245, 80, 276
-0.990695, 301, 305, 332, 368
-0.990695, 29, 377, 60, 440
-0.990702, 289, 353, 320, 416
-0.990727, 317, 1, 348, 128
-0.990737, 153, 1, 216, 500
-0.990739, 289, 385, 352, 416
-0.99077, 333, 17, 364, 144
-0.990771, 265, 397, 328, 428
-0.990792, 225, 321, 256, 448
-0.990809, 145, 161, 208, 416
-0.990824, 297, 317, 360, 348
-0.990854, 297, 113, 328, 240
-0.990863, 17, 145, 80, 272
-0.990881, 225, 17, 256, 80
-0.990883, 105, 1, 136, 64
-0.990943, 113, 1, 144, 128
-0.990995, 65, 57, 192, 120
-0.991033, 65, 369, 96, 432
-0.991046, 1, 1, 64, 500
-0.991048, 1, 305, 128, 368
-0.991127, 313, 121, 344, 184
-0.99113, 301, 17, 332, 144
-0.991133, 93, 1, 124, 128
-0.991173, 17, 377, 48, 440
-0.991209, 61, 353, 92, 480
-0.991224, 289, 341, 352, 372
-0.991233, 345, 33, 375, 160
-0.991242, 297, 169, 360, 200
-0.99126, 77, 1, 108, 128
-0.991278, 337, 57, 368, 120
-0.991316, 241, 97, 304, 352
-0.991317, 305, 305, 368, 336
-0.991328, 265, 1, 296, 64
-0.991337, 81, 1, 112, 64
-0.991342, 309, 433, 340, 496
-0.991374, 49, 225, 112, 256
-0.991409, 193, 409, 224, 472
-0.991414, 17, 25, 144, 88
-0.991457, 213, 41, 244, 104
-0.991461, 241, 377, 304, 408
-0.991468, 225, 409, 256, 472
-0.991501, 9, 273, 40, 336
-0.991507, 237, 9, 268, 72
-0.991514, 241, 185, 368, 248
-0.991535, 89, 321, 152, 448
-0.991538, 25, 297, 88, 328
-0.991539, 149, 257, 180, 384
-0.991544, 237, 321, 268, 448
-0.991551, 249, 57, 280, 120
-0.991617, 313, 157, 375, 188
-0.991626, 249, 409, 312, 440
-0.991701, 65, 113, 192, 176
-0.991711, 225, 417, 288, 448
-0.991738, 1, 361, 256, 424
-0.991775, 41, 269, 104, 300
-0.991785, 249, 365, 312, 396
-0.991802, 81, 241, 144, 272
-0.991813, 173, 281, 204, 344
-0.99182, 65, 333, 128, 364
-0.991832, 305, 417, 368, 448
-0.991848, 209, 257, 272, 384
-0.991867, 57, 249, 120, 280
-0.991869, 281, 49, 344, 80
-0.991875, 249, 49, 280, 176
-0.991882, 81, 193, 144, 224
-0.991884, 25, 385, 88, 416
-0.991899, 129, 161, 192, 288
-0.991927, 201, 425, 264, 456
-0.991932, 209, 385, 272, 416
-0.99194, 165, 33, 196, 160
-0.991953, 265, 129, 328, 384
-0.99196, 221, 353, 252, 416
-0.991966, 5, 177, 36, 304
-0.991988, 5, 217, 36, 280
-0.992005, 337, 33, 368, 96
-0.992009, 25, 373, 88, 404
-0.992023, 313, 329, 344, 392
-0.992045, 85, 113, 116, 240
-0.992055, 217, 397, 280, 428
-0.992069, 57, 377, 120, 408
-0.992075, 57, 321, 120, 352
-0.992085, 241, 1, 304, 32
-0.992098, 65, 305, 128, 336
-0.992113, 273, 49, 304, 176
-0.992119, 289, 129, 320, 192
-0.992123, 81, 205, 144, 236
-0.992146, 65, 89, 192, 152
-0.992163, 345, 145, 375, 208
-0.992175, 209, 241, 240, 368
-0.992179, 57, 345, 120, 376
-0.992181, 73, 21, 136, 52
-0.99219, 273, 353, 336, 384
-0.992193, 41, 225, 72, 288
-0.992202, 249, 337, 280, 400
-0.992224, 17, 225, 48, 288
-0.992228, 249, 461, 312, 492
-0.992228, 305, 429, 368, 460
-0.992232, 1, 257, 64, 288
-0.992243, 237, 57, 268, 120
-0.992289, 201, 409, 264, 440
-0.992296, 145, 281, 272, 344
-0.9923, 269, 361, 300, 424
-0.992301, 129, 377, 375, 440
-0.992344, 1, 369, 375, 432
-0.992345, 193, 281, 320, 344
-0.992371, 25, 329, 88, 360
-0.992376, 65, 365, 128, 396
-0.992378, 89, 217, 152, 248
-0.992379, 313, 181, 375, 212
-0.992381, 225, 25, 288, 56
-0.992388, 1, 385, 64, 416
-0.992396, 281, 37, 344, 68
-0.99242, 1, 145, 128, 208
-0.992447, 265, 153, 328, 184
-0.992455, 193, 257, 224, 320
-0.992456, 25, 317, 88, 348
-0.992473, 1, 269, 64, 300
-0.992476, 89, 1, 152, 32
-0.992478, 41, 213, 104, 244
-0.99248, 273, 169, 336, 200
-0.99248, 297, 353, 360, 384
-0.992481, 217, 33, 248, 160
-0.992482, 81, 229, 144, 260
-0.992506, 25, 345, 88, 376
-0.992512, 33, 257, 96, 288
-0.992514, 309, 169, 340, 232
-0.992549, 305, 37, 368, 68
-0.992578, 217, 13, 280, 44
-0.992593, 249, 17, 280, 80
-0.992601, 65, 1, 128, 32
-0.992622, 25, 81, 88, 208
-0.99265, 217, 373, 280, 404
-0.992659, 33, 1, 96, 32
-0.99267, 257, 13, 320, 44
-0.992676, 273, 141, 336, 172
-0.99269, 297, 145, 360, 176
-0.992693, 81, 253, 144, 284
-0.992709, 57, 237, 120, 268
-0.992722, 193, 1, 256, 32
-0.992728, 193, 397, 256, 428
-0.992748, 217, 57, 280, 88
-0.992792, 173, 49, 204, 112
-0.992792, 5, 81, 36, 208
-0.992794, 305, 133, 368, 164
-0.992794, 65, 241, 96, 304
-0.992796, 325, 385, 356, 448
-0.992805, 177, 21, 240, 52
-0.992806, 177, 201, 240, 232
-0.992819, 201, 257, 264, 288
-0.992847, 337, 257, 368, 384
-0.992851, 81, 181, 144, 212
-0.992865, 225, 113, 288, 240
-0.992873, 129, 277, 192, 308
-0.99289, 217, 1, 280, 32
-0.99289, 65, 17, 96, 80
-0.992895, 193, 41, 256, 72
-0.992905, 89, 177, 120, 240
-0.992909, 33, 17, 96, 48
-0.99291, 153, 297, 216, 328
-0.992916, 1, 1, 64, 32
-0.992922, 49, 337, 80, 400
-0.99293, 313, 57, 375, 88
-0.992936, 33, 137, 96, 168
-0.992941, 217, 209, 280, 240
-0.992949, 25, 357, 88, 388
-0.992958, 229, 49, 260, 176
-0.992961, 217, 353, 280, 384
-0.992966, 193, 369, 256, 400
-0.99299, 177, 289, 240, 320
-0.993008, 121, 41, 184, 72
-0.993008, 177, 413, 240, 444
-0.993011, 313, 341, 375, 372
-0.993017, 33, 285, 96, 316
-0.993019, 289, 365, 352, 396
-0.993028, 249, 353, 312, 384
-0.993038, 1, 73, 32, 136
-0.993044, 273, 453, 336, 484
-0.993045, 317, 157, 348, 188
-0.993049, 49, 113, 112, 144
-0.993068, 265, 333, 328, 364
-0.993068, 289, 441, 352, 472
-0.993075, 65, 1, 320, 64
-0.99308, 313, 85, 375, 116
-0.993086, 201, 269, 264, 300
-0.993089, 313, 293, 375, 324
-0.993093, 233, 45, 296, 76
-0.993094, 281, 25, 344, 56
-0.993107, 233, 193, 296, 320
-0.993121, 53, 1, 84, 64
-0.993122, 49, 389, 112, 420
-0.99315, 129, 293, 192, 324
-0.993161, 17, 85, 80, 116
-0.993163, 233, 337, 296, 368
-0.993167, 277, 1, 308, 64
-0.993167, 157, 49, 188, 112
-0.993171, 257, 57, 320, 88
-0.993176, 217, 241, 248, 304
-0.993176, 301, 345, 332, 408
-0.993178, 189, 49, 220, 112
-0.993187, 33, 337, 288, 400
-0.993189, 185, 1, 248, 500
-0.993189, 33, 297, 288, 360
-0.993194, 289, 185, 352, 216
-0.99321, 1, 265, 375, 328
-0.993212, 97, 393, 224, 456
-0.993219, 313, 373, 344, 404
-0.993233, 265, 117, 328, 148
-0.993238, 305, 405, 368, 436
-0.99324, 345, 317, 375, 348
-0.993247, 57, 281, 120, 312
-0.993251, 161, 53, 224, 84
-0.993267, 313, 69, 375, 100
-0.993283, 313, 213, 375, 244
-0.99329, 305, 409, 336, 472
-0.99329, 281, 129, 344, 160
-0.993297, 169, 33, 232, 64
-0.993301, 21, 245, 52, 276
-0.993301, 277, 397, 308, 428
-0.993313, 81, 141, 144, 172
-0.993314, 281, 421, 344, 452
-0.993329, 81, 33, 144, 64
-0.993341, 105, 265, 168, 296
-0.993359, 313, 97, 375, 128
-0.993371, 329, 169, 360, 200
-0.993385, 313, 25, 344, 88
-0.993387, 257, 25, 320, 56
-0.993414, 193, 213, 256, 244
-0.993422, 201, 69, 264, 100
-0.993426, 17, 125, 80, 156
-0.993428, 105, 53, 168, 84
-0.993429, 65, 293, 128, 324
-0.993429, 121, 33, 152, 96
-0.993436, 149, 265, 180, 328
-0.993463, 73, 221, 104, 252
-0.993486, 289, 389, 320, 420
-0.993489, 89, 237, 120, 268
-0.993496, 1, 337, 375, 400
-0.993499, 177, 233, 304, 296
-0.993499, 261, 49, 292, 176
-0.993505, 301, 381, 332, 412
-0.99351, 121, 257, 152, 384
-0.99351, 277, 33, 308, 96
-0.993512, 41, 285, 72, 316
-0.993513, 33, 209, 288, 272
-0.993535, 313, 421, 344, 452
-0.993538, 129, 345, 375, 408
-0.99354, 129, 401, 375, 464
-0.993541, 17, 97, 48, 160
-0.993552, 113, 353, 176, 480
-0.993584, 53, 293, 84, 324
-0.993601, 1, 49, 128, 112
-0.993611, 345, 81, 375, 144
-0.993624, 81, 153, 112, 216
-0.99363, 69, 345, 100, 408
-0.993642, 261, 405, 292, 436
-0.993651, 173, 257, 204, 384
-0.993663, 261, 57, 292, 120
-0.993669, 297, 33, 328, 96
-0.993672, 321, 433, 352, 464
-0.99368, 329, 137, 360, 200
-0.993689, 125, 1, 156, 128
-0.993704, 125, 265, 156, 328
-0.993719, 225, 225, 352, 288
-0.993723, 1, 265, 256, 328
-0.993726, 333, 357, 364, 388
-0.993726, 241, 373, 272, 404
-0.993726, 1, 329, 128, 392
-0.993729, 249, 413, 280, 444
-0.993735, 141, 41, 172, 104
-0.993747, 29, 277, 60, 308
-0.993748, 325, 413, 356, 444
-0.993756, 321, 325, 352, 356
-0.993788, 1, 253, 32, 284
-0.993798, 65, 25, 320, 88
-0.993805, 253, 365, 284, 396
-0.993823, 337, 341, 368, 372
-0.993839, 1, 241, 375, 304
-0.993859, 17, 177, 48, 304
-0.993859, 341, 121, 372, 184
-0.993862, 341, 329, 372, 360
-0.993872, 237, 417, 268, 448
-0.993883, 281, 341, 312, 372
-0.993898, 229, 381, 260, 412
-0.993901, 1, 241, 256, 304
-0.993904, 233, 17, 264, 48
-0.993905, 33, 121, 64, 184
-0.993907, 305, 153, 336, 184
-0.993923, 197, 1, 228, 64
-0.993935, 257, 1, 288, 32
-0.993935, 329, 309, 360, 340
-0.993956, 309, 441, 340, 472
-0.993969, 301, 165, 332, 196
-0.993985, 321, 361, 352, 392
-0.993988, 333, 425, 364, 456
-0.993989, 269, 353, 300, 384
-0.993998, 245, 5, 276, 36
-0.99401, 81, 249, 112, 280
-0.994013, 329, 369, 360, 496
-0.994025, 205, 417, 236, 448
-0.994028, 337, 413, 368, 444
-0.99403, 261, 457, 292, 488
-0.994045, 61, 245, 92, 276
-0.994046, 293, 329, 324, 360
-0.994052, 33, 241, 64, 272
-0.994054, 145, 33, 176, 160
-0.994069, 53, 377, 84, 408
-0.994077, 305, 33, 336, 64
-0.994085, 293, 153, 324, 184
-0.994114, 5, 273, 36, 304
-0.994119, 317, 337, 348, 368
-0.994122, 233, 345, 264, 408
-0.994123, 49, 265, 80, 296
-0.994137, 217, 389, 248, 420
-0.994159, 109, 25, 140, 88
-0.994161, 81, 201, 112, 264
-0.994189, 1, 385, 32, 416
-0.994189, 201, 1, 232, 128
-0.994196, 305, 317, 336, 348
-0.994207, 293, 21, 324, 52
-0.99422, 205, 409, 236, 472
-0.994221, 221, 421, 252, 452
-0.994237, 1, 313, 375, 376
-0.994238, 17, 321, 48, 448
-0.99425, 177, 25, 208, 88
-0.994251, 85, 225, 116, 256
-0.994253, 221, 25, 252, 56
-0.994257, 341, 177, 372, 208
-0.994265, 253, 25, 284, 56
-0.994269, 69, 317, 100, 348
-0.994277, 293, 141, 324, 172
-0.994282, 13, 385, 44, 416
-0.994286, 1, 209, 375, 272
-0.994286, 221, 37, 252, 68
-0.994297, 65, 381, 96, 412
-0.994306, 81, 1, 112, 32
-0.994313, 41, 253, 72, 284
-0.994313, 321, 81, 352, 112
-0.994314, 321, 53, 352, 84
-0.994321, 37, 389, 68, 420
-0.994327, 65, 341, 96, 372
-0.994328, 105, 185, 136, 216
-0.994329, 65, 1, 96, 32
-0.994331, 341, 401, 372, 464
-0.994337, 289, 45, 320, 76
-0.994341, 69, 261, 100, 292
-0.994342, 105, 185, 136, 248
-0.994343, 93, 1, 124, 32
-0.994346, 317, 41, 348, 72
-0.994354, 93, 209, 124, 240
-0.994356, 69, 305, 100, 336
-0.994362, 181, 297, 212, 328
-0.994366, 17, 281, 48, 312
-0.994368, 273, 5, 304, 36
-0.994371, 201, 97, 264, 224
-0.994373, 341, 85, 372, 116
-0.994391, 53, 389, 84, 420
-0.994395, 161, 257, 192, 384
-0.994406, 25, 385, 56, 416
-0.994407, 73, 289, 104, 352
-0.99441, 225, 409, 256, 440
-0.994413, 273, 453, 304, 484
-0.994437, 329, 33, 360, 64
-0.994443, 85, 121, 116, 184
-0.994452, 205, 405, 236, 436
-0.994454, 261, 433, 292, 496
-0.99446, 265, 57, 296, 88
-0.994461, 205, 257, 236, 288
-0.994462, 81, 181, 112, 212
-0.994464, 317, 73, 348, 136
-0.994468, 73, 209, 104, 240
-0.994471, 53, 365, 84, 396
-0.994471, 1, 81, 32, 112
-0.994487, 209, 41, 240, 72
-0.994497, 113, 233, 240, 296
-0.9945, 65, 65, 320, 128
-0.9945, 325, 289, 356, 320
-0.994504, 345, 161, 375, 192
-0.994505, 309, 141, 340, 172
-0.994506, 241, 61, 272, 92
-0.994506, 185, 425, 216, 456
-0.994506, 289, 153, 320, 216
-0.994511, 17, 113, 48, 144
-0.994516, 341, 65, 372, 96
-0.994518, 69, 369, 100, 400
-0.994519, 117, 265, 148, 296
-0.994519, 301, 273, 332, 400
-0.99452, 69, 357, 100, 388
-0.994522, 49, 353, 80, 384
-0.994531, 65, 329, 96, 360
-0.994531, 301, 421, 332, 452
-0.994535, 125, 293, 156, 324
-0.994537, 313, 409, 344, 440
-0.994542, 53, 277, 84, 308
-0.994547, 61, 17, 92, 48
-0.994548, 249, 461, 280, 492
-0.994549, 221, 5, 252, 36
-0.994551, 345, 425, 375, 456
-0.994554, 289, 129, 320, 160
-0.994555, 193, 369, 224, 496
-0.994556, 321, 69, 352, 100
-0.99456, 53, 305, 84, 336
-0.994563, 17, 269, 48, 300
-0.994574, 329, 181, 360, 212
-0.994574, 201, 1, 232, 32
-0.994576, 77, 21, 108, 52
-0.994579, 305, 21, 336, 52
-0.994583, 309, 305, 340, 336
-0.994583, 77, 109, 108, 140
-0.994583, 197, 389, 228, 420
-0.994585, 209, 429, 240, 460
-0.994587, 269, 41, 300, 72
-0.99459, 225, 369, 256, 400
-0.994602, 193, 385, 224, 448
-0.994605, 225, 73, 352, 136
-0.994631, 185, 257, 216, 384
-0.994635, 345, 289, 375, 352
-0.994652, 289, 49, 320, 176
-0.994718, 125, 289, 156, 352
-0.994731, 133, 273, 164, 400
-0.994758, 77, 161, 108, 288
-0.994777, 9, 353, 40, 416
-0.99479, 273, 433, 304, 496
-0.994797, 33, 185, 288, 248
-0.994812, 333, 65, 364, 192
-0.994827, 49, 385, 176, 448
-0.994838, 225, 41, 256, 104
-0.994844, 1, 245, 128, 276
-0.994847, 73, 97, 104, 160
-0.99486, 33, 385, 288, 448
-0.994908, 329, 361, 360, 424
-0.994972, 109, 241, 140, 368
-0.994974, 1, 89, 256, 152
-0.994991, 21, 121, 52, 184
-0.994999, 177, 209, 208, 336
-0.995, 129, 321, 375, 384
-0.995022, 113, 193, 240, 256
-0.995063, 193, 385, 320, 416
-0.995089, 129, 153, 375, 216
-0.995102, 273, 289, 304, 416
-0.995155, 1, 185, 375, 248
-0.99518, 241, 337, 368, 368
-0.995207, 129, 177, 375, 240
-0.995222, 145, 81, 272, 144
-0.995256, 225, 369, 352, 400
-0.995282, 241, 357, 368, 388
-0.995386, 209, 321, 240, 448
-0.995397, 1, 113, 256, 176
-0.995568, 129, 257, 375, 320
-0.995592, 1, 289, 375, 352
-0.995605, 325, 225, 356, 352
-0.99562, 1, 393, 375, 456
-0.995649, 17, 65, 48, 192
-0.995659, 21, 273, 52, 400
-0.995691, 121, 81, 184, 208
-0.995711, 5, 321, 36, 448
-0.995714, 197, 241, 228, 368
-0.995733, 129, 297, 375, 360
-0.995741, 341, 321, 356, 384
-0.995747, 241, 401, 368, 432
-0.995763, 177, 201, 304, 264
-0.995826, 17, 433, 144, 496
-0.995857, 85, 217, 100, 280
-0.995945, 241, 321, 368, 352
-0.995945, 49, 373, 176, 404
-0.995979, 169, 305, 200, 432
-0.996021, 241, 165, 368, 196
-0.996071, 1, 17, 375, 80
-0.996072, 49, 297, 176, 328
-0.996079, 97, 425, 352, 488
-0.996079, 1, 41, 375, 104
-0.99608, 97, 417, 224, 480
-0.996099, 33, 153, 288, 216
-0.996109, 209, 193, 240, 320
-0.996163, 29, 321, 60, 448
-0.996188, 161, 397, 288, 428
-0.996199, 347, 313, 362, 376
-0.996201, 345, 369, 375, 496
-0.996227, 25, 241, 40, 304
-0.996243, 17, 249, 32, 312
-0.996246, 193, 413, 320, 444
-0.996305, 129, 233, 375, 296
-0.996318, 49, 349, 176, 380
-0.996325, 113, 169, 240, 232
-0.996351, 91, 225, 106, 288
-0.996356, 333, 161, 348, 224
-0.996359, 1, 221, 128, 252
-0.99636, 161, 137, 288, 200
-0.996361, 49, 325, 176, 356
-0.99637, 65, 237, 192, 268
-0.996393, 313, 257, 344, 384
-0.996407, 1, 105, 128, 136
-0.996413, 129, 201, 375, 264
-0.996417, 335, 345, 350, 408
-0.996418, 49, 313, 176, 344
-0.996421, 33, 265, 160, 296
-0.996431, 317, 145, 332, 208
-0.996464, 49, 241, 64, 304
-0.996472, 129, 121, 375, 184
-0.99648, 57, 257, 72, 320
-0.996501, 1, 273, 32, 400
-0.996503, 1, 89, 375, 152
-0.996526, 289, 273, 320, 400
-0.996529, 1, 153, 375, 216
-0.996536, 1, 65, 375, 128
-0.996548, 85, 241, 100, 304
-0.996548, 319, 409, 334, 472
-0.996587, 49, 361, 176, 392
-0.996592, 33, 241, 48, 304
-0.996594, 281, 393, 296, 456
-0.996619, 241, 309, 368, 340
-0.996625, 7, 249, 22, 312
-0.996633, 1, 409, 256, 472
-0.996634, 39, 249, 54, 312
-0.996634, 37, 1, 68, 128
-0.996641, 161, 17, 288, 48
-0.996659, 327, 153, 342, 216
-0.996661, 241, 413, 368, 444
-0.996674, 327, 361, 342, 424
-0.996678, 337, 401, 352, 464
-0.996682, 65, 209, 192, 240
-0.996686, 63, 289, 78, 352
-0.996692, 237, 377, 252, 440
-0.996706, 241, 57, 368, 88
-0.996726, 1, 233, 128, 264
-0.996727, 153, 81, 216, 208
-0.996754, 39, 273, 54, 336
-0.996771, 311, 145, 326, 208
-0.996781, 49, 285, 176, 316
-0.996815, 63, 265, 78, 328
-0.996828, 289, 385, 304, 448
-0.996832, 315, 433, 330, 496
-0.996832, 49, 337, 176, 368
-0.996832, 25, 113, 56, 240
-0.996841, 223, 385, 238, 448
-0.996863, 341, 161, 372, 416
-0.996876, 343, 401, 358, 464
-0.996881, 197, 321, 228, 448
-0.99689, 17, 17, 144, 48
-0.996896, 1, 385, 128, 416
-0.996904, 225, 153, 352, 184
-0.99692, 177, 41, 304, 72
-0.996952, 81, 221, 208, 252
-0.996962, 65, 145, 96, 272
-0.996972, 65, 249, 192, 280
-0.996987, 343, 169, 358, 232
-0.997016, 243, 377, 258, 440
-0.997019, 51, 281, 66, 344
-0.997023, 97, 1, 112, 64
-0.997023, 271, 401, 286, 464
-0.997024, 105, 177, 136, 304
-0.997031, 1, 85, 128, 116
-0.997052, 317, 369, 332, 432
-0.997059, 61, 1, 92, 256
-0.997086, 193, 1, 320, 32
-0.997086, 317, 257, 348, 500
-0.99709, 65, 361, 80, 424
-0.997111, 261, 401, 276, 464
-0.997112, 45, 273, 60, 336
-0.997122, 73, 49, 104, 176
-0.997122, 353, 305, 368, 368
-0.997124, 107, 1, 122, 64
-0.997128, 145, 57, 272, 88
-0.997133, 83, 193, 98, 256
-0.997134, 73, 193, 104, 448
-0.997142, 129, 45, 256, 76
-0.997144, 193, 161, 320, 224
-0.997147, 33, 273, 48, 336
-0.997154, 1, 133, 128, 164
-0.997154, 257, 257, 288, 384
-0.99717, 241, 381, 368, 412
-0.997179, 1, 209, 128, 240
-0.997182, 307, 377, 322, 440
-0.997184, 97, 321, 224, 384
-0.997202, 129, 409, 256, 440
-0.997206, 177, 425, 304, 456
-0.997217, 181, 353, 212, 480
-0.997221, 247, 409, 262, 472
-0.997227, 165, 209, 196, 336
-0.997231, 129, 97, 375, 160
-0.997235, 1, 117, 128, 148
-0.99724, 129, 381, 256, 412
-0.997244, 177, 373, 304, 404
-0.997249, 209, 25, 336, 56
-0.997259, 129, 29, 256, 60
-0.997261, 251, 369, 266, 432
-0.997266, 229, 377, 244, 440
-0.997272, 81, 37, 208, 68
-0.997283, 215, 385, 230, 448
-0.997291, 299, 377, 314, 440
-0.997292, 1, 373, 128, 404
-0.9973, 177, 349, 304, 380
-0.997317, 145, 361, 272, 392
-0.997321, 325, 401, 340, 464
-0.997344, 225, 69, 352, 100
-0.997349, 1, 293, 128, 324
-0.997354, 49, 385, 176, 416
-0.997376, 177, 265, 304, 296
-0.997378, 331, 305, 346, 368
-0.997387, 181, 49, 212, 176
-0.997389, 193, 57, 320, 88
-0.997393, 255, 401, 270, 464
-0.997395, 49, 1, 176, 32
-0.997398, 241, 409, 256, 472
-0.997413, 19, 377, 34, 440
-0.997426, 3, 377, 18, 440
-0.99743, 281, 97, 312, 224
-0.997431, 263, 361, 278, 424
-0.997445, 9, 377, 24, 440
-0.997448, 329, 257, 360, 500
-0.997449, 329, 161, 360, 416
-0.997454, 257, 361, 272, 424
-0.997454, 25, 217, 40, 280
-0.997472, 1, 181, 128, 212
-0.997473, 79, 249, 94, 312
-0.997474, 205, 49, 236, 176
-0.997488, 41, 217, 56, 280
-0.997502, 293, 361, 308, 424
-0.997506, 193, 337, 320, 368
-0.997506, 341, 209, 372, 336
-0.997531, 301, 137, 316, 200
-0.997535, 1, 1, 128, 32
-0.997543, 71, 313, 86, 376
-0.997549, 113, 297, 240, 328
-0.997567, 271, 353, 286, 416
-0.997569, 241, 177, 368, 208
-0.997571, 91, 1, 106, 64
-0.997574, 221, 225, 252, 352
-0.997576, 97, 13, 224, 44
-0.997586, 145, 5, 272, 36
-0.997588, 331, 49, 346, 112
-0.997601, 33, 217, 48, 280
-0.997604, 225, 281, 352, 312
-0.997611, 93, 201, 108, 264
-0.997612, 279, 1, 294, 64
-0.997622, 43, 377, 58, 440
-0.997623, 251, 57, 266, 120
-0.997623, 69, 257, 84, 320
-0.997632, 351, 169, 366, 232
-0.997633, 1, 73, 128, 104
-0.997634, 241, 461, 368, 492
-0.997639, 49, 257, 80, 500
-0.99764, 57, 281, 72, 344
-0.997651, 1, 113, 375, 176
-0.997652, 265, 209, 328, 336
-0.997659, 241, 121, 368, 152
-0.99766, 225, 37, 352, 68
-0.997663, 215, 249, 230, 312
-0.997667, 25, 377, 40, 440
-0.997669, 337, 49, 352, 112
-0.997671, 17, 409, 144, 472
-0.997671, 169, 353, 200, 480
-0.997676, 225, 257, 352, 288
-0.997684, 27, 273, 42, 336
-0.997685, 1, 129, 32, 256
-0.997693, 341, 257, 372, 500
-0.997695, 209, 13, 336, 44
-0.997695, 65, 149, 192, 180
-0.997695, 65, 173, 192, 204
-0.997696, 1, 325, 128, 356
-0.997699, 213, 417, 228, 480
-0.997699, 193, 129, 320, 160
-0.997706, 177, 277, 304, 308
-0.99771, 79, 217, 94, 280
-0.997714, 53, 385, 68, 448
-0.997717, 1, 281, 128, 312
-0.997719, 299, 353, 314, 416
-0.997721, 81, 69, 208, 100
-0.997725, 129, 69, 256, 100
-0.997725, 161, 113, 288, 176
-0.997734, 65, 25, 192, 56
-0.997735, 183, 273, 198, 336
-0.997736, 65, 193, 192, 224
-0.997745, 241, 141, 368, 172
-0.99775, 193, 325, 320, 356
-0.997755, 241, 205, 368, 236
-0.997761, 241, 269, 368, 300
-0.997762, 113, 257, 240, 288
-0.997765, 323, 129, 338, 192
-0.997771, 1, 197, 128, 228
-0.997778, 31, 377, 46, 440
-0.997783, 97, 277, 224, 308
-0.997792, 361, 297, 375, 360
-0.9978, 307, 313, 322, 376
-0.997806, 49, 217, 64, 280
-0.997807, 313, 409, 328, 472
-0.99781, 193, 141, 320, 172
-0.997813, 279, 345, 294, 408
-0.997813, 241, 9, 256, 72
-0.997814, 65, 81, 192, 112
-0.99782, 161, 293, 288, 324
-0.997827, 225, 189, 352, 220
-0.997827, 85, 145, 100, 208
-0.997831, 343, 49, 358, 112
-0.997833, 281, 369, 296, 432
-0.99784, 257, 1, 272, 64
-0.997848, 221, 33, 236, 96
-0.997849, 227, 417, 242, 480
-0.997857, 225, 81, 352, 112
-0.99786, 225, 297, 352, 328
-0.997861, 65, 1, 80, 64
-0.997862, 13, 273, 28, 336
-0.997873, 189, 49, 204, 112
-0.997874, 331, 401, 346, 464
-0.997879, 303, 25, 318, 88
-0.997882, 37, 377, 52, 440
-0.997883, 61, 257, 92, 500
-0.997884, 241, 1, 368, 32
-0.997896, 225, 437, 352, 468
-0.9979, 55, 233, 70, 296
-0.997901, 1, 337, 128, 368
-0.997906, 113, 393, 240, 424
-0.997908, 209, 249, 224, 312
-0.997915, 135, 273, 150, 336
-0.997915, 245, 57, 260, 120
-0.997916, 227, 33, 242, 96
-0.997918, 65, 121, 192, 152
-0.997919, 21, 273, 36, 336
-0.997927, 161, 441, 288, 472
-0.997934, 161, 49, 176, 112
-0.997938, 59, 385, 74, 448
-0.99794, 221, 417, 236, 480
-0.997948, 293, 329, 308, 392
-0.997955, 33, 37, 160, 68
-0.997956, 237, 353, 252, 416
-0.997957, 97, 57, 224, 88
-0.997958, 15, 217, 30, 280
-0.997963, 65, 93, 192, 124
-0.997966, 225, 225, 352, 256
-0.997967, 73, 1, 104, 256
-0.997968, 343, 145, 358, 208
-0.997972, 177, 253, 304, 284
-0.997979, 195, 49, 210, 112
-0.99798, 285, 1, 300, 64
-0.997985, 161, 213, 288, 244
-0.998, 35, 121, 50, 184
-0.998, 257, 57, 272, 120
-0.998001, 305, 353, 320, 416
-0.998002, 91, 129, 106, 192
-0.998003, 233, 409, 248, 472
-0.998009, 263, 337, 278, 400
-0.998014, 49, 53, 176, 84
-0.998023, 61, 217, 76, 280
-0.998024, 335, 425, 350, 488
-0.998026, 317, 169, 332, 232
-0.998027, 97, 225, 112, 288
-0.99803, 321, 433, 336, 496
-0.998032, 167, 41, 182, 104
-0.998034, 305, 257, 336, 500
-0.998047, 1, 361, 128, 392
-0.998052, 301, 33, 332, 288
-0.998057, 85, 193, 116, 448
-0.998064, 1, 433, 256, 496
-0.99807, 49, 161, 176, 192
-0.998074, 113, 205, 240, 236
-0.998083, 1, 349, 128, 380
-0.998102, 1, 309, 128, 340
-0.998104, 5, 257, 36, 500
-0.998111, 65, 133, 192, 164
-0.998142, 241, 245, 368, 276
-0.998159, 133, 49, 164, 176
-0.998162, 193, 457, 320, 488
-0.998164, 177, 69, 304, 100
-0.998187, 41, 1, 72, 256
-0.998191, 65, 109, 192, 140
-0.998212, 97, 309, 224, 340
-0.998221, 97, 1, 224, 32
-0.998222, 221, 1, 252, 256
-0.998228, 1, 169, 128, 200
-0.998232, 317, 129, 348, 384
-0.998234, 225, 97, 352, 128
-0.998234, 129, 425, 256, 456
-0.998261, 225, 425, 352, 456
-0.998261, 241, 449, 368, 480
-0.998262, 197, 193, 228, 320
-0.998266, 89, 1, 120, 256
-0.998278, 145, 81, 272, 112
-0.998293, 313, 33, 344, 288
-0.998297, 125, 1, 156, 256
-0.998314, 325, 1, 356, 256
-0.998321, 1, 417, 375, 480
-0.998322, 61, 161, 92, 416
-0.998324, 17, 465, 144, 496
-0.998325, 193, 241, 320, 272
-0.998334, 347, 321, 362, 352
-0.998345, 193, 117, 320, 148
-0.998346, 193, 309, 320, 340
-0.99836, 145, 305, 272, 368
-0.998364, 65, 387, 96, 402
-0.998365, 73, 1, 104, 16
-0.998366, 325, 427, 356, 442
-0.998367, 53, 305, 84, 320
-0.998367, 17, 281, 48, 296
-0.998367, 69, 337, 100, 352
-0.998367, 81, 251, 112, 266
-0.998367, 205, 415, 236, 430
-0.998367, 89, 219, 120, 234
-0.998367, 201, 427, 232, 442
-0.998367, 305, 325, 336, 340
-0.998368, 73, 219, 104, 234
-0.998368, 225, 209, 256, 224
-0.998368, 1, 97, 32, 352
-0.998368, 37, 253, 68, 268
-0.998369, 49, 369, 80, 384
-0.998369, 1, 283, 32, 298
-0.998369, 73, 241, 104, 256
-0.99837, 293, 153, 324, 168
-0.99837, 49, 363, 80, 378
-0.998371, 301, 21, 332, 36
-0.998371, 81, 189, 112, 204
-0.998371, 329, 165, 360, 180
-0.998371, 209, 1, 240, 256
-0.998371, 57, 257, 88, 272
-0.998371, 293, 337, 324, 352
-0.998372, 49, 355, 80, 370
-0.998372, 93, 5, 124, 20
-0.998372, 297, 171, 328, 186
-0.998373, 9, 251, 40, 266
-0.998374, 333, 311, 364, 326
-0.998374, 49, 293, 80, 308
-0.998374, 69, 315, 100, 330
-0.998375, 257, 467, 288, 482
-0.998376, 37, 389, 68, 404
-0.998376, 277, 355, 308, 370
-0.998376, 261, 7, 292, 22
-0.998376, 305, 45, 336, 60
-0.998376, 65, 345, 96, 360
-0.998376, 69, 365, 100, 380
-0.998377, 69, 377, 100, 392
-0.998377, 321, 57, 352, 72
-0.998378, 321, 81, 352, 96
-0.998379, 221, 389, 252, 404
-0.99838, 301, 27, 332, 42
-0.99838, 285, 345, 316, 360
-0.998381, 53, 391, 84, 406
-0.998382, 41, 245, 72, 260
-0.998382, 17, 385, 48, 400
-0.998382, 77, 231, 108, 246
-0.998382, 257, 23, 288, 38
-0.998382, 237, 7, 268, 22
-0.998383, 65, 357, 96, 372
-0.998383, 333, 159, 364, 174
-0.998383, 301, 439, 332, 454
-0.998383, 301, 161, 332, 288
-0.998384, 221, 427, 252, 442
-0.998384, 301, 39, 332, 54
-0.998385, 281, 41, 312, 56
-0.998385, 345, 129, 375, 144
-0.998385, 329, 179, 360, 194
-0.998385, 57, 263, 88, 278
-0.998385, 61, 251, 92, 266
-0.998385, 309, 317, 340, 332
-0.998386, 313, 39, 344, 54
-0.998386, 305, 421, 336, 436
-0.998387, 325, 37, 356, 52
-0.998387, 69, 371, 100, 386
-0.998387, 241, 379, 272, 394
-0.998388, 337, 353, 368, 368
-0.99839, 69, 321, 100, 336
-0.998391, 237, 417, 268, 432
-0.998391, 21, 97, 52, 352
-0.998392, 93, 233, 124, 248
-0.998392, 229, 383, 260, 398
-0.998393, 289, 391, 320, 406
-0.998393, 93, 225, 124, 240
-0.998394, 305, 151, 336, 166
-0.998394, 221, 41, 252, 56
-0.998395, 29, 243, 60, 258
-0.998395, 205, 421, 236, 436
-0.998396, 337, 349, 352, 380
-0.998397, 233, 19, 264, 34
-0.998397, 249, 373, 280, 388
-0.998397, 317, 339, 348, 354
-0.998399, 273, 455, 304, 470
-0.998399, 25, 245, 40, 276
-0.998399, 293, 165, 324, 180
-0.9984, 313, 433, 344, 448
-0.9984, 221, 415, 252, 430
-0.998401, 257, 367, 288, 382
-0.998402, 37, 289, 68, 304
-0.998402, 265, 409, 296, 424
-0.998403, 329, 365, 360, 380
-0.998403, 337, 347, 368, 362
-0.998404, 261, 461, 292, 476
-0.998404, 5, 385, 36, 400
-0.998405, 293, 33, 324, 48
-0.998406, 329, 361, 344, 392
-0.998407, 337, 341, 368, 356
-0.998408, 337, 427, 368, 442
-0.998409, 301, 387, 332, 402
-0.99841, 245, 15, 276, 30
-0.99841, 325, 433, 356, 448
-0.99841, 309, 445, 340, 460
-0.998411, 313, 31, 344, 46
-0.998412, 53, 299, 84, 314
-0.998413, 1, 277, 32, 292
-0.998417, 341, 335, 372, 350
-0.998419, 317, 415, 348, 430
-0.99842, 233, 25, 264, 40
-0.99842, 329, 317, 360, 332
-0.998421, 1, 257, 32, 272
-0.998425, 249, 413, 280, 428
-0.998426, 257, 1, 288, 16
-0.998426, 321, 373, 352, 388
-0.998427, 345, 319, 375, 334
-0.998427, 29, 283, 60, 298
-0.998428, 333, 359, 364, 374
-0.998428, 53, 385, 84, 400
-0.998431, 313, 427, 344, 442
-0.998433, 321, 333, 352, 348
-0.998434, 313, 439, 344, 454
-0.998434, 93, 239, 124, 254
-0.998435, 313, 379, 344, 394
-0.998435, 325, 173, 356, 188
-0.998437, 329, 417, 360, 432
-0.998438, 325, 327, 356, 342
-0.998439, 257, 1, 272, 32
-0.998441, 285, 397, 316, 412
-0.998443, 89, 245, 120, 260
-0.998443, 297, 329, 360, 344
-0.998446, 73, 225, 104, 240
-0.998453, 317, 165, 348, 180
-0.998454, 317, 421, 348, 436
-0.998455, 277, 403, 308, 418
-0.998456, 309, 157, 340, 172
-0.998459, 353, 317, 368, 348
-0.99846, 341, 325, 372, 340
-0.998468, 17, 193, 48, 448
-0.998473, 279, 401, 294, 432
-0.998476, 269, 97, 300, 224
-0.998477, 323, 369, 338, 400
-0.998479, 41, 161, 72, 416
-0.998486, 81, 257, 112, 384
-0.998488, 273, 405, 288, 436
-0.998492, 285, 397, 300, 428
-0.998494, 193, 49, 224, 176
-0.998504, 89, 245, 104, 276
-0.998506, 21, 249, 52, 264
-0.998507, 5, 1, 36, 256
-0.998512, 85, 221, 100, 252
-0.998513, 339, 413, 354, 444
-0.998523, 345, 65, 375, 320
-0.998524, 317, 417, 332, 448
-0.99853, 339, 169, 354, 200
-0.998533, 221, 417, 236, 448
-0.998536, 95, 233, 110, 264
-0.998537, 31, 241, 46, 272
-0.998546, 297, 335, 360, 350
-0.998552, 281, 225, 312, 480
-0.998555, 315, 377, 330, 408
-0.998558, 291, 393, 306, 424
-0.998572, 315, 441, 330, 472
-0.998589, 47, 285, 62, 316
-0.99859, 265, 461, 280, 492
-0.998591, 301, 389, 316, 420
-0.998609, 327, 157, 342, 188
-0.998616, 269, 241, 300, 368
-0.998618, 341, 337, 356, 368
-0.998619, 17, 251, 80, 266
-0.998619, 63, 297, 78, 328
-0.998626, 341, 325, 356, 356
-0.998636, 243, 377, 258, 408
-0.99864, 285, 1, 316, 256
-0.998656, 313, 375, 375, 390
-0.998657, 305, 317, 368, 332
-0.998663, 347, 417, 362, 448
-0.998664, 95, 1, 110, 32
-0.998665, 317, 429, 332, 460
-0.998668, 333, 165, 348, 196
-0.998668, 323, 433, 338, 464
-0.99867, 297, 323, 360, 338
-0.998675, 269, 1, 300, 256
-0.998683, 83, 253, 98, 284
-0.998684, 41, 277, 56, 308
-0.998685, 19, 249, 34, 280
-0.998687, 299, 141, 314, 172
-0.998689, 289, 167, 352, 182
-0.99869, 57, 293, 72, 324
-0.998691, 237, 381, 252, 412
-0.998693, 241, 17, 256, 48
-0.998693, 311, 149, 326, 180
-0.998694, 309, 381, 324, 412
-0.998696, 247, 417, 262, 448
-0.998707, 359, 313, 374, 344
-0.998717, 263, 409, 278, 440
-0.998718, 85, 97, 116, 352
-0.998722, 113, 1, 144, 256
-0.998727, 129, 209, 160, 336
-0.998728, 297, 173, 360, 188
-0.99873, 289, 161, 352, 176
-0.998732, 215, 421, 230, 452
-0.998733, 289, 341, 352, 356
-0.998734, 9, 285, 72, 300
-0.998735, 289, 393, 352, 408
-0.998736, 321, 153, 336, 184
-0.998737, 257, 409, 272, 440
-0.998737, 289, 155, 352, 170
-0.998739, 315, 41, 330, 72
-0.99874, 17, 245, 80, 260
-0.998748, 269, 257, 300, 500
-0.998752, 273, 401, 336, 416
-0.99876, 255, 17, 270, 48
-0.998761, 7, 385, 22, 416
-0.998766, 29, 1, 60, 256
-0.998773, 253, 369, 268, 400
-0.998776, 77, 1, 92, 32
-0.998784, 311, 165, 326, 196
-0.998787, 305, 421, 368, 436
-0.998788, 313, 309, 375, 324
-0.998791, 241, 45, 256, 76
-0.998796, 235, 413, 250, 444
-0.998801, 227, 409, 242, 440
-0.998802, 65, 381, 80, 412
-0.998802, 327, 421, 342, 452
-0.998804, 347, 177, 362, 208
-0.998806, 35, 273, 50, 304
-0.998806, 317, 29, 332, 60
-0.998807, 297, 349, 360, 364
-0.998809, 29, 193, 60, 448
-0.998809, 209, 161, 272, 288
-0.998811, 261, 365, 276, 396
-0.998811, 13, 385, 28, 416
-0.998812, 5, 253, 20, 284
-0.998812, 205, 421, 220, 452
-0.998813, 307, 29, 322, 60
-0.998821, 271, 461, 286, 492
-0.998821, 51, 245, 66, 276
-0.998826, 261, 17, 276, 48
-0.998827, 335, 361, 350, 392
-0.998828, 309, 441, 324, 472
-0.998828, 289, 363, 352, 378
-0.99883, 231, 385, 246, 416
-0.998831, 227, 425, 242, 456
-0.998833, 49, 227, 112, 242
-0.998837, 221, 389, 236, 420
-0.998837, 1, 385, 16, 416
-0.998838, 25, 385, 88, 400
-0.998841, 235, 29, 250, 60
-0.998847, 305, 133, 320, 164
-0.998849, 157, 305, 188, 432
-0.99885, 273, 357, 288, 388
-0.998851, 53, 281, 68, 312
-0.998852, 41, 247, 104, 262
-0.998855, 259, 461, 274, 492
-0.998858, 43, 241, 58, 272
-0.998859, 251, 5, 266, 36
-0.998862, 81, 245, 144, 260
-0.998863, 305, 381, 368, 396
-0.998866, 241, 417, 256, 448
-0.998867, 313, 369, 375, 384
-0.998868, 297, 387, 360, 402
-0.998869, 339, 429, 354, 460
-0.998873, 91, 221, 106, 252
-0.998874, 65, 337, 128, 352
-0.998878, 299, 25, 314, 56
-0.99888, 37, 241, 52, 272
-0.99888, 57, 331, 120, 346
-0.998883, 89, 9, 104, 40
-0.998888, 277, 5, 292, 36
-0.998888, 57, 369, 120, 384
-0.99889, 57, 357, 120, 372
-0.998893, 75, 17, 90, 48
-0.998895, 65, 369, 80, 400
-0.998895, 317, 173, 332, 204
-0.998896, 57, 349, 120, 364
-0.998896, 43, 385, 58, 416
-0.998896, 201, 415, 264, 430
-0.998898, 173, 1, 204, 256
-0.998899, 9, 291, 72, 306
-0.998901, 305, 153, 320, 184
-0.998901, 297, 333, 312, 364
-0.998902, 307, 321, 322, 352
-0.998903, 215, 433, 230, 464
-0.998903, 263, 1, 278, 32
-0.998907, 65, 375, 128, 390
-0.998907, 7, 273, 22, 304
-0.998908, 305, 429, 368, 444
-0.998909, 57, 343, 120, 358
-0.99891, 267, 361, 282, 392
-0.998913, 249, 411, 312, 426
-0.998913, 49, 387, 112, 402
-0.998913, 285, 37, 300, 68
-0.998914, 247, 17, 262, 48
-0.998914, 237, 369, 252, 400
-0.998915, 281, 51, 344, 66
-0.998918, 321, 41, 336, 72
-0.998919, 25, 379, 88, 394
-0.998922, 1, 387, 64, 402
-0.998922, 29, 385, 44, 416
-0.998923, 57, 363, 120, 378
-0.998923, 55, 389, 70, 420
-0.998925, 279, 349, 294, 380
-0.998926, 307, 41, 322, 72
-0.998926, 81, 199, 144, 214
-0.998927, 23, 385, 38, 416
-0.998927, 253, 465, 268, 496
-0.998928, 81, 205, 144, 220
-0.998933, 305, 435, 368, 450
-0.998934, 25, 299, 88, 314
-0.998936, 49, 389, 64, 420
-0.998936, 313, 167, 375, 182
-0.998937, 313, 179, 375, 194
-0.998939, 285, 345, 300, 376
-0.99894, 57, 325, 120, 340
-0.99894, 25, 341, 88, 356
-0.99894, 297, 355, 360, 370
-0.998941, 77, 261, 92, 292
-0.998943, 307, 17, 322, 48
-0.998943, 183, 297, 198, 328
-0.998943, 213, 409, 228, 440
-0.998944, 89, 225, 152, 240
-0.998944, 137, 1, 168, 256
-0.998946, 81, 239, 144, 254
-0.998947, 13, 277, 28, 308
-0.998949, 49, 221, 112, 236
-0.99895, 257, 459, 320, 474
-0.998952, 65, 311, 128, 326
-0.998953, 57, 253, 120, 268
-0.998953, 81, 209, 96, 240
-0.998953, 59, 257, 74, 288
-0.998954, 325, 409, 340, 440
-0.998955, 345, 165, 360, 196
-0.998957, 281, 37, 344, 52
-0.998957, 249, 369, 312, 384
-0.998957, 83, 5, 98, 36
-0.998958, 291, 341, 306, 372
-0.99896, 231, 373, 246, 404
-0.99896, 89, 231, 152, 246
-0.998961, 47, 273, 62, 304
-0.998961, 333, 417, 348, 448
-0.998965, 241, 377, 304, 392
-0.998965, 209, 409, 272, 424
-0.998967, 25, 335, 88, 350
-0.998967, 221, 429, 236, 460
-0.998969, 65, 381, 128, 396
-0.998969, 225, 41, 240, 72
-0.998971, 25, 391, 88, 406
-0.998971, 83, 193, 98, 320
-0.998973, 185, 1, 216, 256
-0.998974, 1, 279, 64, 294
-0.998974, 201, 391, 264, 406
-0.998975, 305, 415, 368, 430
-0.998975, 65, 317, 128, 332
-0.998978, 225, 419, 288, 434
-0.998979, 25, 305, 88, 320
-0.99898, 89, 1, 152, 16
-0.998981, 217, 385, 280, 400
-0.998981, 25, 353, 88, 368
-0.998981, 249, 405, 312, 420
-0.998983, 201, 421, 264, 436
-0.998984, 201, 427, 264, 442
-0.998987, 249, 1, 280, 256
-0.998988, 81, 251, 144, 266
-0.998988, 25, 367, 88, 382
-0.998989, 257, 257, 288, 500
-0.998989, 25, 315, 88, 330
-0.998991, 33, 265, 96, 280
-0.998994, 257, 19, 320, 34
-0.998998, 273, 57, 336, 72
-0.999005, 81, 211, 144, 226
-0.999007, 265, 151, 328, 166
-0.999007, 217, 403, 280, 418
-0.999008, 49, 1, 112, 16
-0.999011, 73, 191, 136, 206
-0.999013, 25, 329, 88, 344
-0.999015, 25, 347, 88, 362
-0.999016, 313, 341, 375, 356
-0.999019, 81, 219, 144, 234
-0.999019, 57, 263, 120, 278
-0.999021, 265, 161, 328, 176
-0.999021, 293, 257, 324, 500
-0.999023, 313, 161, 375, 176
-0.999025, 25, 361, 88, 376
-0.999026, 335, 337, 350, 464
-0.999036, 305, 441, 368, 456
-0.999036, 303, 161, 318, 176
-0.999037, 87, 3, 102, 18
-0.999037, 115, 3, 130, 18
-0.999037, 287, 453, 302, 468
-0.999037, 225, 21, 288, 36
-0.999037, 33, 257, 96, 272
-0.999038, 333, 433, 348, 448
-0.999038, 25, 385, 40, 400
-0.999038, 49, 233, 112, 248
-0.999039, 263, 3, 278, 18
-0.999039, 67, 389, 82, 404
-0.99904, 291, 33, 306, 48
-0.999041, 337, 415, 352, 430
-0.999041, 285, 55, 300, 70
-0.999044, 209, 435, 224, 450
-0.999044, 213, 257, 244, 500
-0.999046, 249, 363, 312, 378
-0.999046, 251, 13, 266, 28
-0.999048, 281, 31, 344, 46
-0.999048, 265, 365, 280, 380
-0.999049, 129, 295, 192, 310
-0.99905, 49, 389, 64, 404
-0.999053, 249, 391, 312, 406
-0.999053, 313, 185, 375, 200
-0.999056, 267, 11, 282, 26
-0.999057, 49, 239, 112, 254
-0.999058, 89, 209, 104, 336
-0.999058, 41, 279, 104, 294
-0.999059, 251, 353, 266, 480
-0.999061, 237, 369, 252, 496
-0.999063, 239, 43, 254, 58
-0.999063, 309, 449, 324, 464
-0.999064, 217, 379, 280, 394
-0.999064, 299, 145, 314, 160
-0.999064, 73, 31, 136, 46
-0.999065, 193, 397, 256, 412
-0.999065, 137, 303, 200, 318
-0.999065, 301, 131, 316, 146
-0.999065, 65, 305, 128, 320
-0.999067, 273, 173, 336, 188
-0.999068, 7, 283, 22, 298
-0.999068, 1, 263, 64, 278
-0.999068, 305, 139, 320, 154
-0.99907, 325, 41, 340, 56
-0.99907, 65, 303, 80, 318
-0.999071, 249, 417, 312, 432
-0.999071, 33, 281, 48, 296
-0.999072, 245, 29, 260, 44
-0.999073, 201, 5, 264, 20
-0.999073, 73, 23, 136, 38
-0.999075, 265, 127, 328, 142
-0.999075, 329, 353, 344, 480
-0.999076, 19, 385, 34, 400
-0.999076, 259, 353, 274, 480
-0.999077, 281, 369, 344, 384
-0.999077, 313, 63, 375, 78
-0.999077, 325, 425, 340, 440
-0.999078, 249, 3, 312, 18
-0.999079, 33, 293, 96, 308
-0.999079, 265, 167, 328, 182
-0.999081, 65, 383, 80, 398
-0.999081, 249, 9, 312, 24
-0.999081, 97, 5, 112, 20
-0.999082, 43, 389, 58, 404
-0.999083, 25, 373, 88, 388
-0.999085, 217, 371, 280, 386
-0.999085, 343, 177, 358, 192
-0.999087, 301, 65, 332, 192
-0.999088, 273, 353, 288, 480
-0.999089, 83, 219, 98, 234
-0.999091, 25, 323, 88, 338
-0.999091, 85, 251, 100, 266
-0.999091, 177, 423, 240, 438
-0.999092, 221, 423, 236, 438
-0.999093, 315, 433, 330, 448
-0.999093, 233, 27, 296, 42
-0.999094, 217, 213, 280, 228
-0.999094, 235, 35, 250, 50
-0.999095, 289, 337, 304, 464
-0.999098, 37, 113, 68, 240
-0.999098, 353, 421, 368, 436
-0.999099, 279, 337, 294, 464
-0.9991, 237, 385, 252, 400
-0.999101, 285, 3, 300, 18
-0.999102, 253, 373, 268, 388
-0.999103, 53, 241, 68, 368
-0.999103, 311, 41, 326, 56
-0.999103, 255, 463, 270, 478
-0.999103, 309, 167, 324, 182
-0.999104, 323, 33, 338, 48
-0.999105, 339, 345, 354, 360
-0.999107, 243, 1, 258, 128
-0.999107, 7, 277, 22, 292
-0.99911, 257, 29, 272, 44
-0.999111, 231, 369, 246, 496
-0.999114, 311, 23, 326, 38
-0.999119, 249, 417, 264, 432
-0.99912, 91, 225, 106, 240
-0.99912, 97, 237, 112, 252
-0.999123, 323, 353, 338, 480
-0.999125, 279, 7, 294, 22
-0.999127, 243, 369, 258, 496
-0.999128, 283, 39, 298, 54
-0.999128, 15, 255, 30, 270
-0.999128, 13, 385, 28, 400
-0.999129, 315, 427, 330, 442
-0.999132, 225, 41, 240, 56
-0.999136, 77, 1, 92, 16
-0.999136, 325, 431, 340, 446
-0.999138, 293, 457, 308, 472
-0.999141, 339, 351, 354, 366
-0.999143, 339, 171, 354, 186
-0.999143, 273, 461, 288, 476
-0.999144, 3, 385, 18, 400
-0.999144, 343, 335, 358, 350
-0.999145, 305, 21, 320, 36
-0.999146, 309, 441, 324, 456
-0.999147, 1, 257, 16, 272
-0.999147, 267, 23, 282, 38
-0.999149, 297, 27, 312, 42
-0.999153, 261, 467, 276, 482
-0.999155, 43, 225, 58, 352
-0.999155, 223, 369, 238, 496
-0.99916, 263, 413, 278, 428
-0.999161, 39, 283, 54, 298
-0.999161, 237, 1, 268, 256
-0.999165, 305, 321, 320, 448
-0.999165, 345, 305, 360, 432
-0.999166, 265, 353, 280, 480
-0.999167, 299, 321, 314, 448
-0.999168, 327, 161, 342, 176
-0.999168, 245, 379, 260, 394
-0.99917, 257, 19, 272, 34
-0.999171, 325, 305, 340, 432
-0.999177, 29, 225, 44, 352
-0.999177, 237, 421, 252, 436
-0.999177, 251, 23, 266, 38
-0.999178, 273, 1, 288, 16
-0.99918, 321, 415, 336, 430
-0.99918, 359, 315, 374, 330
-0.999181, 343, 415, 358, 430
-0.999182, 235, 27, 250, 42
-0.999183, 205, 429, 220, 444
-0.999184, 331, 273, 346, 400
-0.999185, 95, 231, 110, 246
-0.999185, 59, 241, 74, 368
-0.999188, 307, 369, 322, 496
-0.999188, 257, 413, 272, 428
-0.999189, 223, 429, 238, 444
-0.99919, 217, 417, 232, 432
-0.999192, 33, 245, 48, 260
-0.999194, 91, 247, 106, 262
-0.999196, 223, 417, 238, 432
-0.999196, 339, 429, 354, 444
-0.9992, 307, 31, 322, 46
-0.999202, 331, 365, 346, 380
-0.999204, 1, 17, 32, 144
-0.999205, 347, 425, 362, 440
-0.999206, 321, 441, 336, 456
-0.999207, 317, 369, 332, 496
-0.999207, 301, 391, 316, 406
-0.999208, 313, 381, 328, 396
-0.999209, 313, 305, 328, 432
-0.999209, 37, 225, 52, 352
-0.999212, 291, 395, 306, 410
-0.999214, 317, 39, 332, 54
-0.999215, 23, 225, 38, 352
-0.999218, 317, 33, 332, 48
-0.99922, 257, 13, 272, 28
-0.999223, 307, 385, 322, 400
-0.999224, 77, 1, 92, 128
-0.999224, 321, 375, 336, 390
-0.999227, 83, 241, 98, 368
-0.999227, 15, 225, 30, 352
-0.999231, 261, 461, 276, 476
-0.999234, 55, 293, 70, 308
-0.999235, 341, 327, 356, 342
-0.999236, 241, 19, 256, 34
-0.999237, 61, 297, 76, 312
-0.999238, 217, 369, 232, 496
-0.999239, 215, 433, 230, 448
-0.99924, 283, 1, 298, 128
-0.99924, 333, 167, 348, 182
-0.999241, 267, 465, 282, 480
-0.999242, 7, 225, 22, 352
-0.999246, 257, 5, 272, 20
-0.999256, 231, 425, 246, 440
-0.999257, 85, 225, 100, 240
-0.99926, 257, 1, 272, 128
-0.999264, 301, 369, 316, 496
-0.999266, 77, 241, 92, 368
-0.999269, 335, 359, 350, 374
-0.99927, 21, 251, 36, 266
-0.999271, 309, 151, 324, 166
-0.999273, 109, 161, 140, 416
-0.999276, 353, 319, 368, 334
-0.999281, 71, 1, 86, 128
-0.999283, 315, 445, 330, 460
-0.999284, 335, 145, 350, 272
-0.999285, 249, 1, 264, 128
-0.99929, 345, 161, 360, 288
-0.999292, 77, 193, 92, 320
-0.999293, 65, 241, 80, 368
-0.999296, 149, 1, 180, 256
-0.999297, 327, 371, 342, 386
-0.999297, 237, 1, 252, 128
-0.999298, 41, 369, 56, 496
-0.999298, 71, 209, 86, 336
-0.999299, 47, 287, 62, 302
-0.999307, 73, 97, 104, 352
-0.999307, 267, 1, 282, 128
-0.999307, 49, 193, 64, 320
-0.99931, 273, 407, 288, 422
-0.99931, 211, 369, 226, 496
-0.999311, 315, 439, 330, 454
-0.999313, 285, 399, 300, 414
-0.999318, 361, 305, 375, 432
-0.999319, 353, 161, 368, 288
-0.999321, 61, 289, 76, 416
-0.999325, 329, 145, 344, 272
-0.999338, 319, 421, 334, 436
-0.999347, 355, 305, 370, 432
-0.99935, 347, 323, 362, 338
-0.999351, 337, 273, 352, 400
-0.999352, 237, 257, 268, 500
-0.999353, 67, 321, 82, 448
-0.999353, 71, 257, 86, 384
-0.999359, 317, 129, 332, 256
-0.99936, 61, 1, 76, 128
-0.999364, 9, 369, 24, 496
-0.999364, 47, 369, 62, 496
-0.999366, 239, 321, 254, 448
-0.999367, 303, 1, 318, 128
-0.99937, 341, 113, 356, 240
-0.999372, 1, 369, 16, 496
-0.999372, 15, 369, 30, 496
-0.999374, 349, 113, 364, 240
-0.999375, 319, 289, 334, 416
-0.999376, 355, 113, 370, 240
-0.999379, 57, 193, 72, 320
-0.999379, 125, 1, 140, 128
-0.999382, 185, 1, 200, 128
-0.999383, 295, 369, 310, 496
-0.999384, 193, 1, 208, 128
-0.999385, 53, 369, 68, 496
-0.999388, 31, 369, 46, 496
-0.999388, 85, 129, 100, 256
-0.999391, 279, 403, 294, 418
-0.999391, 291, 33, 306, 160
-0.999397, 359, 161, 374, 288
-0.9994, 55, 1, 70, 128
-0.999407, 23, 369, 38, 496
-0.999413, 59, 369, 74, 496
-0.999413, 177, 257, 192, 384
-0.999418, 27, 247, 42, 262
-0.999418, 309, 97, 324, 224
-0.999423, 323, 129, 338, 256
-0.999424, 95, 193, 110, 320
-0.999425, 273, 305, 288, 432
-0.999426, 245, 321, 260, 448
-0.999428, 341, 33, 356, 160
-0.999436, 349, 17, 364, 144
-0.999436, 101, 1, 132, 256
-0.999438, 241, 49, 256, 176
-0.99944, 93, 1, 108, 128
-0.99944, 335, 17, 350, 144
-0.999441, 261, 305, 276, 432
-0.999443, 169, 225, 200, 480
-0.999443, 63, 193, 78, 320
-0.999447, 263, 49, 278, 176
-0.999448, 177, 33, 192, 160
-0.99945, 317, 1, 332, 128
-0.99945, 171, 33, 186, 160
-0.999452, 277, 49, 292, 176
-0.999453, 273, 1, 288, 128
-0.999454, 1, 209, 16, 336
-0.999454, 251, 305, 266, 432
-0.99946, 303, 113, 318, 240
-0.99946, 201, 1, 216, 128
-0.99946, 19, 177, 34, 304
-0.999461, 267, 305, 282, 432
-0.999461, 361, 257, 375, 384
-0.999462, 5, 65, 20, 192
-0.999462, 355, 33, 370, 160
-0.999464, 351, 257, 366, 384
-0.999464, 151, 33, 166, 160
-0.999469, 231, 33, 246, 160
-0.999469, 227, 321, 242, 448
-0.999472, 163, 33, 178, 160
-0.999475, 247, 49, 262, 176
-0.999477, 315, 65, 330, 192
-0.99948, 129, 161, 160, 416
-0.99948, 311, 17, 326, 144
-0.999481, 83, 1, 98, 128
-0.999482, 291, 289, 306, 416
-0.999483, 49, 1, 64, 128
-0.999483, 25, 177, 40, 304
-0.999483, 283, 49, 298, 176
-0.999485, 205, 369, 220, 496
-0.999489, 7, 177, 22, 304
-0.999489, 65, 369, 80, 496
-0.99949, 207, 1, 222, 128
-0.999492, 73, 305, 88, 432
-0.999506, 201, 225, 232, 480
-0.999516, 305, 129, 336, 384
-0.999522, 153, 225, 184, 480
-0.99953, 17, 1, 48, 256
-0.999531, 225, 257, 256, 500
-0.999616, 97, 161, 128, 416
-0.999678, 113, 145, 240, 208
-0.999681, 181, 257, 212, 500
-0.999723, 141, 225, 172, 480
-0.999779, 161, 1, 192, 256
-0.999839, 129, 257, 160, 500
-0.999845, 197, 1, 228, 256
-0.99996, 293, 161, 324, 416
-1.00002, 185, 97, 216, 352
-1.00006, 165, 129, 196, 384
-1.00008, 213, 97, 244, 352
-1.00014, 201, 97, 232, 352
-1.0002, 109, 257, 140, 500
-1.0002, 225, 97, 256, 352
-1.00021, 269, 161, 300, 416
-1.00023, 113, 121, 240, 184
-1.0003, 153, 129, 184, 384
-1.00031, 141, 129, 172, 384
-1.00036, 281, 129, 312, 384
-1.00041, 177, 97, 240, 224
-1.00049, 97, 257, 128, 500
-1.00056, 237, 97, 268, 352
-1.00058, 249, 161, 280, 416
-1.00213, 105, 129, 168, 256
-1.00312, 89, 369, 152, 496
