1973
-0.316101, 1, 129, 500, 375
-0.362217, 1, 1, 500, 256
-0.390932, 1, 1, 500, 375
-0.424658, 257, 1, 500, 375
-0.444613, 1, 1, 256, 375
-0.453909, 161, 1, 416, 375
-0.568014, 225, 33, 480, 288
-0.573544, 129, 97, 384, 352
-0.588365, 1, 129, 256, 375
-0.60357, 1, 1, 256, 256
-0.65653, 97, 1, 352, 256
-0.658492, 257, 129, 500, 375
-0.845668, 273, 1, 400, 375
-0.853871, 305, 33, 432, 288
-0.855739, 369, 1, 496, 375
-0.86093, 321, 1, 448, 375
-0.861144, 225, 1, 352, 375
-0.861153, 225, 65, 352, 320
-0.863754, 369, 1, 496, 256
-0.864814, 289, 129, 416, 375
-0.86676, 129, 1, 256, 256
-0.871013, 369, 97, 496, 352
-0.871142, 1, 129, 500, 256
-0.871179, 161, 97, 288, 352
-0.875671, 17, 129, 144, 375
-0.878106, 113, 97, 240, 352
-0.880038, 1, 241, 500, 368
-0.88115, 17, 1, 144, 375
-0.882019, 1, 177, 500, 304
-0.886107, 65, 129, 192, 375
-0.886208, 97, 1, 224, 375
-0.887863, 177, 1, 304, 375
-0.890234, 17, 33, 144, 288
-0.89511, 1, 1, 500, 128
-0.896663, 1, 241, 256, 368
-0.896947, 177, 1, 304, 256
-0.903288, 81, 1, 208, 256
-0.911253, 257, 145, 500, 272
-0.911406, 161, 145, 416, 272
-0.911611, 1, 49, 500, 176
-0.916871, 65, 113, 320, 240
-0.921647, 129, 193, 384, 320
-0.92256, 1, 1, 256, 128
-0.923179, 1, 161, 256, 288
-0.924731, 193, 97, 448, 224
-0.926702, 289, 145, 416, 272
-0.929308, 33, 225, 160, 352
-0.93026, 257, 49, 500, 176
-0.931505, 97, 1, 352, 128
-0.934885, 305, 49, 432, 176
-0.935434, 225, 113, 352, 240
-0.938193, 81, 225, 208, 352
-0.938774, 257, 145, 320, 272
-0.938796, 209, 161, 336, 288
-0.940367, 377, 145, 440, 272
-0.940423, 145, 225, 208, 352
-0.940912, 41, 225, 104, 352
-0.942773, 169, 193, 232, 320
-0.943298, 1, 65, 256, 192
-0.943466, 241, 1, 304, 128
-0.944067, 145, 177, 208, 304
-0.944422, 161, 241, 416, 368
-0.944548, 281, 113, 344, 240
-0.944571, 193, 1, 320, 128
-0.945823, 17, 145, 144, 272
-0.94622, 313, 145, 376, 272
-0.946238, 273, 241, 400, 368
-0.947142, 193, 1, 448, 128
-0.947231, 105, 225, 168, 352
-0.947538, 257, 193, 500, 320
-0.948323, 313, 33, 376, 160
-0.950085, 257, 241, 500, 368
-0.950305, 121, 177, 184, 304
-0.950719, 369, 17, 496, 144
-0.951742, 353, 145, 480, 272
-0.95206, 273, 193, 400, 320
-0.952237, 129, 225, 256, 352
-0.952416, 97, 65, 352, 192
-0.952757, 217, 113, 280, 240
-0.952961, 145, 129, 272, 256
-0.953164, 353, 193, 480, 320
-0.953185, 225, 65, 352, 192
-0.954304, 17, 65, 144, 192
-0.954697, 273, 65, 336, 192
-0.954713, 337, 177, 400, 304
-0.955166, 129, 177, 256, 304
-0.956138, 353, 49, 416, 176
-0.956154, 233, 161, 296, 288
-0.956816, 185, 1, 248, 128
-0.956963, 393, 97, 456, 224
-0.957255, 97, 113, 224, 240
-0.957703, 129, 1, 256, 128
-0.957716, 393, 49, 456, 176
-0.958207, 193, 145, 256, 272
-0.958933, 65, 177, 192, 304
-0.959039, 305, 97, 432, 224
-0.959298, 417, 17, 480, 144
-0.959365, 217, 1, 280, 128
-0.959485, 105, 113, 168, 240
-0.959872, 121, 217, 184, 280
-0.960031, 169, 145, 232, 272
-0.961133, 289, 161, 352, 288
-0.9613, 265, 1, 328, 128
-0.961725, 25, 145, 88, 272
-0.961968, 153, 1, 216, 128
-0.9622, 313, 241, 376, 368
-0.962352, 177, 209, 304, 336
-0.962458, 113, 1, 176, 128
-0.96255, 225, 209, 352, 336
-0.962584, 257, 193, 320, 320
-0.962858, 153, 281, 216, 344
-0.963624, 393, 41, 456, 104
-0.963772, 169, 241, 232, 368
-0.963803, 81, 1, 208, 128
-0.96425, 369, 65, 496, 192
-0.964369, 377, 177, 440, 240
-0.964595, 145, 193, 208, 256
-0.964924, 201, 193, 264, 320
-0.965, 201, 193, 264, 256
-0.965011, 137, 129, 200, 256
-0.965058, 289, 185, 416, 248
-0.965073, 369, 41, 432, 104
-0.965198, 337, 225, 400, 352
-0.965522, 353, 129, 416, 256
-0.965633, 257, 193, 320, 256
-0.965734, 41, 249, 104, 312
-0.96577, 289, 169, 352, 232
-0.965789, 273, 1, 400, 128
-0.965961, 97, 233, 160, 296
-0.966044, 281, 129, 344, 192
-0.966276, 161, 217, 224, 280
-0.966517, 313, 49, 376, 112
-0.966566, 33, 233, 160, 296
-0.966822, 329, 177, 392, 240
-0.966864, 145, 257, 208, 320
-0.966957, 401, 145, 464, 272
-0.967156, 345, 41, 408, 104
-0.967425, 321, 41, 448, 104
-0.967455, 225, 129, 288, 192
-0.967493, 65, 193, 128, 320
-0.967598, 233, 1, 296, 64
-0.967735, 313, 97, 376, 224
-0.967781, 201, 129, 264, 192
-0.967796, 25, 81, 88, 208
-0.967973, 281, 209, 344, 336
-0.968109, 281, 97, 344, 160
-0.968171, 121, 241, 184, 304
-0.96832, 257, 169, 320, 232
-0.96833, 121, 193, 184, 256
-0.968337, 177, 193, 240, 256
-0.968474, 433, 33, 496, 96
-0.968498, 153, 225, 184, 352
-0.968688, 225, 153, 288, 216
-0.968719, 249, 137, 312, 200
-0.968757, 17, 1, 80, 128
-0.968771, 225, 193, 288, 256
-0.968788, 129, 193, 256, 256
-0.968916, 297, 193, 360, 256
-0.969084, 313, 153, 376, 216
-0.969099, 193, 297, 256, 360
-0.969303, 225, 129, 352, 192
-0.969375, 321, 241, 448, 368
-0.969933, 393, 113, 456, 176
-0.96995, 393, 65, 456, 128
-0.96997, 281, 73, 344, 136
-0.970008, 393, 145, 456, 208
-0.97013, 17, 17, 144, 144
-0.970184, 177, 193, 304, 256
-0.970223, 241, 105, 304, 168
-0.970265, 297, 281, 360, 344
-0.970321, 65, 225, 128, 288
-0.970636, 281, 49, 344, 112
-0.971165, 241, 153, 368, 216
-0.971481, 377, 193, 440, 320
-0.971487, 169, 201, 200, 264
-0.971616, 105, 1, 168, 64
-0.971633, 73, 145, 136, 272
-0.971709, 121, 113, 184, 176
-0.971736, 137, 169, 200, 232
-0.971867, 273, 305, 336, 368
-0.971909, 81, 233, 208, 296
-0.972045, 161, 129, 224, 192
-0.972141, 353, 185, 416, 248
-0.972306, 273, 57, 400, 120
-0.972401, 241, 97, 304, 224
-0.972416, 201, 241, 264, 368
-0.972755, 97, 201, 160, 264
-0.972815, 81, 209, 208, 272
-0.972863, 369, 33, 496, 96
-0.972886, 177, 273, 240, 336
-0.9729, 129, 217, 256, 280
-0.972987, 361, 1, 424, 256
-0.973092, 377, 201, 440, 264
-0.973102, 321, 289, 384, 352
-0.973135, 361, 153, 424, 216
-0.973156, 41, 281, 104, 344
-0.973164, 177, 153, 240, 216
-0.973243, 161, 313, 224, 375
-0.97327, 409, 313, 472, 375
-0.973319, 49, 313, 112, 375
-0.973356, 409, 1, 472, 256
-0.973422, 369, 65, 432, 128
-0.97343, 257, 217, 320, 280
-0.973449, 193, 9, 256, 72
-0.973513, 169, 177, 200, 304
-0.973599, 401, 41, 432, 104
-0.973609, 161, 81, 288, 208
-0.973614, 149, 201, 180, 264
-0.973621, 377, 97, 440, 352
-0.973651, 257, 97, 320, 352
-0.973674, 177, 1, 304, 64
-0.973816, 129, 281, 256, 344
-0.973826, 241, 81, 304, 144
-0.973854, 273, 289, 400, 352
-0.973872, 417, 65, 480, 192
-0.973909, 225, 193, 256, 256
-0.973916, 405, 145, 436, 272
-0.973957, 333, 169, 364, 232
-0.974049, 169, 1, 232, 256
-0.974114, 201, 97, 264, 352
-0.974154, 41, 225, 104, 288
-0.974243, 25, 137, 88, 200
-0.974298, 225, 193, 352, 256
-0.974316, 129, 281, 192, 344
-0.974352, 313, 33, 376, 288
-0.974482, 185, 217, 248, 280
-0.9745, 81, 241, 144, 368
-0.974515, 377, 1, 440, 128
-0.974517, 273, 281, 336, 344
-0.974528, 169, 9, 232, 72
-0.974596, 249, 305, 312, 368
-0.974662, 225, 305, 288, 368
-0.974739, 417, 57, 480, 120
-0.974901, 393, 89, 456, 152
-0.974914, 305, 129, 368, 375
-0.97493, 169, 129, 232, 375
-0.975062, 133, 209, 164, 272
-0.975097, 49, 137, 112, 200
-0.975112, 321, 145, 352, 272
-0.975232, 313, 193, 376, 320
-0.975256, 25, 161, 88, 224
-0.975407, 149, 225, 180, 288
-0.975494, 273, 129, 304, 256
-0.975595, 349, 177, 380, 240
-0.975601, 369, 89, 432, 152
-0.975652, 201, 105, 264, 168
-0.975721, 113, 137, 176, 200
-0.975751, 321, 1, 448, 128
-0.975851, 177, 129, 304, 192
-0.975861, 121, 97, 184, 352
-0.976132, 81, 121, 144, 184
-0.976142, 257, 241, 320, 368
-0.976149, 385, 1, 448, 256
-0.976229, 9, 1, 72, 64
-0.976244, 297, 257, 360, 320
-0.976248, 17, 89, 80, 152
-0.976317, 137, 1, 200, 256
-0.976379, 137, 9, 200, 72
-0.976385, 337, 241, 400, 304
-0.976389, 345, 289, 408, 352
-0.97642, 249, 49, 312, 176
-0.976684, 25, 113, 88, 176
-0.976707, 409, 17, 472, 80
-0.976728, 185, 97, 248, 224
-0.976742, 177, 297, 304, 360
-0.976829, 157, 177, 188, 304
-0.976836, 281, 97, 344, 352
-0.976867, 349, 161, 380, 288
-0.976868, 297, 225, 360, 288
-0.976883, 169, 225, 200, 352
-0.976902, 89, 145, 152, 208
-0.977024, 137, 137, 200, 200
-0.977024, 225, 73, 352, 136
-0.977122, 17, 33, 80, 96
-0.977185, 241, 1, 304, 256
-0.977209, 321, 265, 384, 328
-0.977214, 353, 1, 416, 128
-0.977234, 49, 113, 112, 240
-0.977428, 81, 129, 144, 375
-0.977442, 17, 225, 80, 288
-0.977526, 369, 113, 432, 176
-0.977601, 345, 265, 408, 328
-0.977705, 313, 97, 376, 160
-0.977736, 177, 217, 304, 280
-0.977742, 257, 9, 320, 72
-0.977757, 313, 129, 376, 192
-0.97778, 401, 169, 464, 232
-0.97779, 405, 169, 436, 232
-0.977868, 305, 145, 432, 208
-0.977909, 401, 97, 432, 224
-0.977927, 281, 25, 344, 88
-0.977936, 213, 193, 244, 256
-0.977968, 193, 153, 320, 216
-0.977975, 369, 313, 432, 375
-0.97807, 297, 305, 360, 368
-0.97812, 129, 305, 192, 368
-0.978242, 225, 105, 352, 168
-0.978303, 369, 57, 496, 120
-0.978305, 177, 105, 240, 168
-0.978347, 401, 81, 432, 144
-0.978361, 17, 57, 80, 120
-0.978377, 193, 273, 224, 336
-0.978387, 169, 249, 232, 312
-0.978401, 137, 81, 200, 208
-0.978431, 33, 129, 96, 375
-0.978434, 273, 153, 304, 216
-0.978437, 381, 49, 412, 176
-0.978445, 273, 241, 400, 304
-0.978458, 105, 297, 168, 360
-0.978471, 145, 97, 208, 352
-0.978525, 233, 217, 296, 280
-0.978565, 237, 145, 268, 272
-0.978924, 97, 129, 224, 192
-0.978925, 241, 41, 304, 104
-0.978944, 9, 297, 72, 360
-0.978975, 345, 65, 408, 128
-0.978976, 145, 177, 176, 304
-0.979039, 81, 257, 208, 320
-0.979075, 225, 97, 288, 352
-0.979174, 65, 249, 128, 312
-0.979261, 421, 49, 452, 176
-0.979261, 1, 113, 64, 240
-0.979274, 389, 177, 420, 304
-0.979286, 417, 193, 480, 256
-0.979407, 325, 33, 356, 160
-0.979453, 217, 65, 280, 192
-0.979464, 269, 1, 300, 128
-0.979718, 345, 217, 408, 280
-0.979721, 337, 185, 464, 248
-0.979724, 105, 265, 168, 328
-0.979829, 149, 249, 180, 312
-0.979891, 285, 193, 316, 256
-0.979904, 9, 193, 72, 320
-0.979985, 45, 249, 76, 312
-0.980048, 321, 121, 448, 184
-0.980076, 169, 225, 200, 288
-0.980079, 201, 153, 264, 216
-0.98008, 265, 1, 328, 256
-0.980102, 309, 193, 340, 320
-0.980106, 313, 73, 376, 136
-0.980124, 417, 49, 448, 112
-0.980162, 17, 153, 144, 216
-0.98017, 253, 129, 284, 192
-0.980191, 97, 177, 160, 304
-0.980193, 57, 161, 120, 224
-0.980195, 33, 305, 160, 368
-0.980243, 241, 281, 304, 344
-0.980307, 337, 153, 400, 216
-0.980376, 17, 257, 80, 320
-0.980425, 201, 265, 264, 328
-0.980436, 245, 1, 276, 128
-0.980448, 433, 9, 496, 72
-0.980454, 337, 161, 368, 288
-0.980478, 165, 177, 196, 240
-0.980483, 181, 193, 212, 256
-0.980485, 17, 257, 144, 320
-0.980517, 1, 137, 64, 200
-0.980562, 17, 129, 144, 192
-0.980579, 445, 33, 476, 96
-0.980581, 81, 1, 144, 64
-0.980591, 313, 1, 376, 375
-0.980601, 337, 129, 400, 375
-0.980652, 33, 201, 96, 264
-0.980681, 369, 17, 432, 80
-0.98069, 405, 49, 436, 176
-0.980714, 209, 217, 272, 280
-0.98073, 313, 161, 344, 224
-0.98089, 221, 113, 252, 240
-0.980891, 261, 145, 292, 272
-0.980906, 401, 105, 432, 168
-0.980941, 81, 289, 208, 352
-0.980943, 405, 145, 436, 208
-0.98095, 321, 57, 352, 120
-0.980955, 285, 161, 316, 288
-0.981002, 337, 33, 400, 288
-0.981058, 365, 177, 396, 304
-0.981102, 289, 1, 352, 64
-0.981121, 81, 97, 144, 160
-0.981157, 225, 209, 288, 336
-0.981164, 253, 1, 284, 64
-0.981196, 97, 65, 224, 192
-0.981202, 49, 241, 80, 368
-0.981267, 237, 121, 268, 184
-0.981301, 321, 201, 384, 264
-0.98137, 145, 97, 208, 160
-0.981458, 17, 89, 144, 152
-0.981463, 417, 129, 480, 192
-0.981466, 225, 41, 352, 104
-0.981514, 265, 193, 296, 256
-0.981548, 129, 257, 256, 320
-0.98162, 469, 33, 500, 96
-0.98163, 221, 1, 252, 128
-0.98173, 169, 289, 200, 352
-0.98178, 17, 209, 144, 272
-0.9819, 273, 209, 400, 272
-0.981987, 429, 33, 460, 96
-0.982007, 241, 1, 272, 64
-0.982084, 345, 41, 376, 104
-0.982087, 209, 177, 240, 304
-0.982088, 237, 193, 268, 256
-0.982125, 353, 313, 480, 375
-0.98213, 225, 217, 352, 280
-0.982212, 273, 265, 400, 328
-0.982249, 297, 185, 328, 248
-0.982321, 345, 1, 408, 375
-0.982374, 225, 129, 256, 192
-0.982394, 369, 209, 496, 272
-0.9824, 369, 105, 496, 168
-0.982479, 33, 281, 160, 344
-0.982496, 249, 129, 280, 256
-0.982502, 289, 1, 352, 128
-0.982516, 193, 1, 256, 256
-0.982555, 157, 281, 188, 344
-0.982569, 129, 193, 160, 320
-0.982601, 385, 185, 416, 248
-0.982651, 281, 1, 344, 375
-0.982658, 425, 193, 488, 320
-0.982841, 69, 233, 100, 296
-0.982917, 1, 65, 64, 192
-0.98292, 113, 233, 144, 296
-0.983024, 209, 129, 240, 256
-0.983071, 305, 225, 336, 288
-0.983084, 97, 225, 128, 288
-0.983138, 325, 145, 356, 208
-0.983138, 81, 1, 208, 64
-0.983149, 381, 41, 412, 104
-0.98316, 129, 169, 256, 232
-0.983216, 65, 225, 96, 352
-0.983233, 441, 17, 472, 144
-0.983245, 253, 193, 284, 256
-0.983251, 369, 1, 432, 375
-0.983253, 321, 65, 448, 128
-0.983276, 229, 193, 260, 320
-0.983286, 181, 225, 212, 352
-0.983292, 321, 241, 352, 368
-0.983341, 365, 185, 396, 248
-0.983535, 129, 97, 160, 224
-0.983547, 125, 1, 156, 128
-0.983578, 433, 1, 496, 256
-0.983698, 201, 193, 232, 256
-0.983744, 165, 1, 196, 128
-0.983757, 41, 225, 72, 288
-0.983758, 193, 1, 224, 128
-0.983776, 141, 129, 172, 256
-0.983776, 177, 129, 208, 256
-0.983793, 269, 129, 300, 192
-0.98382, 181, 177, 212, 304
-0.98387, 169, 257, 200, 320
-0.983877, 309, 145, 340, 272
-0.983903, 181, 281, 212, 344
-0.98395, 401, 97, 464, 352
-0.983987, 289, 89, 416, 152
-0.98408, 85, 241, 116, 304
-0.984129, 81, 313, 208, 375
-0.984164, 233, 1, 264, 128
-0.984169, 129, 305, 256, 368
-0.984177, 217, 1, 280, 375
-0.984222, 205, 297, 236, 360
-0.984235, 89, 1, 152, 128
-0.98426, 129, 17, 256, 80
-0.984305, 457, 33, 488, 96
-0.98435, 129, 113, 160, 176
-0.984369, 289, 1, 352, 256
-0.984442, 9, 241, 72, 368
-0.984446, 393, 1, 456, 375
-0.984475, 205, 1, 236, 128
-0.984487, 25, 33, 88, 288
-0.984562, 389, 161, 420, 224
-0.984565, 177, 1, 208, 128
-0.984631, 193, 273, 320, 336
-0.984641, 113, 1, 144, 64
-0.984646, 9, 129, 72, 375
-0.984706, 225, 313, 352, 375
-0.984719, 385, 129, 416, 256
-0.984746, 129, 241, 160, 304
-0.984801, 1, 41, 128, 104
-0.98482, 229, 9, 260, 72
-0.984888, 361, 241, 424, 368
-0.985008, 265, 1, 296, 64
-0.985008, 369, 81, 496, 144
-0.985141, 189, 217, 220, 280
-0.985168, 257, 17, 384, 80
-0.985215, 333, 41, 364, 104
-0.985215, 273, 121, 400, 184
-0.985216, 161, 81, 224, 208
-0.985218, 369, 241, 496, 368
-0.985277, 73, 65, 136, 192
-0.985277, 57, 129, 120, 375
-0.9853, 285, 161, 316, 224
-0.985314, 265, 305, 296, 368
-0.985325, 189, 129, 220, 256
-0.985351, 417, 1, 480, 375
-0.985353, 417, 25, 448, 88
-0.98536, 137, 241, 168, 368
-0.985449, 125, 1, 156, 64
-0.985496, 153, 1, 184, 128
-0.985496, 93, 241, 124, 368
-0.985584, 73, 33, 136, 288
-0.985597, 245, 89, 276, 152
-0.985618, 301, 241, 332, 368
-0.985709, 305, 289, 336, 352
-0.985756, 137, 1, 168, 128
-0.985807, 241, 1, 304, 375
-0.98583, 1, 1, 128, 64
-0.985855, 353, 161, 480, 224
-0.985884, 321, 273, 352, 336
-0.985953, 249, 193, 280, 320
-0.986036, 217, 1, 280, 256
-0.986108, 285, 113, 316, 240
-0.986157, 357, 41, 388, 104
-0.986161, 161, 97, 288, 160
-0.98627, 213, 129, 244, 192
-0.98627, 249, 305, 280, 368
-0.986277, 113, 1, 176, 256
-0.986329, 317, 193, 348, 256
-0.986349, 121, 209, 152, 272
-0.986456, 249, 153, 280, 216
-0.986469, 305, 113, 336, 176
-0.986477, 137, 185, 168, 248
-0.986531, 369, 129, 496, 192
-0.986533, 77, 225, 108, 352
-0.986576, 1, 65, 128, 128
-0.986644, 365, 33, 396, 160
-0.986657, 289, 217, 320, 280
-0.986716, 177, 313, 208, 375
-0.986749, 313, 97, 344, 224
-0.986858, 121, 233, 184, 264
-0.986863, 1, 33, 64, 288
-0.986888, 57, 241, 88, 304
-0.986952, 169, 129, 200, 192
-0.986969, 149, 177, 180, 240
-0.986984, 153, 129, 184, 192
-0.986993, 201, 9, 232, 72
-0.987006, 301, 49, 332, 176
-0.98705, 193, 225, 224, 352
-0.98709, 65, 185, 192, 248
-0.987098, 297, 177, 328, 304
-0.987111, 345, 153, 376, 216
-0.987113, 65, 153, 192, 216
-0.987221, 257, 1, 288, 128
-0.987304, 385, 241, 448, 368
-0.987338, 141, 9, 172, 72
-0.987356, 233, 297, 264, 360
-0.987382, 209, 153, 240, 216
-0.987478, 285, 305, 316, 368
-0.987545, 161, 313, 192, 375
-0.987622, 329, 49, 392, 80
-0.987655, 441, 313, 472, 375
-0.987738, 109, 209, 140, 272
-0.987757, 381, 65, 412, 128
-0.987776, 453, 17, 484, 144
-0.987908, 81, 217, 112, 280
-0.987937, 193, 297, 224, 360
-0.987945, 189, 9, 220, 72
-0.987945, 333, 241, 364, 304
-0.988046, 165, 129, 196, 256
-0.988052, 469, 17, 500, 144
-0.988158, 33, 1, 96, 375
-0.988305, 181, 137, 212, 200
-0.988308, 113, 105, 240, 168
-0.988327, 237, 153, 268, 216
-0.988376, 321, 265, 448, 328
-0.988415, 217, 9, 248, 72
-0.988435, 33, 161, 64, 224
-0.98846, 385, 49, 448, 80
-0.988478, 165, 17, 196, 80
-0.988574, 45, 193, 76, 320
-0.988582, 281, 133, 344, 164
-0.988583, 433, 145, 496, 272
-0.988646, 177, 1, 240, 375
-0.988662, 309, 49, 340, 112
-0.988682, 41, 145, 72, 272
-0.988692, 137, 281, 168, 344
-0.988706, 321, 289, 448, 352
-0.988707, 353, 53, 416, 84
-0.988723, 29, 137, 60, 200
-0.988739, 1, 281, 256, 344
-0.988742, 97, 241, 160, 272
-0.988832, 433, 129, 496, 375
-0.988847, 1, 241, 256, 304
-0.988862, 261, 89, 292, 152
-0.988903, 41, 249, 104, 280
-0.988907, 225, 133, 288, 164
-0.988939, 205, 273, 236, 336
-0.988992, 161, 285, 224, 316
-0.989052, 257, 205, 320, 236
-0.989133, 369, 289, 400, 352
-0.98914, 369, 41, 400, 104
-0.989144, 337, 281, 368, 344
-0.989155, 313, 61, 376, 92
-0.989167, 109, 225, 140, 352
-0.989203, 293, 137, 324, 200
-0.989221, 329, 181, 392, 212
-0.989226, 121, 245, 184, 276
-0.989237, 401, 1, 432, 128
-0.989246, 337, 1, 368, 128
-0.989247, 201, 129, 232, 192
-0.989262, 113, 113, 144, 240
-0.98928, 321, 241, 448, 304
-0.989293, 353, 177, 416, 208
-0.989306, 97, 249, 128, 312
-0.989308, 389, 313, 420, 375
-0.989315, 153, 1, 216, 375
-0.98933, 153, 113, 184, 240
-0.989403, 145, 269, 208, 300
-0.989428, 329, 193, 360, 256
-0.989447, 97, 209, 352, 272
-0.98947, 221, 297, 252, 360
-0.989486, 289, 53, 352, 84
-0.989501, 433, 37, 496, 68
-0.989525, 377, 177, 440, 208
-0.989572, 321, 217, 448, 280
-0.989618, 49, 33, 112, 288
-0.989636, 281, 121, 344, 152
-0.989654, 97, 1, 160, 375
-0.989687, 185, 133, 248, 164
-0.989727, 353, 33, 384, 160
-0.989739, 185, 217, 248, 248
-0.989745, 241, 121, 304, 152
-0.989761, 65, 241, 128, 272
-0.989777, 145, 229, 208, 260
-0.989785, 65, 1, 128, 375
-0.989794, 289, 181, 352, 212
-0.989795, 433, 57, 464, 120
-0.989801, 193, 193, 448, 256
-0.989802, 345, 233, 376, 296
-0.989807, 409, 61, 472, 92
-0.989809, 161, 145, 416, 208
-0.98981, 369, 209, 400, 272
-0.989817, 281, 129, 312, 192
-0.989823, 185, 309, 248, 340
-0.989882, 313, 169, 376, 200
-0.989885, 409, 41, 472, 72
-0.989891, 193, 113, 448, 176
-0.9899, 281, 109, 344, 140
-0.989901, 369, 241, 400, 368
-0.98995, 137, 189, 200, 220
-0.989954, 149, 313, 180, 375
-0.989961, 177, 17, 208, 80
-0.989974, 249, 145, 312, 176
-0.989978, 289, 169, 352, 200
-0.989991, 9, 1, 72, 375
-0.990073, 237, 217, 268, 280
-0.990079, 121, 1, 184, 375
-0.990093, 65, 129, 320, 192
-0.990099, 169, 273, 232, 304
-0.990135, 281, 305, 344, 336
-0.990155, 257, 177, 320, 208
-0.990162, 393, 145, 456, 176
-0.990188, 257, 217, 320, 248
-0.99019, 121, 201, 184, 232
-0.990222, 273, 193, 336, 224
-0.990229, 377, 189, 440, 220
-0.990234, 281, 81, 344, 112
-0.990247, 393, 125, 456, 156
-0.990278, 273, 65, 304, 128
-0.990299, 385, 65, 448, 96
-0.990301, 193, 249, 320, 312
-0.990341, 305, 289, 368, 320
-0.99035, 301, 97, 332, 224
-0.990357, 209, 145, 272, 176
-0.990358, 73, 145, 104, 272
-0.990358, 245, 41, 276, 104
-0.990362, 385, 37, 448, 68
-0.990378, 393, 165, 456, 196
-0.990379, 113, 141, 176, 172
-0.990381, 145, 213, 208, 244
-0.990383, 141, 137, 172, 200
-0.990386, 361, 41, 424, 72
-0.990447, 281, 97, 344, 128
-0.990466, 209, 217, 240, 280
-0.990479, 225, 217, 256, 280
-0.990481, 305, 257, 336, 320
-0.990491, 153, 133, 216, 164
-0.990517, 257, 137, 500, 200
-0.990526, 153, 321, 216, 352
-0.990532, 209, 305, 272, 336
-0.990576, 241, 309, 304, 340
-0.990588, 321, 193, 352, 320
-0.990588, 337, 225, 368, 352
-0.990629, 41, 329, 104, 360
-0.990634, 1, 305, 256, 368
-0.990637, 5, 49, 36, 176
-0.990648, 169, 197, 232, 228
-0.990668, 393, 113, 456, 144
-0.990726, 129, 281, 192, 312
-0.990727, 41, 301, 104, 332
-0.990729, 93, 193, 124, 320
-0.990735, 273, 145, 336, 176
-0.990748, 281, 69, 344, 100
-0.990765, 289, 313, 416, 375
-0.990775, 129, 257, 192, 288
-0.990785, 217, 121, 280, 152
-0.990791, 241, 109, 304, 140
-0.990806, 97, 229, 160, 260
-0.990815, 313, 193, 376, 224
-0.990828, 17, 185, 144, 248
-0.990836, 201, 9, 264, 40
-0.990882, 393, 77, 456, 108
-0.990889, 105, 5, 168, 36
-0.990923, 49, 341, 112, 372
-0.990932, 281, 205, 344, 236
-0.990953, 353, 189, 416, 220
-0.990969, 233, 9, 296, 40
-0.990977, 225, 193, 288, 224
-0.991012, 369, 265, 496, 328
-0.991039, 233, 205, 296, 236
-0.991048, 49, 317, 112, 348
-0.991056, 353, 165, 416, 196
-0.991061, 241, 93, 304, 124
-0.991068, 89, 209, 152, 240
-0.991086, 121, 129, 184, 160
-0.991095, 113, 65, 176, 192
-0.991098, 273, 157, 336, 188
-0.991118, 249, 133, 312, 164
-0.991133, 225, 217, 288, 248
-0.991147, 25, 153, 88, 184
-0.991157, 297, 277, 360, 308
-0.991177, 393, 101, 456, 132
-0.991185, 377, 201, 440, 232
-0.991187, 237, 65, 268, 192
-0.99119, 25, 165, 88, 196
-0.991195, 349, 225, 380, 352
-0.991206, 177, 17, 240, 48
-0.991225, 201, 189, 264, 220
-0.99123, 121, 221, 184, 252
-0.991241, 57, 145, 88, 272
-0.991278, 121, 117, 184, 148
-0.991284, 33, 233, 96, 264
-0.991287, 29, 145, 60, 272
-0.991298, 421, 113, 452, 240
-0.9913, 369, 289, 496, 352
-0.991312, 313, 33, 344, 160
-0.991314, 201, 205, 264, 236
-0.991324, 73, 229, 136, 260
-0.991349, 393, 49, 424, 176
-0.991381, 153, 145, 216, 176
-0.991391, 41, 289, 104, 320
-0.991425, 369, 77, 432, 108
-0.991451, 121, 269, 184, 300
-0.991451, 321, 301, 384, 332
-0.991463, 1, 1, 256, 64
-0.991464, 1, 217, 256, 280
-0.991484, 249, 161, 312, 192
-0.991484, 1, 313, 500, 375
-0.991516, 81, 129, 144, 160
-0.991524, 185, 145, 248, 176
-0.991526, 337, 289, 400, 320
-0.991534, 353, 65, 416, 96
-0.991536, 1, 193, 256, 256
-0.991547, 121, 233, 152, 264
-0.991551, 297, 229, 360, 260
-0.99156, 201, 293, 264, 324
-0.991567, 225, 181, 288, 212
-0.991568, 41, 261, 104, 292
-0.991575, 129, 13, 192, 44
-0.991582, 13, 97, 44, 224
-0.991584, 361, 49, 392, 80
-0.9916, 149, 229, 180, 260
-0.991606, 193, 273, 256, 304
-0.991612, 325, 53, 356, 84
-0.99162, 293, 1, 324, 128
-0.991634, 393, 89, 456, 120
-0.991645, 337, 237, 400, 268
-0.991667, 153, 21, 216, 52
-0.991673, 281, 289, 344, 320
-0.991676, 433, 57, 496, 88
-0.991677, 33, 221, 96, 252
-0.991681, 249, 193, 312, 224
-0.991701, 225, 65, 256, 192
-0.991705, 161, 185, 224, 216
-0.991707, 169, 229, 232, 260
-0.991714, 161, 257, 224, 288
-0.991717, 241, 49, 304, 80
-0.991726, 33, 97, 64, 224
-0.991735, 1, 105, 256, 168
-0.991736, 145, 241, 208, 272
-0.991752, 169, 121, 232, 152
-0.991766, 137, 177, 200, 208
-0.991786, 105, 237, 136, 268
-0.991789, 9, 1, 72, 32
-0.991815, 257, 41, 500, 104
-0.991817, 41, 277, 104, 308
-0.991817, 17, 97, 80, 128
-0.991845, 325, 97, 356, 224
-0.991853, 97, 289, 352, 352
-0.991868, 337, 49, 368, 80
-0.991872, 93, 145, 124, 272
-0.991893, 217, 133, 248, 164
-0.9919, 397, 45, 428, 76
-0.991926, 369, 129, 400, 256
-0.991931, 97, 9, 352, 72
-0.991932, 349, 177, 380, 208
-0.991941, 137, 229, 168, 260
-0.991967, 349, 49, 380, 80
-0.991975, 237, 133, 268, 164
-0.992003, 1, 185, 500, 248
-0.992008, 373, 45, 404, 76
-0.992015, 193, 169, 448, 232
-0.992091, 385, 1, 416, 128
-0.992102, 377, 177, 408, 304
-0.992115, 97, 185, 352, 248
-0.992165, 193, 277, 224, 308
-0.9922, 337, 177, 368, 208
-0.992208, 277, 201, 308, 232
-0.992219, 93, 241, 124, 272
-0.992223, 193, 297, 448, 360
-0.992259, 1, 1, 32, 128
-0.992339, 313, 173, 344, 204
-0.992353, 1, 145, 500, 208
-0.992355, 285, 213, 316, 244
-0.992362, 25, 241, 56, 368
-0.99238, 1, 241, 500, 304
-0.992386, 209, 241, 240, 368
-0.992397, 261, 193, 292, 320
-0.992425, 141, 197, 172, 228
-0.992449, 169, 229, 200, 260
-0.992484, 321, 65, 352, 96
-0.992518, 193, 217, 448, 280
-0.992555, 301, 189, 332, 220
-0.992571, 153, 281, 184, 312
-0.992575, 401, 97, 432, 128
-0.992585, 257, 141, 288, 172
-0.992593, 265, 205, 296, 236
-0.992594, 273, 165, 304, 196
-0.992639, 45, 253, 76, 284
-0.99266, 1, 153, 256, 216
-0.992672, 149, 253, 180, 284
-0.992673, 285, 209, 316, 336
-0.992677, 217, 145, 248, 176
-0.992678, 401, 113, 432, 144
-0.992713, 401, 81, 432, 112
-0.992722, 345, 113, 376, 240
-0.992726, 381, 57, 412, 88
-0.992745, 405, 177, 436, 208
-0.99276, 149, 241, 180, 272
-0.992761, 185, 225, 216, 256
-0.992767, 369, 9, 496, 72
-0.992777, 177, 57, 304, 120
-0.992787, 221, 197, 252, 228
-0.992799, 153, 197, 184, 228
-0.992799, 417, 41, 448, 72
-0.9928, 361, 181, 392, 212
-0.992821, 385, 45, 416, 76
-0.992831, 457, 37, 488, 68
-0.992849, 309, 53, 340, 84
-0.992853, 209, 217, 240, 248
-0.992863, 401, 69, 432, 100
-0.992879, 429, 37, 460, 68
-0.992882, 469, 193, 500, 320
-0.992895, 405, 165, 436, 196
-0.992901, 189, 197, 220, 228
-0.992936, 213, 309, 244, 340
-0.992941, 129, 205, 160, 236
-0.992952, 289, 201, 320, 232
-0.992965, 273, 145, 304, 176
-0.992969, 97, 241, 352, 304
-0.99297, 173, 273, 204, 304
-0.99299, 401, 125, 432, 156
-0.99299, 173, 321, 204, 352
-0.992991, 321, 185, 352, 216
-0.992994, 73, 245, 104, 276
-0.993016, 353, 45, 480, 76
-0.993033, 129, 245, 160, 276
-0.993036, 169, 205, 200, 236
-0.99305, 21, 1, 52, 128
-0.993067, 325, 157, 356, 188
-0.993083, 245, 93, 276, 124
-0.993091, 1, 209, 500, 272
-0.993101, 153, 269, 184, 300
-0.993106, 169, 189, 200, 220
-0.993111, 405, 153, 436, 184
-0.993134, 161, 133, 192, 164
-0.993151, 157, 217, 188, 248
-0.993151, 105, 1, 136, 32
-0.993153, 325, 169, 356, 200
-0.993156, 421, 61, 452, 92
-0.993166, 445, 37, 476, 68
-0.993168, 49, 65, 112, 192
-0.993169, 273, 125, 304, 156
-0.993181, 201, 305, 232, 336
-0.993194, 469, 33, 500, 64
-0.993202, 401, 137, 432, 168
-0.993208, 197, 217, 228, 248
-0.993208, 161, 329, 192, 360
-0.993212, 193, 89, 448, 152
-0.993223, 257, 65, 500, 128
-0.99323, 1, 289, 500, 352
-0.993238, 205, 133, 236, 164
-0.993239, 261, 97, 292, 224
-0.993243, 237, 313, 268, 344
-0.993246, 305, 229, 336, 260
-0.993256, 129, 137, 160, 168
-0.993267, 245, 217, 276, 248
-0.993267, 181, 285, 212, 316
-0.993276, 373, 177, 404, 208
-0.993297, 221, 185, 252, 216
-0.993299, 33, 165, 64, 196
-0.993313, 289, 309, 320, 340
-0.993321, 237, 121, 268, 152
-0.993322, 61, 249, 92, 280
-0.993332, 261, 193, 292, 224
-0.993335, 253, 313, 284, 344
-0.993344, 229, 301, 260, 332
-0.993346, 201, 185, 232, 216
-0.993347, 233, 9, 264, 40
-0.993355, 389, 185, 420, 216
-0.993359, 109, 225, 140, 256
-0.993372, 249, 125, 280, 156
-0.993382, 145, 133, 176, 164
-0.993385, 161, 265, 416, 328
-0.993385, 305, 297, 336, 328
-0.993395, 185, 317, 216, 348
-0.993412, 125, 117, 156, 148
-0.993413, 157, 293, 188, 324
-0.993437, 113, 1, 144, 128
-0.993441, 353, 61, 384, 92
-0.993442, 289, 53, 416, 84
-0.993446, 185, 49, 248, 176
-0.99345, 205, 145, 236, 176
-0.993456, 265, 313, 296, 344
-0.99346, 117, 245, 148, 276
-0.993471, 141, 209, 172, 240
-0.993476, 237, 205, 268, 236
-0.993494, 281, 1, 312, 128
-0.993496, 193, 177, 224, 304
-0.9935, 389, 165, 420, 196
-0.9935, 205, 13, 236, 44
-0.993515, 229, 145, 260, 176
-0.993519, 149, 321, 180, 352
-0.993521, 65, 105, 192, 168
-0.993531, 405, 201, 436, 232
-0.993542, 93, 229, 124, 260
-0.993552, 209, 205, 240, 236
-0.993561, 189, 17, 220, 48
-0.993564, 429, 49, 460, 80
-0.993565, 221, 9, 252, 40
-0.993565, 81, 241, 208, 272
-0.993565, 225, 217, 256, 248
-0.993579, 161, 177, 192, 208
-0.993581, 441, 321, 472, 352
-0.993583, 305, 285, 336, 316
-0.993587, 125, 221, 156, 252
-0.993588, 285, 161, 316, 192
-0.993589, 189, 133, 220, 164
-0.993594, 305, 201, 336, 232
-0.993596, 165, 145, 196, 176
-0.993599, 117, 5, 148, 36
-0.993613, 249, 109, 280, 140
-0.993624, 429, 1, 460, 128
-0.993624, 277, 313, 308, 344
-0.993659, 225, 141, 352, 172
-0.993691, 1, 265, 500, 328
-0.993713, 273, 81, 304, 208
-0.993783, 193, 217, 320, 248
-0.993824, 97, 313, 352, 375
-0.993888, 321, 17, 448, 80
-0.994002, 33, 245, 160, 276
-0.994016, 163, 201, 178, 264
-0.994155, 257, 177, 384, 208
-0.994174, 171, 209, 186, 272
-0.994199, 409, 241, 472, 368
-0.994204, 181, 201, 196, 264
-0.994222, 449, 193, 480, 320
-0.994288, 1, 81, 256, 144
-0.994303, 343, 169, 358, 232
-0.994304, 227, 193, 242, 256
-0.994344, 1, 25, 256, 88
-0.994387, 129, 301, 256, 332
-0.994528, 177, 197, 304, 228
-0.994606, 249, 81, 280, 208
-0.994618, 149, 201, 164, 264
-0.994669, 1, 49, 256, 112
-0.994685, 257, 9, 500, 72
-0.994711, 113, 229, 240, 260
-0.994713, 289, 65, 416, 96
-0.994724, 113, 205, 240, 236
-0.994756, 289, 153, 304, 216
-0.994796, 49, 1, 112, 128
-0.994807, 417, 1, 448, 128
-0.99481, 193, 241, 448, 304
-0.994815, 279, 137, 294, 200
-0.994817, 369, 241, 496, 304
-0.994841, 351, 169, 366, 232
-0.994843, 257, 165, 384, 196
-0.994863, 289, 65, 320, 192
-0.994903, 225, 93, 352, 124
-0.994916, 157, 201, 172, 264
-0.994927, 421, 49, 436, 112
-0.994939, 1, 121, 500, 184
-0.99495, 177, 9, 304, 40
-0.99495, 273, 193, 400, 224
-0.994959, 145, 137, 272, 168
-0.994961, 269, 241, 300, 368
-0.995, 225, 205, 352, 236
-0.995015, 241, 53, 368, 84
-0.995048, 233, 193, 248, 256
-0.995069, 45, 233, 60, 296
-0.995081, 161, 313, 288, 344
-0.995083, 97, 97, 352, 160
-0.995093, 141, 217, 156, 280
-0.995096, 265, 193, 280, 256
-0.995097, 259, 129, 274, 192
-0.995113, 401, 1, 432, 256
-0.995121, 417, 177, 448, 304
-0.995169, 321, 149, 448, 180
-0.995171, 203, 273, 218, 336
-0.995174, 135, 209, 150, 272
-0.995204, 241, 193, 256, 256
-0.995223, 357, 169, 372, 232
-0.995226, 273, 205, 400, 236
-0.995229, 177, 149, 304, 180
-0.99523, 129, 289, 256, 320
-0.99524, 253, 113, 268, 176
-0.995244, 369, 61, 496, 92
-0.995267, 17, 229, 144, 260
-0.995278, 323, 161, 338, 224
-0.995283, 17, 145, 48, 272
-0.995305, 221, 193, 236, 256
-0.995308, 185, 81, 216, 208
-0.995309, 129, 73, 256, 136
-0.99531, 25, 49, 56, 176
-0.995345, 217, 97, 248, 352
-0.995358, 225, 129, 352, 160
-0.995362, 29, 193, 60, 320
-0.995375, 17, 145, 144, 176
-0.995383, 237, 241, 268, 368
-0.995396, 129, 41, 384, 104
-0.995404, 321, 137, 448, 168
-0.995432, 193, 297, 320, 328
-0.995435, 363, 177, 378, 240
-0.995454, 143, 193, 158, 256
-0.99546, 273, 305, 400, 336
-0.995474, 145, 185, 272, 216
-0.995482, 93, 241, 108, 304
-0.995494, 275, 169, 290, 232
-0.995527, 181, 289, 196, 352
-0.995534, 443, 33, 458, 96
-0.995539, 337, 169, 352, 232
-0.99554, 381, 1, 412, 256
-0.99555, 309, 185, 324, 248
-0.99555, 33, 217, 160, 248
-0.99556, 17, 321, 144, 352
-0.995563, 209, 313, 336, 344
-0.995567, 97, 145, 224, 176
-0.995582, 389, 185, 404, 248
-0.995589, 225, 105, 352, 136
-0.995591, 225, 81, 352, 112
-0.995597, 243, 1, 258, 64
-0.995603, 81, 253, 208, 284
-0.995606, 229, 129, 244, 192
-0.995616, 271, 193, 286, 256
-0.995617, 225, 193, 352, 224
-0.995621, 177, 33, 304, 96
-0.995622, 137, 129, 168, 375
-0.995624, 17, 125, 144, 156
-0.995648, 457, 33, 472, 96
-0.995648, 129, 277, 256, 308
-0.995656, 187, 201, 202, 264
-0.995661, 399, 153, 414, 216
-0.995664, 435, 33, 450, 96
-0.995699, 245, 97, 276, 352
-0.995702, 199, 201, 214, 264
-0.995705, 1, 165, 128, 196
-0.995723, 325, 49, 340, 112
-0.995724, 427, 33, 442, 96
-0.995733, 453, 65, 484, 192
-0.995734, 225, 153, 352, 184
-0.995739, 485, 33, 500, 96
-0.995741, 247, 129, 262, 192
-0.995748, 305, 181, 432, 212
-0.99575, 329, 153, 344, 216
-0.995754, 105, 65, 136, 192
-0.995756, 193, 201, 208, 264
-0.995758, 97, 313, 112, 375
-0.995762, 125, 233, 140, 296
-0.995764, 175, 177, 190, 240
-0.995771, 449, 33, 464, 96
-0.995779, 173, 233, 188, 296
-0.995789, 349, 41, 364, 104
-0.99579, 151, 225, 166, 288
-0.995795, 369, 121, 496, 152
-0.995808, 273, 281, 400, 312
-0.995829, 299, 201, 314, 264
-0.99583, 273, 237, 400, 268
-0.995837, 81, 265, 208, 296
-0.995841, 257, 273, 500, 336
-0.995843, 421, 1, 452, 256
-0.995844, 273, 293, 400, 324
-0.995858, 317, 169, 332, 232
-0.995865, 219, 129, 234, 192
-0.995868, 273, 249, 400, 280
-0.99587, 143, 241, 158, 304
-0.99588, 225, 69, 352, 100
-0.995893, 311, 225, 326, 288
-0.995896, 273, 137, 288, 200
-0.995899, 33, 345, 160, 375
-0.995899, 169, 289, 184, 352
-0.995904, 181, 177, 196, 240
-0.995905, 1, 9, 500, 72
-0.995912, 479, 33, 494, 96
-0.995919, 305, 121, 432, 152
-0.99593, 273, 269, 400, 300
-0.995937, 273, 221, 400, 252
-0.995938, 197, 281, 212, 344
-0.995948, 213, 193, 228, 256
-0.995965, 257, 1, 272, 64
-0.995969, 353, 317, 480, 348
-0.995985, 209, 181, 336, 212
-0.996026, 169, 185, 184, 248
-0.996027, 369, 213, 496, 244
-0.99604, 263, 1, 278, 64
-0.996053, 437, 145, 468, 272
-0.996054, 369, 141, 496, 172
-0.996061, 289, 77, 416, 108
-0.99607, 279, 193, 294, 256
-0.996085, 17, 257, 144, 288
-0.996094, 465, 313, 480, 375
-0.996107, 321, 161, 448, 192
-0.996123, 285, 193, 300, 256
-0.996133, 201, 1, 232, 256
-0.996144, 17, 113, 144, 144
-0.996147, 161, 225, 176, 288
-0.996149, 105, 225, 120, 288
-0.996152, 99, 241, 114, 304
-0.99617, 241, 113, 256, 176
-0.996172, 17, 309, 144, 340
-0.996185, 269, 1, 284, 64
-0.996188, 411, 41, 426, 104
-0.996189, 81, 9, 208, 40
-0.996191, 293, 193, 308, 256
-0.996192, 81, 313, 208, 344
-0.996199, 119, 225, 134, 288
-0.996204, 161, 1, 192, 256
-0.996214, 97, 133, 224, 164
-0.99622, 81, 217, 208, 248
-0.996228, 209, 297, 224, 360
-0.996241, 273, 153, 400, 184
-0.996247, 273, 305, 288, 368
-0.996248, 405, 41, 420, 104
-0.996254, 355, 41, 370, 104
-0.996264, 273, 133, 400, 164
-0.996264, 33, 333, 160, 364
-0.996269, 225, 117, 352, 148
-0.996274, 161, 125, 288, 156
-0.99628, 129, 265, 256, 296
-0.996285, 251, 81, 266, 144
-0.996303, 209, 129, 224, 192
-0.996309, 97, 325, 224, 356
-0.996315, 129, 17, 256, 48
-0.996319, 161, 129, 176, 192
-0.996323, 89, 97, 120, 224
-0.99633, 257, 305, 272, 368
-0.996347, 265, 137, 280, 200
-0.996352, 421, 25, 436, 88
-0.996353, 149, 1, 180, 256
-0.996356, 189, 1, 220, 256
-0.996359, 321, 129, 352, 375
-0.996364, 81, 233, 96, 296
-0.996373, 267, 305, 282, 368
-0.996374, 325, 33, 356, 288
-0.996377, 151, 289, 166, 352
-0.996379, 401, 97, 432, 352
-0.996381, 317, 113, 332, 176
-0.99639, 343, 41, 358, 104
-0.996391, 161, 97, 192, 352
-0.996392, 1, 17, 128, 48
-0.996407, 281, 169, 296, 232
-0.996412, 463, 33, 478, 96
-0.996415, 17, 285, 144, 316
-0.99642, 127, 1, 142, 64
-0.996427, 371, 185, 386, 248
-0.996439, 235, 129, 250, 192
-0.99644, 249, 1, 264, 64
-0.996456, 177, 1, 208, 256
-0.996459, 1, 97, 500, 160
-0.996462, 81, 293, 208, 324
-0.996462, 133, 1, 148, 64
-0.996466, 207, 201, 222, 264
-0.996466, 225, 241, 256, 368
-0.996469, 209, 65, 240, 192
-0.996472, 305, 109, 432, 140
-0.996472, 189, 313, 204, 375
-0.996475, 285, 129, 316, 375
-0.996486, 1, 49, 128, 80
-0.996487, 17, 101, 144, 132
-0.9965, 321, 193, 448, 224
-0.996501, 369, 89, 496, 120
-0.996504, 65, 229, 192, 260
-0.996506, 17, 297, 144, 328
-0.996509, 399, 177, 414, 240
-0.996511, 145, 217, 272, 248
-0.996519, 369, 41, 384, 104
-0.99652, 309, 129, 340, 375
-0.996525, 57, 225, 72, 288
-0.996528, 273, 41, 400, 72
-0.996534, 257, 241, 288, 368
-0.996534, 381, 185, 396, 248
-0.996551, 465, 65, 496, 192
-0.996552, 391, 41, 406, 104
-0.996553, 67, 233, 82, 296
-0.996559, 87, 225, 102, 288
-0.996559, 175, 313, 190, 375
-0.996562, 17, 273, 144, 304
-0.996566, 159, 177, 174, 240
-0.996569, 1, 61, 128, 92
-0.996578, 289, 129, 304, 192
-0.996589, 187, 281, 202, 344
-0.996591, 353, 173, 480, 204
-0.996597, 111, 225, 126, 288
-0.996601, 119, 1, 134, 64
-0.996604, 161, 229, 288, 260
-0.996614, 473, 33, 488, 96
-0.996618, 369, 73, 496, 104
-0.996619, 129, 241, 256, 272
-0.99662, 279, 305, 294, 368
-0.996623, 389, 129, 420, 375
-0.99663, 1, 49, 500, 112
-0.996643, 1, 73, 128, 104
-0.99665, 81, 277, 208, 308
-0.99666, 1, 89, 128, 120
-0.996666, 289, 97, 416, 128
-0.996675, 193, 285, 320, 316
-0.996675, 265, 129, 296, 375
-0.996683, 275, 1, 290, 64
-0.996685, 237, 1, 252, 64
-0.996688, 361, 41, 376, 104
-0.996693, 225, 41, 352, 72
-0.996693, 175, 289, 190, 352
-0.996704, 153, 169, 168, 232
-0.996707, 217, 9, 232, 72
-0.996713, 455, 313, 470, 375
-0.996713, 229, 97, 260, 352
-0.996716, 247, 193, 262, 256
-0.996716, 97, 121, 224, 152
-0.996718, 73, 241, 88, 304
-0.996723, 171, 153, 186, 216
-0.996735, 269, 169, 284, 232
-0.996752, 325, 265, 340, 328
-0.996754, 125, 209, 140, 272
-0.996772, 129, 1, 256, 32
-0.996773, 369, 109, 496, 140
-0.996823, 173, 97, 204, 352
-0.99683, 125, 97, 156, 352
-0.996863, 353, 329, 480, 360
-0.996898, 1, 37, 128, 68
-0.996911, 141, 65, 172, 192
-0.996928, 369, 33, 496, 64
-0.996931, 257, 1, 384, 32
-0.996954, 401, 193, 464, 320
-0.996969, 65, 197, 192, 228
-0.99703, 129, 253, 256, 284
-0.997031, 289, 317, 416, 348
-0.997074, 1, 1, 128, 32
-0.997094, 81, 185, 208, 216
-0.997116, 353, 277, 480, 308
-0.997118, 229, 133, 244, 164
-0.997126, 193, 265, 320, 296
-0.997139, 149, 129, 180, 375
-0.997151, 161, 101, 288, 132
-0.997201, 333, 53, 348, 84
-0.997206, 209, 169, 336, 200
-0.997224, 367, 49, 382, 80
-0.99723, 177, 113, 304, 144
-0.997245, 369, 153, 496, 184
-0.997253, 321, 305, 448, 336
-0.997256, 129, 233, 144, 264
-0.997259, 325, 53, 340, 84
-0.997259, 193, 97, 224, 352
-0.997264, 339, 53, 354, 84
-0.99727, 361, 49, 376, 80
-0.99727, 205, 97, 236, 352
-0.997309, 139, 229, 154, 260
-0.997326, 343, 173, 358, 204
-0.997334, 275, 205, 290, 236
-0.99734, 373, 49, 388, 80
-0.997355, 313, 33, 344, 288
-0.99738, 81, 157, 208, 188
-0.997389, 369, 201, 496, 232
-0.997409, 117, 237, 132, 268
-0.997413, 225, 233, 352, 264
-0.997418, 161, 65, 416, 128
-0.997418, 49, 129, 80, 375
-0.997429, 393, 49, 408, 80
-0.997458, 293, 201, 308, 232
-0.997468, 369, 33, 400, 288
-0.99748, 21, 129, 52, 375
-0.997481, 193, 53, 320, 84
-0.997483, 109, 129, 140, 375
-0.997491, 341, 33, 372, 288
-0.9975, 237, 1, 268, 256
-0.9975, 273, 1, 304, 256
-0.997505, 1, 177, 128, 208
-0.997511, 321, 237, 448, 268
-0.997511, 353, 289, 480, 320
-0.997512, 145, 325, 272, 356
-0.997523, 359, 177, 374, 208
-0.997525, 223, 133, 238, 164
-0.997539, 129, 157, 256, 188
-0.997545, 353, 225, 480, 256
-0.997547, 345, 53, 360, 84
-0.997555, 77, 129, 108, 375
-0.997562, 123, 233, 138, 264
-0.997587, 151, 229, 166, 260
-0.997608, 379, 49, 394, 80
-0.99761, 285, 201, 300, 232
-0.997612, 325, 65, 340, 96
-0.997613, 355, 49, 370, 80
-0.99762, 449, 1, 480, 256
-0.997624, 291, 161, 306, 192
-0.997649, 171, 229, 186, 260
-0.997669, 353, 181, 368, 212
-0.997669, 337, 177, 352, 208
-0.997673, 89, 129, 120, 375
-0.99768, 93, 241, 108, 272
-0.997701, 145, 229, 160, 260
-0.997713, 163, 325, 178, 356
-0.997722, 265, 141, 280, 172
-0.997722, 297, 33, 328, 288
-0.997732, 313, 181, 328, 212
-0.997739, 105, 237, 120, 268
-0.997739, 153, 197, 168, 228
-0.997757, 111, 237, 126, 268
-0.997782, 325, 185, 340, 216
-0.997786, 203, 273, 218, 304
-0.997791, 385, 45, 400, 76
-0.997797, 261, 129, 276, 160
-0.997814, 437, 37, 452, 68
-0.997825, 209, 217, 224, 248
-0.997827, 279, 193, 294, 224
-0.997829, 183, 189, 198, 220
-0.99785, 365, 177, 380, 208
-0.997858, 99, 241, 114, 272
-0.997864, 323, 173, 338, 204
-0.997865, 141, 197, 156, 228
-0.997871, 257, 141, 272, 172
-0.997876, 329, 173, 344, 204
-0.997889, 223, 145, 238, 176
-0.997915, 45, 253, 60, 284
-0.997938, 269, 197, 284, 228
-0.997938, 349, 129, 380, 375
-0.99794, 357, 33, 388, 288
-0.99794, 403, 45, 418, 76
-0.997968, 347, 185, 362, 216
-0.997975, 163, 217, 178, 248
-0.997979, 337, 129, 368, 375
-0.99798, 251, 133, 266, 164
-0.99798, 159, 137, 174, 168
-0.997981, 97, 321, 112, 352
-0.997984, 163, 197, 178, 228
-0.997986, 411, 41, 426, 72
-0.998001, 471, 33, 486, 64
-0.998007, 61, 129, 92, 375
-0.99801, 231, 193, 246, 224
-0.998016, 35, 165, 50, 196
-0.998021, 365, 129, 396, 375
-0.998025, 257, 33, 288, 288
-0.998028, 105, 247, 168, 262
-0.998031, 251, 121, 266, 152
-0.998032, 299, 213, 314, 244
-0.998033, 151, 209, 166, 240
-0.998035, 231, 145, 246, 176
-0.998049, 139, 241, 154, 272
-0.998051, 443, 37, 458, 68
-0.998052, 179, 229, 194, 260
-0.998052, 191, 197, 206, 228
-0.998054, 203, 305, 218, 336
-0.998054, 9, 1, 40, 256
-0.998054, 171, 205, 186, 236
-0.998056, 241, 205, 256, 236
-0.998067, 173, 329, 188, 360
-0.998072, 217, 1, 248, 256
-0.998074, 215, 133, 230, 164
-0.998078, 81, 25, 208, 88
-0.998079, 129, 233, 192, 248
-0.998082, 213, 309, 228, 340
-0.998086, 431, 41, 446, 72
-0.998089, 321, 51, 384, 66
-0.998092, 185, 225, 200, 256
-0.998094, 371, 185, 386, 216
-0.998098, 81, 245, 96, 276
-0.998112, 327, 161, 342, 192
-0.998118, 399, 165, 414, 196
-0.99812, 157, 225, 172, 256
-0.998122, 281, 139, 344, 154
-0.998127, 199, 221, 214, 252
-0.998137, 421, 61, 436, 92
-0.998139, 217, 145, 232, 176
-0.998141, 281, 145, 296, 176
-0.998141, 317, 169, 332, 200
-0.998142, 353, 61, 416, 76
-0.99815, 173, 193, 188, 224
-0.998151, 239, 133, 254, 164
-0.998154, 225, 181, 240, 212
-0.998155, 399, 177, 414, 208
-0.998165, 147, 197, 162, 228
-0.998165, 241, 133, 304, 148
-0.998169, 121, 241, 184, 256
-0.99817, 1, 73, 500, 136
-0.998176, 225, 205, 240, 236
-0.998176, 121, 207, 184, 222
-0.998176, 465, 37, 480, 68
-0.998177, 171, 241, 186, 272
-0.998177, 437, 1, 468, 256
-0.998181, 137, 1, 168, 256
-0.998181, 331, 185, 346, 216
-0.998182, 399, 153, 414, 184
-0.998185, 345, 55, 408, 70
-0.998188, 353, 169, 368, 200
-0.998188, 265, 313, 280, 344
-0.998198, 297, 129, 328, 375
-0.998203, 477, 37, 492, 68
-0.998203, 281, 133, 344, 148
-0.998208, 225, 139, 288, 154
-0.998209, 37, 129, 68, 375
-0.99821, 251, 313, 266, 344
-0.998211, 225, 309, 240, 340
-0.998213, 123, 245, 138, 276
-0.998218, 261, 217, 276, 248
-0.998218, 361, 45, 424, 60
-0.998222, 385, 43, 448, 58
-0.998222, 145, 281, 208, 296
-0.998226, 161, 287, 224, 302
-0.998228, 241, 217, 256, 248
-0.998232, 87, 241, 102, 272
-0.998233, 299, 201, 314, 232
-0.998233, 337, 165, 352, 196
-0.998234, 457, 317, 472, 348
-0.998235, 241, 121, 256, 152
-0.998251, 361, 177, 424, 192
-0.998254, 231, 309, 246, 340
-0.998258, 425, 41, 440, 72
-0.998259, 105, 235, 168, 250
-0.998261, 145, 213, 160, 244
-0.998265, 219, 309, 234, 340
-0.998268, 201, 217, 264, 232
-0.998268, 245, 313, 260, 344
-0.998269, 251, 89, 266, 120
-0.99827, 305, 59, 368, 74
-0.998272, 135, 197, 150, 228
-0.998272, 129, 221, 144, 252
-0.998275, 275, 145, 290, 176
-0.998277, 111, 1, 126, 32
-0.99828, 163, 185, 178, 216
-0.99828, 153, 137, 168, 168
-0.998281, 271, 133, 286, 164
-0.998285, 137, 209, 152, 240
-0.998288, 459, 37, 474, 68
-0.998289, 73, 241, 136, 256
-0.998289, 273, 157, 288, 188
-0.998289, 253, 217, 268, 248
-0.998293, 287, 309, 302, 340
-0.998306, 217, 131, 280, 146
-0.998322, 469, 1, 500, 256
-0.998326, 377, 189, 440, 204
-0.998333, 241, 109, 304, 124
-0.998336, 57, 247, 120, 262
-0.998346, 285, 33, 316, 288
-0.998365, 281, 127, 344, 142
-0.998367, 97, 213, 160, 228
-0.998374, 417, 39, 480, 54
-0.998378, 361, 183, 424, 198
-0.998389, 281, 55, 344, 70
-0.99839, 153, 207, 216, 222
-0.998392, 393, 65, 456, 80
-0.998401, 313, 65, 376, 80
-0.998401, 257, 217, 320, 232
-0.998406, 313, 177, 376, 192
-0.998419, 177, 135, 240, 150
-0.998422, 129, 49, 256, 112
-0.998424, 321, 183, 384, 198
-0.998427, 393, 131, 456, 146
-0.998436, 257, 145, 320, 160
-0.998445, 257, 205, 320, 220
-0.998447, 393, 125, 456, 140
-0.998451, 289, 189, 352, 204
-0.998457, 305, 291, 368, 306
-0.998457, 393, 149, 456, 164
-0.998467, 281, 61, 344, 76
-0.998467, 137, 141, 200, 156
-0.998468, 193, 15, 256, 30
-0.998469, 225, 153, 288, 168
-0.99848, 281, 97, 344, 112
-0.998481, 289, 171, 352, 186
-0.998481, 145, 275, 208, 290
-0.998485, 281, 121, 344, 136
-0.998487, 393, 167, 456, 182
-0.998491, 393, 137, 456, 152
-0.998496, 205, 311, 236, 326
-0.998497, 265, 175, 328, 190
-0.998497, 269, 217, 300, 232
-0.998497, 401, 65, 432, 80
-0.998498, 149, 213, 180, 228
-0.998498, 305, 301, 336, 316
-0.998498, 185, 201, 248, 216
-0.998499, 129, 137, 160, 152
-0.998499, 113, 5, 144, 20
-0.9985, 261, 145, 292, 160
-0.9985, 177, 323, 208, 338
-0.9985, 401, 149, 432, 164
-0.998501, 405, 191, 436, 206
-0.998502, 249, 199, 280, 214
-0.998503, 233, 11, 264, 26
-0.998503, 385, 49, 448, 64
-0.998503, 241, 91, 272, 106
-0.998504, 357, 61, 388, 76
-0.998505, 301, 185, 332, 200
-0.998506, 285, 201, 316, 216
-0.998506, 289, 197, 352, 212
-0.998506, 153, 325, 184, 340
-0.998507, 345, 239, 376, 254
-0.998507, 269, 135, 300, 150
-0.998508, 101, 1, 132, 16
-0.998509, 217, 11, 280, 26
-0.998509, 321, 191, 384, 206
-0.998511, 197, 199, 228, 214
-0.998511, 169, 277, 232, 292
-0.998511, 209, 301, 240, 316
-0.998513, 281, 89, 344, 104
-0.998513, 401, 141, 432, 156
-0.998513, 405, 179, 436, 194
-0.998513, 173, 209, 204, 224
-0.998514, 197, 17, 228, 32
-0.998516, 157, 227, 188, 242
-0.998516, 421, 63, 452, 78
-0.998518, 97, 249, 128, 264
-0.998518, 393, 155, 456, 170
-0.998518, 129, 213, 192, 228
-0.998519, 165, 239, 196, 254
-0.998519, 57, 251, 88, 266
-0.99852, 405, 155, 436, 170
-0.99852, 301, 197, 332, 212
-0.998521, 349, 189, 380, 204
-0.998521, 245, 109, 276, 124
-0.998522, 365, 191, 396, 206
-0.998524, 133, 239, 164, 254
-0.998525, 173, 291, 204, 306
-0.998525, 137, 199, 200, 214
-0.998526, 185, 19, 216, 34
-0.998526, 49, 339, 112, 354
-0.998526, 149, 247, 180, 262
-0.998528, 221, 13, 252, 28
-0.998531, 253, 91, 284, 106
-0.998531, 113, 213, 144, 228
-0.998531, 209, 15, 240, 30
-0.998532, 137, 207, 168, 222
-0.998533, 337, 179, 368, 194
-0.998534, 401, 71, 432, 86
-0.998534, 253, 153, 284, 168
-0.998534, 281, 113, 344, 128
-0.998535, 153, 325, 216, 340
-0.998535, 149, 253, 180, 268
-0.998537, 405, 165, 436, 180
-0.998537, 41, 255, 104, 270
-0.998538, 333, 185, 364, 200
-0.998539, 401, 77, 432, 92
-0.998539, 313, 181, 344, 196
-0.998539, 149, 263, 180, 278
-0.998539, 269, 199, 300, 214
-0.998539, 273, 157, 336, 172
-0.99854, 185, 317, 216, 332
-0.99854, 325, 191, 356, 206
-0.99854, 337, 191, 368, 206
-0.998541, 401, 85, 432, 100
-0.998546, 237, 125, 268, 140
-0.998547, 257, 185, 320, 200
-0.99855, 309, 55, 340, 70
-0.99855, 281, 103, 344, 118
-0.998551, 169, 281, 200, 296
-0.998552, 73, 247, 104, 262
-0.998553, 229, 203, 260, 218
-0.998553, 401, 131, 432, 146
-0.998554, 321, 175, 352, 190
-0.998555, 405, 171, 436, 186
-0.998555, 161, 207, 192, 222
-0.998556, 153, 277, 184, 292
-0.998556, 153, 269, 184, 284
-0.998556, 401, 97, 432, 112
-0.998557, 393, 119, 456, 134
-0.998557, 325, 165, 356, 180
-0.998557, 401, 119, 432, 134
-0.998558, 41, 255, 72, 270
-0.998559, 257, 137, 288, 152
-0.998559, 401, 91, 432, 106
-0.998561, 281, 83, 344, 98
-0.998562, 257, 193, 320, 208
-0.998563, 153, 285, 184, 300
-0.998563, 173, 203, 204, 218
-0.998565, 305, 191, 336, 206
-0.998567, 33, 33, 64, 288
-0.998569, 177, 231, 208, 246
-0.998571, 229, 131, 260, 146
-0.998572, 281, 181, 344, 196
-0.998573, 393, 143, 456, 158
-0.998573, 321, 67, 352, 82
-0.998574, 185, 201, 216, 216
-0.998574, 145, 229, 176, 244
-0.998575, 401, 113, 432, 128
-0.998577, 209, 217, 240, 232
-0.998579, 401, 125, 432, 140
-0.99858, 149, 207, 180, 222
-0.998582, 249, 161, 312, 176
-0.998582, 385, 71, 448, 86
-0.998582, 401, 103, 432, 118
-0.998583, 469, 35, 500, 50
-0.998584, 153, 291, 184, 306
-0.998584, 217, 195, 280, 210
-0.998585, 405, 185, 436, 200
-0.998585, 41, 329, 104, 344
-0.998587, 321, 59, 352, 74
-0.998587, 137, 135, 200, 150
-0.998588, 393, 161, 456, 176
-0.998589, 129, 287, 192, 302
-0.99859, 165, 327, 196, 342
-0.99859, 113, 245, 144, 260
-0.99859, 333, 173, 364, 188
-0.998591, 357, 49, 388, 64
-0.998591, 209, 313, 272, 328
-0.998591, 169, 229, 232, 244
-0.998592, 221, 197, 252, 212
-0.998592, 137, 213, 168, 228
-0.998592, 273, 175, 304, 190
-0.998593, 245, 131, 276, 146
-0.998595, 189, 225, 220, 240
-0.998595, 337, 51, 368, 66
-0.998597, 265, 199, 328, 214
-0.998597, 457, 37, 488, 52
-0.998599, 393, 181, 456, 196
-0.998599, 241, 315, 304, 330
-0.9986, 133, 231, 164, 246
-0.998601, 369, 47, 400, 62
-0.998602, 273, 309, 336, 324
-0.998602, 125, 209, 156, 224
-0.998603, 437, 39, 468, 54
-0.998604, 421, 41, 452, 56
-0.998604, 285, 215, 316, 230
-0.998605, 41, 309, 104, 324
-0.998608, 273, 159, 304, 174
-0.998608, 377, 59, 408, 74
-0.998609, 177, 141, 240, 156
-0.998609, 193, 283, 224, 298
-0.998612, 177, 207, 240, 222
-0.998614, 393, 87, 456, 102
-0.998615, 169, 17, 232, 32
-0.998615, 305, 299, 368, 314
-0.998615, 89, 243, 120, 258
-0.998615, 185, 285, 248, 300
-0.998616, 145, 267, 208, 282
-0.998617, 393, 175, 456, 190
-0.998621, 333, 59, 364, 74
-0.998626, 237, 139, 268, 154
-0.998626, 97, 241, 160, 256
-0.998627, 101, 239, 132, 254
-0.998628, 117, 235, 148, 250
-0.998629, 345, 189, 408, 204
-0.998629, 41, 323, 104, 338
-0.998629, 377, 53, 408, 68
-0.99863, 249, 127, 312, 142
-0.99863, 153, 213, 216, 228
-0.998632, 345, 57, 376, 72
-0.998632, 425, 61, 488, 76
-0.998634, 201, 305, 264, 320
-0.998635, 25, 167, 88, 182
-0.998639, 393, 103, 456, 118
-0.99864, 97, 207, 160, 222
-0.998643, 389, 47, 420, 62
-0.998644, 357, 55, 388, 70
-0.998647, 349, 181, 380, 196
-0.998648, 393, 113, 456, 128
-0.998651, 217, 133, 248, 148
-0.998653, 145, 237, 176, 252
-0.998654, 393, 81, 456, 96
-0.998655, 145, 191, 208, 206
-0.998657, 361, 171, 424, 186
-0.998658, 409, 43, 440, 58
-0.998658, 137, 259, 200, 274
-0.998661, 281, 77, 344, 92
-0.998663, 241, 95, 304, 110
-0.998667, 185, 317, 248, 332
-0.998668, 225, 201, 288, 216
-0.998668, 321, 53, 352, 68
-0.99867, 49, 353, 112, 368
-0.99867, 49, 345, 112, 360
-0.998674, 121, 129, 184, 144
-0.998675, 41, 303, 104, 318
-0.998683, 41, 315, 104, 330
-0.998683, 225, 185, 288, 200
-0.998683, 121, 279, 184, 294
-0.998685, 161, 293, 224, 308
-0.998686, 289, 165, 352, 180
-0.998696, 121, 265, 184, 280
-0.998697, 121, 273, 184, 288
-0.998698, 241, 53, 304, 68
-0.9987, 201, 143, 264, 158
-0.998723, 125, 245, 156, 260
-0.998727, 157, 233, 188, 248
-0.998841, 171, 177, 186, 304
-0.998871, 161, 177, 176, 304
-0.998883, 175, 225, 190, 352
-0.998906, 413, 129, 444, 375
-0.998975, 181, 177, 196, 304
-0.998976, 311, 177, 326, 304
-0.99899, 321, 129, 336, 256
-0.99901, 395, 49, 410, 176
-0.999013, 167, 225, 182, 352
-0.999018, 105, 33, 136, 288
-0.999039, 325, 33, 340, 160
-0.999047, 149, 241, 164, 368
-0.999062, 241, 145, 256, 272
-0.999071, 357, 161, 372, 288
-0.999072, 289, 129, 304, 256
-0.999086, 343, 161, 358, 288
-0.999099, 399, 145, 414, 272
-0.9991, 245, 1, 260, 128
-0.999107, 233, 1, 248, 128
-0.99911, 363, 161, 378, 288
-0.999118, 273, 129, 288, 256
-0.99912, 389, 177, 404, 304
-0.999122, 371, 177, 386, 304
-0.999133, 283, 1, 298, 128
-0.999136, 423, 49, 438, 176
-0.999138, 93, 1, 124, 256
-0.99914, 149, 129, 164, 256
-0.999141, 299, 193, 314, 320
-0.999142, 247, 113, 262, 240
-0.999146, 337, 161, 352, 288
-0.999149, 95, 241, 110, 368
-0.999153, 191, 1, 206, 128
-0.999164, 181, 225, 196, 352
-0.999166, 229, 113, 244, 240
-0.999167, 351, 161, 366, 288
-0.99917, 251, 1, 266, 128
-0.99917, 325, 177, 340, 304
-0.999172, 263, 145, 278, 272
-0.999174, 279, 129, 294, 256
-0.999177, 317, 81, 332, 208
-0.999181, 259, 1, 274, 128
-0.999189, 377, 129, 408, 375
-0.999192, 201, 209, 216, 336
-0.999195, 235, 145, 250, 272
-0.999196, 155, 209, 170, 336
-0.999199, 137, 1, 152, 128
-0.999201, 253, 161, 268, 288
-0.999202, 219, 1, 234, 128
-0.999205, 239, 1, 254, 128
-0.999208, 197, 1, 212, 128
-0.999216, 381, 177, 396, 304
-0.999217, 161, 1, 176, 128
-0.999217, 213, 1, 228, 128
-0.999218, 449, 17, 464, 144
-0.999221, 155, 129, 170, 256
-0.999222, 147, 1, 162, 128
-0.999223, 223, 113, 238, 240
-0.999225, 327, 129, 342, 256
-0.999225, 241, 193, 256, 320
-0.999227, 273, 1, 288, 128
-0.999228, 149, 177, 164, 304
-0.999233, 179, 1, 194, 128
-0.999234, 207, 1, 222, 128
-0.999235, 85, 225, 100, 352
-0.999235, 443, 17, 458, 144
-0.999245, 313, 225, 328, 352
-0.999247, 407, 33, 422, 160
-0.999248, 23, 81, 38, 208
-0.999249, 187, 225, 202, 352
-0.999249, 51, 241, 66, 368
-0.999251, 153, 1, 168, 128
-0.999251, 227, 1, 242, 128
-0.999257, 253, 113, 268, 240
-0.999257, 315, 33, 330, 160
-0.999257, 169, 1, 184, 128
-0.999259, 67, 225, 82, 352
-0.999261, 209, 161, 224, 288
-0.999264, 319, 177, 334, 304
-0.999264, 181, 129, 196, 256
-0.999271, 201, 145, 216, 272
-0.999283, 225, 161, 240, 288
-0.999283, 129, 97, 144, 224
-0.999284, 267, 1, 282, 128
-0.999284, 369, 17, 384, 144
-0.999285, 185, 1, 200, 128
-0.999287, 295, 145, 310, 272
-0.999289, 17, 17, 32, 144
-0.99929, 375, 17, 390, 144
-0.999293, 385, 17, 400, 144
-0.999294, 235, 193, 250, 320
-0.999296, 399, 97, 414, 224
-0.999297, 131, 1, 146, 128
-0.999298, 247, 161, 262, 288
-0.999308, 457, 17, 472, 144
-0.999309, 259, 193, 274, 320
-0.999313, 363, 33, 378, 160
-0.999316, 405, 145, 420, 272
-0.999317, 37, 209, 52, 336
-0.999318, 305, 161, 320, 288
-0.999319, 61, 225, 76, 352
-0.99932, 467, 17, 482, 144
-0.999322, 335, 241, 350, 368
-0.999325, 195, 129, 210, 256
-0.999325, 187, 177, 202, 304
-0.999326, 161, 97, 176, 224
-0.999326, 29, 129, 44, 256
-0.999329, 171, 129, 186, 256
-0.999329, 437, 17, 452, 144
-0.99933, 45, 209, 60, 336
-0.999332, 193, 225, 208, 352
-0.999333, 483, 17, 498, 144
-0.999335, 449, 129, 480, 375
-0.999337, 429, 17, 444, 144
-0.999339, 313, 129, 328, 256
-0.999344, 161, 225, 176, 352
-0.999345, 217, 193, 232, 320
-0.999347, 343, 225, 358, 352
-0.999348, 475, 17, 490, 144
-0.999349, 39, 145, 54, 272
-0.999349, 143, 209, 158, 336
-0.999351, 287, 81, 302, 208
-0.999354, 73, 225, 88, 352
-0.999354, 71, 145, 86, 272
-0.999356, 239, 65, 254, 192
-0.999356, 347, 33, 362, 160
-0.999357, 119, 225, 134, 352
-0.999359, 137, 97, 152, 224
-0.999359, 77, 145, 92, 272
-0.99936, 217, 129, 232, 256
-0.999365, 325, 241, 340, 368
-0.999368, 137, 177, 152, 304
-0.99937, 361, 225, 376, 352
-0.99938, 211, 113, 226, 240
-0.999383, 413, 113, 428, 240
-0.999383, 103, 241, 118, 368
-0.999396, 429, 129, 460, 375
-0.999508, 121, 1, 152, 256
-0.999579, 171, 331, 186, 346
-0.999579, 253, 91, 268, 106
-0.99958, 371, 189, 386, 204
-0.999587, 169, 211, 184, 226
-0.999587, 277, 217, 292, 232
-0.999588, 113, 213, 128, 228
-0.999593, 171, 195, 186, 210
-0.999595, 175, 295, 190, 310
-0.999598, 211, 301, 226, 316
-0.999599, 81, 247, 96, 262
-0.9996, 169, 179, 184, 194
-0.999603, 337, 177, 352, 192
-0.999609, 199, 201, 214, 216
-0.999609, 267, 137, 282, 152
-0.999612, 273, 159, 288, 174
-0.999616, 175, 207, 190, 222
-0.999617, 395, 51, 410, 66
-0.999619, 319, 189, 334, 204
-0.999623, 325, 183, 340, 198
-0.999625, 399, 171, 414, 186
-0.999625, 9, 97, 40, 352
-0.999627, 195, 317, 210, 332
-0.999628, 313, 181, 328, 196
-0.99963, 227, 189, 242, 204
-0.999633, 245, 201, 260, 216
-0.999634, 207, 307, 222, 322
-0.999637, 177, 201, 192, 216
-0.999638, 91, 245, 106, 260
-0.999642, 263, 153, 278, 168
-0.999643, 227, 139, 242, 154
-0.999646, 181, 207, 196, 222
-0.999647, 241, 133, 256, 148
-0.999647, 187, 321, 202, 336
-0.999649, 421, 65, 436, 80
-0.99965, 281, 157, 296, 172
-0.999651, 357, 175, 372, 190
-0.999658, 465, 97, 496, 352
-0.999658, 81, 33, 112, 288
-0.999661, 251, 131, 266, 146
-0.999673, 251, 139, 266, 154
-0.999676, 347, 185, 362, 200
-0.999676, 57, 33, 88, 288
-0.999686, 35, 177, 50, 192
-0.999695, 321, 167, 336, 182
-0.999703, 323, 177, 338, 192
-0.999709, 125, 209, 140, 224
-0.999711, 163, 335, 178, 350
-0.999713, 261, 139, 276, 154
-0.999716, 261, 131, 276, 146
-0.999718, 189, 227, 204, 242
-0.999725, 371, 49, 386, 64
-0.99973, 171, 239, 186, 254
-0.999731, 141, 231, 156, 246
-0.999732, 477, 35, 492, 50
-0.999732, 181, 321, 196, 336
-0.999733, 351, 191, 366, 206
-0.999733, 113, 239, 128, 254
-0.999735, 215, 135, 230, 150
-0.999736, 135, 233, 150, 248
-0.999743, 147, 209, 162, 224
-0.999743, 403, 45, 418, 60
-0.999743, 349, 51, 364, 66
-0.999746, 343, 51, 358, 66
-0.999751, 99, 243, 114, 258
-0.999755, 153, 209, 168, 224
-0.999756, 389, 53, 404, 68
-0.999757, 457, 37, 472, 52
-0.999758, 177, 231, 192, 246
-0.999758, 333, 53, 348, 68
-0.99976, 121, 237, 136, 252
-0.999765, 469, 37, 484, 52
-0.999768, 357, 49, 372, 64
-0.999771, 311, 187, 326, 202
-0.999777, 327, 191, 342, 206
-0.999778, 297, 215, 312, 230
-0.999781, 329, 175, 344, 190
-0.999783, 203, 281, 218, 296
-0.999785, 161, 231, 176, 246
-0.999786, 425, 41, 440, 56
-0.999788, 21, 1, 52, 256
-0.999791, 105, 241, 120, 256
-0.999794, 133, 213, 148, 228
-0.999794, 327, 61, 342, 76
-0.999794, 377, 47, 392, 62
-0.999796, 161, 207, 176, 222
-0.999797, 365, 49, 380, 64
-0.9998, 385, 47, 400, 62
-0.999801, 325, 67, 340, 82
-0.999804, 363, 179, 378, 194
-0.999805, 441, 39, 456, 54
-0.999808, 45, 257, 60, 272
-0.999809, 289, 159, 304, 174
-0.99981, 377, 53, 392, 68
-0.999813, 149, 239, 164, 254
-0.999816, 353, 181, 368, 196
-0.999816, 111, 249, 126, 264
-0.999817, 233, 197, 248, 212
-0.999826, 251, 123, 266, 138
-0.999827, 187, 203, 202, 218
-0.999828, 129, 235, 144, 250
-0.99983, 81, 73, 208, 136
-0.999831, 199, 223, 214, 238
-0.999835, 483, 35, 498, 50
-0.999841, 131, 207, 146, 222
-0.99985, 357, 57, 372, 72
-0.999857, 173, 325, 188, 340
-0.999859, 451, 39, 466, 54
-0.999859, 419, 43, 434, 58
-0.999863, 463, 37, 478, 52
-0.999863, 221, 133, 236, 148
-0.999904, 393, 59, 408, 74
-0.99991, 45, 33, 76, 288
-0.999918, 209, 217, 224, 232
-0.999921, 431, 41, 446, 56
-0.999924, 391, 45, 406, 60
-0.999931, 369, 55, 384, 70
-0.999935, 319, 183, 334, 198
-0.999943, 183, 229, 198, 244
-0.999952, 193, 201, 208, 216
-0.999962, 343, 175, 358, 190
-0.999963, 363, 55, 378, 70
-0.999969, 69, 33, 100, 288
-0.999976, 119, 247, 134, 262
-0.999977, 339, 59, 354, 74
-0.999983, 139, 209, 154, 224
-0.999987, 151, 229, 166, 244
-0.999993, 349, 173, 364, 188
-1.00001, 333, 59, 348, 74
-1.00001, 125, 245, 140, 260
-1.00003, 411, 43, 426, 58
-1.00003, 229, 133, 244, 148
-1.00004, 325, 53, 340, 68
-1.00005, 383, 53, 398, 68
-1.00005, 131, 243, 146, 258
-1.00005, 349, 57, 364, 72
-1.00014, 165, 327, 180, 342
-1.00016, 139, 241, 154, 256
-1.00026, 171, 233, 186, 248
-1.00058, 81, 49, 208, 112
-1.00657, 433, 241, 496, 368
