1905
-0.391166, 1, 1, 332, 500
-0.419809, 1, 129, 332, 384
-0.525677, 1, 225, 332, 480
-0.537955, 33, 1, 288, 500
-0.561251, 1, 33, 332, 288
-0.724357, 33, 257, 288, 500
-0.741189, 33, 161, 288, 416
-0.751581, 65, 65, 320, 320
-0.870309, 145, 225, 272, 480
-0.871242, 81, 129, 208, 384
-0.871572, 17, 1, 144, 500
-0.875329, 81, 1, 208, 500
-0.88628, 193, 161, 320, 416
-0.889704, 193, 257, 320, 500
-0.894096, 209, 1, 332, 500
-0.894132, 129, 129, 256, 384
-0.894631, 17, 129, 144, 384
-0.895046, 129, 1, 256, 500
-0.899881, 1, 177, 332, 304
-0.900536, 97, 33, 224, 288
-0.905028, 1, 369, 332, 496
-0.905895, 1, 305, 332, 432
-0.909328, 65, 225, 192, 480
-0.909439, 1, 1, 128, 256
-0.909553, 1, 257, 332, 384
-0.910106, 1, 97, 332, 224
-0.912523, 193, 65, 320, 320
-0.916587, 49, 33, 176, 288
-0.918722, 1, 225, 128, 480
-0.925142, 145, 1, 272, 256
-0.929448, 1, 49, 332, 176
-0.934281, 1, 1, 332, 128
-0.935573, 81, 129, 208, 256
-0.937494, 33, 97, 288, 224
-0.941498, 33, 305, 288, 432
-0.942025, 97, 113, 160, 240
-0.945614, 81, 81, 208, 208
-0.947123, 1, 369, 256, 496
-0.947908, 1, 257, 256, 384
-0.94803, 153, 97, 216, 224
-0.949875, 1, 177, 256, 304
-0.951331, 177, 257, 304, 384
-0.952226, 185, 241, 248, 368
-0.952301, 129, 97, 256, 224
-0.952807, 33, 177, 160, 304
-0.953984, 129, 161, 256, 288
-0.954178, 1, 17, 256, 144
-0.955457, 161, 257, 224, 384
-0.95575, 169, 161, 232, 288
-0.956046, 177, 161, 304, 288
-0.956316, 129, 81, 192, 208
-0.956578, 193, 321, 320, 448
-0.956796, 1, 81, 128, 208
-0.956878, 193, 129, 256, 256
-0.957116, 81, 177, 208, 304
-0.957729, 129, 273, 256, 400
-0.958717, 137, 257, 200, 384
-0.959253, 89, 33, 152, 160
-0.959601, 57, 129, 120, 256
-0.959849, 81, 369, 208, 496
-0.95985, 201, 369, 264, 496
-0.960733, 161, 369, 288, 496
-0.960819, 145, 209, 272, 336
-0.961239, 257, 241, 320, 368
-0.961689, 49, 81, 112, 208
-0.962092, 209, 209, 332, 336
-0.962151, 145, 321, 272, 448
-0.962625, 201, 193, 264, 320
-0.963578, 1, 129, 128, 256
-0.963838, 137, 145, 200, 272
-0.964085, 153, 305, 216, 432
-0.964657, 89, 177, 152, 304
-0.964677, 257, 289, 320, 416
-0.965551, 161, 369, 224, 496
-0.966127, 225, 337, 288, 464
-0.966138, 177, 305, 240, 432
-0.966173, 201, 321, 264, 448
-0.966279, 73, 241, 136, 368
-0.966534, 89, 153, 152, 216
-0.966851, 49, 353, 112, 480
-0.967831, 41, 1, 104, 128
-0.968901, 209, 369, 332, 496
-0.968978, 105, 89, 168, 152
-0.969004, 225, 161, 288, 288
-0.969044, 97, 305, 160, 432
-0.969188, 105, 113, 168, 176
-0.969287, 209, 273, 272, 400
-0.96936, 177, 193, 240, 256
-0.969628, 129, 97, 192, 160
-0.969687, 121, 321, 184, 448
-0.969768, 89, 369, 152, 496
-0.969818, 73, 81, 136, 208
-0.9705, 65, 33, 128, 160
-0.970659, 193, 169, 256, 232
-0.970863, 169, 145, 232, 208
-0.970875, 113, 257, 176, 384
-0.9709, 145, 193, 208, 320
-0.970966, 1, 161, 64, 288
-0.970991, 249, 377, 312, 440
-0.971332, 153, 105, 216, 168
-0.971394, 1, 369, 128, 496
-0.971595, 65, 161, 128, 224
-0.971884, 97, 225, 224, 352
-0.972251, 249, 425, 312, 488
-0.972405, 209, 193, 272, 256
-0.972421, 109, 81, 140, 208
-0.972431, 265, 369, 328, 496
-0.972436, 25, 193, 88, 256
-0.972507, 177, 113, 304, 240
-0.972523, 81, 289, 208, 416
-0.972573, 113, 33, 176, 160
-0.972693, 169, 169, 232, 232
-0.972732, 185, 265, 248, 328
-0.972805, 33, 257, 160, 384
-0.972952, 145, 161, 208, 224
-0.973003, 33, 177, 96, 304
-0.973173, 33, 33, 160, 160
-0.97321, 65, 105, 128, 168
-0.973353, 161, 417, 224, 480
-0.973387, 121, 369, 184, 496
-0.973563, 89, 177, 152, 240
-0.973759, 81, 89, 208, 152
-0.973864, 129, 129, 192, 192
-0.973963, 241, 345, 304, 408
-0.974011, 137, 73, 200, 136
-0.974102, 217, 401, 280, 464
-0.974241, 41, 401, 104, 464
-0.974439, 57, 177, 120, 304
-0.974457, 81, 81, 144, 144
-0.974548, 25, 217, 88, 280
-0.974675, 265, 345, 328, 408
-0.974718, 57, 185, 120, 248
-0.974741, 161, 385, 224, 448
-0.974745, 273, 425, 332, 488
-0.974864, 217, 353, 280, 416
-0.97497, 209, 217, 272, 280
-0.975207, 1, 113, 64, 240
-0.975291, 193, 145, 256, 208
-0.975312, 89, 321, 152, 384
-0.975347, 257, 265, 320, 328
-0.975416, 97, 401, 160, 464
-0.975441, 57, 129, 120, 192
-0.975445, 161, 297, 224, 360
-0.975456, 189, 145, 220, 272
-0.975555, 121, 209, 184, 336
-0.975615, 169, 257, 232, 500
-0.975617, 153, 257, 216, 320
-0.975744, 97, 113, 128, 240
-0.975776, 193, 225, 224, 352
-0.975908, 177, 225, 240, 288
-0.97597, 49, 257, 112, 384
-0.975987, 121, 321, 184, 384
-0.97625, 81, 129, 144, 192
-0.976254, 185, 409, 248, 472
-0.976271, 105, 49, 168, 112
-0.976299, 9, 369, 72, 496
-0.976381, 257, 401, 320, 464
-0.976439, 201, 433, 264, 496
-0.976498, 1, 401, 128, 464
-0.976785, 81, 33, 208, 160
-0.976929, 33, 89, 96, 152
-0.977103, 17, 401, 80, 464
-0.977129, 81, 137, 208, 200
-0.977238, 249, 193, 312, 320
-0.977269, 33, 137, 96, 200
-0.977275, 233, 257, 296, 320
-0.977318, 97, 145, 128, 208
-0.977358, 73, 425, 136, 488
-0.977401, 33, 161, 160, 224
-0.977404, 137, 129, 200, 384
-0.977443, 137, 409, 200, 472
-0.977462, 105, 297, 168, 360
-0.977578, 105, 121, 136, 184
-0.977692, 17, 9, 80, 72
-0.977707, 193, 177, 224, 240
-0.977715, 273, 377, 332, 440
-0.977725, 73, 49, 136, 112
-0.977786, 129, 265, 192, 328
-0.977861, 65, 417, 192, 480
-0.977862, 273, 313, 332, 376
-0.977937, 121, 177, 184, 240
-0.977953, 157, 97, 188, 224
-0.977973, 161, 65, 224, 320
-0.977984, 129, 49, 256, 176
-0.978053, 33, 129, 96, 256
-0.978054, 233, 193, 296, 256
-0.978132, 193, 161, 256, 416
-0.978166, 49, 257, 112, 320
-0.978253, 117, 81, 148, 144
-0.97826, 233, 289, 296, 416
-0.978261, 9, 33, 72, 96
-0.978309, 65, 17, 128, 80
-0.978348, 57, 217, 120, 280
-0.978433, 177, 105, 240, 168
-0.97865, 129, 193, 256, 256
-0.97879, 193, 345, 256, 408
-0.978796, 225, 377, 288, 440
-0.978831, 57, 81, 120, 144
-0.978844, 129, 161, 256, 224
-0.979052, 241, 313, 304, 376
-0.979064, 1, 377, 64, 440
-0.979089, 185, 385, 248, 448
-0.979122, 1, 129, 64, 192
-0.979141, 97, 201, 160, 264
-0.979274, 25, 169, 88, 232
-0.979309, 81, 297, 144, 360
-0.979376, 177, 185, 304, 248
-0.979384, 177, 65, 304, 192
-0.979398, 25, 225, 88, 352
-0.979517, 153, 233, 216, 296
-0.979564, 137, 297, 200, 360
-0.97967, 257, 233, 320, 296
-0.97967, 153, 49, 216, 176
-0.979693, 177, 321, 240, 384
-0.979703, 81, 113, 208, 176
-0.979721, 1, 65, 64, 192
-0.979865, 1, 217, 64, 280
-0.979914, 209, 257, 272, 500
-0.979969, 89, 249, 152, 312
-0.980024, 1, 1, 64, 128
-0.98005, 257, 257, 320, 500
-0.980083, 145, 193, 208, 256
-0.980125, 49, 353, 112, 416
-0.98013, 177, 209, 304, 272
-0.980137, 217, 169, 280, 232
-0.980162, 9, 57, 72, 120
-0.98021, 273, 289, 332, 352
-0.980212, 33, 33, 96, 96
-0.980411, 185, 289, 248, 352
-0.980444, 97, 345, 160, 408
-0.980454, 25, 81, 88, 208
-0.980459, 217, 313, 280, 376
-0.980558, 249, 169, 312, 232
-0.980635, 89, 161, 152, 416
-0.980664, 9, 89, 72, 152
-0.980749, 57, 377, 120, 440
-0.980764, 137, 385, 200, 448
-0.980793, 25, 433, 88, 496
-0.980836, 213, 177, 244, 304
-0.980852, 161, 161, 224, 416
-0.980863, 233, 233, 296, 296
-0.980879, 1, 225, 64, 352
-0.980886, 265, 209, 328, 272
-0.981077, 1, 169, 64, 232
-0.981081, 177, 81, 240, 208
-0.981158, 209, 265, 272, 328
-0.981186, 49, 65, 176, 128
-0.981231, 129, 241, 192, 304
-0.981312, 25, 241, 88, 304
-0.981331, 81, 169, 208, 232
-0.98134, 81, 129, 112, 256
-0.981348, 65, 393, 192, 456
-0.981351, 121, 49, 152, 176
-0.981359, 49, 329, 112, 392
-0.981362, 145, 329, 208, 392
-0.981397, 241, 369, 272, 496
-0.981424, 25, 361, 88, 424
-0.981434, 193, 153, 224, 216
-0.981447, 89, 273, 152, 336
-0.98145, 217, 113, 280, 240
-0.981484, 113, 25, 176, 88
-0.98154, 225, 433, 288, 496
-0.981543, 97, 65, 160, 320
-0.981548, 245, 321, 276, 448
-0.98159, 41, 9, 104, 72
-0.98162, 257, 353, 288, 416
-0.981713, 1, 137, 128, 200
-0.981713, 185, 273, 216, 400
-0.981714, 1, 193, 64, 256
-0.981719, 145, 89, 176, 152
-0.981743, 89, 225, 152, 288
-0.981764, 209, 241, 272, 304
-0.981797, 145, 81, 176, 208
-0.98183, 293, 417, 324, 480
-0.981832, 217, 145, 280, 208
-0.981875, 57, 65, 120, 320
-0.981883, 177, 161, 304, 224
-0.981928, 73, 345, 136, 408
-0.981947, 249, 289, 312, 352
-0.981965, 97, 369, 128, 496
-0.981984, 169, 345, 232, 408
-0.982031, 273, 177, 332, 304
-0.982098, 169, 81, 232, 144
-0.982121, 49, 57, 112, 120
-0.982235, 193, 321, 320, 384
-0.982492, 185, 401, 216, 464
-0.982544, 57, 289, 120, 352
-0.982605, 89, 25, 152, 88
-0.982621, 265, 377, 296, 440
-0.982623, 93, 161, 124, 288
-0.98269, 1, 313, 64, 376
-0.982769, 81, 377, 144, 440
-0.982806, 281, 417, 312, 480
-0.982851, 37, 353, 68, 480
-0.982883, 97, 1, 160, 64
-0.982962, 113, 153, 176, 216
-0.983022, 121, 201, 184, 264
-0.983066, 33, 313, 160, 376
-0.983067, 145, 129, 176, 256
-0.983084, 113, 377, 176, 440
-0.98309, 129, 49, 192, 112
-0.983092, 201, 121, 264, 184
-0.983236, 177, 401, 304, 464
-0.983248, 85, 161, 116, 224
-0.98327, 81, 81, 112, 208
-0.983281, 49, 433, 112, 496
-0.98342, 157, 129, 188, 192
-0.98343, 1, 89, 128, 152
-0.983431, 225, 289, 288, 352
-0.983466, 233, 193, 296, 448
-0.983628, 1, 433, 64, 496
-0.983639, 49, 161, 112, 416
-0.983668, 201, 129, 232, 256
-0.98373, 197, 225, 228, 288
-0.983861, 225, 225, 288, 352
-0.983915, 129, 113, 256, 176
-0.983957, 277, 377, 308, 440
-0.983967, 41, 305, 104, 432
-0.983985, 173, 97, 204, 224
-0.984047, 37, 177, 68, 304
-0.984099, 33, 185, 160, 248
-0.984179, 209, 249, 332, 312
-0.984184, 121, 225, 184, 480
-0.984237, 177, 361, 304, 424
-0.984256, 93, 49, 124, 176
-0.984291, 201, 321, 232, 448
-0.984484, 213, 185, 244, 248
-0.984556, 165, 297, 196, 360
-0.984589, 129, 137, 256, 200
-0.984636, 201, 65, 264, 320
-0.984673, 133, 97, 164, 224
-0.984685, 53, 193, 84, 256
-0.984708, 257, 161, 320, 416
-0.984724, 193, 369, 224, 496
-0.984862, 157, 289, 188, 416
-0.984905, 105, 305, 136, 368
-0.984928, 145, 425, 272, 488
-0.984971, 33, 17, 160, 80
-0.984977, 33, 1, 96, 256
-0.984982, 65, 257, 128, 500
-0.985121, 137, 65, 168, 128
-0.985122, 205, 225, 236, 352
-0.98513, 205, 369, 236, 496
-0.985154, 125, 321, 156, 384
-0.985193, 157, 105, 188, 168
-0.985213, 121, 33, 184, 288
-0.985257, 73, 401, 104, 464
-0.985274, 225, 337, 256, 464
-0.985274, 245, 353, 276, 416
-0.985282, 85, 209, 116, 336
-0.985283, 81, 193, 208, 256
-0.985292, 193, 201, 224, 264
-0.985305, 49, 1, 112, 500
-0.985313, 81, 257, 208, 320
-0.985346, 165, 401, 196, 464
-0.98544, 269, 401, 300, 464
-0.985534, 85, 417, 116, 480
-0.985584, 9, 1, 72, 256
-0.985615, 49, 41, 176, 104
-0.985675, 145, 273, 272, 336
-0.985676, 97, 97, 128, 160
-0.98575, 17, 425, 144, 488
-0.985824, 9, 225, 72, 480
-0.985836, 29, 193, 60, 256
-0.985855, 29, 401, 60, 464
-0.985939, 145, 305, 272, 368
-0.985957, 1, 129, 64, 384
-0.98597, 169, 257, 200, 384
-0.986086, 201, 177, 232, 304
-0.986104, 209, 209, 240, 272
-0.986132, 61, 393, 92, 456
-0.986198, 129, 1, 256, 128
-0.986222, 73, 305, 136, 432
-0.986224, 177, 137, 304, 200
-0.986334, 193, 273, 320, 336
-0.986343, 249, 145, 312, 272
-0.986351, 129, 89, 256, 152
-0.986362, 57, 353, 88, 480
-0.986368, 113, 1, 176, 500
-0.986388, 133, 113, 164, 176
-0.986405, 181, 369, 212, 496
-0.986425, 93, 121, 124, 184
-0.986582, 177, 113, 208, 176
-0.986587, 209, 401, 240, 464
-0.986611, 1, 209, 128, 272
-0.986652, 177, 289, 208, 352
-0.986712, 89, 1, 152, 500
-0.986743, 129, 217, 256, 280
-0.986862, 109, 145, 140, 208
-0.986926, 81, 321, 208, 384
-0.986932, 157, 81, 188, 144
-0.987002, 41, 401, 72, 464
-0.987013, 145, 257, 208, 500
-0.987041, 25, 1, 88, 500
-0.987085, 81, 297, 208, 360
-0.987091, 181, 193, 212, 256
-0.98713, 1, 337, 128, 400
-0.987135, 289, 393, 320, 456
-0.987268, 137, 1, 200, 500
-0.987327, 1, 321, 128, 448
-0.987367, 1, 65, 128, 128
-0.987484, 117, 105, 148, 168
-0.987497, 97, 257, 160, 500
-0.987567, 289, 321, 320, 384
-0.987657, 169, 1, 232, 500
-0.987697, 97, 65, 224, 128
-0.987727, 201, 129, 232, 192
-0.987755, 129, 89, 160, 152
-0.987762, 189, 257, 220, 320
-0.987771, 25, 129, 88, 384
-0.987812, 213, 345, 244, 408
-0.98784, 277, 345, 308, 408
-0.987854, 33, 113, 160, 176
-0.987926, 121, 265, 152, 328
-0.98797, 169, 337, 200, 464
-0.988037, 197, 401, 228, 464
-0.988111, 25, 1, 56, 128
-0.988111, 109, 129, 140, 256
-0.988124, 209, 433, 332, 496
-0.98815, 85, 89, 116, 152
-0.988191, 65, 369, 192, 432
-0.988209, 73, 153, 104, 216
-0.988212, 197, 329, 228, 392
-0.988219, 209, 297, 332, 360
-0.988249, 237, 329, 268, 392
-0.988262, 61, 25, 92, 88
-0.988274, 273, 129, 332, 256
-0.988298, 217, 257, 248, 384
-0.988317, 233, 97, 296, 352
-0.988364, 253, 377, 284, 440
-0.988515, 177, 177, 208, 304
-0.988563, 49, 33, 80, 160
-0.988578, 145, 329, 272, 392
-0.988607, 253, 425, 284, 488
-0.988646, 97, 169, 128, 232
-0.988694, 169, 249, 200, 312
-0.988744, 49, 41, 80, 104
-0.988747, 129, 177, 160, 240
-0.988765, 33, 273, 160, 336
-0.988942, 17, 321, 80, 448
-0.98898, 97, 73, 128, 136
-0.988983, 9, 1, 40, 128
-0.98901, 161, 249, 288, 312
-0.989087, 129, 113, 192, 144
-0.989129, 269, 425, 300, 488
-0.989146, 77, 121, 108, 184
-0.98917, 125, 297, 156, 360
-0.989185, 209, 1, 272, 500
-0.989232, 133, 265, 164, 328
-0.989254, 41, 81, 72, 208
-0.989256, 189, 129, 220, 192
-0.989262, 257, 305, 288, 432
-0.98931, 113, 377, 240, 440
-0.989341, 265, 329, 296, 392
-0.989419, 73, 353, 104, 480
-0.989443, 49, 161, 80, 224
-0.989472, 129, 401, 256, 464
-0.989535, 41, 201, 72, 264
-0.989544, 285, 289, 316, 352
-0.98956, 9, 145, 40, 272
-0.989627, 265, 225, 296, 352
-0.989668, 285, 289, 316, 416
-0.989684, 49, 233, 176, 296
-0.989693, 41, 257, 104, 500
-0.989695, 65, 1, 96, 128
-0.989708, 289, 369, 320, 432
-0.989742, 89, 153, 152, 184
-0.989751, 209, 161, 240, 224
-0.989791, 157, 273, 188, 336
-0.989803, 109, 33, 140, 160
-0.989815, 297, 281, 328, 344
-0.98983, 77, 1, 108, 128
-0.989861, 137, 1, 200, 128
-0.989864, 273, 65, 332, 320
-0.989889, 169, 161, 200, 224
-0.989911, 81, 185, 112, 248
-0.989915, 145, 129, 176, 192
-0.98995, 173, 425, 204, 488
-0.990016, 301, 321, 332, 384
-0.990035, 49, 17, 80, 80
-0.990041, 129, 101, 192, 132
-0.990044, 9, 273, 72, 400
-0.990044, 61, 81, 92, 144
-0.990066, 213, 129, 244, 256
-0.990086, 185, 193, 248, 224
-0.99009, 97, 1, 128, 128
-0.99009, 85, 257, 116, 384
-0.990096, 153, 313, 184, 376
-0.990098, 153, 121, 216, 152
-0.990111, 1, 1, 64, 500
-0.990138, 89, 305, 120, 368
-0.990179, 49, 377, 80, 440
-0.990188, 49, 329, 80, 392
-0.990238, 281, 249, 312, 312
-0.990239, 97, 209, 128, 336
-0.990245, 117, 353, 148, 480
-0.990247, 29, 129, 60, 192
-0.990253, 301, 337, 332, 464
-0.990258, 233, 1, 296, 500
-0.990264, 185, 81, 216, 208
-0.99028, 109, 49, 140, 112
-0.990282, 153, 417, 184, 480
-0.990288, 137, 33, 168, 160
-0.990383, 185, 425, 216, 488
-0.990383, 157, 369, 188, 496
-0.990391, 37, 329, 68, 392
-0.990398, 81, 17, 208, 80
-0.990414, 97, 121, 160, 152
-0.990431, 181, 225, 212, 352
-0.99044, 273, 1, 332, 500
-0.990475, 281, 241, 312, 368
-0.990491, 229, 193, 260, 320
-0.990492, 229, 385, 260, 448
-0.99051, 1, 377, 128, 440
-0.990594, 257, 233, 288, 296
-0.990629, 169, 165, 232, 196
-0.990682, 89, 177, 152, 208
-0.990704, 233, 361, 264, 424
-0.990706, 61, 217, 92, 280
-0.990734, 265, 297, 296, 360
-0.990739, 17, 201, 48, 264
-0.99074, 89, 89, 152, 120
-0.990756, 85, 393, 116, 456
-0.990767, 209, 185, 272, 216
-0.990782, 265, 421, 328, 452
-0.990789, 229, 409, 260, 472
-0.990795, 17, 393, 48, 456
-0.990812, 201, 65, 264, 192
-0.990866, 129, 89, 192, 120
-0.990883, 177, 409, 240, 440
-0.990886, 281, 369, 312, 496
-0.990893, 249, 409, 312, 440
-0.990918, 241, 385, 272, 448
-0.990929, 61, 425, 92, 488
-0.99094, 33, 225, 64, 352
-0.990942, 89, 165, 152, 196
-0.990942, 197, 425, 228, 488
-0.990943, 25, 113, 56, 240
-0.990986, 169, 109, 232, 140
-0.990986, 177, 205, 240, 236
-0.990989, 25, 413, 88, 444
-0.991018, 249, 461, 312, 492
-0.991028, 169, 153, 232, 184
-0.991033, 21, 17, 52, 80
-0.991043, 129, 177, 160, 304
-0.991072, 65, 345, 192, 408
-0.991081, 61, 193, 92, 320
-0.991095, 209, 257, 240, 320
-0.991104, 169, 177, 232, 208
-0.99113, 265, 341, 328, 372
-0.991173, 237, 177, 268, 240
-0.991217, 233, 289, 264, 416
-0.991218, 25, 201, 88, 232
-0.991228, 113, 329, 144, 392
-0.991256, 209, 213, 272, 244
-0.991267, 25, 425, 56, 488
-0.991273, 185, 273, 248, 304
-0.991274, 217, 321, 248, 384
-0.991274, 137, 401, 168, 464
-0.991279, 161, 317, 224, 348
-0.991288, 105, 313, 168, 344
-0.991333, 145, 321, 176, 448
-0.991339, 145, 169, 208, 200
-0.991345, 249, 437, 312, 468
-0.991348, 113, 77, 176, 108
-0.991378, 1, 413, 64, 444
-0.991385, 177, 377, 208, 440
-0.991387, 89, 189, 152, 220
-0.991416, 181, 313, 212, 376
-0.991421, 49, 153, 112, 184
-0.99144, 177, 217, 240, 248
-0.991458, 177, 257, 240, 288
-0.99146, 257, 277, 320, 308
-0.991474, 81, 429, 144, 460
-0.991475, 97, 409, 160, 440
-0.991483, 209, 161, 272, 192
-0.99151, 73, 425, 104, 488
-0.991511, 153, 421, 216, 452
-0.991539, 21, 369, 52, 496
-0.991542, 49, 173, 112, 204
-0.991547, 165, 145, 196, 272
-0.991555, 273, 461, 332, 492
-0.991562, 265, 385, 328, 416
-0.991563, 201, 433, 264, 464
-0.991573, 105, 109, 168, 140
-0.991585, 61, 81, 92, 208
-0.991601, 61, 369, 92, 432
-0.991609, 73, 321, 136, 352
-0.991614, 153, 133, 216, 164
-0.991621, 17, 141, 80, 172
-0.991623, 49, 417, 112, 448
-0.991656, 113, 161, 176, 288
-0.991659, 145, 181, 208, 212
-0.991679, 301, 257, 332, 384
-0.991684, 97, 49, 128, 112
-0.991702, 201, 369, 232, 432
-0.991724, 209, 425, 240, 488
-0.991728, 109, 281, 140, 344
-0.99174, 233, 349, 296, 380
-0.991741, 53, 137, 84, 200
-0.991754, 81, 341, 144, 372
-0.991756, 49, 89, 112, 120
-0.99176, 265, 293, 328, 324
-0.99177, 225, 397, 288, 428
-0.991782, 241, 381, 304, 412
-0.991783, 233, 261, 296, 292
-0.991785, 25, 225, 88, 256
-0.991804, 241, 433, 272, 496
-0.99181, 161, 49, 192, 176
-0.991815, 73, 121, 136, 152
-0.99182, 121, 57, 152, 120
-0.991853, 41, 401, 104, 432
-0.991862, 177, 329, 240, 360
-0.991884, 161, 277, 224, 308
-0.991892, 193, 173, 256, 204
-0.991894, 49, 209, 112, 240
-0.991896, 21, 193, 52, 320
-0.991903, 201, 393, 264, 424
-0.991908, 193, 149, 256, 180
-0.991908, 153, 397, 216, 428
-0.991912, 169, 97, 232, 128
-0.991913, 5, 161, 36, 224
-0.991923, 273, 373, 332, 404
-0.99194, 121, 153, 152, 216
-0.991951, 241, 361, 304, 392
-0.991955, 97, 417, 128, 480
-0.992004, 269, 321, 300, 448
-0.992008, 129, 305, 192, 336
-0.992008, 65, 189, 128, 220
-0.992016, 69, 1, 100, 64
-0.992022, 217, 421, 280, 452
-0.992023, 153, 261, 216, 292
-0.992027, 233, 449, 296, 480
-0.992029, 169, 305, 232, 336
-0.992035, 57, 137, 120, 168
-0.992051, 249, 397, 312, 428
-0.99206, 117, 85, 148, 116
-0.992076, 177, 397, 240, 428
-0.992082, 177, 237, 240, 268
-0.992086, 145, 193, 208, 224
-0.992092, 129, 333, 192, 364
-0.992103, 253, 185, 284, 248
-0.992113, 121, 189, 184, 220
-0.992114, 49, 333, 112, 364
-0.992114, 121, 409, 184, 440
-0.992121, 177, 357, 240, 388
-0.992135, 209, 225, 272, 256
-0.992153, 209, 201, 272, 232
-0.992154, 225, 409, 288, 440
-0.992156, 265, 265, 328, 296
-0.992162, 129, 129, 192, 160
-0.992172, 33, 345, 96, 376
-0.992206, 65, 49, 96, 112
-0.992206, 161, 433, 224, 464
-0.992216, 113, 397, 176, 428
-0.992224, 201, 405, 264, 436
-0.992254, 65, 33, 128, 64
-0.992261, 201, 253, 264, 284
-0.992263, 73, 77, 136, 108
-0.992296, 1, 21, 64, 52
-0.992303, 241, 333, 304, 364
-0.99231, 1, 205, 64, 236
-0.992312, 105, 45, 168, 76
-0.99232, 89, 141, 152, 172
-0.992324, 105, 353, 168, 384
-0.99234, 37, 1, 68, 128
-0.99234, 137, 369, 168, 496
-0.992357, 73, 57, 136, 88
-0.992362, 25, 213, 88, 244
-0.99237, 141, 257, 172, 384
-0.99237, 201, 325, 264, 356
-0.992378, 233, 289, 296, 320
-0.99239, 201, 357, 264, 388
-0.992394, 153, 409, 216, 440
-0.992401, 97, 265, 160, 296
-0.99241, 113, 157, 176, 188
-0.99241, 105, 421, 168, 452
-0.992426, 249, 317, 312, 348
-0.992432, 193, 137, 256, 168
-0.992436, 201, 369, 264, 400
-0.992444, 217, 173, 280, 204
-0.992445, 25, 33, 88, 64
-0.992451, 241, 161, 272, 288
-0.99246, 273, 449, 332, 480
-0.992465, 133, 321, 164, 448
-0.992466, 145, 289, 208, 320
-0.992474, 177, 421, 240, 452
-0.992477, 97, 201, 160, 232
-0.992496, 153, 245, 216, 276
-0.992509, 225, 465, 288, 496
-0.992514, 137, 317, 200, 348
-0.992564, 57, 221, 120, 252
-0.992578, 65, 21, 128, 52
-0.992581, 9, 93, 72, 124
-0.992582, 97, 325, 160, 356
-0.992592, 265, 329, 328, 360
-0.992602, 1, 41, 128, 104
-0.992608, 125, 257, 156, 384
-0.99262, 97, 153, 128, 184
-0.992665, 73, 257, 104, 384
-0.992691, 153, 105, 184, 136
-0.992693, 149, 117, 180, 148
-0.992712, 1, 241, 128, 304
-0.992713, 193, 181, 224, 212
-0.992779, 105, 121, 136, 152
-0.992863, 45, 409, 76, 440
-0.992871, 25, 409, 56, 440
-0.992879, 165, 313, 196, 344
-0.992937, 81, 425, 112, 456
-0.992939, 77, 161, 108, 192
-0.99294, 193, 205, 224, 236
-0.992946, 293, 421, 324, 452
-0.992949, 245, 273, 276, 400
-0.992952, 101, 141, 132, 172
-0.992953, 93, 425, 124, 456
-0.992961, 157, 129, 188, 160
-0.992979, 105, 273, 136, 400
-0.993011, 137, 117, 168, 148
-0.993015, 193, 165, 224, 196
-0.993016, 269, 337, 300, 368
-0.993041, 149, 33, 180, 160
-0.993082, 213, 189, 244, 220
-0.993124, 33, 113, 288, 176
-0.993136, 189, 193, 220, 224
-0.993156, 161, 117, 192, 148
-0.993166, 117, 101, 148, 132
-0.993183, 141, 89, 172, 120
-0.99319, 93, 165, 124, 196
-0.99319, 121, 97, 152, 224
-0.993244, 1, 409, 256, 472
-0.993264, 185, 405, 216, 436
-0.993271, 109, 309, 140, 340
-0.993304, 33, 201, 64, 232
-0.993315, 137, 265, 168, 296
-0.99332, 73, 193, 104, 320
-0.993322, 265, 389, 296, 420
-0.993331, 45, 305, 76, 432
-0.993337, 97, 41, 224, 104
-0.993339, 277, 417, 308, 448
-0.993349, 145, 57, 272, 120
-0.993362, 213, 201, 244, 232
-0.993383, 109, 409, 140, 440
-0.993448, 205, 221, 236, 252
-0.993449, 201, 133, 232, 164
-0.993461, 177, 305, 208, 336
-0.993462, 49, 201, 80, 232
-0.993466, 205, 325, 236, 356
-0.993475, 201, 193, 232, 224
-0.993489, 269, 433, 300, 464
-0.993508, 81, 173, 112, 204
-0.99351, 225, 145, 256, 272
-0.993524, 189, 145, 220, 176
-0.993546, 289, 293, 320, 324
-0.993548, 45, 397, 76, 428
-0.993549, 97, 93, 128, 124
-0.993551, 193, 233, 224, 264
-0.993552, 37, 189, 68, 220
-0.993566, 1, 201, 256, 264
-0.993577, 173, 113, 204, 144
-0.993578, 61, 409, 92, 440
-0.993601, 265, 461, 296, 492
-0.993606, 89, 137, 120, 168
-0.993609, 85, 149, 116, 180
-0.993611, 201, 145, 232, 176
-0.993637, 173, 421, 204, 452
-0.993639, 117, 113, 148, 144
-0.99364, 281, 337, 312, 368
-0.993642, 89, 117, 120, 148
-0.993651, 109, 153, 140, 184
-0.993653, 281, 433, 312, 464
-0.993654, 97, 181, 128, 212
-0.993669, 281, 405, 312, 436
-0.993674, 289, 393, 320, 424
-0.993676, 217, 357, 248, 388
-0.99368, 65, 377, 320, 440
-0.993692, 261, 401, 292, 432
-0.993704, 165, 101, 196, 132
-0.993719, 225, 409, 256, 440
-0.993721, 173, 261, 204, 292
-0.993726, 253, 365, 284, 396
-0.993727, 277, 469, 308, 500
-0.993729, 213, 305, 244, 432
-0.99373, 33, 225, 288, 288
-0.993732, 157, 413, 188, 444
-0.993733, 229, 393, 260, 424
-0.993739, 249, 325, 280, 356
-0.99374, 253, 337, 284, 368
-0.993743, 197, 357, 228, 388
-0.993749, 57, 397, 88, 428
-0.993751, 177, 113, 304, 176
-0.993757, 73, 413, 104, 444
-0.993758, 61, 221, 92, 252
-0.993762, 257, 429, 288, 460
-0.993765, 277, 457, 308, 488
-0.993772, 141, 105, 172, 136
-0.993772, 297, 209, 328, 336
-0.993782, 245, 405, 276, 436
-0.993784, 193, 417, 224, 448
-0.993789, 45, 225, 76, 352
-0.993792, 189, 133, 220, 164
-0.993793, 281, 381, 312, 412
-0.993797, 97, 105, 128, 136
-0.993815, 237, 345, 268, 376
-0.993832, 37, 133, 68, 164
-0.993842, 193, 325, 224, 356
-0.993846, 53, 189, 84, 220
-0.993853, 301, 385, 332, 416
-0.993854, 209, 413, 240, 444
-0.993859, 97, 81, 128, 112
-0.993859, 253, 369, 284, 496
-0.993861, 65, 89, 320, 152
-0.99387, 173, 409, 204, 440
-0.993878, 121, 401, 152, 432
-0.99388, 125, 181, 156, 212
-0.993883, 129, 349, 160, 380
-0.993886, 281, 445, 312, 476
-0.993888, 5, 209, 36, 240
-0.993891, 45, 345, 76, 376
-0.993894, 165, 301, 196, 332
-0.993895, 197, 437, 228, 468
-0.9939, 113, 345, 144, 376
-0.993903, 237, 417, 268, 448
-0.993908, 185, 105, 216, 136
-0.993908, 185, 277, 216, 308
-0.993909, 233, 197, 264, 228
-0.99391, 33, 421, 64, 452
-0.993913, 181, 317, 212, 348
-0.993919, 173, 397, 204, 428
-0.993925, 73, 209, 104, 240
-0.993929, 293, 321, 324, 352
-0.993938, 133, 77, 164, 108
-0.993945, 181, 205, 212, 236
-0.993947, 289, 469, 320, 500
-0.993948, 125, 1, 156, 128
-0.993949, 193, 245, 224, 276
-0.993963, 213, 173, 244, 204
-0.993964, 25, 145, 56, 176
-0.993965, 277, 325, 308, 356
-0.993967, 245, 381, 276, 412
-0.993974, 45, 93, 76, 124
-0.993981, 25, 133, 56, 164
-0.993986, 249, 1, 312, 256
-0.993988, 105, 49, 136, 80
-0.993999, 213, 369, 244, 400
-0.994, 265, 449, 296, 480
-0.994004, 117, 269, 148, 300
-0.994015, 177, 153, 208, 184
-0.994017, 185, 429, 216, 460
-0.994018, 205, 397, 236, 428
-0.994022, 121, 325, 152, 356
-0.994034, 209, 157, 240, 188
-0.994043, 241, 97, 304, 224
-0.994058, 1, 177, 256, 240
-0.994073, 229, 241, 260, 368
-0.994115, 1, 409, 332, 472
-0.994152, 21, 49, 52, 176
-0.99423, 53, 129, 84, 256
-0.994345, 99, 137, 114, 200
-0.994401, 1, 153, 332, 216
-0.994414, 107, 113, 122, 176
-0.994425, 113, 353, 240, 416
-0.994455, 33, 353, 288, 416
-0.994479, 9, 209, 40, 336
-0.994528, 157, 241, 188, 368
-0.994528, 65, 433, 320, 496
-0.994549, 121, 305, 152, 432
-0.994612, 57, 241, 88, 368
-0.994642, 1, 145, 256, 208
-0.994669, 105, 321, 136, 448
-0.994674, 69, 145, 100, 272
-0.994679, 33, 65, 288, 128
-0.99476, 161, 1, 224, 128
-0.994775, 177, 1, 304, 128
-0.99478, 203, 129, 218, 192
-0.994844, 65, 157, 192, 188
-0.994912, 1, 257, 256, 320
-0.994971, 115, 89, 130, 152
-0.994972, 81, 97, 208, 128
-0.994978, 65, 313, 320, 376
-0.994991, 65, 281, 320, 344
-0.995047, 129, 9, 256, 72
-0.995087, 225, 1, 288, 256
-0.995121, 81, 109, 208, 140
-0.995299, 1, 217, 332, 280
-0.99531, 249, 225, 280, 352
-0.995336, 193, 81, 320, 144
-0.995367, 81, 121, 208, 152
-0.995371, 1, 409, 128, 440
-0.995424, 65, 41, 320, 104
-0.99544, 85, 369, 116, 496
-0.995445, 1, 297, 332, 360
-0.995446, 41, 401, 56, 464
-0.995461, 113, 113, 128, 176
-0.995462, 65, 17, 320, 80
-0.995629, 49, 85, 176, 116
-0.995638, 91, 161, 106, 224
-0.995641, 129, 193, 256, 224
-0.995646, 93, 321, 124, 448
-0.995662, 285, 177, 316, 304
-0.995687, 109, 89, 124, 152
-0.995697, 97, 145, 224, 176
-0.995706, 17, 161, 144, 192
-0.995708, 37, 129, 68, 256
-0.995746, 173, 49, 204, 176
-0.99575, 1, 25, 332, 88
-0.995754, 129, 205, 256, 236
-0.995761, 179, 305, 194, 368
-0.995762, 295, 409, 310, 472
-0.995764, 285, 425, 300, 488
-0.995776, 193, 225, 224, 480
-0.995796, 177, 205, 304, 236
-0.995797, 81, 421, 208, 452
-0.995814, 49, 177, 80, 304
-0.995815, 145, 417, 272, 448
-0.995861, 141, 89, 156, 152
-0.995868, 193, 417, 320, 448
-0.995917, 1, 97, 332, 160
-0.995928, 177, 193, 304, 224
-0.995931, 55, 193, 70, 256
-0.995954, 97, 177, 112, 240
-0.995957, 1, 421, 128, 452
-0.995964, 259, 353, 274, 416
-0.995965, 97, 169, 224, 200
-0.995986, 83, 401, 98, 464
-0.99599, 5, 65, 36, 192
-0.995993, 177, 405, 304, 436
-0.996036, 41, 177, 56, 240
-0.996056, 131, 81, 146, 144
-0.99606, 129, 121, 256, 152
-0.996064, 193, 321, 320, 352
-0.996066, 209, 193, 224, 256
-0.996119, 65, 409, 192, 440
-0.996121, 1, 101, 128, 132
-0.996128, 67, 193, 82, 256
-0.996129, 301, 417, 316, 480
-0.996133, 81, 193, 208, 224
-0.996138, 187, 273, 202, 336
-0.996148, 31, 201, 46, 264
-0.996149, 189, 129, 220, 384
-0.996153, 1, 177, 332, 240
-0.996163, 269, 369, 300, 496
-0.996167, 285, 385, 300, 448
-0.996182, 209, 225, 224, 288
-0.996183, 193, 169, 208, 232
-0.996195, 173, 289, 188, 352
-0.996208, 1, 265, 332, 328
-0.99622, 1, 433, 332, 496
-0.996225, 95, 409, 110, 472
-0.996231, 183, 385, 198, 448
-0.99624, 269, 353, 284, 416
-0.996243, 193, 277, 320, 308
-0.996243, 1, 129, 332, 192
-0.996277, 167, 97, 182, 160
-0.996278, 97, 129, 128, 384
-0.996293, 205, 81, 236, 208
-0.996293, 49, 181, 176, 212
-0.996296, 103, 161, 118, 224
-0.996303, 129, 93, 256, 124
-0.996314, 273, 377, 288, 440
-0.996322, 209, 429, 332, 460
-0.996332, 113, 313, 240, 344
-0.996352, 129, 181, 256, 212
-0.996353, 269, 273, 300, 400
-0.996353, 129, 321, 144, 384
-0.996353, 301, 393, 316, 456
-0.996356, 129, 217, 256, 248
-0.996369, 269, 177, 300, 304
-0.996375, 195, 233, 210, 296
-0.996389, 111, 57, 126, 120
-0.996403, 159, 105, 174, 168
-0.996404, 177, 409, 192, 472
-0.996413, 145, 277, 272, 308
-0.996423, 209, 401, 224, 464
-0.996436, 215, 177, 230, 240
-0.996444, 177, 181, 304, 212
-0.996453, 153, 81, 168, 144
-0.996461, 57, 305, 88, 432
-0.996471, 77, 409, 92, 472
-0.996479, 309, 409, 324, 472
-0.996483, 121, 81, 136, 144
-0.996485, 1, 201, 128, 232
-0.99649, 31, 409, 46, 472
-0.996493, 161, 229, 288, 260
-0.996498, 1, 217, 128, 248
-0.99652, 97, 269, 224, 300
-0.99652, 65, 393, 80, 456
-0.996527, 1, 321, 332, 384
-0.99653, 61, 17, 76, 80
-0.996539, 177, 161, 304, 192
-0.996574, 209, 221, 332, 252
-0.996586, 277, 337, 292, 400
-0.996591, 1, 89, 128, 120
-0.9966, 145, 437, 272, 468
-0.996621, 177, 361, 304, 392
-0.996628, 203, 401, 218, 464
-0.996631, 159, 129, 174, 192
-0.996635, 129, 257, 144, 320
-0.996642, 195, 401, 210, 464
-0.996652, 283, 313, 298, 376
-0.996653, 297, 281, 312, 344
-0.996654, 45, 201, 60, 264
-0.996657, 215, 209, 230, 272
-0.99668, 279, 385, 294, 448
-0.996685, 161, 309, 288, 340
-0.996702, 81, 433, 208, 464
-0.996718, 297, 161, 328, 288
-0.996719, 251, 353, 266, 416
-0.996721, 141, 177, 172, 304
-0.996746, 169, 121, 184, 184
-0.996754, 241, 409, 256, 472
-0.996754, 129, 325, 256, 356
-0.996758, 51, 329, 66, 392
-0.996764, 199, 193, 214, 256
-0.996775, 193, 193, 208, 256
-0.996777, 279, 361, 294, 424
-0.996778, 285, 257, 316, 500
-0.996791, 149, 105, 164, 168
-0.9968, 129, 109, 256, 140
-0.996811, 145, 265, 272, 296
-0.996812, 177, 1, 304, 64
-0.996817, 1, 113, 128, 144
-0.996821, 47, 401, 62, 464
-0.996821, 39, 201, 54, 264
-0.996825, 17, 149, 144, 180
-0.996827, 165, 305, 180, 368
-0.996833, 185, 17, 248, 144
-0.996839, 139, 265, 154, 328
-0.99684, 17, 33, 144, 64
-0.996843, 187, 193, 202, 256
-0.996843, 177, 149, 304, 180
-0.996845, 193, 333, 320, 364
-0.996846, 175, 105, 190, 168
-0.996847, 249, 433, 264, 496
-0.996852, 215, 401, 230, 464
-0.996879, 209, 249, 332, 280
-0.99688, 209, 345, 332, 376
-0.996883, 39, 145, 54, 208
-0.996884, 61, 193, 76, 256
-0.996899, 1, 241, 332, 304
-0.996903, 201, 129, 232, 384
-0.996903, 1, 433, 128, 464
-0.996909, 207, 425, 222, 488
-0.996914, 209, 465, 332, 496
-0.99692, 33, 393, 160, 424
-0.996928, 103, 81, 118, 144
-0.996931, 109, 137, 124, 200
-0.996942, 81, 325, 208, 356
-0.996943, 85, 129, 116, 384
-0.996944, 1, 177, 128, 208
-0.996946, 203, 225, 218, 288
-0.996952, 223, 401, 238, 464
-0.996956, 53, 33, 68, 96
-0.996966, 209, 161, 224, 224
-0.996973, 291, 385, 306, 448
-0.996977, 129, 157, 256, 188
-0.996986, 257, 161, 288, 288
-0.997004, 167, 385, 182, 448
-0.997004, 213, 345, 228, 408
-0.997004, 177, 453, 304, 484
-0.997012, 241, 385, 256, 448
-0.997032, 1, 369, 32, 496
-0.997047, 33, 329, 160, 360
-0.997064, 193, 257, 208, 320
-0.997067, 275, 257, 290, 320
-0.997071, 193, 289, 320, 320
-0.997074, 241, 321, 256, 384
-0.997076, 117, 57, 132, 120
-0.997084, 65, 257, 192, 288
-0.997088, 267, 321, 282, 384
-0.997088, 81, 81, 96, 144
-0.99709, 141, 65, 156, 128
-0.997092, 87, 137, 102, 200
-0.997095, 201, 329, 216, 392
-0.997097, 135, 305, 150, 368
-0.997098, 209, 373, 332, 404
-0.9971, 1, 1, 332, 64
-0.997121, 89, 425, 104, 488
-0.997122, 33, 229, 160, 260
-0.997123, 193, 393, 320, 424
-0.997123, 63, 137, 78, 200
-0.997134, 83, 329, 98, 392
-0.997134, 129, 289, 256, 320
-0.997135, 29, 273, 60, 400
-0.997136, 285, 345, 300, 408
-0.99714, 247, 409, 262, 472
-0.997142, 209, 377, 224, 440
-0.997146, 183, 417, 198, 480
-0.997146, 49, 205, 176, 236
-0.997146, 97, 133, 224, 164
-0.99715, 181, 225, 212, 480
-0.997155, 307, 433, 322, 496
-0.997173, 145, 245, 272, 276
-0.997185, 267, 233, 282, 296
-0.997188, 1, 381, 128, 412
-0.997195, 267, 377, 282, 440
-0.997212, 33, 21, 160, 52
-0.997215, 189, 417, 204, 480
-0.997217, 129, 397, 256, 428
-0.997222, 225, 257, 256, 500
-0.997232, 69, 17, 84, 80
-0.997233, 277, 313, 292, 376
-0.997238, 51, 153, 66, 216
-0.997242, 113, 229, 240, 260
-0.997244, 33, 73, 160, 104
-0.997244, 1, 341, 128, 372
-0.997249, 189, 393, 204, 456
-0.997259, 303, 281, 318, 344
-0.997261, 33, 357, 160, 388
-0.997266, 45, 321, 60, 384
-0.99727, 45, 17, 60, 80
-0.997272, 71, 217, 86, 280
-0.997275, 209, 105, 224, 168
-0.997292, 17, 137, 144, 168
-0.997294, 181, 281, 196, 344
-0.997298, 293, 257, 308, 320
-0.997304, 101, 113, 116, 176
-0.997307, 161, 401, 176, 464
-0.997311, 213, 257, 244, 500
-0.99732, 293, 433, 308, 496
-0.997329, 293, 321, 308, 384
-0.99733, 203, 153, 218, 216
-0.997336, 101, 417, 116, 480
-0.997337, 59, 401, 74, 464
-0.997349, 59, 49, 74, 112
-0.997359, 235, 321, 250, 384
-0.99736, 1, 185, 16, 248
-0.99736, 259, 377, 274, 440
-0.997364, 97, 81, 224, 112
-0.997376, 49, 273, 176, 304
-0.997387, 113, 225, 144, 352
-0.997401, 1, 73, 332, 136
-0.997421, 81, 297, 208, 328
-0.99744, 193, 265, 320, 296
-0.997441, 65, 217, 192, 248
-0.997494, 109, 65, 140, 320
-0.9975, 1, 49, 332, 112
-0.997511, 81, 337, 208, 368
-0.997523, 101, 141, 116, 172
-0.99753, 33, 317, 160, 348
-0.997536, 1, 261, 128, 292
-0.997536, 95, 421, 110, 452
-0.997579, 81, 393, 208, 424
-0.997587, 1, 385, 332, 448
-0.997589, 209, 301, 332, 332
-0.997594, 17, 445, 144, 476
-0.997596, 1, 345, 332, 408
-0.997596, 109, 117, 124, 148
-0.997601, 65, 53, 192, 84
-0.997603, 97, 37, 224, 68
-0.997608, 65, 381, 192, 412
-0.997628, 161, 465, 288, 496
-0.997637, 1, 369, 128, 400
-0.997638, 1, 189, 128, 220
-0.99764, 97, 349, 224, 380
-0.997642, 177, 133, 304, 164
-0.997643, 39, 409, 54, 440
-0.997648, 97, 153, 112, 184
-0.997674, 17, 61, 144, 92
-0.997688, 33, 297, 160, 328
-0.99771, 1, 1, 128, 32
-0.997721, 81, 1, 208, 32
-0.997733, 81, 305, 112, 432
-0.997736, 185, 321, 216, 448
-0.997743, 97, 65, 224, 96
-0.997745, 161, 345, 288, 376
-0.997752, 237, 113, 268, 240
-0.997778, 1, 125, 128, 156
-0.997779, 97, 241, 224, 272
-0.997783, 193, 441, 320, 472
-0.997806, 169, 65, 200, 320
-0.997807, 17, 49, 144, 80
-0.997815, 119, 85, 134, 116
-0.997818, 169, 113, 184, 144
-0.997825, 145, 81, 272, 112
-0.997831, 1, 249, 128, 280
-0.997844, 65, 285, 192, 316
-0.997844, 301, 257, 332, 500
-0.997866, 133, 161, 164, 416
-0.997869, 81, 13, 208, 44
-0.997881, 115, 97, 130, 128
-0.997884, 107, 133, 122, 164
-0.997889, 177, 313, 192, 344
-0.997907, 1, 277, 128, 308
-0.997911, 297, 421, 312, 452
-0.997912, 291, 409, 306, 440
-0.997938, 163, 117, 178, 148
-0.997963, 275, 337, 290, 368
-0.99797, 111, 81, 126, 112
-0.997971, 161, 381, 288, 412
-0.997983, 171, 305, 186, 336
-0.998005, 213, 161, 244, 416
-0.998007, 37, 129, 68, 384
-0.998027, 257, 225, 288, 480
-0.998027, 281, 417, 296, 448
-0.99804, 195, 405, 210, 436
-0.998042, 49, 369, 176, 400
-0.998049, 203, 133, 218, 164
-0.99805, 179, 417, 194, 448
-0.998053, 109, 105, 124, 136
-0.998053, 69, 221, 84, 252
-0.998054, 151, 117, 166, 148
-0.99809, 59, 189, 74, 220
-0.998092, 101, 425, 116, 456
-0.998105, 285, 433, 300, 464
-0.998119, 205, 325, 220, 356
-0.998138, 175, 121, 190, 152
-0.998145, 157, 117, 172, 148
-0.998146, 177, 113, 304, 144
-0.998151, 89, 169, 104, 200
-0.998158, 85, 1, 116, 256
-0.998161, 81, 25, 208, 56
-0.998165, 201, 153, 216, 184
-0.998175, 49, 245, 176, 276
-0.998185, 209, 237, 332, 268
-0.998193, 129, 361, 256, 392
-0.998195, 283, 405, 298, 436
-0.998199, 117, 409, 132, 440
-0.998202, 77, 257, 108, 500
-0.998205, 129, 261, 144, 292
-0.998218, 45, 413, 60, 444
-0.998224, 51, 405, 66, 436
-0.998227, 29, 217, 44, 248
-0.998228, 201, 405, 216, 436
-0.99823, 63, 221, 78, 252
-0.998231, 291, 421, 306, 452
-0.998231, 187, 193, 202, 224
-0.998234, 281, 337, 296, 368
-0.998244, 153, 129, 184, 384
-0.998245, 99, 165, 114, 196
-0.998245, 81, 445, 208, 476
-0.998246, 141, 113, 156, 144
-0.998254, 131, 89, 146, 120
-0.998255, 159, 129, 174, 160
-0.998258, 273, 429, 288, 460
-0.99826, 185, 401, 200, 432
-0.998262, 163, 97, 178, 128
-0.998267, 207, 213, 222, 244
-0.998271, 183, 305, 198, 336
-0.998272, 101, 177, 116, 208
-0.998281, 241, 409, 256, 440
-0.998283, 103, 121, 118, 152
-0.998289, 269, 345, 284, 376
-0.998295, 51, 341, 66, 372
-0.998295, 237, 193, 268, 448
-0.998303, 145, 21, 272, 52
-0.998305, 277, 385, 292, 416
-0.99831, 89, 159, 152, 174
-0.99831, 303, 417, 318, 448
-0.998312, 129, 117, 192, 132
-0.998313, 267, 365, 282, 396
-0.998321, 257, 361, 272, 392
-0.998321, 283, 325, 298, 356
-0.998325, 207, 229, 222, 260
-0.998326, 215, 189, 230, 220
-0.998327, 125, 77, 140, 108
-0.998327, 59, 401, 74, 432
-0.998328, 141, 93, 156, 124
-0.998339, 205, 437, 220, 468
-0.998339, 211, 177, 226, 208
-0.99834, 283, 469, 298, 500
-0.998344, 257, 431, 320, 446
-0.998346, 291, 433, 306, 464
-0.99836, 139, 265, 154, 296
-0.998365, 175, 105, 190, 136
-0.998367, 215, 217, 230, 248
-0.998376, 115, 125, 130, 156
-0.998378, 33, 201, 48, 232
-0.99838, 203, 193, 218, 224
-0.998386, 177, 1, 304, 32
-0.998391, 315, 469, 330, 500
-0.998392, 277, 357, 292, 388
-0.998393, 197, 205, 212, 236
-0.998397, 25, 1, 56, 256
-0.998397, 249, 409, 264, 440
-0.998397, 193, 97, 320, 128
-0.998401, 89, 425, 104, 456
-0.998403, 129, 53, 256, 84
-0.998403, 113, 373, 240, 404
-0.998404, 173, 421, 188, 452
-0.998405, 97, 123, 160, 138
-0.998406, 57, 341, 72, 372
-0.998408, 127, 345, 142, 376
-0.99841, 185, 193, 248, 208
-0.998423, 109, 93, 124, 124
-0.998427, 273, 225, 304, 480
-0.998431, 41, 197, 56, 228
-0.998431, 275, 417, 290, 448
-0.998433, 53, 189, 68, 220
-0.998434, 177, 301, 192, 332
-0.998442, 75, 409, 90, 440
-0.998442, 65, 397, 80, 428
-0.998442, 211, 149, 226, 180
-0.998444, 221, 361, 252, 376
-0.998446, 53, 37, 84, 52
-0.998446, 279, 449, 294, 480
-0.998446, 265, 371, 296, 386
-0.998447, 281, 425, 312, 440
-0.998448, 213, 211, 244, 226
-0.998449, 167, 129, 182, 160
-0.998449, 89, 141, 120, 156
-0.998449, 189, 151, 220, 166
-0.998449, 115, 109, 130, 140
-0.99845, 201, 141, 232, 156
-0.998451, 97, 177, 128, 192
-0.998451, 213, 199, 244, 214
-0.998451, 113, 45, 128, 76
-0.998451, 293, 321, 324, 336
-0.998452, 73, 217, 104, 232
-0.998452, 153, 109, 184, 124
-0.998453, 201, 359, 232, 374
-0.998453, 25, 137, 56, 152
-0.998454, 189, 143, 220, 158
-0.998454, 285, 445, 316, 460
-0.998456, 245, 373, 276, 388
-0.998456, 229, 415, 260, 430
-0.998456, 121, 325, 152, 340
-0.998457, 97, 87, 128, 102
-0.998457, 33, 417, 64, 432
-0.998457, 61, 405, 92, 420
-0.998457, 193, 263, 224, 278
-0.998458, 97, 189, 112, 220
-0.998458, 277, 413, 308, 428
-0.998458, 117, 105, 148, 120
-0.998458, 29, 207, 60, 222
-0.998458, 117, 271, 148, 286
-0.998459, 301, 423, 332, 438
-0.998459, 97, 95, 128, 110
-0.998459, 157, 131, 188, 146
-0.998459, 105, 161, 136, 176
-0.998459, 193, 201, 224, 216
-0.998461, 49, 215, 80, 230
-0.998461, 181, 431, 212, 446
-0.998461, 269, 467, 300, 482
-0.998462, 293, 435, 324, 450
-0.998462, 37, 227, 68, 242
-0.998463, 53, 343, 84, 358
-0.998463, 253, 363, 284, 378
-0.998463, 271, 381, 286, 412
-0.998463, 253, 333, 284, 348
-0.998464, 101, 409, 132, 424
-0.998466, 169, 105, 200, 120
-0.998466, 109, 315, 140, 330
-0.998467, 201, 147, 232, 162
-0.998467, 103, 313, 118, 344
-0.998467, 251, 349, 266, 380
-0.998468, 53, 227, 84, 242
-0.998468, 49, 91, 80, 106
-0.99847, 89, 101, 120, 116
-0.99847, 97, 115, 128, 130
-0.99847, 105, 81, 120, 112
-0.99847, 85, 413, 100, 444
-0.998472, 211, 417, 226, 448
-0.998473, 173, 263, 204, 278
-0.998474, 177, 307, 208, 322
-0.998474, 277, 405, 292, 436
-0.998474, 263, 353, 278, 384
-0.998475, 85, 177, 116, 192
-0.998475, 61, 411, 92, 426
-0.998475, 37, 341, 68, 356
-0.998475, 169, 165, 232, 180
-0.998477, 165, 111, 196, 126
-0.998477, 101, 139, 132, 154
-0.998477, 241, 325, 272, 340
-0.998477, 93, 123, 124, 138
-0.998477, 269, 345, 300, 360
-0.998478, 289, 419, 320, 434
-0.998478, 85, 157, 116, 172
-0.998479, 137, 273, 168, 288
-0.998479, 93, 433, 124, 448
-0.99848, 297, 295, 328, 310
-0.99848, 197, 217, 228, 232
-0.998481, 121, 311, 152, 326
-0.998481, 35, 137, 50, 168
-0.998482, 193, 185, 208, 216
-0.998483, 33, 409, 48, 440
-0.998483, 97, 189, 128, 204
-0.998483, 189, 413, 204, 444
-0.998483, 141, 113, 172, 128
-0.998483, 253, 403, 284, 418
-0.998483, 299, 297, 314, 328
-0.998484, 265, 407, 296, 422
-0.998486, 177, 415, 208, 430
-0.998487, 91, 181, 106, 212
-0.998487, 97, 109, 128, 124
-0.998488, 205, 417, 220, 448
-0.998488, 53, 195, 84, 210
-0.998488, 97, 183, 128, 198
-0.998488, 177, 313, 208, 328
-0.998489, 117, 111, 148, 126
-0.998491, 155, 85, 170, 116
-0.998491, 173, 421, 204, 436
-0.998492, 269, 427, 300, 442
-0.998492, 205, 229, 236, 244
-0.998493, 37, 407, 68, 422
-0.998493, 213, 223, 244, 238
-0.998495, 137, 91, 168, 106
-0.998496, 273, 437, 304, 452
-0.998497, 269, 391, 300, 406
-0.998497, 303, 321, 318, 352
-0.998498, 213, 369, 244, 384
-0.998498, 205, 327, 236, 342
-0.998499, 213, 193, 244, 208
-0.998499, 77, 169, 108, 184
-0.998499, 77, 163, 108, 178
-0.998499, 193, 167, 224, 182
-0.998499, 197, 365, 228, 380
-0.998501, 95, 433, 110, 464
-0.998502, 281, 473, 312, 488
-0.998502, 193, 187, 224, 202
-0.998502, 137, 99, 168, 114
-0.998503, 161, 317, 192, 332
-0.998503, 193, 327, 224, 342
-0.998505, 193, 209, 224, 224
-0.998507, 117, 351, 148, 366
-0.998507, 193, 179, 224, 194
-0.998509, 233, 349, 264, 364
-0.998509, 195, 257, 210, 288
-0.99851, 117, 99, 148, 114
-0.998511, 165, 307, 196, 322
-0.998511, 285, 295, 316, 310
-0.998511, 101, 133, 132, 148
-0.998512, 281, 337, 312, 352
-0.998512, 101, 147, 132, 162
-0.998513, 257, 393, 272, 424
-0.998513, 109, 117, 140, 132
-0.998514, 189, 195, 220, 210
-0.998514, 185, 409, 216, 424
-0.998515, 67, 209, 82, 240
-0.998515, 53, 201, 68, 232
-0.998518, 297, 387, 328, 402
-0.998519, 89, 147, 120, 162
-0.99852, 201, 237, 216, 268
-0.998523, 129, 105, 192, 120
-0.998523, 195, 237, 210, 268
-0.998523, 169, 317, 184, 348
-0.998524, 97, 225, 128, 480
-0.998524, 117, 93, 148, 108
-0.998525, 111, 69, 126, 100
-0.998526, 215, 405, 230, 436
-0.998526, 93, 171, 124, 186
-0.998527, 281, 387, 312, 402
-0.998529, 271, 465, 286, 496
-0.998532, 243, 393, 258, 424
-0.998533, 93, 165, 124, 180
-0.998533, 65, 223, 96, 238
-0.998536, 113, 409, 144, 424
-0.998537, 41, 129, 56, 160
-0.998539, 149, 85, 164, 116
-0.998541, 261, 433, 292, 448
-0.998541, 97, 155, 128, 170
-0.998541, 157, 97, 172, 128
-0.998543, 47, 201, 62, 232
-0.998547, 1, 457, 128, 488
-0.99855, 281, 431, 312, 446
-0.99855, 93, 427, 124, 442
-0.998551, 157, 117, 188, 132
-0.998551, 265, 475, 328, 490
-0.998552, 293, 429, 324, 444
-0.998552, 33, 201, 64, 216
-0.998553, 89, 153, 152, 168
-0.998558, 129, 449, 256, 480
-0.998561, 105, 123, 136, 138
-0.998567, 269, 339, 300, 354
-0.99857, 285, 161, 316, 416
-0.998574, 297, 161, 328, 416
-0.998575, 45, 413, 76, 428
-0.998576, 41, 413, 104, 428
-0.99858, 257, 353, 320, 368
-0.998581, 81, 425, 112, 440
-0.998581, 13, 193, 44, 448
-0.998592, 113, 129, 176, 144
-0.998594, 249, 409, 312, 424
-0.998604, 129, 111, 192, 126
-0.998606, 89, 181, 152, 196
-0.998606, 177, 217, 240, 232
-0.998607, 117, 87, 148, 102
-0.99861, 97, 93, 160, 108
-0.998611, 25, 411, 56, 426
-0.998611, 209, 325, 272, 340
-0.998611, 129, 9, 256, 40
-0.998612, 217, 359, 280, 374
-0.998613, 273, 297, 332, 312
-0.998615, 57, 427, 120, 442
-0.998619, 97, 87, 160, 102
-0.998623, 121, 1, 152, 256
-0.998627, 129, 97, 192, 112
-0.998632, 25, 203, 88, 218
-0.998632, 249, 113, 280, 240
-0.998634, 97, 427, 160, 442
-0.998634, 209, 189, 272, 204
-0.998636, 265, 385, 328, 400
-0.998653, 265, 391, 328, 406
-0.998657, 185, 183, 248, 198
-0.998661, 97, 117, 160, 132
-0.998669, 49, 153, 112, 168
-0.99867, 161, 33, 288, 64
-0.99867, 89, 165, 152, 180
-0.998671, 185, 409, 248, 424
-0.998675, 89, 187, 152, 202
-0.998676, 209, 353, 272, 368
-0.998686, 241, 391, 304, 406
-0.998687, 17, 413, 80, 428
-0.998688, 49, 163, 112, 178
-0.998696, 249, 439, 312, 454
-0.998697, 161, 69, 288, 100
-0.998699, 89, 349, 152, 364
-0.998699, 201, 435, 264, 450
-0.998702, 89, 175, 152, 190
-0.998705, 145, 189, 208, 204
-0.998711, 161, 411, 224, 426
-0.998712, 249, 325, 312, 340
-0.998714, 25, 217, 88, 232
-0.99872, 113, 407, 176, 422
-0.998721, 177, 205, 240, 220
-0.998721, 121, 311, 184, 326
-0.998722, 185, 199, 248, 214
-0.998726, 141, 1, 172, 256
-0.998733, 49, 195, 112, 210
-0.998736, 169, 327, 232, 342
-0.99874, 241, 403, 304, 418
-0.998742, 153, 129, 216, 144
-0.998743, 89, 193, 152, 208
-0.998744, 193, 157, 256, 172
-0.998744, 65, 169, 128, 184
-0.998746, 117, 177, 148, 304
-0.998746, 81, 433, 144, 448
-0.998747, 73, 121, 136, 136
-0.998748, 193, 169, 256, 184
-0.99875, 73, 89, 136, 104
-0.998753, 49, 175, 112, 190
-0.998757, 145, 33, 272, 96
-0.998758, 65, 147, 128, 162
-0.998763, 241, 453, 304, 468
-0.998765, 209, 207, 272, 222
-0.998765, 169, 107, 232, 122
-0.998768, 97, 33, 128, 288
-0.998771, 273, 437, 332, 452
-0.998772, 161, 277, 224, 292
-0.998773, 249, 269, 312, 284
-0.998776, 225, 261, 288, 276
-0.998776, 73, 161, 104, 416
-0.998779, 265, 485, 328, 500
-0.99878, 249, 259, 312, 274
-0.998782, 57, 225, 120, 240
-0.998783, 209, 195, 272, 210
-0.998787, 137, 91, 200, 106
-0.99879, 249, 425, 312, 440
-0.99879, 153, 405, 216, 420
-0.998793, 273, 339, 332, 354
-0.998794, 25, 33, 88, 48
-0.998795, 121, 161, 152, 416
-0.998796, 169, 113, 232, 128
-0.998796, 177, 251, 240, 266
-0.998797, 153, 135, 216, 150
-0.998797, 49, 89, 112, 104
-0.998799, 153, 271, 216, 286
-0.9988, 217, 331, 280, 346
-0.998801, 25, 229, 88, 244
-0.998801, 25, 193, 56, 448
-0.998803, 193, 259, 256, 274
-0.998803, 225, 289, 288, 304
-0.99881, 137, 415, 200, 430
-0.998812, 25, 223, 88, 238
-0.998815, 177, 317, 240, 332
-0.998815, 257, 419, 320, 434
-0.998819, 241, 363, 304, 378
-0.998823, 169, 171, 232, 186
-0.998823, 185, 283, 248, 298
-0.998824, 81, 321, 144, 336
-0.998825, 209, 183, 272, 198
-0.998826, 209, 221, 272, 236
-0.99883, 153, 159, 216, 174
-0.99883, 177, 223, 240, 238
-0.998831, 161, 285, 224, 300
-0.998831, 177, 435, 240, 450
-0.998833, 81, 409, 144, 424
-0.998834, 209, 163, 272, 178
-0.998834, 241, 467, 304, 482
-0.998835, 225, 347, 288, 362
-0.998836, 209, 227, 272, 242
-0.998837, 209, 177, 272, 192
-0.998838, 145, 307, 208, 322
-0.998838, 169, 123, 232, 138
-0.99884, 89, 147, 152, 162
-0.998841, 185, 299, 248, 314
-0.998842, 145, 199, 208, 214
-0.998843, 177, 417, 240, 432
-0.998845, 73, 65, 104, 320
-0.998846, 161, 429, 224, 444
-0.998849, 273, 265, 332, 280
-0.998851, 153, 261, 216, 276
-0.998851, 1, 419, 64, 434
-0.998851, 129, 123, 192, 138
-0.998853, 257, 291, 320, 306
-0.998854, 17, 145, 80, 160
-0.998859, 177, 265, 240, 280
-0.99886, 41, 343, 104, 358
-0.998862, 241, 461, 304, 476
-0.998864, 169, 153, 232, 168
-0.998864, 269, 129, 300, 384
-0.998864, 57, 189, 120, 204
-0.998866, 169, 145, 232, 160
-0.99887, 257, 447, 320, 462
-0.99887, 241, 479, 304, 494
-0.998871, 225, 435, 288, 450
-0.998876, 161, 257, 192, 500
-0.998878, 113, 97, 128, 224
-0.998884, 103, 113, 118, 240
-0.998888, 53, 129, 84, 384
-0.998914, 163, 81, 178, 208
-0.998939, 249, 129, 280, 384
-0.998944, 281, 129, 312, 256
-0.998955, 13, 97, 44, 352
-0.998994, 95, 145, 110, 272
-0.999, 205, 129, 220, 256
-0.999001, 133, 257, 164, 500
-0.999025, 37, 33, 68, 288
-0.999043, 249, 321, 264, 448
-0.999044, 207, 225, 222, 352
-0.999045, 197, 369, 212, 496
-0.999069, 169, 81, 184, 208
-0.999093, 199, 129, 214, 256
-0.999105, 95, 193, 110, 320
-0.99911, 39, 177, 54, 304
-0.999113, 157, 97, 172, 224
-0.999122, 157, 33, 188, 288
-0.99913, 165, 193, 196, 320
-0.999134, 189, 257, 204, 384
-0.999149, 193, 177, 208, 304
-0.999155, 121, 65, 136, 192
-0.999156, 109, 193, 140, 448
-0.999158, 103, 161, 118, 288
-0.999168, 107, 65, 122, 192
-0.999168, 169, 161, 200, 416
-0.999169, 245, 369, 260, 496
-0.999179, 213, 209, 228, 336
-0.999186, 171, 289, 186, 416
-0.999188, 207, 305, 222, 432
-0.999193, 89, 161, 104, 288
-0.999197, 195, 225, 210, 352
-0.999198, 179, 305, 194, 432
-0.999199, 201, 241, 216, 368
-0.9992, 101, 65, 116, 192
-0.999214, 207, 177, 222, 304
-0.999216, 41, 129, 56, 256
-0.999221, 225, 161, 256, 416
-0.999222, 291, 241, 306, 368
-0.999224, 189, 369, 204, 496
-0.999244, 149, 81, 164, 208
-0.999244, 169, 369, 184, 496
-0.999246, 57, 33, 88, 288
-0.999252, 25, 97, 56, 352
-0.999261, 89, 225, 104, 352
-0.999269, 149, 225, 180, 480
-0.999275, 1, 97, 32, 352
-0.999275, 127, 33, 142, 160
-0.999275, 203, 369, 218, 496
-0.999282, 237, 97, 268, 352
-0.999283, 61, 337, 76, 464
-0.999284, 259, 305, 274, 432
-0.999287, 1, 145, 16, 272
-0.999287, 183, 257, 198, 384
-0.999289, 95, 81, 110, 208
-0.999291, 163, 369, 178, 496
-0.999293, 95, 369, 110, 496
-0.999294, 239, 305, 254, 432
-0.999294, 47, 337, 62, 464
-0.999295, 239, 353, 254, 480
-0.999295, 51, 177, 66, 304
-0.999305, 85, 113, 100, 240
-0.999308, 167, 129, 182, 256
-0.99931, 65, 1, 80, 128
-0.999314, 41, 369, 56, 496
-0.999314, 115, 49, 130, 176
-0.999315, 61, 177, 76, 304
-0.999318, 201, 193, 216, 320
-0.999323, 173, 129, 188, 256
-0.999325, 295, 289, 310, 416
-0.999325, 213, 161, 228, 288
-0.999326, 29, 193, 44, 320
-0.999329, 281, 289, 296, 416
-0.999331, 53, 337, 68, 464
-0.999334, 175, 81, 190, 208
-0.999338, 165, 289, 180, 416
-0.999342, 127, 369, 142, 496
-0.999342, 307, 289, 322, 416
-0.999342, 137, 81, 152, 208
-0.999343, 301, 289, 316, 416
-0.999347, 269, 129, 300, 256
-0.999347, 29, 1, 44, 128
-0.999348, 151, 129, 166, 256
-0.999348, 259, 369, 274, 496
-0.999352, 73, 65, 88, 192
-0.999353, 103, 1, 118, 128
-0.999356, 187, 193, 202, 320
-0.999356, 109, 145, 124, 272
-0.999356, 213, 257, 228, 384
-0.999357, 95, 241, 110, 368
-0.999357, 143, 81, 158, 208
-0.999358, 295, 369, 310, 496
-0.999358, 305, 241, 320, 368
-0.99936, 219, 193, 234, 320
-0.999361, 251, 369, 266, 496
-0.999361, 159, 321, 174, 448
-0.999363, 233, 177, 248, 304
-0.999364, 129, 257, 144, 384
-0.999365, 249, 273, 264, 400
-0.999367, 233, 369, 248, 496
-0.999368, 297, 225, 312, 352
-0.999368, 241, 257, 256, 384
-0.999372, 171, 241, 186, 368
-0.999377, 285, 209, 300, 336
-0.999379, 255, 241, 270, 368
-0.999382, 229, 241, 244, 368
-0.999385, 157, 49, 172, 176
-0.999387, 83, 225, 98, 352
-0.999388, 101, 369, 116, 496
-0.999389, 121, 369, 136, 496
-0.99939, 35, 225, 50, 352
-0.99939, 273, 337, 288, 464
-0.99939, 31, 145, 46, 272
-0.99939, 213, 305, 228, 432
-0.999394, 267, 337, 282, 464
-0.999395, 3, 97, 18, 224
-0.999395, 79, 65, 94, 192
-0.999397, 223, 241, 238, 368
-0.999397, 115, 369, 130, 496
-0.999399, 89, 49, 104, 176
-0.999399, 53, 225, 84, 480
-0.999401, 9, 177, 24, 304
-0.999401, 139, 305, 154, 432
-0.999402, 131, 81, 146, 208
-0.999403, 227, 369, 242, 496
-0.999407, 39, 1, 54, 128
-0.999407, 133, 161, 148, 288
-0.999407, 1, 193, 32, 448
-0.99941, 219, 369, 234, 496
-0.99941, 177, 257, 192, 384
-0.99941, 201, 321, 216, 448
-0.999412, 47, 81, 62, 208
-0.999412, 135, 33, 150, 160
-0.999412, 283, 463, 298, 478
-0.999412, 205, 193, 220, 208
-0.999412, 283, 439, 298, 454
-0.999414, 109, 17, 124, 144
-0.999415, 59, 1, 74, 128
-0.999415, 315, 475, 330, 490
-0.999417, 247, 349, 262, 364
-0.999418, 291, 409, 306, 424
-0.999419, 277, 225, 292, 352
-0.99942, 89, 1, 104, 128
-0.999421, 267, 225, 282, 352
-0.999422, 57, 225, 72, 352
-0.999423, 251, 413, 266, 428
-0.999425, 287, 337, 302, 464
-0.999426, 121, 309, 136, 324
-0.999426, 29, 217, 44, 232
-0.999427, 257, 321, 272, 336
-0.999427, 279, 407, 294, 422
-0.999428, 203, 235, 218, 250
-0.999429, 183, 353, 198, 480
-0.99943, 209, 353, 224, 480
-0.99943, 107, 429, 122, 444
-0.999431, 73, 1, 88, 128
-0.999434, 281, 345, 296, 360
-0.999434, 315, 385, 330, 400
-0.999434, 83, 369, 98, 496
-0.999434, 39, 229, 54, 244
-0.999434, 79, 161, 94, 288
-0.999435, 117, 119, 132, 134
-0.999436, 95, 33, 110, 160
-0.999438, 265, 289, 280, 416
-0.999438, 133, 275, 148, 290
-0.999439, 303, 389, 318, 404
-0.999439, 261, 435, 276, 450
-0.999442, 237, 375, 252, 390
-0.999444, 161, 131, 176, 146
-0.999445, 203, 137, 218, 152
-0.999445, 279, 383, 294, 398
-0.999446, 181, 1, 212, 256
-0.999449, 109, 95, 124, 110
-0.999454, 183, 309, 198, 324
-0.999455, 47, 201, 62, 216
-0.999455, 265, 429, 280, 444
-0.999455, 211, 149, 226, 164
-0.999457, 49, 415, 64, 430
-0.999458, 203, 149, 218, 164
-0.99946, 277, 433, 292, 448
-0.99946, 121, 349, 136, 364
-0.999462, 151, 91, 166, 106
-0.999464, 75, 219, 90, 234
-0.999465, 301, 425, 316, 440
-0.999466, 257, 365, 272, 380
-0.999472, 187, 407, 202, 422
-0.999473, 37, 137, 52, 152
-0.999474, 37, 225, 68, 480
-0.999474, 77, 413, 92, 428
-0.999477, 139, 275, 154, 290
-0.999477, 171, 119, 186, 134
-0.999478, 91, 147, 106, 162
-0.999478, 89, 427, 104, 442
-0.999479, 63, 91, 78, 106
-0.999486, 95, 433, 110, 448
-0.999488, 205, 439, 220, 454
-0.999493, 251, 361, 266, 376
-0.999498, 109, 101, 124, 116
-0.999498, 129, 269, 144, 284
-0.999506, 91, 177, 106, 192
-0.999507, 167, 113, 182, 128
-0.99951, 179, 415, 194, 430
-0.99951, 305, 439, 320, 454
-0.999517, 259, 401, 274, 416
-0.99952, 57, 343, 72, 358
-0.999521, 203, 161, 218, 176
-0.999522, 143, 113, 158, 128
-0.999523, 209, 215, 224, 230
-0.999524, 171, 315, 186, 330
-0.999527, 63, 227, 78, 242
-0.999528, 307, 475, 322, 490
-0.999532, 285, 473, 300, 488
-0.999534, 55, 199, 70, 214
-0.999536, 135, 353, 150, 368
-0.999538, 273, 343, 288, 358
-0.999544, 289, 339, 304, 354
-0.999552, 99, 173, 114, 188
-0.999553, 139, 91, 154, 106
-0.999554, 283, 333, 298, 348
-0.999555, 97, 165, 112, 180
-0.999557, 217, 189, 232, 204
-0.999559, 179, 421, 194, 436
-0.999559, 127, 305, 142, 320
-0.999561, 293, 419, 308, 434
-0.999562, 63, 399, 78, 414
-0.999569, 125, 411, 140, 426
-0.999571, 207, 229, 222, 244
-0.999577, 105, 137, 120, 152
-0.99958, 127, 311, 142, 326
-0.999582, 213, 65, 244, 320
-0.999592, 203, 143, 218, 158
-0.999597, 309, 387, 324, 402
-0.999599, 241, 415, 256, 430
-0.999601, 33, 411, 48, 426
-0.999604, 283, 339, 298, 354
-0.999606, 89, 171, 104, 186
-0.999615, 109, 107, 124, 122
-0.999615, 217, 223, 232, 238
-0.999616, 215, 369, 230, 384
-0.999639, 179, 317, 194, 332
-0.999639, 297, 431, 312, 446
-0.99964, 115, 95, 130, 110
-0.999642, 283, 425, 298, 440
-0.999651, 99, 181, 114, 196
-0.999651, 53, 409, 68, 424
-0.999663, 111, 87, 126, 102
-0.999665, 173, 113, 188, 128
-0.999679, 285, 433, 300, 448
-0.999681, 97, 159, 112, 174
-0.999683, 43, 417, 58, 432
-0.99969, 193, 33, 224, 288
-0.999693, 107, 131, 122, 146
-0.999711, 293, 425, 308, 440
-0.999718, 109, 125, 124, 140
-0.99972, 127, 349, 142, 364
-0.99972, 125, 85, 140, 100
-0.999722, 251, 327, 266, 342
-0.999727, 211, 329, 226, 344
-0.999733, 285, 409, 300, 424
-0.999734, 61, 199, 76, 214
-0.999743, 195, 409, 210, 424
-0.999747, 299, 295, 314, 310
-0.999751, 101, 429, 116, 444
-0.999751, 101, 153, 116, 168
-0.999751, 177, 311, 192, 326
-0.999757, 51, 341, 66, 356
-0.999768, 113, 113, 128, 128
-0.999774, 279, 389, 294, 404
-0.999776, 69, 223, 84, 238
-0.999789, 57, 193, 72, 208
-0.999811, 171, 309, 186, 324
-0.99983, 205, 327, 220, 342
-0.999846, 245, 327, 260, 342
-0.99985, 275, 337, 290, 352
-0.999852, 291, 431, 306, 446
-0.999862, 119, 87, 134, 102
-0.99987, 289, 65, 320, 320
-0.999871, 121, 257, 152, 500
-0.999875, 5, 1, 36, 256
-0.99989, 103, 147, 118, 162
-0.999906, 109, 119, 124, 134
-0.999941, 65, 257, 96, 500
-0.999999, 117, 409, 132, 424
-1, 265, 81, 328, 208
-1.00015, 39, 411, 54, 426
-1.00019, 257, 33, 288, 288
-1.0002, 95, 425, 110, 440
-1.00032, 225, 65, 256, 320
-1.00033, 193, 57, 320, 120
-1.00037, 301, 65, 332, 320
-1.00064, 193, 25, 320, 88
-1.00066, 277, 33, 308, 288
-1.00095, 237, 1, 268, 256
-1.00192, 241, 1, 304, 128
-1.00337, 225, 49, 288, 176
-1.0054, 217, 1, 280, 128
-1.00551, 265, 33, 328, 160
