1894
-0.489551, 1, 1, 500, 256
-0.51613, 1, 1, 500, 333
-0.587329, 193, 1, 448, 333
-0.603356, 97, 1, 352, 333
-0.618989, 1, 1, 256, 333
-0.812005, 97, 1, 352, 256
-0.813186, 193, 1, 448, 256
-0.850913, 1, 65, 256, 320
-0.881041, 241, 1, 368, 333
-0.90139, 257, 1, 384, 256
-0.914267, 65, 1, 192, 333
-0.918839, 193, 1, 320, 333
-0.921951, 33, 65, 160, 320
-0.925774, 209, 1, 336, 256
-0.926861, 113, 1, 240, 333
-0.927954, 1, 1, 500, 128
-0.928698, 97, 1, 352, 128
-0.92934, 289, 1, 416, 333
-0.934546, 17, 1, 144, 333
-0.936966, 1, 97, 500, 224
-0.937223, 81, 1, 208, 256
-0.946601, 1, 49, 500, 176
-0.94828, 193, 1, 448, 128
-0.948618, 305, 1, 432, 256
-0.95173, 65, 49, 320, 176
-0.953691, 241, 1, 304, 128
-0.95598, 1, 145, 256, 272
-0.956557, 369, 1, 496, 333
-0.957148, 33, 97, 288, 224
-0.958871, 193, 1, 320, 128
-0.966503, 273, 1, 400, 128
-0.966609, 65, 209, 320, 333
-0.96699, 33, 113, 160, 240
-0.967131, 257, 209, 500, 333
-0.968198, 217, 1, 280, 128
-0.968972, 257, 209, 384, 333
-0.969315, 161, 209, 416, 333
-0.970251, 249, 41, 312, 104
-0.970777, 281, 49, 344, 176
-0.971421, 113, 17, 240, 144
-0.971514, 193, 161, 448, 288
-0.971669, 241, 249, 304, 312
-0.971762, 65, 113, 128, 240
-0.972444, 201, 1, 264, 64
-0.972486, 177, 209, 304, 333
-0.972671, 1, 161, 128, 288
-0.973131, 193, 49, 448, 176
-0.973775, 241, 17, 304, 80
-0.97399, 241, 49, 368, 176
-0.974029, 105, 49, 168, 176
-0.97417, 17, 161, 80, 288
-0.974881, 321, 1, 384, 128
-0.975019, 1, 1, 256, 128
-0.975371, 369, 65, 496, 320
-0.975616, 281, 1, 344, 128
-0.975751, 81, 65, 208, 192
-0.975778, 249, 209, 312, 333
-0.976172, 121, 1, 184, 128
-0.976317, 289, 249, 352, 312
-0.976363, 249, 49, 312, 176
-0.976505, 41, 129, 104, 256
-0.976814, 193, 113, 448, 240
-0.978576, 281, 9, 344, 72
-0.97872, 1, 145, 500, 272
-0.979322, 257, 97, 384, 224
-0.979903, 73, 113, 136, 176
-0.979978, 193, 49, 320, 176
-0.980106, 33, 1, 160, 128
-0.980234, 273, 209, 336, 333
-0.980235, 321, 1, 448, 128
-0.980597, 305, 209, 432, 333
-0.980647, 385, 273, 448, 333
-0.981575, 129, 1, 256, 256
-0.98172, 241, 257, 368, 320
-0.981763, 369, 209, 496, 333
-0.981845, 1, 209, 64, 333
-0.98194, 241, 161, 368, 288
-0.982036, 225, 209, 288, 333
-0.982252, 193, 1, 320, 64
-0.982451, 241, 225, 304, 288
-0.982938, 89, 97, 152, 224
-0.98297, 229, 1, 260, 64
-0.982981, 33, 65, 160, 192
-0.983067, 145, 1, 208, 128
-0.983358, 49, 129, 112, 192
-0.98338, 257, 273, 320, 333
-0.983538, 145, 1, 272, 64
-0.983566, 217, 225, 280, 288
-0.983653, 113, 57, 176, 120
-0.983685, 137, 17, 200, 80
-0.983776, 249, 1, 312, 256
-0.983849, 97, 161, 352, 288
-0.98417, 225, 33, 352, 96
-0.984262, 289, 33, 352, 96
-0.98488, 25, 161, 88, 224
-0.984973, 65, 65, 128, 192
-0.985252, 305, 1, 368, 256
-0.985447, 281, 33, 312, 160
-0.985514, 289, 161, 416, 288
-0.985525, 201, 209, 264, 333
-0.985628, 261, 1, 292, 64
-0.985763, 241, 1, 272, 128
-0.985806, 97, 97, 160, 160
-0.985859, 1, 225, 64, 288
-0.986073, 105, 33, 168, 288
-0.986262, 289, 49, 416, 176
-0.986343, 1, 209, 128, 333
-0.986427, 313, 17, 376, 80
-0.986585, 321, 273, 448, 333
-0.986613, 225, 49, 288, 176
-0.986676, 257, 1, 384, 64
-0.986706, 277, 41, 308, 104
-0.986707, 265, 249, 328, 312
-0.986731, 193, 241, 320, 304
-0.986757, 229, 1, 260, 128
-0.986917, 193, 1, 256, 128
-0.986983, 281, 65, 344, 128
-0.987012, 281, 33, 344, 288
-0.987135, 369, 129, 496, 256
-0.987193, 17, 185, 80, 248
-0.987441, 217, 249, 280, 312
-0.987821, 257, 65, 320, 128
-0.987961, 141, 1, 172, 128
-0.987976, 305, 49, 368, 176
-0.98802, 193, 161, 320, 288
-0.988061, 253, 1, 284, 128
-0.988178, 269, 1, 300, 128
-0.988294, 129, 25, 256, 88
-0.988349, 321, 97, 448, 224
-0.98852, 305, 1, 368, 333
-0.988546, 217, 25, 280, 88
-0.988586, 125, 49, 156, 176
-0.988682, 89, 1, 152, 128
-0.988998, 73, 89, 136, 152
-0.989004, 265, 209, 328, 272
-0.989022, 297, 209, 360, 333
-0.989026, 241, 1, 272, 64
-0.989043, 249, 161, 312, 288
-0.989067, 281, 273, 344, 333
-0.989155, 249, 1, 312, 333
-0.989223, 281, 1, 344, 333
-0.989332, 49, 113, 176, 176
-0.989492, 305, 97, 368, 224
-0.989665, 269, 249, 300, 312
-0.989696, 209, 113, 336, 240
-0.989726, 101, 97, 132, 224
-0.989888, 257, 209, 288, 333
-0.989914, 305, 57, 368, 120
-0.989923, 337, 1, 400, 64
-0.989953, 329, 209, 392, 333
-0.990017, 113, 1, 176, 333
-0.990094, 297, 161, 360, 288
-0.990222, 369, 273, 496, 333
-0.990355, 293, 49, 324, 176
-0.990366, 273, 25, 400, 88
-0.990483, 249, 225, 280, 288
-0.990588, 321, 145, 384, 272
-0.990648, 269, 209, 300, 333
-0.99067, 217, 1, 248, 64
-0.990714, 81, 113, 208, 240
-0.990723, 81, 65, 144, 320
-0.990757, 149, 9, 180, 72
-0.990873, 265, 25, 296, 88
-0.990925, 73, 113, 104, 240
-0.990961, 37, 161, 68, 288
-0.991037, 241, 253, 304, 284
-0.991062, 289, 1, 320, 64
-0.991273, 209, 273, 272, 333
-0.991342, 137, 41, 200, 104
-0.991354, 9, 209, 40, 333
-0.991431, 241, 13, 304, 44
-0.991434, 257, 249, 288, 312
-0.991464, 25, 81, 88, 208
-0.991473, 329, 273, 392, 333
-0.991483, 249, 45, 312, 76
-0.991501, 97, 65, 224, 128
-0.991503, 113, 65, 144, 192
-0.991568, 125, 57, 156, 120
-0.991572, 1, 113, 64, 240
-0.991611, 209, 5, 272, 36
-0.99171, 85, 113, 116, 240
-0.99181, 309, 33, 340, 160
-0.991944, 249, 1, 312, 32
-0.991956, 249, 289, 312, 320
-0.992037, 49, 145, 80, 272
-0.992038, 97, 1, 352, 64
-0.992047, 241, 33, 304, 64
-0.992064, 377, 297, 440, 328
-0.992067, 433, 161, 496, 288
-0.992091, 33, 137, 160, 200
-0.992098, 273, 49, 400, 112
-0.992154, 129, 49, 192, 176
-0.992167, 281, 45, 344, 76
-0.99217, 245, 25, 276, 88
-0.992198, 289, 249, 352, 280
-0.9922, 249, 57, 312, 88
-0.992208, 281, 29, 344, 60
-0.992236, 297, 177, 360, 240
-0.992239, 385, 285, 448, 316
-0.992247, 61, 129, 92, 256
-0.992249, 397, 265, 428, 328
-0.992347, 225, 1, 288, 256
-0.99238, 237, 209, 268, 333
-0.992393, 321, 153, 384, 216
-0.992394, 241, 241, 304, 272
-0.992408, 41, 161, 72, 224
-0.992435, 81, 89, 208, 152
-0.992454, 281, 261, 344, 292
-0.99247, 185, 1, 248, 32
-0.992491, 1, 209, 128, 272
-0.992495, 25, 177, 56, 304
-0.992522, 105, 1, 168, 64
-0.99253, 93, 113, 124, 176
-0.992535, 129, 177, 256, 304
-0.992559, 49, 153, 112, 216
-0.992569, 333, 1, 364, 128
-0.992579, 257, 233, 384, 296
-0.992581, 225, 57, 352, 120
-0.992588, 73, 121, 136, 152
-0.99259, 257, 113, 320, 240
-0.99259, 345, 129, 408, 256
-0.992609, 49, 1, 176, 64
-0.992614, 321, 1, 448, 64
-0.992648, 61, 137, 92, 200
-0.992649, 233, 301, 296, 332
-0.992654, 281, 5, 344, 36
-0.992667, 273, 1, 304, 64
-0.992676, 265, 277, 328, 308
-0.992694, 289, 209, 320, 333
-0.992722, 289, 225, 352, 288
-0.992767, 281, 57, 344, 88
-0.992773, 225, 129, 288, 256
-0.992775, 105, 93, 168, 124
-0.992789, 145, 13, 208, 44
-0.992801, 17, 121, 80, 184
-0.992822, 209, 241, 272, 272
-0.992826, 77, 121, 108, 184
-0.992848, 225, 229, 288, 260
-0.992858, 289, 249, 320, 312
-0.992869, 273, 17, 336, 48
-0.992901, 89, 109, 152, 140
-0.992902, 137, 25, 200, 56
-0.992921, 385, 273, 448, 304
-0.992925, 57, 141, 120, 172
-0.992948, 129, 49, 192, 80
-0.992964, 345, 1, 376, 128
-0.992989, 89, 65, 152, 128
-0.993, 137, 37, 200, 68
-0.993008, 433, 273, 496, 333
-0.993032, 17, 161, 144, 224
-0.993073, 113, 77, 176, 108
-0.99308, 1, 185, 128, 248
-0.993119, 41, 161, 104, 192
-0.993129, 129, 1, 192, 256
-0.993136, 321, 249, 448, 312
-0.993137, 249, 69, 312, 100
-0.993137, 9, 217, 72, 248
-0.993138, 177, 265, 304, 328
-0.993141, 1, 233, 64, 264
-0.993166, 217, 253, 280, 284
-0.99319, 145, 1, 208, 32
-0.993199, 321, 17, 352, 144
-0.993199, 201, 49, 264, 112
-0.993237, 121, 61, 184, 92
-0.993249, 241, 265, 304, 296
-0.993256, 113, 1, 176, 32
-0.993289, 73, 85, 136, 116
-0.993297, 289, 89, 352, 152
-0.993306, 293, 65, 324, 128
-0.993317, 105, 25, 168, 56
-0.99336, 265, 241, 328, 272
-0.993375, 1, 233, 32, 296
-0.99341, 345, 293, 408, 324
-0.993425, 433, 217, 496, 280
-0.993439, 313, 181, 376, 212
-0.99344, 297, 1, 328, 128
-0.993451, 289, 69, 352, 100
-0.993453, 313, 21, 376, 52
-0.993463, 25, 177, 88, 208
-0.99347, 17, 205, 80, 236
-0.993477, 105, 13, 168, 44
-0.993482, 209, 301, 272, 332
-0.993485, 217, 49, 280, 80
-0.9935, 273, 273, 304, 333
-0.993504, 49, 97, 112, 160
-0.993571, 217, 61, 280, 92
-0.993579, 97, 37, 160, 68
-0.993584, 57, 1, 120, 256
-0.993592, 353, 273, 416, 333
-0.993594, 281, 97, 344, 128
-0.993595, 321, 9, 384, 40
-0.993595, 217, 37, 280, 68
-0.993608, 345, 1, 408, 32
-0.99361, 49, 125, 112, 156
-0.993616, 73, 97, 136, 128
-0.993628, 305, 41, 368, 72
-0.993635, 17, 189, 80, 220
-0.993643, 433, 273, 496, 304
-0.993649, 265, 81, 328, 112
-0.993658, 89, 61, 152, 92
-0.993666, 209, 289, 272, 320
-0.993672, 265, 221, 328, 252
-0.99368, 345, 281, 408, 312
-0.99374, 393, 261, 456, 292
-0.993747, 269, 1, 300, 32
-0.99376, 241, 277, 304, 308
-0.993765, 257, 201, 384, 264
-0.993768, 289, 273, 352, 304
-0.993772, 97, 25, 352, 88
-0.993779, 49, 25, 176, 88
-0.993781, 289, 181, 352, 212
-0.993789, 245, 257, 276, 320
-0.993818, 305, 57, 368, 88
-0.993834, 97, 49, 160, 80
-0.993834, 81, 73, 144, 104
-0.993839, 17, 137, 80, 168
-0.993844, 17, 161, 80, 192
-0.993849, 25, 125, 88, 156
-0.993853, 185, 301, 248, 332
-0.99386, 353, 265, 416, 296
-0.993874, 1, 245, 64, 276
-0.993877, 433, 189, 496, 220
-0.993879, 213, 1, 244, 32
-0.993881, 433, 217, 496, 248
-0.993884, 337, 185, 400, 216
-0.993889, 153, 1, 184, 128
-0.993922, 329, 265, 392, 296
-0.993923, 249, 133, 312, 164
-0.993923, 289, 297, 352, 328
-0.993927, 41, 113, 104, 144
-0.993929, 313, 197, 376, 228
-0.993941, 321, 293, 384, 324
-0.993944, 353, 209, 416, 333
-0.99395, 217, 217, 280, 248
-0.993955, 105, 97, 136, 160
-0.993962, 105, 25, 168, 88
-0.993964, 33, 149, 96, 180
-0.993968, 305, 109, 368, 140
-0.993971, 313, 165, 376, 196
-0.993971, 433, 229, 496, 260
-0.994008, 345, 149, 408, 180
-0.994013, 65, 109, 128, 140
-0.994014, 321, 277, 384, 308
-0.994017, 321, 149, 384, 180
-0.994025, 9, 149, 72, 180
-0.994025, 289, 81, 352, 112
-0.994031, 345, 145, 408, 208
-0.994052, 433, 253, 496, 284
-0.994056, 257, 121, 320, 152
-0.99407, 137, 25, 168, 88
-0.994073, 313, 133, 376, 164
-0.994081, 101, 33, 132, 160
-0.994085, 329, 109, 392, 140
-0.994096, 217, 277, 280, 308
-0.994109, 225, 137, 288, 168
-0.994111, 297, 285, 360, 316
-0.994113, 329, 253, 392, 284
-0.994117, 409, 273, 472, 304
-0.994118, 241, 217, 304, 248
-0.994122, 225, 73, 288, 104
-0.994126, 433, 161, 496, 192
-0.99413, 225, 205, 288, 236
-0.994131, 289, 237, 352, 268
-0.994133, 433, 241, 496, 272
-0.994147, 217, 25, 280, 56
-0.994149, 417, 293, 480, 324
-0.994159, 265, 189, 328, 220
-0.994161, 345, 13, 408, 44
-0.994166, 329, 241, 392, 272
-0.994174, 433, 201, 496, 232
-0.994176, 81, 65, 112, 192
-0.994179, 329, 33, 392, 64
-0.994183, 201, 229, 264, 260
-0.994186, 433, 177, 496, 208
-0.994189, 305, 97, 368, 128
-0.994193, 241, 189, 304, 220
-0.994226, 281, 109, 344, 140
-0.994234, 17, 1, 80, 333
-0.994239, 65, 1, 128, 333
-0.994285, 329, 233, 392, 296
-0.994287, 25, 185, 56, 248
-0.994304, 245, 65, 276, 192
-0.994305, 261, 289, 292, 320
-0.994371, 269, 37, 300, 68
-0.994376, 433, 209, 496, 333
-0.994425, 257, 89, 384, 152
-0.99443, 321, 177, 384, 240
-0.994455, 433, 185, 496, 248
-0.99448, 89, 1, 152, 333
-0.994486, 233, 273, 296, 333
-0.994505, 329, 1, 392, 256
-0.994536, 313, 113, 376, 176
-0.994558, 273, 161, 336, 288
-0.994574, 81, 41, 144, 104
-0.994621, 345, 81, 408, 208
-0.994621, 193, 217, 256, 280
-0.994624, 433, 249, 496, 312
-0.994633, 193, 9, 448, 72
-0.994689, 137, 1, 200, 333
-0.994725, 233, 65, 296, 128
-0.99475, 121, 1, 152, 128
-0.994759, 353, 241, 416, 304
-0.994776, 33, 57, 160, 120
-0.994816, 1, 145, 64, 208
-0.994895, 281, 97, 344, 224
-0.994919, 225, 1, 288, 333
-0.994937, 249, 297, 280, 328
-0.994966, 305, 201, 368, 264
-0.994995, 233, 9, 264, 40
-0.995008, 301, 41, 332, 104
-0.995082, 369, 249, 496, 312
-0.995088, 269, 249, 300, 280
-0.995102, 245, 253, 276, 284
-0.995134, 97, 49, 352, 112
-0.995148, 225, 193, 288, 256
-0.995152, 193, 273, 448, 333
-0.995179, 41, 1, 104, 333
-0.995193, 249, 13, 280, 44
-0.9952, 345, 129, 376, 256
-0.995263, 257, 249, 288, 280
-0.99527, 273, 281, 304, 312
-0.995277, 433, 113, 496, 240
-0.995278, 369, 81, 496, 208
-0.995321, 273, 177, 336, 240
-0.995323, 149, 17, 180, 48
-0.995334, 77, 125, 108, 156
-0.995337, 301, 193, 332, 320
-0.995358, 93, 113, 124, 144
-0.995415, 393, 249, 456, 312
-0.995424, 17, 81, 144, 144
-0.995451, 345, 1, 408, 128
-0.995484, 397, 209, 428, 333
-0.995493, 393, 209, 456, 333
-0.995496, 261, 237, 292, 268
-0.995507, 177, 25, 304, 88
-0.99552, 17, 33, 80, 288
-0.995537, 329, 1, 392, 333
-0.995558, 145, 29, 176, 60
-0.995583, 61, 141, 92, 172
-0.995592, 397, 269, 428, 300
-0.995593, 265, 25, 296, 56
-0.995595, 249, 233, 280, 264
-0.995606, 393, 285, 424, 316
-0.995613, 193, 33, 448, 96
-0.99562, 261, 13, 292, 44
-0.995628, 277, 49, 308, 80
-0.995633, 57, 81, 88, 208
-0.995636, 113, 93, 144, 124
-0.995638, 241, 129, 304, 192
-0.995653, 337, 193, 368, 320
-0.995665, 285, 5, 316, 36
-0.995678, 1, 1, 500, 64
-0.995691, 45, 161, 76, 192
-0.995694, 289, 261, 320, 292
-0.995774, 13, 161, 44, 288
-0.995774, 285, 273, 316, 304
-0.995784, 25, 129, 56, 256
-0.995812, 161, 249, 416, 312
-0.995813, 45, 97, 76, 224
-0.995834, 133, 53, 164, 84
-0.995841, 13, 217, 44, 280
-0.995874, 393, 297, 424, 328
-0.995928, 33, 113, 288, 176
-0.995952, 157, 1, 188, 32
-0.996003, 241, 289, 368, 320
-0.99602, 9, 229, 40, 260
-0.996034, 241, 177, 368, 240
-0.996041, 69, 65, 100, 192
-0.996046, 293, 249, 324, 280
-0.996071, 105, 105, 136, 136
-0.996077, 125, 73, 156, 104
-0.996098, 145, 1, 272, 32
-0.996098, 141, 41, 172, 72
-0.996102, 137, 49, 168, 112
-0.996104, 349, 137, 380, 200
-0.996203, 137, 49, 168, 176
-0.996218, 57, 153, 88, 184
-0.996242, 297, 61, 328, 92
-0.996243, 117, 81, 148, 144
-0.99626, 257, 113, 384, 176
-0.996278, 65, 81, 320, 144
-0.996283, 253, 1, 284, 32
-0.996304, 237, 241, 268, 272
-0.996305, 1, 245, 32, 276
-0.996308, 281, 65, 312, 96
-0.996325, 357, 145, 388, 272
-0.996346, 401, 257, 432, 288
-0.996348, 245, 33, 276, 64
-0.996366, 341, 185, 372, 216
-0.996388, 249, 49, 280, 80
-0.996402, 297, 81, 328, 112
-0.996412, 17, 217, 48, 248
-0.996413, 285, 17, 316, 48
-0.996418, 293, 33, 324, 64
-0.996436, 1, 25, 500, 88
-0.99644, 317, 193, 348, 320
-0.996448, 237, 301, 268, 332
-0.996451, 217, 1, 248, 128
-0.996468, 161, 97, 288, 224
-0.996508, 37, 173, 68, 204
-0.996513, 29, 185, 60, 216
-0.996516, 349, 149, 380, 180
-0.996517, 193, 217, 320, 280
-0.996526, 249, 129, 280, 256
-0.996557, 287, 41, 302, 104
-0.996559, 285, 273, 316, 333
-0.996573, 257, 49, 288, 176
-0.996616, 1, 121, 500, 184
-0.996632, 293, 49, 324, 80
-0.996642, 257, 249, 500, 312
-0.996645, 333, 97, 364, 224
-0.996658, 1, 89, 500, 152
-0.99667, 239, 1, 254, 64
-0.996686, 341, 137, 372, 168
-0.996693, 257, 1, 384, 32
-0.996697, 245, 227, 276, 242
-0.9967, 65, 129, 96, 160
-0.9967, 269, 277, 300, 292
-0.996701, 273, 237, 304, 268
-0.996705, 329, 193, 360, 208
-0.996711, 349, 141, 380, 156
-0.99672, 137, 15, 168, 30
-0.996722, 1, 219, 32, 234
-0.996727, 245, 27, 276, 42
-0.996733, 245, 73, 276, 88
-0.996733, 337, 139, 368, 154
-0.996737, 105, 81, 136, 96
-0.99674, 389, 309, 420, 324
-0.996742, 257, 139, 288, 154
-0.996747, 241, 301, 272, 316
-0.996748, 353, 147, 384, 162
-0.996754, 281, 71, 312, 86
-0.996755, 229, 241, 260, 256
-0.996759, 133, 23, 164, 38
-0.996765, 133, 65, 164, 80
-0.996768, 373, 307, 404, 322
-0.996771, 293, 87, 324, 102
-0.996778, 285, 27, 316, 42
-0.996781, 21, 205, 52, 236
-0.996786, 393, 315, 424, 330
-0.996788, 33, 185, 64, 200
-0.996788, 241, 313, 272, 328
-0.996789, 241, 47, 272, 62
-0.996789, 1, 169, 256, 232
-0.99679, 241, 293, 272, 308
-0.996795, 21, 209, 52, 224
-0.996797, 9, 233, 40, 248
-0.996797, 5, 243, 36, 258
-0.996798, 353, 185, 384, 200
-0.9968, 401, 261, 432, 276
-0.996802, 137, 9, 168, 24
-0.996803, 253, 47, 284, 62
-0.996805, 73, 133, 104, 148
-0.996811, 245, 59, 276, 74
-0.996813, 273, 269, 304, 300
-0.996813, 125, 45, 156, 60
-0.996816, 301, 79, 332, 94
-0.996818, 237, 257, 268, 272
-0.996826, 357, 1, 388, 32
-0.996828, 273, 251, 304, 266
-0.996828, 373, 301, 404, 316
-0.99683, 237, 289, 268, 320
-0.996831, 273, 13, 304, 44
-0.996832, 241, 33, 272, 48
-0.996835, 245, 53, 276, 68
-0.996835, 225, 301, 256, 332
-0.996836, 373, 301, 404, 332
-0.996836, 25, 199, 56, 214
-0.996841, 241, 61, 272, 92
-0.996842, 129, 39, 160, 54
-0.996845, 349, 153, 380, 168
-0.996847, 233, 307, 264, 322
-0.996851, 293, 251, 324, 266
-0.996851, 41, 175, 72, 190
-0.996852, 273, 271, 304, 286
-0.996856, 285, 35, 316, 50
-0.996862, 325, 21, 356, 52
-0.996863, 249, 233, 280, 248
-0.996864, 389, 303, 420, 318
-0.996868, 261, 49, 292, 80
-0.996869, 261, 277, 292, 308
-0.996871, 81, 121, 112, 136
-0.996875, 281, 65, 312, 128
-0.996881, 285, 19, 316, 34
-0.996884, 245, 73, 276, 104
-0.996887, 289, 153, 352, 216
-0.996887, 137, 59, 168, 74
-0.996888, 281, 65, 312, 80
-0.996888, 269, 241, 300, 256
-0.996889, 1, 249, 32, 264
-0.996897, 129, 71, 160, 86
-0.996898, 233, 33, 264, 64
-0.996903, 321, 253, 352, 284
-0.996921, 373, 313, 404, 328
-0.996926, 245, 65, 276, 80
-0.996927, 129, 33, 160, 48
-0.996929, 285, 77, 316, 108
-0.996935, 141, 3, 172, 18
-0.996938, 1, 161, 32, 288
-0.996941, 273, 257, 304, 272
-0.996943, 125, 79, 156, 94
-0.996949, 305, 93, 336, 124
-0.996955, 297, 73, 328, 88
-0.99696, 257, 273, 384, 304
-0.996963, 61, 149, 92, 164
-0.996963, 21, 217, 52, 232
-0.996965, 121, 61, 152, 92
-0.996967, 289, 257, 320, 272
-0.996972, 313, 37, 344, 68
-0.996994, 309, 77, 340, 108
-0.996994, 293, 41, 324, 56
-0.997003, 105, 81, 136, 112
-0.997005, 321, 153, 448, 216
-0.997005, 353, 185, 384, 216
-0.997011, 401, 273, 432, 288
-0.997012, 305, 185, 432, 248
-0.997013, 105, 113, 136, 128
-0.997019, 265, 129, 296, 256
-0.997021, 329, 185, 360, 216
-0.997023, 201, 1, 232, 16
-0.997024, 397, 281, 428, 296
-0.997025, 285, 13, 316, 28
-0.997027, 113, 101, 144, 116
-0.997028, 145, 33, 176, 48
-0.99703, 265, 29, 296, 44
-0.997031, 1, 137, 256, 200
-0.997031, 233, 253, 264, 284
-0.997033, 293, 57, 324, 72
-0.997034, 265, 113, 328, 176
-0.997035, 121, 89, 152, 104
-0.997036, 13, 227, 44, 242
-0.997037, 277, 59, 308, 74
-0.997041, 365, 133, 396, 164
-0.997044, 237, 233, 268, 296
-0.997049, 137, 1, 168, 32
-0.997049, 225, 33, 352, 64
-0.997049, 129, 33, 160, 64
-0.997052, 401, 267, 432, 282
-0.997053, 65, 143, 96, 158
-0.997054, 141, 47, 172, 62
-0.997058, 369, 225, 496, 288
-0.997061, 237, 251, 268, 266
-0.997063, 145, 39, 176, 54
-0.997066, 253, 61, 284, 92
-0.997068, 249, 221, 280, 252
-0.997068, 105, 87, 136, 102
-0.997073, 57, 155, 88, 170
-0.997073, 49, 165, 80, 180
-0.997079, 281, 37, 312, 68
-0.997079, 109, 107, 140, 122
-0.997082, 345, 9, 376, 40
-0.997089, 341, 185, 372, 200
-0.997096, 305, 225, 432, 288
-0.997096, 157, 5, 188, 20
-0.997097, 289, 5, 320, 20
-0.997102, 297, 67, 328, 82
-0.997104, 241, 21, 368, 52
-0.997108, 333, 117, 364, 148
-0.997108, 137, 53, 168, 68
-0.997119, 193, 241, 256, 304
-0.99712, 93, 93, 124, 124
-0.997121, 249, 141, 280, 172
-0.997127, 341, 173, 372, 204
-0.997129, 393, 297, 424, 312
-0.99713, 289, 265, 320, 280
-0.997132, 277, 49, 308, 64
-0.997142, 317, 189, 348, 220
-0.997142, 337, 197, 368, 228
-0.997156, 361, 173, 392, 204
-0.997157, 293, 51, 324, 66
-0.997164, 269, 37, 300, 52
-0.997171, 273, 263, 304, 278
-0.997173, 465, 273, 496, 304
-0.997179, 393, 291, 424, 306
-0.997182, 265, 21, 296, 36
-0.997185, 109, 61, 140, 92
-0.997186, 129, 17, 160, 48
-0.997192, 225, 237, 256, 268
-0.9972, 93, 117, 124, 132
-0.997203, 157, 11, 188, 26
-0.997204, 289, 271, 320, 286
-0.997205, 233, 49, 264, 176
-0.997215, 265, 287, 296, 302
-0.997226, 81, 113, 112, 144
-0.997229, 433, 161, 496, 224
-0.997231, 309, 65, 340, 128
-0.997232, 81, 127, 112, 142
-0.997241, 249, 281, 280, 312
-0.997243, 353, 133, 384, 164
-0.997244, 409, 273, 472, 333
-0.997251, 149, 27, 180, 42
-0.997255, 249, 253, 280, 268
-0.997264, 257, 7, 288, 22
-0.997266, 117, 95, 148, 110
-0.997275, 257, 37, 288, 68
-0.997284, 193, 5, 320, 36
-0.997285, 413, 301, 444, 332
-0.997288, 285, 279, 316, 294
-0.997289, 225, 301, 352, 332
-0.99729, 265, 15, 296, 30
-0.997299, 41, 141, 72, 172
-0.997299, 305, 49, 336, 80
-0.997301, 153, 17, 184, 32
-0.997304, 305, 245, 336, 276
-0.997304, 337, 285, 368, 316
-0.997306, 289, 237, 320, 268
-0.997313, 245, 1, 260, 64
-0.997316, 357, 121, 388, 152
-0.997323, 337, 21, 368, 52
-0.997323, 309, 65, 340, 96
-0.99733, 261, 133, 292, 164
-0.997335, 373, 285, 404, 316
-0.997341, 65, 17, 128, 144
-0.997342, 245, 245, 276, 260
-0.997353, 365, 153, 396, 184
-0.997359, 321, 293, 352, 324
-0.99736, 465, 197, 496, 228
-0.997369, 465, 221, 496, 252
-0.997373, 237, 49, 268, 80
-0.997374, 465, 181, 496, 212
-0.997385, 253, 299, 284, 314
-0.997387, 333, 9, 364, 40
-0.997392, 277, 285, 308, 300
-0.997397, 349, 161, 380, 192
-0.997398, 65, 65, 128, 128
-0.9974, 229, 225, 260, 256
-0.997401, 245, 307, 276, 322
-0.997403, 229, 185, 260, 216
-0.997413, 25, 161, 56, 192
-0.997429, 369, 301, 496, 332
-0.997432, 409, 285, 440, 316
-0.997434, 269, 121, 300, 152
-0.997439, 465, 209, 496, 333
-0.997442, 433, 1, 496, 333
-0.997451, 269, 217, 300, 248
-0.997457, 317, 249, 348, 312
-0.997458, 337, 257, 368, 288
-0.997463, 337, 269, 368, 300
-0.99748, 433, 129, 496, 192
-0.997484, 285, 161, 316, 288
-0.997496, 249, 13, 280, 28
-0.997505, 217, 317, 248, 332
-0.997517, 225, 45, 352, 76
-0.997535, 353, 1, 416, 333
-0.997544, 229, 313, 260, 328
-0.997552, 321, 281, 448, 312
-0.997567, 257, 261, 384, 292
-0.997567, 321, 301, 448, 332
-0.997583, 193, 25, 256, 88
-0.997586, 93, 81, 124, 144
-0.997607, 193, 253, 320, 284
-0.997626, 465, 161, 496, 288
-0.997674, 269, 9, 300, 24
-0.997695, 349, 1, 380, 64
-0.997698, 277, 97, 308, 224
-0.997699, 249, 185, 312, 248
-0.997737, 261, 293, 292, 308
-0.997739, 321, 113, 352, 240
-0.997744, 193, 185, 320, 248
-0.997766, 129, 29, 256, 60
-0.997769, 305, 81, 336, 208
-0.997773, 261, 249, 292, 264
-0.997783, 229, 9, 260, 24
-0.997793, 345, 81, 376, 208
-0.997801, 369, 289, 496, 320
-0.997802, 65, 273, 320, 333
-0.997813, 229, 161, 260, 288
-0.997834, 213, 3, 244, 18
-0.997839, 277, 1, 308, 256
-0.997842, 273, 3, 304, 18
-0.99786, 201, 49, 264, 176
-0.997892, 145, 217, 272, 280
-0.997901, 361, 97, 392, 224
-0.997913, 369, 169, 496, 232
-0.99792, 65, 249, 320, 312
-0.997923, 269, 43, 300, 58
-0.997933, 193, 225, 448, 288
-0.997958, 287, 45, 302, 76
-0.997979, 401, 1, 464, 333
-0.99799, 151, 17, 166, 80
-0.997993, 321, 269, 448, 300
-0.997993, 225, 1, 240, 32
-0.998008, 219, 1, 234, 32
-0.998009, 253, 49, 284, 112
-0.998034, 193, 193, 448, 256
-0.998045, 263, 293, 278, 324
-0.998054, 225, 153, 288, 216
-0.998056, 153, 17, 168, 48
-0.998061, 149, 29, 164, 60
-0.998064, 97, 225, 352, 288
-0.998067, 279, 285, 294, 316
-0.998067, 281, 1, 296, 32
-0.998076, 273, 37, 400, 68
-0.998076, 273, 1, 288, 32
-0.99808, 253, 301, 268, 332
-0.99808, 247, 9, 262, 40
-0.998089, 253, 13, 268, 44
-0.99809, 1, 113, 128, 176
-0.998093, 119, 93, 134, 124
-0.998095, 265, 89, 328, 152
-0.998097, 263, 249, 278, 280
-0.998098, 139, 53, 154, 84
-0.998105, 291, 269, 306, 300
-0.998105, 49, 165, 64, 196
-0.998106, 271, 289, 286, 320
-0.998107, 231, 5, 246, 36
-0.99811, 285, 281, 300, 312
-0.998111, 259, 9, 274, 40
-0.998117, 271, 237, 286, 268
-0.998117, 285, 253, 300, 284
-0.998118, 257, 253, 272, 284
-0.998119, 291, 5, 306, 36
-0.998129, 85, 125, 100, 156
-0.998137, 111, 105, 126, 136
-0.998137, 237, 5, 252, 36
-0.998138, 273, 225, 304, 288
-0.998138, 305, 105, 432, 168
-0.998139, 329, 201, 392, 264
-0.99814, 55, 157, 70, 188
-0.998143, 105, 113, 120, 144
-0.998143, 397, 285, 412, 316
-0.998144, 13, 229, 28, 260
-0.998145, 63, 149, 78, 180
-0.998147, 267, 9, 282, 40
-0.99815, 159, 9, 174, 40
-0.99815, 251, 257, 266, 288
-0.99815, 91, 121, 106, 152
-0.998151, 281, 33, 296, 64
-0.998151, 129, 69, 144, 100
-0.998154, 291, 57, 306, 88
-0.998155, 145, 41, 160, 72
-0.998157, 3, 249, 18, 280
-0.998157, 97, 117, 112, 148
-0.99816, 265, 233, 280, 264
-0.998161, 79, 129, 94, 160
-0.998167, 395, 297, 410, 328
-0.998169, 69, 141, 84, 172
-0.99817, 285, 17, 300, 48
-0.998172, 269, 249, 284, 280
-0.998172, 277, 237, 292, 268
-0.998173, 295, 249, 310, 280
-0.998174, 353, 185, 368, 216
-0.99818, 123, 81, 138, 112
-0.998183, 133, 57, 148, 88
-0.998184, 253, 241, 268, 272
-0.998184, 361, 145, 376, 176
-0.998192, 19, 217, 34, 248
-0.998194, 35, 185, 50, 216
-0.998195, 285, 269, 300, 300
-0.998195, 399, 273, 414, 304
-0.998195, 279, 21, 294, 52
-0.998197, 201, 161, 264, 288
-0.998198, 263, 49, 278, 80
-0.998198, 295, 69, 310, 100
-0.9982, 255, 289, 270, 320
-0.9982, 353, 137, 368, 168
-0.998202, 251, 25, 266, 56
-0.998203, 255, 61, 270, 92
-0.998204, 361, 181, 376, 212
-0.998206, 247, 301, 262, 332
-0.998208, 43, 169, 58, 200
-0.99821, 241, 153, 368, 216
-0.998214, 259, 237, 274, 268
-0.998216, 7, 237, 22, 268
-0.998217, 257, 249, 384, 280
-0.99822, 407, 257, 422, 288
-0.99822, 277, 249, 292, 280
-0.998223, 301, 77, 316, 108
-0.998223, 345, 121, 360, 152
-0.998224, 233, 301, 248, 332
-0.998226, 359, 169, 374, 200
-0.998226, 341, 181, 356, 212
-0.998226, 259, 37, 274, 68
-0.998227, 241, 297, 256, 328
-0.998229, 241, 241, 256, 272
-0.99823, 265, 281, 280, 312
-0.998233, 245, 253, 260, 284
-0.998237, 249, 289, 264, 320
-0.998237, 297, 37, 312, 68
-0.998237, 271, 277, 286, 308
-0.998238, 29, 197, 44, 228
-0.99824, 273, 49, 400, 80
-0.998241, 245, 33, 260, 64
-0.998245, 253, 49, 268, 80
-0.998245, 277, 273, 292, 304
-0.998245, 73, 129, 88, 160
-0.998245, 259, 137, 274, 168
-0.998246, 369, 153, 384, 184
-0.998247, 81, 105, 208, 136
-0.998247, 213, 1, 228, 32
-0.998248, 139, 41, 154, 72
-0.998248, 1, 65, 500, 128
-0.998249, 363, 1, 378, 32
-0.99825, 255, 73, 270, 104
-0.99825, 113, 93, 128, 124
-0.998251, 1, 193, 256, 256
-0.998252, 273, 13, 288, 44
-0.998252, 193, 241, 320, 272
-0.998253, 385, 301, 400, 332
-0.998255, 25, 209, 40, 240
-0.998256, 367, 169, 382, 200
-0.998256, 347, 133, 362, 164
-0.998258, 91, 109, 106, 140
-0.998259, 117, 81, 132, 112
-0.99826, 313, 81, 328, 112
-0.99826, 371, 141, 386, 172
-0.998262, 307, 69, 322, 100
-0.998262, 297, 1, 312, 32
-0.998263, 307, 85, 322, 116
-0.998264, 355, 221, 370, 252
-0.998264, 289, 113, 352, 176
-0.998265, 351, 197, 366, 228
-0.998267, 253, 1, 268, 32
-0.998267, 99, 105, 114, 136
-0.998267, 313, 245, 328, 276
-0.998267, 303, 245, 318, 276
-0.998268, 105, 101, 120, 132
-0.998268, 335, 197, 350, 228
-0.998268, 347, 185, 362, 216
-0.998268, 249, 69, 264, 100
-0.998269, 249, 221, 264, 252
-0.99827, 253, 145, 268, 176
-0.998271, 247, 241, 262, 272
-0.998272, 297, 53, 312, 84
-0.998272, 401, 261, 416, 292
-0.998272, 83, 113, 98, 144
-0.998274, 479, 281, 494, 312
-0.998275, 343, 13, 358, 44
-0.998275, 319, 249, 334, 280
-0.998286, 233, 1, 248, 64
-0.998355, 225, 57, 352, 88
-0.998364, 1, 273, 500, 333
-0.998369, 65, 5, 192, 36
-0.998381, 137, 1, 168, 256
-0.998383, 1, 25, 256, 88
-0.998419, 225, 97, 480, 160
-0.998424, 261, 273, 292, 333
-0.998436, 289, 33, 320, 288
-0.99845, 1, 145, 500, 208
-0.998454, 225, 209, 256, 333
-0.998461, 193, 265, 320, 296
-0.998479, 65, 117, 192, 148
-0.998487, 193, 137, 448, 200
-0.998493, 121, 81, 184, 144
-0.998508, 271, 1, 286, 64
-0.998514, 193, 21, 320, 52
-0.998544, 305, 273, 368, 333
-0.998545, 1, 49, 256, 112
-0.998547, 353, 121, 416, 184
-0.998548, 325, 1, 356, 256
-0.99856, 333, 113, 364, 176
-0.998594, 241, 251, 304, 266
-0.998613, 129, 17, 256, 48
-0.998613, 369, 277, 496, 308
-0.998616, 241, 3, 304, 18
-0.998619, 241, 43, 304, 58
-0.998632, 281, 47, 344, 62
-0.998635, 249, 49, 312, 64
-0.998647, 377, 295, 440, 310
-0.998648, 209, 317, 272, 332
-0.998649, 241, 13, 304, 28
-0.998649, 185, 3, 248, 18
-0.998649, 249, 55, 312, 70
-0.998649, 377, 1, 440, 333
-0.99865, 281, 53, 344, 68
-0.998651, 377, 301, 440, 316
-0.998651, 241, 27, 304, 42
-0.998653, 337, 97, 400, 160
-0.998654, 385, 315, 448, 330
-0.998654, 249, 257, 312, 272
-0.998655, 289, 1, 304, 64
-0.998655, 369, 265, 496, 296
-0.998656, 201, 1, 264, 333
-0.998656, 257, 291, 320, 306
-0.998657, 289, 261, 352, 276
-0.998658, 249, 297, 312, 312
-0.998658, 49, 129, 176, 160
-0.998659, 249, 61, 312, 76
-0.99866, 377, 307, 440, 322
-0.99866, 281, 39, 344, 54
-0.998661, 217, 9, 280, 24
-0.998663, 385, 289, 448, 304
-0.998664, 281, 59, 344, 74
-0.998665, 265, 3, 328, 18
-0.998667, 225, 311, 288, 326
-0.998667, 241, 21, 304, 36
-0.998668, 233, 35, 296, 50
-0.998669, 313, 25, 344, 88
-0.998669, 241, 303, 304, 318
-0.99867, 233, 237, 296, 252
-0.99867, 281, 271, 344, 286
-0.998671, 273, 281, 336, 296
-0.998671, 289, 97, 320, 224
-0.998672, 273, 33, 336, 48
-0.998672, 249, 67, 312, 82
-0.998675, 289, 253, 352, 268
-0.998678, 385, 283, 448, 298
-0.998681, 273, 27, 336, 42
-0.998683, 209, 249, 272, 264
-0.998685, 97, 111, 160, 126
-0.998685, 145, 21, 208, 36
-0.998686, 81, 121, 144, 136
-0.998686, 281, 65, 344, 80
-0.998686, 113, 7, 176, 22
-0.998687, 137, 45, 200, 60
-0.998688, 217, 255, 280, 270
-0.998689, 73, 127, 136, 142
-0.998689, 129, 53, 192, 68
-0.998691, 249, 263, 312, 278
-0.998692, 145, 15, 208, 30
-0.998693, 113, 93, 176, 108
-0.998694, 241, 245, 304, 260
-0.998694, 113, 53, 240, 84
-0.998695, 281, 11, 344, 26
-0.998695, 105, 101, 168, 116
-0.998696, 153, 5, 216, 20
-0.998696, 385, 275, 448, 290
-0.998696, 137, 27, 200, 42
-0.998697, 241, 275, 304, 290
-0.998698, 193, 169, 448, 232
-0.998698, 57, 145, 120, 160
-0.998699, 73, 95, 136, 110
-0.998699, 49, 155, 112, 170
-0.9987, 289, 71, 352, 86
-0.9987, 249, 73, 312, 88
-0.9987, 137, 37, 200, 52
-0.998701, 1, 1, 256, 64
-0.998701, 9, 227, 72, 242
-0.998701, 345, 301, 408, 316
-0.998702, 333, 145, 364, 272
-0.998702, 129, 59, 192, 74
-0.998702, 113, 15, 176, 30
-0.998703, 41, 163, 104, 178
-0.998703, 105, 31, 168, 46
-0.998704, 281, 247, 344, 262
-0.998704, 273, 21, 336, 36
-0.998704, 81, 85, 144, 100
-0.998704, 345, 317, 408, 332
-0.998705, 105, 23, 168, 38
-0.998705, 305, 257, 432, 288
-0.998705, 217, 243, 280, 258
-0.998707, 289, 77, 352, 92
-0.998707, 209, 299, 272, 314
-0.998707, 113, 87, 176, 102
-0.998707, 113, 1, 176, 16
-0.998708, 249, 269, 312, 284
-0.998708, 233, 33, 264, 96
-0.998709, 337, 307, 400, 322
-0.998709, 65, 137, 128, 152
-0.99871, 89, 63, 152, 78
-0.99871, 9, 221, 72, 236
-0.99871, 1, 245, 64, 260
-0.99871, 313, 183, 376, 198
-0.998711, 345, 295, 408, 310
-0.998711, 97, 47, 160, 62
-0.998712, 1, 233, 64, 248
-0.998713, 17, 215, 80, 230
-0.998713, 17, 207, 80, 222
-0.998713, 225, 231, 288, 246
-0.998714, 265, 241, 328, 256
-0.998714, 121, 71, 184, 86
-0.998714, 105, 37, 168, 52
-0.998716, 289, 1, 352, 16
-0.998716, 113, 81, 176, 96
-0.998717, 65, 105, 128, 120
-0.998717, 17, 199, 80, 214
-0.998718, 33, 131, 96, 146
-0.998718, 241, 281, 304, 296
-0.99872, 97, 53, 160, 68
-0.99872, 217, 49, 280, 64
-0.99872, 121, 65, 184, 80
-0.998721, 193, 9, 256, 24
-0.998721, 345, 289, 408, 304
-0.998722, 25, 139, 88, 154
-0.998722, 361, 153, 392, 216
-0.998722, 33, 175, 96, 190
-0.998722, 81, 79, 144, 94
-0.998723, 113, 41, 240, 72
-0.998723, 17, 151, 80, 166
-0.998723, 217, 289, 280, 304
-0.998723, 297, 317, 360, 332
-0.998724, 305, 25, 368, 40
-0.998724, 217, 65, 280, 80
-0.998725, 217, 43, 280, 58
-0.998725, 25, 185, 88, 200
-0.998725, 1, 239, 64, 254
-0.998725, 313, 7, 376, 22
-0.998726, 41, 169, 104, 184
-0.998726, 393, 267, 456, 282
-0.998727, 321, 1, 384, 16
-0.998728, 209, 305, 272, 320
-0.998728, 321, 153, 384, 168
-0.998728, 313, 33, 376, 48
-0.998729, 217, 71, 280, 86
-0.998729, 209, 3, 272, 18
-0.998729, 305, 41, 368, 56
-0.998729, 313, 13, 376, 28
-0.99873, 313, 19, 376, 34
-0.99873, 353, 275, 416, 290
-0.998733, 1, 209, 500, 333
-0.998736, 381, 209, 412, 333
-0.99874, 81, 209, 208, 333
-0.99874, 33, 149, 160, 180
-0.998759, 1, 217, 128, 248
-0.99876, 177, 1, 240, 333
-0.998763, 227, 1, 242, 64
-0.998765, 177, 277, 304, 308
-0.998768, 369, 201, 496, 264
-0.998776, 1, 249, 500, 312
-0.998791, 97, 89, 224, 120
-0.998799, 125, 33, 156, 288
-0.998807, 273, 61, 400, 92
-0.998814, 293, 49, 308, 112
-0.998815, 17, 93, 144, 124
-0.998817, 465, 113, 496, 240
-0.998831, 255, 9, 270, 72
-0.998898, 49, 17, 176, 48
-0.998899, 1, 169, 500, 232
-0.9989, 81, 97, 112, 160
-0.998908, 49, 45, 176, 76
-0.998908, 49, 33, 176, 64
-0.998932, 109, 65, 140, 320
-0.998936, 241, 237, 368, 268
-0.998944, 297, 145, 328, 272
-0.998957, 97, 65, 224, 96
-0.998977, 357, 1, 388, 128
-0.998982, 337, 1, 368, 256
-0.99899, 305, 21, 432, 52
-0.999009, 313, 1, 344, 256
-0.999025, 1, 205, 128, 236
-0.999033, 353, 217, 416, 280
-0.999037, 17, 165, 144, 196
-0.999043, 33, 73, 160, 104
-0.99905, 287, 1, 302, 128
-0.999056, 257, 185, 384, 216
-0.999084, 161, 297, 288, 328
-0.999095, 305, 73, 432, 136
-0.999101, 305, 249, 336, 312
-0.999118, 161, 49, 288, 112
-0.99912, 285, 273, 300, 333
-0.999125, 321, 1, 448, 32
-0.999146, 345, 177, 408, 240
-0.999174, 33, 57, 160, 88
-0.999179, 329, 25, 360, 88
-0.999186, 245, 1, 276, 256
-0.999194, 321, 65, 352, 192
-0.999205, 193, 65, 448, 128
-0.999214, 139, 49, 154, 112
-0.999214, 283, 249, 298, 312
-0.999221, 97, 77, 224, 108
-0.999233, 225, 69, 352, 100
-0.999241, 97, 1, 224, 64
-0.999244, 251, 1, 266, 128
-0.999269, 289, 41, 320, 104
-0.999271, 257, 221, 384, 252
-0.999288, 329, 1, 360, 64
-0.999288, 153, 1, 168, 128
-0.999294, 1, 181, 128, 212
-0.999309, 259, 225, 274, 288
-0.999318, 237, 1, 252, 128
-0.999325, 259, 1, 274, 128
-0.999326, 177, 37, 304, 68
-0.999332, 1, 193, 128, 224
-0.999333, 301, 33, 332, 288
-0.999344, 263, 249, 278, 312
-0.99935, 257, 1, 288, 256
-0.99935, 65, 113, 96, 176
-0.999362, 277, 1, 292, 64
-0.999377, 1, 217, 256, 280
-0.99938, 261, 225, 292, 288
-0.999384, 295, 49, 310, 176
-0.999387, 243, 1, 258, 128
-0.999392, 321, 25, 448, 88
-0.999409, 1, 109, 128, 140
-0.999409, 241, 129, 368, 160
-0.99941, 265, 153, 328, 216
-0.999417, 261, 1, 276, 64
-0.999429, 289, 225, 320, 288
-0.99944, 305, 189, 432, 220
-0.99944, 241, 65, 272, 128
-0.999456, 147, 17, 162, 144
-0.999464, 349, 193, 380, 320
-0.999466, 97, 65, 128, 320
-0.999491, 145, 33, 160, 96
-0.999514, 369, 253, 496, 284
-0.999519, 257, 113, 384, 144
-0.999539, 259, 209, 274, 333
-0.999542, 257, 197, 384, 228
-0.999557, 299, 65, 314, 128
-0.999562, 209, 81, 336, 144
-0.999568, 237, 113, 268, 240
-0.999568, 265, 1, 280, 128
-0.999574, 141, 33, 156, 160
-0.999576, 241, 105, 304, 168
-0.999577, 253, 225, 268, 288
-0.999603, 397, 273, 412, 333
-0.999607, 257, 101, 384, 132
-0.999611, 97, 185, 352, 248
-0.999611, 273, 209, 288, 333
-0.999617, 253, 209, 268, 333
-0.999621, 265, 209, 280, 333
-0.999634, 123, 65, 138, 192
-0.999638, 281, 1, 296, 128
-0.999646, 301, 65, 316, 192
-0.999648, 1, 121, 128, 152
-0.99965, 369, 97, 432, 224
-0.999651, 81, 113, 96, 240
-0.999656, 289, 49, 304, 176
-0.999657, 209, 221, 336, 252
-0.999661, 105, 97, 120, 224
-0.999667, 231, 1, 246, 128
-0.999674, 111, 97, 126, 224
-0.999676, 283, 17, 298, 80
-0.999678, 135, 49, 150, 176
-0.999691, 157, 1, 172, 64
-0.999695, 201, 193, 264, 256
-0.999699, 217, 161, 248, 288
-0.999703, 221, 1, 236, 64
-0.999704, 89, 113, 104, 240
-0.999705, 241, 173, 368, 204
-0.999717, 117, 81, 132, 208
-0.999721, 255, 71, 270, 86
-0.999721, 285, 273, 300, 288
-0.999721, 295, 257, 310, 272
-0.999721, 287, 35, 302, 50
-0.999722, 269, 237, 284, 252
-0.999722, 13, 239, 28, 254
-0.999722, 395, 307, 410, 322
-0.999722, 385, 311, 400, 326
-0.999722, 145, 31, 160, 46
-0.999722, 141, 39, 156, 54
-0.999722, 297, 53, 312, 68
-0.999722, 63, 147, 78, 162
-0.999722, 357, 179, 372, 194
-0.999722, 39, 183, 54, 198
-0.999722, 275, 17, 290, 32
-0.999722, 153, 1, 168, 16
-0.999722, 285, 27, 300, 42
-0.999722, 249, 147, 264, 162
-0.999722, 25, 209, 40, 224
-0.999722, 255, 53, 270, 68
-0.999722, 345, 127, 360, 142
-0.999722, 321, 99, 336, 114
-0.999722, 255, 25, 270, 40
-0.999722, 265, 245, 280, 260
-0.999723, 301, 69, 316, 84
-0.999723, 407, 263, 422, 278
-0.999723, 271, 285, 286, 300
-0.999723, 257, 45, 272, 60
-0.999723, 265, 47, 280, 62
-0.999723, 293, 67, 308, 82
-0.999723, 47, 171, 62, 186
-0.999723, 403, 271, 418, 286
-0.999723, 45, 161, 60, 288
-0.999724, 15, 233, 30, 248
-0.999724, 7, 245, 22, 260
-0.999724, 293, 249, 308, 264
-0.999724, 33, 187, 48, 202
-0.999724, 361, 185, 376, 200
-0.999724, 295, 41, 310, 56
-0.999724, 255, 147, 270, 162
-0.999724, 261, 7, 276, 22
-0.999724, 287, 21, 302, 36
-0.999724, 141, 49, 156, 64
-0.999724, 107, 109, 122, 124
-0.999724, 29, 199, 44, 214
-0.999724, 117, 87, 132, 102
-0.999724, 393, 301, 408, 316
-0.999724, 235, 309, 250, 324
-0.999725, 279, 33, 294, 48
-0.999725, 275, 241, 290, 256
-0.999725, 387, 317, 402, 332
-0.999725, 291, 61, 306, 76
-0.999725, 23, 217, 38, 232
-0.999725, 293, 3, 308, 18
-0.999726, 243, 253, 258, 268
-0.999726, 211, 1, 226, 16
-0.999726, 361, 151, 376, 166
-0.999726, 369, 221, 496, 252
-0.999726, 163, 1, 178, 16
-0.999726, 351, 139, 366, 154
-0.999726, 3, 251, 18, 266
-0.999726, 365, 179, 380, 194
-0.999726, 399, 283, 414, 298
-0.999726, 75, 139, 90, 154
-0.999727, 287, 15, 302, 30
-0.999727, 281, 17, 296, 32
-0.999727, 283, 9, 298, 24
-0.999727, 293, 263, 308, 278
-0.999727, 79, 131, 94, 146
-0.999727, 395, 295, 410, 310
-0.999727, 283, 253, 298, 268
-0.999727, 137, 61, 152, 76
-0.999728, 127, 81, 142, 96
-0.999728, 117, 101, 132, 116
-0.999728, 291, 275, 306, 290
-0.999728, 273, 249, 288, 264
-0.999728, 131, 71, 146, 86
-0.999728, 57, 159, 72, 174
-0.999728, 397, 289, 412, 304
-0.999728, 273, 11, 288, 26
-0.999729, 17, 227, 32, 242
-0.999729, 123, 89, 138, 104
-0.999729, 161, 7, 176, 22
-0.999729, 285, 263, 300, 278
-0.999729, 149, 37, 164, 52
-0.999729, 147, 45, 162, 60
-0.999729, 255, 299, 270, 314
-0.999729, 255, 65, 270, 80
-0.999729, 267, 11, 282, 26
-0.999729, 289, 51, 304, 66
-0.999729, 251, 249, 266, 264
-0.99973, 251, 257, 266, 272
-0.99973, 355, 185, 370, 200
-0.99973, 113, 107, 128, 122
-0.99973, 221, 317, 236, 332
-0.999731, 63, 153, 78, 168
-0.999731, 91, 123, 106, 138
-0.999731, 69, 143, 84, 158
-0.999731, 291, 9, 306, 24
-0.999731, 105, 115, 120, 130
-0.999731, 279, 39, 294, 54
-0.999732, 99, 119, 114, 134
-0.999732, 51, 165, 66, 180
-0.999732, 85, 127, 100, 142
-0.999732, 141, 55, 156, 70
-0.999732, 227, 317, 242, 332
-0.999733, 155, 21, 170, 36
-0.999733, 241, 313, 256, 328
-0.999733, 261, 15, 276, 30
-0.999733, 273, 5, 288, 20
-0.999733, 245, 11, 260, 26
-0.999733, 267, 251, 282, 266
-0.999733, 287, 281, 302, 296
-0.999734, 293, 269, 308, 284
-0.999734, 69, 129, 84, 256
-0.999735, 233, 7, 248, 22
-0.999735, 253, 13, 268, 28
-0.999735, 57, 145, 72, 272
-0.999736, 233, 315, 248, 330
-0.999736, 239, 9, 254, 24
-0.999736, 121, 95, 136, 110
-0.999737, 273, 291, 288, 306
-0.999737, 151, 29, 166, 44
-0.999737, 157, 15, 172, 30
-0.999738, 261, 253, 276, 268
-0.999738, 247, 309, 262, 324
-0.999738, 293, 1, 308, 128
-0.999739, 267, 293, 282, 308
-0.999739, 281, 285, 296, 300
-0.999739, 253, 305, 268, 320
-0.99974, 227, 5, 242, 20
-0.99974, 217, 1, 232, 16
-0.999742, 261, 297, 276, 312
-0.999744, 283, 1, 298, 16
-0.999744, 279, 209, 294, 333
-0.999747, 97, 113, 112, 240
-0.999748, 285, 45, 300, 60
-0.999753, 251, 257, 266, 320
-0.999757, 129, 49, 144, 176
-0.999764, 247, 209, 262, 333
-0.999767, 115, 97, 130, 160
-0.999771, 75, 113, 90, 240
-0.999772, 353, 1, 368, 128
-0.999773, 333, 49, 364, 176
-0.999784, 257, 209, 384, 240
-0.999789, 285, 209, 300, 333
-0.999791, 1, 229, 128, 260
-0.999791, 401, 161, 464, 288
-0.999801, 369, 209, 496, 240
-0.999804, 51, 145, 66, 272
-0.999806, 295, 193, 310, 320
-0.999808, 149, 1, 180, 256
-0.999811, 15, 209, 30, 333
-0.999812, 39, 161, 54, 288
-0.999812, 305, 89, 336, 152
-0.999816, 257, 65, 272, 192
-0.999816, 347, 1, 362, 128
-0.99982, 315, 33, 330, 160
-0.999824, 369, 173, 496, 204
-0.999825, 361, 145, 376, 272
-0.999826, 335, 1, 350, 128
-0.999826, 307, 65, 322, 192
-0.999833, 241, 145, 368, 176
-0.999833, 21, 209, 36, 333
-0.999834, 369, 233, 496, 264
-0.999835, 193, 185, 320, 216
-0.99984, 269, 249, 284, 312
-0.999842, 341, 177, 372, 240
-0.999844, 97, 65, 112, 192
-0.999847, 113, 33, 128, 160
-0.999849, 329, 1, 344, 128
-0.999849, 145, 233, 272, 264
-0.999859, 273, 73, 400, 104
-0.99986, 33, 177, 48, 304
-0.99986, 69, 65, 100, 320
-0.999861, 369, 161, 400, 288
-0.999865, 63, 129, 78, 256
-0.999866, 341, 1, 356, 128
-0.999868, 299, 1, 314, 128
-0.999869, 9, 209, 24, 333
-0.99987, 321, 17, 336, 144
-0.999872, 15, 225, 30, 288
-0.999877, 355, 129, 370, 256
-0.999885, 107, 49, 122, 176
-0.999885, 209, 197, 336, 228
-0.999886, 421, 209, 452, 333
-0.999888, 301, 193, 316, 320
-0.999906, 305, 241, 432, 272
-0.999906, 311, 193, 326, 320
-0.999909, 159, 1, 174, 128
-0.999911, 485, 145, 500, 272
-0.999917, 305, 17, 320, 144
-0.999922, 3, 193, 18, 320
-0.999924, 85, 1, 116, 256
-0.999925, 257, 89, 384, 120
-0.999925, 309, 145, 340, 272
-0.999927, 135, 1, 150, 128
-0.999932, 257, 257, 272, 320
-0.999935, 129, 65, 144, 128
-0.999936, 321, 149, 448, 180
-0.999938, 27, 177, 42, 304
-0.99994, 177, 273, 240, 333
-0.99994, 317, 193, 332, 320
-0.999941, 97, 145, 352, 208
-0.999946, 83, 65, 98, 192
-0.999947, 341, 193, 356, 320
-0.999947, 91, 65, 106, 192
-0.999949, 249, 49, 264, 176
-0.999951, 17, 161, 32, 288
-0.999962, 271, 1, 286, 128
-0.999964, 399, 209, 414, 333
-0.999967, 345, 81, 360, 208
-0.999974, 407, 209, 422, 333
-0.999975, 359, 1, 374, 128
-0.999984, 123, 17, 138, 144
-0.999986, 45, 113, 60, 240
-0.999993, 69, 81, 84, 208
-0.999994, 57, 97, 72, 224
-0.999998, 251, 161, 266, 288
-1, 1, 193, 500, 256
-1, 129, 1, 144, 128
-1, 241, 209, 256, 333
-1.00001, 369, 17, 496, 144
-1.00001, 45, 1, 76, 256
-1.00001, 289, 137, 416, 168
-1.00001, 333, 193, 348, 320
-1.00001, 327, 49, 342, 176
-1.00001, 77, 65, 92, 192
-1.00001, 327, 193, 342, 320
-1.00001, 277, 113, 292, 240
-1.00002, 349, 129, 364, 256
-1.00002, 305, 101, 432, 132
-1.00003, 485, 193, 500, 320
-1.00003, 361, 97, 376, 224
-1.00003, 11, 161, 26, 288
-1.00004, 305, 113, 432, 144
-1.00004, 109, 105, 124, 168
-1.00004, 243, 49, 258, 176
-1.00004, 367, 145, 382, 272
-1.00005, 33, 129, 48, 256
-1.00005, 265, 225, 280, 288
-1.00005, 321, 169, 448, 200
-1.00005, 209, 209, 336, 240
-1.00006, 259, 161, 274, 288
-1.00006, 321, 65, 336, 192
-1.00006, 267, 129, 282, 256
-1.00007, 51, 97, 66, 224
-1.00007, 263, 49, 278, 176
-1.00007, 1, 137, 128, 168
-1.00007, 341, 129, 356, 256
-1.00008, 161, 49, 288, 80
-1.00008, 369, 161, 496, 192
-1.00008, 39, 113, 54, 240
-1.00008, 63, 81, 78, 208
-1.00009, 333, 49, 348, 176
-1.0001, 349, 193, 364, 320
-1.0001, 25, 129, 40, 256
-1.0001, 287, 161, 302, 288
-1.00011, 335, 113, 350, 240
-1.00011, 371, 97, 386, 224
-1.00012, 485, 97, 500, 224
-1.00012, 321, 33, 448, 64
-1.00013, 237, 145, 252, 272
-1.00013, 477, 161, 492, 288
-1.00013, 49, 161, 64, 224
-1.00013, 233, 1, 264, 256
-1.00013, 355, 81, 370, 208
-1.00014, 209, 81, 336, 112
-1.00014, 413, 209, 428, 333
-1.00014, 393, 209, 408, 333
-1.00014, 283, 49, 298, 176
-1.00014, 273, 161, 288, 288
-1.00014, 339, 65, 354, 192
-1.00015, 1, 249, 16, 312
-1.00015, 307, 129, 322, 256
-1.00015, 259, 113, 274, 240
-1.00015, 313, 81, 328, 208
-1.00016, 229, 177, 244, 304
-1.00016, 299, 113, 314, 240
-1.00016, 287, 97, 302, 224
-1.00017, 313, 145, 328, 272
-1.00017, 477, 209, 492, 333
-1.00017, 369, 197, 496, 228
-1.00017, 99, 113, 114, 176
-1.00017, 477, 113, 492, 240
-1.00017, 243, 161, 258, 288
-1.00018, 355, 193, 370, 320
-1.00019, 305, 229, 432, 260
-1.00019, 249, 25, 264, 88
-1.0002, 89, 17, 120, 144
-1.00021, 13, 113, 44, 240
-1.00021, 291, 257, 306, 320
-1.00024, 57, 65, 88, 320
-1.00026, 69, 137, 84, 200
-1.00026, 81, 161, 208, 288
-1.00026, 241, 161, 368, 192
-1.00026, 85, 121, 100, 184
-1.00027, 145, 221, 272, 252
-1.00027, 21, 65, 52, 320
-1.00029, 49, 137, 80, 200
-1.0003, 9, 233, 24, 296
-1.00031, 433, 65, 496, 320
-1.00031, 321, 217, 448, 248
-1.00031, 369, 185, 496, 216
-1.00032, 145, 245, 272, 276
-1.00032, 305, 85, 432, 116
-1.00034, 177, 61, 304, 92
-1.00034, 369, 145, 496, 208
-1.00034, 177, 137, 304, 168
-1.00035, 129, 105, 384, 168
-1.00037, 359, 145, 374, 208
-1.00037, 353, 65, 416, 320
-1.00039, 121, 81, 136, 144
-1.00039, 369, 149, 496, 180
-1.0004, 409, 209, 440, 333
-1.0004, 33, 65, 64, 320
-1.00041, 59, 153, 74, 216
-1.00042, 225, 217, 256, 280
-1.00043, 177, 193, 240, 256
-1.00044, 13, 193, 44, 256
-1.00046, 305, 201, 432, 232
-1.00048, 9, 65, 40, 320
-1.00048, 105, 57, 136, 120
-1.00048, 193, 149, 320, 180
-1.00049, 273, 301, 400, 332
-1.00049, 289, 125, 416, 156
-1.00049, 29, 161, 60, 224
-1.0005, 349, 1, 380, 256
-1.00052, 293, 233, 308, 296
-1.00053, 269, 49, 300, 176
-1.00054, 145, 185, 272, 216
-1.00055, 357, 49, 388, 176
-1.00056, 209, 129, 336, 192
-1.00056, 209, 117, 336, 148
-1.00059, 337, 125, 464, 156
-1.0006, 373, 97, 404, 224
-1.00061, 337, 25, 400, 88
-1.00061, 1, 1, 64, 128
-1.00062, 401, 113, 464, 240
-1.00062, 201, 33, 264, 288
-1.00064, 13, 1, 44, 128
-1.00064, 93, 113, 108, 176
-1.00065, 161, 197, 288, 228
-1.00065, 113, 301, 240, 332
-1.00067, 33, 1, 64, 128
-1.00069, 369, 137, 496, 168
-1.00069, 277, 249, 292, 312
-1.00069, 145, 209, 272, 240
-1.00071, 321, 53, 448, 84
-1.00071, 193, 169, 320, 200
-1.00074, 79, 121, 94, 184
-1.00075, 257, 41, 272, 104
-1.00076, 177, 105, 304, 136
-1.00076, 145, 153, 272, 184
-1.00078, 209, 93, 336, 124
-1.00079, 465, 65, 496, 320
-1.00081, 1, 225, 500, 288
-1.00082, 361, 65, 392, 320
-1.00082, 201, 145, 264, 208
-1.00082, 1, 249, 64, 312
-1.00082, 125, 17, 156, 80
-1.00084, 145, 173, 272, 204
-1.00086, 33, 81, 64, 208
-1.00086, 17, 1, 144, 32
-1.00087, 29, 185, 44, 248
-1.00088, 377, 217, 440, 280
-1.00091, 1, 241, 128, 272
-1.00092, 385, 161, 416, 288
-1.00093, 1, 17, 128, 48
-1.00093, 353, 93, 480, 124
-1.00093, 413, 97, 444, 224
-1.00094, 305, 129, 432, 192
-1.00096, 353, 105, 480, 136
-1.00096, 403, 265, 418, 328
-1.001, 1, 289, 128, 320
-1.00101, 1, 29, 128, 60
-1.00101, 161, 125, 288, 156
-1.00104, 429, 113, 460, 240
-1.00105, 43, 169, 58, 232
-1.00106, 237, 209, 268, 272
-1.00106, 145, 261, 272, 292
-1.00107, 377, 65, 408, 320
-1.00109, 21, 217, 36, 280
-1.00112, 193, 161, 320, 224
-1.00112, 277, 25, 292, 88
-1.00112, 329, 185, 360, 248
-1.00112, 263, 41, 278, 104
-1.00113, 417, 65, 448, 320
-1.00117, 271, 225, 286, 288
-1.00118, 377, 145, 440, 272
-1.00118, 221, 1, 252, 256
-1.00118, 385, 97, 448, 160
-1.00118, 409, 161, 440, 288
-1.00119, 295, 1, 310, 64
-1.00119, 409, 273, 440, 333
-1.00122, 365, 129, 396, 192
-1.00123, 389, 65, 420, 320
-1.00125, 77, 17, 108, 144
-1.00126, 1, 201, 32, 264
-1.00126, 271, 273, 286, 333
-1.00127, 397, 161, 428, 288
-1.00128, 103, 89, 118, 152
-1.00129, 33, 137, 64, 200
-1.00133, 401, 65, 432, 320
-1.00134, 109, 81, 124, 144
-1.00135, 401, 97, 432, 224
-1.00135, 337, 257, 368, 320
-1.00136, 255, 65, 270, 128
-1.00138, 369, 121, 496, 184
-1.00138, 361, 97, 424, 160
-1.00139, 409, 249, 424, 312
-1.0014, 205, 65, 236, 320
-1.00142, 53, 161, 84, 224
-1.00142, 337, 153, 368, 216
-1.00142, 243, 241, 258, 304
-1.00143, 429, 65, 460, 320
-1.00144, 1, 1, 32, 128
-1.00146, 351, 177, 366, 240
-1.00147, 193, 1, 224, 256
-1.00148, 279, 273, 294, 333
-1.00149, 453, 65, 484, 320
-1.00149, 331, 249, 346, 312
-1.0015, 353, 129, 368, 192
-1.0015, 345, 113, 376, 176
-1.0015, 217, 113, 248, 240
-1.00152, 441, 65, 472, 320
-1.00152, 299, 241, 314, 304
-1.00152, 401, 225, 464, 288
-1.00154, 367, 153, 382, 216
-1.00154, 123, 57, 138, 120
-1.00155, 389, 81, 420, 208
-1.00155, 35, 185, 50, 248
-1.00156, 393, 65, 456, 320
-1.00158, 305, 249, 320, 312
-1.00159, 307, 57, 322, 120
-1.00159, 449, 113, 480, 240
-1.0016, 363, 1, 378, 64
-1.00163, 45, 1, 76, 128
-1.00164, 343, 105, 358, 168
-1.00165, 177, 177, 240, 304
-1.00165, 319, 249, 334, 312
-1.00167, 177, 1, 240, 64
-1.00167, 465, 257, 496, 320
-1.00167, 57, 1, 88, 128
-1.00168, 209, 73, 272, 136
-1.0017, 139, 25, 154, 88
-1.00173, 1, 113, 32, 240
-1.00175, 305, 81, 320, 144
-1.00177, 25, 97, 88, 160
-1.00178, 181, 33, 212, 288
-1.00178, 169, 1, 200, 256
-1.0018, 97, 89, 112, 152
-1.0018, 205, 161, 236, 288
-1.00181, 265, 273, 280, 333
-1.00182, 49, 137, 64, 200
-1.00183, 337, 73, 400, 136
-1.00183, 311, 249, 326, 312
-1.00183, 469, 65, 500, 192
-1.00184, 323, 25, 338, 88
-1.00184, 369, 153, 432, 216
-1.00186, 365, 209, 396, 333
-1.00186, 353, 177, 384, 240
-1.00187, 341, 177, 356, 240
-1.00187, 217, 121, 280, 184
-1.00187, 325, 249, 340, 312
-1.00188, 297, 177, 328, 240
-1.00189, 197, 1, 228, 128
-1.00189, 55, 129, 70, 192
-1.00189, 249, 49, 264, 112
-1.00189, 357, 1, 372, 64
-1.0019, 453, 161, 484, 288
-1.00191, 301, 41, 316, 104
-1.00192, 369, 49, 400, 176
-1.00194, 61, 121, 76, 184
-1.00195, 13, 49, 44, 176
-1.00195, 33, 33, 96, 160
-1.00195, 351, 9, 366, 72
-1.00195, 333, 17, 348, 80
-1.00197, 131, 41, 146, 104
-1.00197, 249, 137, 280, 200
-1.00197, 87, 97, 102, 160
-1.002, 23, 193, 38, 256
-1.00202, 417, 273, 432, 333
-1.00202, 325, 49, 356, 112
-1.00202, 241, 33, 256, 96
-1.00202, 9, 209, 24, 272
-1.00203, 15, 201, 30, 264
-1.00204, 233, 273, 264, 333
-1.00204, 361, 185, 376, 248
-1.00205, 1, 225, 16, 288
-1.00206, 371, 129, 386, 192
-1.00209, 377, 129, 440, 192
-1.00209, 45, 49, 76, 176
-1.00211, 193, 169, 256, 232
-1.00212, 433, 65, 496, 192
-1.00213, 315, 41, 330, 104
-1.00213, 145, 145, 272, 208
-1.00215, 37, 153, 52, 216
-1.00215, 221, 49, 252, 176
-1.00216, 343, 1, 358, 64
-1.00216, 317, 73, 332, 136
-1.00217, 335, 177, 350, 240
-1.00217, 43, 145, 58, 208
-1.00218, 9, 17, 72, 80
-1.00218, 1, 273, 64, 333
-1.00219, 81, 97, 96, 160
-1.00223, 433, 209, 464, 333
-1.00223, 359, 113, 374, 176
-1.00227, 115, 73, 130, 136
-1.00227, 313, 81, 376, 144
-1.00228, 67, 113, 82, 176
-1.00228, 53, 193, 84, 320
-1.00229, 73, 113, 88, 176
-1.00231, 293, 89, 324, 152
-1.00232, 145, 185, 272, 248
-1.00232, 465, 201, 496, 264
-1.00233, 247, 217, 262, 280
-1.00237, 129, 273, 256, 333
-1.00238, 337, 225, 368, 288
-1.00238, 31, 161, 46, 224
-1.00238, 277, 217, 292, 280
-1.0024, 485, 145, 500, 208
-1.0024, 465, 225, 496, 288
-1.00242, 181, 209, 212, 333
-1.00243, 465, 177, 496, 240
-1.00244, 265, 129, 296, 192
-1.00246, 433, 65, 464, 192
-1.00247, 381, 33, 412, 160
-1.00247, 1, 65, 32, 192
-1.00247, 241, 217, 256, 280
-1.0025, 397, 241, 428, 304
-1.0025, 343, 153, 358, 216
-1.00251, 425, 161, 456, 288
-1.00251, 205, 1, 236, 64
-1.00252, 293, 73, 308, 136
-1.00252, 213, 209, 244, 333
-1.00253, 327, 49, 342, 112
-1.00254, 145, 9, 160, 72
-1.00254, 441, 161, 472, 288
-1.00255, 327, 97, 342, 160
-1.00255, 349, 201, 364, 264
-1.00256, 165, 209, 196, 333
-1.00256, 185, 33, 216, 160
-1.00258, 269, 41, 284, 104
-1.00258, 205, 49, 236, 176
-1.00258, 413, 49, 444, 176
-1.00258, 477, 265, 492, 328
-1.0026, 357, 105, 388, 168
-1.00261, 341, 201, 356, 264
-1.00261, 267, 129, 282, 192
-1.00261, 249, 73, 264, 136
-1.00261, 153, 49, 184, 176
-1.00262, 301, 217, 316, 280
-1.00263, 385, 273, 416, 333
-1.00263, 249, 137, 264, 200
-1.00265, 369, 193, 432, 256
-1.00266, 373, 273, 404, 333
-1.00272, 165, 81, 196, 208
-1.00272, 17, 161, 48, 224
-1.00274, 273, 201, 304, 264
-1.00275, 169, 225, 232, 288
-1.00277, 1, 65, 64, 192
-1.00278, 41, 209, 72, 333
-1.00279, 301, 225, 332, 288
-1.00281, 33, 49, 96, 112
-1.00284, 229, 57, 260, 120
-1.00284, 321, 49, 448, 112
-1.00285, 57, 1, 120, 64
-1.00287, 393, 17, 424, 144
-1.00287, 449, 65, 480, 192
-1.00287, 113, 113, 144, 240
-1.00288, 1, 1, 128, 64
-1.00289, 453, 209, 484, 333
-1.00289, 321, 273, 352, 333
-1.0029, 169, 1, 200, 128
-1.00292, 369, 49, 432, 176
-1.00293, 309, 177, 340, 240
-1.00294, 33, 17, 96, 80
-1.00294, 201, 113, 232, 240
-1.00295, 65, 177, 96, 304
-1.00296, 409, 249, 440, 312
-1.00296, 353, 89, 480, 152
-1.00297, 401, 121, 464, 184
-1.00299, 1, 233, 128, 296
-1.00299, 133, 129, 164, 256
-1.00302, 53, 113, 84, 176
-1.00306, 9, 41, 72, 104
-1.00314, 193, 121, 256, 184
-1.00315, 145, 113, 272, 176
-1.00318, 401, 169, 464, 232
-1.0032, 381, 241, 412, 304
-1.00324, 273, 105, 304, 168
-1.0033, 317, 105, 348, 168
-1.00333, 237, 137, 268, 200
-1.00334, 137, 273, 200, 333
-1.0034, 145, 241, 272, 304
-1.00343, 209, 105, 336, 168
-1.00345, 261, 201, 292, 264
-1.00346, 225, 241, 256, 304
-1.00347, 253, 73, 284, 136
-1.00354, 41, 73, 104, 136
-1.00357, 333, 89, 364, 152
-1.00361, 321, 225, 352, 288
-1.00362, 345, 201, 376, 264
-1.00364, 25, 209, 88, 272
-1.00364, 201, 97, 264, 224
-1.00365, 73, 137, 136, 200
-1.0037, 137, 1, 168, 64
-1.00372, 369, 73, 432, 136
-1.00372, 233, 185, 264, 248
-1.00375, 341, 25, 372, 88
-1.00384, 401, 193, 464, 256
-1.00385, 137, 209, 200, 272
-1.00385, 361, 1, 392, 64
-1.00387, 401, 145, 464, 208
-1.00387, 169, 249, 232, 312
-1.004, 41, 273, 104, 333
-1.00402, 137, 233, 200, 296
-1.00403, 5, 169, 36, 232
-1.00406, 433, 97, 496, 160
-1.00406, 465, 137, 496, 200
-1.00407, 349, 225, 380, 288
-1.00407, 33, 265, 160, 328
-1.00411, 113, 33, 144, 96
-1.0042, 317, 1, 348, 64
-1.00427, 249, 201, 280, 264
-1.00433, 169, 25, 232, 88
-1.0044, 153, 105, 216, 168
-1.0044, 1, 25, 128, 88
-1.00441, 161, 1, 192, 64
-1.00441, 81, 17, 144, 80
-1.00442, 149, 33, 180, 96
-1.00444, 301, 17, 332, 80
-1.00448, 97, 233, 224, 296
-1.0045, 169, 17, 232, 144
-1.00453, 285, 185, 316, 248
-1.00453, 25, 209, 56, 272
-1.00461, 213, 201, 244, 264
-1.00465, 161, 73, 288, 136
-1.00466, 285, 113, 316, 176
-1.00469, 177, 1, 240, 256
-1.00473, 321, 161, 352, 224
-1.00479, 69, 89, 100, 152
-1.0048, 177, 129, 240, 256
-1.0048, 81, 265, 208, 328
-1.0049, 1, 257, 32, 320
-1.00493, 137, 209, 200, 333
-1.00494, 301, 201, 332, 264
-1.00499, 49, 193, 176, 256
-1.00504, 369, 65, 496, 128
-1.00505, 65, 169, 192, 232
-1.00506, 401, 65, 464, 192
-1.00511, 321, 81, 352, 144
-1.00532, 113, 97, 176, 224
-1.00541, 49, 241, 176, 304
-1.00546, 153, 97, 216, 224
-1.00546, 49, 193, 112, 320
-1.0057, 49, 217, 176, 280
-1.00585, 377, 1, 440, 128
-1.0059, 97, 209, 224, 272
-1.0059, 369, 33, 496, 96
-1.00593, 177, 65, 240, 192
-1.00595, 153, 65, 216, 320
-1.00611, 97, 145, 224, 208
-1.00613, 401, 17, 464, 144
-1.00618, 113, 177, 176, 304
-1.00646, 369, 9, 496, 72
-1.00652, 433, 17, 496, 144
-1.00654, 97, 113, 224, 176
-1.00662, 137, 161, 200, 288
-1.00682, 89, 161, 152, 288
-1.00682, 89, 209, 152, 333
-1.0075, 25, 209, 88, 333
