1795
-0.570856, 1, 1, 500, 272
-0.628828, 1, 1, 500, 256
-0.632892, 193, 1, 448, 272
-0.636822, 33, 1, 288, 272
-0.799011, 193, 1, 448, 256
-0.803009, 33, 1, 288, 256
-0.881783, 1, 129, 500, 256
-0.900688, 65, 1, 192, 272
-0.903276, 1, 81, 500, 208
-0.903527, 161, 129, 416, 256
-0.903785, 369, 1, 496, 272
-0.90483, 33, 129, 288, 256
-0.909537, 241, 1, 368, 272
-0.911135, 1, 1, 128, 272
-0.914086, 145, 1, 272, 272
-0.91452, 305, 1, 432, 272
-0.91941, 65, 1, 192, 256
-0.921731, 193, 1, 320, 272
-0.923396, 257, 145, 500, 272
-0.92364, 369, 1, 496, 256
-0.928396, 65, 81, 320, 208
-0.931499, 241, 1, 368, 256
-0.932488, 305, 129, 432, 256
-0.932664, 257, 129, 384, 256
-0.933682, 1, 1, 128, 256
-0.934001, 65, 97, 192, 224
-0.935866, 161, 81, 416, 208
-0.937714, 145, 1, 272, 256
-0.938307, 305, 1, 432, 256
-0.939558, 1, 97, 128, 224
-0.939744, 145, 129, 272, 256
-0.940144, 193, 129, 320, 256
-0.942429, 305, 129, 368, 256
-0.943066, 225, 129, 288, 256
-0.943157, 265, 129, 328, 256
-0.946226, 73, 97, 136, 224
-0.947702, 329, 129, 392, 256
-0.948142, 49, 97, 112, 224
-0.948159, 193, 1, 320, 256
-0.949148, 169, 129, 232, 256
-0.949744, 97, 97, 160, 224
-0.949881, 201, 129, 264, 256
-0.952767, 257, 97, 500, 224
-0.954066, 145, 113, 208, 240
-0.95437, 385, 145, 448, 272
-0.955204, 81, 145, 208, 272
-0.955641, 353, 145, 480, 272
-0.955992, 225, 81, 352, 208
-0.956376, 129, 81, 256, 208
-0.957599, 225, 81, 288, 208
-0.957757, 121, 97, 184, 224
-0.957793, 177, 81, 304, 208
-0.958459, 361, 129, 424, 256
-0.959854, 185, 81, 248, 208
-0.960355, 297, 81, 360, 208
-0.961429, 1, 33, 500, 160
-0.961506, 321, 81, 448, 208
-0.961536, 113, 121, 176, 184
-0.96177, 9, 81, 72, 208
-0.962114, 265, 81, 328, 208
-0.962308, 49, 97, 112, 160
-0.963682, 233, 169, 296, 232
-0.963703, 145, 129, 208, 192
-0.964514, 377, 153, 440, 216
-0.964591, 345, 81, 408, 208
-0.964628, 273, 81, 400, 208
-0.965168, 161, 129, 288, 192
-0.965172, 65, 121, 128, 184
-0.965751, 193, 177, 256, 240
-0.966131, 33, 145, 160, 272
-0.966487, 41, 49, 104, 176
-0.967403, 193, 129, 256, 192
-0.967766, 89, 129, 152, 192
-0.968001, 257, 129, 320, 192
-0.968092, 257, 169, 320, 232
-0.968287, 409, 145, 472, 272
-0.968939, 329, 137, 392, 200
-0.969163, 153, 153, 216, 216
-0.969234, 169, 129, 232, 192
-0.969365, 65, 121, 192, 184
-0.969609, 297, 129, 360, 192
-0.970103, 225, 129, 288, 192
-0.970493, 41, 73, 104, 136
-0.970518, 169, 177, 232, 240
-0.970903, 241, 129, 368, 192
-0.971325, 337, 177, 400, 240
-0.971361, 353, 145, 416, 208
-0.97179, 113, 145, 176, 208
-0.971823, 289, 169, 352, 232
-0.971915, 41, 121, 104, 184
-0.972311, 321, 153, 448, 216
-0.972486, 225, 193, 288, 256
-0.972755, 337, 129, 368, 256
-0.97277, 401, 169, 464, 232
-0.973282, 313, 169, 376, 232
-0.973367, 89, 145, 152, 272
-0.973392, 9, 89, 72, 152
-0.973795, 177, 153, 240, 216
-0.973886, 361, 185, 424, 248
-0.973953, 25, 129, 88, 256
-0.974151, 97, 145, 224, 208
-0.97419, 237, 129, 268, 256
-0.974211, 321, 81, 384, 208
-0.974233, 33, 97, 160, 160
-0.974256, 257, 129, 288, 192
-0.974303, 265, 129, 296, 256
-0.974443, 249, 193, 312, 256
-0.974931, 281, 129, 312, 256
-0.975192, 177, 177, 304, 240
-0.975235, 161, 129, 192, 192
-0.975235, 369, 81, 496, 208
-0.9753, 77, 97, 108, 224
-0.975362, 353, 129, 384, 256
-0.975366, 177, 129, 208, 192
-0.975391, 433, 193, 496, 256
-0.975423, 141, 121, 172, 184
-0.975437, 33, 49, 160, 176
-0.975495, 369, 81, 432, 208
-0.975596, 49, 145, 112, 272
-0.975652, 89, 89, 152, 152
-0.975676, 325, 129, 356, 256
-0.975696, 209, 153, 336, 216
-0.975772, 1, 33, 256, 160
-0.975833, 273, 193, 336, 256
-0.975905, 229, 177, 260, 240
-0.975955, 209, 177, 240, 240
-0.976131, 213, 113, 244, 240
-0.976151, 209, 153, 272, 216
-0.976354, 169, 105, 232, 168
-0.976391, 301, 129, 332, 256
-0.976451, 101, 97, 132, 224
-0.97658, 313, 129, 344, 256
-0.976615, 265, 169, 296, 232
-0.976765, 369, 169, 496, 232
-0.976907, 225, 177, 352, 240
-0.976946, 161, 65, 224, 192
-0.976946, 253, 129, 284, 256
-0.976997, 425, 169, 488, 232
-0.977007, 121, 145, 184, 272
-0.977014, 137, 105, 200, 168
-0.977043, 413, 145, 444, 272
-0.977092, 17, 121, 144, 184
-0.977108, 225, 129, 256, 256
-0.977145, 201, 201, 264, 264
-0.977296, 121, 121, 152, 184
-0.977336, 201, 129, 232, 256
-0.977578, 297, 193, 360, 256
-0.977622, 109, 129, 140, 192
-0.977656, 277, 129, 308, 192
-0.977659, 393, 193, 456, 256
-0.977682, 217, 105, 280, 168
-0.977715, 65, 81, 96, 208
-0.977912, 393, 153, 424, 216
-0.978394, 189, 113, 220, 240
-0.978434, 325, 129, 356, 192
-0.978869, 17, 113, 80, 176
-0.978892, 289, 177, 416, 240
-0.978902, 17, 193, 80, 256
-0.979046, 97, 121, 128, 184
-0.979154, 17, 65, 80, 128
-0.979169, 161, 153, 288, 216
-0.979203, 253, 169, 284, 232
-0.979415, 265, 105, 328, 168
-0.979546, 241, 169, 272, 232
-0.979612, 41, 145, 104, 208
-0.979635, 289, 129, 320, 192
-0.979701, 81, 193, 144, 256
-0.979778, 401, 129, 432, 256
-0.979867, 197, 177, 228, 240
-0.979876, 57, 193, 120, 256
-0.979917, 81, 49, 208, 176
-0.97995, 85, 113, 116, 176
-0.979973, 297, 105, 360, 168
-0.980133, 65, 145, 128, 208
-0.980133, 89, 153, 152, 216
-0.980181, 53, 97, 84, 160
-0.980294, 289, 129, 416, 192
-0.980323, 241, 129, 272, 192
-0.980341, 177, 153, 208, 216
-0.980353, 353, 121, 416, 184
-0.980394, 177, 201, 240, 264
-0.980509, 337, 201, 400, 264
-0.980525, 373, 129, 404, 256
-0.980558, 17, 137, 80, 200
-0.980594, 113, 121, 240, 184
-0.980598, 113, 193, 176, 256
-0.980632, 33, 145, 160, 208
-0.980677, 69, 81, 100, 144
-0.980701, 129, 97, 160, 224
-0.980824, 193, 105, 256, 168
-0.980836, 377, 129, 440, 192
-0.980878, 137, 193, 200, 256
-0.980934, 149, 81, 180, 208
-0.980967, 197, 129, 228, 192
-0.981068, 345, 137, 376, 200
-0.981145, 117, 97, 148, 224
-0.98115, 89, 129, 120, 256
-0.981173, 241, 105, 304, 168
-0.981293, 277, 169, 308, 232
-0.981299, 425, 145, 488, 208
-0.981333, 97, 33, 352, 160
-0.98148, 345, 89, 408, 152
-0.981507, 65, 73, 128, 136
-0.981548, 401, 145, 464, 208
-0.981551, 73, 49, 136, 176
-0.981663, 401, 97, 464, 224
-0.981673, 189, 153, 220, 216
-0.981703, 169, 129, 200, 256
-0.981708, 321, 113, 384, 176
-0.981724, 337, 81, 368, 208
-0.981853, 361, 209, 424, 272
-0.981867, 313, 129, 344, 192
-0.981959, 257, 49, 500, 176
-0.981968, 121, 169, 184, 232
-0.982065, 273, 153, 400, 216
-0.982219, 425, 81, 488, 144
-0.982246, 41, 169, 104, 232
-0.982562, 381, 153, 412, 216
-0.982599, 301, 129, 332, 192
-0.982669, 81, 89, 208, 152
-0.982756, 113, 97, 176, 160
-0.982839, 225, 81, 288, 144
-0.982864, 401, 81, 464, 144
-0.983, 389, 129, 420, 256
-0.983165, 145, 81, 208, 144
-0.983186, 129, 177, 256, 240
-0.983235, 317, 81, 348, 208
-0.983309, 61, 121, 92, 184
-0.983341, 425, 81, 488, 208
-0.983341, 321, 89, 384, 152
-0.983355, 369, 145, 400, 208
-0.983395, 1, 169, 64, 232
-0.983433, 293, 169, 324, 232
-0.983493, 377, 81, 440, 144
-0.983619, 409, 153, 440, 216
-0.983623, 209, 129, 240, 192
-0.983698, 249, 81, 280, 208
-0.983721, 49, 73, 80, 136
-0.98375, 53, 129, 84, 256
-0.983844, 89, 81, 120, 208
-0.983848, 49, 1, 112, 256
-0.98392, 37, 81, 68, 208
-0.983945, 353, 193, 480, 256
-0.984177, 225, 81, 256, 208
-0.984178, 53, 65, 84, 192
-0.984213, 229, 129, 260, 192
-0.984304, 237, 81, 268, 208
-0.984383, 149, 145, 180, 208
-0.984406, 401, 121, 464, 184
-0.984516, 349, 81, 380, 208
-0.984549, 73, 105, 104, 168
-0.984584, 369, 177, 400, 240
-0.98461, 289, 81, 320, 208
-0.984683, 169, 81, 200, 208
-0.984797, 261, 81, 292, 208
-0.984948, 65, 169, 128, 232
-0.984997, 169, 81, 232, 144
-0.985063, 301, 81, 332, 208
-0.985097, 357, 137, 388, 200
-0.985114, 273, 81, 304, 208
-0.985394, 249, 81, 312, 144
-0.985597, 201, 81, 264, 144
-0.985683, 41, 97, 72, 160
-0.985686, 113, 49, 176, 176
-0.985694, 305, 177, 336, 240
-0.98582, 97, 145, 128, 208
-0.985907, 161, 105, 288, 168
-0.986087, 321, 153, 352, 216
-0.986148, 137, 145, 168, 208
-0.986275, 201, 81, 232, 208
-0.986349, 345, 169, 376, 232
-0.986398, 121, 65, 184, 128
-0.986487, 157, 129, 188, 256
-0.986582, 357, 169, 388, 232
-0.986712, 385, 185, 416, 248
-0.986797, 273, 65, 336, 128
-0.986879, 421, 177, 452, 240
-0.98693, 49, 129, 80, 192
-0.98695, 329, 65, 392, 128
-0.986963, 257, 193, 288, 256
-0.98698, 121, 145, 152, 208
-0.987076, 1, 33, 64, 160
-0.987144, 245, 193, 276, 256
-0.987155, 185, 177, 216, 240
-0.987268, 469, 193, 500, 256
-0.987272, 297, 73, 360, 136
-0.987348, 361, 81, 392, 208
-0.98743, 57, 49, 120, 112
-0.987432, 89, 65, 152, 128
-0.987594, 457, 193, 488, 256
-0.987724, 153, 105, 184, 168
-0.987781, 165, 153, 196, 216
-0.987834, 33, 73, 160, 136
-0.987872, 305, 201, 432, 264
-0.987922, 1, 193, 128, 256
-0.987953, 49, 105, 112, 136
-0.988028, 321, 177, 352, 240
-0.988081, 217, 153, 248, 216
-0.988148, 273, 193, 304, 256
-0.988194, 225, 57, 288, 120
-0.988196, 65, 125, 128, 156
-0.988214, 353, 65, 416, 128
-0.98826, 293, 193, 324, 256
-0.988321, 409, 177, 440, 240
-0.988325, 425, 145, 456, 272
-0.988455, 377, 105, 440, 168
-0.988456, 353, 1, 416, 256
-0.988546, 9, 1, 72, 256
-0.988725, 29, 89, 60, 152
-0.988744, 333, 169, 364, 232
-0.988793, 49, 1, 112, 272
-0.988841, 169, 57, 232, 120
-0.988876, 153, 157, 216, 188
-0.9889, 337, 129, 464, 192
-0.988953, 161, 137, 416, 200
-0.988998, 433, 169, 464, 232
-0.989005, 353, 193, 384, 256
-0.989005, 385, 57, 448, 120
-0.98901, 177, 201, 304, 264
-0.989024, 201, 153, 232, 216
-0.989059, 421, 153, 452, 216
-0.989142, 93, 81, 124, 144
-0.989184, 305, 153, 336, 216
-0.989187, 209, 89, 336, 152
-0.98919, 409, 57, 472, 120
-0.989406, 121, 129, 184, 160
-0.989411, 397, 193, 428, 256
-0.989461, 377, 161, 440, 192
-0.989464, 425, 113, 488, 176
-0.989472, 81, 169, 208, 232
-0.989525, 97, 145, 160, 176
-0.989525, 401, 1, 464, 256
-0.989549, 97, 1, 160, 256
-0.98959, 73, 129, 104, 192
-0.989634, 313, 137, 376, 168
-0.989647, 305, 105, 336, 168
-0.989653, 433, 57, 496, 120
-0.98969, 33, 129, 288, 192
-0.989725, 445, 193, 476, 256
-0.989797, 337, 145, 400, 176
-0.989846, 201, 57, 264, 120
-0.989856, 225, 201, 352, 264
-0.989865, 97, 129, 160, 160
-0.98988, 109, 105, 140, 168
-0.989913, 241, 177, 304, 208
-0.989919, 185, 177, 248, 208
-0.989933, 145, 57, 208, 120
-0.989996, 305, 89, 432, 152
-0.99, 305, 1, 368, 256
-0.990018, 341, 193, 372, 256
-0.990055, 165, 105, 196, 168
-0.990056, 81, 193, 208, 256
-0.990066, 41, 121, 104, 152
-0.990074, 373, 81, 404, 208
-0.990088, 209, 201, 240, 264
-0.990134, 249, 57, 312, 120
-0.990215, 433, 193, 464, 256
-0.99026, 229, 153, 260, 216
-0.990348, 177, 161, 240, 192
-0.990382, 409, 173, 472, 204
-0.990438, 129, 201, 256, 264
-0.990459, 81, 81, 112, 144
-0.990463, 385, 129, 416, 192
-0.990467, 129, 145, 192, 176
-0.990485, 45, 193, 76, 256
-0.99051, 89, 117, 152, 148
-0.990521, 289, 137, 352, 168
-0.990543, 49, 137, 112, 168
-0.99056, 329, 1, 392, 256
-0.990589, 153, 169, 216, 200
-0.990593, 41, 93, 104, 124
-0.990626, 361, 149, 424, 180
-0.990639, 201, 1, 264, 256
-0.990729, 25, 81, 56, 208
-0.990749, 241, 137, 304, 168
-0.990786, 377, 1, 440, 256
-0.990797, 169, 133, 232, 164
-0.9908, 189, 105, 220, 168
-0.990811, 277, 105, 308, 168
-0.990812, 377, 185, 440, 216
-0.990821, 225, 1, 288, 256
-0.990848, 433, 145, 496, 272
-0.990852, 241, 105, 272, 168
-0.990868, 225, 105, 256, 168
-0.990916, 25, 109, 88, 140
-0.990936, 249, 1, 312, 256
-0.990954, 401, 1, 464, 64
-0.990994, 33, 81, 96, 112
-0.991022, 145, 133, 208, 164
-0.991044, 33, 193, 64, 256
-0.991061, 161, 1, 224, 256
-0.991079, 425, 1, 488, 256
-0.99111, 129, 157, 192, 188
-0.991126, 225, 33, 352, 160
-0.991132, 281, 1, 344, 256
-0.991133, 1, 89, 64, 120
-0.991141, 209, 181, 272, 212
-0.991184, 73, 145, 136, 176
-0.991275, 177, 157, 208, 188
-0.991275, 201, 165, 264, 196
-0.991367, 353, 1, 416, 272
-0.991368, 377, 173, 440, 204
-0.991368, 141, 129, 172, 256
-0.991383, 85, 137, 116, 200
-0.991385, 213, 105, 244, 168
-0.991389, 337, 113, 368, 176
-0.991407, 221, 201, 252, 264
-0.991414, 265, 173, 328, 204
-0.991417, 9, 1, 72, 272
-0.991422, 257, 105, 288, 168
-0.99148, 129, 1, 192, 256
-0.991513, 225, 125, 288, 156
-0.991544, 33, 153, 288, 216
-0.991566, 17, 41, 80, 104
-0.991623, 21, 193, 52, 256
-0.991634, 337, 177, 400, 208
-0.991636, 413, 97, 444, 224
-0.991639, 377, 1, 440, 64
-0.991643, 81, 193, 112, 256
-0.991651, 81, 89, 144, 120
-0.991701, 257, 105, 384, 168
-0.991773, 433, 1, 496, 64
-0.991805, 73, 1, 136, 256
-0.991833, 177, 105, 208, 168
-0.991868, 185, 205, 248, 236
-0.991894, 153, 145, 216, 176
-0.991913, 265, 137, 328, 168
-0.991952, 337, 33, 464, 160
-0.991963, 401, 1, 464, 272
-0.991969, 249, 125, 312, 156
-0.991971, 1, 125, 64, 156
-0.991977, 97, 1, 160, 272
-0.991981, 201, 105, 232, 168
-0.99199, 225, 33, 288, 160
-0.992014, 169, 121, 232, 152
-0.992024, 193, 129, 256, 160
-0.992081, 189, 165, 220, 196
-0.992101, 217, 137, 280, 168
-0.992107, 89, 125, 120, 156
-0.992108, 349, 141, 380, 172
-0.992118, 289, 173, 352, 204
-0.992126, 105, 141, 136, 172
-0.992128, 225, 165, 288, 196
-0.992129, 53, 109, 84, 140
-0.992134, 305, 49, 368, 112
-0.992171, 57, 193, 88, 256
-0.992182, 1, 137, 500, 200
-0.992192, 97, 41, 160, 104
-0.99222, 25, 141, 88, 172
-0.992229, 305, 1, 368, 272
-0.992251, 65, 129, 96, 256
-0.992269, 225, 169, 480, 232
-0.992271, 401, 185, 464, 216
-0.992272, 401, 81, 432, 208
-0.992294, 361, 145, 392, 176
-0.992326, 49, 149, 112, 180
-0.992333, 97, 193, 128, 256
-0.992346, 165, 157, 196, 188
-0.992374, 177, 193, 240, 224
-0.992382, 417, 165, 448, 196
-0.992388, 53, 121, 84, 152
-0.992397, 217, 193, 280, 224
-0.992409, 129, 169, 384, 232
-0.992413, 425, 81, 456, 208
-0.992418, 401, 161, 464, 192
-0.992456, 209, 205, 272, 236
-0.992483, 117, 133, 148, 164
-0.992503, 385, 81, 416, 208
-0.992516, 353, 1, 416, 64
-0.992527, 205, 177, 236, 208
-0.992541, 329, 1, 392, 272
-0.992542, 161, 181, 224, 212
-0.992545, 321, 157, 384, 188
-0.992545, 81, 1, 144, 64
-0.992545, 305, 1, 368, 64
-0.992551, 81, 157, 144, 188
-0.992557, 129, 117, 192, 148
-0.992561, 41, 205, 104, 236
-0.992567, 69, 193, 100, 256
-0.992571, 137, 49, 200, 176
-0.992586, 201, 1, 264, 272
-0.992619, 69, 89, 100, 120
-0.992642, 273, 125, 336, 156
-0.992653, 185, 149, 248, 180
-0.99266, 101, 145, 132, 272
-0.992668, 377, 1, 440, 272
-0.992674, 65, 105, 320, 168
-0.992678, 33, 169, 160, 232
-0.992685, 273, 157, 336, 188
-0.992687, 225, 1, 288, 272
-0.992699, 325, 137, 356, 168
-0.992709, 245, 177, 276, 208
-0.992709, 57, 1, 120, 64
-0.992709, 105, 1, 168, 64
-0.992709, 329, 1, 392, 64
-0.992718, 425, 161, 488, 192
-0.992728, 405, 161, 436, 192
-0.992734, 353, 161, 416, 192
-0.992739, 173, 193, 204, 256
-0.992751, 249, 1, 312, 272
-0.992757, 37, 121, 68, 184
-0.992759, 73, 205, 136, 236
-0.992777, 129, 205, 192, 236
-0.992796, 105, 129, 136, 160
-0.992803, 381, 157, 412, 188
-0.992809, 125, 193, 156, 256
-0.992809, 265, 173, 296, 204
-0.992822, 161, 1, 224, 272
-0.992831, 425, 1, 488, 272
-0.992861, 281, 1, 344, 272
-0.992878, 289, 137, 320, 168
-0.992881, 429, 173, 460, 204
-0.99289, 349, 113, 380, 176
-0.992892, 369, 25, 432, 88
-0.992902, 33, 1, 96, 64
-0.992912, 361, 137, 424, 168
-0.992921, 17, 205, 80, 236
-0.992922, 305, 137, 336, 168
-0.992922, 129, 145, 160, 272
-0.992927, 121, 41, 184, 104
-0.992948, 189, 177, 220, 208
-0.992948, 225, 85, 288, 116
-0.992954, 105, 157, 168, 188
-0.992962, 313, 177, 376, 208
-0.992967, 229, 181, 260, 212
-0.992974, 105, 205, 168, 236
-0.992981, 69, 121, 100, 152
-0.992994, 337, 41, 400, 104
-0.992999, 273, 137, 304, 168
-0.993008, 281, 1, 344, 64
-0.993026, 129, 129, 160, 160
-0.993027, 225, 25, 288, 88
-0.993032, 241, 205, 304, 236
-0.993045, 161, 205, 224, 236
-0.993049, 317, 201, 348, 264
-0.993054, 141, 129, 172, 160
-0.993054, 265, 205, 328, 236
-0.993055, 129, 1, 192, 272
-0.993066, 9, 1, 72, 64
-0.993066, 153, 145, 184, 176
-0.993074, 297, 125, 360, 156
-0.993082, 257, 137, 288, 168
-0.993084, 385, 81, 416, 144
-0.993091, 57, 25, 120, 88
-0.993091, 249, 157, 312, 188
-0.993103, 305, 205, 368, 236
-0.993107, 265, 93, 328, 124
-0.993116, 177, 169, 208, 200
-0.993118, 129, 169, 192, 200
-0.993124, 153, 129, 184, 160
-0.99313, 329, 153, 360, 184
-0.993139, 201, 165, 232, 196
-0.993156, 169, 81, 200, 144
-0.993172, 313, 25, 376, 88
-0.99318, 41, 101, 72, 132
-0.993191, 425, 25, 488, 88
-0.993193, 77, 109, 108, 140
-0.993196, 113, 193, 144, 256
-0.993196, 321, 93, 384, 124
-0.993203, 265, 193, 328, 224
-0.993214, 297, 161, 360, 192
-0.993227, 41, 113, 72, 144
-0.993228, 165, 145, 196, 176
-0.99323, 233, 1, 296, 64
-0.99323, 129, 17, 192, 80
-0.99323, 153, 17, 216, 80
-0.99323, 177, 17, 240, 80
-0.99323, 201, 17, 264, 80
-0.99323, 257, 17, 320, 80
-0.99323, 289, 25, 352, 88
-0.993237, 73, 1, 136, 272
-0.993259, 257, 137, 500, 200
-0.993262, 257, 153, 288, 184
-0.993275, 1, 113, 64, 144
-0.993294, 353, 89, 480, 152
-0.9933, 289, 89, 320, 152
-0.993301, 373, 145, 404, 176
-0.993312, 237, 137, 268, 168
-0.993324, 137, 81, 168, 144
-0.993332, 89, 113, 120, 144
-0.993345, 153, 193, 216, 224
-0.993354, 369, 205, 432, 236
-0.993354, 277, 173, 308, 204
-0.993356, 337, 133, 368, 164
-0.993356, 393, 157, 424, 188
-0.993359, 337, 133, 400, 164
-0.993365, 289, 185, 352, 216
-0.993383, 33, 69, 96, 100
-0.993388, 161, 193, 192, 256
-0.993421, 93, 145, 124, 176
-0.993443, 217, 181, 248, 212
-0.99345, 337, 205, 400, 236
-0.993459, 165, 133, 196, 164
-0.993464, 385, 149, 448, 180
-0.993465, 417, 149, 480, 180
-0.993471, 433, 185, 496, 216
-0.993481, 161, 89, 224, 120
-0.993497, 1, 169, 500, 232
-0.993517, 217, 133, 248, 164
-0.993528, 189, 153, 220, 184
-0.993543, 297, 93, 360, 124
-0.993547, 25, 65, 56, 128
-0.993555, 153, 157, 184, 188
-0.993555, 1, 101, 64, 132
-0.993555, 89, 105, 152, 136
-0.993558, 305, 217, 368, 248
-0.993559, 309, 153, 340, 184
-0.993574, 393, 177, 424, 208
-0.993575, 253, 165, 284, 196
-0.993576, 393, 205, 456, 236
-0.993577, 433, 129, 496, 160
-0.993582, 425, 85, 488, 116
-0.993599, 417, 177, 448, 208
-0.993607, 225, 193, 480, 256
-0.993611, 145, 193, 176, 256
-0.993614, 353, 189, 416, 220
-0.993616, 221, 169, 252, 200
-0.993623, 209, 153, 272, 184
-0.993631, 53, 133, 84, 164
-0.993632, 213, 205, 244, 236
-0.993632, 1, 193, 64, 224
-0.993651, 401, 217, 464, 248
-0.993674, 385, 89, 448, 120
-0.993686, 177, 137, 208, 168
-0.993695, 33, 89, 64, 120
-0.993697, 345, 217, 408, 248
-0.993698, 267, 129, 282, 192
-0.993701, 1, 137, 64, 168
-0.993704, 41, 217, 104, 248
-0.993708, 277, 153, 308, 184
-0.993711, 433, 173, 496, 204
-0.993712, 341, 153, 372, 184
-0.993716, 345, 117, 408, 148
-0.993717, 201, 85, 264, 116
-0.993725, 145, 33, 272, 160
-0.993729, 377, 185, 408, 216
-0.993731, 137, 89, 200, 120
-0.993735, 45, 73, 76, 104
-0.993741, 393, 25, 456, 88
-0.993742, 345, 89, 408, 120
-0.993743, 1, 217, 64, 248
-0.993758, 73, 193, 136, 224
-0.993764, 101, 117, 132, 148
-0.993764, 193, 117, 256, 148
-0.9938, 305, 201, 336, 264
-0.993815, 141, 141, 172, 172
-0.993833, 53, 97, 84, 128
-0.993835, 377, 217, 440, 248
-0.993837, 369, 173, 400, 204
-0.993848, 25, 193, 88, 224
-0.993859, 73, 77, 136, 108
-0.99386, 129, 217, 192, 248
-0.993864, 193, 201, 224, 264
-0.993871, 49, 193, 112, 224
-0.993872, 233, 165, 264, 196
-0.993874, 73, 217, 136, 248
-0.993876, 369, 109, 432, 140
-0.993884, 153, 217, 216, 248
-0.99389, 231, 177, 246, 240
-0.99389, 405, 173, 436, 204
-0.99389, 257, 217, 320, 248
-0.993893, 65, 101, 96, 132
-0.993894, 33, 125, 64, 156
-0.993898, 261, 125, 292, 156
-0.993908, 241, 193, 304, 224
-0.993909, 217, 217, 280, 248
-0.993925, 117, 145, 148, 176
-0.993931, 433, 217, 496, 248
-0.993935, 313, 193, 376, 224
-0.993938, 361, 157, 392, 188
-0.993997, 289, 177, 320, 208
-0.994006, 89, 89, 120, 120
-0.994007, 161, 157, 288, 188
-0.994023, 177, 125, 208, 156
-0.994026, 81, 141, 112, 172
-0.994026, 349, 177, 380, 208
-0.994037, 41, 137, 72, 168
-0.994037, 201, 33, 264, 160
-0.994038, 145, 81, 272, 144
-0.99404, 213, 65, 244, 192
-0.994048, 205, 129, 236, 160
-0.994053, 289, 153, 320, 184
-0.994056, 229, 125, 260, 156
-0.994068, 129, 145, 160, 176
-0.994081, 193, 133, 224, 164
-0.994087, 201, 153, 232, 184
-0.994091, 249, 125, 280, 156
-0.994092, 177, 129, 192, 192
-0.994106, 369, 201, 400, 264
-0.994108, 141, 153, 172, 184
-0.994111, 45, 205, 76, 236
-0.99413, 257, 137, 384, 168
-0.994134, 165, 169, 196, 200
-0.994148, 57, 85, 88, 116
-0.994156, 457, 169, 488, 232
-0.994178, 117, 121, 148, 152
-0.994179, 225, 193, 256, 224
-0.994187, 145, 117, 176, 148
-0.994197, 217, 177, 232, 240
-0.994207, 129, 193, 384, 256
-0.994208, 385, 205, 416, 236
-0.994222, 273, 125, 304, 156
-0.994229, 469, 169, 500, 232
-0.994235, 417, 153, 448, 184
-0.994237, 385, 145, 416, 176
-0.994242, 197, 205, 228, 236
-0.994256, 53, 145, 84, 176
-0.99427, 121, 169, 152, 232
-0.994272, 317, 177, 348, 208
-0.994274, 405, 185, 436, 216
-0.994276, 225, 205, 256, 236
-0.994301, 145, 169, 176, 232
-0.994309, 325, 105, 356, 168
-0.994311, 65, 205, 96, 236
-0.994324, 429, 161, 460, 192
-0.994327, 105, 153, 136, 184
-0.994331, 305, 177, 336, 208
-0.994335, 245, 153, 276, 184
-0.994346, 329, 177, 360, 208
-0.994365, 33, 205, 64, 236
-0.99437, 329, 201, 360, 264
-0.99438, 217, 121, 248, 152
-0.994384, 129, 117, 160, 148
-0.994387, 145, 205, 176, 236
-0.994388, 45, 85, 76, 116
-0.994403, 441, 173, 472, 204
-0.994407, 29, 101, 60, 132
-0.994411, 157, 205, 188, 236
-0.994412, 85, 205, 116, 236
-0.994413, 361, 133, 392, 164
-0.994417, 65, 137, 96, 168
-0.994422, 305, 125, 336, 156
-0.994423, 317, 165, 348, 196
-0.994425, 177, 181, 208, 212
-0.994426, 165, 121, 196, 152
-0.994427, 133, 205, 164, 236
-0.994427, 277, 169, 292, 232
-0.994442, 57, 73, 88, 104
-0.994445, 193, 189, 224, 220
-0.994446, 101, 49, 132, 176
-0.994463, 121, 205, 152, 236
-0.994469, 213, 193, 244, 224
-0.994478, 161, 137, 288, 168
-0.994501, 233, 201, 264, 264
-0.994522, 185, 65, 216, 192
-0.994532, 413, 201, 444, 264
-0.994537, 397, 129, 428, 192
-0.99454, 289, 149, 416, 180
-0.994554, 465, 81, 496, 144
-0.994578, 105, 81, 136, 144
-0.994581, 183, 129, 198, 192
-0.994606, 191, 129, 206, 192
-0.994623, 1, 81, 256, 144
-0.994624, 441, 145, 472, 208
-0.994652, 37, 65, 68, 128
-0.994672, 237, 177, 252, 240
-0.994678, 97, 157, 224, 188
-0.994683, 171, 129, 186, 192
-0.994718, 273, 129, 288, 192
-0.99472, 41, 129, 72, 256
-0.994722, 241, 149, 368, 180
-0.99474, 81, 145, 208, 176
-0.99475, 117, 145, 148, 272
-0.994793, 33, 185, 288, 248
-0.994797, 301, 129, 316, 192
-0.994817, 97, 113, 112, 176
-0.994845, 165, 129, 180, 192
-0.99487, 279, 129, 294, 192
-0.994892, 205, 177, 220, 240
-0.994894, 107, 121, 122, 184
-0.994898, 265, 169, 280, 232
-0.99492, 155, 121, 170, 184
-0.994953, 257, 129, 272, 192
-0.994965, 161, 113, 416, 176
-0.994998, 89, 105, 104, 168
-0.995007, 57, 97, 72, 160
-0.995022, 271, 169, 286, 232
-0.995071, 259, 153, 274, 216
-0.995092, 243, 177, 258, 240
-0.995113, 65, 129, 192, 160
-0.995115, 251, 169, 266, 232
-0.99514, 1, 105, 128, 136
-0.995149, 33, 117, 160, 148
-0.995149, 285, 129, 300, 192
-0.995169, 273, 65, 400, 128
-0.995196, 193, 177, 320, 208
-0.995199, 77, 145, 108, 272
-0.995216, 193, 153, 208, 216
-0.995255, 211, 177, 226, 240
-0.995275, 77, 49, 108, 176
-0.995314, 141, 121, 156, 184
-0.995332, 225, 177, 240, 240
-0.995348, 283, 169, 298, 232
-0.995361, 381, 153, 396, 216
-0.995453, 1, 145, 64, 272
-0.995459, 119, 129, 134, 192
-0.995493, 409, 153, 424, 216
-0.995507, 251, 129, 266, 192
-0.995516, 113, 129, 128, 192
-0.995522, 375, 145, 390, 208
-0.995542, 113, 169, 240, 200
-0.995544, 349, 137, 364, 200
-0.995571, 329, 129, 344, 192
-0.995622, 393, 153, 408, 216
-0.995629, 393, 49, 456, 176
-0.995633, 403, 153, 418, 216
-0.99564, 323, 129, 338, 192
-0.995655, 201, 129, 216, 192
-0.995663, 337, 161, 464, 192
-0.995665, 47, 97, 62, 160
-0.995716, 225, 89, 480, 152
-0.995716, 147, 121, 162, 184
-0.99573, 1, 97, 500, 160
-0.995733, 369, 181, 496, 212
-0.995775, 315, 129, 330, 192
-0.995792, 445, 81, 476, 208
-0.995829, 125, 121, 140, 184
-0.995843, 289, 177, 304, 240
-0.995853, 135, 121, 150, 184
-0.995897, 341, 129, 356, 192
-0.995904, 63, 105, 78, 168
-0.995909, 257, 177, 272, 240
-0.995943, 81, 65, 208, 128
-0.995969, 113, 133, 240, 164
-0.995972, 307, 129, 322, 192
-0.995979, 241, 177, 368, 208
-0.99598, 1, 193, 500, 256
-0.995987, 295, 129, 310, 192
-0.996014, 83, 97, 98, 160
-0.996035, 355, 137, 370, 200
-0.996057, 257, 113, 500, 176
-0.996063, 33, 145, 160, 176
-0.99607, 69, 81, 84, 144
-0.996107, 295, 169, 310, 232
-0.996114, 415, 153, 430, 216
-0.996128, 217, 129, 232, 192
-0.996134, 197, 177, 212, 240
-0.996218, 49, 93, 176, 124
-0.996219, 305, 177, 432, 208
-0.996225, 313, 169, 328, 232
-0.996231, 307, 169, 322, 232
-0.996232, 33, 209, 288, 272
-0.996233, 387, 153, 402, 216
-0.996279, 289, 153, 304, 216
-0.996297, 97, 81, 352, 144
-0.996302, 223, 129, 238, 192
-0.996324, 397, 193, 412, 256
-0.996327, 301, 169, 316, 232
-0.996327, 375, 169, 390, 232
-0.996328, 209, 137, 336, 168
-0.996334, 433, 177, 448, 240
-0.996388, 245, 129, 260, 192
-0.996395, 1, 89, 128, 120
-0.996397, 145, 181, 272, 212
-0.996417, 181, 153, 196, 216
-0.99642, 209, 129, 224, 192
-0.996425, 57, 129, 72, 192
-0.996428, 229, 129, 244, 192
-0.996447, 239, 129, 254, 192
-0.996448, 335, 137, 350, 200
-0.996453, 117, 49, 148, 176
-0.99646, 385, 177, 400, 240
-0.996475, 149, 145, 164, 208
-0.996488, 187, 153, 202, 216
-0.996495, 365, 169, 380, 232
-0.9965, 193, 65, 320, 128
-0.996515, 319, 177, 334, 240
-0.996515, 271, 193, 286, 256
-0.996552, 199, 153, 214, 216
-0.996553, 41, 73, 56, 136
-0.996557, 421, 153, 436, 216
-0.996578, 49, 105, 176, 136
-0.996581, 359, 169, 374, 232
-0.996586, 75, 89, 90, 152
-0.996603, 323, 153, 338, 216
-0.996641, 431, 153, 446, 216
-0.996686, 159, 145, 174, 208
-0.99669, 341, 153, 356, 216
-0.996706, 349, 169, 364, 232
-0.996709, 105, 145, 120, 208
-0.99672, 17, 129, 144, 160
-0.99674, 391, 185, 406, 248
-0.996768, 365, 129, 380, 192
-0.99677, 41, 33, 72, 160
-0.996776, 305, 137, 432, 168
-0.996782, 251, 193, 266, 256
-0.996786, 81, 117, 208, 148
-0.996788, 95, 89, 110, 152
-0.996812, 477, 193, 492, 256
-0.996832, 469, 81, 500, 208
-0.996835, 257, 161, 384, 192
-0.996838, 191, 157, 206, 188
-0.996839, 337, 149, 464, 180
-0.996839, 175, 153, 190, 216
-0.996848, 135, 145, 150, 208
-0.996856, 161, 125, 288, 156
-0.996859, 221, 153, 236, 216
-0.996871, 265, 193, 280, 256
-0.996878, 277, 193, 292, 256
-0.996881, 469, 193, 484, 256
-0.996882, 73, 121, 88, 184
-0.996901, 51, 129, 66, 192
-0.996903, 53, 73, 68, 136
-0.996906, 341, 177, 356, 240
-0.996921, 207, 153, 222, 216
-0.996926, 209, 125, 336, 156
-0.996932, 325, 177, 340, 240
-0.99694, 483, 193, 498, 256
-0.996958, 89, 81, 104, 144
-0.996968, 375, 193, 390, 256
-0.996993, 309, 193, 324, 256
-0.996997, 231, 153, 246, 216
-0.99701, 365, 193, 380, 256
-0.997016, 283, 193, 298, 256
-0.997023, 403, 193, 418, 256
-0.997078, 299, 193, 314, 256
-0.997113, 183, 157, 198, 188
-0.997116, 99, 145, 114, 208
-0.997137, 167, 105, 182, 168
-0.997142, 141, 145, 156, 208
-0.997149, 63, 73, 78, 136
-0.997168, 457, 193, 472, 256
-0.997192, 79, 121, 94, 184
-0.997193, 335, 169, 350, 232
-0.997194, 463, 193, 478, 256
-0.997195, 137, 49, 168, 176
-0.997195, 439, 169, 454, 232
-0.997203, 451, 193, 466, 256
-0.997212, 273, 33, 336, 160
-0.997262, 113, 205, 240, 236
-0.997265, 55, 101, 70, 132
-0.99727, 17, 77, 144, 108
-0.997303, 353, 133, 480, 164
-0.997319, 17, 205, 144, 236
-0.997377, 1, 57, 256, 120
-0.99741, 193, 193, 320, 224
-0.997435, 109, 133, 124, 164
-0.997451, 431, 165, 446, 196
-0.997472, 365, 141, 380, 172
-0.997472, 321, 205, 448, 236
-0.997476, 209, 165, 336, 196
-0.997477, 257, 65, 500, 128
-0.997488, 197, 165, 212, 196
-0.997494, 225, 205, 352, 236
-0.997495, 249, 33, 312, 160
-0.997496, 65, 205, 192, 236
-0.997518, 65, 81, 192, 112
-0.997519, 283, 137, 298, 168
-0.997537, 49, 157, 176, 188
-0.997539, 177, 157, 192, 188
-0.997561, 161, 205, 288, 236
-0.997562, 273, 189, 400, 220
-0.997598, 371, 145, 386, 176
-0.997601, 25, 33, 56, 160
-0.997644, 193, 89, 320, 120
-0.997651, 99, 121, 114, 152
-0.997696, 315, 137, 330, 168
-0.997729, 145, 193, 272, 224
-0.997733, 267, 137, 282, 168
-0.997736, 419, 161, 434, 192
-0.997747, 119, 129, 134, 160
-0.997774, 305, 93, 432, 124
-0.997799, 273, 205, 400, 236
-0.9978, 299, 137, 314, 168
-0.997811, 233, 181, 248, 212
-0.997817, 49, 101, 64, 132
-0.997827, 107, 145, 122, 176
-0.997833, 353, 65, 480, 128
-0.997853, 137, 129, 152, 160
-0.997859, 257, 125, 384, 156
-0.997868, 129, 129, 144, 160
-0.997878, 143, 129, 158, 160
-0.997886, 251, 177, 266, 208
-0.99789, 171, 157, 186, 188
-0.997896, 203, 177, 218, 208
-0.997904, 57, 113, 72, 144
-0.997911, 203, 165, 218, 196
-0.997914, 163, 129, 178, 160
-0.997926, 333, 137, 348, 168
-0.997927, 49, 111, 112, 126
-0.997934, 1, 73, 500, 136
-0.997939, 145, 85, 272, 116
-0.997954, 267, 177, 282, 208
-0.997958, 347, 137, 362, 168
-0.997964, 275, 173, 290, 204
-0.997965, 157, 129, 172, 160
-0.997968, 239, 181, 254, 212
-0.997979, 149, 129, 164, 160
-0.99799, 191, 169, 206, 200
-0.997996, 355, 137, 370, 168
-0.998005, 65, 169, 192, 200
-0.998027, 281, 173, 296, 204
-0.998041, 399, 157, 414, 188
-0.998048, 425, 165, 440, 196
-0.998051, 63, 109, 78, 140
-0.998066, 17, 217, 144, 248
-0.998066, 369, 205, 496, 236
-0.998068, 393, 157, 408, 188
-0.99808, 1, 81, 32, 208
-0.998086, 241, 217, 368, 248
-0.998088, 369, 85, 496, 116
-0.998089, 275, 153, 290, 184
-0.998092, 221, 177, 236, 208
-0.998101, 353, 217, 480, 248
-0.998102, 197, 177, 212, 208
-0.998105, 175, 137, 190, 168
-0.998106, 213, 177, 228, 208
-0.998127, 49, 193, 176, 224
-0.998128, 257, 177, 272, 208
-0.998133, 369, 193, 496, 224
-0.998136, 81, 217, 208, 248
-0.998142, 327, 137, 342, 168
-0.998154, 261, 157, 276, 188
-0.998156, 131, 141, 146, 172
-0.998156, 69, 121, 84, 152
-0.998159, 77, 89, 92, 120
-0.998164, 413, 161, 428, 192
-0.998166, 233, 179, 296, 194
-0.998178, 49, 127, 112, 142
-0.998182, 365, 153, 380, 184
-0.998183, 433, 33, 496, 160
-0.998186, 437, 169, 452, 200
-0.998188, 323, 153, 338, 184
-0.99819, 89, 105, 104, 136
-0.998194, 13, 81, 44, 208
-0.998198, 169, 133, 184, 164
-0.998201, 57, 125, 72, 156
-0.998201, 253, 137, 268, 168
-0.998202, 165, 145, 180, 176
-0.998208, 153, 159, 216, 174
-0.998208, 339, 137, 354, 168
-0.998209, 305, 217, 432, 248
-0.998211, 1, 193, 128, 224
-0.998217, 97, 181, 224, 212
-0.998217, 47, 113, 62, 144
-0.998221, 387, 157, 402, 188
-0.998237, 427, 177, 442, 208
-0.998238, 257, 93, 384, 124
-0.998239, 121, 131, 184, 146
-0.998239, 307, 153, 322, 184
-0.998244, 101, 153, 116, 184
-0.998245, 245, 177, 260, 208
-0.998247, 293, 137, 308, 168
-0.998249, 103, 133, 118, 164
-0.998272, 193, 217, 320, 248
-0.998277, 49, 105, 112, 120
-0.998283, 145, 217, 272, 248
-0.998285, 385, 183, 448, 198
-0.998288, 273, 137, 288, 168
-0.998291, 341, 153, 356, 184
-0.998295, 89, 125, 104, 156
-0.998296, 49, 181, 176, 212
-0.998302, 165, 157, 180, 188
-0.998305, 183, 169, 198, 200
-0.998308, 305, 137, 320, 168
-0.998316, 139, 141, 154, 172
-0.998318, 305, 117, 432, 148
-0.998319, 161, 113, 288, 144
-0.998328, 115, 145, 130, 176
-0.998331, 405, 157, 420, 188
-0.998335, 321, 137, 336, 168
-0.998337, 97, 133, 112, 164
-0.99834, 269, 165, 284, 196
-0.998342, 197, 153, 212, 184
-0.998352, 155, 141, 170, 172
-0.998354, 211, 165, 226, 196
-0.99836, 377, 145, 392, 176
-0.998362, 227, 181, 242, 212
-0.998365, 97, 143, 160, 158
-0.998371, 419, 181, 434, 212
-0.998371, 247, 137, 262, 168
-0.998373, 81, 133, 144, 148
-0.998381, 105, 137, 168, 152
-0.998385, 193, 77, 320, 108
-0.998385, 41, 95, 104, 110
-0.998393, 273, 81, 400, 112
-0.998394, 45, 83, 76, 98
-0.998395, 261, 169, 292, 184
-0.998396, 245, 151, 276, 166
-0.998397, 393, 201, 424, 216
-0.998398, 245, 157, 276, 172
-0.998399, 33, 105, 64, 120
-0.9984, 329, 161, 360, 176
-0.9984, 277, 159, 308, 174
-0.998401, 97, 193, 224, 224
-0.998402, 95, 109, 110, 140
-0.998403, 285, 179, 316, 194
-0.998403, 309, 159, 340, 174
-0.998404, 109, 157, 140, 172
-0.998405, 209, 175, 240, 190
-0.998405, 83, 97, 98, 128
-0.998406, 205, 127, 236, 142
-0.998407, 57, 83, 88, 98
-0.998409, 341, 159, 372, 174
-0.99841, 1, 169, 128, 200
-0.998411, 369, 145, 400, 160
-0.998412, 245, 207, 276, 222
-0.998412, 169, 153, 200, 168
-0.998413, 277, 139, 308, 154
-0.998413, 157, 143, 188, 158
-0.998413, 225, 175, 256, 190
-0.998413, 325, 149, 356, 164
-0.998414, 189, 173, 220, 188
-0.998414, 169, 87, 200, 102
-0.998414, 41, 115, 72, 130
-0.998418, 149, 149, 180, 164
-0.998418, 393, 177, 424, 192
-0.998418, 81, 89, 112, 104
-0.998419, 345, 147, 376, 162
-0.99842, 437, 171, 468, 186
-0.99842, 325, 183, 356, 198
-0.99842, 117, 147, 148, 162
-0.998421, 421, 183, 452, 198
-0.998422, 161, 167, 192, 182
-0.998423, 69, 109, 84, 140
-0.998423, 141, 125, 172, 140
-0.998423, 373, 183, 404, 198
-0.998423, 313, 139, 376, 154
-0.998423, 45, 145, 76, 160
-0.998424, 289, 153, 304, 184
-0.998424, 233, 207, 264, 222
-0.998425, 125, 141, 140, 172
-0.998425, 301, 137, 332, 152
-0.998427, 255, 165, 270, 196
-0.998428, 145, 141, 160, 172
-0.998428, 217, 127, 248, 142
-0.998429, 217, 209, 248, 224
-0.998429, 153, 159, 184, 174
-0.998432, 209, 197, 240, 212
-0.998435, 269, 133, 300, 148
-0.998435, 205, 209, 236, 224
-0.998436, 221, 205, 236, 236
-0.998436, 41, 71, 72, 86
-0.998439, 177, 173, 208, 188
-0.99844, 193, 133, 224, 148
-0.99844, 289, 137, 320, 152
-0.99844, 245, 133, 276, 148
-0.99844, 197, 203, 228, 218
-0.998445, 389, 189, 420, 204
-0.998446, 39, 85, 54, 116
-0.998447, 229, 131, 260, 146
-0.998449, 313, 139, 344, 154
-0.99845, 173, 137, 204, 152
-0.998451, 145, 137, 176, 152
-0.998454, 405, 177, 436, 192
-0.998454, 233, 169, 248, 200
-0.998455, 261, 159, 292, 174
-0.998456, 49, 137, 112, 152
-0.998456, 77, 113, 108, 128
-0.998457, 141, 131, 172, 146
-0.998457, 421, 171, 452, 186
-0.998458, 181, 179, 212, 194
-0.998459, 181, 137, 196, 168
-0.99846, 161, 137, 192, 152
-0.998461, 53, 129, 84, 144
-0.998462, 205, 133, 236, 148
-0.998466, 221, 203, 252, 218
-0.998466, 209, 203, 240, 218
-0.998467, 201, 161, 232, 176
-0.998467, 85, 137, 116, 152
-0.998467, 25, 89, 56, 104
-0.998468, 321, 193, 448, 224
-0.998469, 219, 125, 234, 156
-0.99847, 65, 89, 96, 104
-0.998472, 361, 157, 392, 172
-0.998475, 105, 125, 136, 140
-0.998477, 185, 179, 248, 194
-0.998477, 293, 153, 324, 168
-0.998478, 217, 133, 248, 148
-0.998481, 93, 153, 124, 168
-0.998484, 257, 133, 288, 148
-0.998486, 37, 121, 68, 136
-0.998486, 1, 145, 32, 272
-0.998486, 55, 145, 70, 176
-0.998488, 121, 143, 184, 158
-0.998488, 305, 153, 336, 168
-0.998491, 425, 177, 456, 192
-0.998492, 45, 89, 76, 104
-0.998494, 233, 133, 248, 164
-0.998495, 357, 141, 388, 156
-0.998496, 89, 123, 120, 138
-0.998497, 177, 125, 192, 156
-0.998498, 329, 137, 360, 152
-0.998499, 373, 153, 404, 168
-0.998501, 189, 167, 220, 182
-0.998503, 173, 129, 204, 144
-0.998503, 227, 169, 242, 200
-0.998505, 369, 109, 496, 140
-0.998506, 393, 161, 424, 176
-0.998508, 173, 167, 204, 182
-0.998508, 353, 159, 416, 174
-0.998508, 49, 95, 80, 110
-0.998508, 93, 143, 124, 158
-0.998513, 287, 181, 302, 212
-0.998513, 405, 163, 436, 178
-0.998513, 239, 169, 254, 200
-0.998514, 105, 137, 136, 152
-0.998516, 75, 125, 90, 156
-0.998517, 107, 121, 122, 152
-0.998518, 273, 177, 304, 192
-0.998519, 381, 159, 412, 174
-0.998519, 105, 149, 136, 164
-0.99852, 189, 161, 220, 176
-0.998523, 145, 143, 176, 158
-0.998523, 273, 153, 304, 168
-0.998523, 389, 185, 404, 216
-0.998525, 257, 153, 288, 168
-0.998525, 57, 107, 88, 122
-0.998525, 63, 121, 78, 152
-0.998527, 53, 135, 84, 150
-0.998529, 213, 181, 244, 196
-0.998529, 71, 81, 86, 112
-0.99853, 77, 127, 108, 142
-0.998531, 187, 145, 202, 176
-0.998532, 89, 125, 152, 140
-0.998535, 233, 181, 264, 196
-0.998537, 341, 139, 372, 154
-0.998537, 83, 125, 98, 156
-0.998537, 417, 165, 448, 180
-0.998538, 165, 159, 196, 174
-0.998538, 61, 97, 76, 128
-0.998542, 217, 165, 232, 196
-0.998542, 261, 133, 276, 164
-0.998545, 273, 125, 288, 156
-0.998546, 393, 183, 424, 198
-0.998548, 193, 179, 224, 194
-0.998552, 97, 93, 224, 124
-0.998553, 105, 131, 136, 146
-0.998554, 227, 133, 242, 164
-0.998557, 33, 87, 96, 102
-0.998558, 53, 123, 84, 138
-0.99856, 337, 153, 400, 168
-0.998562, 89, 149, 152, 164
-0.998568, 329, 155, 360, 170
-0.998568, 213, 133, 228, 164
-0.998571, 61, 95, 92, 110
-0.998572, 69, 103, 100, 118
-0.998573, 409, 183, 440, 198
-0.998574, 73, 143, 136, 158
-0.998575, 261, 177, 292, 192
-0.99858, 43, 97, 58, 128
-0.99858, 93, 129, 124, 144
-0.998586, 45, 105, 76, 120
-0.998591, 125, 131, 156, 146
-0.998591, 153, 131, 184, 146
-0.998593, 65, 125, 96, 140
-0.998594, 53, 113, 84, 128
-0.998598, 145, 133, 208, 148
-0.998598, 341, 153, 372, 168
-0.9986, 133, 141, 164, 156
-0.998602, 95, 145, 110, 176
-0.998605, 361, 151, 392, 166
-0.998607, 383, 181, 398, 212
-0.998608, 249, 179, 280, 194
-0.998611, 161, 165, 224, 180
-0.99862, 393, 163, 456, 178
-0.998624, 395, 185, 410, 216
-0.998625, 209, 181, 272, 196
-0.998626, 213, 205, 228, 236
-0.998627, 1, 157, 128, 188
-0.998628, 225, 133, 288, 148
-0.998637, 121, 141, 152, 156
-0.99864, 207, 125, 222, 156
-0.998642, 105, 143, 136, 158
-0.998644, 227, 197, 242, 228
-0.998647, 65, 121, 128, 136
-0.998648, 369, 177, 384, 208
-0.998648, 47, 125, 62, 156
-0.998655, 177, 159, 208, 174
-0.998659, 169, 129, 232, 144
-0.99866, 201, 203, 264, 218
-0.998664, 17, 121, 80, 136
-0.998684, 409, 177, 472, 192
-0.998687, 1, 91, 64, 106
-0.998705, 257, 177, 320, 192
-0.998706, 65, 69, 192, 100
-0.998706, 17, 103, 80, 118
-0.998708, 41, 121, 104, 136
-0.998735, 437, 129, 468, 256
-0.998737, 1, 181, 128, 212
-0.998739, 321, 81, 448, 112
-0.998745, 193, 161, 256, 176
-0.998759, 129, 159, 192, 174
-0.998765, 249, 133, 312, 148
-0.998773, 161, 179, 224, 194
-0.998773, 129, 149, 192, 164
-0.998785, 353, 147, 416, 162
-0.998785, 257, 113, 384, 144
-0.998796, 257, 1, 500, 128
-0.998801, 345, 183, 408, 198
-0.998814, 97, 105, 224, 136
-0.998817, 169, 137, 232, 152
-0.998818, 193, 133, 256, 148
-0.998822, 9, 129, 72, 144
-0.998826, 73, 89, 136, 104
-0.998827, 161, 57, 416, 120
-0.99883, 273, 139, 336, 154
-0.99883, 353, 129, 368, 256
-0.998839, 409, 183, 472, 198
-0.99884, 393, 169, 456, 184
-0.998841, 153, 173, 216, 188
-0.998843, 321, 105, 448, 136
-0.998848, 49, 143, 112, 158
-0.99886, 313, 153, 376, 168
-0.998865, 65, 155, 128, 170
-0.998873, 177, 207, 240, 222
-0.998879, 217, 127, 280, 142
-0.998882, 225, 203, 288, 218
-0.998887, 369, 177, 432, 192
-0.998889, 201, 209, 264, 224
-0.998889, 53, 1, 84, 256
-0.998892, 89, 157, 152, 172
-0.998899, 241, 139, 304, 154
-0.998902, 225, 87, 288, 102
-0.998906, 49, 149, 112, 164
-0.998908, 337, 113, 352, 240
-0.998915, 129, 125, 192, 140
-0.998915, 329, 159, 392, 174
-0.998917, 219, 129, 234, 256
-0.998922, 185, 167, 248, 182
-0.998931, 269, 129, 284, 256
-0.998934, 297, 187, 360, 202
-0.998953, 353, 121, 480, 152
-0.99896, 265, 183, 328, 198
-0.998962, 209, 113, 336, 144
-0.998962, 177, 201, 240, 216
-0.998966, 417, 129, 432, 256
-0.998968, 347, 129, 362, 256
-0.99897, 231, 129, 246, 256
-0.998971, 277, 129, 292, 256
-0.998972, 317, 129, 332, 256
-0.998973, 377, 189, 440, 204
-0.998974, 9, 141, 72, 156
-0.998974, 281, 175, 344, 190
-0.998975, 201, 173, 264, 188
-0.998975, 287, 129, 302, 256
-0.998982, 273, 133, 336, 148
-0.998982, 209, 129, 224, 256
-0.998984, 145, 139, 208, 154
-0.998988, 73, 103, 136, 118
-0.998989, 201, 197, 264, 212
-0.99899, 411, 145, 426, 272
-0.99899, 105, 165, 168, 180
-0.998993, 225, 209, 288, 224
-0.998997, 89, 119, 152, 134
-0.998999, 299, 129, 314, 256
-0.999001, 95, 113, 110, 240
-0.999002, 249, 207, 312, 222
-0.999005, 329, 129, 344, 256
-0.999007, 137, 167, 200, 182
-0.999016, 359, 129, 374, 256
-0.999017, 345, 177, 408, 192
-0.999019, 329, 147, 392, 162
-0.999019, 33, 81, 96, 96
-0.99902, 425, 171, 488, 186
-0.999022, 305, 129, 320, 256
-0.999024, 297, 133, 360, 148
-0.999026, 225, 113, 240, 240
-0.999033, 25, 135, 88, 150
-0.999034, 323, 129, 338, 256
-0.999034, 1, 97, 64, 112
-0.999036, 233, 173, 296, 188
-0.999042, 247, 129, 262, 256
-0.999044, 369, 141, 432, 156
-0.999045, 185, 189, 248, 204
-0.999045, 73, 95, 136, 110
-0.999045, 177, 173, 240, 188
-0.999047, 253, 129, 268, 256
-0.999048, 105, 97, 120, 224
-0.99905, 25, 115, 88, 130
-0.999052, 25, 109, 88, 124
-0.999054, 293, 129, 308, 256
-0.999054, 57, 207, 120, 222
-0.999055, 261, 129, 276, 256
-0.99906, 237, 129, 252, 256
-0.999061, 89, 111, 152, 126
-0.999062, 153, 153, 216, 168
-0.999069, 203, 113, 218, 240
-0.999073, 153, 207, 216, 222
-0.999073, 433, 191, 496, 206
-0.999074, 311, 129, 326, 256
-0.999075, 169, 123, 232, 138
-0.999076, 197, 113, 212, 240
-0.999078, 111, 97, 126, 224
-0.999078, 423, 129, 438, 256
-0.999086, 105, 207, 168, 222
-0.999088, 25, 147, 88, 162
-0.999088, 361, 153, 424, 168
-0.99909, 33, 209, 96, 224
-0.999094, 349, 81, 364, 208
-0.999095, 17, 73, 80, 88
-0.999099, 281, 207, 344, 222
-0.999099, 321, 187, 384, 202
-0.9991, 343, 81, 358, 208
-0.999103, 161, 91, 224, 106
-0.999104, 353, 135, 416, 150
-0.999105, 225, 197, 288, 212
-0.999105, 191, 113, 206, 240
-0.999106, 129, 207, 192, 222
-0.999106, 345, 141, 408, 156
-0.999108, 153, 185, 216, 200
-0.999112, 289, 33, 416, 160
-0.999112, 143, 97, 158, 224
-0.999116, 89, 97, 104, 224
-0.999118, 249, 201, 312, 216
-0.999119, 353, 197, 416, 212
-0.99912, 153, 201, 216, 216
-0.999122, 321, 181, 384, 196
-0.999124, 377, 197, 440, 212
-0.999124, 81, 207, 144, 222
-0.999126, 321, 93, 384, 108
-0.999128, 369, 129, 384, 256
-0.999129, 353, 189, 416, 204
-0.999131, 363, 81, 378, 208
-0.999132, 405, 129, 420, 256
-0.999133, 193, 127, 256, 142
-0.999134, 433, 165, 496, 180
-0.999136, 321, 207, 384, 222
-0.999141, 375, 129, 390, 256
-0.999144, 369, 91, 432, 106
-0.999146, 185, 155, 248, 170
-0.999149, 161, 191, 224, 206
-0.999149, 137, 97, 152, 224
-0.99915, 257, 93, 320, 108
-0.999153, 185, 113, 200, 240
-0.999153, 41, 201, 104, 216
-0.999158, 159, 97, 174, 224
-0.999158, 121, 97, 136, 224
-0.999166, 151, 97, 166, 224
-0.999166, 399, 129, 414, 256
-0.999173, 69, 81, 84, 208
-0.999177, 145, 73, 272, 104
-0.99918, 231, 81, 246, 208
-0.999181, 131, 97, 146, 224
-0.999186, 179, 113, 194, 240
-0.999189, 47, 97, 62, 224
-0.999189, 237, 81, 252, 208
-0.999203, 273, 81, 288, 208
-0.999204, 329, 81, 344, 208
-0.999205, 77, 81, 92, 208
-0.99921, 383, 129, 398, 256
-0.999211, 279, 81, 294, 208
-0.999211, 165, 97, 180, 224
-0.999213, 305, 81, 320, 208
-0.999213, 243, 81, 258, 208
-0.999214, 291, 81, 306, 208
-0.99922, 209, 81, 224, 208
-0.999227, 57, 129, 72, 256
-0.99923, 173, 129, 188, 256
-0.999232, 99, 65, 114, 192
-0.999243, 83, 81, 98, 208
-0.999244, 315, 81, 330, 208
-0.999245, 299, 81, 314, 208
-0.999248, 355, 81, 370, 208
-0.999248, 41, 65, 56, 192
-0.999249, 369, 97, 496, 128
-0.99925, 249, 81, 264, 208
-0.999251, 257, 81, 272, 208
-0.999251, 323, 81, 338, 208
-0.999253, 41, 1, 72, 256
-0.999263, 215, 81, 230, 208
-0.999264, 63, 129, 78, 256
-0.999264, 393, 129, 408, 256
-0.999275, 59, 81, 74, 208
-0.999285, 429, 145, 444, 272
-0.999287, 285, 81, 300, 208
-0.999296, 173, 81, 188, 208
-0.999309, 369, 73, 496, 104
-0.999314, 177, 237, 304, 268
-0.999322, 263, 81, 278, 208
-0.999323, 51, 49, 66, 176
-0.999331, 17, 229, 144, 260
-0.999334, 375, 81, 390, 208
-0.999334, 101, 145, 116, 272
-0.999335, 411, 97, 426, 224
-0.999343, 77, 1, 108, 256
-0.99935, 257, 233, 384, 264
-0.999367, 193, 173, 208, 188
-0.999368, 363, 139, 378, 154
-0.999372, 167, 159, 182, 174
-0.999374, 349, 139, 364, 154
-0.999377, 187, 177, 202, 192
-0.999385, 95, 115, 110, 130
-0.999385, 307, 159, 322, 174
-0.999386, 213, 131, 228, 146
-0.999386, 217, 209, 232, 224
-0.999389, 107, 155, 122, 170
-0.999389, 47, 121, 62, 136
-0.999394, 99, 137, 114, 152
-0.999396, 121, 127, 136, 142
-0.999398, 161, 143, 176, 158
-0.999398, 37, 87, 52, 102
-0.999403, 305, 229, 432, 260
-0.999406, 341, 159, 356, 174
-0.999409, 81, 233, 208, 264
-0.999409, 71, 105, 86, 120
-0.99941, 89, 109, 104, 124
-0.999412, 439, 171, 454, 186
-0.999416, 181, 65, 196, 192
-0.999416, 395, 189, 410, 204
-0.999418, 301, 137, 316, 152
-0.99942, 79, 95, 94, 110
-0.999421, 229, 131, 244, 146
-0.999423, 203, 161, 218, 176
-0.999425, 47, 105, 62, 120
-0.999426, 315, 151, 330, 166
-0.999428, 181, 167, 196, 182
-0.999428, 69, 129, 84, 256
-0.999432, 101, 143, 116, 158
-0.999433, 225, 65, 240, 192
-0.999435, 377, 157, 392, 172
-0.999437, 211, 203, 226, 218
-0.99944, 293, 153, 308, 168
-0.99944, 417, 81, 432, 208
-0.999441, 81, 125, 96, 140
-0.999441, 147, 145, 162, 272
-0.999441, 215, 179, 230, 194
-0.999446, 153, 145, 168, 272
-0.999447, 109, 145, 124, 272
-0.999447, 345, 153, 360, 168
-0.99945, 61, 113, 76, 128
-0.999452, 173, 137, 188, 152
-0.999452, 385, 81, 400, 208
-0.999454, 429, 177, 444, 192
-0.999455, 159, 145, 174, 272
-0.999456, 389, 203, 404, 218
-0.999457, 397, 159, 412, 174
-0.999458, 115, 127, 130, 142
-0.99946, 409, 161, 424, 176
-0.999462, 397, 81, 412, 208
-0.999463, 141, 145, 156, 272
-0.999467, 305, 241, 432, 272
-0.999467, 325, 139, 340, 154
-0.999468, 275, 159, 290, 174
-0.999468, 321, 153, 336, 168
-0.999471, 257, 153, 272, 168
-0.999472, 369, 81, 384, 208
-0.999479, 193, 65, 208, 192
-0.99948, 391, 81, 406, 208
-0.99948, 335, 65, 350, 192
-0.99948, 271, 133, 286, 148
-0.999481, 85, 103, 100, 118
-0.999484, 435, 129, 450, 256
-0.999484, 405, 81, 420, 208
-0.999485, 89, 145, 104, 272
-0.999487, 369, 241, 496, 272
-0.99949, 397, 183, 412, 198
-0.99949, 337, 135, 352, 150
-0.99949, 383, 153, 398, 168
-0.999493, 65, 1, 96, 256
-0.999494, 145, 97, 272, 128
-0.999495, 273, 153, 288, 168
-0.999497, 323, 159, 338, 174
-0.999497, 425, 81, 440, 208
-0.999498, 327, 153, 342, 168
-0.999498, 105, 49, 120, 176
-0.999499, 83, 129, 98, 256
-0.9995, 187, 167, 202, 182
-0.999502, 69, 83, 84, 98
-0.999502, 187, 65, 202, 192
-0.999504, 165, 145, 180, 272
-0.999506, 219, 131, 234, 146
-0.999508, 175, 129, 190, 144
-0.999509, 133, 143, 148, 158
-0.99951, 201, 65, 216, 192
-0.999513, 431, 81, 446, 208
-0.999513, 121, 145, 136, 272
-0.999513, 441, 65, 456, 192
-0.999514, 267, 153, 282, 168
-0.999514, 285, 179, 300, 194
-0.999514, 135, 145, 150, 272
-0.999516, 143, 131, 158, 146
-0.999517, 57, 135, 72, 150
-0.99952, 395, 201, 410, 216
-0.999522, 63, 123, 78, 138
-0.99953, 107, 149, 122, 164
-0.99953, 415, 163, 430, 178
-0.99953, 209, 101, 336, 132
-0.99953, 339, 153, 354, 168
-0.99953, 451, 65, 466, 192
-0.999532, 95, 129, 110, 144
-0.999534, 79, 33, 94, 160
-0.999535, 413, 181, 428, 196
-0.99954, 425, 165, 440, 180
-0.999542, 151, 49, 166, 176
-0.999544, 75, 125, 90, 140
-0.999544, 127, 145, 142, 272
-0.999548, 131, 49, 146, 176
-0.999548, 235, 181, 250, 196
-0.99955, 1, 241, 128, 272
-0.99955, 111, 49, 126, 176
-0.999552, 129, 229, 256, 260
-0.999552, 369, 229, 496, 260
-0.999553, 75, 129, 90, 256
-0.999554, 309, 153, 324, 168
-0.999554, 243, 179, 258, 194
-0.999555, 149, 131, 164, 146
-0.999557, 377, 1, 408, 256
-0.99956, 225, 203, 240, 218
-0.99956, 89, 49, 104, 176
-0.999562, 227, 181, 242, 196
-0.999563, 261, 179, 276, 194
-0.999564, 121, 49, 136, 176
-0.999564, 405, 183, 420, 198
-0.999565, 65, 107, 80, 122
-0.999569, 35, 65, 50, 192
-0.999571, 485, 81, 500, 208
-0.999577, 273, 69, 400, 100
-0.999577, 173, 159, 188, 174
-0.99958, 475, 81, 490, 208
-0.99958, 193, 179, 208, 194
-0.999583, 11, 81, 26, 208
-0.999583, 257, 1, 500, 64
-0.999585, 193, 167, 208, 182
-0.999586, 113, 143, 128, 158
-0.999587, 63, 95, 78, 110
-0.999587, 161, 49, 176, 176
-0.999589, 109, 127, 124, 142
-0.999589, 457, 81, 472, 208
-0.99959, 137, 49, 152, 176
-0.999591, 101, 1, 132, 256
-0.999594, 377, 149, 392, 164
-0.999595, 143, 49, 158, 176
-0.999595, 409, 1, 440, 256
-0.999598, 17, 81, 32, 208
-0.999604, 121, 139, 136, 154
-0.999609, 403, 161, 418, 176
-0.999609, 391, 159, 406, 174
-0.999616, 397, 1, 428, 256
-0.999623, 209, 179, 224, 194
-0.999631, 49, 57, 176, 88
-0.999634, 147, 141, 162, 156
-0.999634, 69, 125, 84, 140
-0.999636, 145, 57, 272, 120
-0.999637, 457, 65, 488, 192
-0.999642, 113, 137, 128, 152
-0.999645, 289, 1, 416, 32
-0.999648, 201, 179, 216, 194
-0.99965, 283, 153, 298, 168
-0.999654, 369, 1, 496, 32
-0.999654, 129, 241, 256, 272
-0.999656, 13, 145, 44, 272
-0.999656, 343, 135, 358, 150
-0.999668, 133, 131, 148, 146
-0.99967, 197, 161, 212, 176
-0.999677, 357, 141, 372, 156
-0.999679, 133, 137, 148, 152
-0.999685, 65, 33, 96, 160
-0.999687, 101, 155, 116, 170
-0.999689, 257, 41, 500, 104
-0.999689, 29, 1, 60, 256
-0.999692, 57, 123, 72, 138
-0.999693, 241, 1, 368, 32
-0.9997, 371, 153, 386, 168
-0.9997, 87, 127, 102, 142
-0.999709, 349, 1, 380, 256
-0.999714, 271, 177, 286, 192
-0.999721, 73, 89, 88, 104
-0.99973, 1, 1, 128, 32
-0.99973, 49, 1, 176, 32
-0.999732, 33, 17, 288, 80
-0.999739, 221, 181, 236, 196
-0.999746, 255, 179, 270, 194
-0.999754, 419, 181, 434, 196
-0.999759, 179, 159, 194, 174
-0.999776, 433, 169, 448, 184
-0.999787, 273, 1, 304, 256
-0.999788, 305, 13, 432, 44
-0.999788, 353, 13, 480, 44
-0.999801, 17, 45, 144, 76
-0.999807, 321, 1, 352, 256
-0.999812, 369, 57, 496, 88
-0.999813, 185, 159, 200, 174
-0.999816, 127, 131, 142, 146
-0.999816, 367, 145, 382, 160
-0.999817, 129, 1, 384, 64
-0.999818, 279, 177, 294, 192
-0.999823, 225, 57, 352, 88
-0.999825, 369, 33, 496, 64
-0.999827, 139, 141, 154, 156
-0.99984, 161, 53, 288, 84
-0.99984, 113, 57, 240, 88
-0.999842, 245, 1, 276, 256
-0.999851, 289, 57, 416, 88
-0.999857, 257, 21, 384, 52
-0.999857, 65, 29, 192, 60
-0.999857, 177, 29, 304, 60
-0.999857, 17, 33, 144, 64
-0.999857, 113, 33, 240, 64
-0.999857, 225, 33, 352, 64
-0.999857, 273, 33, 400, 64
-0.999857, 321, 33, 448, 64
-0.999857, 65, 41, 192, 72
-0.999857, 161, 41, 288, 72
-0.999857, 113, 45, 240, 76
-0.999857, 209, 45, 336, 76
-0.999857, 257, 45, 384, 76
-0.999857, 305, 45, 432, 76
-0.999857, 353, 45, 480, 76
-0.999857, 55, 113, 70, 128
-0.999873, 163, 131, 178, 146
-0.999879, 53, 105, 68, 120
-0.999885, 127, 139, 142, 154
-0.999888, 333, 1, 364, 256
-0.999895, 33, 49, 160, 112
-0.9999, 99, 123, 114, 138
-0.999906, 249, 179, 264, 194
-0.999922, 129, 25, 384, 88
-0.999926, 469, 1, 500, 256
-0.999929, 365, 151, 380, 166
-0.99995, 233, 1, 264, 256
-0.999951, 105, 133, 120, 148
-0.999959, 153, 139, 168, 154
-0.999978, 361, 1, 392, 256
-0.999983, 305, 1, 336, 256
-0.999986, 89, 33, 120, 160
-0.999993, 119, 133, 134, 148
-0.999999, 53, 17, 84, 144
-1.00001, 221, 1, 252, 256
-1.00002, 257, 1, 288, 256
-1.00003, 191, 159, 206, 174
-1.00004, 107, 143, 122, 158
-1.00005, 205, 1, 236, 256
-1.00008, 425, 1, 456, 256
-1.00011, 59, 105, 74, 120
-1.00014, 189, 1, 220, 256
-1.00015, 289, 1, 320, 256
-1.0002, 457, 1, 488, 256
-1.00027, 177, 1, 208, 256
-1.00028, 253, 33, 284, 160
-1.00028, 441, 1, 472, 256
-1.00029, 89, 1, 120, 256
-1.00032, 237, 33, 268, 160
-1.00032, 465, 145, 496, 272
-1.0004, 161, 1, 192, 256
-1.00049, 129, 1, 160, 256
-1.00058, 9, 1, 40, 256
-1.00061, 117, 1, 148, 256
-1.00064, 141, 1, 172, 256
-1.00082, 225, 33, 256, 160
-1.00084, 29, 145, 60, 272
-1.00088, 169, 33, 200, 160
-1.00099, 441, 33, 472, 160
-1.00107, 453, 145, 484, 272
-1.00121, 329, 33, 392, 160
-1.00142, 1, 1, 500, 64
-1.0017, 1, 41, 500, 104
-1.00188, 297, 33, 360, 160
-1.00196, 149, 33, 180, 160
-1.00217, 201, 33, 232, 160
-1.00291, 281, 33, 312, 160
-1.00319, 265, 33, 296, 160
-1.00323, 469, 33, 500, 160
-1.00327, 417, 33, 448, 160
-1.00332, 13, 33, 44, 160
-1.00348, 273, 41, 400, 104
-1.00354, 305, 33, 336, 160
-1.00357, 353, 1, 480, 64
-1.0036, 325, 33, 356, 160
-1.0037, 429, 33, 460, 160
-1.00377, 1, 33, 32, 160
-1.00396, 49, 1, 112, 128
-1.00403, 357, 33, 388, 160
-1.00429, 305, 1, 432, 64
-1.00439, 33, 1, 160, 64
-1.00452, 369, 33, 432, 160
-1.00475, 241, 1, 368, 64
-1.00479, 337, 41, 464, 104
-1.00497, 33, 1, 160, 128
-1.00498, 345, 33, 376, 160
-1.00511, 293, 33, 324, 160
-1.00518, 81, 1, 208, 64
-1.00535, 193, 1, 320, 64
-1.00538, 145, 17, 272, 80
-1.00546, 49, 25, 176, 88
-1.00553, 225, 25, 352, 88
-1.00574, 409, 1, 472, 128
-1.00581, 405, 33, 436, 160
-1.00586, 377, 33, 408, 160
-1.00608, 1, 25, 128, 88
-1.00613, 97, 25, 224, 88
-1.00634, 457, 17, 488, 144
-1.00672, 81, 1, 208, 128
-1.00711, 393, 33, 424, 160
-1.00776, 161, 17, 224, 144
-1.00813, 213, 1, 244, 128
-1.00866, 181, 1, 212, 128
-1.00965, 73, 1, 136, 128
-1.00984, 109, 1, 140, 128
-1.01036, 77, 1, 108, 128
-1.01085, 133, 1, 164, 128
-1.01094, 25, 1, 88, 128
-1.01163, 121, 1, 184, 128
-1.01252, 121, 1, 152, 128
-1.01576, 97, 1, 160, 128
