1872
-0.575656, 97, 1, 352, 324
-0.607425, 1, 1, 256, 324
-0.617852, 225, 1, 480, 324
-0.62574, 1, 1, 500, 324
-0.641794, 1, 65, 500, 320
-0.652627, 33, 65, 288, 320
-0.702118, 129, 65, 384, 320
-0.743295, 225, 65, 480, 320
-0.873583, 161, 65, 288, 320
-0.876173, 161, 1, 288, 324
-0.882366, 113, 1, 240, 324
-0.885925, 113, 65, 240, 320
-0.89162, 65, 1, 192, 324
-0.891902, 209, 65, 336, 320
-0.90324, 225, 1, 352, 324
-0.909983, 289, 1, 416, 324
-0.911697, 1, 65, 500, 192
-0.916429, 257, 65, 384, 320
-0.916721, 65, 33, 192, 288
-0.918618, 1, 145, 500, 272
-0.918693, 17, 1, 144, 324
-0.920147, 65, 177, 320, 304
-0.921041, 97, 81, 352, 208
-0.922871, 337, 1, 464, 324
-0.929925, 1, 193, 500, 320
-0.93212, 161, 161, 288, 288
-0.936492, 1, 113, 256, 240
-0.937895, 153, 177, 216, 304
-0.938971, 305, 65, 432, 320
-0.939239, 161, 81, 224, 208
-0.941019, 129, 129, 384, 256
-0.942307, 209, 161, 272, 288
-0.944237, 1, 65, 128, 320
-0.944289, 209, 193, 336, 320
-0.945073, 225, 113, 480, 240
-0.945123, 369, 1, 496, 256
-0.945719, 1, 17, 500, 144
-0.946574, 225, 193, 480, 320
-0.946871, 145, 65, 272, 192
-0.948405, 177, 177, 240, 304
-0.948541, 137, 65, 200, 192
-0.95116, 233, 145, 296, 272
-0.952277, 153, 129, 216, 256
-0.952469, 249, 193, 312, 320
-0.952504, 121, 113, 184, 240
-0.954203, 113, 113, 240, 240
-0.954581, 225, 145, 352, 272
-0.954964, 113, 161, 240, 288
-0.957562, 129, 33, 384, 160
-0.958863, 65, 97, 192, 224
-0.96099, 193, 169, 256, 232
-0.961825, 225, 161, 288, 224
-0.963111, 1, 65, 256, 192
-0.963354, 161, 113, 288, 240
-0.964228, 153, 113, 216, 176
-0.964424, 185, 49, 248, 176
-0.965779, 257, 193, 384, 320
-0.966097, 161, 177, 288, 240
-0.966148, 129, 161, 192, 288
-0.966466, 273, 129, 336, 256
-0.966581, 161, 217, 224, 280
-0.966608, 153, 185, 216, 248
-0.966689, 201, 249, 264, 312
-0.967092, 137, 89, 200, 152
-0.967222, 225, 97, 352, 224
-0.969097, 169, 89, 232, 152
-0.969198, 233, 241, 296, 304
-0.969305, 165, 65, 196, 192
-0.969419, 249, 97, 312, 224
-0.969603, 121, 129, 184, 192
-0.969692, 225, 193, 288, 256
-0.970776, 65, 145, 192, 272
-0.970965, 177, 241, 304, 304
-0.97115, 177, 65, 240, 320
-0.971188, 257, 217, 320, 280
-0.971276, 149, 65, 180, 192
-0.971361, 153, 161, 216, 224
-0.971522, 169, 89, 200, 152
-0.971674, 249, 153, 312, 216
-0.971788, 145, 17, 272, 144
-0.971906, 161, 33, 224, 160
-0.97221, 165, 161, 196, 288
-0.972494, 177, 257, 240, 320
-0.972882, 145, 105, 272, 168
-0.973004, 177, 65, 240, 128
-0.973042, 241, 161, 272, 224
-0.97325, 185, 97, 248, 224
-0.973301, 193, 225, 256, 288
-0.97336, 177, 185, 208, 248
-0.97394, 193, 49, 320, 176
-0.974131, 1, 17, 256, 144
-0.974559, 97, 49, 224, 176
-0.974613, 113, 193, 176, 256
-0.974782, 161, 113, 192, 240
-0.974826, 201, 73, 264, 136
-0.974961, 137, 217, 200, 280
-0.975196, 137, 65, 200, 128
-0.975204, 221, 169, 252, 232
-0.975339, 265, 193, 328, 256
-0.975551, 165, 113, 196, 176
-0.975596, 177, 201, 304, 264
-0.975619, 153, 65, 216, 320
-0.975619, 241, 145, 272, 272
-0.975663, 257, 129, 320, 192
-0.975831, 217, 217, 280, 280
-0.975879, 113, 65, 176, 192
-0.976166, 225, 153, 352, 216
-0.976499, 185, 177, 216, 304
-0.97668, 209, 65, 272, 320
-0.976729, 241, 193, 272, 320
-0.976861, 193, 233, 224, 296
-0.976925, 157, 169, 188, 232
-0.977016, 129, 153, 192, 216
-0.977027, 205, 233, 236, 296
-0.977153, 209, 49, 272, 176
-0.977238, 113, 97, 176, 160
-0.977285, 253, 153, 284, 216
-0.977317, 217, 177, 248, 304
-0.977343, 225, 33, 480, 160
-0.977353, 153, 81, 184, 144
-0.977456, 273, 145, 400, 272
-0.977582, 177, 193, 240, 256
-0.977763, 197, 177, 228, 304
-0.977814, 161, 209, 192, 272
-0.978112, 273, 249, 336, 312
-0.97817, 129, 225, 256, 288
-0.978398, 153, 241, 216, 304
-0.978517, 225, 233, 352, 296
-0.978746, 137, 81, 168, 208
-0.978814, 81, 81, 208, 144
-0.979351, 97, 121, 160, 184
-0.97969, 181, 97, 212, 160
-0.97973, 161, 81, 288, 144
-0.979756, 173, 113, 204, 240
-0.9798, 49, 49, 176, 176
-0.979875, 249, 185, 280, 248
-0.97999, 241, 89, 304, 152
-0.98043, 145, 105, 176, 168
-0.98048, 177, 145, 240, 208
-0.980502, 161, 41, 224, 104
-0.980614, 205, 169, 236, 232
-0.980642, 145, 57, 272, 120
-0.980647, 229, 177, 260, 304
-0.980803, 265, 65, 328, 320
-0.980961, 173, 209, 204, 272
-0.981027, 233, 65, 296, 320
-0.981278, 209, 137, 272, 200
-0.981322, 297, 233, 360, 296
-0.98133, 193, 97, 256, 160
-0.981366, 145, 129, 272, 192
-0.981366, 273, 169, 336, 232
-0.981395, 217, 241, 248, 304
-0.981488, 153, 137, 216, 200
-0.981523, 97, 193, 224, 256
-0.981592, 313, 201, 376, 264
-0.981675, 153, 129, 184, 192
-0.981819, 105, 161, 168, 288
-0.981986, 273, 177, 336, 304
-0.98199, 257, 201, 384, 264
-0.982244, 261, 177, 292, 304
-0.982287, 113, 73, 176, 136
-0.98237, 201, 49, 264, 112
-0.982442, 189, 257, 220, 320
-0.982466, 149, 129, 180, 256
-0.982559, 281, 137, 344, 200
-0.982634, 225, 65, 288, 128
-0.982781, 129, 65, 192, 320
-0.982837, 153, 177, 184, 304
-0.982878, 201, 193, 264, 256
-0.982953, 113, 217, 176, 280
-0.98302, 129, 241, 192, 304
-0.983053, 249, 241, 280, 304
-0.983105, 305, 113, 368, 176
-0.983263, 81, 121, 208, 184
-0.983433, 89, 97, 152, 160
-0.983522, 305, 161, 368, 224
-0.983739, 149, 193, 180, 256
-0.98374, 105, 161, 168, 224
-0.984019, 229, 249, 260, 312
-0.984082, 169, 161, 200, 224
-0.984134, 137, 17, 200, 144
-0.984156, 261, 225, 292, 288
-0.984255, 185, 1, 248, 128
-0.984281, 181, 233, 212, 296
-0.984496, 161, 1, 224, 324
-0.984559, 177, 153, 304, 216
-0.984626, 185, 209, 216, 272
-0.984657, 313, 137, 376, 200
-0.984698, 165, 233, 196, 296
-0.984701, 281, 113, 344, 176
-0.984793, 209, 177, 336, 240
-0.984978, 177, 65, 208, 192
-0.985118, 257, 177, 384, 240
-0.985277, 305, 161, 368, 288
-0.985418, 225, 97, 288, 224
-0.985456, 113, 33, 176, 96
-0.985642, 81, 169, 208, 232
-0.985646, 97, 113, 160, 240
-0.985851, 193, 185, 224, 248
-0.985857, 249, 57, 312, 120
-0.985895, 269, 201, 300, 264
-0.986038, 185, 1, 248, 324
-0.986078, 201, 257, 232, 320
-0.98611, 353, 177, 416, 240
-0.986118, 265, 89, 328, 152
-0.986436, 289, 89, 352, 152
-0.986446, 425, 193, 488, 256
-0.986658, 217, 97, 280, 160
-0.986697, 353, 129, 416, 192
-0.986726, 289, 65, 416, 192
-0.986784, 137, 1, 200, 324
-0.986888, 129, 121, 160, 184
-0.98689, 165, 65, 196, 128
-0.986921, 193, 97, 224, 160
-0.98696, 49, 1, 176, 128
-0.98698, 197, 209, 228, 272
-0.987046, 25, 201, 88, 264
-0.987102, 65, 105, 128, 168
-0.98716, 9, 177, 72, 240
-0.987189, 377, 161, 440, 224
-0.987197, 41, 137, 104, 200
-0.987203, 153, 57, 184, 120
-0.987212, 153, 17, 184, 144
-0.987227, 149, 225, 180, 288
-0.987229, 393, 137, 456, 200
-0.987305, 273, 65, 336, 128
-0.98732, 185, 17, 248, 80
-0.987382, 41, 161, 104, 224
-0.987392, 97, 249, 160, 312
-0.98766, 233, 129, 296, 192
-0.987697, 233, 33, 296, 96
-0.987701, 65, 193, 192, 320
-0.987731, 345, 241, 408, 304
-0.987749, 377, 209, 440, 272
-0.987768, 81, 185, 144, 248
-0.987826, 41, 105, 104, 168
-0.987862, 129, 153, 256, 216
-0.987876, 289, 201, 352, 264
-0.987903, 361, 1, 424, 64
-0.987914, 141, 81, 172, 144
-0.987943, 265, 145, 296, 208
-0.98803, 1, 225, 64, 288
-0.988115, 65, 161, 128, 224
-0.98819, 105, 1, 168, 256
-0.988202, 337, 153, 400, 216
-0.98824, 189, 65, 220, 128
-0.988268, 169, 17, 200, 144
-0.98827, 321, 25, 384, 88
-0.988337, 65, 217, 128, 280
-0.988376, 417, 217, 480, 280
-0.988401, 209, 25, 272, 88
-0.988421, 233, 33, 296, 160
-0.988434, 329, 177, 392, 240
-0.988445, 337, 49, 400, 112
-0.988501, 273, 25, 336, 88
-0.988504, 253, 129, 284, 256
-0.988521, 321, 249, 384, 312
-0.988567, 141, 129, 172, 192
-0.98859, 305, 65, 368, 320
-0.988607, 209, 177, 272, 208
-0.988666, 249, 209, 280, 272
-0.988666, 137, 41, 200, 104
-0.988685, 417, 137, 480, 200
-0.988692, 89, 57, 152, 120
-0.988696, 385, 241, 448, 304
-0.988713, 65, 145, 192, 208
-0.988741, 353, 105, 416, 168
-0.988762, 33, 41, 96, 104
-0.988762, 345, 201, 408, 264
-0.988765, 113, 1, 176, 324
-0.98877, 65, 81, 128, 144
-0.988799, 369, 25, 432, 88
-0.988839, 385, 185, 448, 248
-0.988847, 233, 165, 296, 196
-0.988849, 393, 105, 456, 168
-0.988885, 73, 129, 136, 192
-0.988963, 409, 257, 472, 320
-0.989022, 305, 57, 368, 120
-0.989051, 409, 169, 472, 232
-0.989054, 305, 193, 432, 320
-0.989061, 345, 73, 408, 136
-0.989061, 1, 201, 64, 264
-0.989071, 337, 1, 400, 64
-0.989081, 209, 253, 272, 284
-0.989085, 121, 129, 184, 160
-0.989088, 129, 9, 192, 72
-0.98909, 73, 241, 136, 304
-0.989108, 185, 129, 216, 256
-0.989119, 393, 33, 456, 96
-0.989159, 17, 145, 80, 208
-0.989161, 177, 261, 240, 292
-0.989171, 153, 9, 216, 72
-0.989196, 17, 121, 80, 184
-0.989215, 9, 73, 72, 136
-0.989232, 129, 249, 256, 312
-0.989236, 153, 221, 216, 252
-0.98936, 25, 241, 88, 304
-0.98937, 89, 217, 152, 280
-0.989437, 1, 49, 64, 112
-0.989455, 433, 161, 496, 224
-0.989457, 361, 49, 424, 112
-0.989464, 185, 185, 248, 216
-0.989486, 145, 97, 208, 128
-0.989497, 289, 1, 352, 64
-0.989553, 185, 161, 216, 224
-0.989553, 41, 81, 104, 144
-0.989561, 297, 257, 360, 320
-0.989567, 153, 181, 216, 212
-0.989587, 249, 1, 312, 324
-0.989592, 241, 1, 304, 64
-0.989601, 377, 81, 440, 144
-0.989611, 425, 73, 488, 136
-0.989639, 153, 113, 216, 144
-0.98969, 201, 65, 232, 128
-0.989717, 33, 113, 160, 176
-0.989738, 425, 97, 488, 160
-0.989764, 49, 193, 112, 256
-0.989767, 265, 1, 328, 64
-0.989785, 65, 1, 128, 64
-0.989823, 33, 17, 96, 80
-0.989902, 237, 193, 268, 256
-0.989926, 209, 81, 336, 144
-0.989927, 225, 1, 288, 324
-0.989936, 189, 33, 220, 160
-0.989944, 169, 237, 232, 268
-0.989987, 225, 197, 288, 228
-0.989998, 297, 241, 328, 304
-0.990135, 97, 17, 160, 144
-0.990151, 17, 193, 144, 320
-0.990186, 273, 249, 400, 312
-0.990286, 337, 1, 400, 256
-0.990293, 81, 1, 144, 256
-0.990309, 249, 245, 312, 276
-0.990432, 169, 197, 232, 228
-0.990528, 137, 81, 200, 112
-0.990583, 121, 141, 184, 172
-0.990624, 257, 205, 320, 236
-0.990634, 169, 169, 232, 200
-0.990651, 233, 177, 296, 208
-0.990671, 177, 105, 240, 136
-0.99076, 145, 201, 208, 232
-0.990833, 257, 129, 384, 192
-0.990913, 97, 105, 352, 168
-0.990918, 81, 65, 144, 192
-0.99095, 213, 57, 244, 120
-0.990984, 273, 193, 304, 320
-0.991056, 145, 237, 208, 268
-0.991064, 265, 153, 328, 184
-0.991137, 57, 65, 120, 320
-0.991157, 189, 81, 220, 208
-0.991273, 213, 129, 244, 256
-0.991287, 257, 233, 320, 264
-0.991335, 121, 105, 184, 136
-0.991394, 169, 73, 232, 104
-0.991394, 153, 133, 216, 164
-0.991408, 17, 113, 144, 240
-0.99144, 233, 225, 264, 288
-0.991466, 193, 241, 256, 272
-0.991473, 121, 117, 184, 148
-0.991482, 217, 233, 280, 264
-0.991509, 233, 65, 264, 192
-0.991517, 65, 185, 320, 248
-0.99155, 129, 221, 192, 252
-0.991646, 25, 65, 88, 320
-0.991649, 305, 1, 368, 324
-0.991666, 209, 165, 272, 196
-0.991681, 273, 81, 336, 208
-0.991729, 153, 81, 184, 112
-0.99173, 273, 189, 336, 220
-0.991786, 209, 265, 272, 296
-0.991788, 209, 1, 272, 128
-0.991814, 209, 77, 272, 108
-0.991825, 169, 209, 232, 240
-0.991874, 129, 165, 192, 196
-0.991931, 225, 1, 352, 128
-0.991958, 185, 61, 248, 92
-0.992003, 137, 193, 168, 256
-0.992008, 1, 1, 64, 256
-0.992025, 169, 85, 232, 116
-0.992026, 305, 81, 368, 208
-0.992056, 121, 209, 184, 240
-0.992058, 213, 177, 244, 208
-0.992079, 89, 1, 152, 324
-0.99211, 301, 129, 332, 256
-0.992133, 165, 177, 196, 208
-0.992133, 289, 225, 416, 288
-0.992148, 161, 57, 224, 88
-0.992168, 97, 129, 160, 160
-0.992176, 177, 65, 208, 128
-0.992183, 121, 193, 184, 224
-0.992186, 145, 129, 176, 160
-0.99219, 169, 93, 200, 124
-0.992201, 241, 153, 304, 184
-0.992208, 257, 221, 320, 252
-0.992221, 249, 193, 312, 224
-0.992245, 169, 249, 232, 280
-0.99229, 237, 173, 268, 204
-0.992321, 161, 233, 192, 264
-0.992337, 201, 97, 264, 128
-0.992388, 169, 273, 232, 304
-0.992398, 113, 93, 176, 124
-0.9924, 49, 97, 112, 224
-0.992421, 241, 161, 272, 192
-0.992455, 309, 225, 340, 288
-0.99249, 161, 113, 192, 144
-0.99249, 269, 177, 300, 240
-0.992492, 157, 213, 188, 244
-0.992527, 241, 137, 272, 200
-0.992543, 125, 97, 156, 224
-0.992544, 145, 101, 176, 132
-0.992551, 221, 145, 252, 208
-0.992562, 257, 165, 320, 196
-0.992564, 173, 225, 204, 256
-0.992572, 257, 141, 320, 172
-0.99258, 181, 101, 212, 132
-0.992581, 177, 221, 240, 252
-0.992592, 221, 253, 252, 284
-0.992594, 253, 161, 284, 192
-0.992599, 177, 197, 208, 228
-0.992603, 193, 237, 224, 268
-0.992618, 81, 225, 208, 288
-0.992628, 281, 257, 312, 320
-0.992634, 249, 197, 280, 228
-0.992651, 401, 1, 464, 256
-0.992709, 217, 217, 280, 248
-0.992715, 129, 97, 160, 160
-0.992728, 209, 277, 272, 308
-0.992747, 189, 261, 220, 292
-0.992771, 193, 197, 256, 228
-0.992797, 145, 69, 208, 100
-0.992801, 145, 141, 176, 172
-0.992803, 229, 129, 260, 256
-0.992853, 145, 265, 208, 296
-0.992859, 157, 97, 188, 128
-0.99287, 281, 257, 344, 288
-0.992873, 177, 117, 240, 148
-0.992873, 97, 1, 224, 128
-0.992879, 209, 65, 272, 96
-0.992892, 137, 249, 200, 280
-0.992938, 297, 129, 328, 192
-0.992938, 209, 261, 240, 292
-0.992952, 129, 161, 384, 224
-0.992963, 205, 241, 236, 272
-0.992968, 133, 145, 164, 272
-0.99299, 185, 113, 216, 144
-0.992994, 65, 57, 192, 120
-0.993025, 125, 125, 156, 156
-0.993039, 153, 193, 184, 224
-0.993052, 361, 33, 424, 288
-0.993054, 117, 113, 148, 176
-0.993069, 193, 105, 320, 168
-0.993079, 165, 81, 196, 112
-0.993093, 197, 185, 228, 216
-0.993093, 217, 217, 248, 280
-0.993099, 297, 245, 360, 276
-0.993115, 233, 73, 264, 136
-0.993122, 161, 241, 416, 304
-0.993129, 1, 81, 256, 144
-0.993131, 281, 113, 312, 240
-0.993136, 241, 257, 304, 288
-0.993162, 265, 205, 296, 236
-0.993164, 161, 209, 416, 272
-0.99319, 249, 273, 312, 304
-0.993201, 249, 249, 280, 280
-0.993206, 209, 149, 272, 180
-0.993228, 185, 221, 216, 252
-0.993235, 225, 181, 256, 212
-0.993237, 233, 253, 264, 284
-0.993241, 329, 1, 392, 324
-0.993251, 241, 93, 304, 124
-0.993257, 145, 145, 208, 176
-0.993261, 225, 169, 256, 200
-0.993306, 105, 181, 168, 212
-0.993309, 233, 69, 296, 100
-0.993319, 1, 1, 64, 324
-0.99332, 129, 177, 192, 208
-0.993324, 173, 237, 204, 268
-0.993324, 181, 185, 212, 216
-0.993338, 425, 65, 488, 320
-0.993364, 261, 193, 292, 224
-0.993367, 137, 85, 168, 116
-0.993386, 197, 105, 228, 136
-0.993387, 97, 81, 352, 144
-0.993439, 313, 201, 376, 232
-0.993441, 65, 129, 320, 192
-0.99346, 245, 73, 276, 136
-0.993463, 113, 249, 176, 280
-0.993481, 65, 225, 320, 288
-0.993482, 181, 89, 196, 152
-0.993514, 173, 113, 204, 144
-0.993539, 225, 257, 352, 320
-0.993551, 121, 153, 184, 184
-0.993562, 89, 117, 152, 148
-0.993565, 273, 1, 336, 324
-0.993571, 261, 241, 292, 272
-0.993573, 137, 57, 200, 88
-0.993574, 41, 1, 104, 324
-0.993577, 249, 121, 312, 152
-0.993593, 165, 201, 196, 232
-0.993597, 161, 125, 192, 156
-0.993599, 185, 49, 248, 80
-0.993631, 369, 1, 432, 324
-0.993631, 175, 89, 190, 152
-0.993632, 205, 89, 236, 152
-0.993637, 201, 129, 232, 256
-0.993652, 209, 61, 240, 92
-0.993656, 305, 153, 368, 184
-0.993658, 113, 65, 176, 96
-0.99366, 265, 157, 296, 188
-0.99366, 289, 125, 352, 156
-0.993691, 237, 185, 268, 216
-0.993695, 185, 285, 248, 316
-0.993706, 161, 45, 224, 76
-0.993718, 305, 165, 368, 196
-0.993721, 97, 141, 160, 172
-0.993731, 289, 113, 352, 144
-0.99374, 193, 209, 256, 240
-0.993745, 249, 173, 280, 204
-0.993748, 273, 269, 336, 300
-0.993757, 233, 81, 296, 112
-0.993776, 105, 81, 168, 112
-0.993782, 161, 185, 416, 248
-0.993782, 393, 1, 456, 324
-0.993791, 313, 213, 376, 244
-0.993801, 305, 233, 368, 264
-0.993804, 145, 117, 176, 148
-0.993808, 157, 165, 188, 196
-0.993812, 273, 177, 336, 208
-0.993817, 129, 141, 160, 172
-0.993819, 233, 285, 296, 316
-0.993845, 105, 225, 168, 256
-0.993856, 237, 197, 268, 228
-0.993859, 425, 1, 488, 324
-0.993886, 225, 153, 480, 216
-0.993895, 209, 273, 240, 304
-0.993896, 177, 41, 208, 104
-0.993897, 281, 141, 344, 172
-0.99391, 65, 1, 128, 324
-0.993915, 145, 277, 208, 308
-0.993915, 229, 69, 260, 100
-0.993924, 209, 289, 272, 320
-0.993938, 153, 69, 184, 100
-0.99394, 145, 185, 272, 216
-0.993944, 217, 241, 248, 272
-0.993961, 249, 185, 280, 216
-0.993961, 145, 209, 176, 240
-0.993962, 249, 233, 280, 264
-0.993981, 149, 245, 180, 276
-0.993984, 169, 213, 200, 244
-0.993992, 249, 109, 312, 140
-0.993992, 217, 73, 248, 104
-0.993999, 181, 277, 212, 308
-0.994, 185, 249, 216, 280
-0.994049, 269, 81, 300, 208
-0.99405, 197, 281, 228, 312
-0.994053, 169, 157, 232, 188
-0.994063, 289, 205, 352, 236
-0.994066, 233, 241, 264, 272
-0.994069, 153, 181, 184, 212
-0.994071, 181, 177, 196, 240
-0.994071, 249, 221, 280, 252
-0.994079, 173, 69, 204, 100
-0.99408, 313, 177, 376, 208
-0.994084, 225, 49, 288, 80
-0.994086, 177, 265, 208, 296
-0.994088, 175, 169, 190, 232
-0.994102, 225, 193, 256, 224
-0.994108, 285, 113, 316, 176
-0.994116, 253, 161, 268, 224
-0.994124, 161, 137, 192, 168
-0.994135, 305, 137, 368, 168
-0.994145, 281, 101, 344, 132
-0.994148, 289, 257, 320, 288
-0.994156, 105, 237, 168, 268
-0.994159, 197, 93, 228, 124
-0.994162, 177, 197, 304, 228
-0.994176, 217, 49, 248, 176
-0.994191, 185, 85, 216, 116
-0.994258, 49, 193, 176, 256
-0.994272, 149, 229, 180, 260
-0.994277, 237, 81, 268, 112
-0.994298, 281, 89, 344, 120
-0.994301, 317, 201, 348, 264
-0.994301, 233, 137, 296, 168
-0.994323, 273, 193, 304, 224
-0.994329, 177, 169, 208, 200
-0.994345, 301, 249, 332, 280
-0.994352, 281, 229, 344, 260
-0.994369, 281, 217, 344, 248
-0.994373, 185, 57, 216, 88
-0.994379, 277, 269, 308, 300
-0.994383, 189, 173, 220, 204
-0.994386, 265, 217, 296, 248
-0.994389, 97, 105, 160, 136
-0.994399, 141, 197, 172, 228
-0.994404, 65, 221, 128, 252
-0.994405, 269, 229, 300, 260
-0.994408, 313, 189, 376, 220
-0.994408, 41, 165, 104, 196
-0.994409, 137, 73, 168, 104
-0.99441, 285, 133, 316, 164
-0.994436, 253, 209, 284, 240
-0.994436, 197, 225, 228, 256
-0.994439, 241, 149, 272, 180
-0.994443, 137, 225, 168, 256
-0.994452, 181, 209, 212, 240
-0.994465, 301, 197, 332, 228
-0.994477, 297, 141, 328, 172
-0.994496, 257, 81, 320, 112
-0.994497, 113, 125, 144, 156
-0.994514, 201, 73, 232, 104
-0.994514, 1, 193, 64, 224
-0.994516, 137, 249, 168, 280
-0.994524, 225, 21, 288, 52
-0.994526, 193, 249, 320, 280
-0.99453, 201, 109, 264, 140
-0.994532, 177, 257, 208, 320
-0.994542, 329, 157, 392, 188
-0.994546, 73, 129, 136, 160
-0.99455, 153, 57, 184, 88
-0.994554, 175, 193, 190, 256
-0.994572, 221, 57, 252, 88
-0.994575, 233, 169, 248, 232
-0.994584, 189, 73, 220, 104
-0.994589, 117, 137, 148, 168
-0.994589, 167, 73, 182, 136
-0.994591, 213, 233, 228, 296
-0.994592, 281, 165, 344, 196
-0.994593, 313, 237, 344, 268
-0.994599, 409, 285, 472, 316
-0.994599, 157, 105, 172, 168
-0.994601, 133, 113, 164, 144
-0.994602, 417, 221, 480, 252
-0.994606, 273, 89, 304, 152
-0.994615, 97, 157, 160, 188
-0.994615, 33, 181, 96, 212
-0.994617, 257, 285, 320, 316
-0.99462, 65, 197, 128, 228
-0.994624, 97, 209, 160, 240
-0.994627, 353, 137, 416, 168
-0.99463, 185, 33, 248, 64
-0.994633, 187, 89, 202, 152
-0.994636, 281, 121, 312, 152
-0.994641, 133, 97, 164, 128
-0.994648, 197, 197, 228, 228
-0.994655, 265, 273, 296, 304
-0.994655, 209, 173, 336, 204
-0.994658, 167, 105, 182, 168
-0.994668, 197, 53, 228, 84
-0.994675, 245, 285, 276, 316
-0.994676, 301, 185, 332, 248
-0.994689, 253, 149, 284, 180
-0.994703, 213, 85, 244, 116
-0.994705, 261, 181, 292, 212
-0.994711, 257, 93, 288, 124
-0.994711, 265, 145, 296, 176
-0.994716, 213, 165, 244, 196
-0.994718, 197, 213, 228, 244
-0.994734, 269, 97, 300, 128
-0.994742, 173, 53, 204, 84
-0.994747, 221, 273, 252, 304
-0.99476, 225, 157, 256, 188
-0.994774, 157, 149, 188, 180
-0.99478, 297, 169, 328, 200
-0.994782, 145, 169, 176, 200
-0.9948, 259, 153, 274, 216
-0.994802, 1, 1, 128, 128
-0.994822, 297, 157, 328, 188
-0.994829, 321, 205, 352, 236
-0.994832, 137, 237, 168, 268
-0.994833, 273, 241, 304, 272
-0.994856, 133, 181, 164, 212
-0.994857, 225, 161, 352, 192
-0.994861, 317, 177, 348, 304
-0.994861, 205, 225, 220, 288
-0.994861, 209, 97, 240, 128
-0.994875, 133, 209, 164, 240
-0.994894, 247, 153, 262, 216
-0.99492, 205, 49, 236, 176
-0.994968, 33, 161, 288, 224
-0.994978, 337, 97, 464, 224
-0.995087, 203, 249, 218, 312
-0.99509, 239, 169, 254, 232
-0.995121, 209, 237, 336, 268
-0.995166, 65, 249, 320, 312
-0.995212, 113, 93, 240, 124
-0.995213, 129, 57, 384, 120
-0.995227, 137, 161, 168, 224
-0.995246, 129, 237, 256, 268
-0.995247, 177, 213, 304, 244
-0.995266, 57, 145, 120, 272
-0.995315, 145, 109, 272, 140
-0.995318, 219, 169, 234, 232
-0.995337, 125, 49, 156, 176
-0.995348, 113, 97, 144, 224
-0.995379, 259, 185, 274, 248
-0.995386, 253, 81, 284, 208
-0.995427, 161, 81, 176, 144
-0.995456, 199, 185, 214, 248
-0.995456, 197, 233, 212, 296
-0.995473, 257, 217, 500, 280
-0.995482, 151, 81, 166, 144
-0.995488, 161, 173, 288, 204
-0.995497, 167, 177, 182, 240
-0.995509, 193, 185, 320, 216
-0.995512, 1, 57, 256, 120
-0.995536, 177, 261, 304, 292
-0.995543, 169, 209, 184, 272
-0.995544, 289, 153, 416, 216
-0.995545, 161, 225, 288, 256
-0.995644, 137, 217, 168, 280
-0.995653, 191, 233, 206, 296
-0.995654, 217, 1, 248, 128
-0.995681, 265, 129, 296, 256
-0.99569, 297, 153, 328, 216
-0.995703, 193, 57, 320, 120
-0.995706, 241, 209, 368, 240
-0.995736, 17, 193, 80, 320
-0.995744, 225, 49, 256, 112
-0.995792, 233, 17, 264, 144
-0.995803, 137, 57, 168, 120
-0.995811, 197, 209, 212, 272
-0.995832, 193, 97, 208, 160
-0.995884, 161, 85, 288, 116
-0.99589, 289, 105, 416, 168
-0.995916, 129, 129, 256, 160
-0.995937, 257, 241, 272, 304
-0.995953, 177, 97, 304, 128
-0.995964, 1, 129, 500, 192
-0.995979, 257, 177, 500, 240
-0.996009, 231, 241, 246, 304
-0.996032, 175, 217, 190, 280
-0.996072, 189, 185, 204, 248
-0.996091, 159, 177, 174, 240
-0.996111, 185, 65, 216, 320
-0.996115, 265, 153, 280, 216
-0.996118, 269, 193, 284, 256
-0.996137, 269, 257, 300, 320
-0.996151, 257, 121, 500, 184
-0.996165, 209, 129, 336, 192
-0.996183, 263, 209, 278, 272
-0.996203, 317, 161, 348, 224
-0.99621, 151, 113, 166, 176
-0.996215, 305, 201, 432, 264
-0.996256, 161, 129, 176, 192
-0.996268, 163, 209, 178, 272
-0.996276, 241, 221, 368, 252
-0.996286, 145, 161, 272, 192
-0.996292, 257, 89, 288, 152
-0.996305, 33, 89, 160, 152
-0.996317, 163, 153, 178, 216
-0.99632, 65, 125, 192, 156
-0.996323, 145, 73, 272, 104
-0.996357, 247, 177, 262, 240
-0.996358, 185, 209, 200, 272
-0.996361, 219, 241, 234, 304
-0.996364, 157, 225, 172, 288
-0.996365, 155, 57, 170, 120
-0.996369, 177, 121, 208, 184
-0.996372, 173, 113, 188, 176
-0.996376, 225, 169, 240, 232
-0.996384, 211, 177, 226, 240
-0.996406, 179, 113, 194, 176
-0.996411, 263, 241, 278, 304
-0.996412, 97, 205, 224, 236
-0.996422, 257, 197, 384, 228
-0.996428, 257, 233, 384, 264
-0.99644, 65, 85, 192, 116
-0.996443, 273, 233, 304, 296
-0.99646, 81, 249, 208, 312
-0.996465, 253, 129, 284, 192
-0.996486, 249, 241, 264, 304
-0.996498, 137, 241, 168, 304
-0.996498, 129, 249, 256, 280
-0.996501, 197, 65, 228, 320
-0.996502, 143, 121, 158, 184
-0.996537, 65, 137, 192, 168
-0.996554, 241, 65, 272, 320
-0.996564, 211, 257, 226, 320
-0.996565, 1, 65, 128, 192
-0.996572, 173, 65, 188, 128
-0.99661, 1, 81, 500, 144
-0.996621, 205, 185, 220, 248
-0.996628, 153, 193, 168, 256
-0.996633, 193, 89, 448, 152
-0.996685, 269, 233, 284, 296
-0.996689, 225, 65, 256, 320
-0.996691, 187, 113, 202, 176
-0.996694, 133, 113, 148, 176
-0.996698, 169, 33, 200, 288
-0.996704, 169, 153, 184, 216
-0.996727, 129, 261, 256, 292
-0.996749, 221, 81, 252, 144
-0.99677, 241, 249, 256, 312
-0.996774, 241, 249, 368, 280
-0.996782, 145, 97, 160, 160
-0.996784, 185, 233, 200, 296
-0.996799, 1, 33, 256, 96
-0.996801, 97, 193, 224, 224
-0.996809, 209, 65, 240, 320
-0.996827, 145, 149, 272, 180
-0.996843, 97, 109, 224, 140
-0.996852, 1, 105, 256, 168
-0.99688, 97, 225, 224, 256
-0.996886, 257, 241, 500, 304
-0.996904, 1, 177, 500, 240
-0.996906, 253, 185, 268, 248
-0.996927, 225, 249, 240, 312
-0.99699, 241, 149, 368, 180
-0.996999, 155, 137, 170, 200
-0.997015, 97, 181, 224, 212
-0.997015, 161, 129, 416, 192
-0.997017, 1, 201, 500, 264
-0.997045, 153, 65, 184, 320
-0.997065, 129, 61, 256, 92
-0.997078, 65, 97, 192, 128
-0.997079, 257, 185, 384, 216
-0.997082, 1, 225, 500, 288
-0.997083, 161, 273, 288, 304
-0.997098, 273, 17, 400, 144
-0.997105, 203, 65, 218, 128
-0.997208, 151, 233, 166, 296
-0.997219, 199, 97, 214, 160
-0.99723, 313, 121, 344, 184
-0.997245, 161, 57, 176, 120
-0.997263, 337, 145, 464, 272
-0.997264, 1, 193, 128, 256
-0.997269, 225, 65, 480, 128
-0.997276, 193, 257, 208, 320
-0.99729, 161, 33, 416, 96
-0.99729, 179, 65, 194, 128
-0.997295, 65, 169, 192, 200
-0.997314, 165, 81, 180, 112
-0.997338, 141, 193, 172, 320
-0.997343, 65, 73, 192, 104
-0.997358, 255, 157, 270, 188
-0.997358, 211, 209, 226, 272
-0.997369, 105, 113, 136, 176
-0.997378, 205, 33, 236, 96
-0.997433, 173, 221, 188, 252
-0.997436, 305, 177, 432, 240
-0.997439, 193, 73, 208, 136
-0.997439, 191, 209, 206, 272
-0.997475, 243, 165, 258, 196
-0.997484, 173, 205, 188, 236
-0.997502, 117, 137, 148, 200
-0.99755, 193, 109, 320, 140
-0.997554, 211, 57, 226, 120
-0.997558, 1, 105, 500, 168
-0.997558, 189, 101, 204, 132
-0.997564, 127, 121, 142, 184
-0.997566, 293, 193, 324, 320
-0.997572, 189, 41, 220, 104
-0.997573, 167, 209, 182, 240
-0.997582, 157, 125, 172, 156
-0.997586, 81, 253, 208, 284
-0.997605, 161, 97, 176, 128
-0.997607, 275, 201, 290, 264
-0.997634, 311, 233, 326, 296
-0.997635, 187, 189, 202, 220
-0.997664, 151, 81, 166, 112
-0.997683, 241, 57, 368, 120
-0.997697, 249, 165, 264, 196
-0.9977, 353, 193, 480, 320
-0.997707, 219, 173, 234, 204
-0.997708, 217, 57, 232, 120
-0.997713, 25, 97, 88, 224
-0.997716, 309, 145, 324, 208
-0.997723, 81, 33, 208, 96
-0.997724, 175, 177, 190, 208
-0.997724, 237, 169, 252, 200
-0.997728, 337, 225, 464, 288
-0.997746, 241, 145, 256, 208
-0.997749, 187, 65, 202, 128
-0.997757, 189, 161, 204, 224
-0.997767, 259, 129, 274, 192
-0.997772, 145, 73, 160, 136
-0.997784, 175, 233, 190, 264
-0.997798, 167, 113, 182, 144
-0.997804, 317, 217, 332, 280
-0.997814, 289, 245, 416, 276
-0.997816, 187, 257, 202, 320
-0.997818, 149, 137, 164, 200
-0.997822, 1, 57, 500, 120
-0.997834, 197, 145, 228, 208
-0.997836, 65, 149, 192, 180
-0.997845, 181, 225, 196, 256
-0.99785, 227, 181, 242, 212
-0.99785, 49, 113, 176, 144
-0.997855, 157, 85, 172, 116
-0.997855, 167, 129, 182, 192
-0.997857, 301, 249, 316, 312
-0.997858, 197, 105, 212, 136
-0.997869, 257, 137, 384, 168
-0.997873, 271, 145, 286, 208
-0.997881, 257, 217, 272, 280
-0.99789, 241, 193, 256, 256
-0.997907, 227, 145, 242, 208
-0.997908, 247, 73, 262, 136
-0.997915, 167, 233, 182, 296
-0.997925, 261, 157, 276, 188
-0.997925, 193, 33, 320, 96
-0.997928, 167, 49, 182, 112
-0.99793, 207, 257, 222, 288
-0.997935, 257, 269, 384, 300
-0.997944, 247, 129, 262, 192
-0.997944, 209, 137, 336, 168
-0.997945, 329, 129, 392, 256
-0.997953, 243, 225, 258, 288
-0.99796, 207, 233, 222, 264
-0.997965, 281, 33, 344, 160
-0.997973, 211, 181, 226, 212
-0.997978, 179, 201, 194, 232
-0.997979, 225, 57, 240, 120
-0.997986, 179, 97, 194, 128
-0.997989, 257, 65, 288, 128
-0.997993, 205, 1, 236, 128
-0.997995, 181, 185, 196, 216
-0.997996, 393, 129, 456, 256
-0.998012, 1, 257, 500, 320
-0.998015, 177, 285, 304, 316
-0.998017, 263, 189, 278, 220
-0.998018, 167, 221, 182, 252
-0.998019, 223, 217, 238, 280
-0.998024, 193, 49, 208, 112
-0.998027, 181, 153, 196, 216
-0.998032, 269, 209, 284, 240
-0.998039, 187, 225, 202, 256
-0.998041, 1, 129, 64, 256
-0.998044, 209, 121, 336, 152
-0.998059, 273, 121, 400, 152
-0.998074, 49, 197, 176, 228
-0.998075, 161, 229, 176, 260
-0.998076, 17, 129, 144, 160
-0.998079, 151, 93, 166, 124
-0.998083, 237, 225, 252, 288
-0.998089, 199, 161, 214, 224
-0.998096, 227, 253, 242, 284
-0.998106, 187, 265, 202, 296
-0.998107, 235, 145, 250, 208
-0.99811, 189, 113, 204, 144
-0.998119, 213, 249, 228, 280
-0.998128, 121, 113, 136, 176
-0.99813, 305, 233, 432, 264
-0.998131, 267, 157, 282, 188
-0.998134, 143, 129, 158, 160
-0.998137, 245, 177, 260, 208
-0.998137, 41, 193, 104, 320
-0.998137, 289, 169, 416, 200
-0.998151, 209, 77, 336, 108
-0.998152, 217, 265, 232, 296
-0.998154, 197, 241, 212, 272
-0.998155, 273, 197, 288, 228
-0.998163, 289, 149, 416, 180
-0.998164, 205, 189, 220, 220
-0.99817, 33, 169, 160, 232
-0.998174, 155, 241, 170, 272
-0.998179, 191, 237, 206, 268
-0.998183, 321, 1, 384, 128
-0.998183, 139, 97, 154, 160
-0.998187, 257, 65, 288, 320
-0.998187, 121, 131, 184, 146
-0.998188, 193, 65, 320, 96
-0.998188, 213, 153, 228, 216
-0.998189, 135, 129, 150, 160
-0.998192, 173, 113, 188, 144
-0.998203, 273, 105, 400, 136
-0.998205, 207, 89, 222, 152
-0.998205, 17, 217, 144, 280
-0.998218, 161, 209, 176, 240
-0.998222, 205, 161, 220, 224
-0.998227, 171, 85, 186, 116
-0.998231, 149, 129, 164, 160
-0.998232, 261, 169, 276, 200
-0.998248, 235, 57, 250, 120
-0.998249, 1, 9, 256, 72
-0.998251, 233, 249, 248, 280
-0.998254, 225, 281, 352, 312
-0.998256, 255, 173, 270, 204
-0.998264, 183, 113, 198, 144
-0.998265, 209, 179, 272, 194
-0.998271, 289, 221, 416, 252
-0.998272, 233, 167, 296, 182
-0.998273, 193, 261, 208, 292
-0.998275, 239, 181, 254, 212
-0.998278, 153, 109, 168, 140
-0.998282, 153, 161, 168, 224
-0.998288, 295, 257, 310, 320
-0.998291, 305, 209, 432, 240
-0.998295, 243, 253, 258, 284
-0.998298, 145, 101, 208, 116
-0.99831, 271, 169, 286, 232
-0.998314, 161, 141, 176, 172
-0.998315, 177, 265, 240, 280
-0.998319, 213, 237, 228, 268
-0.99832, 1, 153, 500, 216
-0.998325, 209, 53, 336, 84
-0.998326, 137, 137, 152, 200
-0.998328, 113, 273, 240, 304
-0.99833, 221, 253, 236, 284
-0.998335, 297, 113, 312, 176
-0.998337, 153, 185, 216, 200
-0.998346, 173, 165, 188, 196
-0.998348, 259, 249, 274, 280
-0.998356, 153, 115, 216, 130
-0.998356, 185, 189, 248, 204
-0.998357, 269, 237, 284, 268
-0.99836, 145, 141, 160, 172
-0.998365, 49, 209, 176, 240
-0.998368, 147, 193, 162, 256
-0.998369, 241, 73, 256, 136
-0.99837, 193, 193, 208, 224
-0.998373, 121, 145, 152, 272
-0.998381, 233, 67, 264, 82
-0.998382, 193, 59, 224, 74
-0.998382, 197, 219, 228, 234
-0.998382, 129, 125, 144, 156
-0.998383, 273, 239, 304, 254
-0.998384, 213, 243, 244, 258
-0.998385, 145, 255, 176, 270
-0.998385, 157, 189, 172, 220
-0.998386, 129, 285, 256, 316
-0.998387, 237, 185, 268, 200
-0.998388, 199, 193, 214, 224
-0.998388, 265, 199, 296, 214
-0.998388, 249, 229, 280, 244
-0.998389, 213, 79, 244, 94
-0.998391, 165, 55, 196, 70
-0.998391, 241, 257, 272, 272
-0.998391, 261, 251, 292, 266
-0.998391, 197, 281, 228, 296
-0.998391, 181, 225, 212, 240
-0.998392, 197, 99, 228, 114
-0.998393, 197, 79, 228, 94
-0.998393, 141, 33, 172, 288
-0.998394, 269, 155, 300, 170
-0.998396, 197, 225, 212, 256
-0.998396, 149, 249, 180, 264
-0.998398, 193, 257, 224, 272
-0.998398, 173, 97, 188, 128
-0.998398, 165, 77, 196, 92
-0.998399, 157, 167, 188, 182
-0.998399, 153, 191, 184, 206
-0.9984, 165, 203, 196, 218
-0.998402, 221, 249, 252, 264
-0.998402, 253, 201, 284, 216
-0.998404, 229, 195, 260, 210
-0.998404, 113, 49, 240, 80
-0.998404, 225, 173, 288, 188
-0.998405, 265, 225, 296, 240
-0.998406, 159, 73, 174, 104
-0.998408, 165, 189, 196, 204
-0.998409, 193, 1, 448, 64
-0.998409, 257, 193, 272, 224
-0.998409, 209, 255, 272, 270
-0.998411, 161, 45, 288, 76
-0.998411, 237, 163, 268, 178
-0.998412, 149, 231, 180, 246
-0.998412, 217, 193, 248, 208
-0.998413, 249, 217, 280, 232
-0.998413, 201, 105, 232, 120
-0.998413, 253, 235, 284, 250
-0.998413, 233, 81, 264, 96
-0.998414, 121, 139, 152, 154
-0.998415, 233, 181, 248, 212
-0.998415, 209, 279, 240, 294
-0.998417, 141, 209, 172, 224
-0.998417, 181, 277, 212, 292
-0.998417, 149, 113, 180, 128
-0.998418, 205, 177, 236, 192
-0.998418, 189, 181, 220, 196
-0.998418, 265, 217, 296, 232
-0.998419, 265, 161, 296, 176
-0.99842, 153, 243, 184, 258
-0.998421, 241, 199, 272, 214
-0.998423, 165, 129, 196, 144
-0.998426, 257, 155, 288, 170
-0.998426, 181, 265, 212, 280
-0.998427, 233, 249, 264, 264
-0.998427, 153, 197, 184, 212
-0.998427, 161, 141, 192, 156
-0.998427, 185, 93, 216, 108
-0.998428, 313, 169, 328, 232
-0.998429, 257, 173, 288, 188
-0.99843, 201, 269, 232, 284
-0.998431, 145, 123, 176, 138
-0.998431, 225, 197, 288, 212
-0.998432, 213, 65, 244, 80
-0.998433, 181, 231, 212, 246
-0.998434, 241, 191, 272, 206
-0.998436, 161, 123, 192, 138
-0.998437, 287, 257, 302, 320
-0.998438, 153, 107, 216, 122
-0.998439, 197, 245, 228, 260
-0.998439, 265, 193, 296, 208
-0.99844, 173, 177, 204, 192
-0.99844, 249, 249, 264, 280
-0.998442, 133, 143, 164, 158
-0.998442, 169, 237, 232, 252
-0.998442, 173, 89, 204, 104
-0.998443, 201, 257, 216, 288
-0.998444, 205, 73, 236, 88
-0.998445, 165, 135, 196, 150
-0.998446, 369, 49, 496, 176
-0.998447, 225, 73, 256, 88
-0.998448, 253, 137, 268, 200
-0.998448, 209, 145, 240, 208
-0.998449, 273, 93, 400, 124
-0.998449, 185, 245, 216, 260
-0.99845, 205, 235, 236, 250
-0.998453, 137, 103, 168, 118
-0.998454, 141, 87, 172, 102
-0.998454, 167, 181, 182, 212
-0.998457, 177, 77, 192, 108
-0.998458, 217, 259, 248, 274
-0.998459, 303, 129, 318, 192
-0.998459, 231, 169, 246, 200
-0.998462, 161, 177, 192, 192
-0.998463, 161, 231, 192, 246
-0.998463, 193, 233, 224, 248
-0.998464, 169, 111, 200, 126
-0.998466, 265, 245, 296, 260
-0.998466, 169, 223, 200, 238
-0.998466, 177, 187, 208, 202
-0.998466, 225, 171, 256, 186
-0.998467, 145, 81, 160, 112
-0.998469, 141, 81, 172, 96
-0.998469, 127, 97, 142, 160
-0.99847, 303, 225, 318, 288
-0.99847, 149, 203, 180, 218
-0.998472, 269, 205, 300, 220
-0.998472, 169, 243, 200, 258
-0.998473, 321, 193, 336, 256
-0.998475, 177, 215, 208, 230
-0.998475, 179, 241, 194, 304
-0.998479, 201, 187, 232, 202
-0.99848, 241, 161, 304, 176
-0.998482, 165, 83, 196, 98
-0.998483, 145, 137, 176, 152
-0.998483, 177, 99, 208, 114
-0.998485, 161, 207, 224, 222
-0.998487, 211, 269, 226, 300
-0.998488, 249, 251, 280, 266
-0.998488, 161, 177, 224, 192
-0.99849, 261, 167, 292, 182
-0.99849, 145, 93, 176, 108
-0.998491, 265, 211, 296, 226
-0.998492, 181, 115, 212, 130
-0.998492, 169, 209, 200, 224
-0.998496, 213, 265, 244, 280
-0.998496, 149, 253, 164, 284
-0.998496, 289, 217, 320, 280
-0.998497, 49, 225, 176, 256
-0.998499, 249, 167, 280, 182
-0.9985, 125, 127, 156, 142
-0.998506, 203, 101, 218, 132
-0.998508, 181, 237, 196, 268
-0.998508, 153, 213, 184, 228
-0.998511, 209, 249, 240, 264
-0.998511, 245, 175, 276, 190
-0.998512, 153, 69, 168, 100
-0.998513, 181, 105, 212, 120
-0.998516, 193, 111, 224, 126
-0.99852, 167, 129, 182, 160
-0.998524, 253, 195, 284, 210
-0.998528, 263, 233, 278, 264
-0.998528, 185, 89, 200, 120
-0.99853, 149, 107, 180, 122
-0.998531, 153, 191, 216, 206
-0.998535, 205, 257, 236, 272
-0.998536, 177, 201, 208, 216
-0.998539, 161, 117, 192, 132
-0.998541, 153, 79, 184, 94
-0.998546, 161, 109, 176, 140
-0.998548, 155, 145, 170, 176
-0.998556, 161, 237, 192, 252
-0.998556, 269, 65, 300, 320
-0.998565, 145, 143, 176, 158
-0.998565, 149, 101, 180, 116
-0.998567, 305, 189, 432, 220
-0.998568, 145, 129, 176, 144
-0.99857, 235, 69, 250, 100
-0.998571, 49, 185, 176, 216
-0.998572, 257, 213, 320, 228
-0.998577, 137, 95, 200, 110
-0.998577, 177, 183, 240, 198
-0.998578, 121, 143, 184, 158
-0.998581, 233, 179, 264, 194
-0.998581, 193, 263, 224, 278
-0.998582, 153, 223, 216, 238
-0.998583, 223, 241, 238, 272
-0.998584, 213, 183, 244, 198
-0.998587, 157, 219, 188, 234
-0.998589, 157, 91, 188, 106
-0.998592, 189, 193, 220, 208
-0.998594, 251, 197, 266, 228
-0.998596, 1, 117, 128, 148
-0.998597, 169, 233, 184, 264
-0.998602, 137, 83, 200, 98
-0.998603, 229, 255, 260, 270
-0.998608, 165, 183, 196, 198
-0.998608, 257, 245, 320, 260
-0.998614, 169, 201, 232, 216
-0.998616, 173, 237, 204, 252
-0.998617, 225, 97, 352, 128
-0.998619, 165, 97, 196, 112
-0.998621, 287, 97, 302, 160
-0.998621, 155, 209, 170, 240
-0.998627, 237, 169, 268, 184
-0.998627, 97, 9, 352, 72
-0.99863, 249, 217, 264, 280
-0.998632, 249, 161, 280, 176
-0.998632, 201, 261, 264, 276
-0.998636, 193, 239, 224, 254
-0.998637, 209, 245, 272, 260
-0.998639, 165, 65, 180, 192
-0.99864, 33, 241, 160, 272
-0.998643, 265, 249, 280, 280
-0.998652, 215, 65, 230, 96
-0.998653, 257, 81, 384, 112
-0.998654, 121, 137, 184, 152
-0.998657, 257, 207, 320, 222
-0.998661, 235, 193, 250, 224
-0.998665, 171, 73, 186, 104
-0.998665, 167, 101, 182, 132
-0.998666, 169, 77, 232, 92
-0.998666, 233, 251, 296, 266
-0.998673, 317, 113, 348, 240
-0.998674, 153, 213, 216, 228
-0.998674, 353, 285, 480, 316
-0.998677, 257, 33, 500, 96
-0.998678, 193, 195, 256, 210
-0.998679, 177, 271, 240, 286
-0.998684, 153, 139, 216, 154
-0.998688, 153, 85, 184, 100
-0.99869, 181, 213, 196, 244
-0.998694, 137, 89, 200, 104
-0.998696, 155, 221, 170, 252
-0.998698, 217, 161, 280, 176
-0.998699, 217, 177, 248, 192
-0.9987, 177, 113, 240, 128
-0.998702, 245, 197, 260, 228
-0.998711, 195, 181, 210, 212
-0.998712, 305, 129, 432, 192
-0.998714, 269, 185, 284, 216
-0.998715, 227, 61, 242, 92
-0.998717, 225, 193, 256, 256
-0.998722, 81, 61, 208, 92
-0.998724, 417, 129, 480, 256
-0.998725, 177, 259, 240, 274
-0.998734, 145, 201, 208, 216
-0.998736, 261, 213, 276, 244
-0.998736, 195, 273, 210, 304
-0.998736, 165, 69, 180, 100
-0.998737, 1, 205, 128, 236
-0.998737, 273, 201, 336, 216
-0.99874, 121, 125, 184, 140
-0.998747, 305, 277, 432, 308
-0.998747, 305, 137, 432, 168
-0.998748, 205, 73, 220, 104
-0.998748, 289, 257, 416, 288
-0.998754, 279, 197, 294, 228
-0.998755, 195, 93, 210, 124
-0.998757, 249, 173, 312, 188
-0.998758, 109, 89, 140, 152
-0.99876, 169, 85, 232, 100
-0.998761, 265, 239, 328, 254
-0.998762, 153, 127, 216, 142
-0.998769, 273, 81, 400, 144
-0.998769, 281, 169, 312, 232
-0.998771, 353, 1, 480, 128
-0.998774, 229, 73, 244, 104
-0.998781, 153, 55, 216, 70
-0.998783, 171, 65, 186, 192
-0.998784, 301, 257, 316, 288
-0.998786, 209, 167, 272, 182
-0.998787, 145, 93, 160, 124
-0.998787, 175, 161, 190, 288
-0.998787, 257, 167, 320, 182
-0.998789, 309, 245, 324, 276
-0.998794, 163, 157, 178, 188
-0.998794, 161, 169, 176, 200
-0.998795, 161, 95, 224, 110
-0.998797, 209, 61, 224, 92
-0.998797, 121, 213, 184, 228
-0.998798, 145, 233, 208, 248
-0.9988, 245, 153, 260, 184
-0.998803, 81, 237, 208, 268
-0.998803, 159, 61, 174, 92
-0.998804, 205, 245, 220, 276
-0.998806, 257, 225, 320, 240
-0.998809, 65, 45, 192, 76
-0.99881, 139, 141, 154, 172
-0.998812, 129, 207, 192, 222
-0.998819, 135, 117, 150, 148
-0.998821, 225, 165, 240, 196
-0.998822, 205, 273, 220, 304
-0.998823, 151, 193, 166, 224
-0.998827, 1, 1, 500, 64
-0.998827, 121, 101, 184, 116
-0.998828, 209, 267, 272, 282
-0.998828, 209, 185, 272, 200
-0.998834, 163, 113, 178, 240
-0.998835, 149, 205, 164, 236
-0.998836, 193, 107, 256, 122
-0.998841, 225, 191, 288, 206
-0.998842, 193, 75, 256, 90
-0.998845, 265, 161, 328, 176
-0.998852, 121, 109, 184, 124
-0.998857, 257, 155, 320, 170
-0.998859, 153, 121, 216, 136
-0.99886, 233, 179, 296, 194
-0.998865, 185, 95, 248, 110
-0.998868, 201, 173, 264, 188
-0.99887, 145, 239, 208, 254
-0.998874, 177, 9, 304, 72
-0.998874, 129, 117, 192, 132
-0.99888, 137, 179, 200, 194
-0.998883, 153, 133, 216, 148
-0.998884, 337, 221, 464, 252
-0.998884, 209, 239, 272, 254
-0.998886, 193, 13, 320, 44
-0.998886, 209, 83, 272, 98
-0.998887, 185, 245, 248, 260
-0.998899, 129, 195, 192, 210
-0.998899, 169, 113, 184, 240
-0.998899, 369, 161, 496, 224
-0.998899, 249, 197, 312, 212
-0.998902, 113, 1, 240, 32
-0.998904, 257, 219, 320, 234
-0.998912, 129, 219, 192, 234
-0.998914, 217, 219, 280, 234
-0.998916, 185, 251, 248, 266
-0.998919, 289, 289, 416, 320
-0.998922, 193, 149, 320, 180
-0.998924, 321, 117, 448, 148
-0.998928, 277, 145, 308, 208
-0.998943, 129, 21, 256, 52
-0.998943, 225, 25, 352, 56
-0.998947, 265, 233, 328, 248
-0.998947, 273, 195, 336, 210
-0.998948, 193, 67, 256, 82
-0.998952, 1, 181, 128, 212
-0.998953, 207, 177, 222, 304
-0.998954, 321, 29, 448, 60
-0.998956, 81, 177, 144, 304
-0.99896, 151, 65, 166, 192
-0.998973, 369, 177, 496, 208
-0.998973, 177, 217, 240, 232
-0.99898, 157, 81, 172, 208
-0.998987, 369, 165, 496, 196
-0.998989, 257, 251, 320, 266
-0.99899, 185, 101, 248, 116
-0.998993, 161, 33, 288, 64
-0.998993, 241, 65, 368, 96
-0.998993, 129, 169, 192, 184
-0.998993, 145, 245, 208, 260
-0.998993, 65, 1, 192, 32
-0.998993, 257, 1, 384, 32
-0.998997, 353, 209, 480, 240
-0.999007, 217, 233, 280, 248
-0.999014, 169, 161, 184, 288
-0.999014, 105, 95, 168, 110
-0.999015, 97, 127, 160, 142
-0.999018, 169, 277, 232, 292
-0.999022, 199, 177, 214, 304
-0.999027, 337, 257, 464, 288
-0.999029, 273, 45, 400, 76
-0.999031, 305, 177, 336, 304
-0.999031, 255, 193, 270, 320
-0.999032, 97, 139, 160, 154
-0.999032, 1, 153, 128, 184
-0.999034, 251, 145, 266, 272
-0.999034, 17, 81, 144, 112
-0.999035, 225, 203, 288, 218
-0.999035, 177, 65, 192, 192
-0.999038, 17, 253, 144, 284
-0.999039, 169, 231, 232, 246
-0.99904, 177, 171, 240, 186
-0.999045, 169, 71, 232, 86
-0.999045, 233, 185, 296, 200
-0.999046, 137, 269, 200, 284
-0.999047, 175, 113, 190, 240
-0.999047, 241, 193, 256, 320
-0.999052, 193, 283, 256, 298
-0.999052, 183, 65, 198, 192
-0.999053, 215, 161, 230, 288
-0.999055, 243, 145, 258, 272
-0.999056, 193, 277, 256, 292
-0.999058, 369, 193, 496, 224
-0.999058, 17, 285, 144, 316
-0.999061, 121, 201, 184, 216
-0.999062, 145, 145, 208, 160
-0.999065, 121, 77, 184, 92
-0.999065, 233, 265, 296, 280
-0.999065, 225, 227, 288, 242
-0.999066, 1, 169, 128, 200
-0.999067, 121, 227, 184, 242
-0.999073, 225, 71, 288, 86
-0.999078, 25, 145, 88, 272
-0.99908, 369, 121, 496, 152
-0.999082, 265, 149, 328, 164
-0.999082, 353, 273, 480, 304
-0.999083, 1, 69, 128, 100
-0.999084, 17, 93, 144, 124
-0.999086, 321, 105, 448, 136
-0.999088, 369, 233, 496, 264
-0.99909, 225, 293, 352, 324
-0.999091, 121, 233, 184, 248
-0.999091, 1, 193, 128, 224
-0.999092, 227, 161, 242, 288
-0.999093, 257, 145, 272, 272
-0.999099, 369, 153, 496, 184
-0.999099, 265, 143, 328, 158
-0.999103, 121, 149, 184, 164
-0.999104, 81, 33, 208, 64
-0.999104, 161, 61, 224, 76
-0.999108, 241, 259, 304, 274
-0.999108, 1, 221, 128, 252
-0.999114, 353, 137, 480, 168
-0.999117, 153, 255, 216, 270
-0.999118, 183, 113, 198, 240
-0.999118, 249, 193, 264, 320
-0.999121, 185, 61, 248, 76
-0.999123, 81, 285, 208, 316
-0.999123, 129, 163, 192, 178
-0.999125, 237, 145, 252, 272
-0.999126, 181, 161, 196, 288
-0.999127, 369, 41, 496, 72
-0.999128, 101, 65, 132, 192
-0.999129, 217, 213, 280, 228
-0.999137, 313, 209, 376, 224
-0.999138, 17, 45, 144, 76
-0.999138, 249, 191, 312, 206
-0.999138, 233, 93, 296, 108
-0.99914, 145, 77, 208, 92
-0.999146, 209, 289, 272, 304
-0.999149, 177, 119, 240, 134
-0.99915, 129, 33, 160, 288
-0.999151, 209, 89, 272, 104
-0.999152, 221, 161, 236, 288
-0.999152, 113, 85, 176, 100
-0.999155, 337, 65, 464, 96
-0.999159, 233, 245, 296, 260
-0.999161, 225, 77, 288, 92
-0.999162, 297, 255, 360, 270
-0.999165, 257, 137, 320, 152
-0.999166, 225, 41, 352, 72
-0.999168, 273, 17, 400, 48
-0.999172, 281, 33, 312, 288
-0.999174, 369, 53, 496, 84
-0.999188, 189, 81, 204, 208
-0.999201, 163, 161, 178, 288
-0.999223, 281, 65, 312, 192
-0.999225, 247, 199, 262, 214
-0.999226, 239, 197, 254, 212
-0.99923, 193, 177, 208, 304
-0.999231, 137, 33, 168, 160
-0.999231, 177, 183, 192, 198
-0.999233, 149, 89, 164, 104
-0.999233, 245, 81, 260, 96
-0.999236, 171, 89, 186, 104
-0.999239, 263, 193, 278, 320
-0.99924, 167, 129, 182, 144
-0.999241, 127, 139, 142, 154
-0.999241, 157, 219, 172, 234
-0.999247, 159, 33, 174, 160
-0.999252, 191, 245, 206, 260
-0.999253, 161, 231, 176, 246
-0.999254, 251, 249, 266, 264
-0.999254, 157, 161, 172, 288
-0.999255, 263, 145, 278, 272
-0.999255, 189, 33, 204, 160
-0.999261, 169, 111, 184, 126
-0.999264, 235, 193, 250, 320
-0.999265, 57, 49, 120, 176
-0.999266, 161, 147, 176, 162
-0.999266, 229, 75, 244, 90
-0.999272, 177, 85, 192, 100
-0.999273, 193, 263, 208, 278
-0.999275, 133, 125, 148, 140
-0.999276, 253, 197, 268, 212
-0.999277, 203, 263, 218, 278
-0.999278, 171, 203, 186, 218
-0.999279, 177, 111, 192, 126
-0.999282, 263, 215, 278, 230
-0.999283, 157, 213, 172, 228
-0.999289, 269, 193, 284, 320
-0.999289, 149, 103, 164, 118
-0.999294, 155, 139, 170, 154
-0.999299, 175, 17, 190, 144
-0.999299, 273, 243, 288, 258
-0.999303, 273, 199, 288, 214
-0.999304, 183, 91, 198, 106
-0.999308, 227, 171, 242, 186
-0.999309, 175, 97, 190, 112
-0.99931, 275, 205, 290, 220
-0.99931, 145, 81, 160, 208
-0.999315, 265, 235, 280, 250
-0.999317, 195, 187, 210, 202
-0.999317, 253, 97, 268, 224
-0.999321, 205, 75, 220, 90
-0.999325, 185, 245, 200, 260
-0.999325, 151, 253, 166, 268
-0.999329, 153, 145, 168, 160
-0.999331, 353, 201, 480, 264
-0.999332, 165, 17, 180, 144
-0.999334, 237, 183, 252, 198
-0.999334, 213, 241, 228, 256
-0.999335, 187, 233, 202, 248
-0.999335, 187, 177, 202, 304
-0.999345, 223, 247, 238, 262
-0.99935, 151, 77, 166, 92
-0.999355, 159, 239, 174, 254
-0.999355, 361, 113, 424, 240
-0.999357, 167, 135, 182, 150
-0.999359, 167, 183, 182, 198
-0.999361, 247, 255, 262, 270
-0.999364, 157, 123, 172, 138
-0.999366, 321, 257, 448, 320
-0.999375, 149, 97, 164, 112
-0.999376, 293, 65, 324, 320
-0.999378, 213, 249, 228, 264
-0.999382, 275, 177, 290, 304
-0.999385, 127, 125, 142, 140
-0.999387, 165, 237, 180, 252
-0.999388, 153, 247, 168, 262
-0.99939, 167, 231, 182, 246
-0.99939, 181, 233, 196, 248
-0.999393, 169, 95, 184, 110
-0.999395, 181, 225, 196, 240
-0.999399, 259, 251, 274, 266
-0.999406, 165, 217, 180, 232
-0.999409, 243, 97, 258, 224
-0.999412, 259, 97, 274, 224
-0.999413, 205, 129, 220, 256
-0.999414, 131, 97, 146, 224
-0.999414, 219, 113, 234, 240
-0.999414, 199, 49, 214, 176
-0.999418, 181, 17, 196, 144
-0.999419, 197, 107, 212, 122
-0.99942, 231, 113, 246, 240
-0.999424, 153, 109, 168, 124
-0.999424, 203, 109, 218, 124
-0.999424, 163, 77, 178, 92
-0.999425, 203, 255, 218, 270
-0.999427, 157, 191, 172, 206
-0.99943, 269, 145, 284, 272
-0.999432, 225, 257, 240, 272
-0.999434, 241, 255, 256, 270
-0.999434, 137, 97, 152, 224
-0.99944, 215, 257, 230, 272
-0.999441, 213, 269, 228, 284
-0.999442, 161, 141, 176, 156
-0.999443, 269, 163, 284, 178
-0.999444, 311, 161, 326, 288
-0.999445, 181, 117, 196, 132
-0.999457, 197, 97, 212, 224
-0.999458, 259, 195, 274, 210
-0.99946, 173, 75, 188, 90
-0.999463, 153, 17, 168, 144
-0.999467, 197, 241, 212, 256
-0.999468, 225, 113, 240, 240
-0.999473, 187, 97, 202, 112
-0.999473, 243, 179, 258, 194
-0.999474, 265, 193, 280, 208
-0.999475, 213, 181, 228, 196
-0.999475, 129, 33, 256, 96
-0.999476, 147, 143, 162, 158
-0.999479, 177, 219, 192, 234
-0.99948, 267, 97, 282, 224
-0.999484, 225, 181, 240, 196
-0.999489, 165, 137, 196, 200
-0.99949, 125, 97, 140, 224
-0.999494, 267, 247, 282, 262
-0.999507, 155, 101, 170, 116
-0.999511, 161, 107, 176, 122
-0.999512, 237, 49, 268, 112
-0.999512, 233, 17, 248, 144
-0.999516, 177, 91, 192, 106
-0.999517, 215, 49, 230, 176
-0.999517, 281, 177, 296, 304
-0.999517, 151, 129, 166, 256
-0.999517, 319, 177, 334, 304
-0.999518, 125, 65, 156, 128
-0.999518, 227, 17, 242, 144
-0.999525, 301, 193, 316, 320
-0.999525, 221, 33, 236, 160
-0.999526, 165, 89, 180, 104
-0.999527, 303, 129, 318, 256
-0.999529, 185, 197, 200, 212
-0.99953, 291, 97, 306, 224
-0.999531, 189, 129, 204, 256
-0.999535, 143, 129, 158, 256
-0.999536, 187, 265, 202, 280
-0.999542, 191, 103, 206, 118
-0.999544, 173, 117, 188, 132
-0.999547, 275, 129, 290, 256
-0.999557, 309, 113, 324, 240
-0.999561, 233, 65, 248, 192
-0.999562, 277, 81, 292, 208
-0.999564, 283, 81, 298, 208
-0.999566, 209, 17, 224, 144
-0.999567, 169, 81, 184, 96
-0.999574, 181, 97, 196, 112
-0.999576, 285, 129, 300, 256
-0.999579, 209, 81, 224, 208
-0.999581, 151, 193, 166, 320
-0.999582, 139, 49, 154, 176
-0.999583, 293, 193, 308, 320
-0.999585, 199, 1, 214, 128
-0.999586, 241, 17, 256, 144
-0.999586, 247, 49, 262, 176
-0.99959, 297, 113, 312, 240
-0.999592, 65, 105, 96, 168
-0.999592, 49, 185, 80, 248
-0.999593, 269, 209, 284, 224
-0.999594, 165, 33, 196, 96
-0.999595, 263, 169, 278, 184
-0.999595, 195, 193, 210, 208
-0.999601, 119, 65, 134, 192
-0.999604, 145, 193, 160, 320
-0.999606, 183, 185, 198, 200
-0.999608, 203, 191, 218, 206
-0.999616, 133, 145, 148, 272
-0.999618, 287, 193, 302, 320
-0.99962, 1, 137, 128, 200
-0.999625, 349, 217, 380, 280
-0.999629, 145, 33, 160, 160
-0.999631, 219, 265, 234, 280
-0.999632, 187, 117, 202, 132
-0.999636, 321, 129, 336, 256
-0.999641, 215, 1, 230, 128
-0.999644, 197, 113, 212, 128
-0.999648, 253, 175, 268, 190
-0.99965, 163, 115, 178, 130
-0.99965, 119, 113, 134, 240
-0.99965, 185, 239, 200, 254
-0.999651, 263, 49, 278, 176
-0.999657, 155, 95, 170, 110
-0.99966, 231, 253, 246, 268
-0.999668, 177, 203, 192, 218
-0.999669, 209, 187, 224, 202
-0.99967, 257, 49, 272, 176
-0.99967, 297, 65, 312, 192
-0.99968, 129, 49, 144, 176
-0.999682, 125, 145, 140, 272
-0.999683, 71, 97, 86, 224
-0.999686, 209, 259, 224, 274
-0.999688, 59, 97, 74, 224
-0.999689, 163, 211, 178, 226
-0.999695, 189, 191, 204, 206
-0.999702, 109, 113, 124, 240
-0.999704, 315, 97, 330, 224
-0.999704, 279, 33, 294, 160
-0.999708, 99, 113, 114, 240
-0.999708, 227, 65, 242, 192
-0.999709, 105, 177, 120, 304
-0.999709, 271, 49, 286, 176
-0.999713, 65, 113, 80, 240
-0.999715, 305, 65, 320, 192
-0.999717, 237, 175, 252, 190
-0.99972, 89, 113, 104, 240
-0.999725, 247, 1, 262, 128
-0.999725, 327, 145, 342, 272
-0.999726, 153, 249, 184, 312
-0.999727, 49, 193, 64, 320
-0.999729, 247, 167, 262, 182
-0.999729, 171, 219, 186, 234
-0.999731, 291, 145, 306, 272
-0.999733, 427, 113, 442, 240
-0.999733, 107, 65, 122, 192
-0.999735, 367, 129, 382, 256
-0.999735, 79, 161, 94, 288
-0.999737, 433, 161, 448, 288
-0.999739, 113, 193, 128, 320
-0.999741, 349, 1, 380, 256
-0.999742, 43, 193, 58, 320
-0.999743, 265, 121, 296, 184
-0.999744, 139, 193, 154, 320
-0.999746, 321, 81, 336, 208
-0.999748, 79, 97, 94, 224
-0.999749, 111, 17, 126, 144
-0.99975, 57, 177, 72, 304
-0.99975, 73, 177, 88, 304
-0.99975, 63, 49, 78, 176
-0.99975, 65, 177, 80, 304
-0.999751, 423, 193, 438, 320
-0.999751, 411, 129, 426, 256
-0.999754, 155, 89, 170, 104
-0.999766, 253, 163, 268, 178
-0.999808, 241, 1, 368, 64
-0.999809, 301, 97, 332, 160
-0.999818, 353, 113, 480, 176
-0.999838, 157, 79, 172, 94
-0.999843, 321, 9, 448, 72
-0.999847, 191, 239, 206, 254
-0.999857, 207, 237, 222, 252
-0.999863, 157, 129, 172, 144
-0.999887, 171, 209, 186, 224
-0.999888, 161, 101, 176, 116
-0.999913, 353, 33, 480, 96
-0.999922, 231, 177, 246, 192
-0.99995, 309, 33, 340, 288
-0.999966, 113, 1, 144, 256
-0.99997, 273, 25, 400, 88
-0.99997, 353, 81, 480, 144
-0.99999, 125, 177, 156, 240
-0.99999, 29, 201, 60, 264
-0.999992, 65, 65, 96, 320
-0.999993, 1, 25, 500, 88
-0.999999, 49, 161, 80, 224
-1, 175, 235, 190, 250
-1.00002, 337, 1, 368, 256
-1.00002, 173, 177, 188, 192
-1.00003, 361, 193, 424, 320
-1.00006, 151, 83, 166, 98
-1.0001, 109, 185, 140, 248
-1.00012, 241, 169, 256, 184
-1.00014, 361, 137, 392, 200
-1.00014, 1, 33, 128, 96
-1.00017, 77, 33, 108, 288
-1.00018, 219, 177, 234, 192
-1.0002, 163, 83, 178, 98
-1.0002, 101, 33, 132, 288
-1.00022, 85, 113, 116, 176
-1.00022, 259, 159, 274, 174
-1.00024, 293, 81, 324, 208
-1.00027, 101, 113, 132, 240
-1.00028, 353, 65, 416, 192
-1.0003, 349, 25, 380, 88
-1.00031, 321, 65, 352, 320
-1.00034, 369, 137, 496, 200
-1.00036, 249, 33, 280, 160
-1.00036, 25, 1, 56, 256
-1.0004, 361, 1, 392, 256
-1.0004, 305, 57, 432, 120
-1.0004, 365, 185, 396, 248
-1.00041, 25, 17, 88, 144
-1.00045, 309, 249, 340, 312
-1.00047, 89, 1, 120, 256
-1.00049, 129, 1, 256, 64
-1.00049, 33, 257, 160, 320
-1.00049, 393, 33, 424, 288
-1.0005, 305, 81, 336, 208
-1.00052, 369, 257, 496, 320
-1.00053, 353, 1, 416, 128
-1.00054, 49, 65, 80, 320
-1.00057, 33, 177, 64, 240
-1.00058, 385, 81, 448, 208
-1.00062, 373, 1, 404, 256
-1.00062, 417, 1, 448, 256
-1.00065, 1, 65, 64, 192
-1.00065, 5, 33, 36, 288
-1.00069, 425, 137, 456, 200
-1.00074, 125, 225, 156, 288
-1.00074, 37, 1, 68, 256
-1.00075, 65, 9, 192, 72
-1.00075, 69, 177, 100, 240
-1.00075, 137, 33, 168, 96
-1.00076, 297, 73, 328, 136
-1.00079, 405, 1, 436, 256
-1.00079, 329, 81, 392, 208
-1.00079, 365, 41, 396, 104
-1.00081, 453, 65, 484, 320
-1.00083, 429, 33, 460, 288
-1.00086, 281, 65, 312, 128
-1.00096, 405, 137, 436, 200
-1.00096, 353, 241, 384, 304
-1.00096, 469, 1, 500, 256
-1.00098, 65, 129, 96, 192
-1.00098, 125, 249, 156, 312
-1.00098, 441, 65, 472, 320
-1.00101, 53, 113, 84, 176
-1.00102, 1, 1, 64, 128
-1.00108, 373, 113, 404, 176
-1.00109, 213, 9, 244, 72
-1.0011, 245, 17, 276, 80
-1.00115, 165, 257, 196, 320
-1.00117, 393, 113, 424, 176
-1.00119, 329, 177, 392, 304
-1.00126, 401, 193, 464, 320
-1.00135, 17, 65, 144, 128
-1.00142, 97, 177, 128, 304
-1.00146, 1, 9, 128, 72
-1.0015, 409, 81, 472, 208
-1.00152, 385, 33, 448, 160
-1.00155, 85, 129, 116, 256
-1.0017, 353, 57, 480, 120
-1.00203, 53, 97, 84, 224
-1.00203, 49, 1, 112, 128
-1.00215, 241, 105, 368, 168
-1.00225, 433, 81, 496, 208
-1.00228, 369, 9, 496, 72
-1.00246, 129, 193, 160, 320
-1.00255, 69, 97, 100, 224
-1.00257, 257, 17, 320, 144
-1.00258, 433, 177, 496, 304
-1.00267, 409, 33, 472, 160
-1.00269, 317, 65, 348, 192
-1.00269, 409, 129, 440, 256
-1.00298, 89, 65, 120, 192
-1.00302, 421, 193, 452, 320
-1.00305, 269, 33, 300, 160
-1.00315, 113, 49, 144, 176
-1.00323, 389, 65, 420, 192
-1.00337, 41, 97, 72, 224
-1.00344, 73, 1, 136, 128
-1.00344, 77, 49, 108, 176
-1.00352, 361, 129, 392, 256
-1.00355, 125, 1, 156, 128
-1.00361, 85, 193, 116, 320
-1.00365, 429, 129, 460, 256
-1.0038, 389, 113, 420, 240
-1.00383, 1, 113, 32, 240
-1.00385, 397, 161, 428, 288
-1.00387, 13, 113, 44, 240
-1.0039, 349, 129, 380, 256
-1.00393, 93, 17, 124, 144
-1.00399, 329, 129, 360, 256
-1.00401, 109, 193, 140, 320
-1.00403, 341, 81, 372, 208
-1.00406, 29, 145, 60, 272
-1.00409, 441, 129, 472, 256
-1.00413, 9, 1, 40, 128
-1.00417, 69, 1, 100, 128
-1.00419, 429, 81, 460, 208
-1.00423, 41, 193, 72, 320
-1.00425, 377, 97, 408, 224
-1.00427, 69, 161, 100, 288
-1.00431, 353, 1, 384, 128
-1.00441, 9, 193, 40, 320
-1.00456, 341, 33, 372, 160
-1.00464, 329, 81, 360, 208
-1.00464, 365, 81, 396, 208
-1.00469, 401, 81, 432, 208
-1.00469, 53, 145, 84, 272
-1.00473, 53, 193, 84, 320
-1.00477, 41, 145, 72, 272
-1.00488, 325, 1, 356, 128
-1.00488, 453, 81, 484, 208
-1.00497, 401, 17, 432, 144
-1.00504, 469, 81, 500, 208
-1.00506, 345, 177, 376, 304
-1.0051, 297, 33, 328, 160
-1.00512, 81, 1, 112, 128
-1.00513, 365, 33, 396, 160
-1.00514, 65, 49, 96, 176
-1.00518, 373, 145, 404, 272
-1.0052, 49, 49, 80, 176
-1.00526, 313, 1, 344, 128
-1.00527, 449, 193, 480, 320
-1.00531, 385, 1, 416, 128
-1.00533, 57, 1, 88, 128
-1.00541, 25, 65, 56, 192
-1.00542, 29, 17, 60, 144
-1.00543, 353, 81, 384, 208
-1.00547, 469, 17, 500, 144
-1.0055, 409, 193, 440, 320
-1.00554, 433, 33, 496, 160
-1.00555, 357, 177, 388, 304
-1.00561, 433, 177, 464, 304
-1.00562, 25, 193, 56, 320
-1.00565, 413, 81, 444, 208
-1.00573, 417, 33, 448, 160
-1.00579, 381, 193, 412, 320
-1.00594, 469, 129, 500, 256
-1.00608, 369, 193, 400, 320
-1.00619, 377, 49, 408, 176
-1.00624, 9, 49, 40, 176
-1.00634, 441, 65, 472, 192
-1.00635, 285, 1, 316, 128
