1867
-0.478406, 1, 1, 500, 331
-0.493549, 1, 33, 500, 288
-0.520795, 33, 1, 288, 331
-0.571913, 161, 1, 416, 331
-0.580414, 65, 65, 320, 320
-0.618064, 257, 1, 500, 331
-0.679538, 193, 65, 448, 320
-0.850234, 33, 65, 160, 320
-0.858774, 145, 65, 272, 320
-0.868246, 97, 65, 224, 320
-0.870843, 177, 1, 304, 331
-0.874616, 113, 1, 240, 331
-0.87649, 1, 129, 500, 256
-0.876526, 33, 1, 160, 331
-0.878041, 193, 65, 320, 320
-0.887835, 225, 1, 352, 331
-0.894058, 1, 81, 500, 208
-0.896921, 273, 1, 400, 331
-0.902383, 65, 129, 320, 256
-0.903522, 1, 177, 500, 304
-0.908229, 321, 1, 448, 331
-0.908507, 225, 177, 480, 304
-0.910134, 1, 49, 256, 176
-0.910729, 193, 129, 448, 256
-0.913114, 369, 1, 496, 331
-0.913772, 241, 65, 368, 320
-0.917004, 1, 17, 500, 144
-0.91765, 65, 177, 320, 304
-0.921726, 289, 33, 416, 288
-0.924135, 113, 97, 240, 224
-0.926419, 185, 81, 248, 208
-0.927293, 209, 113, 272, 240
-0.929531, 337, 33, 464, 288
-0.930587, 65, 129, 192, 256
-0.931384, 57, 113, 120, 240
-0.932244, 97, 129, 160, 256
-0.932579, 33, 81, 160, 208
-0.932945, 153, 97, 216, 224
-0.934166, 161, 65, 288, 192
-0.935036, 97, 65, 352, 192
-0.936078, 241, 113, 368, 240
-0.936936, 161, 129, 288, 256
-0.943299, 49, 65, 112, 192
-0.94464, 209, 193, 336, 320
-0.945263, 321, 145, 448, 272
-0.947752, 17, 97, 80, 224
-0.948369, 185, 209, 248, 331
-0.948774, 185, 161, 248, 288
-0.949142, 217, 65, 280, 192
-0.94988, 225, 81, 480, 208
-0.950122, 17, 129, 144, 256
-0.950265, 33, 17, 160, 144
-0.951119, 97, 81, 160, 208
-0.951175, 33, 145, 96, 272
-0.951314, 113, 145, 240, 272
-0.952362, 385, 145, 448, 272
-0.953242, 209, 161, 272, 288
-0.953444, 209, 209, 272, 331
-0.954268, 129, 97, 192, 224
-0.954303, 161, 161, 224, 288
-0.954485, 249, 113, 312, 240
-0.955838, 161, 209, 288, 331
-0.95627, 289, 193, 416, 320
-0.956316, 41, 17, 104, 144
-0.956964, 57, 121, 120, 184
-0.957352, 345, 145, 408, 272
-0.95857, 65, 161, 128, 288
-0.958793, 313, 145, 376, 272
-0.95898, 97, 49, 224, 176
-0.959056, 1, 1, 256, 128
-0.959285, 33, 177, 160, 304
-0.95944, 57, 161, 120, 224
-0.959612, 241, 65, 304, 192
-0.959642, 73, 65, 136, 192
-0.959657, 249, 177, 312, 304
-0.959689, 97, 145, 160, 208
-0.95978, 193, 89, 256, 152
-0.960137, 113, 209, 240, 331
-0.960658, 161, 49, 224, 176
-0.960798, 369, 145, 496, 272
-0.961518, 121, 145, 184, 272
-0.961752, 169, 97, 232, 160
-0.962191, 289, 145, 352, 272
-0.962863, 17, 1, 80, 128
-0.963047, 105, 169, 168, 232
-0.963122, 201, 129, 264, 192
-0.963944, 313, 193, 376, 320
-0.964346, 81, 121, 144, 184
-0.964846, 209, 65, 336, 192
-0.964886, 193, 233, 256, 296
-0.965224, 145, 97, 208, 160
-0.965283, 9, 161, 72, 288
-0.965319, 273, 209, 336, 331
-0.965568, 193, 129, 320, 192
-0.965695, 161, 121, 224, 184
-0.965773, 33, 129, 160, 192
-0.965774, 121, 49, 184, 176
-0.965809, 161, 209, 224, 331
-0.966017, 385, 153, 448, 216
-0.966178, 17, 49, 80, 176
-0.966536, 209, 153, 272, 216
-0.966662, 169, 73, 232, 136
-0.966681, 201, 209, 264, 272
-0.966706, 217, 105, 280, 168
-0.96695, 221, 113, 252, 240
-0.967067, 81, 169, 144, 232
-0.967179, 73, 17, 136, 144
-0.967245, 17, 97, 80, 160
-0.967247, 185, 169, 248, 232
-0.967273, 161, 73, 288, 136
-0.96749, 25, 153, 88, 216
-0.967502, 185, 33, 248, 160
-0.968261, 41, 193, 104, 320
-0.968656, 153, 161, 216, 224
-0.968801, 193, 65, 256, 128
-0.968912, 153, 257, 216, 320
-0.969003, 169, 225, 232, 288
-0.969067, 193, 17, 448, 144
-0.969099, 225, 201, 288, 264
-0.969221, 145, 73, 208, 136
-0.969333, 409, 161, 472, 288
-0.969398, 41, 97, 104, 160
-0.969619, 249, 121, 312, 184
-0.970227, 97, 177, 160, 304
-0.970258, 57, 33, 120, 288
-0.970441, 33, 153, 160, 216
-0.970464, 89, 113, 120, 240
-0.970556, 225, 225, 288, 288
-0.970595, 185, 257, 248, 320
-0.970688, 97, 137, 224, 200
-0.970861, 137, 137, 200, 200
-0.9709, 361, 161, 424, 224
-0.97104, 97, 161, 224, 224
-0.971064, 257, 209, 320, 272
-0.971311, 1, 73, 64, 136
-0.971365, 217, 65, 280, 128
-0.971384, 197, 65, 228, 192
-0.971646, 49, 73, 176, 136
-0.971668, 121, 89, 184, 152
-0.97179, 237, 97, 268, 160
-0.971815, 237, 81, 268, 208
-0.971854, 57, 153, 88, 216
-0.971923, 409, 153, 472, 216
-0.972124, 121, 113, 184, 176
-0.972153, 129, 161, 192, 224
-0.972183, 165, 97, 196, 224
-0.972183, 113, 97, 240, 160
-0.972206, 145, 129, 272, 192
-0.972884, 145, 193, 208, 256
-0.972938, 41, 41, 104, 104
-0.973009, 225, 129, 288, 192
-0.973281, 137, 209, 200, 331
-0.973411, 313, 193, 376, 256
-0.973509, 145, 153, 272, 216
-0.973538, 177, 145, 240, 208
-0.97357, 105, 129, 136, 256
-0.973571, 33, 177, 96, 240
-0.973579, 1, 177, 64, 240
-0.973684, 193, 89, 224, 152
-0.97371, 281, 209, 344, 272
-0.973828, 169, 201, 232, 264
-0.973866, 329, 153, 392, 216
-0.974009, 161, 105, 288, 168
-0.974136, 213, 73, 244, 136
-0.974211, 69, 113, 100, 240
-0.974231, 57, 185, 120, 248
-0.974326, 221, 121, 252, 184
-0.97438, 241, 129, 368, 192
-0.974428, 53, 145, 84, 272
-0.97459, 1, 105, 128, 168
-0.974633, 241, 65, 304, 128
-0.974648, 25, 121, 88, 184
-0.974785, 181, 97, 212, 224
-0.974895, 25, 249, 88, 312
-0.974918, 209, 65, 240, 192
-0.975005, 57, 121, 88, 184
-0.975022, 385, 177, 448, 240
-0.975042, 345, 185, 408, 248
-0.975052, 81, 65, 144, 128
-0.975061, 49, 65, 112, 128
-0.975067, 73, 265, 136, 328
-0.975101, 97, 1, 352, 128
-0.975111, 97, 89, 160, 152
-0.975135, 65, 97, 128, 160
-0.97521, 145, 217, 208, 280
-0.975298, 93, 121, 124, 184
-0.975364, 337, 193, 400, 320
-0.975372, 337, 169, 464, 232
-0.975409, 177, 225, 304, 288
-0.975441, 297, 145, 360, 208
-0.975584, 65, 41, 128, 104
-0.975647, 201, 233, 232, 296
-0.975658, 165, 97, 196, 160
-0.975731, 1, 265, 64, 328
-0.976074, 161, 65, 224, 320
-0.976084, 185, 113, 216, 176
-0.976115, 193, 65, 256, 320
-0.976244, 129, 257, 192, 320
-0.976263, 209, 105, 336, 168
-0.976333, 249, 185, 312, 248
-0.976353, 189, 177, 220, 304
-0.976429, 33, 1, 96, 256
-0.976502, 53, 49, 84, 176
-0.976545, 213, 209, 244, 331
-0.976575, 201, 113, 232, 240
-0.976582, 201, 145, 232, 208
-0.976592, 217, 65, 280, 320
-0.976599, 289, 81, 416, 208
-0.976704, 45, 169, 76, 232
-0.976802, 33, 177, 160, 240
-0.976891, 17, 49, 80, 112
-0.976973, 77, 121, 108, 184
-0.977091, 69, 161, 100, 224
-0.977091, 89, 161, 120, 224
-0.977107, 273, 97, 336, 224
-0.977145, 81, 1, 144, 64
-0.977182, 177, 193, 304, 256
-0.977198, 81, 193, 144, 256
-0.977288, 49, 265, 112, 328
-0.977325, 273, 129, 336, 192
-0.977328, 41, 1, 72, 128
-0.977688, 241, 89, 304, 152
-0.97769, 237, 129, 268, 256
-0.977759, 121, 57, 184, 120
-0.977969, 109, 137, 140, 200
-0.978113, 253, 177, 284, 304
-0.978181, 189, 233, 220, 296
-0.978332, 33, 113, 64, 240
-0.978346, 89, 241, 152, 304
-0.978406, 25, 73, 88, 136
-0.978429, 113, 65, 176, 320
-0.97852, 41, 9, 104, 72
-0.978562, 121, 193, 184, 256
-0.978592, 153, 81, 184, 208
-0.97862, 225, 177, 288, 240
-0.978635, 237, 73, 268, 136
-0.978675, 329, 97, 392, 224
-0.978703, 329, 145, 360, 272
-0.978768, 81, 65, 144, 320
-0.978775, 169, 73, 200, 136
-0.978897, 377, 97, 440, 224
-0.978925, 205, 121, 236, 184
-0.978946, 81, 65, 112, 192
-0.978949, 225, 97, 256, 160
-0.979039, 225, 209, 352, 272
-0.979082, 209, 161, 240, 288
-0.97913, 221, 65, 252, 192
-0.979136, 349, 145, 380, 272
-0.97914, 409, 209, 472, 331
-0.979216, 65, 241, 128, 304
-0.979236, 105, 265, 168, 328
-0.979238, 113, 73, 240, 136
-0.979299, 257, 121, 288, 184
-0.979332, 209, 257, 272, 320
-0.97943, 197, 65, 228, 128
-0.979463, 17, 1, 80, 64
-0.979607, 101, 177, 132, 240
-0.979658, 41, 225, 104, 288
-0.979681, 201, 257, 232, 320
-0.979716, 217, 209, 248, 272
-0.979718, 237, 129, 268, 192
-0.979808, 249, 65, 280, 128
-0.979872, 57, 97, 88, 224
-0.979954, 249, 113, 280, 240
-0.979985, 181, 137, 212, 200
-0.980009, 425, 113, 488, 240
-0.980216, 393, 129, 456, 192
-0.980256, 377, 153, 408, 216
-0.980258, 133, 153, 164, 216
-0.980262, 329, 129, 392, 192
-0.980308, 173, 49, 204, 176
-0.980351, 161, 49, 224, 112
-0.980387, 257, 153, 384, 216
-0.980467, 1, 65, 128, 128
-0.98057, 181, 257, 212, 320
-0.980637, 9, 1, 72, 256
-0.980772, 409, 177, 472, 240
-0.980834, 1, 225, 64, 288
-0.980871, 249, 49, 280, 176
-0.980956, 289, 185, 416, 248
-0.980988, 1, 121, 64, 184
-0.981009, 149, 97, 180, 160
-0.981034, 65, 97, 192, 160
-0.981099, 369, 145, 400, 272
-0.98111, 361, 137, 424, 200
-0.981125, 229, 209, 260, 272
-0.981238, 161, 17, 288, 144
-0.981243, 121, 225, 184, 288
-0.981308, 337, 193, 464, 320
-0.981328, 97, 217, 160, 280
-0.981375, 257, 65, 320, 320
-0.98142, 297, 241, 360, 304
-0.98148, 209, 41, 272, 104
-0.981516, 305, 97, 368, 224
-0.981542, 241, 257, 304, 320
-0.981544, 265, 249, 328, 312
-0.981562, 409, 145, 440, 272
-0.981573, 1, 153, 64, 216
-0.981631, 389, 153, 420, 216
-0.98176, 169, 241, 200, 304
-0.981779, 65, 209, 128, 331
-0.981793, 433, 153, 496, 216
-0.981821, 145, 169, 176, 232
-0.981835, 261, 113, 292, 240
-0.981862, 65, 17, 96, 144
-0.981863, 209, 97, 240, 160
-0.981926, 249, 89, 280, 152
-0.981992, 89, 25, 152, 88
-0.982034, 257, 41, 320, 104
-0.982077, 317, 145, 348, 272
-0.982085, 125, 81, 156, 208
-0.982173, 401, 153, 432, 216
-0.982256, 33, 201, 96, 264
-0.982326, 49, 1, 112, 331
-0.982377, 249, 145, 312, 208
-0.982402, 37, 105, 68, 168
-0.982424, 121, 33, 184, 96
-0.982445, 305, 121, 368, 184
-0.982447, 225, 177, 352, 240
-0.982468, 113, 169, 144, 232
-0.982487, 65, 97, 96, 160
-0.982664, 129, 217, 256, 280
-0.982671, 417, 145, 448, 208
-0.982694, 1, 201, 64, 264
-0.982702, 425, 129, 488, 192
-0.982845, 209, 1, 272, 128
-0.982876, 353, 97, 416, 224
-0.982906, 337, 145, 464, 208
-0.982924, 209, 65, 336, 128
-0.982924, 289, 169, 352, 232
-0.982983, 241, 193, 272, 320
-0.982986, 249, 201, 280, 264
-0.983059, 381, 145, 412, 272
-0.983086, 81, 161, 112, 288
-0.983202, 425, 217, 488, 280
-0.98325, 53, 73, 84, 136
-0.983274, 97, 33, 160, 160
-0.983311, 121, 145, 152, 208
-0.983316, 137, 65, 200, 320
-0.983387, 401, 225, 464, 288
-0.983414, 201, 209, 232, 331
-0.983528, 369, 257, 432, 320
-0.983538, 361, 193, 424, 320
-0.983586, 33, 65, 64, 192
-0.98359, 193, 193, 224, 256
-0.983676, 77, 17, 108, 144
-0.983732, 181, 81, 212, 144
-0.983758, 393, 265, 456, 328
-0.983842, 141, 129, 172, 256
-0.983852, 129, 193, 256, 256
-0.983885, 121, 145, 152, 272
-0.98401, 321, 265, 384, 328
-0.984012, 417, 265, 480, 328
-0.984024, 273, 105, 336, 168
-0.984053, 385, 193, 448, 320
-0.984165, 193, 169, 224, 232
-0.984222, 209, 17, 336, 144
-0.984358, 17, 25, 80, 88
-0.98448, 105, 81, 136, 208
-0.98456, 361, 161, 392, 224
-0.984594, 69, 65, 100, 192
-0.984626, 145, 265, 272, 328
-0.984648, 337, 97, 464, 224
-0.984649, 81, 49, 208, 112
-0.984655, 1, 209, 64, 331
-0.98472, 305, 33, 368, 288
-0.984746, 329, 241, 392, 304
-0.984786, 129, 1, 192, 64
-0.984869, 289, 265, 352, 328
-0.984981, 213, 233, 244, 296
-0.985012, 181, 209, 212, 272
-0.985078, 237, 153, 268, 216
-0.985084, 137, 129, 168, 192
-0.985128, 69, 41, 100, 104
-0.985146, 397, 145, 428, 272
-0.985211, 417, 65, 480, 128
-0.985222, 245, 177, 276, 240
-0.985413, 385, 33, 448, 288
-0.985421, 425, 241, 488, 304
-0.985444, 93, 65, 124, 192
-0.985506, 301, 129, 332, 256
-0.985535, 345, 265, 408, 328
-0.985593, 73, 217, 136, 280
-0.985666, 37, 161, 68, 288
-0.985706, 201, 1, 264, 331
-0.985707, 317, 193, 348, 320
-0.985715, 433, 105, 496, 168
-0.985766, 93, 161, 124, 288
-0.985788, 393, 41, 456, 104
-0.985817, 353, 233, 416, 296
-0.985822, 213, 161, 244, 224
-0.985912, 97, 249, 224, 312
-0.985932, 277, 209, 308, 331
-0.986118, 105, 1, 168, 64
-0.986121, 149, 73, 180, 136
-0.986162, 61, 193, 92, 320
-0.986186, 177, 209, 208, 331
-0.986194, 165, 121, 196, 184
-0.986203, 401, 201, 464, 264
-0.986232, 433, 41, 496, 104
-0.986259, 421, 161, 452, 288
-0.986301, 369, 17, 432, 80
-0.986311, 361, 89, 424, 152
-0.986349, 249, 1, 312, 331
-0.986362, 73, 185, 104, 248
-0.986368, 57, 177, 88, 240
-0.986379, 25, 65, 56, 128
-0.986539, 225, 65, 256, 128
-0.9866, 17, 177, 48, 304
-0.986618, 13, 73, 44, 136
-0.986654, 177, 145, 208, 272
-0.986663, 73, 1, 136, 331
-0.986674, 161, 1, 224, 331
-0.986709, 45, 97, 76, 224
-0.986711, 185, 49, 216, 176
-0.986728, 225, 161, 256, 288
-0.986759, 25, 1, 88, 331
-0.986798, 81, 185, 208, 248
-0.986868, 161, 49, 288, 112
-0.986892, 45, 145, 76, 208
-0.986896, 281, 33, 344, 288
-0.986943, 353, 185, 384, 248
-0.98703, 37, 57, 68, 120
-0.987061, 69, 17, 100, 80
-0.98709, 49, 17, 176, 80
-0.987175, 17, 41, 144, 104
-0.987275, 341, 185, 372, 248
-0.987298, 121, 1, 184, 331
-0.98734, 293, 137, 324, 200
-0.987342, 173, 185, 204, 248
-0.98741, 201, 225, 264, 256
-0.987416, 329, 33, 392, 288
-0.987434, 49, 149, 112, 180
-0.987445, 349, 161, 380, 224
-0.987484, 57, 49, 88, 112
-0.98753, 377, 177, 408, 240
-0.987551, 257, 33, 384, 160
-0.987578, 289, 209, 320, 272
-0.987595, 289, 129, 416, 192
-0.987607, 85, 97, 116, 160
-0.987678, 9, 65, 40, 192
-0.987707, 333, 153, 364, 216
-0.987743, 225, 1, 288, 331
-0.98776, 17, 169, 48, 232
-0.987808, 225, 233, 256, 296
-0.987832, 53, 1, 84, 128
-0.987888, 53, 97, 84, 160
-0.987889, 333, 193, 364, 320
-0.98796, 225, 153, 256, 216
-0.987967, 249, 233, 280, 296
-0.988002, 273, 209, 400, 272
-0.988009, 413, 185, 444, 248
-0.98802, 193, 85, 256, 116
-0.988068, 277, 129, 308, 192
-0.988079, 273, 217, 304, 280
-0.988103, 5, 97, 36, 160
-0.988113, 57, 125, 120, 156
-0.988131, 137, 89, 168, 152
-0.988144, 161, 209, 192, 331
-0.988146, 265, 209, 296, 331
-0.988168, 105, 173, 168, 204
-0.988212, 393, 177, 424, 240
-0.98829, 305, 209, 336, 331
-0.988292, 273, 129, 304, 256
-0.988371, 265, 185, 296, 248
-0.988404, 21, 49, 52, 176
-0.988441, 57, 169, 120, 200
-0.988446, 145, 121, 208, 152
-0.988465, 89, 185, 120, 248
-0.98847, 353, 65, 416, 320
-0.988537, 149, 121, 180, 184
-0.988563, 125, 177, 156, 240
-0.98859, 225, 213, 288, 244
-0.988596, 201, 129, 264, 160
-0.988645, 65, 189, 128, 220
-0.988664, 185, 237, 248, 268
-0.988698, 305, 249, 432, 312
-0.988763, 237, 33, 268, 160
-0.988765, 41, 109, 104, 140
-0.988803, 49, 137, 112, 168
-0.988808, 317, 201, 348, 264
-0.988849, 177, 117, 240, 148
-0.988859, 97, 153, 160, 184
-0.988904, 241, 225, 304, 256
-0.988953, 425, 33, 488, 288
-0.988967, 5, 257, 36, 320
-0.988975, 257, 265, 384, 328
-0.989058, 433, 177, 496, 304
-0.989061, 225, 209, 256, 331
-0.989065, 193, 153, 320, 216
-0.98908, 153, 77, 216, 108
-0.989103, 121, 1, 184, 128
-0.98918, 73, 141, 136, 172
-0.989195, 1, 1, 128, 64
-0.989218, 121, 133, 184, 164
-0.98926, 217, 65, 280, 96
-0.989262, 81, 25, 112, 88
-0.989273, 25, 89, 56, 152
-0.989294, 261, 65, 292, 192
-0.989314, 193, 97, 256, 128
-0.989315, 249, 145, 280, 208
-0.989318, 281, 1, 344, 331
-0.989332, 97, 1, 160, 331
-0.989336, 261, 217, 292, 280
-0.989339, 425, 185, 456, 248
-0.989376, 161, 133, 224, 164
-0.989384, 205, 209, 236, 272
-0.989423, 185, 149, 248, 180
-0.989444, 97, 141, 160, 172
-0.989458, 169, 93, 232, 124
-0.989464, 89, 185, 152, 216
-0.989483, 257, 133, 320, 164
-0.989536, 65, 169, 320, 232
-0.989584, 289, 209, 320, 331
-0.989653, 157, 249, 188, 312
-0.989676, 25, 185, 88, 216
-0.989697, 9, 101, 72, 132
-0.989705, 169, 217, 200, 280
-0.989714, 113, 1, 240, 128
-0.989768, 209, 161, 272, 192
-0.989827, 153, 253, 216, 284
-0.989863, 361, 181, 424, 212
-0.989881, 185, 265, 248, 296
-0.989891, 25, 165, 88, 196
-0.989899, 81, 125, 144, 156
-0.989919, 33, 97, 288, 160
-0.98992, 289, 129, 320, 256
-0.989947, 265, 217, 328, 248
-0.989954, 1, 73, 32, 136
-0.989961, 193, 249, 256, 280
-0.990007, 181, 161, 212, 224
-0.990018, 225, 237, 288, 268
-0.990035, 209, 109, 272, 140
-0.990039, 349, 193, 380, 320
-0.990044, 185, 169, 248, 200
-0.990048, 9, 117, 72, 148
-0.990061, 153, 161, 184, 288
-0.990106, 1, 257, 128, 320
-0.99016, 401, 81, 464, 208
-0.990168, 385, 157, 448, 188
-0.990184, 193, 73, 256, 104
-0.99019, 197, 17, 228, 144
-0.9902, 33, 121, 288, 184
-0.990208, 317, 129, 348, 192
-0.990229, 125, 121, 156, 184
-0.990232, 61, 201, 92, 264
-0.990236, 305, 201, 336, 264
-0.990241, 33, 153, 64, 216
-0.990244, 177, 217, 240, 248
-0.990249, 329, 193, 360, 256
-0.990278, 321, 1, 384, 331
-0.990282, 141, 81, 172, 208
-0.990294, 105, 193, 136, 320
-0.990319, 237, 233, 268, 296
-0.990319, 25, 61, 88, 92
-0.99033, 85, 241, 116, 304
-0.990379, 145, 185, 208, 216
-0.990388, 1, 137, 500, 200
-0.990412, 161, 105, 224, 136
-0.990456, 121, 89, 184, 120
-0.990485, 229, 41, 260, 104
-0.990485, 41, 81, 72, 144
-0.990489, 153, 165, 216, 196
-0.990491, 233, 121, 296, 152
-0.990505, 217, 77, 280, 108
-0.990529, 125, 89, 156, 152
-0.99053, 233, 101, 296, 132
-0.990533, 337, 189, 400, 220
-0.990535, 121, 185, 184, 216
-0.990547, 161, 237, 224, 268
-0.990562, 57, 69, 120, 100
-0.990564, 17, 257, 48, 320
-0.990572, 185, 181, 248, 212
-0.990594, 161, 1, 224, 128
-0.990612, 109, 265, 140, 328
-0.990613, 161, 265, 224, 296
-0.990645, 9, 301, 72, 331
-0.990653, 169, 161, 200, 224
-0.990654, 1, 177, 32, 304
-0.990684, 249, 205, 312, 236
-0.990708, 229, 185, 260, 248
-0.990739, 201, 213, 264, 244
-0.990747, 305, 137, 336, 200
-0.990782, 129, 169, 192, 200
-0.990821, 1, 73, 256, 136
-0.990881, 209, 173, 272, 204
-0.990883, 161, 129, 416, 192
-0.990896, 261, 57, 292, 120
-0.990901, 105, 121, 168, 152
-0.990908, 25, 137, 88, 168
-0.990909, 37, 1, 68, 64
-0.990923, 289, 209, 352, 240
-0.990924, 33, 121, 96, 152
-0.990929, 41, 197, 104, 228
-0.990939, 145, 249, 176, 312
-0.990975, 81, 225, 208, 288
-0.990988, 81, 173, 144, 204
-0.991027, 209, 249, 336, 312
-0.991073, 225, 133, 288, 164
-0.991077, 73, 153, 136, 184
-0.991081, 5, 113, 36, 240
-0.991081, 1, 177, 32, 240
-0.991087, 345, 1, 408, 331
-0.991095, 361, 97, 392, 224
-0.991105, 313, 201, 376, 232
-0.991122, 9, 73, 72, 104
-0.991147, 161, 145, 224, 176
-0.991149, 61, 233, 92, 296
-0.991154, 137, 109, 200, 140
-0.991173, 13, 233, 44, 296
-0.991184, 437, 153, 468, 216
-0.991208, 385, 181, 448, 212
-0.991227, 33, 217, 160, 280
-0.991254, 65, 145, 320, 208
-0.99126, 185, 57, 216, 120
-0.9913, 217, 185, 280, 216
-0.991302, 377, 1, 440, 331
-0.991318, 369, 1, 432, 128
-0.991324, 41, 93, 104, 124
-0.991342, 1, 181, 64, 212
-0.991343, 113, 241, 144, 304
-0.991391, 281, 141, 344, 172
-0.991428, 241, 65, 304, 96
-0.991439, 185, 277, 248, 308
-0.99147, 89, 181, 120, 212
-0.991472, 305, 153, 368, 184
-0.991482, 165, 129, 196, 160
-0.991502, 185, 201, 248, 232
-0.991556, 197, 81, 228, 112
-0.991587, 201, 233, 232, 264
-0.991619, 225, 185, 480, 248
-0.99162, 145, 201, 208, 232
-0.991626, 145, 89, 208, 120
-0.991671, 113, 197, 176, 228
-0.991702, 153, 225, 216, 256
-0.991729, 425, 181, 488, 212
-0.991733, 369, 1, 496, 128
-0.991745, 389, 97, 420, 224
-0.991757, 193, 153, 448, 216
-0.991762, 25, 149, 88, 180
-0.99177, 73, 253, 136, 284
-0.99177, 25, 265, 88, 296
-0.991774, 1, 1, 64, 331
-0.991782, 161, 285, 224, 316
-0.991791, 49, 57, 112, 88
-0.991791, 229, 217, 260, 248
-0.991822, 1, 161, 500, 224
-0.991825, 337, 161, 400, 192
-0.991826, 437, 129, 468, 256
-0.991838, 185, 121, 216, 152
-0.991839, 393, 169, 456, 200
-0.991845, 33, 277, 96, 308
-0.991871, 57, 41, 120, 72
-0.991872, 57, 157, 88, 188
-0.991873, 213, 225, 244, 256
-0.991879, 425, 1, 488, 331
-0.991885, 105, 77, 168, 108
-0.991891, 129, 257, 192, 288
-0.991903, 57, 137, 88, 168
-0.991922, 9, 89, 72, 120
-0.991928, 197, 93, 228, 124
-0.991976, 49, 265, 176, 328
-0.991983, 41, 21, 104, 52
-0.992026, 165, 145, 196, 272
-0.992034, 81, 33, 144, 64
-0.992037, 413, 97, 444, 224
-0.992041, 105, 169, 136, 200
-0.992056, 257, 193, 320, 224
-0.992064, 21, 1, 52, 128
-0.992094, 145, 173, 176, 204
-0.992099, 189, 133, 220, 164
-0.992114, 1, 261, 64, 292
-0.992165, 245, 221, 276, 252
-0.992183, 145, 33, 176, 160
-0.992183, 1, 49, 256, 112
-0.992185, 173, 117, 204, 148
-0.992199, 217, 249, 280, 280
-0.992201, 237, 101, 268, 132
-0.992201, 425, 169, 488, 200
-0.992202, 209, 73, 240, 104
-0.992209, 41, 81, 104, 112
-0.992217, 361, 157, 424, 188
-0.992237, 57, 121, 88, 152
-0.992239, 233, 89, 296, 120
-0.992284, 213, 125, 244, 156
-0.992285, 129, 169, 160, 200
-0.99229, 201, 261, 232, 292
-0.992298, 53, 173, 84, 204
-0.9923, 33, 293, 96, 324
-0.992311, 241, 89, 272, 120
-0.99232, 225, 125, 256, 156
-0.992328, 57, 241, 120, 272
-0.992334, 209, 145, 272, 176
-0.992338, 181, 265, 212, 296
-0.992338, 65, 113, 128, 144
-0.99234, 201, 145, 232, 176
-0.992355, 233, 145, 296, 176
-0.99236, 401, 301, 464, 331
-0.992362, 121, 145, 184, 176
-0.992377, 169, 65, 232, 96
-0.992383, 41, 253, 104, 284
-0.992384, 169, 105, 200, 136
-0.992392, 89, 197, 152, 228
-0.992397, 113, 145, 144, 176
-0.9924, 209, 261, 272, 292
-0.992408, 81, 81, 144, 112
-0.992418, 9, 277, 72, 308
-0.99244, 65, 201, 128, 232
-0.992459, 121, 209, 184, 240
-0.992463, 241, 209, 272, 240
-0.992468, 225, 69, 256, 100
-0.992473, 201, 129, 232, 160
-0.992483, 129, 241, 192, 272
-0.992486, 73, 273, 136, 304
-0.992488, 89, 121, 120, 152
-0.992491, 217, 85, 248, 116
-0.992517, 129, 73, 384, 136
-0.992518, 121, 301, 184, 331
-0.992541, 337, 149, 400, 180
-0.992542, 113, 269, 176, 300
-0.992611, 265, 133, 296, 164
-0.99262, 73, 193, 104, 224
-0.992688, 189, 249, 220, 280
-0.992697, 77, 169, 108, 200
-0.9927, 197, 117, 228, 148
-0.992728, 181, 237, 212, 268
-0.992731, 225, 157, 256, 188
-0.99274, 153, 125, 184, 156
-0.992755, 113, 181, 144, 212
-0.992756, 101, 189, 132, 220
-0.992759, 229, 229, 260, 260
-0.992761, 77, 141, 108, 172
-0.992771, 201, 245, 232, 276
-0.992782, 69, 157, 100, 188
-0.992783, 201, 157, 232, 188
-0.992792, 213, 253, 244, 284
-0.992802, 105, 157, 136, 188
-0.992886, 41, 117, 72, 148
-0.992891, 193, 209, 448, 272
-0.9929, 197, 181, 228, 212
-0.992904, 249, 73, 280, 104
-0.992905, 77, 121, 108, 152
-0.992911, 197, 69, 228, 100
-0.992916, 253, 205, 284, 236
-0.992928, 237, 161, 268, 192
-0.992935, 61, 193, 92, 224
-0.992935, 257, 217, 288, 248
-0.992941, 245, 233, 276, 264
-0.992957, 29, 101, 60, 132
-0.992968, 249, 125, 280, 156
-0.992989, 177, 137, 208, 168
-0.993009, 49, 185, 80, 216
-0.993025, 89, 17, 120, 144
-0.993025, 181, 101, 212, 132
-0.99303, 65, 169, 96, 200
-0.993037, 153, 97, 184, 128
-0.99304, 389, 177, 420, 208
-0.993068, 229, 241, 260, 272
-0.993076, 201, 221, 232, 252
-0.993092, 69, 109, 100, 140
-0.993116, 197, 273, 228, 304
-0.993124, 65, 193, 320, 256
-0.993132, 241, 33, 368, 96
-0.993137, 213, 237, 244, 268
-0.993142, 369, 217, 496, 280
-0.993161, 85, 157, 116, 188
-0.993164, 101, 133, 132, 164
-0.993178, 177, 129, 304, 160
-0.993184, 141, 89, 172, 120
-0.993199, 89, 145, 120, 176
-0.993199, 149, 185, 180, 216
-0.993203, 245, 141, 276, 172
-0.993204, 21, 97, 52, 224
-0.993208, 281, 221, 312, 252
-0.993217, 33, 165, 64, 196
-0.993226, 177, 77, 208, 108
-0.993229, 1, 89, 500, 152
-0.993235, 249, 61, 280, 92
-0.993237, 197, 169, 228, 200
-0.993239, 181, 225, 212, 256
-0.993247, 237, 65, 268, 96
-0.993256, 189, 157, 220, 188
-0.993267, 125, 181, 156, 212
-0.993274, 273, 105, 400, 168
-0.993277, 153, 85, 184, 116
-0.993277, 77, 181, 108, 212
-0.993278, 145, 85, 272, 116
-0.993279, 61, 205, 92, 236
-0.993287, 137, 133, 168, 164
-0.993288, 217, 213, 248, 244
-0.993291, 93, 169, 124, 200
-0.993303, 37, 185, 68, 216
-0.993303, 241, 113, 272, 144
-0.993322, 329, 201, 360, 232
-0.993324, 217, 97, 248, 128
-0.993326, 341, 193, 372, 224
-0.993327, 177, 253, 208, 284
-0.993342, 133, 157, 164, 188
-0.993345, 113, 133, 240, 164
-0.993357, 49, 53, 80, 84
-0.99336, 61, 129, 76, 192
-0.993364, 209, 169, 240, 200
-0.993371, 103, 161, 118, 224
-0.993372, 417, 153, 448, 184
-0.99338, 261, 229, 292, 260
-0.993384, 161, 181, 192, 212
-0.993391, 249, 101, 280, 132
-0.993396, 189, 113, 204, 176
-0.993404, 213, 113, 244, 144
-0.993405, 49, 105, 80, 136
-0.993409, 89, 193, 120, 224
-0.993432, 353, 249, 480, 312
-0.993455, 401, 181, 432, 212
-0.993467, 67, 161, 82, 224
-0.993489, 125, 137, 156, 168
-0.993495, 61, 73, 92, 104
-0.993496, 17, 177, 48, 208
-0.993507, 73, 209, 104, 331
-0.993531, 125, 125, 156, 156
-0.993544, 373, 185, 404, 216
-0.993544, 61, 49, 92, 80
-0.993546, 353, 189, 384, 220
-0.993549, 189, 193, 220, 224
-0.99355, 277, 133, 308, 164
-0.99355, 417, 177, 448, 208
-0.993563, 45, 153, 76, 184
-0.993566, 321, 1, 448, 128
-0.993569, 5, 101, 36, 132
-0.993594, 133, 77, 164, 108
-0.9936, 245, 181, 276, 212
-0.993606, 301, 213, 332, 244
-0.993606, 213, 153, 244, 184
-0.993608, 33, 301, 64, 331
-0.993615, 185, 89, 216, 120
-0.993616, 185, 281, 216, 312
-0.993697, 101, 17, 132, 144
-0.993724, 49, 193, 80, 320
-0.993726, 217, 17, 248, 144
-0.993728, 33, 125, 160, 156
-0.993821, 337, 121, 464, 184
-0.993843, 65, 173, 192, 204
-0.99386, 265, 49, 328, 176
-0.993902, 129, 105, 384, 168
-0.993906, 345, 17, 408, 144
-0.993951, 333, 97, 364, 224
-0.993951, 349, 97, 380, 224
-0.993972, 257, 1, 320, 128
-0.994017, 177, 97, 192, 160
-0.994045, 33, 25, 288, 88
-0.994069, 195, 89, 210, 152
-0.994083, 209, 81, 224, 144
-0.99411, 183, 105, 198, 168
-0.994124, 251, 65, 266, 128
-0.99429, 401, 97, 432, 224
-0.994335, 239, 113, 254, 176
-0.994344, 361, 193, 392, 320
-0.994392, 57, 153, 72, 216
-0.994393, 33, 137, 160, 168
-0.994396, 401, 1, 464, 331
-0.994406, 313, 97, 344, 224
-0.994407, 201, 81, 216, 144
-0.994436, 101, 121, 116, 184
-0.994488, 97, 265, 352, 328
-0.994489, 171, 97, 186, 160
-0.994489, 209, 141, 336, 172
-0.994527, 145, 97, 272, 128
-0.99456, 73, 153, 88, 216
-0.994633, 233, 113, 248, 176
-0.994661, 337, 181, 464, 212
-0.994665, 1, 241, 256, 304
-0.994685, 51, 113, 66, 176
-0.994712, 49, 161, 176, 192
-0.994766, 285, 81, 316, 208
-0.994774, 97, 169, 112, 232
-0.994777, 337, 193, 464, 256
-0.994781, 177, 173, 304, 204
-0.9948, 247, 129, 262, 192
-0.994803, 217, 121, 232, 184
-0.994845, 145, 73, 272, 104
-0.994861, 177, 225, 304, 256
-0.994864, 253, 137, 268, 200
-0.994876, 207, 225, 222, 288
-0.994889, 33, 149, 160, 180
-0.994898, 199, 257, 214, 320
-0.994909, 97, 89, 224, 120
-0.994932, 425, 49, 488, 176
-0.994957, 223, 121, 238, 184
-0.99497, 1, 217, 500, 280
-0.994979, 161, 241, 416, 304
-0.994993, 65, 185, 192, 216
-0.994995, 117, 137, 132, 200
-0.994998, 177, 245, 304, 276
-0.995003, 259, 137, 274, 200
-0.995044, 129, 169, 256, 200
-0.995058, 235, 89, 250, 152
-0.995104, 87, 113, 102, 176
-0.995116, 241, 89, 256, 152
-0.995125, 195, 121, 210, 184
-0.995127, 321, 161, 448, 192
-0.995127, 53, 89, 68, 152
-0.995138, 197, 185, 212, 248
-0.995158, 157, 33, 188, 160
-0.995167, 1, 69, 128, 100
-0.995174, 97, 1, 224, 64
-0.995179, 193, 233, 208, 296
-0.995182, 207, 121, 222, 184
-0.995186, 129, 157, 256, 188
-0.995195, 113, 145, 240, 176
-0.995199, 113, 181, 240, 212
-0.995199, 177, 213, 304, 244
-0.995207, 57, 33, 88, 288
-0.995209, 183, 241, 198, 304
-0.99521, 81, 121, 208, 152
-0.995213, 383, 153, 398, 216
-0.99522, 93, 145, 108, 208
-0.995233, 33, 93, 160, 124
-0.995253, 225, 209, 240, 272
-0.995261, 205, 145, 220, 208
-0.995366, 215, 73, 230, 136
-0.995371, 1, 33, 500, 96
-0.995374, 403, 153, 418, 216
-0.995382, 251, 89, 266, 152
-0.995387, 165, 97, 180, 160
-0.99539, 79, 145, 94, 208
-0.995394, 257, 113, 272, 176
-0.995412, 113, 177, 128, 240
-0.995418, 129, 229, 256, 260
-0.995428, 97, 217, 352, 280
-0.995438, 133, 153, 148, 216
-0.99544, 159, 97, 174, 160
-0.995471, 225, 105, 480, 168
-0.995472, 109, 153, 124, 216
-0.995482, 201, 121, 216, 184
-0.995499, 107, 129, 122, 192
-0.99551, 257, 57, 272, 120
-0.995511, 185, 73, 200, 136
-0.995523, 49, 73, 176, 104
-0.995525, 1, 113, 128, 144
-0.995532, 79, 121, 94, 184
-0.995536, 17, 177, 144, 208
-0.995537, 241, 201, 368, 232
-0.995616, 221, 73, 236, 136
-0.995639, 211, 145, 226, 208
-0.995646, 225, 213, 352, 244
-0.995671, 129, 121, 256, 152
-0.995693, 105, 65, 136, 320
-0.995702, 225, 73, 480, 136
-0.995704, 377, 153, 392, 216
-0.995729, 147, 153, 162, 216
-0.995758, 215, 217, 230, 280
-0.995759, 263, 65, 278, 128
-0.995768, 177, 73, 192, 136
-0.995802, 61, 105, 76, 168
-0.995813, 161, 25, 288, 88
-0.995815, 225, 233, 352, 264
-0.995829, 69, 121, 84, 184
-0.995837, 189, 257, 204, 320
-0.995849, 199, 145, 214, 208
-0.995858, 257, 129, 500, 192
-0.995863, 225, 49, 480, 112
-0.995863, 133, 177, 164, 304
-0.995864, 171, 73, 186, 136
-0.995864, 397, 153, 412, 216
-0.995879, 205, 57, 220, 120
-0.995879, 231, 225, 246, 288
-0.995917, 241, 189, 368, 220
-0.995919, 389, 153, 404, 216
-0.995941, 373, 193, 404, 320
-0.995947, 97, 257, 224, 288
-0.995955, 69, 193, 84, 256
-0.995963, 139, 153, 154, 216
-0.995975, 207, 257, 222, 320
-0.995976, 97, 49, 352, 112
-0.995976, 93, 113, 108, 176
-0.995978, 33, 1, 288, 64
-0.995979, 191, 185, 206, 248
-0.995981, 177, 117, 304, 148
-0.995998, 1, 113, 500, 176
-0.996003, 249, 1, 280, 128
-0.996005, 51, 161, 66, 224
-0.996005, 187, 217, 202, 280
-0.996021, 1, 265, 256, 328
-0.996027, 107, 185, 122, 248
-0.996032, 413, 153, 428, 216
-0.996033, 321, 193, 448, 224
-0.996034, 17, 189, 144, 220
-0.996043, 61, 177, 76, 240
-0.996057, 371, 161, 386, 224
-0.996071, 409, 193, 440, 320
-0.996084, 193, 69, 320, 100
-0.996087, 145, 201, 272, 232
-0.996095, 63, 49, 78, 112
-0.996113, 257, 177, 272, 240
-0.996118, 193, 93, 320, 124
-0.996119, 119, 169, 134, 232
-0.996135, 257, 57, 384, 120
-0.996143, 181, 65, 212, 320
-0.996155, 377, 97, 408, 224
-0.996156, 199, 233, 214, 296
-0.996157, 215, 97, 230, 160
-0.996162, 243, 209, 258, 272
-0.996163, 321, 25, 448, 88
-0.996181, 265, 121, 280, 184
-0.996186, 225, 129, 352, 160
-0.996195, 195, 209, 210, 272
-0.9962, 1, 217, 256, 280
-0.996201, 129, 241, 256, 272
-0.996205, 241, 65, 256, 128
-0.996207, 157, 73, 172, 136
-0.99622, 213, 33, 244, 288
-0.99622, 273, 81, 304, 208
-0.996234, 113, 213, 240, 244
-0.99624, 1, 249, 500, 312
-0.996269, 123, 145, 138, 208
-0.996279, 33, 297, 160, 328
-0.996296, 257, 89, 272, 152
-0.996296, 161, 185, 288, 216
-0.996302, 85, 161, 100, 224
-0.996309, 193, 81, 320, 112
-0.99631, 97, 77, 224, 108
-0.996311, 161, 141, 288, 172
-0.996314, 215, 241, 230, 304
-0.996344, 1, 161, 128, 192
-0.996357, 365, 161, 380, 224
-0.996406, 421, 145, 436, 208
-0.996414, 125, 169, 140, 232
-0.996415, 1, 185, 500, 248
-0.99642, 429, 145, 444, 208
-0.996426, 265, 185, 280, 248
-0.996426, 369, 49, 496, 176
-0.99643, 273, 1, 400, 64
-0.996472, 49, 45, 176, 76
-0.996475, 273, 213, 400, 244
-0.996477, 149, 97, 164, 160
-0.996479, 159, 177, 174, 240
-0.996497, 71, 41, 86, 104
-0.996515, 353, 185, 368, 248
-0.996547, 193, 265, 448, 328
-0.996548, 91, 169, 106, 232
-0.996549, 79, 169, 94, 232
-0.996552, 177, 257, 304, 288
-0.996556, 193, 65, 208, 128
-0.996558, 429, 185, 444, 248
-0.996566, 47, 89, 62, 152
-0.996577, 185, 137, 200, 200
-0.996582, 85, 65, 116, 320
-0.996594, 139, 129, 154, 192
-0.996601, 1, 277, 128, 308
-0.996608, 241, 153, 368, 184
-0.996621, 177, 161, 304, 192
-0.996633, 7, 97, 22, 160
-0.996643, 257, 141, 384, 172
-0.996643, 229, 89, 244, 152
-0.996655, 241, 65, 272, 320
-0.996656, 369, 157, 496, 188
-0.996658, 355, 153, 370, 216
-0.996669, 225, 113, 352, 144
-0.996672, 177, 241, 192, 304
-0.996681, 201, 33, 232, 288
-0.996687, 271, 121, 286, 184
-0.996691, 1, 65, 500, 128
-0.996697, 193, 201, 320, 232
-0.9967, 129, 109, 256, 140
-0.996717, 231, 201, 246, 264
-0.996726, 271, 217, 286, 280
-0.996732, 183, 265, 198, 328
-0.996766, 185, 193, 200, 256
-0.996775, 319, 201, 334, 264
-0.996775, 25, 249, 40, 312
-0.996777, 153, 137, 168, 200
-0.996787, 257, 201, 272, 264
-0.996821, 161, 269, 288, 300
-0.996827, 379, 177, 394, 240
-0.996846, 273, 129, 400, 160
-0.996849, 65, 201, 192, 232
-0.996853, 97, 289, 224, 320
-0.996856, 305, 141, 432, 172
-0.996858, 151, 73, 166, 136
-0.99686, 229, 153, 244, 216
-0.996867, 283, 217, 298, 280
-0.996868, 305, 49, 368, 176
-0.996875, 289, 209, 304, 272
-0.996882, 19, 73, 34, 136
-0.996914, 97, 61, 224, 92
-0.996932, 369, 169, 496, 200
-0.996952, 69, 33, 100, 288
-0.996989, 273, 265, 400, 296
-0.997, 99, 173, 114, 204
-0.99701, 225, 65, 256, 320
-0.997016, 321, 225, 448, 288
-0.997029, 113, 33, 144, 160
-0.997035, 241, 177, 368, 208
-0.997073, 9, 1, 40, 128
-0.997102, 81, 105, 208, 136
-0.997105, 1, 9, 500, 72
-0.997132, 65, 217, 192, 248
-0.997172, 65, 33, 192, 64
-0.997176, 17, 205, 144, 236
-0.997181, 257, 241, 384, 304
-0.997199, 191, 129, 206, 160
-0.997218, 17, 57, 144, 88
-0.997245, 213, 73, 228, 104
-0.997248, 41, 65, 72, 320
-0.997248, 113, 269, 240, 300
-0.997254, 241, 253, 368, 284
-0.997266, 105, 177, 120, 208
-0.997277, 97, 301, 224, 331
-0.997291, 197, 89, 212, 120
-0.997301, 353, 1, 480, 64
-0.99733, 297, 81, 328, 208
-0.997347, 205, 85, 220, 116
-0.99735, 13, 65, 44, 320
-0.997382, 185, 113, 200, 144
-0.997385, 199, 261, 214, 292
-0.997391, 321, 269, 448, 300
-0.997396, 161, 17, 416, 80
-0.997401, 241, 89, 368, 120
-0.997424, 209, 269, 336, 300
-0.997431, 67, 161, 82, 192
-0.997465, 1, 81, 128, 112
-0.997471, 289, 253, 416, 284
-0.997476, 1, 21, 128, 52
-0.99748, 253, 65, 268, 96
-0.997483, 251, 81, 266, 112
-0.997485, 145, 169, 160, 200
-0.997485, 49, 273, 176, 304
-0.997485, 257, 281, 384, 312
-0.99749, 1, 9, 128, 40
-0.997513, 137, 165, 152, 196
-0.997517, 115, 173, 130, 204
-0.997521, 207, 233, 222, 264
-0.997528, 1, 217, 128, 248
-0.997531, 201, 125, 216, 156
-0.997533, 171, 125, 186, 156
-0.997539, 241, 217, 256, 248
-0.997552, 249, 221, 264, 252
-0.997554, 255, 209, 270, 240
-0.997557, 241, 301, 368, 331
-0.997571, 57, 157, 72, 188
-0.997576, 49, 261, 176, 292
-0.997588, 369, 89, 496, 152
-0.997591, 145, 281, 272, 312
-0.997598, 241, 73, 368, 104
-0.9976, 241, 61, 368, 92
-0.997604, 81, 241, 208, 272
-0.997613, 177, 1, 304, 64
-0.997617, 191, 245, 206, 276
-0.997621, 73, 193, 88, 224
-0.997629, 231, 121, 246, 152
-0.997642, 289, 301, 416, 331
-0.997642, 125, 33, 156, 288
-0.997655, 95, 149, 110, 180
-0.997659, 257, 233, 500, 296
-0.99766, 59, 121, 74, 152
-0.997671, 241, 101, 368, 132
-0.997671, 225, 165, 352, 196
-0.997675, 239, 105, 254, 136
-0.997675, 199, 141, 214, 172
-0.99768, 1, 249, 128, 280
-0.997682, 189, 261, 204, 292
-0.997683, 191, 101, 206, 132
-0.99769, 199, 245, 214, 276
-0.997692, 231, 221, 246, 252
-0.997693, 115, 137, 130, 168
-0.997693, 111, 185, 126, 216
-0.997693, 223, 77, 238, 108
-0.99771, 213, 121, 228, 152
-0.997718, 187, 229, 202, 260
-0.997721, 289, 173, 416, 204
-0.997726, 93, 173, 108, 204
-0.997728, 205, 145, 220, 176
-0.99773, 63, 193, 78, 224
-0.997745, 213, 225, 228, 256
-0.997752, 185, 125, 200, 156
-0.997763, 207, 245, 222, 276
-0.997769, 161, 185, 176, 216
-0.99777, 49, 285, 176, 316
-0.99777, 243, 89, 258, 120
-0.997775, 65, 9, 192, 40
-0.997788, 197, 225, 212, 256
-0.99779, 207, 133, 222, 164
-0.997804, 99, 185, 114, 216
-0.997816, 223, 221, 238, 252
-0.99782, 145, 57, 272, 88
-0.997821, 203, 73, 218, 104
-0.997821, 199, 185, 214, 216
-0.997822, 245, 69, 260, 100
-0.997827, 79, 149, 94, 180
-0.997829, 159, 125, 174, 156
-0.997845, 219, 233, 234, 264
-0.997846, 177, 129, 192, 160
-0.997858, 65, 21, 192, 52
-0.99786, 73, 153, 88, 184
-0.997865, 195, 273, 210, 304
-0.997868, 129, 173, 144, 204
-0.997877, 121, 185, 136, 216
-0.997882, 191, 193, 206, 224
-0.99789, 193, 297, 320, 328
-0.997894, 145, 297, 272, 328
-0.997898, 1, 237, 128, 268
-0.997902, 217, 245, 232, 276
-0.997905, 193, 133, 256, 148
-0.997905, 267, 133, 282, 164
-0.99791, 57, 173, 72, 204
-0.99791, 169, 65, 200, 320
-0.997917, 49, 157, 112, 172
-0.997918, 141, 65, 172, 320
-0.997923, 257, 17, 500, 80
-0.997927, 85, 157, 100, 188
-0.997928, 249, 93, 264, 124
-0.997942, 65, 229, 192, 260
-0.997948, 221, 129, 236, 160
-0.997949, 211, 145, 226, 176
-0.997953, 155, 173, 170, 204
-0.997956, 261, 217, 276, 248
-0.997963, 369, 261, 496, 292
-0.99797, 353, 293, 480, 324
-0.997971, 107, 161, 122, 192
-0.997972, 153, 125, 168, 156
-0.997979, 29, 33, 60, 288
-0.997983, 57, 151, 120, 166
-0.997986, 205, 157, 220, 188
-0.997987, 147, 125, 162, 156
-0.997988, 261, 205, 276, 236
-0.997988, 217, 89, 232, 120
-0.997993, 425, 113, 456, 240
-0.997995, 87, 125, 102, 156
-0.997996, 321, 205, 448, 236
-0.998002, 91, 185, 106, 216
-0.998004, 175, 105, 190, 136
-0.998005, 227, 241, 242, 272
-0.998009, 65, 189, 128, 204
-0.998011, 51, 121, 66, 152
-0.998014, 249, 209, 264, 240
-0.99802, 1, 45, 128, 76
-0.998028, 305, 281, 432, 312
-0.99803, 85, 189, 100, 220
-0.998034, 1, 265, 128, 296
-0.998038, 209, 265, 224, 296
-0.998044, 193, 95, 256, 110
-0.998045, 255, 97, 270, 128
-0.998045, 267, 197, 282, 228
-0.998046, 273, 129, 288, 160
-0.99805, 369, 193, 496, 224
-0.998053, 93, 121, 108, 152
-0.998073, 235, 161, 250, 192
-0.998076, 153, 131, 216, 146
-0.998081, 273, 65, 304, 320
-0.998084, 101, 161, 116, 192
-0.998085, 255, 221, 270, 252
-0.998087, 433, 1, 496, 128
-0.998089, 233, 237, 248, 268
-0.998095, 105, 171, 168, 186
-0.998095, 209, 229, 272, 244
-0.998099, 251, 141, 266, 172
-0.998099, 157, 85, 172, 116
-0.998102, 243, 233, 258, 264
-0.998104, 237, 129, 252, 160
-0.99811, 183, 253, 198, 284
-0.998116, 193, 237, 256, 252
-0.998118, 51, 181, 66, 212
-0.998119, 249, 161, 264, 192
-0.99812, 211, 89, 226, 120
-0.998125, 197, 77, 212, 108
-0.998128, 289, 241, 416, 272
-0.998129, 227, 65, 242, 96
-0.99813, 81, 149, 144, 164
-0.998136, 257, 139, 320, 154
-0.998138, 57, 125, 120, 140
-0.99814, 193, 285, 320, 316
-0.998145, 49, 145, 112, 160
-0.998146, 121, 145, 136, 176
-0.998147, 155, 97, 170, 128
-0.998161, 197, 113, 212, 144
-0.998166, 261, 93, 276, 124
-0.998171, 337, 249, 464, 280
-0.998172, 43, 101, 58, 132
-0.998172, 165, 121, 180, 152
-0.998177, 259, 73, 274, 104
-0.998179, 101, 125, 116, 156
-0.998182, 207, 121, 222, 152
-0.998186, 257, 141, 272, 172
-0.998189, 213, 133, 228, 164
-0.998191, 191, 117, 206, 148
-0.998191, 201, 281, 216, 312
-0.998194, 397, 193, 428, 320
-0.9982, 217, 223, 280, 238
-0.9982, 263, 185, 278, 216
-0.998203, 369, 221, 496, 252
-0.998203, 79, 169, 94, 200
-0.998205, 79, 189, 94, 220
-0.998206, 71, 205, 86, 236
-0.998209, 151, 161, 166, 192
-0.998225, 65, 177, 80, 208
-0.998227, 57, 167, 120, 182
-0.998229, 241, 157, 256, 188
-0.99823, 151, 85, 166, 116
-0.998231, 107, 125, 122, 156
-0.998232, 193, 243, 256, 258
-0.998233, 161, 103, 224, 118
-0.998236, 177, 1, 304, 32
-0.998241, 267, 213, 282, 244
-0.998245, 143, 157, 158, 188
-0.998249, 45, 113, 60, 144
-0.998252, 89, 187, 152, 202
-0.998253, 243, 129, 258, 160
-0.998253, 73, 143, 136, 158
-0.998257, 229, 161, 244, 192
-0.998259, 431, 181, 446, 212
-0.998263, 105, 133, 168, 148
-0.998266, 153, 125, 216, 140
-0.998278, 185, 125, 248, 140
-0.998286, 369, 185, 432, 200
-0.998288, 65, 195, 128, 210
-0.99829, 185, 101, 248, 116
-0.998298, 185, 231, 248, 246
-0.998316, 385, 157, 448, 172
-0.998319, 369, 29, 496, 60
-0.998323, 65, 131, 128, 146
-0.998329, 145, 209, 176, 331
-0.998332, 169, 249, 232, 264
-0.998335, 293, 65, 324, 320
-0.998339, 233, 217, 296, 232
-0.998345, 41, 107, 104, 122
-0.998348, 217, 69, 280, 84
-0.99835, 201, 79, 264, 94
-0.998351, 241, 133, 304, 148
-0.998354, 369, 125, 496, 156
-0.998359, 353, 65, 480, 96
-0.998364, 65, 137, 128, 152
-0.998365, 273, 117, 400, 148
-0.998366, 321, 221, 448, 252
-0.998369, 9, 117, 72, 132
-0.99837, 433, 177, 464, 304
-0.998373, 1, 103, 64, 118
-0.998373, 353, 145, 480, 176
-0.998377, 185, 267, 248, 282
-0.998378, 169, 79, 232, 94
-0.998379, 97, 155, 160, 170
-0.998383, 105, 127, 168, 142
-0.998385, 201, 85, 264, 100
-0.998391, 193, 167, 256, 182
-0.998394, 217, 129, 280, 144
-0.998397, 369, 273, 496, 304
-0.998399, 369, 77, 496, 108
-0.998401, 49, 173, 112, 188
-0.998408, 113, 181, 176, 196
-0.998417, 41, 113, 104, 128
-0.998424, 113, 139, 176, 154
-0.998431, 153, 137, 216, 152
-0.99844, 25, 123, 88, 138
-0.998441, 289, 1, 352, 128
-0.998445, 321, 113, 448, 144
-0.998447, 129, 33, 256, 64
-0.998447, 145, 187, 208, 202
-0.998451, 89, 181, 152, 196
-0.99846, 337, 49, 464, 112
-0.99846, 217, 167, 280, 182
-0.998462, 169, 95, 232, 110
-0.998463, 25, 163, 88, 178
-0.998464, 145, 89, 208, 104
-0.998466, 177, 225, 240, 240
-0.998472, 145, 173, 208, 188
-0.998473, 209, 107, 272, 122
-0.998484, 225, 237, 288, 252
-0.998484, 129, 127, 192, 142
-0.998492, 65, 183, 128, 198
-0.998494, 113, 25, 240, 88
-0.998495, 217, 137, 280, 152
-0.998496, 161, 277, 224, 292
-0.998498, 161, 233, 224, 248
-0.998499, 209, 101, 272, 116
-0.9985, 185, 181, 248, 196
-0.998501, 209, 223, 240, 238
-0.998501, 37, 173, 68, 188
-0.998502, 213, 241, 244, 256
-0.998503, 49, 195, 80, 210
-0.998503, 189, 75, 220, 90
-0.998503, 193, 119, 224, 134
-0.998503, 113, 127, 144, 142
-0.998506, 17, 179, 48, 194
-0.998507, 73, 153, 104, 168
-0.998507, 421, 183, 452, 198
-0.998508, 237, 163, 268, 178
-0.998509, 197, 167, 228, 182
-0.99851, 177, 79, 208, 94
-0.99851, 77, 187, 108, 202
-0.998511, 417, 155, 448, 170
-0.998511, 69, 201, 100, 216
-0.998511, 157, 185, 188, 200
-0.998511, 137, 99, 200, 114
-0.998512, 297, 215, 328, 230
-0.998513, 169, 109, 232, 124
-0.998513, 1, 121, 32, 136
-0.998513, 185, 277, 216, 292
-0.998513, 65, 187, 96, 202
-0.998514, 101, 193, 132, 208
-0.998514, 77, 141, 108, 156
-0.998515, 249, 133, 280, 148
-0.998516, 233, 221, 264, 236
-0.998517, 285, 219, 316, 234
-0.998517, 189, 235, 220, 250
-0.998518, 29, 103, 60, 118
-0.998518, 277, 135, 308, 150
-0.998518, 189, 251, 220, 266
-0.998518, 209, 165, 240, 180
-0.998518, 209, 93, 240, 108
-0.99852, 85, 193, 116, 208
-0.99852, 133, 91, 164, 106
-0.998522, 257, 233, 288, 248
-0.998522, 369, 187, 400, 202
-0.998523, 237, 99, 268, 114
-0.998525, 185, 161, 248, 176
-0.998525, 193, 187, 224, 202
-0.998527, 237, 169, 268, 184
-0.99853, 145, 131, 176, 146
-0.99853, 181, 265, 212, 280
-0.998532, 169, 257, 232, 272
-0.998532, 201, 145, 232, 160
-0.998533, 201, 135, 232, 150
-0.998534, 45, 181, 76, 196
-0.998534, 205, 71, 236, 86
-0.998535, 209, 173, 272, 188
-0.998535, 245, 141, 276, 156
-0.998536, 85, 161, 116, 176
-0.998536, 113, 153, 144, 168
-0.998537, 5, 259, 36, 274
-0.998537, 177, 119, 240, 134
-0.998538, 349, 193, 380, 208
-0.998538, 101, 143, 132, 158
-0.998539, 197, 261, 228, 276
-0.998539, 169, 105, 200, 120
-0.998539, 237, 231, 268, 246
-0.998539, 85, 169, 116, 184
-0.99854, 41, 119, 72, 134
-0.99854, 117, 173, 148, 188
-0.99854, 245, 127, 276, 142
-0.998541, 225, 167, 256, 182
-0.998542, 89, 193, 152, 208
-0.998543, 93, 175, 124, 190
-0.998543, 225, 161, 256, 176
-0.998544, 81, 175, 144, 190
-0.998544, 237, 91, 268, 106
-0.998545, 217, 77, 248, 92
-0.998546, 161, 181, 224, 196
-0.998547, 65, 123, 96, 138
-0.998547, 9, 129, 72, 144
-0.998548, 221, 227, 252, 242
-0.998548, 169, 239, 232, 254
-0.998549, 57, 155, 88, 170
-0.998549, 229, 133, 260, 148
-0.998551, 113, 187, 176, 202
-0.998552, 1, 181, 64, 196
-0.998554, 73, 169, 104, 184
-0.998554, 197, 273, 228, 288
-0.998555, 113, 183, 144, 198
-0.998556, 201, 157, 232, 172
-0.998559, 265, 135, 296, 150
-0.998559, 61, 195, 92, 210
-0.99856, 221, 219, 252, 234
-0.99856, 185, 277, 248, 292
-0.99856, 169, 135, 200, 150
-0.998562, 189, 243, 220, 258
-0.998562, 57, 131, 88, 146
-0.998562, 209, 217, 272, 232
-0.998563, 73, 195, 104, 210
-0.998566, 161, 271, 224, 286
-0.998568, 389, 181, 420, 196
-0.998569, 205, 123, 236, 138
-0.99857, 249, 69, 280, 84
-0.998571, 77, 125, 108, 140
-0.998571, 193, 73, 256, 88
-0.998572, 209, 87, 240, 102
-0.998572, 153, 99, 184, 114
-0.998572, 197, 279, 228, 294
-0.998576, 249, 77, 280, 92
-0.998577, 113, 133, 144, 148
-0.998577, 233, 103, 296, 118
-0.998577, 245, 209, 276, 224
-0.998577, 229, 73, 260, 88
-0.99858, 189, 101, 220, 116
-0.99858, 57, 149, 88, 164
-0.998581, 197, 89, 228, 104
-0.998581, 225, 237, 256, 252
-0.998582, 141, 179, 172, 194
-0.998582, 161, 143, 224, 158
-0.998582, 193, 249, 256, 264
-0.998585, 181, 121, 212, 136
-0.998586, 185, 271, 216, 286
-0.998587, 249, 223, 280, 238
-0.998587, 113, 191, 144, 206
-0.998589, 157, 131, 188, 146
-0.998593, 129, 169, 160, 184
-0.998593, 221, 83, 252, 98
-0.998596, 241, 223, 304, 238
-0.998596, 77, 147, 108, 162
-0.9986, 145, 261, 208, 276
-0.998601, 185, 187, 248, 202
-0.998603, 105, 175, 136, 190
-0.998604, 181, 141, 212, 156
-0.998604, 233, 215, 264, 230
-0.998607, 201, 239, 232, 254
-0.998608, 53, 161, 84, 176
-0.998608, 57, 143, 88, 158
-0.998609, 89, 125, 120, 140
-0.998609, 185, 175, 248, 190
-0.998611, 193, 155, 256, 170
-0.998613, 33, 137, 96, 152
-0.998613, 197, 267, 228, 282
-0.998616, 209, 233, 240, 248
-0.998617, 9, 299, 72, 314
-0.998617, 237, 105, 268, 120
-0.998618, 41, 185, 104, 200
-0.998621, 205, 77, 236, 92
-0.998621, 33, 65, 96, 80
-0.998622, 69, 159, 100, 174
-0.998622, 169, 129, 200, 144
-0.998624, 57, 173, 88, 188
-0.998624, 81, 125, 144, 140
-0.998626, 1, 65, 32, 320
-0.998627, 93, 181, 124, 196
-0.998628, 81, 167, 144, 182
-0.998632, 25, 169, 88, 184
-0.998632, 205, 247, 236, 262
-0.998632, 145, 167, 208, 182
-0.998635, 25, 149, 88, 164
-0.998643, 185, 127, 216, 142
-0.998643, 153, 197, 216, 212
-0.998644, 89, 161, 152, 176
-0.998644, 401, 183, 464, 198
-0.998645, 53, 167, 84, 182
-0.998648, 113, 149, 176, 164
-0.998649, 89, 187, 120, 202
-0.99865, 181, 133, 212, 148
-0.99865, 261, 217, 292, 232
-0.998655, 197, 129, 228, 144
-0.998656, 233, 231, 296, 246
-0.998657, 241, 69, 304, 84
-0.998659, 281, 217, 344, 232
-0.99866, 253, 65, 284, 320
-0.998662, 41, 191, 104, 206
-0.998665, 53, 123, 84, 138
-0.998665, 217, 243, 280, 258
-0.998668, 65, 73, 128, 88
-0.99867, 225, 75, 288, 90
-0.998672, 129, 133, 192, 148
-0.998673, 57, 137, 88, 152
-0.998673, 393, 1, 456, 128
-0.998675, 177, 85, 240, 100
-0.998675, 217, 161, 280, 176
-0.998676, 101, 187, 132, 202
-0.998678, 197, 83, 228, 98
-0.99868, 25, 175, 88, 190
-0.99868, 217, 143, 280, 158
-0.998681, 49, 119, 112, 134
-0.998683, 25, 197, 88, 212
-0.998697, 113, 95, 176, 110
-0.998697, 133, 33, 164, 160
-0.998699, 33, 299, 96, 314
-0.998701, 221, 127, 252, 142
-0.998701, 129, 105, 192, 120
-0.998709, 145, 255, 208, 270
-0.998709, 197, 95, 228, 110
-0.998711, 49, 201, 112, 216
-0.998716, 145, 83, 208, 98
-0.99872, 65, 255, 128, 270
-0.998721, 273, 223, 336, 238
-0.998727, 385, 177, 448, 192
-0.998728, 345, 191, 408, 206
-0.998729, 193, 257, 256, 272
-0.998739, 193, 97, 208, 224
-0.998791, 103, 113, 118, 240
-0.998827, 229, 113, 244, 240
-0.998836, 223, 113, 238, 240
-0.99886, 93, 113, 108, 240
-0.998865, 235, 113, 250, 240
-0.998876, 219, 65, 234, 192
-0.998882, 249, 81, 264, 208
-0.998891, 171, 97, 186, 224
-0.998909, 213, 65, 228, 192
-0.998917, 181, 65, 196, 192
-0.998927, 241, 81, 256, 208
-0.998946, 187, 97, 202, 224
-0.998953, 255, 81, 270, 208
-0.998966, 253, 129, 268, 256
-0.99897, 81, 113, 96, 240
-0.99897, 57, 65, 72, 192
-0.998972, 157, 65, 188, 320
-0.998999, 261, 145, 276, 272
-0.999017, 55, 129, 70, 256
-0.999018, 87, 113, 102, 240
-0.999031, 355, 145, 370, 272
-0.999033, 199, 161, 214, 288
-0.999046, 173, 49, 188, 176
-0.99905, 81, 1, 96, 128
-0.999051, 369, 25, 496, 88
-0.999063, 231, 65, 246, 192
-0.999064, 421, 145, 436, 272
-0.999066, 101, 161, 116, 288
-0.999072, 345, 145, 360, 272
-0.999073, 117, 129, 132, 256
-0.999083, 243, 129, 258, 256
-0.999084, 327, 145, 342, 272
-0.999087, 379, 145, 394, 272
-0.999089, 45, 97, 60, 224
-0.999094, 73, 145, 88, 272
-0.999095, 181, 113, 196, 240
-0.999095, 147, 97, 162, 224
-0.999095, 219, 161, 234, 288
-0.9991, 385, 145, 400, 272
-0.999102, 225, 161, 240, 288
-0.999104, 335, 145, 350, 272
-0.999105, 67, 161, 82, 288
-0.999107, 209, 209, 224, 331
-0.999108, 193, 193, 208, 320
-0.999109, 321, 81, 448, 144
-0.999112, 215, 113, 230, 240
-0.999112, 97, 65, 112, 192
-0.999118, 263, 97, 278, 224
-0.999119, 225, 65, 240, 192
-0.99912, 51, 1, 66, 128
-0.999133, 61, 145, 76, 272
-0.999133, 83, 49, 98, 176
-0.999134, 159, 81, 174, 208
-0.999136, 167, 49, 182, 176
-0.999141, 209, 113, 224, 240
-0.999143, 427, 145, 442, 272
-0.999151, 61, 1, 76, 128
-0.999151, 415, 145, 430, 272
-0.999151, 249, 33, 264, 160
-0.999156, 361, 145, 376, 272
-0.999157, 203, 65, 218, 192
-0.99916, 187, 49, 202, 176
-0.99917, 77, 65, 92, 192
-0.999173, 253, 193, 268, 320
-0.999175, 337, 33, 368, 288
-0.999176, 229, 209, 244, 331
-0.999179, 103, 65, 118, 192
-0.999179, 111, 129, 126, 256
-0.99918, 215, 209, 230, 331
-0.999185, 147, 145, 162, 272
-0.999185, 91, 65, 106, 192
-0.999193, 65, 49, 80, 176
-0.999198, 125, 145, 140, 272
-0.9992, 205, 161, 220, 288
-0.9992, 107, 193, 122, 320
-0.999201, 371, 145, 386, 272
-0.999203, 45, 49, 60, 176
-0.999213, 261, 209, 276, 331
-0.999217, 51, 81, 66, 208
-0.99922, 111, 65, 126, 192
-0.999228, 317, 33, 348, 288
-0.999231, 391, 129, 406, 256
-0.999231, 317, 145, 332, 272
-0.999241, 203, 209, 218, 331
-0.999244, 259, 33, 274, 160
-0.999247, 87, 1, 102, 128
-0.999247, 93, 161, 108, 288
-0.999249, 83, 161, 98, 288
-0.99925, 199, 113, 214, 240
-0.999251, 165, 97, 180, 224
-0.999251, 19, 161, 34, 288
-0.999253, 267, 193, 282, 320
-0.999253, 315, 209, 330, 331
-0.999259, 67, 1, 82, 128
-0.999267, 153, 113, 168, 240
-0.999268, 195, 49, 210, 176
-0.999268, 31, 177, 46, 304
-0.999274, 45, 1, 60, 128
-0.999277, 393, 1, 424, 128
-0.999279, 159, 129, 174, 256
-0.999281, 399, 129, 414, 256
-0.999281, 373, 65, 404, 320
-0.999282, 307, 129, 322, 256
-0.999282, 433, 145, 448, 272
-0.999285, 213, 161, 228, 288
-0.999285, 347, 193, 362, 320
-0.999288, 113, 177, 128, 304
-0.999289, 413, 65, 444, 320
-0.99929, 393, 33, 424, 288
-0.999293, 271, 113, 286, 240
-0.999296, 247, 193, 262, 320
-0.999299, 407, 145, 422, 272
-0.999301, 67, 113, 82, 240
-0.999301, 293, 209, 308, 331
-0.999302, 301, 209, 316, 331
-0.999303, 323, 193, 338, 320
-0.999305, 51, 177, 66, 304
-0.999306, 129, 81, 144, 208
-0.999312, 223, 209, 238, 331
-0.999314, 165, 145, 180, 272
-0.999317, 39, 49, 54, 176
-0.999318, 187, 209, 202, 331
-0.999319, 193, 145, 208, 272
-0.999323, 291, 129, 306, 256
-0.999325, 117, 193, 148, 320
-0.999327, 71, 49, 86, 176
-0.999335, 27, 129, 42, 256
-0.999341, 133, 145, 148, 272
-0.999343, 21, 209, 36, 331
-0.999343, 233, 161, 248, 288
-0.999344, 391, 177, 406, 304
-0.999346, 235, 209, 250, 331
-0.999347, 7, 81, 22, 208
-0.999351, 329, 193, 344, 320
-0.999351, 135, 97, 150, 224
-0.999354, 279, 209, 294, 331
-0.999354, 73, 193, 88, 320
-0.999355, 287, 209, 302, 331
-0.999359, 5, 177, 20, 304
-0.999363, 421, 209, 452, 331
-0.999471, 361, 33, 392, 288
-0.999529, 305, 33, 336, 288
-0.999561, 349, 1, 380, 256
-0.999625, 193, 223, 208, 238
-0.999625, 241, 233, 256, 248
-0.999626, 59, 129, 74, 144
-0.999627, 205, 133, 220, 148
-0.999628, 235, 237, 250, 252
-0.999629, 201, 271, 216, 286
-0.999629, 193, 185, 208, 200
-0.99963, 251, 227, 266, 242
-0.999631, 251, 213, 266, 228
-0.999635, 65, 175, 80, 190
-0.999635, 115, 129, 130, 144
-0.999637, 259, 77, 274, 92
-0.999637, 219, 89, 234, 104
-0.99964, 209, 231, 224, 246
-0.99964, 129, 181, 144, 196
-0.999644, 207, 155, 222, 170
-0.999645, 279, 225, 294, 240
-0.999646, 243, 215, 258, 230
-0.99965, 259, 221, 274, 236
-0.999651, 261, 145, 276, 160
-0.999653, 193, 237, 208, 252
-0.999653, 271, 229, 286, 244
-0.999654, 161, 199, 176, 214
-0.999654, 261, 97, 276, 112
-0.999654, 235, 227, 250, 242
-0.999659, 249, 163, 264, 178
-0.999659, 225, 231, 240, 246
-0.999661, 243, 63, 258, 78
-0.999668, 87, 125, 102, 140
-0.999671, 71, 137, 86, 152
-0.999674, 171, 125, 186, 140
-0.999675, 251, 91, 266, 106
-0.999677, 189, 247, 204, 262
-0.999677, 201, 249, 216, 264
-0.99968, 223, 125, 238, 140
-0.999681, 217, 257, 232, 272
-0.999686, 157, 99, 172, 114
-0.99969, 247, 221, 262, 236
-0.999692, 191, 111, 206, 126
-0.999696, 191, 199, 206, 214
-0.9997, 115, 183, 130, 198
-0.9997, 205, 257, 220, 272
-0.999701, 109, 133, 124, 148
-0.999703, 185, 109, 200, 124
-0.999704, 193, 279, 208, 294
-0.999704, 197, 191, 212, 206
-0.999706, 187, 233, 202, 248
-0.999708, 219, 233, 234, 248
-0.999718, 115, 141, 130, 156
-0.999721, 125, 149, 140, 164
-0.999723, 57, 177, 72, 192
-0.999723, 215, 239, 230, 254
-0.999728, 205, 123, 220, 138
-0.999728, 147, 171, 162, 186
-0.999732, 257, 209, 272, 224
-0.999734, 255, 97, 270, 112
-0.999736, 93, 123, 108, 138
-0.999736, 229, 161, 244, 176
-0.999737, 69, 199, 84, 214
-0.999738, 191, 273, 206, 288
-0.999741, 91, 151, 106, 166
-0.999741, 265, 217, 280, 232
-0.999753, 249, 101, 264, 116
-0.999755, 189, 131, 204, 146
-0.999755, 103, 171, 118, 186
-0.999756, 219, 77, 234, 92
-0.99976, 267, 141, 282, 156
-0.999764, 85, 209, 116, 331
-0.999765, 207, 145, 222, 160
-0.999767, 215, 227, 230, 242
-0.999769, 223, 83, 238, 98
-0.999778, 109, 191, 124, 206
-0.999782, 65, 125, 80, 140
-0.999786, 91, 185, 106, 200
-0.999792, 61, 135, 76, 150
-0.999802, 179, 107, 194, 122
-0.999803, 229, 221, 244, 236
-0.999804, 211, 127, 226, 142
-0.999806, 247, 81, 262, 96
-0.999807, 59, 171, 74, 186
-0.999808, 203, 235, 218, 250
-0.999809, 115, 195, 130, 210
-0.999813, 93, 177, 108, 192
-0.999816, 71, 159, 86, 174
-0.99983, 243, 73, 258, 88
-0.999831, 79, 151, 94, 166
-0.999834, 189, 103, 204, 118
-0.999836, 73, 205, 88, 220
-0.999837, 63, 193, 78, 208
-0.999838, 77, 193, 92, 208
-0.999838, 221, 131, 236, 146
-0.999841, 67, 165, 82, 180
-0.999849, 183, 115, 198, 130
-0.99985, 209, 97, 224, 112
-0.99985, 99, 183, 114, 198
-0.999859, 103, 127, 118, 142
-0.99986, 195, 99, 210, 114
-0.99986, 155, 177, 170, 192
-0.999861, 159, 131, 174, 146
-0.999867, 235, 129, 250, 144
-0.999869, 177, 125, 192, 140
-0.99987, 97, 189, 112, 204
-0.999882, 201, 81, 216, 96
-0.999892, 109, 177, 124, 192
-0.999892, 139, 167, 154, 182
-0.999902, 161, 187, 176, 202
-0.999902, 233, 1, 296, 128
-0.999905, 265, 1, 296, 128
-0.999906, 205, 243, 220, 258
-0.999911, 201, 279, 216, 294
-0.999938, 253, 71, 268, 86
-0.999943, 193, 125, 208, 140
-0.999945, 199, 263, 214, 278
-0.999947, 437, 33, 468, 288
-0.999967, 203, 95, 218, 110
-0.99998, 57, 123, 72, 138
-0.999982, 213, 79, 228, 94
-0.999988, 209, 87, 224, 102
-1.00001, 165, 129, 180, 144
-1.00002, 99, 177, 114, 192
-1.00003, 217, 125, 232, 140
-1.00004, 197, 89, 212, 104
-1.00005, 105, 185, 120, 200
-1.00008, 57, 161, 72, 176
-1.00009, 193, 137, 208, 152
-1.00009, 87, 191, 102, 206
-1.0001, 173, 131, 188, 146
-1.00011, 199, 129, 214, 144
-1.00015, 229, 127, 244, 142
-1.00016, 185, 121, 200, 136
-1.00017, 239, 103, 254, 118
-1.00017, 203, 89, 218, 104
-1.00018, 197, 243, 212, 258
-1.00021, 173, 1, 204, 128
-1.00027, 225, 1, 352, 64
-1.00028, 183, 129, 198, 144
-1.00029, 185, 1, 216, 128
-1.00034, 373, 17, 404, 144
-1.00035, 425, 1, 456, 256
-1.0004, 369, 49, 432, 176
-1.00048, 453, 177, 484, 304
-1.00055, 257, 81, 384, 144
-1.00071, 385, 209, 416, 331
-1.00071, 457, 65, 488, 320
-1.0009, 469, 1, 500, 256
-1.0012, 425, 65, 456, 192
-1.0012, 405, 17, 436, 144
-1.00161, 321, 1, 384, 128
-1.00163, 465, 161, 496, 288
-1.00178, 457, 1, 488, 128
-1.00188, 313, 1, 344, 128
-1.00215, 29, 209, 60, 331
-1.00216, 469, 17, 500, 144
