1599
-0.331893, 1, 1, 360, 270
-0.404725, 1, 1, 360, 256
-0.474083, 65, 1, 320, 270
-0.63745, 65, 1, 320, 256
-0.871064, 145, 1, 272, 270
-0.877001, 49, 1, 176, 270
-0.878003, 193, 1, 320, 270
-0.878936, 145, 1, 272, 256
-0.87977, 1, 49, 360, 176
-0.887048, 49, 1, 176, 256
-0.888416, 193, 1, 320, 256
-0.890399, 97, 1, 224, 270
-0.893067, 1, 129, 360, 256
-0.893587, 1, 1, 128, 270
-0.905352, 97, 1, 224, 256
-0.909708, 1, 1, 128, 256
-0.912425, 1, 1, 360, 128
-0.921417, 33, 129, 288, 256
-0.922848, 33, 81, 288, 208
-0.937769, 33, 17, 288, 144
-0.941939, 49, 113, 176, 240
-0.944608, 113, 81, 240, 208
-0.948769, 177, 113, 304, 240
-0.950149, 97, 97, 160, 224
-0.95026, 33, 65, 160, 192
-0.951276, 65, 113, 128, 240
-0.951979, 185, 81, 248, 208
-0.952061, 225, 97, 352, 224
-0.952817, 177, 65, 304, 192
-0.952844, 113, 129, 240, 256
-0.952954, 297, 65, 360, 192
-0.953157, 49, 65, 112, 192
-0.955965, 209, 1, 336, 128
-0.956528, 121, 113, 184, 240
-0.95865, 81, 33, 208, 160
-0.959072, 1, 113, 128, 240
-0.959283, 241, 65, 304, 192
-0.959612, 145, 129, 208, 256
-0.960527, 209, 65, 272, 192
-0.961124, 161, 81, 224, 208
-0.961159, 73, 65, 136, 192
-0.962478, 41, 113, 104, 240
-0.963383, 105, 1, 168, 128
-0.963669, 225, 49, 352, 176
-0.963853, 273, 1, 336, 128
-0.964108, 65, 121, 128, 184
-0.964495, 137, 65, 200, 192
-0.965987, 209, 113, 272, 240
-0.967352, 273, 97, 336, 224
-0.967472, 145, 137, 208, 200
-0.967664, 33, 17, 160, 144
-0.967698, 113, 137, 176, 200
-0.967888, 129, 33, 256, 160
-0.96869, 249, 17, 312, 144
-0.969006, 97, 137, 224, 200
-0.969333, 257, 89, 320, 152
-0.96952, 129, 1, 192, 128
-0.970141, 297, 89, 360, 152
-0.970155, 113, 113, 176, 176
-0.9704, 177, 129, 240, 256
-0.970763, 73, 17, 136, 144
-0.971139, 81, 73, 144, 136
-0.971441, 273, 49, 336, 176
-0.971583, 97, 145, 160, 270
-0.972145, 185, 121, 248, 184
-0.972517, 281, 65, 344, 128
-0.973048, 49, 73, 112, 136
-0.97315, 25, 65, 88, 192
-0.973534, 241, 113, 304, 240
-0.973546, 89, 121, 152, 184
-0.97365, 257, 65, 320, 128
-0.973705, 169, 33, 232, 160
-0.973791, 89, 153, 152, 216
-0.973794, 49, 113, 176, 176
-0.973837, 121, 81, 184, 144
-0.974399, 65, 41, 128, 104
-0.974599, 97, 49, 160, 176
-0.97465, 233, 89, 296, 152
-0.974685, 137, 57, 200, 120
-0.974917, 33, 73, 160, 136
-0.974918, 201, 17, 264, 144
-0.97492, 41, 105, 104, 168
-0.975275, 105, 57, 168, 120
-0.975522, 241, 113, 304, 176
-0.975617, 105, 17, 168, 80
-0.975752, 145, 81, 208, 144
-0.975839, 41, 137, 104, 200
-0.975895, 161, 57, 224, 120
-0.975924, 209, 81, 272, 144
-0.976221, 65, 97, 128, 160
-0.976687, 145, 121, 272, 184
-0.977114, 209, 121, 272, 184
-0.977169, 89, 97, 152, 160
-0.977269, 273, 25, 336, 88
-0.977321, 185, 57, 248, 120
-0.977329, 249, 1, 312, 256
-0.97734, 265, 113, 328, 176
-0.977943, 225, 57, 352, 120
-0.977954, 233, 57, 296, 120
-0.978235, 113, 81, 240, 144
-0.97824, 169, 33, 232, 96
-0.97828, 193, 81, 224, 208
-0.978348, 137, 113, 200, 176
-0.978593, 49, 1, 112, 256
-0.979027, 209, 57, 272, 120
-0.979044, 297, 17, 360, 144
-0.979125, 41, 49, 104, 112
-0.979344, 49, 137, 176, 200
-0.979364, 225, 97, 352, 160
-0.979369, 201, 1, 264, 256
-0.979442, 93, 113, 124, 240
-0.979676, 161, 113, 224, 176
-0.979784, 129, 25, 192, 88
-0.979916, 145, 113, 176, 240
-0.97993, 169, 81, 232, 144
-0.979975, 225, 1, 288, 256
-0.98006, 65, 169, 128, 232
-0.98022, 25, 73, 88, 136
-0.980239, 249, 9, 312, 72
-0.980324, 153, 1, 216, 256
-0.980367, 73, 1, 136, 256
-0.980462, 49, 33, 176, 96
-0.980537, 309, 89, 340, 152
-0.980563, 77, 65, 108, 192
-0.980694, 97, 57, 224, 120
-0.980747, 157, 113, 188, 240
-0.98076, 1, 185, 64, 248
-0.980818, 129, 97, 160, 224
-0.980942, 17, 105, 80, 168
-0.980976, 41, 185, 104, 248
-0.981183, 161, 65, 288, 128
-0.981197, 97, 1, 160, 256
-0.98131, 193, 145, 256, 208
-0.981621, 17, 209, 80, 270
-0.981708, 1, 121, 128, 184
-0.981754, 205, 81, 236, 208
-0.981792, 217, 81, 248, 208
-0.981934, 193, 25, 256, 88
-0.981946, 109, 81, 140, 208
-0.981978, 297, 9, 360, 72
-0.981995, 57, 49, 88, 176
-0.982206, 81, 17, 144, 80
-0.982225, 93, 121, 124, 184
-0.982241, 145, 137, 176, 200
-0.982341, 25, 161, 88, 224
-0.98245, 233, 65, 264, 192
-0.982455, 265, 89, 296, 152
-0.982483, 133, 137, 164, 200
-0.982569, 317, 65, 348, 192
-0.98258, 297, 41, 360, 104
-0.98265, 181, 113, 212, 240
-0.982789, 289, 113, 352, 176
-0.982814, 153, 9, 216, 72
-0.982912, 177, 1, 240, 256
-0.983025, 121, 113, 152, 176
-0.983125, 69, 105, 100, 168
-0.983138, 217, 153, 280, 216
-0.983139, 285, 89, 316, 152
-0.983287, 217, 17, 280, 80
-0.983308, 117, 1, 148, 128
-0.983465, 61, 113, 92, 240
-0.983781, 273, 1, 336, 256
-0.98381, 97, 105, 224, 168
-0.983885, 169, 145, 232, 208
-0.983902, 225, 17, 288, 144
-0.983918, 321, 65, 352, 128
-0.98392, 161, 137, 192, 200
-0.984031, 113, 73, 144, 136
-0.984327, 113, 161, 176, 224
-0.98435, 101, 145, 132, 208
-0.98451, 329, 65, 360, 192
-0.984529, 97, 17, 224, 80
-0.984613, 305, 81, 336, 208
-0.984726, 129, 1, 192, 64
-0.984749, 169, 113, 200, 240
-0.984759, 57, 65, 88, 128
-0.984814, 289, 97, 320, 224
-0.984955, 129, 1, 192, 256
-0.985093, 73, 113, 104, 240
-0.985152, 249, 1, 312, 270
-0.985229, 297, 1, 360, 256
-0.985239, 169, 65, 200, 192
-0.985255, 17, 33, 80, 96
-0.985274, 273, 1, 304, 128
-0.98534, 297, 89, 328, 152
-0.985375, 297, 201, 360, 264
-0.985407, 77, 129, 108, 192
-0.98541, 57, 9, 120, 72
-0.985439, 145, 65, 176, 192
-0.985459, 17, 113, 80, 240
-0.985534, 245, 97, 276, 224
-0.985562, 145, 161, 208, 224
-0.985574, 181, 129, 212, 192
-0.985591, 197, 121, 228, 184
-0.985615, 65, 161, 192, 224
-0.985728, 65, 145, 128, 208
-0.985742, 49, 17, 112, 144
-0.985858, 49, 1, 112, 270
-0.985867, 241, 137, 304, 200
-0.985977, 161, 41, 288, 104
-0.98604, 129, 145, 160, 270
-0.986291, 201, 1, 264, 270
-0.986451, 141, 81, 172, 144
-0.986454, 65, 137, 96, 200
-0.986504, 41, 209, 104, 270
-0.98663, 225, 1, 288, 270
-0.986728, 129, 1, 160, 128
-0.986732, 33, 9, 96, 72
-0.986772, 113, 145, 144, 208
-0.986782, 321, 17, 352, 144
-0.986825, 153, 1, 216, 270
-0.986849, 73, 1, 136, 270
-0.986903, 209, 121, 336, 184
-0.986945, 253, 89, 284, 152
-0.987025, 177, 89, 304, 152
-0.987177, 213, 121, 244, 184
-0.987177, 181, 65, 212, 192
-0.98719, 57, 113, 88, 176
-0.987223, 25, 1, 88, 256
-0.987312, 97, 1, 160, 270
-0.987426, 193, 1, 256, 64
-0.987531, 249, 33, 312, 96
-0.987553, 201, 33, 232, 160
-0.987592, 1, 81, 64, 144
-0.987602, 93, 33, 124, 160
-0.987642, 309, 65, 340, 128
-0.98771, 9, 1, 72, 64
-0.987764, 45, 113, 76, 176
-0.987869, 77, 73, 108, 136
-0.987968, 213, 33, 244, 160
-0.988025, 301, 33, 332, 160
-0.988038, 17, 129, 80, 192
-0.988096, 273, 1, 336, 64
-0.988103, 225, 121, 256, 184
-0.988155, 69, 49, 100, 112
-0.988225, 277, 97, 308, 224
-0.988231, 193, 1, 320, 64
-0.988241, 297, 137, 360, 200
-0.98827, 177, 1, 240, 270
-0.988295, 93, 65, 124, 128
-0.988336, 285, 65, 316, 128
-0.988424, 265, 153, 328, 216
-0.988442, 45, 65, 76, 192
-0.988493, 321, 89, 352, 152
-0.988533, 193, 17, 224, 80
-0.988616, 245, 57, 276, 120
-0.988716, 261, 65, 292, 128
-0.988756, 273, 1, 336, 270
-0.988758, 113, 17, 144, 80
-0.988769, 233, 113, 264, 240
-0.988794, 261, 65, 292, 192
-0.988917, 101, 33, 132, 96
-0.989063, 297, 113, 360, 240
-0.989115, 137, 145, 200, 176
-0.989202, 157, 65, 188, 192
-0.989297, 161, 113, 192, 176
-0.989411, 129, 1, 192, 270
-0.989439, 241, 161, 304, 224
-0.989507, 145, 145, 272, 208
-0.989564, 297, 1, 360, 270
-0.989579, 241, 89, 272, 152
-0.989646, 1, 57, 64, 120
-0.98969, 241, 113, 272, 176
-0.989765, 117, 129, 148, 256
-0.98978, 65, 129, 128, 160
-0.989909, 261, 17, 292, 144
-0.989922, 233, 65, 264, 128
-0.990014, 157, 57, 188, 120
-0.990055, 289, 161, 352, 224
-0.990073, 209, 57, 240, 120
-0.990077, 289, 25, 320, 88
-0.990098, 145, 1, 176, 128
-0.990115, 249, 49, 280, 176
-0.990125, 193, 41, 224, 104
-0.990288, 145, 193, 208, 256
-0.99038, 265, 93, 328, 124
-0.990433, 161, 137, 224, 168
-0.990448, 169, 57, 200, 120
-0.990535, 125, 81, 156, 144
-0.990623, 197, 65, 228, 128
-0.990634, 133, 113, 164, 176
-0.990658, 1, 97, 128, 160
-0.990673, 297, 81, 360, 112
-0.990678, 25, 1, 88, 270
-0.990686, 301, 25, 332, 88
-0.990734, 113, 145, 176, 176
-0.990736, 125, 57, 156, 120
-0.990743, 221, 81, 252, 144
-0.990756, 1, 1, 64, 256
-0.990837, 265, 177, 328, 240
-0.990844, 73, 77, 136, 108
-0.990883, 97, 109, 160, 140
-0.990885, 201, 185, 264, 248
-0.990903, 97, 157, 160, 188
-0.990913, 285, 113, 316, 176
-0.990933, 241, 113, 304, 144
-0.99096, 145, 17, 272, 80
-0.99096, 185, 149, 248, 180
-0.990962, 189, 1, 220, 128
-0.990978, 105, 17, 136, 144
-0.991005, 1, 161, 64, 224
-0.991111, 89, 141, 152, 172
-0.991154, 137, 57, 168, 120
-0.991184, 265, 209, 328, 270
-0.991194, 169, 169, 232, 232
-0.991208, 297, 93, 360, 124
-0.991212, 113, 49, 144, 112
-0.991221, 49, 73, 112, 104
-0.991222, 129, 125, 192, 156
-0.991235, 73, 101, 136, 132
-0.991242, 241, 193, 304, 256
-0.991242, 257, 21, 320, 52
-0.991261, 113, 209, 176, 270
-0.99129, 285, 49, 316, 176
-0.991319, 65, 193, 128, 256
-0.991343, 49, 113, 112, 144
-0.991379, 273, 65, 304, 128
-0.991385, 145, 113, 176, 176
-0.991424, 209, 81, 240, 144
-0.991426, 169, 45, 232, 76
-0.991503, 221, 57, 252, 120
-0.991524, 185, 125, 248, 156
-0.991531, 297, 65, 328, 128
-0.991541, 89, 193, 152, 256
-0.991551, 129, 157, 192, 188
-0.991573, 161, 149, 224, 180
-0.991583, 65, 141, 128, 172
-0.991611, 129, 81, 192, 112
-0.991628, 177, 201, 240, 264
-0.991636, 177, 81, 208, 144
-0.991667, 113, 33, 176, 64
-0.991697, 1, 177, 128, 240
-0.991717, 217, 61, 280, 92
-0.991763, 45, 73, 76, 136
-0.99177, 265, 109, 328, 140
-0.991776, 297, 113, 328, 176
-0.991815, 49, 129, 80, 256
-0.991855, 81, 41, 144, 72
-0.991861, 125, 17, 156, 80
-0.991869, 177, 17, 208, 144
-0.991927, 209, 209, 272, 270
-0.991928, 241, 57, 304, 88
-0.991939, 145, 45, 208, 76
-0.991974, 33, 81, 288, 144
-0.992033, 113, 185, 176, 248
-0.992034, 185, 85, 248, 116
-0.992093, 33, 125, 96, 156
-0.992101, 105, 45, 168, 76
-0.99211, 289, 69, 352, 100
-0.992112, 81, 169, 112, 232
-0.992131, 1, 81, 360, 144
-0.992136, 17, 209, 144, 270
-0.992165, 137, 33, 200, 64
-0.99218, 105, 21, 168, 52
-0.992191, 89, 129, 152, 160
-0.992202, 201, 129, 232, 256
-0.992203, 33, 9, 160, 72
-0.99221, 97, 97, 160, 128
-0.992216, 297, 33, 360, 64
-0.992223, 201, 45, 264, 76
-0.992227, 73, 89, 136, 120
-0.992233, 145, 21, 208, 52
-0.992294, 281, 21, 344, 52
-0.992297, 57, 61, 120, 92
-0.992314, 145, 145, 176, 176
-0.992315, 97, 81, 160, 112
-0.992334, 161, 85, 224, 116
-0.992352, 297, 105, 360, 136
-0.992355, 225, 89, 288, 120
-0.992364, 169, 25, 232, 56
-0.99237, 105, 145, 136, 270
-0.992407, 265, 77, 328, 108
-0.992418, 121, 49, 152, 176
-0.992426, 209, 149, 272, 180
-0.992433, 33, 129, 288, 192
-0.992492, 157, 1, 188, 128
-0.992505, 209, 121, 272, 152
-0.992505, 41, 93, 104, 124
-0.992513, 153, 117, 216, 148
-0.992524, 41, 137, 104, 168
-0.992531, 17, 17, 80, 144
-0.992532, 137, 33, 168, 96
-0.992609, 325, 81, 356, 112
-0.992651, 1, 1, 64, 270
-0.992713, 181, 41, 212, 104
-0.992718, 193, 57, 256, 88
-0.992767, 233, 9, 296, 40
-0.992794, 169, 137, 200, 168
-0.99281, 49, 185, 176, 248
-0.992814, 61, 185, 92, 248
-0.992822, 77, 17, 108, 144
-0.99287, 313, 89, 344, 120
-0.992872, 81, 61, 144, 92
-0.992912, 25, 105, 88, 136
-0.99292, 121, 105, 184, 136
-0.992949, 109, 113, 140, 176
-0.992952, 169, 73, 232, 104
-0.993007, 193, 161, 256, 192
-0.993012, 113, 141, 144, 172
-0.993024, 121, 97, 152, 128
-0.993032, 209, 33, 272, 64
-0.993032, 157, 141, 188, 172
-0.993042, 217, 77, 280, 108
-0.993102, 133, 149, 164, 180
-0.99311, 97, 57, 352, 120
-0.993135, 77, 73, 108, 104
-0.993149, 289, 93, 320, 124
-0.993156, 93, 129, 124, 160
-0.99317, 49, 153, 112, 184
-0.993185, 1, 201, 64, 232
-0.993196, 57, 29, 120, 60
-0.9932, 201, 21, 264, 52
-0.993237, 253, 113, 284, 176
-0.993259, 273, 121, 336, 152
-0.99327, 233, 149, 296, 180
-0.993274, 277, 9, 308, 72
-0.993274, 69, 137, 100, 168
-0.993286, 33, 213, 96, 244
-0.993296, 81, 41, 112, 104
-0.993297, 273, 33, 336, 64
-0.993297, 17, 185, 80, 216
-0.993301, 33, 169, 96, 200
-0.993312, 81, 173, 144, 204
-0.993316, 73, 113, 136, 144
-0.993318, 9, 237, 72, 268
-0.993359, 61, 73, 92, 104
-0.993368, 57, 89, 88, 152
-0.993378, 153, 61, 216, 92
-0.993379, 61, 61, 92, 92
-0.99339, 221, 149, 252, 180
-0.993402, 185, 45, 216, 76
-0.993415, 49, 201, 112, 232
-0.993417, 73, 153, 136, 184
-0.993438, 265, 65, 328, 96
-0.993444, 65, 121, 96, 152
-0.993444, 101, 89, 132, 152
-0.993452, 121, 57, 184, 88
-0.99346, 241, 73, 304, 104
-0.993475, 113, 69, 176, 100
-0.993476, 81, 17, 144, 48
-0.993479, 53, 137, 84, 200
-0.993486, 201, 109, 264, 140
-0.99349, 65, 185, 128, 216
-0.993496, 57, 41, 120, 72
-0.993497, 217, 17, 248, 80
-0.993501, 113, 9, 176, 40
-0.993501, 25, 77, 88, 108
-0.993511, 205, 149, 236, 180
-0.993513, 273, 17, 304, 48
-0.993516, 101, 149, 132, 180
-0.993544, 233, 57, 264, 88
-0.993552, 297, 117, 360, 148
-0.993569, 217, 161, 280, 192
-0.993578, 25, 225, 88, 256
-0.993606, 105, 33, 136, 64
-0.993612, 49, 73, 80, 104
-0.993613, 25, 65, 88, 96
-0.993622, 77, 109, 108, 140
-0.993626, 81, 129, 112, 160
-0.99363, 117, 81, 148, 112
-0.993651, 269, 109, 300, 140
-0.993652, 117, 33, 148, 64
-0.993675, 173, 45, 204, 76
-0.993677, 189, 149, 220, 180
-0.993686, 193, 73, 256, 104
-0.993688, 245, 57, 276, 88
-0.993712, 109, 105, 140, 136
-0.993718, 181, 133, 212, 164
-0.993719, 249, 45, 312, 76
-0.993732, 169, 105, 232, 136
-0.993734, 289, 57, 352, 88
-0.993743, 201, 45, 232, 76
-0.993758, 129, 93, 192, 124
-0.993762, 105, 45, 136, 76
-0.993777, 65, 153, 320, 216
-0.99378, 89, 77, 120, 108
-0.99378, 297, 109, 328, 140
-0.993818, 265, 1, 328, 32
-0.993819, 193, 153, 320, 216
-0.99382, 185, 137, 248, 168
-0.993827, 81, 29, 144, 60
-0.993831, 157, 45, 188, 76
-0.993833, 121, 157, 152, 188
-0.99384, 273, 49, 304, 176
-0.993843, 321, 69, 352, 100
-0.993856, 121, 129, 152, 160
-0.993879, 37, 209, 68, 270
-0.993895, 261, 13, 292, 44
-0.993902, 105, 161, 136, 192
-0.993904, 285, 21, 316, 52
-0.993916, 193, 125, 224, 156
-0.993917, 137, 37, 168, 68
-0.993922, 225, 21, 288, 52
-0.993922, 297, 233, 360, 264
-0.993933, 193, 25, 224, 56
-0.993936, 177, 149, 208, 180
-0.99394, 301, 89, 332, 120
-0.993954, 325, 93, 356, 124
-0.993986, 273, 61, 304, 92
-0.993995, 225, 145, 256, 208
-0.994005, 229, 17, 260, 144
-0.994027, 121, 45, 152, 76
-0.994029, 137, 81, 168, 112
-0.994045, 153, 17, 184, 80
-0.994053, 161, 121, 192, 152
-0.994057, 249, 113, 280, 144
-0.99406, 169, 161, 232, 192
-0.994069, 285, 117, 316, 148
-0.994078, 289, 9, 352, 40
-0.994084, 165, 81, 196, 144
-0.994096, 209, 9, 272, 40
-0.994104, 193, 85, 224, 116
-0.994119, 1, 105, 64, 136
-0.994127, 121, 109, 152, 140
-0.994141, 89, 33, 120, 64
-0.994145, 253, 89, 284, 120
-0.994155, 109, 93, 140, 124
-0.994168, 145, 133, 176, 164
-0.994173, 209, 25, 336, 88
-0.994175, 209, 121, 240, 152
-0.994178, 173, 85, 204, 116
-0.994181, 169, 13, 232, 44
-0.994183, 101, 81, 132, 112
-0.994187, 53, 125, 84, 156
-0.99419, 17, 137, 80, 168
-0.9942, 105, 21, 136, 52
-0.994213, 181, 57, 212, 88
-0.994215, 305, 77, 336, 108
-0.994231, 61, 89, 92, 120
-0.994234, 233, 153, 264, 184
-0.994236, 297, 217, 360, 248
-0.994244, 309, 29, 340, 60
-0.994247, 153, 81, 184, 112
-0.994252, 133, 105, 164, 136
-0.994264, 81, 61, 112, 92
-0.994273, 205, 85, 236, 116
-0.994275, 57, 137, 88, 168
-0.994291, 9, 117, 72, 148
-0.994295, 1, 65, 64, 192
-0.994296, 293, 77, 324, 108
-0.994297, 93, 161, 124, 192
-0.994301, 149, 33, 180, 64
-0.994321, 285, 61, 316, 92
-0.994325, 49, 201, 80, 264
-0.994325, 1, 145, 128, 208
-0.994326, 217, 85, 248, 116
-0.994327, 117, 21, 148, 52
-0.994338, 97, 117, 128, 148
-0.994343, 61, 189, 92, 220
-0.994349, 73, 181, 104, 212
-0.994355, 17, 53, 80, 84
-0.994357, 233, 101, 296, 132
-0.994361, 233, 121, 264, 152
-0.994362, 277, 93, 308, 124
-0.994373, 229, 85, 260, 116
-0.994393, 253, 69, 284, 100
-0.994403, 233, 69, 264, 100
-0.994406, 213, 129, 244, 256
-0.994415, 17, 233, 48, 264
-0.994415, 221, 161, 252, 192
-0.99443, 57, 13, 120, 44
-0.994442, 329, 229, 360, 260
-0.994443, 165, 157, 196, 188
-0.994443, 41, 121, 72, 152
-0.994452, 49, 201, 80, 232
-0.994452, 33, 25, 96, 56
-0.994456, 309, 101, 340, 132
-0.994466, 9, 1, 72, 32
-0.994469, 65, 33, 320, 96
-0.994473, 169, 33, 200, 64
-0.994473, 181, 17, 212, 80
-0.994476, 297, 21, 328, 52
-0.994478, 213, 33, 244, 64
-0.994482, 33, 217, 64, 248
-0.994482, 17, 13, 80, 44
-0.994489, 277, 73, 308, 104
-0.994491, 241, 89, 272, 120
-0.994497, 157, 21, 188, 52
-0.994501, 137, 25, 168, 56
-0.994521, 265, 93, 296, 124
-0.994523, 145, 49, 176, 80
-0.994524, 265, 73, 296, 104
-0.994525, 221, 65, 252, 96
-0.994536, 133, 125, 164, 156
-0.994547, 173, 73, 204, 104
-0.994555, 1, 93, 64, 124
-0.994556, 153, 157, 184, 188
-0.99457, 173, 21, 204, 52
-0.994572, 221, 121, 252, 152
-0.994576, 133, 49, 164, 80
-0.994584, 297, 37, 328, 68
-0.994584, 113, 149, 240, 180
-0.994594, 161, 61, 192, 92
-0.994595, 105, 69, 136, 100
-0.994601, 261, 53, 292, 84
-0.994603, 185, 1, 248, 32
-0.994605, 93, 61, 124, 92
-0.994607, 181, 33, 212, 64
-0.994611, 49, 109, 80, 140
-0.994611, 97, 93, 128, 124
-0.994626, 173, 121, 204, 152
-0.994629, 213, 45, 244, 76
-0.994629, 49, 89, 80, 120
-0.994636, 193, 73, 224, 104
-0.994643, 85, 173, 116, 204
-0.994645, 81, 149, 112, 180
-0.994667, 81, 5, 144, 36
-0.994677, 285, 1, 316, 128
-0.994679, 81, 97, 112, 160
-0.994691, 209, 137, 272, 168
-0.994691, 265, 161, 328, 192
-0.994721, 41, 189, 104, 220
-0.994739, 297, 133, 360, 164
-0.994781, 57, 173, 120, 204
-0.994797, 49, 1, 112, 32
-0.994801, 29, 89, 60, 152
-0.994815, 1, 225, 64, 256
-0.994833, 25, 41, 88, 72
-0.994848, 25, 201, 88, 232
-0.994867, 97, 9, 352, 72
-0.994886, 205, 33, 236, 96
-0.994944, 1, 105, 256, 168
-0.994957, 97, 137, 224, 168
-0.994993, 225, 145, 352, 270
-0.995018, 1, 41, 360, 104
-0.99502, 49, 137, 176, 168
-0.995084, 97, 105, 352, 168
-0.995088, 49, 105, 176, 136
-0.995141, 153, 81, 184, 144
-0.995182, 1, 57, 256, 120
-0.995258, 1, 153, 360, 216
-0.995329, 269, 113, 300, 176
-0.995336, 181, 105, 212, 168
-0.995567, 89, 17, 120, 80
-0.995596, 233, 41, 264, 104
-0.99561, 71, 113, 86, 176
-0.995697, 113, 85, 240, 116
-0.995746, 249, 1, 280, 128
-0.995788, 307, 89, 322, 152
-0.995823, 1, 209, 256, 270
-0.995836, 213, 153, 244, 216
-0.995873, 197, 145, 228, 208
-0.995902, 1, 121, 360, 184
-0.995911, 65, 125, 192, 156
-0.995917, 65, 81, 192, 112
-0.99592, 17, 81, 144, 112
-0.995964, 225, 77, 352, 108
-0.995966, 1, 41, 128, 104
-0.995993, 149, 137, 164, 200
-0.995996, 117, 137, 132, 200
-0.996048, 331, 73, 346, 136
-0.996109, 125, 73, 140, 136
-0.99612, 257, 113, 288, 240
-0.99613, 157, 137, 172, 200
-0.996155, 209, 113, 336, 144
-0.996159, 97, 29, 224, 60
-0.996167, 141, 137, 156, 200
-0.996171, 289, 89, 304, 152
-0.996185, 33, 69, 160, 100
-0.996217, 163, 137, 178, 200
-0.996227, 279, 89, 294, 152
-0.996247, 161, 121, 288, 152
-0.996249, 169, 17, 200, 80
-0.996258, 65, 153, 192, 184
-0.996263, 323, 81, 338, 144
-0.996273, 209, 89, 336, 120
-0.996314, 297, 89, 312, 152
-0.996369, 161, 61, 288, 92
-0.996384, 181, 153, 212, 216
-0.996409, 339, 81, 354, 144
-0.996441, 129, 45, 256, 76
-0.996445, 97, 113, 224, 144
-0.996486, 225, 65, 352, 96
-0.996494, 201, 121, 216, 184
-0.996498, 237, 153, 268, 216
-0.996502, 17, 93, 144, 124
-0.996509, 81, 45, 208, 76
-0.996511, 131, 73, 146, 136
-0.996535, 193, 89, 224, 152
-0.996567, 179, 137, 194, 200
-0.996574, 265, 9, 296, 72
-0.99658, 171, 137, 186, 200
-0.996594, 267, 89, 282, 152
-0.996619, 1, 185, 256, 248
-0.996646, 253, 1, 284, 64
-0.99666, 139, 81, 154, 144
-0.996668, 101, 1, 132, 64
-0.996679, 161, 85, 288, 116
-0.996683, 133, 49, 164, 176
-0.996709, 105, 121, 120, 184
-0.996733, 257, 41, 288, 104
-0.996753, 191, 129, 206, 192
-0.99676, 137, 1, 168, 64
-0.996761, 261, 89, 276, 152
-0.996764, 255, 89, 270, 152
-0.996797, 127, 153, 142, 216
-0.996799, 145, 137, 272, 168
-0.996812, 65, 113, 80, 176
-0.996816, 185, 129, 200, 192
-0.996826, 89, 129, 104, 192
-0.996828, 115, 65, 130, 128
-0.996829, 231, 121, 246, 184
-0.996832, 95, 121, 110, 184
-0.996833, 273, 89, 288, 152
-0.996834, 77, 105, 92, 168
-0.996834, 225, 209, 352, 270
-0.996843, 111, 137, 126, 200
-0.99685, 71, 49, 86, 112
-0.99685, 345, 81, 360, 144
-0.996857, 135, 105, 150, 168
-0.996871, 17, 125, 144, 156
-0.996872, 237, 121, 252, 184
-0.996874, 221, 121, 236, 184
-0.996878, 89, 145, 120, 208
-0.996887, 211, 121, 226, 184
-0.996893, 115, 33, 130, 96
-0.996902, 1, 9, 256, 72
-0.996914, 81, 65, 208, 96
-0.996922, 161, 149, 288, 180
-0.996926, 71, 73, 86, 136
-0.996963, 265, 65, 280, 128
-0.996979, 133, 153, 148, 216
-0.996983, 317, 89, 332, 152
-0.997007, 193, 21, 320, 52
-0.997011, 17, 149, 144, 180
-0.997027, 213, 41, 228, 104
-0.997028, 175, 57, 190, 120
-0.997136, 65, 137, 80, 200
-0.997145, 83, 129, 98, 192
-0.997162, 129, 113, 144, 176
-0.997179, 37, 145, 68, 270
-0.997186, 303, 25, 318, 88
-0.997196, 97, 101, 224, 132
-0.997205, 123, 129, 138, 192
-0.997217, 57, 113, 72, 176
-0.997226, 143, 57, 158, 120
-0.997245, 109, 41, 124, 104
-0.997252, 1, 193, 360, 256
-0.997261, 61, 65, 76, 128
-0.99727, 49, 33, 176, 64
-0.997278, 135, 25, 150, 88
-0.997298, 207, 17, 222, 80
-0.997314, 1, 137, 128, 168
-0.997334, 311, 65, 326, 128
-0.997343, 169, 113, 184, 176
-0.997347, 279, 65, 294, 128
-0.997387, 155, 57, 170, 120
-0.997404, 243, 121, 258, 184
-0.997421, 97, 17, 224, 48
-0.997429, 81, 1, 112, 256
-0.997435, 83, 65, 98, 128
-0.997447, 145, 113, 160, 176
-0.997448, 257, 1, 288, 256
-0.997451, 125, 49, 140, 112
-0.99747, 249, 89, 264, 152
-0.997474, 125, 161, 156, 224
-0.997477, 75, 137, 90, 200
-0.997482, 225, 101, 352, 132
-0.997485, 299, 65, 314, 128
-0.997488, 273, 65, 288, 128
-0.997488, 51, 73, 66, 136
-0.99749, 49, 21, 176, 52
-0.997492, 229, 1, 260, 256
-0.997501, 1, 237, 128, 268
-0.997502, 125, 17, 140, 80
-0.997505, 161, 73, 288, 104
-0.997528, 217, 65, 232, 128
-0.997534, 207, 57, 222, 120
-0.997536, 209, 53, 336, 84
-0.997539, 293, 65, 308, 128
-0.997551, 135, 129, 150, 192
-0.997556, 259, 65, 274, 128
-0.997564, 269, 1, 300, 256
-0.997581, 287, 65, 302, 128
-0.997592, 249, 113, 264, 176
-0.997593, 77, 49, 92, 112
-0.997595, 145, 21, 272, 52
-0.997602, 169, 57, 184, 120
-0.997604, 105, 65, 120, 128
-0.997608, 223, 57, 238, 120
-0.997612, 217, 1, 248, 256
-0.997613, 245, 65, 260, 128
-0.997623, 163, 113, 178, 176
-0.997629, 115, 1, 130, 64
-0.997636, 33, 45, 160, 76
-0.997645, 225, 33, 352, 64
-0.997651, 301, 113, 316, 176
-0.997666, 149, 57, 164, 120
-0.997681, 317, 57, 332, 120
-0.997686, 147, 33, 162, 96
-0.997693, 195, 17, 210, 80
-0.997698, 333, 77, 348, 108
-0.9977, 211, 81, 226, 144
-0.997701, 177, 1, 208, 256
-0.997704, 83, 105, 98, 168
-0.997705, 149, 1, 180, 256
-0.997708, 145, 161, 176, 224
-0.997718, 325, 57, 340, 120
-0.997726, 1, 193, 128, 224
-0.99773, 1, 21, 128, 52
-0.997732, 25, 209, 56, 270
-0.997734, 33, 165, 160, 196
-0.997737, 199, 41, 214, 104
-0.997742, 81, 165, 208, 196
-0.997744, 145, 81, 160, 144
-0.997749, 233, 81, 248, 144
-0.997752, 161, 57, 176, 120
-0.997756, 239, 81, 254, 144
-0.997759, 53, 1, 84, 256
-0.997764, 223, 81, 238, 144
-0.997768, 185, 57, 200, 120
-0.99777, 287, 113, 302, 176
-0.997771, 195, 81, 210, 144
-0.997781, 115, 113, 130, 176
-0.997786, 137, 57, 152, 120
-0.997789, 343, 81, 358, 112
-0.99781, 201, 17, 216, 80
-0.99781, 177, 9, 304, 40
-0.997817, 113, 125, 240, 156
-0.997828, 205, 81, 220, 144
-0.99783, 141, 33, 156, 96
-0.99784, 161, 33, 288, 64
-0.997854, 309, 17, 324, 80
-0.997858, 297, 17, 312, 80
-0.997865, 17, 225, 144, 256
-0.997871, 95, 65, 110, 128
-0.997886, 157, 113, 172, 176
-0.997887, 209, 149, 336, 180
-0.997893, 145, 109, 272, 140
-0.997901, 337, 57, 352, 120
-0.997902, 289, 1, 320, 256
-0.997909, 53, 161, 84, 224
-0.997912, 161, 161, 288, 192
-0.997914, 179, 113, 194, 176
-0.997929, 193, 41, 208, 104
-0.99793, 189, 81, 204, 144
-0.997931, 251, 65, 266, 128
-0.997958, 235, 57, 250, 120
-0.997962, 113, 89, 128, 152
-0.997971, 1, 113, 128, 144
-0.99798, 77, 73, 92, 136
-0.997983, 57, 41, 88, 104
-0.997983, 147, 145, 162, 176
-0.997992, 245, 1, 276, 256
-0.997997, 161, 1, 192, 256
-0.997998, 229, 57, 244, 120
-0.998014, 125, 1, 156, 256
-0.998021, 293, 113, 308, 176
-0.998029, 151, 81, 166, 144
-0.998038, 205, 1, 236, 256
-0.998039, 133, 101, 148, 132
-0.998057, 115, 141, 130, 172
-0.99807, 139, 149, 154, 180
-0.998071, 189, 1, 220, 256
-0.998074, 161, 81, 176, 144
-0.998077, 29, 97, 60, 224
-0.998084, 33, 209, 160, 240
-0.998094, 175, 137, 190, 168
-0.998098, 33, 57, 160, 88
-0.998116, 165, 145, 180, 176
-0.998118, 99, 161, 114, 224
-0.998137, 49, 189, 176, 220
-0.998142, 83, 41, 98, 104
-0.998152, 333, 97, 348, 160
-0.998155, 175, 81, 190, 144
-0.998156, 225, 1, 352, 32
-0.998169, 105, 17, 120, 80
-0.998171, 313, 89, 328, 120
-0.998179, 255, 113, 270, 176
-0.998188, 65, 177, 192, 208
-0.998206, 159, 145, 174, 176
-0.99823, 109, 149, 124, 180
-0.998239, 181, 137, 196, 168
-0.998252, 323, 89, 338, 120
-0.998259, 1, 33, 128, 64
-0.998282, 225, 221, 352, 252
-0.998287, 145, 97, 272, 128
-0.998305, 17, 177, 144, 208
-0.998306, 73, 133, 136, 148
-0.998306, 79, 69, 94, 100
-0.998318, 121, 97, 136, 128
-0.998319, 79, 137, 94, 168
-0.998319, 65, 1, 96, 256
-0.998343, 153, 145, 168, 176
-0.998345, 37, 177, 68, 240
-0.998369, 273, 41, 304, 104
-0.998371, 45, 73, 76, 88
-0.998371, 209, 61, 240, 76
-0.998371, 45, 95, 76, 110
-0.998371, 285, 119, 316, 134
-0.998372, 181, 157, 212, 172
-0.998373, 125, 149, 156, 164
-0.998373, 149, 155, 180, 170
-0.998374, 313, 1, 344, 256
-0.998374, 277, 17, 292, 48
-0.998374, 213, 159, 244, 174
-0.998374, 281, 69, 312, 84
-0.998375, 161, 83, 192, 98
-0.998375, 197, 23, 228, 38
-0.998375, 225, 123, 256, 138
-0.998375, 49, 85, 80, 100
-0.998376, 109, 55, 140, 70
-0.998376, 165, 157, 196, 172
-0.998376, 205, 41, 236, 56
-0.998378, 189, 149, 220, 164
-0.998378, 109, 141, 140, 156
-0.998378, 253, 23, 284, 38
-0.998378, 281, 29, 312, 44
-0.998379, 105, 27, 136, 42
-0.998379, 141, 125, 172, 140
-0.998379, 201, 159, 232, 174
-0.99838, 129, 55, 160, 70
-0.99838, 261, 15, 292, 30
-0.998381, 297, 29, 328, 44
-0.998382, 237, 89, 268, 104
-0.998382, 157, 59, 188, 74
-0.998382, 145, 113, 176, 128
-0.998384, 153, 139, 184, 154
-0.998385, 201, 47, 232, 62
-0.998386, 125, 47, 156, 62
-0.998386, 45, 121, 76, 136
-0.998387, 69, 141, 84, 172
-0.998387, 285, 93, 316, 108
-0.998388, 229, 159, 260, 174
-0.998388, 153, 121, 184, 136
-0.998389, 173, 37, 204, 52
-0.99839, 233, 67, 264, 82
-0.99839, 285, 107, 316, 122
-0.99839, 187, 45, 202, 76
-0.998391, 329, 35, 360, 50
-0.998391, 313, 9, 344, 72
-0.998391, 237, 121, 268, 136
-0.998392, 101, 81, 132, 96
-0.998392, 205, 87, 236, 102
-0.998392, 273, 93, 304, 108
-0.998394, 193, 61, 224, 76
-0.998394, 149, 83, 180, 98
-0.998394, 157, 145, 188, 160
-0.998395, 49, 9, 176, 40
-0.998395, 137, 83, 168, 98
-0.998396, 25, 185, 56, 248
-0.998396, 117, 161, 148, 176
-0.998396, 77, 147, 108, 162
-0.998396, 213, 149, 228, 180
-0.998396, 157, 47, 188, 62
-0.998396, 129, 113, 160, 128
-0.998397, 245, 59, 276, 74
-0.9984, 89, 37, 120, 52
-0.9984, 133, 27, 164, 42
-0.9984, 305, 109, 336, 124
-0.998401, 169, 47, 200, 62
-0.998401, 141, 139, 172, 154
-0.998402, 127, 97, 142, 128
-0.998403, 113, 41, 144, 56
-0.998403, 169, 59, 200, 74
-0.998404, 101, 41, 132, 56
-0.998404, 113, 147, 144, 162
-0.998404, 253, 91, 284, 106
-0.998405, 165, 119, 196, 134
-0.998406, 225, 89, 256, 104
-0.998407, 137, 47, 168, 62
-0.998407, 173, 85, 204, 100
-0.998408, 293, 23, 324, 38
-0.998408, 221, 61, 252, 76
-0.998408, 213, 123, 244, 138
-0.998409, 277, 63, 308, 78
-0.998409, 85, 133, 100, 164
-0.998409, 193, 87, 224, 102
-0.998409, 189, 129, 220, 144
-0.99841, 129, 155, 192, 170
-0.998411, 73, 119, 104, 134
-0.998412, 109, 93, 140, 108
-0.998414, 253, 115, 284, 130
-0.998415, 77, 79, 108, 94
-0.998415, 317, 73, 348, 88
-0.998416, 309, 33, 340, 48
-0.998417, 77, 113, 108, 128
-0.998418, 109, 107, 140, 122
-0.998418, 117, 31, 148, 46
-0.998418, 297, 115, 328, 130
-0.998419, 109, 47, 140, 62
-0.99842, 321, 97, 352, 112
-0.99842, 203, 149, 218, 180
-0.99842, 297, 35, 328, 50
-0.99842, 235, 149, 250, 180
-0.998421, 233, 61, 264, 76
-0.998421, 247, 57, 262, 88
-0.998421, 101, 131, 132, 146
-0.998424, 113, 153, 144, 168
-0.998424, 113, 17, 144, 32
-0.998424, 1, 17, 360, 80
-0.998427, 65, 127, 96, 142
-0.998427, 125, 129, 156, 144
-0.998428, 197, 35, 228, 50
-0.998429, 177, 133, 208, 148
-0.998429, 265, 65, 296, 80
-0.998431, 225, 151, 256, 166
-0.998434, 309, 97, 340, 112
-0.998436, 277, 17, 308, 32
-0.998436, 67, 61, 82, 92
-0.998438, 93, 151, 124, 166
-0.998441, 81, 133, 112, 148
-0.998442, 89, 79, 120, 94
-0.998444, 125, 81, 140, 112
-0.998444, 61, 91, 92, 106
-0.998445, 61, 67, 92, 82
-0.998446, 181, 59, 212, 74
-0.998448, 201, 125, 232, 140
-0.998449, 125, 155, 156, 170
-0.998449, 117, 81, 148, 96
-0.998452, 317, 85, 348, 100
-0.998453, 121, 139, 152, 154
-0.998453, 125, 107, 156, 122
-0.998455, 45, 49, 76, 112
-0.998455, 133, 157, 148, 188
-0.998458, 301, 1, 332, 256
-0.998459, 105, 33, 136, 48
-0.998462, 187, 133, 202, 164
-0.998462, 321, 91, 352, 106
-0.998463, 297, 93, 328, 108
-0.998464, 133, 45, 148, 76
-0.998466, 189, 43, 220, 58
-0.998469, 69, 121, 84, 152
-0.99847, 219, 149, 234, 180
-0.998474, 201, 45, 216, 76
-0.998477, 253, 65, 284, 80
-0.998484, 265, 109, 296, 124
-0.998486, 227, 149, 242, 180
-0.998489, 345, 225, 360, 256
-0.998489, 197, 149, 212, 180
-0.99849, 325, 79, 356, 94
-0.998492, 101, 1, 132, 256
-0.998492, 57, 75, 88, 90
-0.998493, 65, 139, 96, 154
-0.998494, 89, 127, 120, 142
-0.998495, 105, 159, 136, 174
-0.998496, 59, 65, 74, 96
-0.998497, 97, 1, 224, 32
-0.998499, 89, 73, 104, 104
-0.9985, 115, 81, 130, 112
-0.998504, 281, 23, 312, 38
-0.998511, 335, 89, 350, 120
-0.998514, 5, 193, 36, 256
-0.99852, 169, 161, 200, 224
-0.998521, 165, 139, 196, 154
-0.998524, 115, 157, 130, 188
-0.998529, 49, 75, 112, 90
-0.998529, 57, 1, 88, 128
-0.998531, 113, 139, 176, 154
-0.998535, 193, 45, 208, 76
-0.998539, 115, 33, 130, 64
-0.998543, 329, 85, 360, 100
-0.998546, 147, 45, 162, 76
-0.998548, 121, 33, 136, 64
-0.998549, 137, 153, 168, 168
-0.998549, 77, 73, 108, 88
-0.99855, 327, 77, 342, 108
-0.99855, 265, 21, 296, 36
-0.998553, 191, 149, 206, 180
-0.998558, 209, 25, 224, 56
-0.998562, 287, 17, 302, 48
-0.998564, 95, 125, 110, 156
-0.998569, 297, 91, 360, 106
-0.998569, 73, 73, 88, 104
-0.998569, 209, 137, 336, 168
-0.998574, 255, 57, 270, 88
-0.998575, 305, 109, 320, 140
-0.998576, 151, 33, 166, 64
-0.998579, 173, 45, 188, 76
-0.998581, 167, 121, 182, 152
-0.998586, 181, 45, 196, 76
-0.998586, 317, 77, 332, 108
-0.998592, 103, 77, 118, 108
-0.998592, 329, 1, 360, 256
-0.998592, 241, 61, 256, 92
-0.998594, 155, 133, 170, 164
-0.998595, 137, 143, 200, 158
-0.998596, 117, 99, 148, 114
-0.998599, 201, 123, 264, 138
-0.998601, 143, 33, 158, 64
-0.998601, 1, 9, 128, 40
-0.998601, 309, 91, 340, 106
-0.998601, 211, 45, 226, 76
-0.998604, 145, 145, 176, 160
-0.998612, 97, 145, 160, 160
-0.998616, 105, 41, 120, 72
-0.998621, 127, 45, 142, 76
-0.998634, 135, 33, 150, 64
-0.998635, 279, 105, 294, 136
-0.998636, 121, 45, 136, 76
-0.998639, 139, 105, 154, 136
-0.998642, 265, 109, 328, 124
-0.998645, 97, 159, 160, 174
-0.998651, 169, 133, 184, 164
-0.998653, 97, 193, 352, 256
-0.998653, 303, 93, 318, 124
-0.998659, 125, 157, 140, 188
-0.99866, 209, 125, 336, 156
-0.998667, 111, 97, 126, 128
-0.998668, 209, 161, 336, 192
-0.998671, 157, 161, 188, 224
-0.998673, 67, 77, 82, 108
-0.998674, 257, 23, 320, 38
-0.998681, 139, 45, 154, 76
-0.998689, 115, 45, 130, 76
-0.998692, 107, 129, 122, 160
-0.998705, 265, 93, 328, 108
-0.998709, 289, 93, 304, 124
-0.998709, 249, 115, 312, 130
-0.998713, 141, 117, 156, 148
-0.998715, 277, 93, 292, 124
-0.998719, 329, 1, 360, 64
-0.998723, 185, 149, 200, 180
-0.998724, 289, 61, 304, 92
-0.998725, 195, 129, 210, 160
-0.998732, 185, 85, 200, 116
-0.998734, 73, 95, 136, 110
-0.998734, 193, 151, 256, 166
-0.998735, 73, 75, 136, 90
-0.998739, 131, 81, 146, 112
-0.998747, 157, 45, 172, 76
-0.99875, 129, 113, 144, 144
-0.998752, 93, 169, 124, 232
-0.998752, 121, 83, 184, 98
-0.998761, 137, 81, 152, 112
-0.998765, 289, 117, 304, 148
-0.998767, 193, 85, 208, 116
-0.998771, 265, 5, 280, 36
-0.998771, 127, 33, 142, 64
-0.998775, 85, 61, 100, 92
-0.998779, 161, 45, 224, 60
-0.998783, 179, 149, 194, 180
-0.998784, 73, 81, 136, 96
-0.998784, 299, 117, 314, 148
-0.998785, 89, 127, 152, 142
-0.998786, 293, 21, 308, 52
-0.998787, 73, 103, 136, 118
-0.998792, 75, 117, 90, 148
-0.998794, 311, 101, 326, 132
-0.998795, 73, 109, 136, 124
-0.998797, 137, 149, 200, 164
-0.998798, 203, 33, 218, 64
-0.998799, 329, 93, 344, 124
-0.998801, 107, 29, 122, 60
-0.998806, 203, 125, 218, 156
-0.998806, 105, 151, 168, 166
-0.998807, 161, 139, 224, 154
-0.998809, 297, 35, 360, 50
-0.998811, 201, 21, 216, 52
-0.998811, 311, 29, 326, 60
-0.998813, 63, 141, 78, 172
-0.998815, 97, 109, 160, 124
-0.998816, 189, 57, 204, 88
-0.998822, 301, 1, 332, 64
-0.998822, 149, 133, 164, 164
-0.998822, 185, 87, 248, 102
-0.998822, 97, 101, 160, 116
-0.998824, 113, 21, 128, 52
-0.998826, 163, 45, 178, 76
-0.99883, 171, 149, 186, 180
-0.998831, 241, 153, 256, 184
-0.998834, 311, 77, 326, 108
-0.998835, 95, 165, 110, 196
-0.998836, 295, 61, 310, 92
-0.998838, 233, 57, 248, 88
-0.998838, 165, 81, 180, 112
-0.99884, 49, 121, 112, 136
-0.998841, 137, 133, 152, 164
-0.998843, 215, 85, 230, 116
-0.998844, 65, 149, 128, 164
-0.998848, 65, 139, 128, 154
-0.998854, 51, 81, 66, 112
-0.998854, 105, 29, 168, 44
-0.998858, 127, 21, 142, 52
-0.998862, 237, 85, 252, 116
-0.998865, 137, 123, 200, 138
-0.998867, 271, 89, 286, 120
-0.998872, 225, 121, 240, 152
-0.998878, 97, 47, 160, 62
-0.998878, 75, 185, 90, 216
-0.998879, 249, 117, 264, 148
-0.998882, 163, 133, 178, 164
-0.998884, 175, 85, 190, 116
-0.998885, 297, 77, 360, 92
-0.998885, 113, 55, 176, 70
-0.998887, 105, 35, 168, 50
-0.998888, 85, 177, 100, 208
-0.998888, 173, 121, 188, 152
-0.998894, 273, 35, 336, 50
-0.998898, 129, 131, 192, 146
-0.998899, 185, 45, 248, 60
-0.998901, 297, 97, 360, 112
-0.998904, 145, 85, 208, 100
-0.998905, 209, 59, 272, 74
-0.998913, 289, 1, 320, 64
-0.998914, 209, 89, 272, 104
-0.99892, 233, 9, 264, 72
-0.998923, 233, 91, 296, 106
-0.998925, 297, 85, 360, 100
-0.998932, 113, 1, 144, 256
-0.998937, 281, 23, 344, 38
-0.998938, 233, 65, 296, 80
-0.998941, 97, 81, 160, 96
-0.998944, 233, 17, 296, 32
-0.998952, 113, 125, 176, 140
-0.998957, 49, 115, 112, 130
-0.998959, 161, 37, 224, 52
-0.998964, 145, 57, 208, 72
-0.998964, 121, 111, 184, 126
-0.998967, 41, 97, 104, 112
-0.998968, 81, 41, 144, 56
-0.998969, 161, 149, 224, 164
-0.998973, 201, 159, 264, 174
-0.998977, 185, 39, 248, 54
-0.998978, 153, 157, 216, 172
-0.998981, 73, 89, 136, 104
-0.998982, 161, 119, 224, 134
-0.998982, 209, 41, 272, 56
-0.998984, 41, 107, 104, 122
-0.998985, 321, 41, 352, 104
-0.998989, 121, 47, 184, 62
-0.99899, 65, 127, 128, 142
-0.998995, 169, 133, 232, 148
-0.998997, 281, 115, 344, 130
-0.998998, 105, 41, 168, 56
-0.999001, 41, 81, 104, 96
-0.999002, 41, 91, 104, 106
-0.999014, 177, 159, 240, 174
-0.999015, 89, 121, 152, 136
-0.999015, 73, 47, 136, 62
-0.999015, 121, 117, 184, 132
-0.999021, 161, 25, 224, 40
-0.999024, 121, 105, 184, 120
-0.99903, 273, 87, 336, 102
-0.999039, 233, 59, 296, 74
-0.999049, 137, 23, 200, 38
-0.999049, 113, 17, 176, 32
-0.999055, 233, 155, 296, 170
-0.999057, 89, 57, 152, 72
-0.99906, 49, 69, 112, 84
-0.999062, 225, 119, 288, 134
-0.999065, 257, 29, 320, 44
-0.999069, 273, 17, 336, 32
-0.999069, 81, 33, 144, 48
-0.99907, 169, 113, 184, 240
-0.999072, 41, 127, 104, 142
-0.999077, 297, 107, 360, 122
-0.99908, 177, 31, 240, 46
-0.999082, 137, 41, 200, 56
-0.999084, 185, 61, 248, 76
-0.999086, 89, 23, 152, 38
-0.999086, 297, 29, 360, 44
-0.999087, 135, 97, 150, 224
-0.999088, 73, 115, 136, 130
-0.999089, 169, 55, 232, 70
-0.999094, 273, 103, 336, 118
-0.999095, 57, 39, 120, 54
-0.999099, 41, 141, 104, 156
-0.999102, 281, 69, 344, 84
-0.999102, 97, 95, 160, 110
-0.999112, 25, 115, 88, 130
-0.999113, 257, 63, 320, 78
-0.999113, 225, 233, 352, 264
-0.999115, 169, 81, 232, 96
-0.999118, 257, 69, 320, 84
-0.999119, 57, 61, 120, 76
-0.999125, 137, 29, 200, 44
-0.999129, 211, 81, 226, 208
-0.999131, 205, 81, 220, 208
-0.999132, 147, 113, 162, 240
-0.999136, 145, 79, 208, 94
-0.999136, 25, 75, 88, 90
-0.99914, 193, 113, 208, 240
-0.999144, 295, 65, 310, 192
-0.999145, 245, 25, 276, 88
-0.999147, 1, 249, 64, 264
-0.999148, 221, 81, 236, 208
-0.999149, 275, 65, 290, 80
-0.999149, 175, 47, 190, 62
-0.99915, 193, 85, 208, 100
-0.999151, 167, 47, 182, 62
-0.999151, 209, 67, 272, 82
-0.999152, 263, 91, 278, 106
-0.999155, 89, 139, 152, 154
-0.999155, 303, 23, 318, 38
-0.999157, 237, 89, 252, 104
-0.999158, 209, 27, 224, 42
-0.999158, 323, 35, 338, 50
-0.999159, 199, 81, 214, 208
-0.99916, 65, 53, 128, 68
-0.999161, 113, 23, 176, 38
-0.999161, 161, 113, 176, 240
-0.999162, 101, 39, 116, 54
-0.999164, 113, 47, 128, 62
-0.999166, 201, 29, 264, 44
-0.999167, 177, 85, 192, 100
-0.999167, 229, 89, 244, 104
-0.999168, 135, 47, 150, 62
-0.999168, 185, 85, 200, 100
-0.999168, 213, 87, 228, 102
-0.999172, 131, 57, 146, 72
-0.999172, 221, 61, 236, 76
-0.999172, 149, 139, 164, 154
-0.999173, 153, 83, 168, 98
-0.999174, 293, 29, 308, 44
-0.999174, 299, 35, 314, 50
-0.999174, 137, 137, 200, 152
-0.999176, 121, 61, 184, 76
-0.999177, 233, 81, 248, 208
-0.999178, 127, 93, 142, 108
-0.999178, 233, 11, 296, 26
-0.999179, 33, 133, 96, 148
-0.999179, 65, 155, 128, 170
-0.99918, 163, 119, 178, 134
-0.99918, 195, 45, 210, 60
-0.999181, 297, 41, 360, 56
-0.999183, 225, 123, 240, 138
-0.999184, 81, 65, 96, 192
-0.999184, 91, 127, 106, 142
-0.999185, 155, 113, 170, 240
-0.999185, 141, 147, 156, 162
-0.999185, 157, 47, 172, 62
-0.999186, 113, 33, 128, 48
-0.999186, 105, 79, 120, 94
-0.999186, 181, 59, 196, 74
-0.999186, 329, 201, 360, 264
-0.999186, 257, 115, 272, 130
-0.999188, 71, 49, 86, 176
-0.999188, 169, 59, 184, 74
-0.999189, 89, 17, 152, 32
-0.99919, 297, 231, 360, 246
-0.999191, 181, 47, 196, 62
-0.999192, 121, 47, 136, 62
-0.999195, 25, 69, 88, 84
-0.999195, 193, 129, 256, 144
-0.999195, 117, 107, 132, 122
-0.999195, 129, 113, 144, 240
-0.999196, 65, 65, 80, 80
-0.999196, 201, 125, 216, 140
-0.999197, 319, 49, 334, 176
-0.999199, 239, 81, 254, 208
-0.9992, 73, 119, 88, 134
-0.9992, 329, 95, 344, 110
-0.999201, 113, 81, 128, 208
-0.999201, 229, 63, 244, 78
-0.999201, 203, 61, 218, 76
-0.999202, 129, 99, 192, 114
-0.999202, 227, 81, 242, 208
-0.999202, 243, 61, 258, 76
-0.999202, 57, 29, 120, 44
-0.999202, 173, 65, 188, 192
-0.999203, 263, 65, 278, 80
-0.999206, 65, 93, 80, 108
-0.999207, 187, 133, 202, 148
-0.999211, 245, 65, 260, 192
-0.999212, 255, 63, 270, 78
-0.999213, 341, 65, 356, 192
-0.999213, 317, 35, 332, 50
-0.999213, 187, 113, 202, 240
-0.999214, 189, 45, 204, 60
-0.999215, 249, 119, 264, 134
-0.999215, 65, 75, 80, 90
-0.999215, 137, 103, 152, 118
-0.999216, 269, 67, 284, 82
-0.999216, 337, 95, 352, 110
-0.999217, 137, 1, 168, 256
-0.999218, 309, 109, 324, 124
-0.999225, 303, 29, 318, 44
-0.999225, 207, 123, 222, 138
-0.999226, 119, 27, 134, 42
-0.999228, 75, 113, 90, 240
-0.999229, 151, 55, 166, 70
-0.999231, 209, 41, 224, 56
-0.999231, 249, 63, 264, 78
-0.999232, 93, 113, 108, 240
-0.999232, 155, 139, 170, 154
-0.999233, 311, 95, 326, 110
-0.999234, 123, 81, 138, 96
-0.999235, 155, 145, 170, 160
-0.999239, 141, 97, 156, 224
-0.999239, 135, 127, 150, 142
-0.99924, 329, 49, 344, 176
-0.999241, 139, 55, 154, 70
-0.999243, 117, 1, 132, 128
-0.999243, 145, 47, 160, 62
-0.999244, 175, 113, 190, 240
-0.999245, 109, 99, 124, 114
-0.999245, 345, 227, 360, 242
-0.999246, 107, 43, 122, 58
-0.999247, 309, 33, 324, 48
-0.999252, 123, 159, 138, 174
-0.999252, 195, 129, 210, 144
-0.999252, 139, 145, 154, 270
-0.999259, 225, 193, 352, 224
-0.999259, 71, 77, 86, 92
-0.999264, 123, 113, 138, 240
-0.999264, 103, 113, 118, 240
-0.999271, 283, 1, 298, 128
-0.999271, 113, 133, 128, 148
-0.999274, 181, 129, 196, 256
-0.999275, 253, 65, 268, 192
-0.999277, 151, 65, 166, 192
-0.999279, 129, 159, 144, 174
-0.99928, 145, 1, 160, 128
-0.99928, 195, 61, 210, 76
-0.999284, 307, 65, 322, 192
-0.999284, 301, 97, 316, 224
-0.999286, 277, 107, 292, 122
-0.999287, 85, 129, 100, 256
-0.99929, 289, 97, 304, 224
-0.999293, 123, 65, 138, 192
-0.999294, 117, 81, 132, 96
-0.999297, 163, 65, 178, 192
-0.999297, 105, 65, 120, 192
-0.999301, 53, 65, 68, 192
-0.999301, 115, 159, 130, 174
-0.999305, 121, 137, 136, 152
-0.999305, 123, 1, 138, 128
-0.999306, 189, 59, 204, 74
-0.999307, 59, 65, 74, 192
-0.99931, 113, 87, 128, 102
-0.99931, 131, 1, 146, 128
-0.999311, 237, 153, 252, 168
-0.999311, 81, 233, 208, 264
-0.999314, 65, 65, 80, 192
-0.999315, 213, 33, 228, 160
-0.999315, 113, 93, 128, 108
-0.999315, 187, 65, 202, 192
-0.999316, 193, 65, 208, 192
-0.999318, 195, 39, 210, 54
-0.999319, 179, 137, 194, 152
-0.99932, 305, 93, 320, 108
-0.99932, 209, 35, 224, 50
-0.999321, 329, 73, 344, 88
-0.999326, 129, 241, 256, 270
-0.99933, 335, 81, 350, 208
-0.99933, 135, 155, 150, 170
-0.999332, 297, 23, 312, 38
-0.999333, 277, 1, 292, 128
-0.999337, 247, 113, 262, 240
-0.999339, 125, 99, 140, 114
-0.99934, 111, 33, 126, 160
-0.99934, 113, 41, 128, 56
-0.999344, 77, 75, 92, 90
-0.999345, 79, 137, 94, 152
-0.999349, 313, 81, 328, 208
-0.999354, 259, 65, 274, 192
-0.999361, 181, 81, 196, 208
-0.999362, 87, 133, 102, 148
-0.999365, 203, 33, 218, 160
-0.999365, 277, 25, 292, 40
-0.999366, 301, 49, 316, 176
-0.999366, 139, 1, 154, 128
-0.999369, 283, 65, 298, 192
-0.999369, 313, 33, 328, 160
-0.99937, 271, 19, 286, 34
-0.999373, 157, 65, 172, 192
-0.999377, 69, 113, 84, 240
-0.999378, 71, 89, 86, 104
-0.999379, 289, 23, 304, 38
-0.999381, 329, 129, 360, 192
-0.999383, 295, 113, 310, 240
-0.999385, 161, 143, 176, 158
-0.999386, 335, 17, 350, 144
-0.999389, 177, 197, 304, 228
-0.99939, 129, 65, 144, 192
-0.999391, 345, 89, 360, 104
-0.999391, 107, 33, 122, 48
-0.999392, 269, 65, 284, 192
-0.999394, 145, 177, 272, 208
-0.999395, 131, 99, 146, 114
-0.999398, 177, 225, 304, 256
-0.999398, 219, 33, 234, 160
-0.9994, 157, 1, 172, 128
-0.999404, 177, 209, 304, 240
-0.999404, 109, 157, 124, 172
-0.999405, 141, 127, 156, 142
-0.999405, 87, 81, 102, 208
-0.999406, 81, 201, 208, 232
-0.999409, 335, 89, 350, 104
-0.999409, 89, 73, 104, 88
-0.99941, 69, 141, 84, 156
-0.99941, 93, 65, 108, 192
-0.999416, 277, 65, 292, 192
-0.999417, 259, 17, 274, 144
-0.999417, 227, 33, 242, 160
-0.999418, 253, 113, 268, 240
-0.999421, 63, 113, 78, 240
-0.999422, 99, 65, 114, 192
-0.999424, 105, 17, 120, 144
-0.999425, 289, 1, 304, 128
-0.999426, 151, 1, 166, 128
-0.999431, 323, 1, 338, 128
-0.999431, 177, 237, 304, 268
-0.999437, 173, 139, 188, 154
-0.999441, 283, 113, 298, 240
-0.999441, 329, 1, 344, 128
-0.999442, 225, 173, 352, 204
-0.999444, 203, 129, 218, 256
-0.999444, 97, 125, 112, 140
-0.999445, 193, 1, 208, 128
-0.99945, 323, 91, 338, 106
-0.999451, 211, 129, 226, 256
-0.999454, 49, 113, 64, 240
-0.999457, 239, 33, 254, 160
-0.999464, 115, 141, 130, 156
-0.99947, 289, 49, 304, 176
-0.999471, 129, 189, 256, 220
-0.999473, 117, 145, 132, 270
-0.999476, 181, 33, 196, 160
-0.999477, 59, 73, 74, 88
-0.999481, 233, 33, 248, 160
-0.999481, 187, 17, 202, 144
-0.999484, 311, 89, 326, 104
-0.999485, 129, 217, 256, 248
-0.999486, 57, 129, 72, 256
-0.999486, 341, 17, 356, 144
-0.999488, 271, 17, 286, 144
-0.99949, 65, 17, 80, 144
-0.999493, 135, 49, 150, 176
-0.9995, 119, 97, 134, 112
-0.999504, 265, 17, 280, 144
-0.999505, 171, 1, 186, 128
-0.999509, 145, 49, 160, 176
-0.999509, 111, 145, 126, 270
-0.999511, 217, 129, 232, 256
-0.999517, 129, 205, 256, 236
-0.999522, 87, 33, 102, 160
-0.999524, 231, 129, 246, 256
-0.999525, 271, 113, 286, 240
-0.999527, 239, 129, 254, 256
-0.999529, 253, 17, 268, 144
-0.999531, 333, 79, 348, 94
-0.999531, 313, 113, 344, 176
-0.999534, 295, 17, 310, 144
-0.999539, 225, 129, 240, 256
-0.999547, 81, 17, 96, 144
-0.999549, 259, 113, 274, 240
-0.99955, 245, 17, 260, 144
-0.999552, 319, 97, 334, 224
-0.999553, 59, 17, 74, 144
-0.999563, 165, 1, 180, 128
-0.999569, 169, 119, 184, 134
-0.999572, 283, 21, 298, 36
-0.999573, 265, 113, 280, 240
-0.999574, 307, 17, 322, 144
-0.999576, 41, 145, 56, 270
-0.999578, 47, 65, 62, 192
-0.999579, 277, 113, 292, 240
-0.999579, 99, 17, 114, 144
-0.999585, 327, 97, 342, 224
-0.9996, 81, 217, 208, 248
-0.999604, 307, 113, 322, 240
-0.999605, 83, 71, 98, 86
-0.999609, 277, 19, 292, 34
-0.999614, 73, 1, 88, 128
-0.999616, 167, 141, 182, 156
-0.999618, 225, 209, 352, 240
-0.99962, 339, 79, 354, 94
-0.999647, 129, 229, 256, 260
-0.999648, 93, 17, 108, 144
-0.999669, 45, 1, 76, 128
-0.999673, 53, 17, 68, 144
-0.999679, 141, 153, 156, 168
-0.999683, 147, 145, 162, 160
-0.999693, 29, 57, 60, 120
-0.999745, 317, 89, 332, 104
-0.999822, 345, 83, 360, 98
-0.999958, 41, 1, 72, 256
-0.999999, 33, 113, 64, 176
-1.00007, 25, 145, 56, 270
-1.00011, 57, 17, 88, 80
-1.00018, 29, 1, 60, 256
-1.00051, 69, 25, 100, 88
-1.00065, 205, 9, 236, 72
-1.00083, 17, 1, 48, 256
-1.0009, 5, 1, 36, 256
-1.00091, 317, 137, 348, 200
-1.0016, 13, 145, 44, 270
-1.0016, 225, 185, 352, 248
-1.00162, 273, 145, 336, 270
-1.00162, 25, 49, 56, 176
-1.00185, 145, 209, 272, 270
-1.0019, 97, 185, 224, 248
-1.00231, 145, 177, 272, 240
-1.00272, 17, 97, 48, 224
-1.0028, 301, 129, 332, 256
-1.00295, 269, 145, 300, 270
-1.00311, 245, 145, 276, 270
-1.00317, 281, 145, 312, 270
-1.00332, 1, 129, 32, 256
-1.00359, 325, 145, 356, 270
-1.0044, 97, 209, 224, 270
-1.00446, 313, 129, 344, 256
-1.0045, 1, 81, 32, 208
-1.00561, 5, 1, 36, 128
-1.00561, 13, 49, 44, 176
-1.00595, 33, 1, 64, 128
-1.00679, 17, 1, 48, 128
