1956
-0.2796, 1, 97, 500, 352
-0.310452, 1, 1, 500, 375
-0.413638, 1, 1, 500, 256
-0.441361, 65, 1, 320, 375
-0.504841, 193, 1, 448, 375
-0.558839, 33, 97, 288, 352
-0.581246, 97, 1, 352, 256
-0.604833, 257, 97, 500, 352
-0.644824, 193, 1, 448, 256
-0.657914, 161, 97, 416, 352
-0.804524, 1, 1, 256, 256
-0.864982, 97, 1, 224, 375
-0.865141, 1, 97, 500, 224
-0.875594, 241, 1, 368, 375
-0.87581, 65, 97, 192, 352
-0.877544, 305, 1, 432, 375
-0.87902, 369, 1, 496, 375
-0.879579, 1, 145, 500, 272
-0.880517, 337, 97, 464, 352
-0.883479, 193, 97, 320, 352
-0.886841, 161, 1, 288, 375
-0.887195, 273, 65, 400, 320
-0.889305, 161, 1, 288, 256
-0.890641, 369, 1, 496, 256
-0.895994, 1, 129, 128, 375
-0.89678, 49, 1, 176, 375
-0.901648, 113, 1, 240, 256
-0.904072, 113, 129, 240, 375
-0.907237, 1, 49, 500, 176
-0.914451, 1, 209, 500, 336
-0.916235, 1, 145, 256, 272
-0.916398, 65, 81, 320, 208
-0.919252, 161, 1, 416, 128
-0.919548, 161, 145, 416, 272
-0.923981, 1, 1, 128, 375
-0.924049, 161, 65, 416, 192
-0.92723, 1, 1, 500, 128
-0.929027, 225, 1, 352, 256
-0.933135, 257, 145, 500, 272
-0.936887, 65, 33, 320, 160
-0.938089, 257, 17, 500, 144
-0.939135, 257, 209, 500, 336
-0.940032, 257, 97, 500, 224
-0.940048, 281, 145, 344, 272
-0.940163, 321, 1, 448, 256
-0.940476, 1, 193, 256, 320
-0.942605, 65, 241, 320, 368
-0.943251, 97, 193, 352, 320
-0.943358, 273, 177, 400, 304
-0.943636, 129, 49, 192, 176
-0.9445, 1, 177, 128, 304
-0.946241, 353, 161, 480, 288
-0.94639, 249, 177, 312, 304
-0.946852, 49, 193, 176, 320
-0.947096, 425, 161, 488, 288
-0.947467, 177, 161, 304, 288
-0.947814, 25, 177, 88, 304
-0.94852, 161, 17, 224, 144
-0.948794, 217, 129, 280, 256
-0.949405, 161, 1, 288, 128
-0.950145, 225, 209, 352, 336
-0.950335, 193, 97, 256, 224
-0.950505, 161, 113, 224, 240
-0.950511, 81, 145, 208, 272
-0.950624, 97, 49, 224, 176
-0.951155, 369, 113, 496, 240
-0.951348, 161, 81, 288, 208
-0.952204, 417, 1, 480, 128
-0.953217, 129, 161, 256, 288
-0.953409, 257, 129, 320, 256
-0.954162, 33, 129, 160, 256
-0.954174, 241, 129, 368, 256
-0.954247, 377, 129, 440, 256
-0.954334, 185, 1, 248, 64
-0.954588, 153, 177, 216, 304
-0.954734, 193, 145, 256, 272
-0.954817, 281, 17, 344, 144
-0.954825, 385, 1, 448, 128
-0.954875, 321, 209, 384, 336
-0.955211, 113, 209, 176, 336
-0.95555, 97, 209, 224, 336
-0.955879, 305, 129, 432, 256
-0.955905, 297, 209, 360, 336
-0.956157, 369, 65, 496, 192
-0.956723, 345, 209, 408, 336
-0.956738, 113, 81, 176, 144
-0.957151, 73, 113, 136, 240
-0.957306, 433, 185, 496, 248
-0.957632, 217, 177, 280, 304
-0.95816, 105, 65, 168, 192
-0.958276, 89, 209, 152, 336
-0.958467, 73, 161, 136, 288
-0.959012, 305, 225, 432, 352
-0.959185, 1, 225, 128, 352
-0.95951, 217, 49, 280, 176
-0.959526, 321, 145, 384, 272
-0.959872, 81, 97, 208, 224
-0.960025, 161, 65, 224, 192
-0.960411, 65, 1, 192, 256
-0.960473, 193, 49, 256, 176
-0.960677, 353, 145, 416, 272
-0.960768, 289, 65, 352, 192
-0.960833, 241, 17, 368, 144
-0.960897, 305, 1, 368, 128
-0.961237, 121, 129, 184, 256
-0.961283, 273, 209, 336, 336
-0.961516, 257, 17, 320, 144
-0.961684, 33, 185, 96, 248
-0.961734, 321, 225, 384, 288
-0.961782, 145, 241, 272, 368
-0.962085, 385, 33, 448, 96
-0.962105, 177, 193, 240, 320
-0.962123, 217, 121, 280, 184
-0.962201, 417, 49, 480, 176
-0.962217, 281, 201, 344, 264
-0.962369, 241, 81, 368, 208
-0.962434, 321, 49, 448, 176
-0.962456, 97, 241, 160, 304
-0.962823, 161, 241, 416, 368
-0.962886, 433, 209, 496, 336
-0.963212, 81, 217, 144, 280
-0.963312, 281, 161, 344, 224
-0.963368, 49, 161, 112, 288
-0.963588, 377, 49, 440, 176
-0.963934, 353, 1, 480, 128
-0.964266, 161, 33, 224, 96
-0.964377, 185, 1, 248, 128
-0.964522, 425, 113, 488, 240
-0.964605, 129, 209, 192, 272
-0.964684, 249, 169, 312, 232
-0.964922, 217, 177, 280, 240
-0.965446, 137, 57, 200, 120
-0.965622, 185, 137, 248, 200
-0.965748, 377, 129, 440, 192
-0.966174, 17, 33, 144, 288
-0.966243, 105, 105, 168, 168
-0.966413, 249, 217, 312, 280
-0.96679, 249, 225, 312, 352
-0.966865, 217, 1, 280, 128
-0.966946, 409, 185, 472, 248
-0.966956, 353, 81, 416, 208
-0.967144, 193, 185, 256, 248
-0.967263, 161, 145, 224, 208
-0.967941, 185, 161, 248, 224
-0.967947, 57, 225, 120, 288
-0.968035, 433, 209, 496, 272
-0.968217, 121, 233, 184, 296
-0.968605, 313, 81, 376, 208
-0.968616, 153, 193, 216, 256
-0.968667, 1, 193, 64, 320
-0.968691, 73, 129, 136, 192
-0.968701, 145, 233, 208, 296
-0.968734, 265, 65, 328, 192
-0.968776, 97, 185, 160, 248
-0.968842, 33, 225, 96, 288
-0.96903, 305, 201, 368, 264
-0.969061, 241, 97, 304, 160
-0.96908, 353, 193, 416, 256
-0.969212, 369, 193, 432, 320
-0.969229, 305, 1, 432, 128
-0.969247, 161, 57, 224, 120
-0.969281, 185, 105, 248, 168
-0.969319, 209, 145, 272, 208
-0.96941, 385, 185, 448, 248
-0.969427, 353, 33, 416, 160
-0.969567, 353, 169, 416, 232
-0.969626, 129, 121, 192, 184
-0.969643, 97, 161, 160, 288
-0.969792, 353, 241, 480, 368
-0.96989, 409, 17, 472, 80
-0.970024, 161, 1, 224, 256
-0.97005, 289, 33, 352, 96
-0.970307, 33, 81, 160, 208
-0.970489, 329, 145, 392, 208
-0.970524, 329, 185, 392, 248
-0.970565, 57, 209, 120, 336
-0.970578, 49, 113, 112, 240
-0.971211, 73, 97, 136, 352
-0.971227, 385, 81, 448, 144
-0.971377, 193, 57, 256, 120
-0.971409, 409, 49, 472, 112
-0.971525, 185, 33, 248, 96
-0.971631, 305, 65, 368, 128
-0.971694, 217, 1, 280, 64
-0.971964, 305, 153, 368, 216
-0.972071, 161, 169, 224, 232
-0.972124, 425, 121, 488, 184
-0.972247, 225, 201, 288, 264
-0.972326, 209, 241, 272, 368
-0.972626, 289, 233, 352, 296
-0.972661, 281, 81, 344, 144
-0.972688, 401, 113, 464, 240
-0.972865, 1, 233, 64, 296
-0.972879, 241, 81, 304, 208
-0.972921, 57, 193, 120, 256
-0.972978, 289, 1, 352, 64
-0.972993, 353, 193, 480, 256
-0.973017, 49, 241, 176, 368
-0.97314, 461, 177, 492, 240
-0.97316, 217, 97, 280, 160
-0.973389, 161, 97, 224, 160
-0.973408, 121, 169, 184, 232
-0.973612, 153, 121, 216, 184
-0.973668, 281, 129, 344, 375
-0.973687, 353, 137, 416, 200
-0.973687, 73, 249, 136, 312
-0.973712, 57, 153, 120, 216
-0.973753, 97, 1, 224, 128
-0.973786, 257, 129, 320, 375
-0.97391, 265, 57, 328, 120
-0.973976, 249, 137, 312, 200
-0.974214, 225, 169, 352, 232
-0.974382, 129, 241, 160, 304
-0.974415, 217, 25, 280, 88
-0.974418, 417, 161, 480, 224
-0.974719, 329, 1, 392, 128
-0.974752, 137, 241, 200, 368
-0.97477, 385, 161, 448, 224
-0.974807, 49, 249, 112, 312
-0.97481, 1, 209, 64, 272
-0.974867, 105, 209, 168, 272
-0.974915, 173, 25, 204, 88
-0.974964, 137, 89, 200, 152
-0.975121, 121, 97, 184, 352
-0.975137, 353, 41, 416, 104
-0.975149, 169, 225, 232, 288
-0.975236, 49, 217, 176, 280
-0.975322, 217, 57, 280, 120
-0.975508, 97, 113, 160, 240
-0.975759, 457, 161, 488, 288
-0.975799, 265, 9, 328, 72
-0.975872, 305, 193, 432, 256
-0.975882, 257, 193, 384, 256
-0.976077, 1, 201, 128, 264
-0.97626, 345, 225, 408, 288
-0.976489, 385, 57, 448, 120
-0.97659, 173, 17, 204, 144
-0.976631, 273, 33, 336, 288
-0.976762, 121, 145, 184, 208
-0.976838, 225, 217, 352, 280
-0.977065, 209, 65, 240, 192
-0.977186, 73, 105, 136, 168
-0.977217, 265, 241, 328, 304
-0.97723, 377, 209, 440, 272
-0.977389, 1, 225, 128, 288
-0.977472, 409, 209, 472, 336
-0.977536, 385, 1, 448, 256
-0.977591, 409, 73, 472, 136
-0.977628, 97, 153, 160, 216
-0.977688, 97, 241, 224, 304
-0.977709, 353, 137, 480, 200
-0.977719, 221, 1, 252, 128
-0.977834, 193, 113, 224, 240
-0.97792, 425, 1, 456, 128
-0.977936, 249, 193, 312, 256
-0.977942, 401, 161, 464, 288
-0.977963, 193, 81, 224, 144
-0.977967, 33, 161, 96, 224
-0.978027, 113, 57, 176, 120
-0.978032, 161, 97, 224, 352
-0.978118, 273, 153, 400, 216
-0.978118, 305, 129, 368, 375
-0.978137, 105, 265, 168, 328
-0.978152, 177, 145, 208, 272
-0.978155, 161, 25, 288, 88
-0.978231, 169, 153, 200, 216
-0.978303, 425, 305, 488, 368
-0.978358, 193, 129, 224, 192
-0.978407, 265, 33, 328, 96
-0.978454, 417, 1, 480, 256
-0.978506, 33, 145, 160, 208
-0.97851, 273, 129, 336, 192
-0.978664, 193, 97, 256, 352
-0.978782, 177, 185, 304, 248
-0.978829, 221, 113, 252, 240
-0.978834, 313, 17, 344, 144
-0.978879, 185, 65, 216, 192
-0.978921, 161, 9, 224, 72
-0.97898, 221, 65, 252, 192
-0.979009, 353, 65, 416, 128
-0.979028, 177, 1, 304, 64
-0.979191, 185, 81, 248, 144
-0.97923, 189, 185, 220, 248
-0.979248, 385, 97, 448, 352
-0.97953, 193, 1, 224, 64
-0.979555, 89, 81, 152, 144
-0.979567, 273, 217, 400, 280
-0.97964, 185, 241, 248, 368
-0.979681, 177, 113, 304, 176
-0.979776, 433, 129, 496, 375
-0.979778, 313, 1, 376, 64
-0.97982, 261, 97, 292, 224
-0.979919, 193, 1, 224, 128
-0.979923, 285, 145, 316, 272
-0.979957, 233, 265, 296, 328
-0.980018, 133, 65, 164, 192
-0.980047, 305, 161, 336, 288
-0.980078, 349, 217, 380, 280
-0.980098, 313, 121, 376, 184
-0.98014, 221, 57, 252, 120
-0.980165, 441, 1, 472, 128
-0.98023, 305, 257, 368, 320
-0.98035, 157, 33, 188, 160
-0.980383, 201, 1, 264, 256
-0.980424, 461, 209, 492, 272
-0.980438, 305, 1, 368, 256
-0.98044, 305, 65, 432, 128
-0.980449, 385, 9, 448, 72
-0.980451, 233, 97, 296, 352
-0.980503, 209, 241, 272, 304
-0.980595, 49, 161, 80, 288
-0.980601, 97, 97, 160, 352
-0.980613, 305, 177, 368, 240
-0.980633, 69, 145, 100, 272
-0.980672, 193, 217, 256, 280
-0.980803, 205, 113, 236, 240
-0.980825, 173, 97, 204, 224
-0.980828, 137, 1, 200, 128
-0.980856, 129, 209, 160, 272
-0.98086, 193, 105, 224, 168
-0.980877, 461, 209, 492, 336
-0.98092, 41, 129, 104, 375
-0.980942, 17, 177, 144, 240
-0.98095, 173, 121, 204, 184
-0.981013, 369, 201, 400, 264
-0.981064, 401, 121, 464, 184
-0.981069, 161, 241, 224, 368
-0.981088, 345, 1, 408, 256
-0.98111, 217, 1, 248, 64
-0.981118, 377, 105, 440, 168
-0.981158, 241, 257, 368, 320
-0.981167, 97, 177, 224, 240
-0.981177, 277, 193, 308, 320
-0.981177, 33, 225, 96, 352
-0.981211, 105, 105, 136, 168
-0.981227, 205, 105, 236, 168
-0.981253, 145, 145, 272, 208
-0.98134, 33, 177, 64, 304
-0.98135, 345, 113, 408, 176
-0.981502, 317, 225, 348, 288
-0.981506, 389, 129, 420, 256
-0.981511, 321, 33, 448, 96
-0.981555, 265, 25, 296, 88
-0.981587, 205, 17, 236, 80
-0.981595, 317, 193, 348, 320
-0.981625, 65, 113, 192, 176
-0.981636, 49, 257, 176, 320
-0.981646, 109, 193, 140, 320
-0.981647, 193, 33, 224, 96
-0.981647, 173, 73, 204, 136
-0.981669, 353, 169, 480, 232
-0.981742, 69, 209, 100, 272
-0.981742, 401, 305, 464, 368
-0.981764, 225, 49, 352, 112
-0.981815, 89, 113, 120, 240
-0.98182, 145, 209, 176, 336
-0.98188, 265, 105, 328, 168
-0.981922, 165, 177, 196, 304
-0.981943, 173, 49, 204, 112
-0.982005, 461, 113, 492, 240
-0.982054, 353, 209, 384, 336
-0.982058, 153, 81, 184, 144
-0.982098, 89, 193, 120, 320
-0.982165, 385, 137, 416, 200
-0.982183, 89, 121, 120, 184
-0.9822, 433, 65, 496, 128
-0.982201, 369, 161, 400, 288
-0.982244, 145, 49, 176, 176
-0.982268, 241, 25, 368, 88
-0.982268, 153, 113, 184, 176
-0.982294, 261, 105, 292, 168
-0.982296, 209, 185, 240, 248
-0.982303, 241, 81, 272, 208
-0.982314, 353, 129, 416, 375
-0.982328, 133, 97, 164, 160
-0.982336, 269, 145, 300, 272
-0.982341, 225, 161, 256, 288
-0.982353, 153, 1, 216, 375
-0.982356, 177, 97, 208, 160
-0.98237, 273, 281, 336, 344
-0.982372, 125, 145, 156, 208
-0.982377, 369, 17, 496, 80
-0.982382, 241, 33, 304, 96
-0.982386, 321, 217, 448, 280
-0.98248, 409, 209, 472, 272
-0.982505, 469, 161, 500, 288
-0.982525, 253, 169, 284, 232
-0.982596, 305, 209, 336, 272
-0.982618, 317, 65, 348, 192
-0.982649, 185, 57, 216, 120
-0.982705, 313, 153, 344, 216
-0.982708, 189, 177, 220, 304
-0.982709, 205, 153, 236, 216
-0.982721, 329, 65, 392, 128
-0.982723, 145, 217, 272, 280
-0.98274, 329, 281, 392, 344
-0.982776, 77, 137, 108, 200
-0.98283, 205, 17, 236, 144
-0.982909, 97, 89, 224, 152
-0.982959, 425, 49, 456, 112
-0.982975, 133, 209, 164, 336
-0.983073, 209, 265, 272, 328
-0.983085, 257, 113, 384, 176
-0.983093, 205, 73, 236, 136
-0.983104, 81, 65, 144, 192
-0.983112, 377, 241, 440, 368
-0.983116, 141, 217, 172, 280
-0.983187, 109, 217, 140, 280
-0.98321, 253, 201, 284, 264
-0.983272, 253, 161, 284, 288
-0.983297, 409, 81, 440, 208
-0.983352, 97, 129, 160, 192
-0.983418, 161, 25, 192, 88
-0.983426, 133, 129, 164, 256
-0.983487, 293, 169, 324, 232
-0.983497, 33, 185, 64, 248
-0.983515, 209, 145, 336, 208
-0.983674, 137, 1, 200, 256
-0.983711, 185, 161, 216, 224
-0.983748, 365, 209, 396, 336
-0.983766, 269, 17, 300, 144
-0.983801, 229, 1, 260, 64
-0.983801, 221, 121, 252, 184
-0.983801, 57, 225, 88, 288
-0.983807, 333, 225, 364, 352
-0.983808, 125, 73, 156, 136
-0.983826, 433, 89, 496, 152
-0.983828, 1, 249, 128, 312
-0.983891, 153, 57, 184, 120
-0.983914, 137, 33, 200, 96
-0.983917, 349, 161, 380, 288
-0.983928, 265, 209, 296, 272
-0.98394, 85, 177, 116, 240
-0.983958, 81, 153, 208, 216
-0.983974, 213, 177, 244, 304
-0.983975, 397, 25, 428, 88
-0.983983, 129, 257, 192, 320
-0.984011, 277, 169, 308, 232
-0.98403, 137, 57, 168, 120
-0.984069, 17, 129, 80, 375
-0.98415, 445, 185, 476, 248
-0.984186, 61, 193, 92, 320
-0.984204, 109, 97, 140, 224
-0.984209, 169, 249, 232, 312
-0.984331, 289, 305, 352, 368
-0.98441, 409, 129, 472, 375
-0.984417, 289, 1, 352, 375
-0.984458, 97, 209, 224, 272
-0.98446, 113, 113, 240, 176
-0.984462, 445, 17, 476, 80
-0.984501, 137, 121, 168, 184
-0.984572, 205, 49, 236, 112
-0.984597, 305, 121, 432, 184
-0.984599, 245, 33, 276, 160
-0.984614, 117, 113, 148, 176
-0.984615, 149, 161, 180, 288
-0.984662, 121, 65, 152, 192
-0.984674, 333, 201, 364, 264
-0.984771, 241, 1, 368, 64
-0.984778, 217, 1, 280, 375
-0.984785, 417, 1, 480, 375
-0.984786, 9, 185, 72, 248
-0.984865, 409, 97, 472, 160
-0.984893, 161, 201, 192, 264
-0.984896, 121, 161, 152, 288
-0.98496, 445, 161, 476, 288
-0.984962, 329, 81, 360, 208
-0.984981, 417, 233, 480, 296
-0.984995, 225, 177, 256, 240
-0.985018, 113, 145, 144, 208
-0.985025, 221, 153, 252, 216
-0.98506, 221, 25, 252, 88
-0.985063, 305, 113, 336, 240
-0.985066, 77, 193, 108, 320
-0.985076, 89, 225, 120, 288
-0.985122, 357, 185, 388, 248
-0.98516, 393, 17, 424, 144
-0.985201, 305, 209, 336, 336
-0.985219, 233, 289, 296, 352
-0.98523, 29, 225, 60, 288
-0.98524, 325, 65, 356, 128
-0.985281, 77, 241, 108, 304
-0.985293, 173, 177, 204, 240
-0.985345, 433, 17, 496, 80
-0.985397, 389, 185, 420, 248
-0.985443, 177, 1, 240, 375
-0.98545, 65, 153, 96, 216
-0.985494, 1, 233, 32, 296
-0.985524, 261, 145, 292, 208
-0.985528, 97, 177, 128, 240
-0.985547, 321, 193, 352, 256
-0.985617, 97, 17, 160, 144
-0.985629, 293, 225, 324, 352
-0.985691, 321, 281, 448, 344
-0.985744, 317, 145, 348, 272
-0.985754, 109, 169, 140, 232
-0.985776, 393, 65, 424, 192
-0.985837, 121, 1, 184, 375
-0.986013, 177, 193, 208, 320
-0.986049, 413, 33, 444, 160
-0.98608, 313, 73, 344, 136
-0.986142, 333, 1, 364, 128
-0.986245, 77, 97, 108, 224
-0.98632, 257, 73, 384, 136
-0.986327, 289, 233, 320, 296
-0.986331, 265, 1, 328, 375
-0.986424, 369, 145, 400, 208
-0.986487, 381, 17, 412, 144
-0.986508, 177, 65, 304, 128
-0.986513, 177, 265, 304, 328
-0.98652, 237, 145, 268, 272
-0.986572, 121, 209, 152, 336
-0.986576, 321, 241, 448, 304
-0.986599, 277, 193, 308, 256
-0.986674, 337, 177, 368, 304
-0.986683, 425, 49, 456, 176
-0.986687, 181, 1, 212, 64
-0.986763, 1, 145, 64, 272
-0.986766, 337, 57, 368, 120
-0.986796, 345, 193, 376, 256
-0.986801, 313, 1, 376, 375
-0.986861, 369, 113, 496, 176
-0.986865, 457, 305, 488, 368
-0.986876, 461, 153, 492, 216
-0.986917, 113, 57, 240, 120
-0.986928, 329, 129, 392, 375
-0.986933, 145, 241, 272, 304
-0.986957, 153, 177, 184, 240
-0.986966, 165, 97, 196, 160
-0.987023, 377, 1, 440, 375
-0.987064, 265, 193, 296, 320
-0.987136, 109, 145, 140, 272
-0.987168, 321, 1, 448, 64
-0.98719, 449, 113, 480, 240
-0.987289, 381, 81, 412, 208
-0.98731, 21, 177, 52, 304
-0.987315, 369, 177, 400, 240
-0.987347, 145, 241, 176, 304
-0.98735, 153, 153, 184, 216
-0.987352, 257, 1, 288, 64
-0.987409, 369, 57, 496, 120
-0.987417, 429, 9, 460, 72
-0.987419, 1, 241, 64, 368
-0.987421, 261, 65, 292, 128
-0.987421, 89, 153, 120, 216
-0.987458, 281, 257, 312, 320
-0.987528, 277, 217, 308, 280
-0.987555, 13, 233, 44, 296
-0.987569, 57, 201, 88, 264
-0.98757, 369, 217, 496, 280
-0.987622, 33, 17, 160, 144
-0.987627, 397, 137, 428, 200
-0.98763, 13, 225, 44, 352
-0.987684, 73, 185, 104, 248
-0.987698, 197, 65, 228, 192
-0.987701, 417, 25, 448, 88
-0.987705, 145, 97, 176, 224
-0.987718, 25, 129, 88, 256
-0.987726, 53, 161, 84, 224
-0.98774, 125, 185, 156, 248
-0.987802, 113, 33, 240, 96
-0.987813, 157, 81, 188, 208
-0.987865, 89, 249, 120, 312
-0.987872, 273, 97, 304, 160
-0.987896, 281, 1, 312, 128
-0.987906, 337, 225, 368, 288
-0.987955, 265, 169, 296, 232
-0.988142, 93, 201, 124, 264
-0.988203, 201, 193, 232, 320
-0.988228, 273, 97, 304, 224
-0.988276, 369, 305, 496, 368
-0.988288, 225, 1, 288, 256
-0.988299, 245, 113, 276, 176
-0.988347, 237, 177, 268, 240
-0.988365, 1, 225, 32, 352
-0.988373, 161, 89, 288, 152
-0.988499, 257, 49, 288, 176
-0.988518, 301, 233, 332, 296
-0.988586, 249, 1, 312, 256
-0.988654, 217, 89, 248, 152
-0.988744, 401, 129, 432, 256
-0.988746, 453, 49, 484, 176
-0.988774, 121, 113, 152, 240
-0.988785, 369, 113, 400, 240
-0.988848, 165, 225, 196, 352
-0.988876, 117, 241, 148, 304
-0.988887, 113, 193, 144, 256
-0.988895, 237, 209, 268, 336
-0.988934, 141, 185, 172, 248
-0.989049, 445, 65, 476, 128
-0.989065, 293, 201, 324, 264
-0.989096, 433, 193, 496, 224
-0.989104, 365, 233, 396, 296
-0.98912, 237, 241, 268, 304
-0.98913, 353, 81, 480, 144
-0.989134, 237, 153, 268, 216
-0.989232, 193, 1, 256, 32
-0.989238, 449, 209, 480, 336
-0.989238, 209, 129, 240, 192
-0.989259, 161, 37, 224, 68
-0.989269, 97, 1, 160, 375
-0.989346, 241, 305, 368, 368
-0.989392, 289, 97, 320, 224
-0.989435, 253, 209, 284, 336
-0.989452, 265, 169, 328, 200
-0.989462, 337, 149, 400, 180
-0.989474, 449, 209, 480, 272
-0.989477, 417, 205, 480, 236
-0.989495, 405, 57, 436, 120
-0.9895, 337, 129, 368, 256
-0.989567, 257, 281, 384, 344
-0.989635, 349, 113, 380, 240
-0.98965, 193, 241, 320, 304
-0.989692, 305, 65, 336, 192
-0.989729, 305, 97, 432, 160
-0.989793, 81, 1, 144, 256
-0.989834, 441, 49, 472, 176
-0.989889, 461, 185, 492, 216
-0.98991, 209, 185, 272, 216
-0.989936, 121, 245, 184, 276
-0.989947, 301, 17, 332, 144
-0.990027, 377, 133, 440, 164
-0.990089, 469, 177, 484, 240
-0.990092, 337, 1, 400, 375
-0.990105, 169, 193, 232, 224
-0.990153, 273, 25, 336, 56
-0.990203, 1, 161, 256, 224
-0.990211, 161, 153, 224, 184
-0.990246, 161, 129, 192, 256
-0.99026, 433, 121, 496, 152
-0.990289, 41, 65, 104, 192
-0.990303, 217, 241, 248, 368
-0.990305, 97, 245, 160, 276
-0.990305, 25, 201, 88, 232
-0.990307, 417, 17, 480, 48
-0.990317, 321, 229, 384, 260
-0.990323, 233, 33, 264, 160
-0.990353, 265, 205, 328, 236
-0.990406, 201, 1, 232, 32
-0.99042, 281, 217, 344, 248
-0.990422, 233, 213, 296, 244
-0.990437, 1, 185, 256, 248
-0.990441, 25, 229, 88, 260
-0.990457, 113, 1, 176, 256
-0.990493, 49, 245, 112, 276
-0.99053, 25, 213, 88, 244
-0.990551, 73, 245, 136, 276
-0.990555, 161, 101, 224, 132
-0.990604, 185, 13, 248, 44
-0.990618, 81, 129, 144, 160
-0.990633, 289, 165, 352, 196
-0.990651, 137, 61, 200, 92
-0.990681, 121, 117, 184, 148
-0.990683, 33, 185, 96, 216
-0.990708, 305, 69, 368, 100
-0.990718, 97, 113, 160, 144
-0.990739, 89, 233, 152, 264
-0.990768, 177, 113, 240, 144
-0.99078, 289, 13, 352, 44
-0.990797, 153, 117, 216, 148
-0.990803, 161, 61, 224, 92
-0.990822, 65, 1, 128, 375
-0.990829, 353, 197, 416, 228
-0.990839, 57, 221, 120, 252
-0.990846, 145, 233, 208, 264
-0.990852, 409, 193, 472, 224
-0.990868, 49, 209, 112, 240
-0.990869, 153, 141, 216, 172
-0.990876, 217, 125, 280, 156
-0.990891, 393, 25, 456, 56
-0.990913, 353, 137, 416, 168
-0.990918, 313, 153, 376, 184
-0.990922, 393, 53, 456, 84
-0.99093, 381, 193, 412, 320
-0.990948, 249, 225, 312, 256
-0.990988, 409, 125, 472, 156
-0.990991, 385, 197, 448, 228
-0.990995, 113, 257, 176, 288
-0.991001, 297, 229, 360, 260
-0.991018, 161, 89, 224, 120
-0.991039, 25, 241, 88, 272
-0.991049, 321, 189, 384, 220
-0.991052, 97, 57, 352, 120
-0.991066, 321, 205, 384, 236
-0.991085, 161, 161, 416, 224
-0.991104, 377, 145, 440, 176
-0.991105, 161, 165, 224, 196
-0.991123, 201, 137, 264, 168
-0.991123, 161, 25, 224, 56
-0.991131, 97, 101, 160, 132
-0.991132, 217, 57, 280, 88
-0.991147, 129, 73, 192, 104
-0.991154, 73, 141, 136, 172
-0.991187, 461, 197, 492, 228
-0.991189, 129, 205, 192, 236
-0.991212, 189, 193, 220, 224
-0.991215, 417, 57, 480, 88
-0.991219, 377, 209, 440, 240
-0.991234, 413, 129, 444, 256
-0.99124, 433, 217, 496, 248
-0.991252, 193, 217, 256, 248
-0.991255, 193, 297, 320, 360
-0.99127, 217, 29, 280, 60
-0.991274, 305, 217, 368, 248
-0.99128, 169, 217, 232, 248
-0.991286, 177, 125, 240, 156
-0.991287, 249, 189, 312, 220
-0.991291, 177, 141, 240, 172
-0.991291, 257, 1, 288, 128
-0.991295, 429, 209, 460, 336
-0.991296, 241, 1, 304, 375
-0.991303, 105, 209, 168, 240
-0.991325, 65, 97, 96, 224
-0.99133, 73, 173, 136, 204
-0.991339, 241, 173, 304, 204
-0.991354, 65, 233, 128, 264
-0.99136, 133, 241, 164, 272
-0.991374, 249, 37, 312, 68
-0.991387, 113, 85, 176, 116
-0.991393, 289, 193, 352, 224
-0.991396, 81, 257, 144, 288
-0.991398, 177, 49, 240, 80
-0.991398, 329, 61, 392, 92
-0.991399, 73, 241, 104, 368
-0.991403, 305, 1, 368, 32
-0.991422, 257, 177, 288, 208
-0.991431, 417, 225, 448, 352
-0.991432, 97, 265, 224, 328
-0.991438, 33, 129, 288, 192
-0.991445, 241, 125, 304, 156
-0.991448, 1, 237, 64, 268
-0.991459, 425, 181, 488, 212
-0.991505, 305, 25, 368, 56
-0.991517, 81, 213, 144, 244
-0.99152, 121, 161, 184, 192
-0.991521, 57, 257, 120, 288
-0.991522, 385, 69, 448, 100
-0.991524, 113, 189, 176, 220
-0.991524, 41, 173, 104, 204
-0.991528, 289, 49, 352, 80
-0.991533, 153, 49, 216, 80
-0.991557, 429, 161, 460, 288
-0.991564, 273, 1, 336, 32
-0.991572, 217, 1, 280, 32
-0.991589, 201, 69, 264, 100
-0.991589, 205, 241, 236, 368
-0.991599, 73, 189, 136, 220
-0.991601, 241, 141, 304, 172
-0.991608, 137, 269, 200, 300
-0.991616, 377, 41, 440, 72
-0.99162, 225, 201, 288, 232
-0.991625, 113, 149, 176, 180
-0.991627, 193, 197, 256, 228
-0.991652, 221, 1, 252, 32
-0.991653, 153, 205, 216, 236
-0.991656, 49, 197, 112, 228
-0.99166, 193, 85, 224, 116
-0.991666, 137, 129, 200, 160
-0.991666, 201, 97, 264, 128
-0.991668, 345, 217, 408, 248
-0.991688, 273, 65, 336, 96
-0.991698, 385, 89, 448, 120
-0.991712, 353, 41, 416, 72
-0.991727, 353, 53, 416, 84
-0.991759, 417, 309, 480, 340
-0.991766, 453, 1, 484, 128
-0.99178, 193, 165, 256, 196
-0.991782, 169, 1, 232, 32
-0.9918, 281, 77, 344, 108
-0.991808, 129, 101, 192, 132
-0.99182, 157, 45, 188, 76
-0.991823, 221, 61, 252, 92
-0.991824, 1, 225, 64, 256
-0.991829, 161, 33, 416, 96
-0.991836, 409, 177, 440, 304
-0.991852, 137, 257, 200, 288
-0.991879, 193, 229, 256, 260
-0.991879, 129, 221, 192, 252
-0.991892, 121, 173, 184, 204
-0.991895, 313, 13, 376, 44
-0.991927, 193, 145, 224, 176
-0.991929, 9, 177, 40, 304
-0.99193, 445, 201, 476, 232
-0.991936, 413, 193, 444, 224
-0.991938, 349, 225, 380, 256
-0.991964, 277, 169, 308, 200
-0.99199, 29, 225, 60, 352
-0.992029, 1, 137, 500, 200
-0.99203, 1, 209, 256, 272
-0.992066, 97, 65, 128, 192
-0.992067, 49, 209, 80, 336
-0.992078, 173, 101, 204, 132
-0.992098, 161, 1, 416, 64
-0.992134, 341, 61, 372, 92
-0.992135, 321, 73, 352, 104
-0.992173, 305, 161, 336, 192
-0.992182, 389, 197, 420, 228
-0.992222, 41, 33, 104, 288
-0.99225, 57, 249, 88, 280
-0.992253, 65, 81, 320, 144
-0.99232, 97, 185, 352, 248
-0.992338, 173, 37, 204, 68
-0.992355, 69, 249, 100, 280
-0.992356, 169, 201, 200, 232
-0.992421, 1, 113, 500, 176
-0.992446, 1, 177, 500, 240
-0.992462, 173, 153, 204, 184
-0.992466, 181, 13, 212, 44
-0.992521, 205, 17, 236, 48
-0.992581, 125, 257, 156, 288
-0.992622, 193, 29, 224, 60
-0.992635, 341, 49, 372, 176
-0.992646, 81, 257, 112, 288
-0.992674, 389, 137, 420, 168
-0.992675, 193, 133, 224, 164
-0.992731, 185, 113, 216, 144
-0.992736, 33, 105, 288, 168
-0.99274, 337, 185, 368, 216
-0.992765, 317, 225, 348, 256
-0.992786, 461, 117, 492, 148
-0.99279, 321, 241, 352, 368
-0.992806, 281, 241, 312, 368
-0.992837, 145, 253, 176, 284
-0.99284, 469, 65, 500, 192
-0.992846, 1, 201, 500, 264
-0.99285, 173, 53, 204, 84
-0.992938, 265, 101, 296, 132
-0.992947, 425, 193, 456, 224
-0.992963, 265, 29, 296, 60
-0.992985, 425, 113, 456, 240
-0.992986, 193, 105, 448, 168
-0.992996, 181, 241, 212, 368
-0.993001, 173, 113, 204, 144
-0.993029, 461, 217, 492, 248
-0.993033, 217, 185, 248, 216
-0.993063, 393, 177, 424, 304
-0.993063, 41, 1, 104, 375
-0.993071, 33, 193, 64, 224
-0.993091, 1, 65, 500, 128
-0.993118, 177, 141, 208, 172
-0.993121, 401, 29, 432, 60
-0.993145, 369, 257, 496, 320
-0.993156, 85, 181, 116, 212
-0.993163, 195, 1, 210, 64
-0.99321, 61, 201, 92, 232
-0.993227, 245, 177, 276, 208
-0.993228, 53, 113, 84, 240
-0.993246, 177, 25, 208, 56
-0.99329, 305, 229, 336, 260
-0.99329, 133, 241, 148, 304
-0.993307, 217, 13, 248, 44
-0.993308, 365, 205, 396, 236
-0.993336, 265, 221, 296, 252
-0.993352, 145, 161, 176, 192
-0.993355, 65, 157, 96, 188
-0.993371, 97, 109, 128, 140
-0.993371, 233, 181, 264, 212
-0.99338, 101, 217, 132, 248
-0.993391, 257, 185, 500, 248
-0.993401, 221, 73, 252, 104
-0.993413, 173, 165, 204, 196
-0.993417, 365, 137, 396, 168
-0.993417, 161, 81, 416, 144
-0.993432, 33, 229, 64, 260
-0.993439, 205, 73, 236, 104
-0.993455, 193, 137, 448, 200
-0.99346, 1, 241, 256, 304
-0.993465, 277, 205, 308, 236
-0.993472, 277, 225, 308, 256
-0.993481, 69, 221, 100, 252
-0.99349, 425, 17, 456, 48
-0.993492, 425, 57, 456, 88
-0.993498, 441, 125, 472, 156
-0.993502, 73, 197, 104, 228
-0.993519, 413, 205, 444, 236
-0.993522, 313, 213, 344, 244
-0.993527, 125, 149, 156, 180
-0.993533, 333, 153, 364, 184
-0.993538, 81, 137, 112, 168
-0.993545, 441, 13, 472, 44
-0.993545, 261, 121, 292, 152
-0.993553, 245, 113, 276, 144
-0.993582, 289, 169, 320, 200
-0.993593, 349, 149, 380, 180
-0.993607, 321, 157, 352, 188
-0.993613, 349, 197, 380, 228
-0.993615, 289, 305, 416, 368
-0.993618, 193, 57, 224, 88
-0.993628, 365, 153, 396, 184
-0.99364, 209, 89, 336, 152
-0.993662, 113, 213, 144, 244
-0.993665, 129, 209, 160, 240
-0.993667, 205, 85, 236, 116
-0.993677, 133, 73, 164, 104
-0.993686, 13, 237, 44, 268
-0.993688, 125, 113, 156, 144
-0.993697, 173, 81, 204, 112
-0.993707, 125, 137, 156, 168
-0.99371, 429, 205, 460, 236
-0.993722, 193, 101, 224, 132
-0.993725, 193, 41, 224, 72
-0.993731, 353, 209, 480, 240
-0.993735, 221, 85, 252, 116
-0.993736, 229, 1, 244, 64
-0.993747, 421, 129, 452, 160
-0.993752, 85, 165, 116, 196
-0.993778, 41, 241, 72, 272
-0.99378, 221, 121, 252, 152
-0.993799, 189, 1, 220, 32
-0.99382, 253, 189, 284, 220
-0.993828, 193, 13, 224, 44
-0.993834, 449, 213, 480, 244
-0.993837, 309, 77, 340, 108
-0.993837, 193, 157, 224, 188
-0.993843, 85, 149, 116, 180
-0.993856, 405, 133, 436, 164
-0.993868, 109, 109, 140, 140
-0.993873, 445, 189, 476, 220
-0.993879, 165, 125, 196, 156
-0.993881, 219, 1, 234, 64
-0.993888, 233, 213, 264, 244
-0.993897, 327, 217, 342, 280
-0.9939, 305, 201, 432, 232
-0.993907, 153, 113, 184, 144
-0.99391, 261, 133, 292, 164
-0.993911, 221, 141, 252, 172
-0.993942, 93, 249, 124, 280
-0.993957, 221, 25, 252, 56
-0.99397, 145, 205, 176, 236
-0.993977, 13, 249, 44, 280
-0.993979, 139, 169, 154, 232
-0.994004, 133, 101, 164, 132
-0.994026, 93, 261, 124, 292
-0.994033, 65, 185, 96, 216
-0.994035, 253, 209, 284, 240
-0.994048, 57, 233, 88, 264
-0.994054, 113, 253, 144, 284
-0.994055, 1, 89, 500, 152
-0.994066, 205, 189, 236, 220
-0.994067, 49, 213, 80, 244
-0.99407, 337, 197, 368, 228
-0.994135, 165, 41, 180, 104
-0.994137, 1, 121, 128, 184
-0.994149, 257, 49, 500, 112
-0.994149, 353, 193, 480, 224
-0.994149, 257, 25, 500, 88
-0.994207, 97, 9, 224, 72
-0.994231, 129, 241, 256, 272
-0.994233, 1, 225, 500, 288
-0.994299, 145, 233, 160, 296
-0.9943, 119, 185, 134, 248
-0.994335, 185, 17, 200, 80
-0.994372, 97, 209, 352, 272
-0.994379, 225, 213, 352, 244
-0.99443, 129, 161, 144, 224
-0.994462, 117, 145, 132, 208
-0.994496, 225, 65, 240, 128
-0.994501, 101, 121, 116, 184
-0.99454, 83, 217, 98, 280
-0.994612, 201, 1, 216, 64
-0.994621, 173, 57, 188, 120
-0.9947, 327, 193, 342, 256
-0.99472, 117, 97, 132, 160
-0.99475, 65, 253, 192, 284
-0.994759, 17, 1, 80, 375
-0.994765, 257, 161, 500, 224
-0.994769, 97, 249, 352, 312
-0.994821, 131, 81, 146, 144
-0.994875, 93, 129, 108, 192
-0.994908, 107, 169, 122, 232
-0.994929, 109, 105, 124, 168
-0.994931, 199, 129, 214, 192
-0.994944, 65, 33, 320, 96
-0.994985, 179, 25, 194, 88
-0.994996, 33, 161, 160, 192
-0.994996, 81, 113, 208, 144
-0.995034, 147, 57, 162, 120
-0.99504, 173, 33, 188, 96
-0.995046, 305, 153, 432, 184
-0.995053, 145, 209, 160, 272
-0.995141, 197, 25, 212, 88
-0.995147, 369, 281, 496, 344
-0.995151, 257, 209, 500, 272
-0.99516, 137, 193, 152, 256
-0.995166, 277, 201, 292, 264
-0.995214, 257, 313, 500, 375
-0.995268, 109, 193, 124, 256
-0.995269, 107, 129, 122, 192
-0.995317, 257, 1, 500, 64
-0.995366, 271, 201, 286, 264
-0.995397, 139, 233, 154, 296
-0.995402, 145, 33, 272, 64
-0.995407, 137, 73, 152, 136
-0.995449, 225, 177, 352, 208
-0.995449, 71, 225, 86, 288
-0.995457, 469, 217, 484, 280
-0.995466, 257, 281, 500, 344
-0.995468, 257, 105, 272, 168
-0.995472, 225, 145, 240, 208
-0.995483, 279, 97, 294, 160
-0.995486, 265, 33, 280, 96
-0.995486, 263, 105, 278, 168
-0.995526, 1, 253, 128, 284
-0.99553, 257, 201, 384, 232
-0.995531, 65, 137, 192, 168
-0.995569, 135, 145, 150, 208
-0.995585, 291, 225, 306, 288
-0.995587, 87, 145, 102, 208
-0.995597, 1, 205, 128, 236
-0.995641, 113, 253, 240, 284
-0.995642, 257, 81, 500, 144
-0.995653, 289, 221, 416, 252
-0.995659, 197, 57, 212, 120
-0.995664, 229, 121, 244, 184
-0.995683, 49, 241, 176, 272
-0.99571, 225, 25, 240, 88
-0.995752, 153, 57, 168, 120
-0.995761, 177, 1, 208, 256
-0.995787, 1, 33, 500, 96
-0.995791, 193, 105, 320, 136
-0.995799, 475, 185, 490, 248
-0.995813, 193, 257, 448, 320
-0.995821, 117, 121, 132, 184
-0.995828, 305, 189, 432, 220
-0.995835, 199, 81, 214, 144
-0.995845, 99, 225, 114, 288
-0.995858, 83, 185, 98, 248
-0.99588, 113, 169, 128, 232
-0.99589, 65, 273, 320, 336
-0.995912, 141, 257, 156, 320
-0.995921, 219, 185, 234, 248
-0.995928, 81, 209, 208, 240
-0.995934, 145, 117, 272, 148
-0.995945, 65, 1, 320, 64
-0.995957, 125, 113, 140, 176
-0.995975, 259, 169, 274, 232
-0.995987, 401, 25, 416, 88
-0.996003, 193, 161, 208, 224
-0.996034, 177, 213, 304, 244
-0.996036, 77, 153, 92, 216
-0.996039, 103, 193, 118, 256
-0.996054, 127, 137, 142, 200
-0.996065, 171, 153, 186, 216
-0.996086, 317, 153, 332, 216
-0.996093, 357, 209, 372, 272
-0.996108, 49, 229, 176, 260
-0.996133, 65, 189, 192, 220
-0.996148, 225, 225, 352, 256
-0.996178, 127, 217, 142, 280
-0.996183, 235, 57, 250, 120
-0.99619, 35, 193, 50, 256
-0.996196, 321, 61, 448, 92
-0.996199, 479, 209, 494, 272
-0.996211, 453, 1, 468, 64
-0.996211, 65, 149, 192, 180
-0.996215, 185, 97, 216, 352
-0.996238, 81, 165, 208, 196
-0.996265, 1, 221, 128, 252
-0.996278, 255, 41, 270, 104
-0.996278, 129, 185, 144, 248
-0.996279, 225, 57, 352, 88
-0.996287, 151, 209, 166, 272
-0.996314, 1, 193, 128, 224
-0.996319, 189, 89, 204, 152
-0.996341, 307, 1, 322, 64
-0.996349, 91, 169, 106, 232
-0.996364, 77, 201, 92, 264
-0.99637, 1, 57, 256, 120
-0.9964, 145, 145, 272, 176
-0.996412, 161, 297, 416, 360
-0.996413, 199, 169, 214, 232
-0.996417, 147, 161, 162, 224
-0.996426, 85, 97, 116, 352
-0.996435, 463, 209, 478, 272
-0.99645, 1, 1, 500, 64
-0.996453, 193, 189, 320, 220
-0.996481, 165, 201, 180, 264
-0.996492, 309, 73, 324, 136
-0.996499, 81, 241, 96, 304
-0.996509, 97, 125, 224, 156
-0.996518, 147, 97, 162, 160
-0.996521, 177, 1, 304, 32
-0.996541, 273, 165, 400, 196
-0.996555, 385, 1, 416, 256
-0.996562, 97, 185, 112, 248
-0.99659, 225, 165, 352, 196
-0.996594, 219, 25, 234, 88
-0.996598, 257, 233, 500, 296
-0.996605, 241, 101, 368, 132
-0.996622, 177, 129, 304, 160
-0.996624, 189, 65, 204, 128
-0.996643, 217, 65, 232, 128
-0.996652, 113, 49, 240, 80
-0.996661, 225, 89, 240, 152
-0.99667, 65, 161, 80, 224
-0.996708, 277, 129, 308, 375
-0.996719, 1, 233, 128, 264
-0.996723, 235, 121, 250, 184
-0.996726, 241, 261, 368, 292
-0.996729, 147, 121, 162, 184
-0.996731, 369, 125, 496, 156
-0.996734, 55, 169, 70, 232
-0.996754, 363, 201, 378, 264
-0.996777, 353, 137, 480, 168
-0.996782, 253, 97, 284, 352
-0.996787, 305, 177, 432, 208
-0.996802, 353, 181, 480, 212
-0.996806, 123, 89, 138, 152
-0.996808, 73, 129, 104, 375
-0.99681, 123, 161, 138, 224
-0.99681, 365, 225, 380, 288
-0.996812, 179, 49, 194, 112
-0.996814, 321, 201, 336, 264
-0.996816, 165, 1, 196, 256
-0.99683, 145, 201, 272, 232
-0.996832, 161, 177, 288, 208
-0.996842, 139, 121, 154, 184
-0.996846, 161, 13, 288, 44
-0.996847, 265, 97, 296, 352
-0.996851, 321, 73, 448, 104
-0.996852, 61, 129, 92, 375
-0.996859, 275, 25, 290, 88
-0.996862, 33, 177, 160, 208
-0.996869, 191, 193, 206, 256
-0.996874, 189, 1, 220, 256
-0.996875, 193, 117, 320, 148
-0.996878, 161, 93, 288, 124
-0.996894, 145, 225, 272, 256
-0.996898, 369, 25, 496, 56
-0.99692, 241, 137, 368, 168
-0.996946, 257, 113, 384, 144
-0.99695, 127, 249, 142, 312
-0.996951, 173, 105, 188, 168
-0.996957, 225, 185, 240, 248
-0.996975, 91, 193, 106, 256
-0.996984, 97, 101, 224, 132
-0.996999, 111, 217, 126, 280
-0.99701, 259, 1, 274, 64
-0.997011, 113, 177, 240, 208
-0.99703, 65, 269, 192, 300
-0.997032, 145, 105, 272, 136
-0.997046, 177, 65, 304, 96
-0.997057, 129, 97, 160, 352
-0.997063, 113, 65, 240, 96
-0.997069, 191, 25, 206, 88
-0.99707, 209, 193, 224, 256
-0.997074, 89, 225, 104, 288
-0.997085, 317, 73, 332, 136
-0.997087, 195, 105, 210, 168
-0.997095, 91, 249, 106, 312
-0.997107, 225, 149, 352, 180
-0.997115, 441, 1, 472, 256
-0.997118, 399, 193, 414, 256
-0.997138, 369, 81, 496, 112
-0.99714, 441, 49, 456, 112
-0.997145, 129, 265, 256, 296
-0.997153, 209, 65, 240, 320
-0.997153, 159, 49, 174, 112
-0.997154, 301, 97, 332, 352
-0.997154, 167, 65, 182, 128
-0.997157, 317, 1, 348, 256
-0.997165, 177, 165, 304, 196
-0.997166, 397, 33, 428, 288
-0.997185, 119, 233, 134, 296
-0.997186, 235, 153, 250, 216
-0.997195, 327, 73, 342, 136
-0.9972, 113, 77, 240, 108
-0.997203, 241, 189, 368, 220
-0.99721, 461, 129, 492, 375
-0.997213, 157, 129, 172, 192
-0.997215, 389, 169, 404, 232
-0.997227, 297, 233, 312, 296
-0.997229, 105, 97, 136, 352
-0.997236, 177, 45, 304, 76
-0.997236, 353, 165, 480, 196
-0.997253, 313, 9, 328, 72
-0.997264, 43, 185, 58, 248
-0.997292, 117, 129, 148, 375
-0.997303, 225, 73, 352, 104
-0.997313, 209, 237, 336, 268
-0.997315, 113, 89, 240, 120
-0.997317, 145, 189, 272, 220
-0.997322, 289, 233, 416, 264
-0.997391, 313, 129, 344, 375
-0.997402, 177, 253, 304, 284
-0.997417, 193, 29, 320, 60
-0.997442, 65, 57, 192, 120
-0.997459, 193, 201, 320, 232
-0.997475, 193, 265, 320, 296
-0.997475, 1, 273, 500, 336
-0.997519, 369, 53, 496, 84
-0.997545, 149, 33, 180, 288
-0.997547, 273, 73, 400, 104
-0.997561, 1, 249, 500, 312
-0.997562, 241, 25, 368, 56
-0.99759, 173, 97, 204, 352
-0.997596, 17, 265, 144, 296
-0.997597, 409, 65, 440, 320
-0.997621, 321, 17, 448, 48
-0.997641, 273, 85, 400, 116
-0.997652, 257, 313, 384, 344
-0.997654, 197, 97, 228, 352
-0.997658, 145, 289, 272, 352
-0.997659, 467, 185, 482, 216
-0.997661, 327, 213, 342, 244
-0.99767, 1, 297, 500, 360
-0.99771, 97, 225, 224, 256
-0.997715, 241, 273, 368, 304
-0.997718, 305, 121, 432, 152
-0.997735, 141, 241, 156, 272
-0.997742, 327, 225, 342, 256
-0.99775, 217, 1, 232, 32
-0.997757, 175, 57, 190, 88
-0.997765, 195, 13, 210, 44
-0.997772, 157, 117, 172, 148
-0.997778, 225, 65, 240, 96
-0.997784, 459, 205, 474, 236
-0.997784, 197, 37, 212, 68
-0.997786, 131, 249, 146, 280
-0.997794, 265, 33, 280, 64
-0.997794, 229, 1, 244, 32
-0.997798, 89, 249, 104, 280
-0.9978, 415, 197, 430, 228
-0.997801, 305, 305, 432, 336
-0.997801, 73, 245, 88, 276
-0.997803, 79, 249, 94, 280
-0.997804, 139, 173, 154, 204
-0.997807, 261, 177, 276, 208
-0.997807, 321, 73, 336, 104
-0.997807, 409, 197, 424, 228
-0.997808, 235, 57, 250, 88
-0.997809, 189, 21, 204, 52
-0.997816, 127, 177, 142, 208
-0.997816, 183, 21, 198, 52
-0.997818, 197, 89, 212, 120
-0.997819, 109, 109, 124, 140
-0.997819, 305, 1, 336, 256
-0.997819, 169, 37, 184, 68
-0.997821, 199, 25, 214, 56
-0.997823, 269, 1, 300, 256
-0.99783, 321, 49, 448, 80
-0.99783, 281, 21, 296, 52
-0.997831, 163, 49, 178, 80
-0.997833, 99, 121, 114, 152
-0.997834, 167, 105, 182, 136
-0.997834, 97, 249, 112, 280
-0.997836, 233, 121, 248, 152
-0.99784, 207, 1, 222, 32
-0.99784, 199, 137, 214, 168
-0.997842, 87, 173, 102, 204
-0.997844, 151, 57, 166, 88
-0.997845, 119, 181, 134, 212
-0.997845, 61, 249, 76, 280
-0.997847, 229, 145, 244, 176
-0.997848, 425, 193, 440, 224
-0.997849, 361, 205, 376, 236
-0.997854, 191, 193, 206, 224
-0.997855, 357, 221, 372, 252
-0.997856, 201, 1, 216, 32
-0.997857, 117, 145, 132, 176
-0.997857, 175, 105, 190, 136
-0.997858, 315, 161, 330, 192
-0.99786, 143, 69, 158, 100
-0.997861, 127, 145, 142, 176
-0.997862, 173, 169, 188, 200
-0.997864, 169, 57, 184, 88
-0.997864, 175, 29, 190, 60
-0.997864, 257, 109, 272, 140
-0.997866, 329, 69, 344, 100
-0.997868, 67, 253, 82, 284
-0.997868, 229, 133, 244, 164
-0.997869, 83, 185, 98, 216
-0.99787, 187, 33, 202, 64
-0.997871, 1, 97, 128, 160
-0.997873, 93, 149, 108, 180
-0.997873, 205, 193, 220, 224
-0.997874, 351, 61, 366, 92
-0.997874, 223, 9, 238, 40
-0.997875, 471, 117, 486, 148
-0.997877, 469, 221, 484, 252
-0.997877, 283, 225, 298, 256
-0.997878, 271, 173, 286, 204
-0.997878, 107, 217, 122, 248
-0.99788, 99, 209, 114, 240
-0.997882, 283, 205, 298, 236
-0.997883, 107, 133, 122, 164
-0.997883, 167, 169, 182, 200
-0.997883, 265, 105, 280, 136
-0.997883, 165, 157, 180, 188
-0.997884, 89, 185, 104, 216
-0.997884, 77, 181, 92, 212
-0.997884, 275, 25, 290, 56
-0.997885, 29, 245, 44, 276
-0.99789, 77, 197, 92, 228
-0.997891, 117, 157, 132, 188
-0.997892, 437, 53, 452, 84
-0.997892, 337, 65, 352, 96
-0.997894, 453, 205, 468, 236
-0.997894, 409, 133, 424, 164
-0.997895, 223, 25, 238, 56
-0.997895, 473, 185, 488, 216
-0.997896, 353, 153, 480, 184
-0.997896, 203, 81, 218, 112
-0.997897, 91, 209, 106, 240
-0.997898, 129, 165, 144, 196
-0.9979, 129, 85, 144, 116
-0.997901, 83, 137, 98, 168
-0.997901, 175, 45, 190, 76
-0.997902, 85, 197, 100, 228
-0.997904, 221, 185, 236, 216
-0.997904, 217, 65, 232, 96
-0.997906, 197, 149, 212, 180
-0.997906, 115, 217, 130, 248
-0.997907, 351, 185, 366, 216
-0.997908, 119, 197, 134, 228
-0.997908, 235, 213, 250, 244
-0.997909, 117, 169, 132, 200
-0.997909, 141, 261, 156, 292
-0.997912, 89, 137, 104, 168
-0.997912, 99, 189, 114, 220
-0.997913, 147, 121, 162, 152
-0.997914, 119, 97, 134, 128
-0.997915, 321, 213, 336, 244
-0.997915, 399, 197, 414, 228
-0.997916, 345, 61, 360, 92
-0.997918, 115, 121, 130, 152
-0.997918, 125, 109, 140, 140
-0.997918, 49, 181, 64, 212
-0.99792, 23, 237, 38, 268
-0.997921, 189, 113, 204, 144
-0.997922, 255, 45, 270, 76
-0.997922, 135, 133, 150, 164
-0.997922, 261, 1, 276, 32
-0.997922, 445, 9, 460, 40
-0.997922, 437, 13, 452, 44
-0.997923, 229, 213, 244, 244
-0.997923, 309, 1, 324, 32
-0.997923, 425, 205, 440, 236
-0.997924, 475, 217, 490, 248
-0.997925, 401, 33, 416, 64
-0.997925, 157, 49, 172, 80
-0.997926, 203, 113, 218, 144
-0.997927, 97, 221, 112, 252
-0.997932, 241, 249, 368, 280
-0.997944, 289, 141, 416, 172
-0.997985, 449, 129, 480, 375
-0.997992, 337, 109, 464, 140
-0.997998, 161, 129, 192, 375
-0.998015, 289, 129, 320, 375
-0.998019, 49, 129, 80, 375
-0.998028, 369, 261, 496, 292
-0.99803, 305, 281, 432, 312
-0.998044, 241, 1, 368, 32
-0.998075, 353, 317, 480, 348
-0.998082, 321, 253, 448, 284
-0.998094, 221, 97, 252, 352
-0.998098, 161, 277, 288, 308
-0.998107, 345, 129, 376, 375
-0.99813, 257, 125, 384, 156
-0.998145, 225, 285, 352, 316
-0.998161, 241, 37, 368, 68
-0.998182, 425, 1, 456, 256
-0.998203, 209, 309, 336, 340
-0.99821, 177, 81, 304, 112
-0.998229, 129, 213, 256, 244
-0.998239, 321, 265, 448, 296
-0.998245, 369, 37, 496, 68
-0.998248, 33, 101, 160, 132
-0.998275, 317, 33, 348, 48
-0.998275, 469, 161, 484, 288
-0.998275, 93, 253, 124, 268
-0.998276, 213, 355, 244, 370
-0.998277, 193, 155, 224, 170
-0.998278, 109, 257, 140, 272
-0.99828, 137, 117, 168, 132
-0.998289, 73, 221, 104, 236
-0.998292, 193, 99, 224, 114
-0.998292, 205, 17, 236, 32
-0.998293, 249, 1, 280, 16
-0.998295, 141, 129, 172, 375
-0.998298, 121, 145, 152, 160
-0.998303, 385, 201, 416, 216
-0.998305, 49, 201, 80, 216
-0.998308, 305, 171, 336, 186
-0.998309, 9, 253, 40, 268
-0.998312, 61, 209, 92, 224
-0.998313, 113, 277, 240, 308
-0.998313, 141, 67, 172, 82
-0.998316, 57, 257, 88, 272
-0.998316, 257, 1, 288, 256
-0.998323, 125, 117, 156, 132
-0.998325, 61, 203, 92, 218
-0.998328, 65, 85, 192, 116
-0.998328, 217, 3, 248, 18
-0.998332, 221, 27, 252, 42
-0.998332, 121, 97, 152, 112
-0.998335, 445, 199, 476, 214
-0.998338, 133, 79, 164, 94
-0.998343, 405, 135, 436, 150
-0.998345, 65, 159, 96, 174
-0.998345, 185, 163, 216, 178
-0.998347, 185, 133, 216, 148
-0.998347, 173, 111, 204, 126
-0.998348, 157, 201, 188, 216
-0.99835, 193, 111, 224, 126
-0.998352, 369, 201, 400, 216
-0.998354, 337, 225, 464, 256
-0.998355, 245, 1, 276, 256
-0.998355, 321, 5, 448, 36
-0.998362, 461, 219, 492, 234
-0.998363, 321, 85, 448, 116
-0.998367, 369, 13, 496, 44
-0.998369, 185, 171, 216, 186
-0.99837, 205, 93, 236, 108
-0.998372, 445, 211, 476, 226
-0.998374, 109, 117, 140, 132
-0.998383, 145, 123, 176, 138
-0.998398, 273, 293, 400, 324
-0.9984, 205, 77, 236, 92
-0.9984, 177, 197, 208, 212
-0.998414, 221, 9, 252, 24
-0.998417, 193, 93, 224, 108
-0.998435, 265, 133, 296, 148
-0.998438, 173, 153, 204, 168
-0.998448, 265, 171, 328, 186
-0.998449, 369, 69, 496, 100
-0.998455, 321, 75, 352, 90
-0.998457, 165, 177, 196, 192
-0.998467, 273, 61, 400, 92
-0.998468, 177, 99, 208, 114
-0.998469, 265, 33, 296, 48
-0.99847, 237, 185, 268, 200
-0.998475, 49, 81, 176, 144
-0.998476, 209, 187, 272, 202
-0.998476, 337, 153, 400, 168
-0.998479, 65, 45, 192, 76
-0.998481, 433, 199, 496, 214
-0.998483, 249, 211, 280, 226
-0.998483, 265, 173, 296, 188
-0.998487, 429, 207, 460, 222
-0.998493, 417, 211, 480, 226
-0.998494, 289, 33, 320, 288
-0.998501, 293, 167, 324, 182
-0.998502, 417, 27, 448, 42
-0.998503, 425, 205, 488, 220
-0.998505, 289, 163, 352, 178
-0.998506, 337, 189, 368, 204
-0.998509, 81, 251, 144, 266
-0.998509, 57, 253, 120, 268
-0.99851, 17, 149, 144, 180
-0.998513, 57, 247, 120, 262
-0.998514, 265, 25, 328, 40
-0.998515, 105, 249, 168, 264
-0.998517, 137, 63, 200, 78
-0.998517, 169, 197, 232, 212
-0.998517, 161, 43, 224, 58
-0.998522, 225, 181, 288, 196
-0.998524, 433, 193, 496, 208
-0.998524, 69, 153, 100, 168
-0.998527, 257, 31, 320, 46
-0.998527, 161, 35, 224, 50
-0.998528, 129, 75, 192, 90
-0.998528, 425, 187, 488, 202
-0.99853, 129, 1, 256, 32
-0.998532, 187, 1, 202, 128
-0.998533, 313, 159, 376, 174
-0.998536, 217, 127, 280, 142
-0.998537, 381, 41, 412, 56
-0.998537, 353, 147, 416, 162
-0.998538, 185, 7, 248, 22
-0.998538, 433, 121, 496, 136
-0.998539, 97, 117, 160, 132
-0.998541, 81, 133, 144, 148
-0.998541, 393, 55, 456, 70
-0.998543, 201, 141, 264, 156
-0.998544, 309, 219, 340, 234
-0.998544, 161, 165, 224, 180
-0.998545, 165, 117, 196, 132
-0.998545, 25, 227, 88, 242
-0.998545, 185, 1, 248, 16
-0.998545, 409, 25, 472, 40
-0.998546, 161, 45, 192, 60
-0.998546, 321, 235, 384, 250
-0.998547, 305, 229, 368, 244
-0.998547, 161, 117, 224, 132
-0.99855, 113, 93, 176, 108
-0.99855, 177, 137, 240, 152
-0.998551, 177, 17, 240, 32
-0.998551, 25, 205, 88, 220
-0.998552, 129, 245, 192, 260
-0.998552, 281, 219, 344, 234
-0.998554, 409, 195, 472, 210
-0.998555, 33, 191, 96, 206
-0.998556, 281, 229, 344, 244
-0.998556, 249, 177, 312, 192
-0.998557, 273, 95, 336, 110
-0.998558, 25, 253, 88, 268
-0.998558, 377, 141, 440, 156
-0.998559, 137, 205, 200, 220
-0.998559, 89, 257, 152, 272
-0.99856, 377, 191, 440, 206
-0.99856, 121, 255, 184, 270
-0.99856, 273, 19, 336, 34
-0.998561, 217, 31, 280, 46
-0.998564, 217, 135, 280, 150
-0.998564, 225, 217, 288, 232
-0.998565, 341, 63, 372, 78
-0.998565, 289, 31, 352, 46
-0.998565, 121, 171, 184, 186
-0.998565, 333, 65, 364, 320
-0.998566, 125, 213, 156, 228
-0.998566, 161, 49, 224, 64
-0.998568, 385, 129, 416, 375
-0.998569, 289, 169, 352, 184
-0.998569, 297, 235, 360, 250
-0.998569, 225, 1, 288, 16
-0.998569, 325, 157, 356, 172
-0.998569, 141, 73, 172, 88
-0.99857, 81, 139, 144, 154
-0.998571, 417, 19, 480, 34
-0.998571, 177, 93, 240, 108
-0.998572, 385, 79, 448, 94
-0.998572, 193, 221, 256, 236
-0.998573, 113, 99, 176, 114
-0.998574, 161, 159, 224, 174
-0.998574, 461, 211, 492, 226
-0.998574, 265, 207, 328, 222
-0.998574, 25, 199, 88, 214
-0.998575, 145, 57, 208, 72
-0.998575, 337, 153, 368, 168
-0.998577, 229, 59, 260, 74
-0.998577, 217, 61, 280, 76
-0.998577, 49, 227, 112, 242
-0.998577, 409, 133, 472, 148
-0.998578, 161, 67, 224, 82
-0.998578, 337, 61, 400, 76
-0.99858, 205, 133, 236, 148
-0.998581, 217, 37, 280, 52
-0.998581, 225, 211, 288, 226
-0.998581, 377, 209, 440, 224
-0.998581, 121, 83, 184, 98
-0.998581, 217, 121, 280, 136
-0.998582, 25, 221, 88, 236
-0.998582, 297, 19, 360, 34
-0.998584, 89, 127, 152, 142
-0.998584, 313, 75, 376, 90
-0.998585, 385, 61, 448, 76
-0.998585, 41, 179, 104, 194
-0.998586, 345, 203, 408, 218
-0.998586, 249, 37, 312, 52
-0.998587, 393, 33, 456, 48
-0.998587, 273, 27, 304, 42
-0.998587, 289, 25, 352, 40
-0.998588, 265, 213, 328, 228
-0.998588, 73, 149, 136, 164
-0.998588, 121, 177, 184, 192
-0.998588, 305, 223, 368, 238
-0.998588, 177, 23, 240, 38
-0.998588, 253, 185, 284, 200
-0.998589, 425, 127, 488, 142
-0.998589, 225, 125, 256, 140
-0.99859, 105, 243, 168, 258
-0.99859, 217, 67, 280, 82
-0.998591, 433, 217, 496, 232
-0.998592, 321, 201, 384, 216
-0.998592, 313, 153, 376, 168
-0.998592, 137, 123, 200, 138
-0.998592, 417, 57, 480, 72
-0.998593, 17, 247, 80, 262
-0.998594, 241, 201, 304, 216
-0.998595, 193, 147, 224, 162
-0.998595, 25, 241, 88, 256
-0.998595, 49, 259, 112, 274
-0.998595, 313, 69, 376, 84
-0.998596, 257, 101, 320, 116
-0.998597, 385, 73, 448, 88
-0.998597, 177, 147, 240, 162
-0.998597, 161, 109, 224, 124
-0.998597, 169, 221, 232, 236
-0.998597, 305, 13, 368, 28
-0.998597, 321, 207, 384, 222
-0.998598, 433, 15, 464, 30
-0.998598, 73, 193, 136, 208
-0.998598, 321, 191, 384, 206
-0.998598, 145, 83, 208, 98
-0.998599, 169, 29, 232, 44
-0.998599, 81, 245, 144, 260
-0.998599, 17, 233, 80, 248
-0.9986, 265, 201, 328, 216
-0.9986, 401, 205, 464, 220
-0.9986, 289, 37, 352, 52
-0.9986, 121, 165, 184, 180
-0.998601, 241, 143, 304, 158
-0.998601, 321, 33, 448, 64
-0.998601, 461, 121, 492, 136
-0.998604, 17, 81, 80, 208
-0.998605, 313, 161, 344, 176
-0.998607, 109, 107, 140, 122
-0.998609, 237, 97, 268, 352
-0.998611, 369, 129, 400, 375
-0.998612, 337, 241, 464, 272
-0.998613, 221, 1, 252, 256
-0.998616, 81, 247, 112, 262
-0.99862, 33, 113, 160, 144
-0.99863, 317, 229, 348, 244
-0.998641, 261, 103, 292, 118
-0.998646, 201, 7, 232, 22
-0.998647, 185, 117, 216, 132
-0.998648, 453, 33, 484, 288
-0.99865, 173, 61, 204, 76
-0.998657, 287, 145, 302, 272
-0.998667, 125, 175, 156, 190
-0.99867, 117, 33, 148, 288
-0.998672, 405, 207, 436, 222
-0.998681, 33, 129, 64, 375
-0.998689, 157, 55, 188, 70
-0.9987, 199, 113, 214, 240
-0.9987, 365, 33, 396, 288
-0.9987, 185, 21, 216, 36
-0.998708, 205, 25, 236, 40
-0.998711, 225, 1, 240, 128
-0.998714, 201, 193, 232, 208
-0.998718, 205, 83, 236, 98
-0.998725, 177, 27, 208, 42
-0.998727, 245, 179, 276, 194
-0.998736, 173, 39, 204, 54
-0.998742, 225, 13, 352, 44
-0.998748, 475, 161, 490, 288
-0.998756, 425, 55, 456, 70
-0.998757, 109, 145, 124, 272
-0.998769, 229, 3, 260, 18
-0.998787, 461, 203, 492, 218
-0.998788, 193, 141, 224, 156
-0.998788, 471, 209, 486, 336
-0.998791, 305, 97, 432, 128
-0.998796, 17, 137, 144, 168
-0.998808, 145, 207, 176, 222
-0.998816, 259, 161, 274, 288
-0.998817, 65, 251, 96, 266
-0.998818, 85, 259, 116, 274
-0.998821, 137, 1, 168, 256
-0.998828, 389, 139, 420, 154
-0.998842, 231, 113, 246, 240
-0.998853, 317, 145, 332, 272
-0.998855, 125, 257, 156, 272
-0.998856, 257, 219, 288, 234
-0.998861, 193, 37, 224, 52
-0.998861, 193, 145, 208, 272
-0.998863, 233, 1, 264, 256
-0.998864, 199, 1, 214, 128
-0.998868, 327, 193, 342, 320
-0.998868, 171, 33, 186, 160
-0.998883, 267, 81, 282, 208
-0.998886, 197, 65, 212, 192
-0.998889, 125, 81, 140, 208
-0.998892, 141, 161, 156, 288
-0.998894, 349, 229, 380, 244
-0.998898, 173, 167, 204, 182
-0.998899, 221, 65, 252, 80
-0.998899, 77, 129, 92, 256
-0.9989, 463, 161, 478, 288
-0.998908, 101, 113, 116, 240
-0.998914, 369, 145, 400, 160
-0.998926, 189, 49, 204, 176
-0.998931, 309, 17, 324, 144
-0.998931, 35, 177, 50, 304
-0.998938, 177, 55, 208, 70
-0.998945, 421, 21, 452, 36
-0.998954, 255, 1, 270, 128
-0.998958, 291, 209, 306, 336
-0.998964, 445, 205, 476, 220
-0.998965, 225, 129, 240, 256
-0.998974, 167, 177, 182, 304
-0.998976, 131, 81, 146, 208
-0.998981, 67, 145, 82, 272
-0.998988, 109, 97, 124, 224
-0.998994, 135, 129, 150, 256
-0.998997, 177, 33, 208, 48
-0.998997, 455, 1, 470, 128
-0.999003, 273, 99, 304, 114
-0.999005, 115, 97, 130, 224
-0.999006, 281, 161, 296, 288
-0.999009, 425, 129, 456, 375
-0.999017, 479, 209, 494, 336
-0.999022, 435, 1, 450, 128
-0.999022, 145, 65, 160, 192
-0.999022, 425, 1, 440, 128
-0.999023, 281, 1, 296, 128
-0.999026, 157, 33, 172, 160
-0.999037, 465, 209, 480, 336
-0.999038, 103, 177, 118, 304
-0.99904, 229, 65, 244, 192
-0.999042, 119, 161, 134, 288
-0.999043, 207, 97, 222, 224
-0.999045, 365, 209, 380, 336
-0.99905, 179, 33, 194, 160
-0.999056, 85, 177, 100, 304
-0.999056, 57, 161, 72, 288
-0.999057, 327, 17, 342, 144
-0.999058, 235, 65, 250, 192
-0.999058, 51, 161, 66, 288
-0.999059, 157, 113, 172, 240
-0.999064, 165, 33, 180, 160
-0.999068, 173, 105, 204, 120
-0.999068, 151, 161, 166, 288
-0.999068, 221, 177, 236, 304
-0.99907, 349, 151, 380, 166
-0.999071, 129, 251, 160, 266
-0.999073, 329, 65, 344, 192
-0.999079, 171, 129, 186, 256
-0.999087, 113, 193, 128, 320
-0.999088, 193, 87, 224, 102
-0.999088, 263, 33, 278, 160
-0.999089, 127, 177, 142, 304
-0.99909, 437, 97, 468, 352
-0.999092, 283, 209, 298, 336
-0.999094, 231, 17, 246, 144
-0.999098, 65, 297, 320, 360
-0.999106, 159, 209, 174, 336
-0.999107, 189, 97, 204, 224
-0.999113, 205, 1, 236, 16
-0.999114, 257, 113, 272, 240
-0.999116, 373, 161, 388, 288
-0.999139, 311, 81, 326, 208
-0.999144, 145, 209, 160, 336
-0.999145, 473, 113, 488, 240
-0.999151, 95, 129, 110, 256
-0.999155, 225, 185, 256, 200
-0.999157, 199, 177, 214, 304
-0.999158, 1, 297, 128, 360
-0.99916, 257, 49, 272, 176
-0.999163, 135, 177, 150, 304
-0.999164, 217, 17, 232, 144
-0.999165, 231, 161, 246, 288
-0.999165, 169, 203, 200, 218
-0.999169, 139, 65, 154, 192
-0.999175, 397, 35, 428, 50
-0.999175, 95, 193, 110, 320
-0.99918, 267, 161, 282, 288
-0.999187, 201, 31, 232, 46
-0.999188, 237, 113, 252, 240
-0.999191, 409, 81, 424, 208
-0.999192, 73, 33, 104, 288
-0.999195, 193, 1, 208, 128
-0.999198, 401, 17, 416, 144
-0.999199, 73, 177, 88, 304
-0.999199, 293, 161, 308, 288
-0.9992, 421, 65, 436, 192
-0.999201, 297, 209, 312, 336
-0.999204, 239, 161, 254, 288
-0.999205, 173, 81, 188, 208
-0.999209, 335, 225, 350, 352
-0.99921, 187, 145, 202, 272
-0.99921, 87, 129, 102, 256
-0.999211, 149, 113, 164, 240
-0.999211, 273, 129, 288, 256
-0.999212, 321, 193, 336, 320
-0.999212, 457, 129, 472, 256
-0.999217, 181, 97, 196, 224
-0.999222, 151, 209, 166, 336
-0.999222, 419, 17, 434, 144
-0.999223, 129, 129, 144, 256
-0.999227, 467, 113, 482, 240
-0.999229, 335, 1, 350, 128
-0.999232, 311, 145, 326, 272
-0.999235, 347, 209, 362, 336
-0.999241, 219, 65, 234, 192
-0.999243, 337, 177, 352, 304
-0.999247, 481, 129, 496, 256
-0.999258, 43, 177, 58, 304
-0.999258, 219, 129, 234, 256
-0.999258, 157, 161, 172, 288
-0.999259, 79, 177, 94, 304
-0.999259, 119, 209, 134, 336
-0.999263, 301, 161, 316, 288
-0.999265, 361, 145, 376, 272
-0.999266, 179, 145, 194, 272
-0.99927, 327, 145, 342, 272
-0.999271, 209, 145, 224, 272
-0.999271, 27, 209, 42, 336
-0.999274, 179, 209, 194, 336
-0.999275, 65, 193, 80, 320
-0.999277, 273, 209, 288, 336
-0.999287, 359, 209, 374, 336
-0.999289, 77, 253, 108, 268
-0.999292, 317, 97, 332, 224
-0.999297, 405, 29, 436, 44
-0.999302, 263, 209, 278, 336
-0.999309, 371, 209, 386, 336
-0.99931, 441, 1, 456, 128
-0.999317, 151, 49, 166, 176
-0.999323, 397, 81, 412, 208
-0.999355, 357, 129, 388, 375
-0.999363, 257, 179, 288, 194
-0.999419, 133, 245, 164, 260
-0.999461, 277, 171, 308, 186
-0.999524, 461, 197, 492, 212
-0.999526, 189, 195, 220, 210
-0.999599, 49, 25, 176, 88
-0.999652, 397, 129, 428, 375
-0.999695, 21, 129, 52, 375
-0.999731, 345, 33, 376, 288
-0.999759, 121, 107, 136, 122
-0.999759, 393, 41, 408, 56
-0.999759, 431, 21, 446, 36
-0.999759, 405, 31, 420, 46
-0.999759, 277, 97, 292, 112
-0.999759, 103, 191, 118, 206
-0.999759, 119, 183, 134, 198
-0.999759, 171, 45, 186, 60
-0.999759, 119, 189, 134, 204
-0.999759, 445, 205, 460, 220
-0.999759, 129, 249, 144, 264
-0.999759, 83, 253, 98, 268
-0.999759, 173, 53, 188, 68
-0.99976, 219, 35, 234, 50
-0.99976, 217, 29, 232, 44
-0.99976, 99, 125, 114, 140
-0.99976, 197, 23, 212, 38
-0.99976, 327, 29, 342, 44
-0.99976, 165, 203, 180, 218
-0.99976, 327, 233, 342, 248
-0.99976, 225, 187, 240, 202
-0.99976, 425, 189, 440, 204
-0.99976, 269, 213, 284, 228
-0.99976, 335, 157, 350, 172
-0.99976, 229, 135, 244, 150
-0.999761, 153, 207, 168, 222
-0.999761, 255, 39, 270, 54
-0.999761, 165, 117, 180, 132
-0.999761, 153, 61, 168, 76
-0.999761, 197, 141, 212, 156
-0.999761, 99, 259, 114, 274
-0.999761, 147, 77, 162, 92
-0.999761, 187, 25, 202, 40
-0.999761, 193, 39, 208, 54
-0.999761, 103, 133, 118, 148
-0.999761, 233, 185, 248, 200
-0.999761, 459, 203, 474, 218
-0.999761, 109, 129, 124, 144
-0.999761, 439, 57, 454, 72
-0.999762, 167, 61, 182, 76
-0.999762, 137, 243, 152, 258
-0.999762, 105, 161, 120, 176
-0.999762, 67, 257, 82, 272
-0.999762, 135, 83, 150, 98
-0.999762, 361, 151, 376, 166
-0.999762, 193, 15, 208, 30
-0.999762, 219, 189, 234, 204
-0.999762, 171, 169, 186, 184
-0.999762, 411, 31, 426, 46
-0.999762, 255, 109, 270, 124
-0.999762, 163, 51, 178, 66
-0.999762, 357, 225, 372, 240
-0.999763, 109, 155, 124, 170
-0.999763, 209, 1, 224, 16
-0.999763, 327, 159, 342, 174
-0.999763, 145, 259, 160, 274
-0.999763, 425, 207, 440, 222
-0.999764, 157, 79, 172, 94
-0.999764, 235, 59, 250, 74
-0.999764, 181, 31, 196, 46
-0.999764, 175, 153, 190, 168
-0.999764, 173, 39, 188, 54
-0.999764, 71, 251, 86, 266
-0.999764, 471, 187, 486, 202
-0.999764, 175, 201, 190, 216
-0.999764, 225, 127, 240, 142
-0.999764, 211, 191, 226, 206
-0.999764, 193, 29, 208, 44
-0.999764, 277, 173, 292, 188
-0.999764, 445, 13, 460, 28
-0.999764, 143, 71, 158, 86
-0.999764, 343, 65, 358, 80
-0.999765, 127, 143, 142, 158
-0.999765, 419, 27, 434, 42
-0.999765, 437, 17, 452, 32
-0.999765, 151, 67, 166, 82
-0.999765, 227, 27, 242, 42
-0.999766, 283, 171, 298, 186
-0.999766, 195, 195, 210, 210
-0.999766, 143, 243, 158, 258
-0.999766, 337, 69, 352, 84
-0.999766, 171, 175, 186, 190
-0.999766, 121, 99, 136, 114
-0.999767, 315, 163, 330, 178
-0.999767, 319, 33, 334, 48
-0.999767, 273, 103, 288, 118
-0.999768, 109, 111, 124, 126
-0.999768, 425, 23, 440, 38
-0.999768, 127, 179, 142, 194
-0.999768, 329, 73, 344, 88
-0.999768, 239, 183, 254, 198
-0.999769, 117, 153, 132, 168
-0.999769, 351, 61, 366, 76
-0.999769, 271, 175, 286, 190
-0.999769, 61, 251, 76, 266
-0.999769, 275, 29, 290, 44
-0.999769, 273, 219, 288, 234
-0.999769, 89, 253, 104, 268
-0.999769, 85, 247, 100, 262
-0.99977, 203, 29, 218, 44
-0.99977, 175, 105, 190, 120
-0.99977, 221, 1, 236, 16
-0.999771, 199, 11, 214, 26
-0.999771, 289, 169, 304, 184
-0.999771, 199, 87, 214, 102
-0.999771, 401, 37, 416, 52
-0.999771, 261, 177, 276, 192
-0.999772, 77, 251, 92, 266
-0.999772, 327, 213, 342, 228
-0.999772, 263, 1, 278, 16
-0.999772, 139, 173, 154, 188
-0.999772, 233, 123, 248, 138
-0.999773, 283, 97, 298, 112
-0.999773, 203, 193, 218, 208
-0.999774, 321, 77, 336, 92
-0.999774, 465, 187, 480, 202
-0.999775, 267, 105, 282, 120
-0.999775, 225, 33, 240, 48
-0.999775, 175, 59, 190, 74
-0.999775, 265, 35, 280, 50
-0.999776, 233, 1, 248, 16
-0.999776, 327, 227, 342, 242
-0.999776, 157, 119, 172, 134
-0.999776, 281, 23, 296, 38
-0.999778, 229, 65, 244, 80
-0.999778, 409, 207, 424, 222
-0.99978, 199, 35, 214, 50
-0.999781, 129, 255, 144, 270
-0.999783, 227, 7, 242, 22
-0.999785, 327, 221, 342, 236
-0.999785, 465, 33, 496, 288
-0.999813, 461, 187, 492, 202
-0.999925, 9, 129, 40, 375
-0.999926, 17, 57, 144, 120
-0.999944, 85, 1, 116, 256
-1, 97, 1, 128, 256
-1.0002, 61, 33, 92, 288
-1.00027, 45, 33, 76, 288
-1.0006, 33, 33, 64, 288
-1.00072, 1, 33, 64, 288
-1.00092, 97, 313, 224, 375
-1.00095, 1, 33, 32, 288
-1.00138, 13, 33, 44, 288
-1.00197, 73, 17, 136, 144
-1.00211, 49, 289, 176, 352
-1.00276, 1, 273, 128, 336
-1.00364, 97, 289, 224, 352
-1.00408, 1, 33, 128, 96
-1.0047, 49, 313, 176, 375
-1.00471, 145, 313, 272, 375
-1.00472, 33, 17, 96, 144
-1.00521, 49, 1, 176, 64
-1.00575, 1, 1, 128, 64
-1.00678, 1, 33, 64, 160
