1938
-0.611404, 33, 1, 288, 356
-0.624067, 1, 97, 500, 352
-0.62882, 193, 1, 448, 356
-0.712659, 1, 1, 500, 356
-0.716075, 193, 97, 448, 352
-0.755699, 65, 97, 320, 352
-0.761945, 1, 1, 500, 256
-0.789289, 65, 1, 320, 256
-0.793958, 257, 1, 500, 256
-0.886929, 209, 97, 336, 352
-0.895788, 161, 1, 416, 256
-0.901, 177, 1, 304, 356
-0.906018, 97, 1, 224, 356
-0.906094, 273, 1, 400, 356
-0.90669, 369, 1, 496, 356
-0.90887, 161, 97, 288, 352
-0.909757, 225, 1, 352, 356
-0.91125, 1, 225, 500, 352
-0.911471, 257, 97, 384, 352
-0.916297, 49, 1, 176, 356
-0.920626, 321, 1, 448, 356
-0.921559, 1, 177, 500, 304
-0.927379, 97, 97, 224, 352
-0.928534, 177, 1, 304, 256
-0.930064, 1, 1, 128, 356
-0.932188, 353, 1, 480, 256
-0.933779, 97, 209, 352, 336
-0.934591, 17, 97, 144, 352
-0.935294, 321, 97, 448, 352
-0.935555, 289, 1, 416, 256
-0.935721, 129, 1, 256, 256
-0.937066, 49, 1, 176, 256
-0.943738, 185, 161, 248, 288
-0.943814, 1, 113, 500, 240
-0.943918, 193, 177, 448, 304
-0.946119, 225, 1, 352, 256
-0.946403, 209, 129, 336, 256
-0.948323, 1, 1, 500, 128
-0.949019, 209, 193, 336, 320
-0.950728, 369, 97, 496, 352
-0.951112, 1, 49, 500, 176
-0.951267, 129, 193, 256, 320
-0.951688, 97, 129, 352, 256
-0.952237, 257, 129, 320, 256
-0.954843, 1, 225, 256, 352
-0.954938, 193, 129, 448, 256
-0.957484, 241, 209, 304, 336
-0.960001, 193, 225, 448, 352
-0.960608, 257, 1, 500, 128
-0.960815, 185, 209, 248, 336
-0.961123, 257, 193, 384, 320
-0.961618, 161, 145, 288, 272
-0.961659, 265, 193, 328, 320
-0.9626, 1, 177, 256, 304
-0.963484, 217, 161, 280, 288
-0.963767, 289, 161, 352, 288
-0.963827, 161, 177, 224, 304
-0.966383, 1, 1, 128, 256
-0.966999, 1, 97, 256, 224
-0.967417, 209, 209, 272, 336
-0.967864, 177, 177, 240, 240
-0.968379, 49, 225, 176, 352
-0.968579, 209, 113, 272, 240
-0.969029, 353, 1, 480, 128
-0.969296, 201, 169, 264, 232
-0.969387, 185, 217, 248, 280
-0.970901, 193, 81, 448, 208
-0.971069, 273, 145, 400, 272
-0.971375, 161, 241, 224, 304
-0.971848, 225, 137, 288, 200
-0.972666, 265, 129, 328, 192
-0.973013, 1, 225, 128, 352
-0.973065, 185, 241, 248, 304
-0.973575, 193, 177, 224, 240
-0.973774, 153, 185, 216, 248
-0.974521, 65, 49, 320, 176
-0.974534, 201, 145, 264, 208
-0.974697, 353, 209, 480, 336
-0.974745, 305, 209, 432, 336
-0.974843, 113, 225, 176, 352
-0.975125, 265, 193, 328, 256
-0.975268, 161, 225, 224, 352
-0.975358, 201, 193, 264, 256
-0.975536, 225, 233, 288, 296
-0.97558, 113, 241, 176, 304
-0.975784, 145, 233, 272, 296
-0.975941, 137, 257, 200, 320
-0.976046, 361, 1, 424, 128
-0.976157, 225, 193, 288, 256
-0.976385, 161, 209, 224, 272
-0.976587, 57, 225, 120, 352
-0.976838, 209, 257, 272, 320
-0.976904, 273, 233, 336, 296
-0.976913, 81, 161, 208, 288
-0.977381, 177, 169, 304, 232
-0.977396, 73, 241, 136, 304
-0.977639, 89, 225, 152, 352
-0.977856, 305, 209, 368, 336
-0.977931, 225, 169, 288, 232
-0.978143, 209, 137, 336, 200
-0.978161, 205, 185, 236, 248
-0.978305, 305, 233, 368, 296
-0.978323, 361, 233, 424, 296
-0.978449, 181, 185, 212, 248
-0.978506, 297, 177, 360, 240
-0.979047, 265, 97, 328, 352
-0.979049, 9, 225, 72, 352
-0.979125, 337, 233, 400, 296
-0.979172, 249, 169, 312, 232
-0.979191, 49, 265, 112, 328
-0.979322, 185, 113, 248, 240
-0.979608, 209, 81, 336, 208
-0.979657, 217, 153, 248, 216
-0.979718, 197, 161, 228, 288
-0.979733, 209, 97, 272, 352
-0.97978, 177, 153, 240, 216
-0.980015, 121, 217, 184, 280
-0.980031, 409, 1, 472, 64
-0.980168, 185, 121, 248, 184
-0.980182, 113, 193, 240, 256
-0.980202, 353, 209, 416, 336
-0.980229, 65, 1, 320, 128
-0.980241, 249, 249, 312, 312
-0.980754, 97, 113, 224, 240
-0.980913, 225, 113, 288, 176
-0.980955, 73, 265, 136, 328
-0.981113, 161, 265, 224, 328
-0.981291, 289, 145, 352, 208
-0.98166, 393, 225, 456, 288
-0.981728, 401, 1, 464, 128
-0.981787, 33, 241, 96, 304
-0.981808, 177, 257, 304, 320
-0.981824, 25, 265, 88, 328
-0.981995, 305, 97, 432, 224
-0.982046, 361, 9, 424, 72
-0.982097, 313, 161, 376, 288
-0.98217, 225, 193, 352, 256
-0.982195, 297, 177, 328, 304
-0.982235, 313, 209, 376, 272
-0.982248, 369, 209, 432, 272
-0.982369, 177, 209, 304, 272
-0.982405, 137, 225, 200, 352
-0.982436, 217, 209, 248, 336
-0.982492, 217, 209, 248, 272
-0.982511, 433, 17, 496, 80
-0.982514, 65, 241, 192, 304
-0.982527, 377, 209, 440, 336
-0.982634, 129, 169, 192, 232
-0.982636, 185, 265, 248, 328
-0.982672, 181, 177, 212, 304
-0.982859, 129, 257, 256, 320
-0.982885, 281, 113, 344, 240
-0.982894, 197, 217, 228, 280
-0.98308, 313, 257, 376, 320
-0.983128, 433, 225, 496, 288
-0.983185, 233, 97, 296, 352
-0.983242, 305, 1, 432, 128
-0.983379, 385, 1, 448, 64
-0.983439, 305, 121, 368, 184
-0.983667, 153, 161, 216, 224
-0.983826, 425, 1, 488, 128
-0.983837, 321, 169, 384, 232
-0.983857, 205, 145, 236, 208
-0.983908, 409, 201, 472, 264
-0.983946, 241, 137, 272, 200
-0.983977, 281, 257, 344, 320
-0.984218, 209, 129, 240, 256
-0.984255, 265, 33, 328, 96
-0.984325, 161, 129, 224, 192
-0.984371, 329, 145, 392, 208
-0.984402, 281, 209, 312, 336
-0.984413, 33, 177, 160, 304
-0.984429, 9, 241, 72, 304
-0.984475, 289, 129, 320, 256
-0.984537, 209, 233, 336, 296
-0.984632, 393, 25, 456, 88
-0.98464, 249, 145, 280, 272
-0.984643, 337, 257, 400, 320
-0.984651, 97, 217, 160, 280
-0.984652, 229, 153, 260, 216
-0.98467, 81, 129, 144, 192
-0.984678, 345, 209, 408, 272
-0.984691, 409, 209, 472, 336
-0.984721, 257, 233, 384, 296
-0.984788, 1, 265, 64, 328
-0.984794, 97, 265, 160, 328
-0.984881, 261, 113, 292, 240
-0.9849, 249, 225, 312, 288
-0.984943, 329, 225, 392, 352
-0.985093, 221, 129, 252, 192
-0.98512, 137, 145, 200, 272
-0.985184, 161, 1, 416, 128
-0.985217, 369, 185, 432, 248
-0.98524, 185, 97, 248, 352
-0.985294, 265, 105, 328, 168
-0.985444, 305, 97, 368, 224
-0.985489, 81, 177, 144, 240
-0.985575, 253, 209, 284, 336
-0.985587, 409, 249, 472, 312
-0.985593, 253, 137, 284, 200
-0.985604, 309, 145, 340, 272
-0.985653, 385, 249, 448, 312
-0.98572, 297, 185, 328, 248
-0.985731, 165, 249, 196, 312
-0.985898, 233, 113, 296, 240
-0.985924, 265, 193, 296, 320
-0.985925, 305, 41, 368, 104
-0.985983, 105, 145, 168, 208
-0.98601, 225, 257, 352, 320
-0.986149, 129, 193, 192, 256
-0.986158, 41, 113, 104, 176
-0.986199, 73, 217, 136, 280
-0.986203, 369, 161, 432, 224
-0.98627, 305, 97, 368, 160
-0.986284, 121, 281, 184, 344
-0.986307, 265, 129, 296, 192
-0.986323, 177, 241, 208, 304
-0.986434, 273, 185, 400, 248
-0.986448, 321, 161, 448, 288
-0.986454, 369, 97, 432, 160
-0.9865, 273, 65, 336, 192
-0.986544, 209, 25, 272, 88
-0.986544, 161, 97, 288, 224
-0.986598, 369, 137, 432, 200
-0.98661, 265, 57, 328, 120
-0.986611, 33, 265, 160, 328
-0.98666, 113, 33, 176, 96
-0.986666, 121, 121, 184, 184
-0.986716, 433, 249, 496, 312
-0.986722, 289, 201, 352, 264
-0.98678, 49, 217, 112, 280
-0.986793, 233, 25, 296, 88
-0.986834, 105, 169, 168, 232
-0.986835, 289, 97, 352, 352
-0.986859, 321, 1, 384, 64
-0.986907, 257, 81, 384, 208
-0.986948, 433, 41, 496, 104
-0.986967, 433, 201, 496, 264
-0.986973, 225, 241, 256, 304
-0.986975, 81, 153, 144, 216
-0.986975, 1, 217, 64, 280
-0.986986, 281, 1, 344, 64
-0.986986, 81, 17, 144, 80
-0.986986, 409, 169, 472, 232
-0.987073, 273, 169, 336, 232
-0.987102, 17, 193, 80, 256
-0.987121, 81, 41, 144, 104
-0.987129, 161, 105, 224, 168
-0.98716, 305, 73, 368, 136
-0.987199, 113, 57, 176, 120
-0.987218, 189, 241, 220, 304
-0.987235, 1, 113, 64, 176
-0.987314, 361, 73, 424, 136
-0.987345, 225, 49, 288, 112
-0.987461, 229, 113, 260, 240
-0.987477, 185, 33, 248, 96
-0.987477, 361, 257, 424, 320
-0.987488, 33, 1, 96, 64
-0.987596, 57, 41, 120, 104
-0.987652, 345, 169, 408, 232
-0.987684, 113, 65, 240, 192
-0.987696, 185, 209, 216, 272
-0.98771, 409, 89, 472, 152
-0.98772, 225, 1, 288, 256
-0.987739, 153, 41, 216, 104
-0.987766, 57, 137, 120, 200
-0.987826, 409, 137, 472, 200
-0.987882, 225, 1, 288, 64
-0.987903, 57, 161, 120, 224
-0.987949, 297, 137, 328, 200
-0.987951, 121, 1, 184, 64
-0.98802, 97, 1, 224, 128
-0.988056, 1, 49, 64, 112
-0.988086, 121, 97, 184, 160
-0.988094, 41, 193, 104, 256
-0.988096, 161, 17, 224, 80
-0.988104, 81, 89, 144, 152
-0.988133, 229, 225, 260, 352
-0.988144, 329, 89, 392, 152
-0.988164, 289, 161, 416, 224
-0.988164, 241, 281, 304, 344
-0.988181, 257, 9, 320, 72
-0.988203, 201, 241, 232, 304
-0.988212, 1, 169, 64, 232
-0.988214, 401, 1, 464, 256
-0.98822, 185, 65, 248, 128
-0.988259, 337, 9, 464, 72
-0.98827, 33, 25, 96, 88
-0.988279, 225, 65, 288, 192
-0.988291, 9, 289, 72, 352
-0.988297, 81, 65, 144, 128
-0.988309, 237, 161, 268, 288
-0.988339, 305, 233, 432, 296
-0.988469, 201, 225, 232, 352
-0.988735, 33, 225, 96, 352
-0.988834, 237, 233, 268, 296
-0.98884, 97, 169, 224, 232
-0.988845, 297, 1, 360, 256
-0.988943, 313, 161, 344, 224
-0.989053, 161, 97, 224, 224
-0.989207, 257, 129, 384, 192
-0.989297, 241, 209, 272, 336
-0.989326, 337, 1, 400, 128
-0.989412, 369, 1, 432, 256
-0.989422, 297, 225, 328, 352
-0.989474, 33, 1, 160, 128
-0.989492, 297, 241, 328, 304
-0.989495, 33, 273, 96, 304
-0.989524, 73, 269, 136, 300
-0.989622, 109, 225, 140, 352
-0.98965, 369, 161, 432, 288
-0.989784, 161, 97, 224, 352
-0.989947, 273, 1, 336, 256
-0.989996, 153, 249, 184, 312
-0.990007, 213, 241, 244, 304
-0.99004, 185, 185, 248, 216
-0.990214, 1, 273, 64, 304
-0.990329, 193, 197, 256, 228
-0.990367, 225, 1, 288, 356
-0.990392, 425, 1, 488, 256
-0.99044, 121, 225, 152, 352
-0.990489, 169, 197, 232, 228
-0.990517, 337, 97, 400, 352
-0.990519, 129, 261, 192, 292
-0.990521, 185, 221, 248, 252
-0.990526, 49, 97, 112, 352
-0.990531, 225, 161, 352, 224
-0.990568, 257, 257, 288, 320
-0.990591, 353, 225, 480, 288
-0.990597, 161, 257, 224, 288
-0.990611, 81, 97, 144, 352
-0.990627, 201, 261, 264, 292
-0.990686, 277, 129, 308, 192
-0.990746, 97, 265, 160, 296
-0.990828, 237, 193, 268, 256
-0.990835, 177, 1, 240, 356
-0.990839, 225, 265, 288, 296
-0.990864, 313, 97, 376, 352
-0.99087, 361, 233, 392, 296
-0.990875, 209, 169, 272, 200
-0.990884, 169, 209, 232, 240
-0.990929, 377, 97, 440, 352
-0.990935, 249, 1, 312, 356
-0.990942, 97, 217, 224, 280
-0.990959, 433, 225, 496, 352
-0.990963, 121, 97, 184, 352
-0.99097, 217, 185, 248, 248
-0.990977, 209, 113, 336, 176
-0.991036, 105, 249, 136, 312
-0.991047, 413, 1, 444, 64
-0.991053, 285, 201, 316, 264
-0.991056, 185, 249, 248, 280
-0.991059, 249, 137, 312, 168
-0.991116, 33, 113, 160, 240
-0.991156, 209, 153, 272, 184
-0.991178, 257, 257, 320, 288
-0.991259, 409, 97, 472, 352
-0.991299, 193, 209, 256, 240
-0.991317, 277, 249, 308, 312
-0.991318, 185, 1, 248, 256
-0.991342, 17, 97, 80, 352
-0.991349, 189, 225, 220, 352
-0.991357, 249, 169, 280, 232
-0.991365, 321, 161, 352, 288
-0.991383, 105, 177, 168, 304
-0.991405, 409, 1, 472, 356
-0.991411, 297, 189, 360, 220
-0.991417, 265, 201, 328, 232
-0.991444, 225, 141, 288, 172
-0.991449, 297, 1, 360, 356
-0.991514, 273, 113, 304, 240
-0.991525, 309, 209, 340, 336
-0.991609, 113, 145, 240, 208
-0.99162, 225, 161, 256, 288
-0.991649, 17, 241, 144, 304
-0.991697, 305, 1, 368, 128
-0.991704, 81, 1, 144, 256
-0.991725, 273, 1, 336, 356
-0.991781, 161, 137, 288, 200
-0.991783, 81, 113, 144, 240
-0.9918, 185, 173, 248, 204
-0.991812, 289, 253, 352, 284
-0.991912, 285, 169, 316, 232
-0.991915, 161, 1, 224, 256
-0.991921, 153, 185, 216, 216
-0.991928, 145, 205, 208, 236
-0.991938, 57, 265, 88, 328
-0.991951, 169, 193, 200, 256
-0.991966, 209, 221, 272, 252
-0.99197, 369, 97, 432, 224
-0.99201, 309, 185, 340, 248
-0.992067, 305, 241, 368, 272
-0.992067, 1, 261, 64, 292
-0.992069, 345, 241, 408, 272
-0.992162, 409, 161, 472, 288
-0.992185, 33, 249, 288, 312
-0.992191, 81, 249, 112, 312
-0.992194, 233, 165, 296, 196
-0.992222, 337, 145, 400, 272
-0.992229, 121, 1, 184, 256
-0.99223, 209, 181, 272, 212
-0.992231, 313, 253, 376, 284
-0.992258, 209, 249, 272, 280
-0.992278, 81, 177, 144, 304
-0.992285, 225, 209, 288, 240
-0.992316, 105, 253, 168, 284
-0.992318, 177, 161, 240, 192
-0.9924, 121, 97, 184, 224
-0.992438, 289, 257, 416, 320
-0.992473, 281, 241, 344, 272
-0.992481, 433, 1, 496, 356
-0.992513, 377, 1, 440, 356
-0.992526, 57, 1, 120, 256
-0.99253, 25, 261, 88, 292
-0.992541, 225, 197, 288, 228
-0.992574, 137, 1, 200, 356
-0.992618, 197, 197, 228, 228
-0.992683, 265, 149, 328, 180
-0.992693, 265, 193, 296, 256
-0.992698, 33, 49, 160, 176
-0.992739, 313, 177, 376, 208
-0.992753, 9, 273, 40, 304
-0.992776, 61, 273, 92, 304
-0.992778, 81, 253, 144, 284
-0.99278, 201, 209, 232, 240
-0.992784, 181, 185, 212, 216
-0.992784, 81, 269, 112, 300
-0.992795, 81, 265, 208, 328
-0.992803, 265, 233, 296, 296
-0.992803, 241, 153, 304, 184
-0.992806, 233, 253, 296, 284
-0.992836, 205, 165, 236, 196
-0.992842, 309, 233, 340, 296
-0.992846, 161, 245, 224, 276
-0.992856, 385, 237, 448, 268
-0.992866, 49, 261, 112, 292
-0.99287, 229, 161, 260, 192
-0.992879, 165, 225, 196, 288
-0.992881, 177, 201, 208, 232
-0.992891, 361, 253, 424, 284
-0.992906, 249, 1, 312, 256
-0.992908, 177, 149, 240, 180
-0.992916, 233, 105, 264, 168
-0.992944, 161, 269, 224, 300
-0.992949, 37, 273, 68, 304
-0.992982, 373, 233, 404, 296
-0.992992, 245, 257, 276, 320
-0.993012, 297, 165, 360, 196
-0.993017, 337, 253, 400, 284
-0.99302, 217, 153, 248, 184
-0.993027, 237, 261, 268, 292
-0.993031, 201, 1, 264, 356
-0.993038, 193, 181, 224, 212
-0.993038, 249, 189, 312, 220
-0.993076, 93, 249, 124, 312
-0.993086, 401, 5, 464, 36
-0.993096, 129, 249, 384, 312
-0.993115, 25, 273, 56, 304
-0.993119, 49, 273, 80, 304
-0.993125, 337, 1, 400, 256
-0.993173, 289, 201, 352, 232
-0.993188, 433, 97, 496, 352
-0.993191, 129, 153, 384, 216
-0.993195, 57, 281, 120, 312
-0.993214, 225, 33, 352, 160
-0.993234, 273, 137, 336, 168
-0.993261, 101, 265, 132, 296
-0.993262, 233, 145, 264, 176
-0.993264, 61, 225, 92, 352
-0.993272, 253, 149, 284, 180
-0.993277, 225, 237, 288, 268
-0.993289, 129, 249, 192, 280
-0.993291, 189, 209, 220, 240
-0.993294, 121, 233, 152, 296
-0.993302, 193, 153, 224, 216
-0.993303, 213, 185, 244, 216
-0.993307, 281, 257, 312, 288
-0.993321, 433, 233, 496, 264
-0.993326, 185, 253, 216, 284
-0.993338, 217, 217, 248, 248
-0.993352, 161, 209, 416, 272
-0.993364, 209, 121, 240, 184
-0.993375, 97, 225, 128, 352
-0.993396, 41, 1, 104, 356
-0.993406, 225, 261, 256, 292
-0.993411, 201, 141, 264, 172
-0.993411, 269, 133, 300, 164
-0.993417, 297, 193, 328, 224
-0.99342, 153, 173, 216, 204
-0.993433, 337, 169, 400, 200
-0.993479, 361, 13, 424, 44
-0.993479, 161, 113, 288, 176
-0.993479, 325, 169, 356, 232
-0.993482, 345, 233, 376, 296
-0.993485, 273, 161, 336, 192
-0.993491, 225, 129, 288, 160
-0.993507, 177, 33, 304, 160
-0.993512, 217, 249, 248, 280
-0.993522, 321, 1, 384, 356
-0.993524, 97, 1, 160, 356
-0.993525, 401, 17, 464, 48
-0.993553, 241, 161, 272, 192
-0.993586, 165, 193, 196, 320
-0.993589, 9, 285, 72, 316
-0.993594, 297, 133, 360, 164
-0.993594, 165, 253, 196, 284
-0.993595, 305, 229, 368, 260
-0.993608, 249, 209, 280, 272
-0.99361, 273, 189, 336, 220
-0.993615, 409, 233, 440, 296
-0.993617, 401, 33, 464, 64
-0.993622, 265, 177, 328, 208
-0.993626, 297, 245, 328, 276
-0.99363, 81, 237, 144, 268
-0.993658, 261, 261, 292, 292
-0.993674, 425, 1, 456, 64
-0.993681, 249, 213, 312, 244
-0.993685, 433, 25, 496, 56
-0.993689, 177, 133, 240, 164
-0.993695, 345, 229, 408, 260
-0.993715, 57, 241, 88, 304
-0.993717, 185, 233, 248, 264
-0.993724, 153, 221, 216, 252
-0.993734, 17, 145, 80, 272
-0.99374, 377, 209, 440, 240
-0.993742, 353, 81, 480, 208
-0.993751, 21, 225, 52, 352
-0.993751, 233, 225, 296, 256
-0.993753, 65, 1, 128, 356
-0.993776, 309, 185, 340, 216
-0.993779, 41, 145, 104, 272
-0.993784, 121, 217, 184, 248
-0.993785, 389, 233, 420, 296
-0.993787, 129, 185, 192, 216
-0.993788, 257, 245, 320, 276
-0.993789, 385, 249, 448, 280
-0.99379, 293, 141, 324, 172
-0.993794, 249, 269, 312, 300
-0.993796, 409, 225, 472, 256
-0.99382, 369, 225, 432, 256
-0.993825, 197, 253, 228, 284
-0.993833, 181, 265, 212, 296
-0.993836, 217, 165, 248, 196
-0.993842, 137, 273, 200, 304
-0.993843, 57, 249, 120, 280
-0.993846, 201, 129, 264, 160
-0.993862, 81, 225, 144, 256
-0.993863, 145, 261, 176, 292
-0.993876, 81, 145, 144, 176
-0.993876, 293, 257, 324, 288
-0.993896, 265, 229, 328, 260
-0.9939, 17, 1, 80, 356
-0.993905, 265, 125, 328, 156
-0.993906, 105, 253, 136, 284
-0.993906, 285, 201, 316, 232
-0.993907, 313, 145, 376, 176
-0.993908, 409, 241, 472, 272
-0.993911, 377, 1, 440, 32
-0.993923, 337, 181, 400, 212
-0.993931, 249, 261, 280, 292
-0.993961, 281, 265, 344, 296
-0.993962, 253, 161, 284, 192
-0.993979, 113, 265, 144, 296
-0.993984, 193, 273, 256, 304
-0.993991, 217, 141, 248, 172
-0.993998, 321, 1, 384, 32
-0.994009, 249, 137, 280, 168
-0.994009, 193, 265, 224, 296
-0.994016, 433, 1, 464, 128
-0.994017, 193, 169, 224, 200
-0.994019, 197, 225, 228, 256
-0.99402, 337, 205, 400, 236
-0.994021, 249, 113, 280, 176
-0.994025, 205, 153, 236, 184
-0.994036, 133, 257, 164, 288
-0.994047, 121, 233, 184, 264
-0.994055, 121, 153, 184, 184
-0.994059, 377, 197, 440, 228
-0.994083, 305, 209, 432, 272
-0.994085, 13, 261, 44, 292
-0.994089, 121, 201, 184, 232
-0.994101, 33, 285, 96, 316
-0.994107, 169, 265, 200, 296
-0.994118, 33, 193, 160, 256
-0.994123, 309, 253, 340, 284
-0.994128, 81, 213, 144, 244
-0.99413, 329, 157, 392, 188
-0.994149, 409, 213, 472, 244
-0.994154, 1, 225, 32, 352
-0.994157, 177, 213, 208, 244
-0.994163, 333, 233, 364, 296
-0.994172, 409, 201, 472, 232
-0.994173, 289, 105, 416, 168
-0.994175, 281, 137, 312, 168
-0.994181, 209, 197, 240, 228
-0.99419, 229, 173, 260, 204
-0.994195, 369, 105, 432, 136
-0.994202, 121, 165, 184, 196
-0.994202, 105, 277, 168, 308
-0.99421, 369, 169, 432, 200
-0.994212, 305, 217, 368, 248
-0.994213, 81, 133, 144, 164
-0.994214, 305, 153, 336, 184
-0.994218, 333, 177, 364, 208
-0.994218, 425, 49, 488, 80
-0.99422, 305, 53, 368, 84
-0.994235, 181, 161, 212, 224
-0.994238, 345, 1, 408, 356
-0.994241, 89, 197, 152, 228
-0.994243, 81, 161, 144, 192
-0.994248, 305, 65, 368, 96
-0.99425, 289, 149, 352, 180
-0.99425, 433, 37, 496, 68
-0.994252, 237, 249, 268, 280
-0.994253, 1, 193, 256, 256
-0.994256, 357, 241, 388, 272
-0.994257, 345, 253, 376, 284
-0.994257, 41, 237, 104, 268
-0.994261, 265, 205, 296, 236
-0.994262, 265, 65, 328, 96
-0.994264, 121, 117, 184, 148
-0.994268, 157, 265, 188, 296
-0.99427, 317, 241, 348, 272
-0.994276, 165, 197, 196, 228
-0.994289, 285, 185, 316, 216
-0.994293, 209, 261, 240, 292
-0.994294, 329, 249, 360, 280
-0.994305, 97, 1, 224, 64
-0.994306, 153, 225, 184, 352
-0.99431, 237, 209, 268, 240
-0.994312, 317, 173, 348, 204
-0.994317, 253, 213, 284, 244
-0.994322, 61, 261, 92, 292
-0.994331, 117, 253, 148, 284
-0.994344, 17, 241, 48, 304
-0.994346, 229, 133, 260, 164
-0.994384, 69, 265, 100, 328
-0.994387, 225, 185, 256, 216
-0.994398, 33, 1, 96, 256
-0.994399, 377, 249, 408, 280
-0.994404, 37, 261, 68, 292
-0.994419, 345, 241, 376, 272
-0.994421, 269, 249, 300, 280
-0.994433, 49, 269, 176, 300
-0.994475, 17, 217, 144, 280
-0.994475, 281, 245, 312, 276
-0.994502, 265, 149, 296, 180
-0.994511, 81, 257, 112, 288
-0.994511, 197, 177, 212, 240
-0.994531, 357, 225, 388, 352
-0.99455, 217, 129, 248, 160
-0.994557, 1, 261, 32, 292
-0.994571, 125, 269, 156, 300
-0.994573, 49, 261, 80, 292
-0.994584, 321, 185, 352, 216
-0.994585, 393, 245, 424, 276
-0.99459, 237, 197, 268, 228
-0.994602, 293, 173, 324, 204
-0.994607, 273, 193, 304, 224
-0.994613, 241, 173, 272, 204
-0.994624, 125, 241, 156, 272
-0.994634, 413, 1, 444, 32
-0.994635, 25, 261, 56, 292
-0.994652, 177, 165, 208, 196
-0.994659, 203, 193, 218, 256
-0.994664, 225, 205, 256, 236
-0.994669, 41, 225, 72, 352
-0.994672, 249, 249, 280, 280
-0.994693, 93, 253, 124, 284
-0.9947, 357, 253, 388, 284
-0.994707, 153, 245, 184, 276
-0.994731, 125, 141, 156, 172
-0.994733, 161, 177, 416, 240
-0.994741, 205, 141, 236, 172
-0.994749, 203, 169, 218, 232
-0.994757, 141, 241, 172, 304
-0.99476, 197, 113, 228, 240
-0.99477, 1, 285, 32, 316
-0.994777, 445, 237, 476, 268
-0.99479, 277, 161, 308, 288
-0.994794, 69, 241, 100, 304
-0.994799, 81, 225, 112, 352
-0.994813, 177, 241, 208, 272
-0.994814, 125, 165, 156, 196
-0.994816, 265, 17, 328, 144
-0.994823, 305, 133, 336, 164
-0.994836, 185, 33, 248, 160
-0.994839, 205, 129, 236, 160
-0.99484, 253, 197, 284, 228
-0.994852, 405, 241, 436, 272
-0.994856, 305, 49, 368, 176
-0.994861, 237, 221, 268, 252
-0.994869, 377, 237, 408, 268
-0.994872, 417, 237, 448, 268
-0.994873, 389, 13, 420, 44
-0.994878, 161, 185, 192, 216
-0.994885, 305, 165, 336, 196
-0.994897, 125, 229, 156, 260
-0.994897, 125, 193, 156, 224
-0.994904, 197, 241, 228, 272
-0.994907, 217, 237, 248, 268
-0.994912, 237, 237, 268, 268
-0.994929, 105, 229, 136, 260
-0.99493, 41, 285, 72, 316
-0.994943, 125, 153, 156, 184
-0.99495, 225, 249, 480, 312
-0.994955, 433, 13, 464, 44
-0.99496, 109, 241, 140, 272
-0.99496, 13, 233, 44, 264
-0.994961, 125, 117, 156, 148
-0.994965, 313, 121, 344, 184
-0.995006, 1, 273, 128, 304
-0.995013, 389, 1, 420, 128
-0.995021, 191, 185, 206, 248
-0.995038, 113, 261, 240, 292
-0.995052, 113, 121, 240, 184
-0.995133, 209, 193, 224, 256
-0.995168, 201, 265, 232, 328
-0.995224, 141, 225, 172, 352
-0.995279, 317, 257, 348, 320
-0.995283, 1, 1, 64, 256
-0.995289, 341, 209, 372, 336
-0.995298, 257, 185, 500, 248
-0.995299, 45, 241, 76, 304
-0.995336, 257, 9, 500, 72
-0.99536, 273, 169, 304, 232
-0.995362, 389, 225, 420, 352
-0.995366, 277, 225, 308, 288
-0.995384, 97, 25, 224, 88
-0.995478, 105, 225, 136, 288
-0.995501, 337, 161, 464, 224
-0.99551, 225, 129, 480, 192
-0.995512, 65, 217, 320, 280
-0.995534, 33, 169, 288, 232
-0.99559, 209, 169, 224, 232
-0.995627, 9, 265, 40, 328
-0.995641, 313, 97, 344, 224
-0.995647, 223, 145, 238, 208
-0.995656, 129, 129, 384, 192
-0.99569, 33, 137, 288, 200
-0.995694, 453, 25, 484, 88
-0.995706, 177, 261, 304, 292
-0.995723, 233, 145, 248, 208
-0.995744, 369, 1, 400, 128
-0.995751, 329, 97, 392, 224
-0.99577, 1, 257, 500, 320
-0.995808, 333, 257, 364, 320
-0.99581, 161, 201, 288, 232
-0.995837, 345, 49, 408, 176
-0.995844, 213, 217, 228, 280
-0.995845, 185, 185, 200, 248
-0.995848, 33, 1, 160, 64
-0.995867, 161, 169, 192, 232
-0.995887, 97, 201, 224, 232
-0.995889, 441, 233, 472, 296
-0.995891, 217, 185, 232, 248
-0.995892, 257, 253, 384, 284
-0.995906, 353, 249, 480, 312
-0.995943, 225, 41, 352, 104
-0.99595, 185, 265, 216, 328
-0.995951, 33, 169, 160, 232
-0.995961, 253, 233, 284, 296
-0.996014, 81, 65, 144, 192
-0.996038, 305, 49, 432, 176
-0.996048, 377, 209, 408, 272
-0.996051, 201, 217, 216, 280
-0.996055, 177, 225, 208, 352
-0.996069, 209, 137, 336, 168
-0.996087, 125, 201, 156, 264
-0.996092, 293, 113, 324, 176
-0.996099, 209, 149, 336, 180
-0.996122, 461, 225, 492, 288
-0.996142, 377, 225, 408, 352
-0.996181, 125, 129, 156, 192
-0.996194, 1, 273, 256, 336
-0.996212, 421, 225, 452, 288
-0.996214, 145, 249, 272, 280
-0.996226, 433, 177, 496, 304
-0.996253, 233, 265, 264, 328
-0.996254, 243, 145, 258, 208
-0.996274, 231, 209, 246, 272
-0.996278, 273, 1, 400, 64
-0.996354, 177, 185, 304, 216
-0.996393, 297, 161, 328, 224
-0.996393, 223, 209, 238, 272
-0.996417, 207, 217, 222, 280
-0.99643, 225, 89, 352, 152
-0.996445, 209, 161, 336, 192
-0.996449, 257, 225, 500, 288
-0.996456, 269, 129, 284, 192
-0.99646, 197, 121, 228, 184
-0.996463, 153, 225, 184, 288
-0.996504, 105, 137, 136, 200
-0.996509, 1, 209, 500, 272
-0.996519, 311, 177, 326, 240
-0.996541, 215, 161, 230, 224
-0.996548, 353, 257, 384, 320
-0.99657, 257, 129, 272, 192
-0.996631, 161, 217, 288, 248
-0.996638, 321, 233, 352, 296
-0.99665, 97, 97, 224, 160
-0.996654, 193, 245, 320, 276
-0.99667, 5, 241, 36, 304
-0.99667, 175, 241, 190, 304
-0.996704, 369, 145, 496, 272
-0.996711, 169, 241, 184, 304
-0.996721, 101, 273, 132, 336
-0.996722, 81, 1, 144, 128
-0.996745, 253, 153, 268, 216
-0.996751, 207, 241, 222, 304
-0.99676, 33, 241, 64, 304
-0.99676, 305, 253, 432, 284
-0.996786, 273, 197, 400, 228
-0.996804, 225, 169, 240, 232
-0.996808, 209, 205, 336, 236
-0.996809, 33, 33, 160, 96
-0.99681, 181, 241, 196, 304
-0.996829, 225, 121, 240, 184
-0.996857, 163, 241, 178, 304
-0.996889, 197, 241, 212, 304
-0.996893, 231, 241, 246, 304
-0.996924, 45, 265, 76, 328
-0.996927, 369, 33, 496, 96
-0.996937, 353, 201, 480, 264
-0.996942, 97, 49, 224, 112
-0.996943, 65, 105, 320, 168
-0.996963, 125, 169, 156, 232
-0.996976, 1, 261, 128, 292
-0.996996, 337, 241, 464, 272
-0.997004, 237, 233, 252, 296
-0.997042, 361, 209, 392, 272
-0.997054, 225, 33, 480, 96
-0.997055, 187, 241, 202, 304
-0.997061, 97, 189, 224, 220
-0.997066, 217, 265, 248, 328
-0.997085, 5, 217, 36, 280
-0.997092, 273, 49, 400, 112
-0.997093, 179, 185, 194, 248
-0.997095, 225, 153, 480, 216
-0.9971, 409, 209, 440, 336
-0.997101, 57, 97, 120, 224
-0.997107, 213, 241, 228, 304
-0.997107, 145, 149, 272, 180
-0.997115, 65, 57, 320, 120
-0.997136, 33, 137, 160, 200
-0.997165, 65, 257, 192, 288
-0.997167, 321, 161, 336, 224
-0.997174, 209, 217, 336, 248
-0.997181, 289, 185, 416, 216
-0.997197, 389, 9, 420, 72
-0.997199, 441, 17, 472, 80
-0.997211, 263, 137, 278, 200
-0.997214, 377, 177, 408, 304
-0.997216, 193, 173, 320, 204
-0.997243, 1, 169, 500, 232
-0.997264, 297, 217, 328, 280
-0.997268, 113, 213, 240, 244
-0.997283, 113, 165, 240, 196
-0.997289, 195, 217, 210, 280
-0.997326, 161, 1, 416, 64
-0.997328, 125, 177, 156, 304
-0.997328, 305, 137, 432, 200
-0.997351, 313, 153, 328, 216
-0.997359, 217, 137, 232, 200
-0.997366, 225, 233, 240, 296
-0.99739, 449, 1, 480, 128
-0.997395, 225, 265, 352, 296
-0.9974, 117, 257, 148, 320
-0.997409, 41, 1, 104, 128
-0.997421, 289, 241, 416, 272
-0.997425, 257, 149, 384, 180
-0.997425, 231, 169, 246, 232
-0.997435, 81, 225, 112, 288
-0.997437, 65, 17, 320, 80
-0.997483, 269, 105, 300, 168
-0.997496, 225, 65, 352, 128
-0.9975, 281, 97, 312, 352
-0.997513, 365, 9, 396, 72
-0.997521, 33, 97, 160, 160
-0.997525, 193, 97, 448, 160
-0.997533, 145, 273, 272, 304
-0.997535, 233, 121, 248, 184
-0.997545, 373, 225, 388, 288
-0.997549, 257, 209, 384, 240
-0.997572, 305, 137, 320, 200
-0.997579, 321, 173, 448, 204
-0.99759, 321, 209, 352, 336
-0.997601, 73, 265, 88, 328
-0.997639, 289, 81, 320, 208
-0.997642, 113, 17, 176, 144
-0.997647, 291, 193, 306, 256
-0.997649, 105, 201, 136, 264
-0.997652, 289, 129, 304, 192
-0.997657, 273, 129, 400, 160
-0.997659, 321, 1, 448, 32
-0.997666, 241, 209, 256, 272
-0.997669, 279, 129, 294, 192
-0.997681, 193, 57, 448, 120
-0.997684, 129, 273, 384, 336
-0.997686, 359, 233, 374, 296
-0.997688, 185, 209, 200, 272
-0.997703, 293, 97, 324, 352
-0.997707, 1, 97, 64, 224
-0.997714, 263, 257, 278, 320
-0.997718, 289, 249, 304, 312
-0.997742, 425, 209, 456, 336
-0.997744, 367, 233, 382, 296
-0.997744, 353, 17, 480, 48
-0.997748, 243, 121, 258, 184
-0.99775, 301, 97, 332, 224
-0.997759, 305, 193, 320, 256
-0.997763, 295, 233, 310, 296
-0.997766, 225, 193, 352, 224
-0.997776, 145, 57, 272, 120
-0.997778, 157, 241, 172, 304
-0.99778, 317, 241, 332, 304
-0.997789, 21, 265, 52, 328
-0.997789, 303, 241, 318, 304
-0.997804, 109, 177, 140, 304
-0.997807, 123, 249, 138, 312
-0.997813, 9, 273, 24, 304
-0.997823, 283, 233, 298, 296
-0.997827, 219, 249, 234, 312
-0.997834, 243, 257, 258, 320
-0.997835, 97, 273, 224, 304
-0.997838, 101, 249, 116, 312
-0.997841, 297, 193, 312, 256
-0.997848, 89, 273, 120, 336
-0.997848, 97, 81, 352, 144
-0.997848, 203, 209, 218, 240
-0.997849, 231, 165, 246, 196
-0.997851, 117, 249, 132, 312
-0.997852, 251, 129, 266, 192
-0.99786, 239, 169, 254, 232
-0.997863, 97, 177, 224, 208
-0.997863, 379, 233, 394, 296
-0.997866, 245, 161, 260, 192
-0.997874, 317, 209, 348, 272
-0.997878, 149, 273, 180, 336
-0.99788, 145, 17, 272, 80
-0.997882, 33, 241, 160, 272
-0.9979, 111, 249, 126, 312
-0.997902, 311, 241, 326, 304
-0.997905, 257, 165, 384, 196
-0.997907, 427, 1, 442, 64
-0.997915, 161, 161, 288, 192
-0.997941, 13, 265, 28, 328
-0.997946, 191, 205, 206, 236
-0.997951, 97, 233, 224, 264
-0.997958, 199, 197, 214, 228
-0.997958, 7, 265, 22, 328
-0.997962, 81, 245, 208, 276
-0.997963, 295, 129, 310, 192
-0.997967, 279, 193, 294, 256
-0.997968, 1, 81, 256, 144
-0.997983, 273, 73, 400, 136
-0.997986, 53, 273, 68, 304
-0.997989, 269, 249, 284, 312
-0.997991, 191, 189, 206, 220
-0.998004, 237, 257, 252, 320
-0.998007, 59, 273, 74, 304
-0.998007, 125, 113, 156, 240
-0.998008, 15, 273, 30, 304
-0.998016, 409, 97, 472, 224
-0.99802, 207, 145, 222, 208
-0.998024, 273, 229, 400, 260
-0.998027, 1, 233, 500, 296
-0.998035, 277, 241, 292, 304
-0.99804, 161, 133, 288, 164
-0.998041, 131, 217, 146, 280
-0.998043, 265, 97, 296, 352
-0.998046, 47, 273, 62, 304
-0.998049, 225, 229, 352, 260
-0.998051, 257, 257, 272, 320
-0.998052, 251, 157, 266, 188
-0.998067, 225, 273, 480, 336
-0.998067, 285, 177, 300, 240
-0.998071, 207, 193, 222, 224
-0.998078, 49, 193, 176, 224
-0.998084, 97, 9, 224, 40
-0.998092, 353, 233, 368, 296
-0.998093, 65, 273, 128, 288
-0.998095, 299, 169, 314, 232
-0.998099, 177, 129, 208, 256
-0.998109, 113, 263, 176, 278
-0.998111, 1, 121, 500, 184
-0.998113, 153, 259, 216, 274
-0.998115, 203, 169, 218, 200
-0.998115, 159, 265, 174, 328
-0.998117, 245, 169, 260, 232
-0.998119, 185, 161, 200, 224
-0.998119, 253, 97, 284, 352
-0.998126, 37, 273, 52, 304
-0.998126, 211, 121, 226, 184
-0.998128, 305, 13, 432, 44
-0.998129, 3, 273, 18, 304
-0.998131, 183, 193, 198, 224
-0.998133, 67, 241, 82, 304
-0.998137, 95, 249, 110, 312
-0.998139, 209, 97, 240, 352
-0.998143, 61, 241, 76, 304
-0.99815, 221, 149, 236, 180
-0.998151, 129, 273, 160, 336
-0.998153, 233, 153, 248, 184
-0.99816, 67, 265, 82, 328
-0.998167, 25, 273, 40, 304
-0.998169, 347, 233, 362, 296
-0.998172, 311, 189, 326, 220
-0.998176, 253, 209, 268, 272
-0.99818, 17, 229, 144, 260
-0.998188, 241, 241, 368, 272
-0.99819, 209, 205, 224, 236
-0.998196, 31, 273, 46, 304
-0.998197, 49, 281, 176, 312
-0.998199, 165, 265, 180, 328
-0.998203, 217, 173, 232, 204
-0.998205, 177, 233, 304, 264
-0.99821, 273, 1, 400, 32
-0.998211, 3, 241, 18, 304
-0.998214, 399, 233, 414, 296
-0.998217, 113, 137, 240, 168
-0.998218, 241, 97, 272, 224
-0.998219, 33, 161, 160, 192
-0.998222, 187, 253, 202, 284
-0.998222, 337, 229, 464, 260
-0.998231, 83, 269, 98, 300
-0.998231, 225, 161, 240, 192
-0.998237, 197, 253, 212, 284
-0.998237, 89, 269, 152, 284
-0.998238, 193, 261, 256, 276
-0.998248, 73, 241, 88, 304
-0.998248, 225, 97, 256, 352
-0.998249, 197, 177, 212, 208
-0.99826, 241, 261, 256, 292
-0.998261, 257, 141, 272, 172
-0.998262, 1, 285, 128, 316
-0.998265, 83, 249, 98, 312
-0.998267, 249, 241, 264, 304
-0.998271, 411, 233, 426, 296
-0.998291, 211, 181, 226, 212
-0.998292, 65, 273, 80, 304
-0.998293, 369, 29, 496, 60
-0.998294, 389, 241, 404, 304
-0.998297, 271, 193, 286, 256
-0.998302, 291, 257, 306, 288
-0.998304, 181, 253, 196, 284
-0.998307, 33, 73, 160, 136
-0.998311, 103, 265, 118, 296
-0.998314, 121, 225, 136, 288
-0.998316, 369, 1, 496, 32
-0.998318, 251, 177, 266, 240
-0.998321, 177, 217, 192, 280
-0.998329, 217, 185, 232, 216
-0.99833, 191, 161, 206, 224
-0.998331, 239, 157, 254, 188
-0.998337, 223, 177, 238, 208
-0.998337, 241, 97, 272, 352
-0.998339, 439, 9, 454, 72
-0.998339, 241, 181, 368, 212
-0.998341, 105, 169, 136, 232
-0.998342, 263, 233, 278, 296
-0.998342, 1, 275, 64, 290
-0.998342, 271, 137, 286, 168
-0.998343, 261, 261, 276, 292
-0.998343, 213, 33, 244, 96
-0.998347, 89, 265, 104, 296
-0.998347, 285, 201, 300, 264
-0.998348, 131, 185, 146, 248
-0.998354, 261, 153, 276, 184
-0.998356, 197, 253, 228, 268
-0.998356, 337, 161, 464, 192
-0.998356, 193, 189, 224, 204
-0.998356, 33, 265, 64, 328
-0.998357, 49, 1, 176, 32
-0.998359, 41, 269, 72, 284
-0.998359, 117, 261, 148, 276
-0.998359, 17, 285, 48, 300
-0.99836, 261, 151, 292, 166
-0.99836, 33, 205, 160, 236
-0.99836, 1, 267, 32, 282
-0.998361, 1, 285, 32, 300
-0.998363, 197, 271, 228, 286
-0.998363, 237, 259, 268, 274
-0.998364, 77, 273, 92, 304
-0.998365, 101, 263, 132, 278
-0.998366, 181, 187, 212, 202
-0.998367, 261, 161, 292, 224
-0.998368, 205, 141, 236, 156
-0.998369, 225, 141, 256, 156
-0.998369, 333, 183, 364, 198
-0.998371, 373, 243, 404, 258
-0.998372, 281, 259, 344, 274
-0.998372, 417, 239, 448, 254
-0.998373, 185, 183, 248, 198
-0.998374, 169, 271, 200, 286
-0.998375, 141, 257, 172, 272
-0.998375, 165, 207, 196, 222
-0.998377, 313, 261, 344, 276
-0.998377, 25, 275, 88, 290
-0.998377, 213, 267, 244, 282
-0.998378, 213, 215, 244, 230
-0.998378, 259, 185, 274, 248
-0.998379, 397, 243, 428, 258
-0.99838, 217, 161, 232, 192
-0.998381, 225, 179, 256, 194
-0.998381, 241, 219, 272, 234
-0.998382, 321, 187, 352, 202
-0.998385, 233, 265, 296, 280
-0.998385, 301, 265, 332, 328
-0.998385, 181, 253, 212, 268
-0.998385, 89, 265, 120, 280
-0.998386, 323, 233, 338, 296
-0.998388, 189, 225, 220, 240
-0.998388, 77, 267, 108, 282
-0.998389, 313, 121, 328, 184
-0.998389, 253, 169, 284, 184
-0.998389, 225, 219, 256, 234
-0.99839, 273, 257, 304, 272
-0.99839, 161, 255, 192, 270
-0.998391, 29, 281, 60, 296
-0.998392, 65, 269, 96, 284
-0.998395, 225, 185, 256, 200
-0.998395, 225, 269, 256, 284
-0.998395, 231, 249, 246, 280
-0.998396, 281, 205, 312, 220
-0.998397, 293, 143, 324, 158
-0.998398, 237, 151, 268, 166
-0.998398, 197, 213, 212, 244
-0.998399, 33, 149, 160, 180
-0.9984, 257, 213, 288, 228
-0.998401, 213, 201, 244, 216
-0.998401, 289, 187, 320, 202
-0.998402, 225, 9, 352, 72
-0.998402, 181, 271, 212, 286
-0.998403, 325, 175, 356, 190
-0.998404, 205, 161, 236, 176
-0.998406, 261, 145, 292, 160
-0.998406, 341, 255, 372, 270
-0.998406, 203, 253, 218, 284
-0.998407, 97, 77, 224, 108
-0.998407, 77, 279, 108, 294
-0.998407, 237, 145, 268, 160
-0.99841, 213, 153, 244, 168
-0.998413, 281, 139, 312, 154
-0.998414, 229, 171, 260, 186
-0.998415, 269, 209, 300, 224
-0.998415, 235, 261, 250, 292
-0.998417, 53, 269, 84, 284
-0.998418, 185, 219, 216, 234
-0.998419, 261, 269, 292, 284
-0.998423, 297, 261, 328, 276
-0.998424, 205, 207, 236, 222
-0.998424, 93, 225, 124, 288
-0.998425, 389, 249, 420, 264
-0.998425, 177, 213, 208, 228
-0.998428, 281, 265, 312, 280
-0.998429, 65, 281, 96, 296
-0.998429, 41, 281, 72, 296
-0.998429, 97, 269, 112, 300
-0.998431, 225, 257, 240, 320
-0.998431, 433, 1, 448, 64
-0.998433, 353, 255, 384, 270
-0.998435, 227, 149, 242, 180
-0.998435, 175, 253, 190, 284
-0.998436, 273, 105, 288, 168
-0.998437, 225, 147, 256, 162
-0.998438, 205, 167, 236, 182
-0.998439, 241, 157, 272, 172
-0.99844, 157, 267, 188, 282
-0.99844, 17, 241, 32, 304
-0.99844, 55, 241, 70, 304
-0.998442, 205, 193, 236, 208
-0.998442, 169, 199, 232, 214
-0.998443, 251, 169, 266, 200
-0.998443, 129, 241, 144, 304
-0.998447, 189, 265, 220, 280
-0.998448, 249, 145, 280, 160
-0.99845, 249, 139, 280, 154
-0.99845, 269, 137, 300, 152
-0.998452, 169, 265, 200, 280
-0.998453, 373, 253, 404, 268
-0.998453, 327, 161, 342, 224
-0.998453, 305, 209, 432, 240
-0.998453, 309, 191, 340, 206
-0.998453, 249, 151, 280, 166
-0.998454, 329, 257, 360, 272
-0.998457, 205, 265, 220, 328
-0.998457, 297, 199, 328, 214
-0.998458, 249, 261, 280, 276
-0.99846, 353, 253, 480, 284
-0.998461, 201, 265, 232, 280
-0.998461, 197, 177, 228, 192
-0.998462, 193, 205, 224, 220
-0.998463, 309, 255, 340, 270
-0.998463, 357, 161, 388, 224
-0.998464, 177, 199, 208, 214
-0.998464, 17, 17, 144, 48
-0.998465, 241, 169, 272, 184
-0.998466, 319, 137, 334, 200
-0.998468, 417, 233, 432, 296
-0.998468, 71, 269, 86, 300
-0.998469, 201, 223, 232, 238
-0.998471, 253, 163, 284, 178
-0.998472, 97, 73, 224, 136
-0.998472, 197, 153, 212, 216
-0.998476, 405, 233, 420, 296
-0.998477, 89, 241, 104, 304
-0.99848, 209, 267, 272, 282
-0.998482, 357, 257, 372, 320
-0.998484, 219, 217, 234, 248
-0.998486, 17, 279, 48, 294
-0.998488, 1, 9, 500, 72
-0.998488, 213, 185, 244, 200
-0.998493, 53, 281, 84, 296
-0.998495, 305, 149, 432, 180
-0.998497, 113, 125, 240, 156
-0.998497, 185, 221, 248, 236
-0.998499, 25, 273, 56, 288
-0.9985, 209, 177, 240, 192
-0.998501, 225, 65, 352, 96
-0.998502, 197, 213, 228, 228
-0.998505, 213, 221, 228, 252
-0.998506, 217, 165, 248, 180
-0.998507, 113, 267, 144, 282
-0.998507, 229, 137, 244, 168
-0.998507, 33, 177, 160, 208
-0.998507, 353, 105, 480, 168
-0.998507, 49, 279, 112, 294
-0.998507, 97, 25, 224, 56
-0.998513, 1, 145, 500, 208
-0.998516, 1, 279, 32, 294
-0.998517, 237, 249, 252, 280
-0.998518, 181, 193, 212, 208
-0.99852, 201, 259, 232, 274
-0.998523, 285, 257, 300, 288
-0.998524, 243, 145, 258, 176
-0.998524, 213, 221, 244, 236
-0.998524, 17, 217, 48, 280
-0.998525, 177, 207, 208, 222
-0.998529, 297, 255, 328, 270
-0.99853, 193, 183, 224, 198
-0.998533, 129, 263, 160, 278
-0.998535, 189, 259, 220, 274
-0.998536, 231, 221, 246, 252
-0.998538, 125, 105, 156, 168
-0.998541, 215, 205, 230, 236
-0.998542, 13, 273, 44, 288
-0.998544, 217, 159, 248, 174
-0.998546, 101, 269, 132, 284
-0.998548, 301, 245, 316, 276
-0.99855, 37, 275, 68, 290
-0.998551, 213, 261, 244, 276
-0.998554, 217, 165, 280, 180
-0.998558, 197, 199, 228, 214
-0.998561, 137, 265, 200, 280
-0.998564, 321, 29, 448, 60
-0.998564, 249, 267, 280, 282
-0.998566, 229, 165, 260, 180
-0.998572, 201, 225, 216, 256
-0.998572, 241, 163, 272, 178
-0.998573, 269, 263, 300, 278
-0.998575, 53, 275, 84, 290
-0.998577, 229, 159, 260, 174
-0.99858, 247, 261, 262, 292
-0.998582, 237, 265, 268, 280
-0.998583, 97, 57, 224, 88
-0.998584, 185, 207, 248, 222
-0.998584, 109, 261, 124, 292
-0.998585, 289, 77, 416, 108
-0.998588, 319, 249, 334, 280
-0.998588, 233, 65, 264, 128
-0.998592, 225, 89, 352, 120
-0.998595, 177, 259, 208, 274
-0.9986, 141, 263, 172, 278
-0.998604, 65, 275, 96, 290
-0.998605, 89, 271, 120, 286
-0.998605, 225, 49, 352, 80
-0.998605, 273, 265, 400, 296
-0.998606, 1, 273, 32, 288
-0.998608, 305, 193, 320, 224
-0.998608, 297, 257, 312, 288
-0.998611, 461, 209, 492, 336
-0.998611, 285, 259, 316, 274
-0.998612, 309, 149, 324, 180
-0.998614, 225, 217, 240, 248
-0.998615, 1, 81, 500, 144
-0.998616, 249, 139, 312, 154
-0.998616, 369, 49, 496, 80
-0.998617, 265, 141, 280, 172
-0.998618, 157, 261, 188, 276
-0.998619, 287, 245, 302, 276
-0.998619, 267, 261, 282, 292
-0.99862, 145, 25, 272, 56
-0.998624, 225, 263, 256, 278
-0.998627, 211, 161, 226, 192
-0.998627, 313, 245, 328, 276
-0.998629, 97, 41, 224, 72
-0.998629, 33, 109, 160, 140
-0.998632, 147, 257, 162, 288
-0.998632, 209, 125, 336, 156
-0.998635, 209, 159, 272, 174
-0.99864, 121, 253, 136, 284
-0.998643, 49, 73, 176, 104
-0.998643, 77, 273, 108, 288
-0.998649, 211, 253, 226, 284
-0.998653, 279, 257, 294, 288
-0.998653, 193, 199, 256, 214
-0.998656, 197, 265, 212, 296
-0.998656, 257, 259, 320, 274
-0.998657, 321, 197, 448, 228
-0.99866, 209, 221, 272, 236
-0.998662, 251, 141, 266, 172
-0.998663, 191, 265, 206, 296
-0.998668, 17, 217, 144, 248
-0.998668, 273, 93, 400, 124
-0.998672, 207, 221, 222, 252
-0.998681, 17, 89, 144, 120
-0.998683, 361, 253, 424, 268
-0.998685, 223, 133, 238, 164
-0.998689, 169, 265, 232, 280
-0.998691, 169, 253, 184, 284
-0.998694, 353, 185, 480, 216
-0.9987, 153, 205, 216, 220
-0.9987, 185, 265, 200, 296
-0.9987, 305, 257, 368, 272
-0.998702, 155, 261, 170, 292
-0.998705, 161, 121, 288, 152
-0.998709, 225, 101, 352, 132
-0.99871, 235, 141, 250, 172
-0.998711, 33, 133, 160, 164
-0.998713, 299, 141, 314, 172
-0.998716, 139, 257, 154, 288
-0.998718, 353, 217, 480, 248
-0.998718, 255, 261, 270, 292
-0.99872, 17, 53, 144, 84
-0.998721, 329, 255, 392, 270
-0.998722, 33, 37, 160, 68
-0.998724, 297, 201, 312, 232
-0.998724, 273, 57, 400, 88
-0.998729, 225, 143, 288, 158
-0.99873, 331, 249, 346, 280
-0.998731, 203, 265, 218, 296
-0.998735, 421, 1, 452, 128
-0.998737, 97, 93, 224, 124
-0.998741, 15, 261, 30, 292
-0.998742, 179, 209, 194, 240
-0.998744, 257, 265, 320, 280
-0.998746, 185, 209, 200, 240
-0.99875, 25, 281, 88, 296
-0.99876, 115, 261, 130, 292
-0.998763, 127, 249, 142, 280
-0.998769, 225, 13, 352, 44
-0.99877, 307, 249, 322, 280
-0.998773, 193, 37, 320, 68
-0.998777, 339, 173, 354, 204
-0.998779, 177, 193, 240, 208
-0.998783, 305, 105, 432, 136
-0.998786, 69, 217, 100, 280
-0.998789, 225, 113, 352, 144
-0.998789, 209, 265, 224, 296
-0.998794, 209, 1, 272, 128
-0.9988, 97, 113, 224, 144
-0.998803, 237, 169, 252, 200
-0.998803, 223, 249, 238, 280
-0.998807, 349, 249, 364, 280
-0.998808, 177, 265, 192, 296
-0.998812, 273, 117, 400, 148
-0.998813, 225, 77, 352, 108
-0.998816, 297, 195, 360, 210
-0.998817, 1, 193, 128, 224
-0.998822, 229, 261, 244, 292
-0.998824, 273, 203, 336, 218
-0.99883, 273, 261, 288, 292
-0.998832, 205, 181, 220, 212
-0.998837, 209, 179, 272, 194
-0.998839, 325, 253, 340, 284
-0.998839, 357, 253, 372, 284
-0.998841, 217, 253, 232, 284
-0.998841, 429, 25, 460, 88
-0.998843, 113, 113, 144, 176
-0.998844, 265, 145, 328, 160
-0.998844, 133, 257, 148, 288
-0.998845, 145, 37, 272, 68
-0.998847, 333, 177, 348, 208
-0.998849, 229, 181, 244, 212
-0.998849, 341, 249, 356, 280
-0.99885, 145, 65, 272, 96
-0.998854, 353, 113, 480, 144
-0.998854, 209, 171, 272, 186
-0.99886, 161, 219, 224, 234
-0.998863, 145, 53, 272, 84
-0.998866, 161, 257, 176, 288
-0.998866, 103, 253, 118, 284
-0.998869, 185, 177, 248, 192
-0.99887, 279, 133, 294, 164
-0.998875, 225, 259, 288, 274
-0.998877, 193, 213, 256, 228
-0.998882, 145, 1, 272, 32
-0.998884, 33, 269, 96, 284
-0.998886, 5, 261, 20, 292
-0.998887, 193, 165, 256, 180
-0.998889, 145, 77, 272, 108
-0.998889, 289, 137, 304, 168
-0.998889, 397, 245, 412, 276
-0.998891, 21, 261, 36, 292
-0.998891, 287, 205, 302, 236
-0.998893, 17, 121, 144, 152
-0.998893, 353, 265, 480, 296
-0.998894, 257, 165, 272, 196
-0.998896, 177, 271, 240, 286
-0.998896, 127, 265, 142, 296
-0.998898, 261, 129, 276, 160
-0.998899, 241, 217, 256, 248
-0.9989, 39, 261, 54, 292
-0.998904, 97, 149, 224, 180
-0.998909, 153, 271, 216, 286
-0.998913, 249, 165, 312, 180
-0.998914, 113, 269, 176, 284
-0.99892, 1, 5, 128, 36
-0.998921, 65, 221, 192, 252
-0.998923, 209, 149, 272, 164
-0.998924, 145, 13, 272, 44
-0.998935, 1, 269, 64, 284
-0.998936, 265, 209, 328, 224
-0.998937, 5, 193, 36, 256
-0.99894, 233, 217, 296, 232
-0.998953, 429, 249, 460, 312
-0.998954, 297, 189, 360, 204
-0.998965, 145, 109, 272, 140
-0.998968, 353, 85, 480, 116
-0.998972, 233, 153, 296, 168
-0.998973, 385, 249, 448, 264
-0.998975, 337, 245, 400, 260
-0.998977, 209, 185, 272, 200
-0.99898, 225, 25, 352, 56
-0.998981, 153, 213, 216, 228
-0.998981, 213, 89, 244, 152
-0.998983, 177, 159, 240, 174
-0.998983, 145, 195, 208, 210
-0.998985, 329, 181, 392, 196
-0.998995, 353, 141, 480, 172
-0.998999, 369, 173, 496, 204
-0.999, 1, 285, 64, 300
-0.999008, 353, 125, 480, 156
-0.999012, 201, 193, 264, 208
-0.999017, 145, 97, 272, 128
-0.999019, 161, 177, 224, 192
-0.999029, 197, 97, 228, 352
-0.999037, 249, 159, 312, 174
-0.999038, 185, 171, 248, 186
-0.999038, 281, 253, 344, 268
-0.99904, 257, 151, 320, 166
-0.999045, 385, 243, 448, 258
-0.999047, 177, 255, 240, 270
-0.999048, 65, 267, 128, 282
-0.999053, 353, 101, 480, 132
-0.999061, 177, 153, 240, 168
-0.999066, 273, 33, 400, 64
-0.999066, 297, 173, 360, 188
-0.999066, 465, 33, 496, 96
-0.999068, 193, 277, 320, 308
-0.999074, 361, 177, 392, 304
-0.999077, 221, 145, 236, 272
-0.999087, 201, 143, 264, 158
-0.999093, 209, 205, 272, 220
-0.999096, 225, 137, 288, 152
-0.9991, 257, 193, 320, 208
-0.999104, 409, 239, 472, 254
-0.999108, 153, 189, 216, 204
-0.99911, 305, 239, 368, 254
-0.999118, 249, 171, 312, 186
-0.999125, 233, 211, 296, 226
-0.999126, 233, 203, 296, 218
-0.999128, 185, 227, 248, 242
-0.999134, 281, 167, 344, 182
-0.999139, 241, 271, 304, 286
-0.999139, 273, 161, 336, 176
-0.99914, 337, 175, 400, 190
-0.999144, 433, 237, 496, 252
-0.999145, 209, 249, 272, 264
-0.999146, 113, 255, 176, 270
-0.99915, 89, 263, 152, 278
-0.999151, 311, 177, 326, 304
-0.999161, 297, 201, 360, 216
-0.999161, 297, 247, 360, 262
-0.999165, 25, 287, 88, 302
-0.999167, 137, 253, 200, 268
-0.999169, 73, 279, 136, 294
-0.999171, 329, 261, 392, 276
-0.999177, 227, 177, 242, 304
-0.999178, 281, 239, 344, 254
-0.999179, 401, 19, 464, 34
-0.999182, 321, 165, 384, 180
-0.999182, 289, 193, 304, 320
-0.999184, 129, 207, 192, 222
-0.999184, 289, 135, 352, 150
-0.999192, 145, 183, 208, 198
-0.999194, 265, 133, 328, 148
-0.999196, 321, 187, 384, 202
-0.999196, 297, 183, 360, 198
-0.999196, 121, 201, 184, 216
-0.999197, 201, 273, 264, 288
-0.9992, 161, 225, 224, 240
-0.999202, 305, 177, 320, 304
-0.999203, 283, 209, 298, 336
-0.999203, 297, 141, 360, 156
-0.999205, 81, 239, 144, 254
-0.999207, 353, 13, 416, 28
-0.999207, 191, 177, 206, 304
-0.999209, 369, 237, 432, 252
-0.999214, 433, 49, 496, 176
-0.999214, 73, 281, 88, 296
-0.999215, 253, 147, 268, 162
-0.999217, 209, 179, 224, 194
-0.999217, 49, 281, 64, 296
-0.999218, 225, 243, 288, 258
-0.999222, 251, 261, 266, 276
-0.999225, 369, 215, 432, 230
-0.999225, 221, 65, 252, 192
-0.999226, 309, 129, 324, 256
-0.999226, 189, 265, 204, 280
-0.999228, 177, 145, 240, 160
-0.999228, 155, 267, 170, 282
-0.999229, 337, 81, 464, 144
-0.99923, 257, 129, 272, 256
-0.999231, 305, 227, 368, 242
-0.999232, 353, 259, 416, 274
-0.999234, 257, 185, 320, 200
-0.999234, 233, 177, 248, 304
-0.999239, 81, 233, 144, 248
-0.99924, 305, 151, 368, 166
-0.99924, 191, 193, 206, 208
-0.999241, 311, 195, 326, 210
-0.999241, 233, 155, 248, 170
-0.999242, 193, 137, 256, 152
-0.999244, 295, 193, 310, 320
-0.999245, 339, 255, 354, 270
-0.999245, 89, 255, 152, 270
-0.999246, 361, 247, 424, 262
-0.999247, 237, 225, 252, 352
-0.999248, 225, 227, 288, 242
-0.999248, 261, 143, 276, 158
-0.99925, 95, 275, 110, 290
-0.999251, 281, 155, 344, 170
-0.999253, 195, 265, 210, 280
-0.999256, 1, 281, 500, 344
-0.999257, 369, 201, 432, 216
-0.999257, 305, 263, 368, 278
-0.999257, 271, 143, 286, 158
-0.999258, 257, 215, 320, 230
-0.999258, 185, 243, 248, 258
-0.999259, 303, 199, 318, 214
-0.999261, 273, 25, 400, 88
-0.999261, 217, 193, 232, 320
-0.999262, 273, 193, 288, 320
-0.999263, 207, 169, 222, 184
-0.999265, 409, 25, 472, 40
-0.999266, 297, 141, 312, 156
-0.99927, 89, 277, 104, 292
-0.999277, 441, 209, 472, 336
-0.999277, 315, 255, 330, 270
-0.999277, 249, 155, 264, 170
-0.999279, 271, 135, 286, 150
-0.99928, 303, 129, 318, 256
-0.99928, 199, 161, 214, 288
-0.999286, 179, 265, 194, 280
-0.999291, 177, 89, 304, 152
-0.999291, 227, 129, 242, 256
-0.999293, 215, 177, 230, 192
-0.999294, 317, 177, 332, 304
-0.999294, 377, 253, 392, 268
-0.999296, 265, 149, 280, 164
-0.999296, 233, 113, 248, 240
-0.999298, 201, 265, 216, 280
-0.999299, 231, 225, 246, 352
-0.999301, 227, 183, 242, 198
-0.999305, 333, 255, 348, 270
-0.999307, 289, 255, 304, 270
-0.999311, 257, 167, 272, 182
-0.999312, 207, 265, 222, 280
-0.999313, 297, 203, 312, 218
-0.999314, 55, 281, 70, 296
-0.999316, 297, 129, 312, 256
-0.999317, 181, 201, 196, 216
-0.999319, 219, 219, 234, 234
-0.999322, 213, 265, 228, 280
-0.999323, 213, 171, 228, 186
-0.999325, 185, 191, 200, 206
-0.999326, 251, 161, 266, 288
-0.999328, 221, 131, 236, 146
-0.999329, 267, 113, 282, 240
-0.99933, 259, 151, 274, 166
-0.999333, 161, 145, 192, 272
-0.999334, 205, 225, 220, 240
-0.999337, 203, 225, 218, 352
-0.99934, 303, 145, 318, 160
-0.99934, 209, 145, 224, 272
-0.999341, 213, 185, 228, 200
-0.999342, 397, 247, 412, 262
-0.999346, 225, 219, 240, 234
-0.999352, 265, 193, 280, 320
-0.999355, 221, 153, 236, 168
-0.999357, 197, 209, 212, 336
-0.999363, 313, 225, 328, 352
-0.999363, 217, 163, 232, 178
-0.999364, 251, 209, 266, 336
-0.999366, 323, 145, 338, 272
-0.999366, 243, 129, 258, 256
-0.999367, 309, 255, 324, 270
-0.999368, 315, 129, 330, 256
-0.999369, 125, 97, 156, 352
-0.99937, 127, 225, 142, 352
-0.999371, 215, 145, 230, 272
-0.999372, 321, 97, 352, 352
-0.999373, 305, 225, 320, 352
-0.999375, 259, 209, 274, 336
-0.999377, 289, 129, 304, 256
-0.999378, 209, 207, 224, 222
-0.999379, 185, 161, 200, 288
-0.999382, 231, 221, 246, 236
-0.999384, 79, 279, 94, 294
-0.999384, 225, 225, 240, 352
-0.999385, 181, 209, 196, 336
-0.999388, 211, 193, 226, 320
-0.999391, 173, 265, 188, 280
-0.999394, 127, 265, 142, 280
-0.999395, 67, 281, 82, 296
-0.999396, 245, 209, 260, 336
-0.999398, 201, 211, 216, 226
-0.999403, 305, 97, 336, 352
-0.999406, 121, 265, 136, 280
-0.999409, 241, 159, 256, 174
-0.999411, 245, 171, 260, 186
-0.999411, 223, 167, 238, 182
-0.999413, 193, 187, 208, 202
-0.999416, 25, 279, 40, 294
-0.999416, 277, 113, 292, 240
-0.999418, 221, 177, 236, 192
-0.99942, 181, 97, 212, 352
-0.999421, 113, 267, 128, 282
-0.999426, 211, 223, 226, 238
-0.999429, 61, 281, 76, 296
-0.999435, 109, 225, 124, 352
-0.999439, 167, 265, 182, 280
-0.999451, 281, 161, 296, 288
-0.999455, 387, 249, 402, 264
-0.999456, 401, 1, 432, 128
-0.999462, 321, 255, 336, 270
-0.999462, 327, 255, 342, 270
-0.999467, 211, 259, 226, 274
-0.99947, 121, 225, 136, 352
-0.99948, 89, 225, 104, 352
-0.99948, 403, 1, 418, 128
-0.99948, 133, 225, 148, 352
-0.999481, 103, 225, 118, 352
-0.999481, 115, 225, 130, 352
-0.999482, 311, 189, 326, 204
-0.999484, 31, 279, 46, 294
-0.999484, 19, 225, 34, 352
-0.999484, 65, 225, 80, 352
-0.999485, 189, 225, 204, 352
-0.999485, 235, 167, 250, 182
-0.999486, 153, 225, 168, 352
-0.99949, 251, 113, 266, 240
-0.999495, 135, 263, 150, 278
-0.999496, 373, 209, 388, 336
-0.999498, 163, 225, 178, 352
-0.999499, 17, 279, 32, 294
-0.999502, 95, 225, 110, 352
-0.999503, 227, 81, 242, 208
-0.999505, 261, 137, 276, 152
-0.999506, 283, 113, 298, 240
-0.999508, 27, 225, 42, 352
-0.999508, 33, 273, 48, 288
-0.999509, 239, 177, 254, 304
-0.999511, 131, 177, 146, 304
-0.999512, 451, 1, 466, 128
-0.999512, 201, 113, 216, 240
-0.999512, 83, 225, 98, 352
-0.999513, 363, 225, 378, 352
-0.999518, 371, 1, 386, 128
-0.99952, 187, 209, 202, 224
-0.999521, 319, 225, 334, 352
-0.999522, 227, 159, 242, 174
-0.999523, 347, 209, 362, 336
-0.999527, 303, 255, 318, 270
-0.999527, 51, 225, 66, 352
-0.999529, 75, 225, 90, 352
-0.999532, 393, 225, 408, 352
-0.999534, 169, 225, 184, 352
-0.999535, 179, 161, 194, 288
-0.999537, 219, 261, 234, 276
-0.999538, 1, 225, 16, 352
-0.999538, 355, 209, 370, 336
-0.999539, 13, 225, 28, 352
-0.999539, 147, 225, 162, 352
-0.99954, 205, 259, 220, 274
-0.999541, 59, 225, 74, 352
-0.999542, 131, 97, 146, 224
-0.999543, 161, 49, 224, 176
-0.999543, 339, 209, 354, 336
-0.999543, 175, 225, 190, 352
-0.999545, 125, 177, 140, 304
-0.999547, 7, 225, 22, 352
-0.999548, 45, 225, 60, 352
-0.99955, 27, 273, 42, 288
-0.999557, 191, 129, 206, 256
-0.999559, 233, 65, 248, 192
-0.999559, 441, 1, 456, 128
-0.99956, 397, 1, 412, 128
-0.999565, 211, 97, 226, 224
-0.999565, 333, 161, 348, 288
-0.999566, 199, 201, 214, 216
-0.999566, 39, 225, 54, 352
-0.999566, 431, 1, 446, 128
-0.999567, 221, 97, 236, 224
-0.999569, 221, 183, 236, 198
-0.99957, 401, 225, 416, 352
-0.99957, 139, 225, 154, 352
-0.999572, 39, 275, 54, 290
-0.999576, 245, 81, 260, 208
-0.999577, 277, 1, 308, 256
-0.99958, 379, 209, 394, 336
-0.99958, 387, 225, 402, 352
-0.999581, 271, 263, 286, 278
-0.999589, 333, 209, 348, 336
-0.999592, 407, 225, 422, 352
-0.999593, 33, 225, 48, 352
-0.999595, 419, 209, 434, 336
-0.999597, 141, 263, 156, 278
-0.999597, 413, 209, 428, 336
-0.999598, 11, 279, 26, 294
-0.999598, 381, 1, 396, 128
-0.9996, 327, 209, 342, 336
-0.999605, 19, 273, 34, 288
-0.999609, 457, 209, 472, 336
-0.99961, 3, 279, 18, 294
-0.999612, 203, 175, 218, 190
-0.999612, 261, 81, 276, 208
-0.999614, 463, 209, 478, 336
-0.999616, 131, 49, 146, 176
-0.999617, 315, 81, 330, 208
-0.999617, 253, 161, 268, 176
-0.999617, 107, 267, 122, 282
-0.999618, 427, 209, 442, 336
-0.999618, 387, 1, 402, 128
-0.999621, 125, 113, 140, 240
-0.999626, 365, 1, 380, 128
-0.999629, 291, 81, 306, 208
-0.999629, 205, 195, 220, 210
-0.99963, 409, 1, 424, 128
-0.99963, 439, 209, 454, 336
-0.999631, 49, 275, 64, 290
-0.999636, 239, 81, 254, 208
-0.999638, 271, 65, 286, 192
-0.999639, 173, 259, 188, 274
-0.99964, 445, 225, 460, 352
-0.999641, 185, 259, 200, 274
-0.999646, 235, 161, 250, 176
-0.999651, 131, 1, 146, 128
-0.999652, 321, 97, 336, 224
-0.999653, 297, 259, 312, 274
-0.999654, 147, 263, 162, 278
-0.999657, 433, 225, 448, 352
-0.999658, 339, 161, 354, 288
-0.999659, 279, 65, 294, 192
-0.999659, 11, 177, 26, 304
-0.99966, 231, 263, 246, 278
-0.999662, 399, 177, 414, 304
-0.999663, 199, 259, 214, 274
-0.999665, 225, 261, 240, 276
-0.999668, 301, 1, 332, 256
-0.99967, 179, 259, 194, 274
-0.999675, 233, 1, 264, 256
-0.999684, 369, 49, 432, 176
-0.999685, 279, 261, 294, 276
-0.999685, 261, 265, 276, 280
-0.999704, 167, 259, 182, 274
-0.99971, 193, 259, 208, 274
-0.999715, 257, 281, 384, 344
-0.999725, 193, 205, 208, 220
-0.999733, 57, 275, 72, 290
-0.999737, 453, 1, 484, 256
-0.999739, 229, 165, 244, 180
-0.99974, 9, 177, 40, 304
-0.999748, 97, 269, 112, 284
-0.999769, 153, 261, 168, 276
-0.999773, 129, 281, 256, 344
-0.999774, 289, 261, 304, 276
-0.999808, 251, 267, 266, 282
-0.99981, 251, 167, 266, 182
-0.999818, 369, 289, 496, 352
-0.99982, 177, 281, 304, 344
-0.999821, 63, 275, 78, 290
-0.999823, 83, 273, 98, 288
-0.999823, 161, 261, 176, 276
-0.999832, 89, 271, 104, 286
-0.999843, 1, 289, 128, 352
-0.999855, 237, 263, 252, 278
-0.999865, 437, 1, 468, 256
-0.999866, 71, 275, 86, 290
-0.999891, 245, 265, 260, 280
-0.999892, 13, 273, 28, 288
-0.999893, 77, 273, 92, 288
-0.999915, 261, 1, 292, 256
-0.99992, 245, 165, 260, 180
-0.999929, 1, 41, 500, 104
-0.999946, 209, 1, 240, 256
-0.999947, 1, 273, 16, 288
-0.999959, 105, 97, 136, 352
-0.999967, 369, 129, 496, 192
-0.999972, 17, 1, 80, 128
-1.00004, 81, 289, 208, 352
-1.00004, 397, 1, 428, 256
-1.00007, 7, 273, 22, 288
-1.00011, 189, 1, 220, 256
-1.00012, 425, 1, 456, 256
-1.00016, 353, 1, 384, 256
-1.00017, 289, 1, 320, 256
-1.00018, 25, 97, 88, 224
-1.0002, 41, 49, 104, 176
-1.00025, 409, 1, 440, 256
-1.00025, 465, 1, 496, 256
-1.00028, 169, 97, 200, 352
-1.00031, 445, 97, 476, 352
-1.00034, 161, 1, 224, 128
-1.00037, 345, 97, 376, 352
-1.0004, 245, 1, 276, 256
-1.00041, 305, 281, 432, 344
-1.00042, 321, 33, 448, 96
-1.00044, 125, 1, 156, 256
-1.00046, 313, 1, 344, 256
-1.00046, 409, 97, 440, 352
-1.00051, 137, 97, 168, 352
-1.00053, 433, 97, 464, 352
-1.00055, 337, 57, 464, 120
-1.00055, 157, 97, 188, 352
-1.00056, 13, 97, 44, 352
-1.00056, 45, 97, 76, 352
-1.00057, 369, 1, 400, 256
-1.00058, 65, 97, 96, 352
-1.00058, 53, 1, 84, 256
-1.0006, 233, 1, 296, 128
-1.0006, 1, 97, 32, 352
-1.00063, 105, 1, 136, 256
-1.00064, 353, 1, 384, 128
-1.00065, 333, 97, 364, 352
-1.00066, 465, 97, 496, 352
-1.00066, 361, 97, 392, 352
-1.00066, 397, 97, 428, 352
-1.00066, 89, 97, 120, 352
-1.00071, 77, 97, 108, 352
-1.00075, 1, 1, 32, 256
-1.00076, 433, 113, 496, 240
-1.00077, 1, 49, 64, 176
-1.00077, 145, 1, 176, 256
-1.00078, 173, 1, 204, 256
-1.00081, 21, 1, 52, 256
-1.00083, 461, 1, 492, 128
-1.00083, 41, 1, 72, 256
-1.00084, 409, 49, 472, 176
-1.00086, 221, 1, 252, 256
-1.00086, 405, 161, 436, 288
-1.00087, 161, 1, 192, 256
-1.00088, 373, 97, 404, 352
-1.00088, 137, 49, 200, 176
-1.00091, 85, 1, 116, 256
-1.00092, 29, 97, 60, 352
-1.00093, 421, 97, 452, 352
-1.00105, 73, 1, 104, 256
-1.00109, 381, 1, 412, 256
-1.00112, 385, 97, 416, 352
-1.00113, 329, 1, 360, 256
-1.00114, 341, 1, 372, 256
-1.00114, 249, 65, 312, 192
-1.00122, 273, 65, 304, 192
-1.00131, 357, 129, 388, 256
-1.00143, 245, 49, 276, 176
-1.00147, 389, 177, 420, 304
-1.00147, 125, 1, 156, 128
-1.00153, 313, 1, 344, 128
-1.00155, 209, 81, 240, 208
-1.00158, 333, 161, 364, 288
-1.00173, 233, 33, 264, 160
-1.00173, 113, 113, 144, 240
-1.00177, 21, 177, 52, 304
-1.00212, 33, 177, 64, 304
-1.00234, 73, 177, 104, 304
-1.00235, 353, 49, 384, 176
-1.00235, 441, 161, 472, 288
-1.00252, 105, 33, 136, 160
-1.00259, 149, 145, 180, 272
-1.00265, 261, 65, 292, 192
-1.00274, 61, 177, 92, 304
-1.00279, 293, 1, 324, 128
-1.00281, 209, 33, 240, 160
-1.00294, 41, 129, 72, 256
-1.00294, 449, 49, 480, 176
-1.00304, 29, 129, 60, 256
-1.00304, 93, 1, 124, 128
-1.00304, 125, 49, 156, 176
-1.00308, 469, 161, 500, 288
-1.00328, 97, 177, 128, 304
-1.00328, 173, 33, 204, 160
-1.00329, 161, 1, 192, 128
-1.00342, 137, 1, 200, 128
-1.00343, 45, 177, 76, 304
-1.00345, 369, 97, 400, 224
-1.00362, 141, 97, 172, 224
-1.00367, 393, 49, 424, 176
-1.00371, 421, 161, 452, 288
-1.00385, 461, 49, 492, 176
-1.00395, 77, 33, 108, 160
-1.00405, 329, 113, 360, 240
-1.00406, 13, 129, 44, 256
-1.00406, 85, 113, 116, 240
-1.00408, 137, 177, 168, 304
-1.00417, 53, 129, 84, 256
-1.00431, 341, 97, 372, 224
-1.00436, 369, 49, 400, 176
-1.00438, 313, 49, 344, 176
-1.00444, 437, 97, 468, 224
-1.00445, 65, 1, 96, 128
-1.00448, 401, 97, 432, 224
-1.00465, 29, 1, 60, 128
-1.00473, 149, 1, 180, 128
-1.00473, 1, 49, 32, 176
-1.00475, 1, 113, 32, 240
-1.00476, 197, 49, 228, 176
-1.00477, 153, 97, 184, 224
-1.0048, 421, 81, 452, 208
-1.00483, 337, 1, 368, 128
-1.00494, 13, 81, 44, 208
-1.00494, 457, 161, 488, 288
-1.00495, 165, 81, 196, 208
-1.00495, 1, 1, 32, 128
-1.00498, 53, 1, 84, 128
-1.00503, 345, 161, 376, 288
