2119
-0.302163, 1, 225, 486, 480
-0.334919, 1, 1, 486, 500
-0.424304, 33, 1, 288, 500
-0.458827, 1, 1, 486, 256
-0.468973, 225, 1, 480, 500
-0.473867, 1, 129, 486, 384
-0.520372, 129, 1, 384, 500
-0.584151, 65, 129, 320, 384
-0.587528, 1, 33, 256, 288
-0.641734, 129, 1, 384, 256
-0.667762, 193, 225, 448, 480
-0.689955, 225, 97, 480, 352
-0.735395, 33, 225, 288, 480
-0.759337, 225, 1, 480, 256
-0.855553, 49, 1, 176, 500
-0.856705, 1, 1, 128, 500
-0.858881, 97, 1, 224, 500
-0.860387, 145, 1, 272, 256
-0.861095, 1, 241, 486, 368
-0.86189, 225, 1, 352, 500
-0.86698, 1, 33, 128, 288
-0.868561, 225, 97, 352, 352
-0.868965, 145, 129, 272, 384
-0.869068, 289, 225, 416, 480
-0.87501, 145, 1, 272, 500
-0.875595, 337, 1, 464, 500
-0.876058, 65, 65, 192, 320
-0.876156, 273, 1, 400, 500
-0.877527, 1, 289, 486, 416
-0.888186, 241, 225, 368, 480
-0.888985, 353, 1, 480, 256
-0.891208, 1, 33, 486, 160
-0.893397, 81, 161, 208, 416
-0.899057, 1, 49, 256, 176
-0.899999, 193, 193, 320, 448
-0.901185, 33, 257, 160, 500
-0.902071, 193, 1, 320, 256
-0.90415, 289, 33, 416, 288
-0.906771, 1, 193, 486, 320
-0.911337, 337, 193, 464, 448
-0.912365, 1, 353, 486, 480
-0.913673, 97, 177, 352, 304
-0.916452, 241, 1, 368, 256
-0.925213, 1, 129, 128, 384
-0.925778, 129, 17, 384, 144
-0.92587, 1, 97, 486, 224
-0.926684, 353, 97, 480, 352
-0.927483, 225, 241, 480, 368
-0.929456, 1, 145, 486, 272
-0.930669, 145, 225, 272, 480
-0.931295, 145, 129, 272, 256
-0.931854, 17, 49, 144, 176
-0.932637, 289, 129, 416, 384
-0.934195, 81, 257, 208, 500
-0.935751, 33, 225, 288, 352
-0.935765, 129, 129, 384, 256
-0.941049, 257, 273, 384, 400
-0.94157, 289, 241, 352, 368
-0.944811, 17, 65, 80, 192
-0.944831, 41, 49, 104, 176
-0.945789, 161, 81, 416, 208
-0.945796, 145, 1, 272, 128
-0.947343, 265, 225, 328, 352
-0.948119, 1, 97, 256, 224
-0.948198, 169, 129, 232, 256
-0.948305, 97, 33, 224, 160
-0.948406, 113, 177, 240, 304
-0.949, 33, 1, 288, 128
-0.949016, 241, 177, 304, 304
-0.949792, 1, 353, 256, 480
-0.950168, 137, 49, 200, 176
-0.95034, 161, 1, 224, 128
-0.950841, 257, 225, 384, 352
-0.951038, 209, 113, 272, 240
-0.951312, 161, 305, 416, 432
-0.951727, 1, 177, 256, 304
-0.951859, 225, 177, 352, 304
-0.952064, 65, 241, 128, 368
-0.952226, 145, 129, 208, 256
-0.95229, 241, 97, 368, 224
-0.952464, 65, 49, 128, 176
-0.95278, 33, 273, 160, 400
-0.95327, 321, 33, 448, 160
-0.953277, 281, 289, 344, 416
-0.953829, 305, 225, 432, 352
-0.953888, 193, 113, 320, 240
-0.954298, 161, 177, 288, 304
-0.955593, 113, 65, 176, 192
-0.95577, 321, 209, 384, 336
-0.956005, 129, 225, 384, 352
-0.956366, 241, 273, 304, 400
-0.956579, 321, 257, 384, 384
-0.956981, 65, 289, 320, 416
-0.957926, 337, 321, 464, 448
-0.957963, 193, 225, 320, 352
-0.958177, 65, 225, 192, 352
-0.958679, 225, 193, 480, 320
-0.959703, 257, 113, 320, 240
-0.960123, 225, 129, 480, 256
-0.960714, 89, 193, 152, 320
-0.961113, 177, 81, 240, 208
-0.96126, 49, 289, 112, 416
-0.961309, 17, 369, 144, 496
-0.961442, 209, 273, 336, 400
-0.961568, 89, 49, 152, 176
-0.962087, 97, 81, 224, 208
-0.962443, 193, 65, 320, 192
-0.962613, 97, 369, 352, 496
-0.962927, 177, 137, 240, 200
-0.963243, 241, 321, 368, 448
-0.963338, 313, 81, 376, 208
-0.96356, 217, 161, 280, 288
-0.963565, 73, 289, 136, 416
-0.964346, 49, 1, 176, 128
-0.964574, 97, 129, 224, 256
-0.964772, 305, 273, 432, 400
-0.965279, 369, 33, 432, 160
-0.965313, 225, 33, 480, 160
-0.965928, 289, 369, 416, 496
-0.966002, 113, 177, 176, 304
-0.966102, 41, 41, 104, 104
-0.966279, 161, 137, 288, 200
-0.966709, 41, 337, 104, 464
-0.966752, 153, 121, 216, 184
-0.966782, 209, 121, 272, 184
-0.966984, 65, 57, 128, 120
-0.96709, 281, 297, 344, 360
-0.967489, 289, 81, 416, 208
-0.967887, 9, 81, 72, 144
-0.968059, 241, 225, 304, 352
-0.968174, 33, 57, 160, 120
-0.968261, 233, 65, 296, 192
-0.968929, 361, 337, 424, 464
-0.969194, 145, 161, 208, 224
-0.969228, 193, 353, 448, 480
-0.969252, 177, 177, 240, 304
-0.969681, 25, 257, 88, 384
-0.969699, 145, 81, 272, 208
-0.969722, 337, 65, 400, 192
-0.969763, 281, 97, 344, 224
-0.969853, 393, 1, 456, 128
-0.970255, 257, 265, 320, 328
-0.970465, 305, 305, 368, 432
-0.970487, 177, 1, 240, 64
-0.970678, 145, 57, 208, 120
-0.970696, 65, 177, 192, 304
-0.970865, 217, 161, 280, 224
-0.970925, 289, 257, 352, 320
-0.970947, 161, 1, 224, 256
-0.971087, 57, 265, 120, 328
-0.97146, 113, 73, 176, 136
-0.971463, 1, 97, 128, 224
-0.971749, 225, 185, 288, 248
-0.971779, 345, 209, 408, 336
-0.971807, 161, 25, 224, 88
-0.971917, 409, 1, 472, 64
-0.972021, 257, 289, 320, 352
-0.972022, 209, 209, 272, 336
-0.972149, 185, 113, 248, 176
-0.972247, 321, 217, 384, 280
-0.972256, 273, 209, 304, 336
-0.972614, 273, 233, 336, 296
-0.972635, 81, 273, 208, 400
-0.972665, 417, 17, 480, 144
-0.972666, 369, 33, 432, 96
-0.972796, 1, 113, 64, 240
-0.972901, 17, 225, 144, 352
-0.973042, 89, 65, 152, 128
-0.973044, 169, 177, 232, 240
-0.973079, 89, 241, 152, 368
-0.973154, 249, 217, 312, 280
-0.973203, 97, 193, 160, 256
-0.973245, 57, 289, 120, 352
-0.973253, 257, 1, 384, 128
-0.973465, 1, 113, 64, 176
-0.973521, 113, 65, 176, 320
-0.973716, 81, 273, 144, 336
-0.973864, 305, 297, 368, 360
-0.973928, 249, 121, 312, 184
-0.974175, 65, 241, 128, 304
-0.974262, 329, 369, 392, 496
-0.974408, 209, 65, 272, 192
-0.974414, 137, 1, 200, 256
-0.974424, 81, 297, 144, 360
-0.974526, 193, 129, 224, 256
-0.974546, 81, 217, 144, 280
-0.974561, 41, 65, 104, 128
-0.974793, 181, 121, 212, 184
-0.97485, 253, 177, 284, 304
-0.974874, 401, 305, 464, 432
-0.974908, 265, 321, 328, 384
-0.974954, 281, 177, 344, 304
-0.975165, 17, 57, 80, 120
-0.975186, 409, 25, 472, 88
-0.975264, 121, 177, 184, 240
-0.975399, 321, 273, 384, 336
-0.975415, 425, 289, 486, 416
-0.975589, 161, 161, 288, 224
-0.975606, 217, 97, 280, 352
-0.975617, 305, 297, 336, 360
-0.97565, 377, 337, 440, 400
-0.9757, 53, 33, 84, 160
-0.975805, 49, 113, 176, 240
-0.975874, 121, 113, 184, 240
-0.975935, 33, 305, 96, 368
-0.975945, 257, 321, 320, 448
-0.975956, 1, 65, 64, 320
-0.97597, 137, 177, 200, 304
-0.976021, 361, 289, 424, 416
-0.976174, 169, 17, 200, 144
-0.976192, 17, 369, 80, 496
-0.976239, 305, 225, 368, 480
-0.976246, 329, 377, 392, 440
-0.976414, 177, 97, 240, 352
-0.976437, 249, 193, 312, 256
-0.976441, 249, 145, 312, 208
-0.976449, 33, 321, 160, 448
-0.976516, 113, 17, 176, 144
-0.976521, 253, 177, 284, 240
-0.976553, 233, 273, 296, 336
-0.976597, 289, 417, 352, 480
-0.976659, 241, 161, 304, 416
-0.97667, 293, 241, 324, 368
-0.976683, 177, 113, 208, 240
-0.976954, 41, 33, 104, 288
-0.977016, 1, 305, 64, 432
-0.977033, 65, 33, 128, 288
-0.977179, 113, 177, 240, 240
-0.977203, 321, 241, 384, 304
-0.97723, 289, 209, 352, 272
-0.977296, 273, 297, 400, 360
-0.977329, 65, 337, 128, 400
-0.977379, 401, 321, 464, 384
-0.977394, 353, 313, 416, 376
-0.977423, 33, 281, 96, 344
-0.977471, 1, 281, 128, 344
-0.977483, 425, 297, 486, 360
-0.977533, 353, 361, 416, 424
-0.977544, 325, 225, 356, 352
-0.97756, 337, 73, 400, 136
-0.9776, 241, 49, 368, 176
-0.977668, 49, 361, 112, 424
-0.977701, 329, 225, 392, 480
-0.977715, 57, 1, 120, 128
-0.977823, 185, 89, 248, 152
-0.977879, 97, 153, 160, 216
-0.977956, 153, 97, 216, 160
-0.977983, 305, 89, 368, 152
-0.978067, 265, 225, 328, 480
-0.978118, 345, 257, 408, 320
-0.978122, 353, 225, 480, 352
-0.978137, 1, 137, 64, 200
-0.978147, 249, 241, 312, 304
-0.978157, 17, 417, 80, 480
-0.978178, 345, 49, 408, 112
-0.978186, 265, 433, 328, 496
-0.978336, 113, 49, 176, 112
-0.978494, 329, 17, 392, 80
-0.978556, 193, 161, 256, 224
-0.978568, 225, 209, 288, 272
-0.978583, 369, 1, 432, 64
-0.978593, 297, 97, 360, 352
-0.978632, 25, 65, 56, 192
-0.978681, 37, 57, 68, 120
-0.978685, 161, 185, 288, 248
-0.978687, 105, 273, 168, 336
-0.978726, 193, 193, 256, 256
-0.978784, 273, 113, 336, 176
-0.978807, 1, 89, 128, 152
-0.978821, 33, 89, 96, 152
-0.978865, 297, 233, 360, 296
-0.978871, 137, 33, 200, 96
-0.97888, 289, 49, 352, 112
-0.978901, 193, 129, 224, 192
-0.978981, 313, 401, 376, 464
-0.978983, 33, 385, 96, 448
-0.979017, 277, 273, 308, 400
-0.979111, 249, 65, 312, 320
-0.979296, 209, 97, 272, 160
-0.97939, 225, 249, 288, 312
-0.979415, 305, 241, 336, 368
-0.979445, 65, 225, 128, 480
-0.9795, 361, 233, 424, 296
-0.979529, 417, 1, 480, 256
-0.979571, 225, 265, 352, 328
-0.979573, 65, 185, 128, 248
-0.9796, 165, 33, 196, 96
-0.979649, 241, 97, 304, 160
-0.979652, 89, 41, 152, 104
-0.979713, 129, 41, 256, 104
-0.979742, 205, 129, 236, 192
-0.979764, 73, 241, 104, 368
-0.979768, 89, 65, 152, 320
-0.979824, 157, 33, 188, 160
-0.979897, 121, 161, 184, 416
-0.979917, 345, 209, 408, 272
-0.979998, 225, 297, 288, 360
-0.980131, 113, 225, 176, 352
-0.980227, 205, 113, 236, 240
-0.980237, 313, 33, 376, 160
-0.980269, 57, 49, 88, 112
-0.980334, 113, 433, 176, 496
-0.980338, 69, 49, 100, 112
-0.980345, 41, 217, 104, 280
-0.980375, 1, 177, 128, 304
-0.980395, 89, 49, 120, 176
-0.980414, 57, 273, 88, 400
-0.980482, 161, 113, 288, 176
-0.980557, 193, 369, 320, 496
-0.980583, 193, 321, 320, 448
-0.980652, 273, 49, 336, 176
-0.980669, 9, 337, 72, 400
-0.980727, 233, 113, 296, 240
-0.980774, 129, 105, 192, 168
-0.980812, 169, 121, 200, 184
-0.980824, 97, 121, 224, 184
-0.980836, 165, 113, 196, 240
-0.980839, 289, 321, 352, 384
-0.980888, 273, 17, 336, 80
-0.980965, 241, 321, 304, 384
-0.981048, 129, 129, 192, 192
-0.981055, 377, 1, 440, 256
-0.981126, 145, 97, 208, 352
-0.98115, 329, 337, 392, 400
-0.981165, 241, 257, 304, 500
-0.981174, 81, 73, 208, 136
-0.981243, 161, 9, 288, 72
-0.98128, 13, 81, 44, 208
-0.981316, 225, 433, 288, 496
-0.981402, 277, 225, 308, 288
-0.981515, 41, 161, 104, 224
-0.981553, 285, 297, 316, 360
-0.981579, 81, 425, 144, 488
-0.9816, 33, 329, 96, 392
-0.981621, 273, 73, 336, 136
-0.98164, 369, 57, 432, 120
-0.981661, 89, 193, 152, 448
-0.981667, 273, 129, 336, 384
-0.981667, 265, 169, 328, 232
-0.981698, 305, 25, 368, 88
-0.981725, 57, 433, 120, 496
-0.981727, 57, 313, 120, 376
-0.981784, 137, 49, 168, 176
-0.981857, 313, 65, 376, 128
-0.981895, 309, 257, 340, 320
-0.981907, 145, 65, 176, 128
-0.981914, 65, 33, 96, 160
-0.981979, 337, 33, 400, 288
-0.981994, 93, 57, 124, 120
-0.982034, 209, 65, 272, 128
-0.982057, 249, 41, 312, 104
-0.98209, 65, 33, 128, 96
-0.982114, 101, 49, 132, 176
-0.982117, 273, 177, 400, 304
-0.982136, 1, 113, 32, 240
-0.982137, 273, 233, 400, 296
-0.98215, 9, 297, 72, 360
-0.982152, 249, 409, 312, 472
-0.982185, 249, 73, 312, 136
-0.982264, 33, 257, 96, 320
-0.982271, 93, 225, 124, 352
-0.982319, 157, 57, 188, 120
-0.982331, 289, 369, 352, 432
-0.982339, 65, 161, 128, 224
-0.982362, 209, 121, 336, 184
-0.982383, 49, 73, 80, 136
-0.982384, 217, 193, 280, 448
-0.982391, 337, 305, 400, 432
-0.982414, 97, 249, 160, 312
-0.982416, 89, 1, 152, 128
-0.982444, 113, 1, 176, 500
-0.982507, 209, 217, 336, 280
-0.982507, 33, 257, 96, 500
-0.982518, 57, 1, 120, 500
-0.982522, 289, 265, 320, 328
-0.982553, 209, 1, 272, 256
-0.982555, 105, 217, 168, 280
-0.98263, 273, 393, 336, 456
-0.982644, 89, 369, 152, 432
-0.982694, 25, 361, 88, 424
-0.982697, 17, 81, 48, 144
-0.982721, 241, 145, 272, 272
-0.982765, 269, 201, 300, 264
-0.982823, 409, 273, 472, 336
-0.982843, 121, 9, 184, 72
-0.982844, 113, 145, 240, 208
-0.982871, 377, 297, 440, 360
-0.982883, 201, 217, 264, 280
-0.982891, 309, 289, 340, 416
-0.982904, 57, 393, 120, 456
-0.982915, 241, 161, 272, 224
-0.983011, 257, 345, 320, 408
-0.983018, 353, 25, 480, 88
-0.98304, 173, 145, 204, 208
-0.983111, 1, 1, 64, 500
-0.983133, 193, 1, 256, 128
-0.983151, 81, 1, 144, 500
-0.983209, 137, 1, 200, 128
-0.983303, 117, 65, 148, 192
-0.983346, 297, 369, 360, 496
-0.983383, 49, 281, 176, 344
-0.983449, 193, 81, 224, 208
-0.983462, 345, 17, 408, 144
-0.983535, 337, 81, 464, 208
-0.983563, 1, 257, 128, 320
-0.983577, 233, 137, 264, 200
-0.983638, 81, 33, 208, 96
-0.983732, 325, 297, 356, 360
-0.983897, 209, 1, 336, 128
-0.983912, 1, 401, 128, 464
-0.983952, 321, 65, 448, 128
-0.984028, 97, 129, 160, 256
-0.984045, 117, 73, 148, 136
-0.984075, 337, 209, 368, 336
-0.984144, 289, 273, 416, 336
-0.984157, 129, 65, 256, 128
-0.984196, 81, 289, 112, 416
-0.984242, 185, 1, 248, 256
-0.984309, 225, 305, 352, 368
-0.984352, 353, 1, 416, 500
-0.984442, 273, 281, 304, 344
-0.984459, 241, 193, 368, 256
-0.984493, 137, 1, 200, 500
-0.984512, 33, 1, 96, 500
-0.9847, 77, 49, 108, 176
-0.984741, 261, 129, 292, 256
-0.984765, 253, 153, 284, 216
-0.984832, 273, 1, 336, 256
-0.984861, 1, 425, 128, 488
-0.984866, 77, 241, 108, 304
-0.984879, 173, 9, 204, 72
-0.984932, 257, 257, 288, 384
-0.984945, 161, 161, 192, 224
-0.985056, 133, 73, 164, 136
-0.98513, 217, 121, 248, 184
-0.985132, 457, 9, 486, 72
-0.985274, 41, 81, 72, 208
-0.985297, 17, 17, 80, 144
-0.985362, 145, 225, 272, 352
-0.985458, 117, 185, 148, 248
-0.985482, 349, 209, 380, 272
-0.985488, 289, 225, 320, 288
-0.985575, 313, 1, 376, 256
-0.9856, 81, 289, 112, 352
-0.985631, 289, 289, 320, 416
-0.985704, 421, 1, 452, 128
-0.98572, 29, 81, 60, 144
-0.985755, 321, 1, 384, 500
-0.985797, 273, 1, 336, 500
-0.985866, 149, 161, 180, 224
-0.985881, 57, 129, 120, 384
-0.98593, 353, 193, 416, 448
-0.985942, 89, 233, 120, 296
-0.985979, 1, 305, 128, 368
-0.98602, 217, 257, 280, 384
-0.986049, 225, 241, 352, 304
-0.98605, 193, 105, 224, 168
-0.986081, 321, 177, 448, 304
-0.986161, 81, 65, 112, 128
-0.986179, 65, 241, 192, 304
-0.986198, 257, 201, 288, 264
-0.9862, 217, 1, 280, 500
-0.986231, 177, 1, 240, 500
-0.986244, 69, 297, 100, 360
-0.986284, 161, 273, 288, 400
-0.986318, 261, 249, 292, 312
-0.98639, 333, 233, 364, 296
-0.98639, 337, 369, 464, 496
-0.986409, 353, 1, 480, 64
-0.986454, 277, 321, 308, 384
-0.986498, 349, 209, 380, 336
-0.986516, 49, 305, 176, 368
-0.986561, 33, 209, 96, 336
-0.986576, 225, 145, 352, 208
-0.986637, 65, 273, 96, 336
-0.986679, 5, 121, 36, 184
-0.986679, 145, 161, 176, 288
-0.986766, 453, 1, 484, 128
-0.986798, 329, 273, 360, 400
-0.986853, 321, 273, 352, 336
-0.986873, 185, 153, 216, 216
-0.986874, 65, 337, 128, 464
-0.986874, 257, 369, 320, 496
-0.986886, 257, 129, 288, 192
-0.986898, 329, 129, 392, 384
-0.986954, 137, 177, 168, 240
-0.986956, 437, 1, 468, 64
-0.987013, 385, 257, 448, 500
-0.987024, 97, 273, 128, 336
-0.987025, 257, 345, 384, 408
-0.987039, 105, 57, 136, 120
-0.987067, 401, 65, 464, 192
-0.987106, 409, 1, 472, 500
-0.987107, 41, 33, 72, 160
-0.98712, 285, 193, 316, 320
-0.98712, 273, 417, 400, 480
-0.987177, 425, 257, 486, 500
-0.987193, 217, 97, 248, 224
-0.987213, 193, 193, 256, 448
-0.987229, 53, 353, 84, 480
-0.987238, 65, 193, 128, 320
-0.987268, 405, 25, 436, 88
-0.987283, 361, 49, 392, 176
-0.987329, 393, 1, 424, 128
-0.987332, 129, 161, 160, 288
-0.98737, 337, 257, 464, 320
-0.987372, 241, 49, 368, 112
-0.98738, 405, 1, 436, 128
-0.987383, 65, 321, 96, 448
-0.987397, 273, 321, 304, 448
-0.98743, 289, 321, 416, 384
-0.987434, 229, 113, 260, 240
-0.987486, 97, 305, 160, 432
-0.987491, 45, 289, 76, 352
-0.987513, 417, 1, 448, 64
-0.987591, 153, 81, 184, 208
-0.987656, 117, 177, 148, 304
-0.987675, 273, 89, 400, 152
-0.987735, 105, 273, 136, 400
-0.987736, 377, 1, 440, 500
-0.987851, 185, 1, 216, 64
-0.987911, 257, 305, 288, 432
-0.987944, 321, 217, 448, 280
-0.987945, 109, 273, 140, 336
-0.987954, 181, 1, 212, 128
-0.987974, 337, 281, 368, 344
-0.988009, 297, 1, 360, 500
-0.988014, 173, 161, 204, 288
-0.988017, 105, 209, 136, 272
-0.988056, 1, 113, 128, 176
-0.988076, 221, 97, 252, 160
-0.988111, 305, 81, 336, 208
-0.988122, 405, 1, 436, 64
-0.988139, 249, 1, 312, 500
-0.988176, 209, 169, 336, 232
-0.988179, 53, 361, 84, 424
-0.988188, 197, 177, 228, 240
-0.988259, 81, 217, 208, 280
-0.988266, 33, 377, 160, 440
-0.988329, 289, 321, 416, 448
-0.988384, 185, 177, 216, 240
-0.988423, 181, 65, 212, 192
-0.988458, 441, 17, 472, 144
-0.988463, 289, 321, 320, 384
-0.988576, 321, 297, 448, 360
-0.988596, 353, 249, 384, 312
-0.988596, 81, 321, 112, 384
-0.988618, 393, 257, 456, 384
-0.988623, 281, 1, 344, 128
-0.988747, 265, 305, 296, 368
-0.988777, 57, 305, 88, 368
-0.988838, 353, 345, 480, 408
-0.988861, 33, 161, 96, 416
-0.988908, 377, 33, 408, 96
-0.988991, 273, 129, 304, 256
-0.989049, 201, 133, 264, 164
-0.989083, 321, 377, 448, 440
-0.989122, 177, 281, 304, 344
-0.989157, 49, 433, 176, 496
-0.989171, 337, 129, 464, 256
-0.989235, 41, 53, 104, 84
-0.989242, 273, 25, 400, 88
-0.989281, 333, 65, 364, 192
-0.98931, 153, 125, 216, 156
-0.989321, 349, 377, 380, 440
-0.98933, 209, 393, 336, 456
-0.989351, 289, 113, 320, 240
-0.989419, 373, 33, 404, 160
-0.989489, 209, 193, 240, 256
-0.989533, 393, 337, 424, 400
-0.989557, 41, 353, 72, 480
-0.98956, 321, 81, 352, 208
-0.989592, 45, 33, 76, 96
-0.9896, 65, 65, 128, 96
-0.989603, 365, 49, 396, 112
-0.989611, 345, 257, 376, 384
-0.989617, 49, 185, 176, 248
-0.989622, 145, 169, 208, 200
-0.989625, 5, 89, 36, 152
-0.989629, 81, 321, 208, 448
-0.989649, 233, 113, 264, 176
-0.989649, 273, 113, 400, 176
-0.989721, 245, 217, 276, 280
-0.989729, 177, 125, 240, 156
-0.989758, 117, 17, 148, 144
-0.989759, 97, 97, 224, 160
-0.989832, 25, 57, 56, 120
-0.989837, 177, 149, 240, 180
-0.989859, 9, 89, 72, 120
-0.989867, 453, 289, 484, 352
-0.989882, 161, 209, 288, 272
-0.989914, 257, 81, 288, 208
-0.989922, 457, 273, 486, 400
-0.989926, 9, 257, 72, 500
-0.989956, 265, 297, 328, 328
-0.989974, 177, 97, 208, 160
-0.989985, 277, 81, 308, 208
-0.990044, 369, 97, 432, 352
-0.990057, 293, 105, 324, 168
-0.990057, 77, 265, 108, 328
-0.990064, 265, 177, 296, 240
-0.990112, 93, 273, 124, 400
-0.990221, 245, 113, 276, 176
-0.990275, 113, 77, 176, 108
-0.990307, 65, 145, 128, 272
-0.990335, 393, 1, 424, 64
-0.990337, 337, 209, 368, 272
-0.990342, 313, 145, 376, 272
-0.990357, 169, 369, 232, 496
-0.990402, 1, 57, 256, 120
-0.990442, 65, 345, 96, 408
-0.990478, 349, 49, 380, 176
-0.990489, 65, 249, 96, 312
-0.990498, 377, 353, 408, 416
-0.990535, 1, 233, 128, 296
-0.990548, 245, 97, 276, 224
-0.990548, 177, 425, 304, 488
-0.99057, 137, 69, 200, 100
-0.990579, 233, 353, 296, 480
-0.990588, 225, 97, 352, 160
-0.99067, 241, 369, 368, 432
-0.990717, 37, 313, 68, 376
-0.990719, 329, 73, 360, 136
-0.990721, 405, 329, 436, 392
-0.990767, 185, 25, 216, 88
-0.990775, 217, 189, 280, 220
-0.990779, 257, 277, 320, 308
-0.990797, 65, 97, 128, 224
-0.9908, 33, 77, 96, 108
-0.990808, 173, 169, 204, 232
-0.990833, 445, 25, 476, 88
-0.990833, 329, 393, 360, 456
-0.990844, 361, 369, 392, 432
-0.990852, 273, 257, 304, 320
-0.990867, 305, 233, 336, 296
-0.990877, 9, 77, 72, 108
-0.990883, 313, 409, 344, 472
-0.99089, 129, 409, 256, 472
-0.990905, 225, 205, 288, 236
-0.990919, 105, 209, 136, 336
-0.99098, 113, 65, 176, 96
-0.990986, 249, 161, 312, 192
-0.990995, 209, 329, 336, 392
-0.991007, 33, 353, 160, 416
-0.991023, 221, 209, 252, 272
-0.991033, 37, 393, 68, 456
-0.991043, 209, 173, 272, 204
-0.991051, 241, 217, 304, 248
-0.991137, 281, 249, 344, 280
-0.991144, 177, 113, 240, 144
-0.991165, 309, 97, 340, 160
-0.991173, 153, 33, 184, 96
-0.991174, 65, 201, 320, 264
-0.991182, 425, 161, 486, 416
-0.991189, 161, 33, 224, 64
-0.991221, 89, 77, 152, 108
-0.991226, 41, 65, 104, 96
-0.991228, 365, 305, 396, 432
-0.99123, 297, 313, 360, 344
-0.991244, 297, 261, 360, 292
-0.991247, 241, 129, 304, 160
-0.991259, 289, 285, 352, 316
-0.991265, 133, 49, 164, 112
-0.991286, 201, 121, 264, 152
-0.991295, 353, 353, 384, 480
-0.991298, 233, 193, 264, 256
-0.991315, 389, 33, 420, 96
-0.991337, 205, 105, 236, 168
-0.991338, 1, 117, 64, 148
-0.991346, 253, 281, 284, 344
-0.991374, 161, 161, 192, 288
-0.991379, 33, 153, 160, 216
-0.991395, 321, 229, 384, 260
-0.991412, 145, 137, 208, 168
-0.991416, 105, 185, 136, 248
-0.991426, 49, 281, 112, 312
-0.991428, 169, 137, 232, 168
-0.991437, 225, 117, 288, 148
-0.991439, 217, 1, 280, 128
-0.99146, 321, 301, 384, 332
-0.991468, 169, 21, 232, 52
-0.99147, 161, 53, 224, 84
-0.991479, 341, 73, 372, 136
-0.991519, 1, 329, 128, 392
-0.991525, 193, 353, 256, 480
-0.991575, 321, 245, 384, 276
-0.991582, 1, 145, 32, 208
-0.991585, 169, 185, 232, 216
-0.991589, 57, 361, 120, 392
-0.99159, 25, 409, 56, 472
-0.991612, 105, 297, 136, 360
-0.991616, 185, 1, 248, 32
-0.991617, 257, 265, 320, 296
-0.991627, 209, 153, 272, 184
-0.991653, 273, 321, 336, 352
-0.99166, 273, 121, 304, 184
-0.99168, 185, 177, 216, 304
-0.991686, 65, 269, 128, 300
-0.991709, 417, 1, 480, 32
-0.99171, 197, 153, 228, 216
-0.991716, 225, 433, 352, 496
-0.991724, 409, 29, 472, 60
-0.991728, 129, 353, 256, 480
-0.991732, 65, 177, 320, 240
-0.991735, 57, 293, 120, 324
-0.991745, 97, 217, 160, 248
-0.991748, 1, 141, 64, 172
-0.991754, 137, 145, 168, 208
-0.991769, 97, 265, 224, 328
-0.991779, 161, 89, 288, 152
-0.991792, 137, 57, 200, 88
-0.991818, 73, 257, 136, 288
-0.991823, 1, 257, 64, 384
-0.991861, 177, 121, 208, 152
-0.991867, 53, 265, 84, 328
-0.991871, 137, 181, 200, 212
-0.991891, 345, 217, 408, 248
-0.991892, 93, 209, 124, 272
-0.991916, 125, 161, 156, 224
-0.991923, 249, 229, 312, 260
-0.991924, 305, 1, 432, 64
-0.991934, 45, 273, 76, 400
-0.991938, 17, 65, 80, 96
-0.991938, 97, 189, 160, 220
-0.991949, 337, 321, 464, 384
-0.991949, 289, 301, 352, 332
-0.991952, 145, 113, 208, 144
-0.991954, 81, 297, 144, 328
-0.991957, 57, 25, 88, 88
-0.991963, 49, 305, 112, 336
-0.991968, 105, 249, 136, 312
-0.991989, 281, 229, 344, 260
-0.991991, 33, 293, 96, 324
-0.992005, 209, 193, 240, 320
-0.992026, 241, 289, 304, 320
-0.992026, 1, 1, 128, 128
-0.992041, 361, 161, 424, 288
-0.992042, 337, 73, 400, 104
-0.992062, 441, 297, 472, 360
-0.992096, 41, 97, 104, 224
-0.992098, 1, 101, 64, 132
-0.992129, 129, 137, 384, 200
-0.99214, 265, 121, 328, 152
-0.992146, 389, 337, 420, 464
-0.992149, 273, 333, 336, 364
-0.992159, 241, 193, 304, 224
-0.992163, 89, 233, 152, 264
-0.992176, 209, 73, 336, 136
-0.99218, 281, 433, 312, 496
-0.99218, 193, 137, 224, 168
-0.992182, 301, 417, 332, 480
-0.992205, 161, 65, 224, 96
-0.992229, 25, 409, 88, 440
-0.992233, 321, 257, 384, 288
-0.992243, 137, 81, 200, 112
-0.992245, 33, 333, 96, 364
-0.992248, 113, 201, 176, 232
-0.992264, 49, 373, 112, 404
-0.992269, 321, 217, 384, 248
-0.992274, 249, 173, 312, 204
-0.992275, 153, 157, 216, 188
-0.99229, 257, 245, 320, 276
-0.992323, 257, 309, 320, 340
-0.99233, 81, 245, 144, 276
-0.992332, 205, 133, 236, 164
-0.992341, 1, 129, 64, 160
-0.992344, 369, 49, 432, 80
-0.992344, 353, 113, 416, 240
-0.99235, 233, 277, 296, 308
-0.992352, 305, 273, 368, 304
-0.992359, 409, 321, 440, 448
-0.992366, 73, 281, 136, 312
-0.992384, 265, 205, 328, 236
-0.992386, 25, 81, 56, 112
-0.9924, 97, 1, 224, 64
-0.992406, 361, 325, 424, 356
-0.992415, 313, 101, 376, 132
-0.992425, 9, 161, 72, 416
-0.992429, 73, 189, 136, 220
-0.992431, 369, 37, 432, 68
-0.992435, 97, 173, 160, 204
-0.992455, 249, 149, 312, 180
-0.992458, 353, 337, 416, 368
-0.992465, 97, 285, 160, 316
-0.992466, 49, 89, 112, 120
-0.992478, 329, 289, 392, 320
-0.992511, 33, 389, 96, 420
-0.992522, 305, 57, 368, 88
-0.992523, 1, 193, 128, 256
-0.992552, 65, 57, 96, 88
-0.992564, 125, 73, 156, 104
-0.992567, 393, 1, 456, 32
-0.992568, 293, 49, 324, 176
-0.992569, 185, 169, 248, 200
-0.992569, 9, 441, 72, 472
-0.992585, 337, 89, 464, 152
-0.992588, 313, 305, 344, 336
-0.992598, 337, 397, 400, 428
-0.992603, 377, 321, 408, 448
-0.992614, 181, 141, 212, 172
-0.992618, 177, 305, 304, 368
-0.992621, 57, 321, 120, 352
-0.992622, 117, 225, 148, 352
-0.992626, 49, 77, 80, 108
-0.992629, 241, 169, 272, 200
-0.992638, 281, 77, 344, 108
-0.992647, 41, 145, 104, 272
-0.992652, 81, 1, 112, 128
-0.992654, 321, 89, 384, 120
-0.99266, 89, 65, 152, 96
-0.992663, 273, 109, 336, 140
-0.992663, 233, 249, 296, 280
-0.992663, 241, 329, 304, 360
-0.992665, 353, 273, 480, 400
-0.992667, 17, 429, 80, 460
-0.992668, 345, 385, 408, 416
-0.992679, 33, 317, 96, 348
-0.992687, 281, 273, 344, 304
-0.992692, 361, 209, 392, 336
-0.992706, 337, 369, 368, 496
-0.992709, 305, 377, 368, 408
-0.992711, 25, 345, 88, 376
-0.992714, 93, 65, 124, 96
-0.992723, 361, 61, 424, 92
-0.992732, 361, 241, 424, 272
-0.992742, 417, 321, 480, 352
-0.992765, 401, 337, 464, 368
-0.992771, 117, 129, 148, 256
-0.992775, 289, 217, 352, 248
-0.992805, 49, 49, 80, 80
-0.992806, 137, 69, 168, 100
-0.992812, 257, 425, 320, 456
-0.992815, 81, 369, 208, 496
-0.992819, 377, 17, 440, 48
-0.992826, 65, 205, 128, 236
-0.992833, 329, 361, 392, 392
-0.992844, 217, 129, 248, 160
-0.992846, 157, 69, 188, 100
-0.99285, 417, 241, 480, 368
-0.992853, 129, 149, 192, 180
-0.992859, 165, 37, 196, 68
-0.992861, 129, 17, 384, 80
-0.992893, 393, 97, 456, 352
-0.992895, 189, 125, 220, 156
-0.992906, 5, 121, 36, 152
-0.99296, 169, 193, 232, 448
-0.992967, 193, 49, 320, 112
-0.993016, 169, 133, 200, 164
-0.993021, 65, 225, 320, 288
-0.993026, 37, 85, 68, 116
-0.993055, 33, 273, 64, 400
-0.993069, 253, 185, 284, 216
-0.99307, 253, 161, 284, 192
-0.993079, 113, 81, 144, 112
-0.9931, 165, 161, 196, 192
-0.993112, 301, 297, 332, 328
-0.993123, 113, 257, 176, 500
-0.993129, 137, 85, 168, 116
-0.993152, 349, 217, 380, 248
-0.993161, 129, 41, 384, 104
-0.993177, 41, 65, 72, 96
-0.993208, 1, 241, 486, 304
-0.993221, 13, 81, 44, 112
-0.993231, 77, 337, 108, 464
-0.993239, 445, 289, 476, 416
-0.99325, 85, 293, 116, 324
-0.993251, 261, 197, 292, 228
-0.993253, 429, 305, 460, 432
-0.993259, 153, 57, 184, 88
-0.993262, 277, 229, 308, 260
-0.993269, 81, 377, 208, 440
-0.993283, 329, 301, 360, 332
-0.993286, 161, 209, 416, 272
-0.993288, 185, 1, 216, 32
-0.993293, 61, 45, 92, 76
-0.993307, 65, 409, 192, 472
-0.993329, 249, 1, 312, 128
-0.993343, 301, 309, 332, 340
-0.993349, 177, 21, 208, 52
-0.993361, 205, 65, 236, 192
-0.993377, 61, 357, 92, 388
-0.993438, 277, 333, 308, 364
-0.993439, 269, 289, 300, 320
-0.99345, 161, 185, 416, 248
-0.993456, 185, 153, 216, 184
-0.993463, 177, 177, 208, 208
-0.993477, 101, 281, 132, 312
-0.993485, 1, 305, 486, 368
-0.993486, 261, 277, 292, 308
-0.993496, 69, 193, 100, 320
-0.993513, 225, 209, 256, 336
-0.993523, 289, 301, 320, 332
-0.993526, 297, 253, 328, 284
-0.993536, 1, 49, 486, 112
-0.993546, 161, 257, 288, 320
-0.993575, 317, 33, 348, 160
-0.993583, 29, 69, 60, 100
-0.993598, 161, 121, 192, 152
-0.993601, 73, 301, 104, 332
-0.993608, 289, 129, 416, 256
-0.993618, 81, 61, 112, 92
-0.993619, 249, 197, 280, 228
-0.993634, 1, 121, 256, 184
-0.993637, 193, 105, 448, 168
-0.993653, 229, 117, 260, 148
-0.993658, 289, 285, 320, 316
-0.993662, 257, 265, 288, 296
-0.99367, 285, 241, 316, 272
-0.993679, 193, 189, 224, 220
-0.99368, 169, 61, 200, 92
-0.993692, 129, 185, 160, 216
-0.993701, 241, 185, 272, 216
-0.993702, 353, 305, 384, 432
-0.993715, 49, 89, 80, 120
-0.993724, 273, 217, 304, 248
-0.993744, 5, 109, 36, 140
-0.993751, 33, 33, 288, 96
-0.993752, 309, 265, 340, 296
-0.993753, 401, 341, 432, 372
-0.993768, 61, 69, 92, 100
-0.993776, 89, 237, 120, 268
-0.993784, 233, 145, 264, 176
-0.993787, 1, 81, 256, 144
-0.993794, 389, 349, 420, 380
-0.993797, 105, 69, 136, 100
-0.993798, 261, 209, 292, 240
-0.993799, 309, 241, 340, 272
-0.993817, 241, 157, 272, 188
-0.99382, 113, 273, 144, 304
-0.993825, 273, 253, 304, 284
-0.993825, 285, 273, 316, 304
-0.993827, 61, 313, 92, 344
-0.99383, 425, 65, 486, 192
-0.993834, 297, 321, 328, 352
-0.993841, 1, 341, 32, 372
-0.993843, 1, 281, 256, 344
-0.993856, 125, 85, 156, 116
-0.993858, 189, 177, 220, 208
-0.99386, 249, 133, 280, 164
-0.993874, 145, 177, 176, 208
-0.993878, 329, 229, 360, 260
-0.993885, 277, 305, 308, 336
-0.993891, 53, 369, 84, 400
-0.993904, 169, 49, 200, 80
-0.993907, 81, 249, 112, 280
-0.993913, 457, 293, 486, 324
-0.993917, 105, 217, 136, 248
-0.993936, 1, 137, 32, 168
-0.993938, 345, 389, 376, 420
-0.993938, 341, 1, 372, 128
-0.993939, 105, 189, 136, 220
-0.993958, 229, 161, 260, 192
-0.993969, 309, 285, 340, 316
-0.993989, 193, 33, 224, 160
-0.993994, 225, 281, 480, 344
-0.993994, 357, 53, 388, 84
-0.993996, 333, 401, 364, 432
-0.99401, 265, 181, 296, 212
-0.994019, 229, 133, 260, 164
-0.994019, 405, 29, 436, 60
-0.994022, 137, 225, 200, 352
-0.994028, 161, 233, 416, 296
-0.994029, 73, 261, 104, 292
-0.994031, 117, 197, 148, 228
-0.994032, 457, 17, 486, 48
-0.994034, 345, 289, 376, 320
-0.994051, 77, 349, 108, 380
-0.994055, 333, 273, 364, 304
-0.994057, 313, 317, 344, 348
-0.994058, 65, 289, 96, 320
-0.994072, 441, 305, 472, 336
-0.99408, 265, 321, 296, 352
-0.994085, 205, 145, 236, 176
-0.994085, 229, 205, 260, 236
-0.994093, 253, 173, 284, 204
-0.994094, 101, 305, 132, 336
-0.994096, 301, 429, 332, 460
-0.994098, 429, 317, 460, 348
-0.994101, 357, 377, 388, 408
-0.994103, 177, 109, 208, 140
-0.994108, 285, 445, 316, 476
-0.994108, 341, 321, 372, 448
-0.994109, 329, 289, 360, 320
-0.99411, 353, 261, 384, 292
-0.994111, 13, 93, 44, 124
-0.994112, 1, 149, 32, 180
-0.994122, 173, 1, 204, 32
-0.994131, 417, 325, 448, 356
-0.994134, 49, 73, 176, 104
-0.994138, 241, 193, 272, 320
-0.994139, 153, 45, 184, 76
-0.994146, 337, 53, 368, 84
-0.994155, 77, 281, 108, 312
-0.994158, 273, 193, 304, 224
-0.994159, 153, 165, 184, 196
-0.994201, 273, 393, 400, 456
-0.99439, 269, 33, 300, 160
-0.994405, 129, 81, 384, 144
-0.994443, 193, 305, 448, 368
-0.994446, 1, 265, 486, 328
-0.994465, 337, 193, 464, 256
-0.994465, 65, 329, 192, 392
-0.994473, 305, 345, 432, 408
-0.994522, 169, 65, 200, 192
-0.994524, 33, 257, 288, 320
-0.994541, 1, 393, 256, 456
-0.994546, 241, 369, 368, 496
-0.994562, 145, 193, 208, 448
-0.994583, 377, 81, 440, 208
-0.994605, 209, 17, 336, 80
-0.994619, 161, 145, 288, 176
-0.994669, 17, 61, 144, 92
-0.994691, 445, 241, 476, 368
-0.994691, 189, 113, 204, 176
-0.994752, 203, 129, 218, 192
-0.994755, 1, 145, 256, 208
-0.994816, 97, 369, 160, 496
-0.994823, 361, 1, 392, 128
-0.994848, 255, 161, 270, 224
-0.994858, 145, 1, 176, 128
-0.994866, 323, 297, 338, 360
-0.994868, 165, 1, 196, 256
-0.99487, 1, 361, 486, 424
-0.99492, 205, 337, 236, 464
-0.994942, 217, 49, 248, 176
-0.995007, 51, 57, 66, 120
-0.995007, 257, 1, 288, 128
-0.995015, 129, 257, 384, 320
-0.995025, 161, 161, 416, 224
-0.995036, 161, 157, 288, 188
-0.995047, 41, 65, 56, 128
-0.995077, 97, 425, 352, 488
-0.995094, 161, 121, 288, 152
-0.9951, 183, 121, 198, 184
-0.995109, 337, 161, 400, 288
-0.995131, 225, 49, 480, 112
-0.995134, 105, 145, 136, 272
-0.995137, 297, 353, 328, 480
-0.995141, 257, 169, 384, 232
-0.995185, 177, 113, 192, 176
-0.995207, 197, 121, 212, 184
-0.995215, 97, 289, 352, 352
-0.995217, 225, 257, 480, 320
-0.995224, 197, 177, 228, 304
-0.995232, 49, 209, 80, 336
-0.995256, 33, 33, 160, 96
-0.995265, 129, 69, 256, 100
-0.995305, 113, 185, 240, 216
-0.995343, 1, 185, 486, 248
-0.995348, 161, 345, 416, 408
-0.995367, 167, 33, 182, 96
-0.995376, 73, 49, 88, 112
-0.995381, 49, 113, 176, 176
-0.995438, 209, 129, 224, 192
-0.995449, 1, 329, 486, 392
-0.995464, 97, 297, 224, 360
-0.995465, 229, 161, 260, 288
-0.995477, 1, 369, 256, 432
-0.99551, 1, 89, 128, 120
-0.995521, 161, 377, 288, 440
-0.995521, 305, 193, 336, 320
-0.995535, 261, 169, 276, 232
-0.995558, 161, 173, 288, 204
-0.995567, 97, 113, 352, 176
-0.995571, 157, 65, 172, 128
-0.995573, 141, 65, 172, 320
-0.995597, 325, 369, 356, 496
-0.995668, 389, 289, 420, 416
-0.995684, 187, 145, 202, 208
-0.995684, 1, 321, 256, 384
-0.995684, 405, 273, 436, 400
-0.995711, 229, 65, 260, 192
-0.995718, 129, 377, 384, 440
-0.995724, 225, 137, 480, 200
-0.995729, 59, 41, 74, 104
-0.995746, 253, 129, 284, 384
-0.995749, 1, 65, 32, 192
-0.995757, 285, 369, 316, 496
-0.995776, 241, 285, 368, 316
-0.995793, 225, 1, 480, 64
-0.995795, 257, 273, 384, 304
-0.995824, 1, 73, 486, 136
-0.995828, 1, 1, 256, 64
-0.995838, 125, 65, 156, 320
-0.995846, 289, 297, 304, 360
-0.995855, 345, 161, 376, 288
-0.995858, 131, 73, 146, 136
-0.995862, 257, 309, 384, 340
-0.995871, 267, 193, 282, 256
-0.995872, 315, 297, 330, 360
-0.995876, 161, 189, 288, 220
-0.995885, 151, 65, 166, 128
-0.99589, 245, 273, 276, 400
-0.995891, 161, 133, 288, 164
-0.995894, 33, 281, 160, 312
-0.995894, 145, 37, 272, 68
-0.995895, 93, 1, 124, 128
-0.995914, 193, 145, 208, 208
-0.995937, 225, 73, 480, 136
-0.995961, 17, 81, 32, 144
-0.995972, 115, 73, 130, 136
-0.995973, 273, 237, 400, 268
-0.995979, 295, 305, 310, 368
-0.995991, 5, 121, 20, 184
-0.995998, 65, 53, 192, 84
-0.996004, 297, 273, 312, 336
-0.996009, 107, 57, 122, 120
-0.996021, 289, 297, 416, 328
-0.996056, 85, 57, 100, 120
-0.996071, 141, 113, 172, 240
-0.996082, 365, 353, 396, 480
-0.996083, 129, 401, 384, 464
-0.996091, 333, 273, 348, 336
-0.996102, 301, 297, 316, 360
-0.996105, 1, 193, 64, 320
-0.996112, 181, 153, 196, 216
-0.996117, 1, 417, 256, 480
-0.996119, 161, 13, 288, 44
-0.996139, 329, 321, 360, 448
-0.996152, 29, 17, 60, 144
-0.996155, 161, 233, 288, 296
-0.996158, 105, 1, 136, 128
-0.99616, 113, 133, 240, 164
-0.996169, 301, 241, 316, 304
-0.99622, 193, 353, 320, 416
-0.996225, 249, 145, 264, 208
-0.996228, 145, 53, 272, 84
-0.99624, 279, 321, 294, 384
-0.996249, 79, 49, 94, 112
-0.99625, 101, 57, 116, 120
-0.996255, 225, 233, 352, 264
-0.996261, 285, 217, 300, 280
-0.996268, 321, 121, 448, 184
-0.996278, 175, 17, 190, 80
-0.996286, 1, 293, 128, 324
-0.99629, 145, 25, 272, 56
-0.996307, 241, 213, 368, 244
-0.996326, 101, 281, 116, 344
-0.996327, 177, 1, 304, 32
-0.996336, 109, 65, 140, 320
-0.996341, 65, 41, 80, 104
-0.996353, 1, 101, 128, 132
-0.996367, 53, 33, 68, 96
-0.996389, 241, 297, 368, 328
-0.996395, 277, 193, 292, 256
-0.996407, 29, 81, 44, 144
-0.996414, 277, 217, 292, 280
-0.99642, 137, 73, 152, 136
-0.996423, 1, 77, 128, 108
-0.996429, 225, 245, 352, 276
-0.996438, 153, 33, 184, 288
-0.996447, 163, 57, 178, 120
-0.996455, 215, 121, 230, 184
-0.996471, 1, 345, 256, 408
-0.996474, 193, 201, 320, 232
-0.996475, 1, 217, 486, 280
-0.996479, 321, 81, 448, 112
-0.996495, 193, 433, 448, 496
-0.996502, 273, 97, 304, 352
-0.996506, 329, 297, 344, 360
-0.996521, 241, 129, 272, 384
-0.996527, 113, 197, 240, 228
-0.996532, 1, 385, 486, 448
-0.996535, 257, 261, 384, 292
-0.996543, 209, 117, 336, 148
-0.996548, 121, 73, 136, 136
-0.99657, 145, 57, 160, 120
-0.996576, 91, 289, 106, 352
-0.99658, 137, 337, 200, 464
-0.996581, 291, 217, 306, 280
-0.996587, 113, 433, 240, 496
-0.99661, 307, 297, 322, 360
-0.996628, 145, 81, 160, 144
-0.996642, 261, 193, 276, 256
-0.996643, 97, 81, 224, 112
-0.996645, 65, 41, 192, 72
-0.996647, 1, 313, 128, 344
-0.996649, 157, 41, 172, 104
-0.996655, 91, 57, 106, 120
-0.996663, 83, 297, 98, 360
-0.996676, 1, 17, 486, 80
-0.99669, 61, 65, 76, 128
-0.996697, 113, 273, 128, 336
-0.996701, 409, 1, 424, 64
-0.996703, 243, 137, 258, 200
-0.996704, 23, 73, 38, 136
-0.996707, 171, 113, 186, 176
-0.996713, 209, 309, 336, 340
-0.996719, 185, 1, 216, 256
-0.996738, 49, 81, 64, 144
-0.996745, 225, 157, 352, 188
-0.996745, 225, 393, 480, 456
-0.996747, 305, 249, 432, 280
-0.996751, 113, 145, 240, 176
-0.996753, 199, 153, 214, 216
-0.996758, 329, 233, 344, 296
-0.996763, 225, 129, 352, 160
-0.996771, 93, 33, 124, 288
-0.996773, 209, 189, 336, 220
-0.996804, 1, 161, 486, 224
-0.996809, 35, 65, 50, 128
-0.99681, 289, 285, 416, 316
-0.996815, 181, 9, 196, 72
-0.996817, 1, 137, 486, 200
-0.996821, 193, 213, 320, 244
-0.996823, 1, 417, 128, 448
-0.996836, 433, 1, 448, 64
-0.996852, 241, 201, 368, 232
-0.996854, 225, 369, 480, 432
-0.996857, 471, 281, 486, 344
-0.996858, 201, 97, 232, 352
-0.996871, 311, 257, 326, 320
-0.996871, 257, 321, 384, 352
-0.996871, 11, 97, 26, 160
-0.996879, 267, 241, 282, 304
-0.996896, 97, 313, 352, 376
-0.996897, 353, 41, 480, 72
-0.996907, 273, 313, 288, 376
-0.996912, 187, 169, 202, 232
-0.996913, 275, 265, 290, 328
-0.996914, 321, 53, 448, 84
-0.996919, 273, 225, 400, 256
-0.996929, 9, 65, 40, 320
-0.996932, 353, 257, 368, 320
-0.996943, 319, 265, 334, 328
-0.996965, 305, 273, 320, 336
-0.996969, 249, 169, 264, 232
-0.996972, 255, 185, 270, 248
-0.996976, 287, 321, 302, 384
-0.996977, 49, 269, 176, 300
-0.996979, 61, 33, 92, 288
-0.996984, 93, 233, 108, 296
-0.99699, 175, 137, 190, 200
-0.997004, 327, 273, 342, 336
-0.997006, 409, 25, 424, 88
-0.997012, 153, 169, 168, 232
-0.997023, 187, 1, 202, 64
-0.997027, 1, 145, 16, 208
-0.997027, 205, 169, 220, 232
-0.99703, 81, 121, 208, 152
-0.997047, 1, 121, 128, 152
-0.997047, 269, 193, 300, 448
-0.997054, 269, 169, 284, 232
-0.997065, 113, 157, 240, 188
-0.997077, 11, 121, 26, 184
-0.997078, 113, 173, 240, 204
-0.99708, 49, 305, 176, 336
-0.997085, 205, 105, 220, 168
-0.997088, 81, 249, 96, 312
-0.997099, 105, 209, 120, 272
-0.9971, 145, 177, 160, 240
-0.9971, 225, 177, 352, 208
-0.99712, 353, 13, 480, 44
-0.99712, 273, 113, 400, 144
-0.997122, 49, 85, 176, 116
-0.997124, 65, 249, 192, 280
-0.997132, 241, 85, 368, 116
-0.997133, 1, 445, 128, 476
-0.997133, 283, 289, 298, 352
-0.997136, 337, 69, 464, 100
-0.997138, 235, 113, 250, 176
-0.997143, 199, 97, 214, 160
-0.997144, 67, 273, 82, 336
-0.997148, 99, 217, 114, 280
-0.997149, 455, 25, 470, 88
-0.997151, 129, 213, 256, 244
-0.997159, 145, 469, 272, 500
-0.997161, 17, 385, 144, 416
-0.997163, 1, 269, 128, 300
-0.997164, 427, 1, 442, 64
-0.997171, 217, 97, 248, 352
-0.997172, 75, 305, 90, 368
-0.997173, 17, 401, 144, 432
-0.997179, 345, 281, 360, 344
-0.99719, 33, 369, 160, 400
-0.997193, 139, 177, 154, 240
-0.997201, 45, 1, 76, 256
-0.997227, 91, 265, 106, 328
-0.99723, 305, 93, 432, 124
-0.997248, 259, 129, 274, 192
-0.997248, 305, 345, 432, 376
-0.99725, 59, 281, 74, 344
-0.997251, 55, 81, 70, 144
-0.997252, 225, 25, 480, 88
-0.997256, 377, 1, 408, 256
-0.997264, 165, 161, 180, 224
-0.997265, 337, 225, 368, 480
-0.997265, 321, 217, 448, 248
-0.997266, 403, 1, 418, 64
-0.997266, 337, 297, 352, 360
-0.997266, 59, 361, 74, 424
-0.99727, 287, 257, 302, 320
-0.997272, 281, 249, 296, 312
-0.997273, 65, 293, 192, 324
-0.997284, 177, 225, 304, 256
-0.997285, 241, 61, 368, 92
-0.997285, 81, 229, 208, 260
-0.997292, 159, 161, 174, 224
-0.997295, 441, 1, 472, 256
-0.997305, 247, 113, 262, 176
-0.997312, 209, 325, 336, 356
-0.997314, 129, 1, 256, 32
-0.997319, 417, 1, 432, 64
-0.997322, 253, 121, 268, 184
-0.997337, 205, 133, 220, 164
-0.997339, 257, 101, 384, 132
-0.997344, 129, 177, 144, 240
-0.997346, 273, 29, 400, 60
-0.997352, 1, 429, 128, 460
-0.997355, 73, 33, 104, 288
-0.997362, 185, 97, 216, 352
-0.997364, 223, 105, 238, 168
-0.99737, 145, 109, 272, 140
-0.997376, 145, 81, 272, 112
-0.997386, 289, 69, 416, 100
-0.997386, 175, 161, 190, 224
-0.997387, 225, 141, 352, 172
-0.997389, 267, 305, 282, 368
-0.997394, 107, 281, 122, 344
-0.997396, 455, 1, 470, 64
-0.997398, 403, 25, 418, 88
-0.997404, 1, 337, 128, 368
-0.997409, 87, 241, 102, 304
-0.997409, 1, 409, 486, 472
-0.997416, 353, 1, 480, 32
-0.997418, 313, 257, 344, 500
-0.99743, 65, 321, 192, 352
-0.997452, 321, 229, 448, 260
-0.997456, 229, 97, 260, 352
-0.997461, 321, 273, 448, 304
-0.997465, 425, 193, 486, 320
-0.997466, 29, 65, 60, 320
-0.99747, 187, 121, 202, 152
-0.997473, 325, 225, 356, 480
-0.997479, 1, 325, 128, 356
-0.99748, 321, 325, 448, 356
-0.997483, 1, 241, 128, 272
-0.997491, 353, 289, 480, 320
-0.997498, 353, 29, 480, 60
-0.997498, 1, 257, 128, 288
-0.9975, 321, 313, 448, 344
-0.997504, 33, 197, 160, 228
-0.997508, 145, 353, 272, 416
-0.997531, 209, 97, 336, 128
-0.997539, 1, 141, 128, 172
-0.997554, 81, 281, 208, 312
-0.99758, 197, 137, 212, 168
-0.997595, 81, 225, 112, 480
-0.997598, 33, 169, 160, 200
-0.997598, 193, 289, 320, 320
-0.99761, 337, 261, 464, 292
-0.997616, 81, 109, 208, 140
-0.997621, 193, 65, 320, 96
-0.997624, 453, 1, 484, 256
-0.997631, 285, 193, 316, 448
-0.997635, 65, 153, 192, 184
-0.997644, 81, 217, 208, 248
-0.997647, 257, 349, 384, 380
-0.997654, 209, 273, 336, 304
-0.997661, 209, 413, 336, 444
-0.997675, 273, 41, 400, 72
-0.997684, 321, 385, 448, 416
-0.997687, 1, 97, 486, 160
-0.997695, 193, 437, 320, 468
-0.997697, 429, 1, 460, 256
-0.997699, 33, 357, 160, 388
-0.997727, 81, 21, 208, 52
-0.997748, 75, 49, 90, 80
-0.997749, 1, 465, 128, 496
-0.997763, 211, 133, 226, 164
-0.997769, 129, 225, 256, 256
-0.997772, 193, 453, 320, 484
-0.997779, 353, 361, 480, 392
-0.997786, 209, 341, 336, 372
-0.997789, 413, 1, 444, 256
-0.997793, 117, 161, 148, 416
-0.997793, 193, 261, 320, 292
-0.9978, 321, 397, 448, 428
-0.997804, 147, 65, 162, 96
-0.997809, 353, 341, 480, 372
-0.997822, 251, 169, 266, 200
-0.997831, 323, 305, 338, 336
-0.99784, 289, 421, 416, 452
-0.997843, 1, 213, 128, 244
-0.997853, 349, 257, 380, 500
-0.997853, 189, 141, 204, 172
-0.997855, 49, 9, 176, 72
-0.99789, 301, 257, 332, 500
-0.997895, 129, 161, 160, 416
-0.997896, 293, 97, 324, 352
-0.997911, 257, 161, 272, 192
-0.997912, 59, 73, 74, 104
-0.997914, 173, 97, 204, 352
-0.997919, 69, 225, 100, 480
-0.99793, 107, 65, 122, 96
-0.99794, 101, 193, 132, 448
-0.99795, 181, 125, 196, 156
-0.997958, 329, 97, 360, 352
-0.997959, 45, 81, 60, 112
-0.997963, 51, 57, 66, 88
-0.997965, 187, 177, 202, 208
-0.997972, 49, 69, 64, 100
-0.997973, 195, 125, 210, 156
-0.997975, 11, 113, 26, 144
-0.997978, 39, 81, 54, 112
-0.997984, 233, 1, 264, 256
-0.998, 349, 1, 380, 256
-0.998006, 53, 81, 68, 112
-0.998017, 157, 69, 172, 100
-0.998038, 117, 77, 132, 108
-0.998044, 257, 185, 272, 216
-0.998049, 315, 305, 330, 336
-0.99805, 181, 137, 196, 168
-0.998072, 131, 77, 146, 108
-0.998076, 245, 33, 276, 288
-0.998077, 263, 189, 278, 220
-0.998087, 201, 1, 232, 256
-0.998095, 167, 41, 182, 72
-0.998095, 265, 177, 280, 208
-0.998096, 61, 41, 76, 72
-0.998098, 175, 117, 190, 148
-0.998102, 139, 73, 154, 104
-0.998114, 27, 81, 42, 112
-0.998119, 265, 1, 296, 256
-0.998142, 303, 297, 318, 328
-0.998152, 167, 57, 182, 88
-0.998187, 365, 1, 396, 256
-0.998196, 289, 225, 304, 256
-0.998206, 293, 1, 324, 256
-0.998214, 43, 69, 58, 100
-0.998215, 15, 89, 30, 120
-0.998218, 275, 197, 290, 228
-0.998225, 97, 353, 224, 416
-0.998226, 41, 61, 104, 76
-0.998235, 245, 161, 260, 192
-0.998237, 317, 97, 348, 352
-0.998239, 179, 17, 194, 48
-0.998241, 69, 53, 84, 84
-0.998243, 203, 145, 218, 176
-0.998244, 5, 121, 20, 152
-0.998246, 401, 1, 432, 256
-0.998251, 169, 127, 232, 142
-0.998253, 101, 65, 116, 96
-0.998256, 251, 153, 266, 184
-0.998261, 283, 333, 298, 364
-0.998273, 161, 57, 176, 88
-0.998277, 389, 1, 420, 256
-0.998285, 273, 137, 400, 200
-0.998301, 161, 129, 192, 384
-0.998307, 265, 201, 280, 232
-0.998316, 35, 69, 50, 100
-0.998328, 113, 77, 176, 92
-0.99833, 329, 309, 344, 340
-0.998332, 87, 57, 102, 88
-0.998334, 149, 77, 164, 108
-0.998336, 81, 61, 96, 92
-0.998347, 55, 45, 70, 76
-0.99837, 143, 85, 158, 116
-0.998372, 299, 241, 314, 272
-0.998378, 177, 161, 192, 192
-0.998381, 175, 129, 190, 160
-0.998382, 305, 249, 320, 280
-0.998387, 57, 369, 72, 400
-0.998393, 271, 185, 286, 216
-0.998395, 277, 329, 292, 360
-0.998403, 113, 71, 176, 86
-0.998403, 201, 137, 264, 152
-0.998406, 185, 17, 200, 48
-0.998408, 245, 145, 260, 176
-0.998409, 281, 209, 296, 240
-0.998413, 169, 117, 184, 148
-0.998414, 201, 143, 264, 158
-0.998414, 471, 285, 486, 316
-0.998417, 63, 365, 78, 396
-0.998419, 65, 69, 128, 84
-0.998419, 177, 149, 240, 164
-0.99842, 9, 85, 72, 100
-0.998422, 61, 301, 92, 316
-0.998422, 229, 125, 260, 140
-0.998423, 81, 69, 112, 84
-0.998423, 9, 141, 40, 156
-0.998424, 145, 183, 176, 198
-0.998425, 65, 73, 96, 88
-0.998425, 269, 223, 300, 238
-0.998425, 289, 285, 320, 300
-0.998425, 165, 161, 196, 176
-0.998426, 237, 157, 268, 172
-0.998426, 257, 277, 288, 292
-0.998426, 109, 281, 140, 296
-0.998428, 95, 65, 110, 96
-0.998428, 329, 281, 360, 296
-0.998428, 81, 327, 112, 342
-0.998429, 117, 73, 148, 88
-0.998429, 169, 141, 200, 156
-0.998429, 25, 79, 56, 94
-0.998429, 305, 265, 336, 280
-0.998429, 237, 181, 268, 196
-0.998429, 73, 291, 104, 306
-0.99843, 189, 7, 220, 22
-0.998431, 257, 217, 288, 232
-0.998431, 257, 173, 288, 188
-0.998432, 293, 297, 324, 312
-0.998432, 225, 139, 256, 154
-0.998433, 205, 149, 236, 164
-0.998434, 9, 105, 40, 120
-0.998435, 265, 193, 296, 208
-0.998435, 245, 135, 276, 150
-0.998435, 261, 187, 292, 202
-0.998436, 305, 259, 336, 274
-0.998437, 53, 369, 84, 384
-0.998437, 289, 329, 320, 344
-0.998437, 213, 127, 244, 142
-0.998437, 217, 129, 232, 160
-0.998438, 45, 313, 76, 328
-0.998439, 93, 293, 124, 308
-0.99844, 277, 333, 308, 348
-0.99844, 289, 253, 320, 268
-0.998442, 273, 303, 304, 318
-0.998442, 177, 23, 208, 38
-0.998443, 49, 93, 64, 124
-0.998443, 1, 345, 32, 360
-0.998443, 281, 243, 312, 258
-0.998443, 161, 129, 192, 144
-0.998444, 137, 87, 168, 102
-0.998444, 193, 175, 224, 190
-0.998445, 369, 241, 432, 368
-0.998446, 293, 259, 324, 274
-0.998446, 121, 189, 152, 204
-0.998446, 289, 297, 304, 328
-0.998447, 105, 287, 136, 302
-0.998448, 41, 65, 72, 80
-0.998448, 261, 283, 292, 298
-0.99845, 117, 275, 148, 290
-0.998451, 301, 321, 332, 336
-0.998451, 181, 185, 212, 200
-0.998452, 161, 61, 192, 76
-0.998452, 269, 297, 300, 312
-0.998452, 141, 161, 172, 416
-0.998453, 125, 85, 140, 116
-0.998454, 257, 1, 384, 64
-0.998456, 257, 179, 288, 194
-0.998456, 161, 123, 192, 138
-0.998456, 229, 163, 260, 178
-0.998457, 289, 291, 320, 306
-0.998458, 189, 191, 220, 206
-0.998458, 149, 177, 180, 192
-0.998459, 153, 81, 184, 96
-0.998459, 265, 291, 296, 306
-0.998459, 253, 161, 284, 176
-0.998459, 269, 205, 300, 220
-0.99846, 249, 185, 280, 200
-0.99846, 273, 229, 304, 244
-0.99846, 145, 179, 208, 194
-0.998461, 173, 117, 204, 132
-0.998461, 309, 249, 340, 264
-0.998462, 305, 301, 336, 316
-0.998463, 65, 55, 96, 70
-0.998464, 245, 175, 276, 190
-0.998465, 49, 93, 80, 108
-0.998465, 145, 123, 208, 138
-0.998465, 161, 167, 192, 182
-0.998467, 81, 63, 112, 78
-0.998468, 253, 193, 284, 208
-0.998468, 309, 313, 340, 328
-0.998468, 293, 309, 324, 324
-0.998469, 61, 363, 92, 378
-0.99847, 189, 123, 220, 138
-0.99847, 37, 89, 68, 104
-0.99847, 165, 67, 196, 82
-0.99847, 17, 117, 32, 148
-0.998471, 3, 145, 18, 176
-0.998472, 1, 147, 32, 162
-0.998474, 349, 219, 380, 234
-0.998475, 185, 1, 216, 16
-0.998477, 345, 285, 360, 316
-0.998477, 9, 89, 40, 104
-0.998477, 1, 127, 32, 142
-0.998477, 109, 193, 140, 208
-0.998478, 169, 133, 232, 148
-0.998481, 173, 37, 188, 68
-0.998481, 233, 121, 248, 152
-0.998482, 173, 31, 204, 46
-0.998482, 335, 277, 350, 308
-0.998482, 57, 79, 88, 94
-0.998484, 149, 65, 180, 80
-0.998486, 49, 225, 80, 480
-0.998486, 205, 143, 236, 158
-0.998487, 53, 55, 84, 70
-0.998488, 165, 49, 196, 64
-0.998489, 177, 17, 208, 32
-0.998489, 105, 79, 136, 94
-0.99849, 233, 171, 264, 186
-0.998491, 37, 77, 68, 92
-0.998493, 261, 199, 292, 214
-0.998495, 3, 133, 18, 164
-0.998496, 179, 29, 194, 60
-0.998496, 289, 329, 304, 360
-0.998497, 329, 305, 360, 320
-0.998499, 73, 357, 88, 388
-0.998501, 311, 257, 326, 288
-0.998504, 1, 433, 486, 496
-0.998506, 295, 305, 310, 336
-0.998507, 49, 87, 80, 102
-0.998507, 65, 61, 96, 76
-0.99851, 169, 135, 200, 150
-0.99851, 165, 43, 196, 58
-0.998511, 181, 145, 212, 160
-0.998513, 153, 71, 184, 86
-0.998514, 173, 129, 204, 144
-0.998517, 217, 133, 248, 148
-0.998519, 293, 303, 324, 318
-0.99852, 249, 199, 280, 214
-0.99852, 257, 293, 320, 308
-0.998522, 165, 37, 196, 52
-0.998525, 187, 1, 202, 32
-0.998526, 95, 237, 110, 268
-0.998526, 37, 83, 68, 98
-0.998526, 181, 109, 196, 140
-0.998526, 109, 281, 124, 312
-0.998527, 41, 55, 104, 70
-0.998528, 245, 167, 276, 182
-0.998531, 251, 181, 266, 212
-0.998531, 335, 305, 350, 336
-0.998532, 149, 59, 180, 74
-0.998537, 5, 121, 36, 136
-0.998538, 137, 71, 168, 86
-0.998542, 181, 139, 212, 154
-0.998544, 121, 81, 152, 96
-0.998549, 145, 181, 160, 212
-0.998551, 9, 91, 72, 106
-0.998556, 355, 261, 370, 292
-0.998557, 63, 57, 78, 88
-0.998564, 205, 135, 236, 150
-0.998566, 257, 225, 288, 480
-0.998567, 45, 71, 76, 86
-0.998568, 227, 121, 242, 152
-0.998569, 83, 301, 98, 332
-0.998571, 93, 69, 124, 84
-0.998571, 337, 229, 352, 260
-0.998572, 57, 49, 88, 64
-0.998573, 329, 297, 344, 328
-0.998573, 21, 77, 36, 108
-0.998573, 195, 177, 210, 208
-0.998574, 155, 169, 170, 200
-0.998574, 185, 151, 216, 166
-0.998575, 313, 307, 344, 322
-0.998576, 185, 131, 216, 146
-0.998576, 133, 77, 164, 92
-0.998576, 283, 289, 298, 320
-0.998579, 9, 137, 24, 168
-0.99858, 265, 305, 328, 320
-0.998584, 299, 285, 314, 316
-0.998586, 277, 249, 292, 280
-0.998587, 113, 83, 176, 98
-0.998589, 95, 293, 110, 324
-0.99859, 41, 67, 104, 82
-0.998591, 193, 145, 224, 160
-0.998593, 15, 77, 30, 108
-0.998594, 209, 167, 272, 182
-0.998595, 239, 141, 254, 172
-0.998595, 457, 257, 486, 500
-0.998596, 25, 85, 56, 100
-0.998599, 57, 61, 72, 92
-0.9986, 163, 69, 178, 100
-0.998601, 325, 261, 340, 292
-0.998604, 33, 79, 96, 94
-0.998609, 247, 197, 262, 228
-0.998611, 45, 57, 60, 88
-0.998613, 75, 309, 90, 340
-0.998614, 7, 341, 22, 372
-0.998614, 125, 73, 140, 104
-0.998615, 205, 177, 220, 208
-0.998616, 193, 137, 224, 152
-0.998616, 243, 117, 258, 148
-0.998623, 213, 197, 228, 228
-0.998629, 103, 285, 118, 316
-0.998634, 281, 1, 312, 256
-0.998634, 117, 273, 132, 304
-0.998638, 321, 245, 336, 276
-0.998639, 331, 237, 346, 268
-0.998644, 177, 123, 208, 138
-0.998644, 135, 185, 150, 216
-0.998645, 301, 317, 316, 348
-0.998647, 183, 149, 198, 180
-0.998648, 277, 221, 292, 252
-0.998649, 299, 257, 314, 288
-0.998655, 161, 49, 224, 64
-0.998664, 313, 307, 376, 322
-0.998665, 161, 37, 224, 52
-0.998672, 193, 131, 256, 146
-0.998675, 209, 173, 272, 188
-0.99868, 297, 295, 360, 310
-0.998684, 9, 97, 72, 112
-0.99869, 321, 245, 384, 260
-0.998701, 289, 247, 352, 262
-0.998711, 265, 299, 328, 314
-0.998714, 169, 141, 232, 156
-0.998714, 137, 73, 200, 88
-0.998716, 161, 55, 224, 70
-0.998719, 321, 239, 384, 254
-0.998723, 161, 63, 224, 78
-0.998725, 225, 217, 288, 232
-0.998727, 221, 1, 252, 256
-0.998728, 249, 269, 312, 284
-0.998731, 145, 173, 208, 188
-0.998733, 1, 145, 64, 160
-0.998735, 249, 165, 312, 180
-0.998738, 177, 159, 240, 174
-0.998743, 329, 231, 392, 246
-0.998755, 257, 287, 320, 302
-0.998764, 145, 137, 208, 152
-0.998764, 49, 371, 112, 386
-0.998766, 305, 97, 336, 352
-0.998767, 41, 49, 104, 64
-0.998769, 341, 97, 372, 352
-0.998771, 193, 121, 256, 136
-0.998772, 137, 65, 200, 80
-0.998772, 169, 121, 232, 136
-0.998773, 289, 301, 352, 316
-0.998773, 281, 257, 344, 272
-0.998776, 1, 125, 64, 140
-0.998778, 217, 189, 280, 204
-0.998782, 225, 207, 288, 222
-0.998786, 169, 23, 232, 38
-0.998789, 209, 305, 272, 432
-0.99879, 313, 261, 376, 276
-0.998795, 257, 277, 320, 292
-0.998799, 233, 223, 296, 238
-0.9988, 97, 223, 160, 238
-0.998806, 337, 1, 368, 256
-0.998806, 225, 125, 288, 140
-0.998806, 89, 77, 152, 92
-0.998806, 213, 193, 244, 448
-0.998809, 137, 83, 200, 98
-0.998809, 1, 119, 64, 134
-0.998812, 185, 1, 248, 16
-0.998815, 65, 75, 128, 90
-0.998816, 225, 201, 288, 216
-0.998819, 33, 87, 96, 102
-0.998823, 57, 279, 120, 294
-0.998824, 273, 269, 336, 284
-0.998825, 289, 311, 352, 326
-0.99883, 281, 289, 344, 304
-0.998831, 289, 231, 352, 246
-0.998833, 33, 73, 96, 88
-0.998841, 185, 15, 248, 30
-0.998841, 265, 251, 328, 266
-0.998841, 1, 103, 64, 118
-0.998842, 409, 31, 472, 46
-0.99885, 97, 191, 160, 206
-0.998853, 153, 147, 216, 162
-0.998862, 137, 185, 200, 200
-0.998862, 137, 59, 200, 74
-0.998864, 185, 7, 248, 22
-0.998864, 249, 177, 312, 192
-0.998865, 249, 171, 312, 186
-0.998867, 169, 191, 232, 206
-0.998868, 249, 263, 312, 278
-0.998869, 313, 253, 376, 268
-0.99887, 169, 31, 232, 46
-0.998873, 89, 237, 152, 252
-0.998877, 225, 195, 288, 210
-0.998877, 49, 97, 112, 112
-0.998878, 297, 321, 360, 336
-0.99888, 305, 287, 368, 302
-0.998881, 33, 407, 96, 422
-0.998882, 65, 271, 128, 286
-0.998887, 273, 317, 336, 332
-0.998887, 289, 263, 352, 278
-0.998891, 57, 365, 120, 380
-0.998891, 209, 161, 272, 176
-0.998892, 81, 277, 144, 292
-0.998894, 49, 285, 112, 300
-0.998895, 145, 129, 208, 144
-0.998895, 241, 135, 304, 150
-0.998895, 249, 121, 312, 136
-0.998898, 265, 333, 328, 348
-0.998902, 265, 211, 328, 226
-0.998903, 313, 275, 376, 290
-0.998905, 249, 183, 312, 198
-0.998907, 201, 149, 264, 164
-0.998911, 113, 321, 240, 384
-0.998914, 241, 451, 304, 466
-0.998914, 97, 65, 160, 80
-0.998915, 73, 295, 136, 310
-0.998917, 345, 219, 408, 234
-0.998918, 153, 167, 216, 182
-0.998919, 65, 209, 128, 224
-0.998919, 417, 25, 480, 40
-0.998921, 97, 287, 160, 302
-0.998929, 265, 311, 328, 326
-0.99893, 217, 131, 280, 146
-0.998931, 161, 289, 224, 416
-0.998931, 297, 281, 360, 296
-0.998933, 281, 327, 344, 342
-0.998933, 105, 217, 168, 232
-0.998934, 209, 183, 272, 198
-0.998934, 177, 173, 240, 188
-0.998935, 73, 63, 136, 78
-0.99894, 1, 131, 64, 146
-0.998941, 73, 307, 136, 322
-0.998941, 161, 43, 224, 58
-0.998943, 257, 191, 320, 206
-0.998945, 329, 225, 392, 240
-0.998949, 397, 257, 428, 500
-0.998965, 191, 113, 206, 240
-0.99898, 167, 33, 182, 160
-0.998985, 177, 1, 192, 128
-0.999011, 321, 1, 352, 256
-0.999027, 409, 225, 440, 480
-0.999033, 197, 129, 212, 256
-0.999046, 205, 113, 220, 240
-0.999047, 305, 1, 336, 256
-0.999051, 59, 33, 74, 160
-0.999092, 85, 241, 100, 368
-0.999101, 279, 273, 294, 400
-0.999106, 179, 113, 194, 240
-0.99911, 279, 225, 294, 352
-0.99911, 5, 113, 20, 240
-0.999115, 315, 257, 330, 384
-0.999117, 303, 241, 318, 368
-0.99912, 185, 113, 200, 240
-0.999121, 213, 113, 228, 240
-0.999123, 77, 49, 92, 176
-0.999123, 91, 49, 106, 176
-0.999127, 323, 241, 338, 368
-0.999128, 287, 209, 302, 336
-0.999135, 31, 65, 46, 192
-0.999135, 365, 257, 396, 500
-0.99914, 71, 33, 86, 160
-0.999142, 39, 65, 54, 192
-0.999143, 109, 49, 124, 176
-0.999144, 295, 225, 310, 352
-0.999145, 103, 49, 118, 176
-0.999148, 53, 33, 68, 160
-0.999153, 225, 193, 256, 448
-0.999154, 95, 225, 110, 352
-0.999165, 147, 49, 162, 176
-0.999166, 125, 65, 140, 192
-0.999166, 161, 329, 288, 392
-0.99917, 85, 129, 116, 384
-0.999176, 65, 33, 80, 160
-0.999183, 25, 65, 40, 192
-0.999184, 289, 289, 304, 416
-0.999185, 141, 49, 156, 176
-0.999186, 261, 161, 276, 288
-0.999186, 273, 257, 288, 384
-0.999188, 73, 257, 88, 384
-0.999189, 157, 65, 172, 192
-0.999191, 253, 161, 268, 288
-0.999192, 173, 113, 188, 240
-0.999194, 309, 241, 324, 368
-0.999206, 45, 65, 60, 192
-0.999207, 115, 65, 130, 192
-0.99921, 335, 225, 350, 352
-0.999212, 323, 289, 338, 416
-0.999214, 65, 273, 80, 400
-0.999222, 237, 225, 268, 480
-0.999224, 357, 193, 372, 320
-0.999225, 53, 129, 84, 384
-0.999227, 273, 209, 288, 336
-0.999229, 271, 305, 286, 432
-0.999231, 11, 81, 26, 208
-0.999232, 97, 49, 112, 176
-0.999247, 83, 49, 98, 176
-0.999253, 271, 129, 286, 256
-0.999255, 131, 65, 146, 192
-0.999258, 463, 1, 478, 128
-0.999259, 121, 273, 184, 400
-0.999265, 101, 225, 116, 352
-0.999268, 255, 113, 270, 240
-0.999268, 143, 177, 158, 304
-0.999268, 329, 225, 344, 352
-0.99927, 279, 321, 294, 448
-0.999275, 403, 1, 418, 128
-0.999278, 17, 81, 32, 208
-0.999281, 425, 257, 456, 500
-0.999288, 267, 177, 282, 304
-0.999289, 197, 81, 212, 208
-0.999291, 79, 241, 94, 368
-0.999291, 321, 81, 336, 208
-0.999303, 309, 289, 324, 416
-0.999305, 471, 273, 486, 400
-0.999309, 341, 209, 356, 336
-0.99931, 245, 97, 260, 224
-0.999311, 93, 273, 108, 400
-0.999313, 51, 81, 66, 208
-0.999315, 299, 251, 314, 266
-0.999316, 93, 295, 108, 310
-0.999316, 185, 161, 200, 288
-0.999317, 51, 61, 66, 76
-0.999318, 121, 193, 136, 320
-0.999319, 215, 65, 230, 192
-0.999319, 175, 163, 190, 178
-0.999319, 297, 273, 312, 400
-0.999321, 345, 289, 360, 304
-0.999322, 93, 63, 108, 78
-0.999322, 273, 247, 288, 262
-0.999323, 7, 343, 22, 358
-0.999323, 67, 361, 82, 376
-0.999324, 265, 203, 280, 218
-0.999325, 189, 129, 204, 144
-0.999325, 281, 219, 296, 234
-0.999326, 165, 145, 180, 272
-0.999327, 309, 259, 324, 274
-0.999327, 453, 17, 468, 144
-0.999327, 85, 329, 100, 344
-0.999328, 113, 279, 128, 294
-0.999329, 295, 261, 310, 276
-0.99933, 15, 105, 30, 120
-0.99933, 315, 81, 330, 208
-0.999331, 5, 149, 20, 164
-0.999331, 267, 257, 282, 384
-0.999334, 285, 97, 300, 224
-0.999334, 107, 257, 122, 384
-0.999335, 347, 209, 362, 336
-0.999335, 111, 209, 126, 336
-0.999336, 67, 93, 82, 108
-0.999336, 191, 17, 206, 32
-0.999337, 79, 289, 94, 416
-0.99934, 127, 177, 142, 304
-0.999342, 277, 161, 292, 288
-0.999343, 445, 17, 460, 144
-0.999344, 125, 77, 140, 92
-0.999345, 331, 273, 346, 400
-0.999346, 149, 81, 164, 96
-0.999346, 187, 181, 202, 196
-0.999348, 55, 273, 70, 400
-0.999352, 55, 89, 70, 104
-0.999353, 153, 161, 168, 288
-0.999355, 115, 257, 130, 384
-0.999358, 323, 303, 338, 318
-0.999358, 191, 25, 206, 40
-0.99936, 161, 17, 176, 144
-0.999361, 389, 1, 404, 128
-0.999361, 191, 161, 206, 288
-0.999361, 363, 49, 378, 176
-0.999361, 99, 291, 114, 306
-0.999362, 247, 145, 262, 272
-0.999362, 471, 289, 486, 304
-0.999363, 471, 1, 486, 128
-0.999364, 71, 337, 86, 464
-0.999366, 159, 145, 174, 272
-0.999366, 95, 69, 110, 84
-0.999366, 87, 289, 102, 416
-0.999367, 305, 65, 320, 192
-0.999368, 183, 1, 198, 128
-0.999368, 49, 101, 64, 116
-0.999368, 151, 177, 166, 192
-0.99937, 375, 33, 390, 160
-0.999371, 67, 53, 82, 68
-0.999371, 161, 41, 176, 56
-0.999374, 187, 65, 202, 192
-0.999375, 53, 55, 68, 70
-0.999375, 271, 195, 286, 210
-0.999376, 277, 113, 292, 240
-0.999378, 111, 193, 126, 208
-0.99938, 397, 1, 412, 128
-0.99938, 221, 113, 236, 240
-0.999382, 293, 81, 308, 208
-0.999382, 337, 65, 352, 192
-0.999383, 347, 273, 362, 400
-0.999385, 203, 191, 218, 206
-0.999385, 159, 59, 174, 74
-0.999385, 375, 305, 390, 432
-0.999387, 45, 313, 60, 328
-0.999387, 21, 79, 36, 94
-0.999387, 21, 121, 36, 136
-0.999387, 181, 19, 196, 34
-0.999388, 51, 353, 66, 480
-0.999388, 439, 17, 454, 144
-0.99939, 133, 161, 148, 288
-0.99939, 187, 1, 202, 16
-0.99939, 59, 321, 74, 448
-0.999391, 425, 1, 440, 128
-0.999391, 471, 225, 486, 352
-0.999392, 241, 143, 256, 158
-0.999392, 115, 17, 130, 144
-0.999393, 147, 87, 162, 102
-0.999396, 255, 161, 270, 176
-0.999397, 47, 305, 62, 432
-0.999398, 165, 47, 180, 62
-0.999403, 353, 161, 384, 416
-0.999403, 63, 73, 78, 88
-0.999404, 261, 113, 276, 240
-0.999405, 337, 273, 352, 400
-0.999406, 383, 33, 398, 160
-0.999408, 181, 65, 196, 192
-0.99941, 57, 81, 72, 208
-0.99941, 287, 339, 302, 354
-0.99941, 109, 69, 124, 84
-0.999411, 277, 1, 292, 128
-0.999412, 197, 151, 212, 166
-0.999412, 353, 33, 368, 160
-0.999412, 167, 81, 182, 208
-0.999412, 121, 17, 136, 144
-0.999413, 173, 123, 188, 138
-0.999414, 181, 137, 196, 152
-0.999415, 369, 305, 384, 432
-0.999418, 369, 33, 384, 160
-0.999418, 217, 131, 232, 146
-0.99942, 49, 89, 64, 104
-0.99942, 261, 197, 276, 212
-0.999424, 287, 231, 302, 246
-0.999426, 37, 257, 68, 500
-0.999427, 251, 179, 266, 194
-0.99943, 9, 121, 24, 136
-0.999432, 211, 143, 226, 158
-0.999433, 149, 63, 164, 78
-0.999435, 333, 305, 348, 320
-0.99944, 183, 29, 198, 44
-0.999441, 187, 135, 202, 150
-0.999444, 305, 301, 320, 316
-0.999445, 125, 83, 140, 98
-0.999453, 139, 85, 154, 100
-0.999454, 211, 133, 226, 148
-0.999458, 29, 83, 44, 98
-0.999458, 173, 37, 188, 52
-0.999464, 137, 79, 152, 94
-0.999464, 5, 127, 20, 142
-0.999476, 263, 179, 278, 194
-0.999479, 87, 69, 102, 84
-0.999481, 157, 65, 172, 80
-0.999489, 15, 89, 30, 104
-0.999491, 255, 185, 270, 200
-0.999493, 291, 333, 306, 348
-0.999496, 45, 61, 60, 76
-0.999499, 275, 201, 290, 216
-0.9995, 57, 43, 72, 58
-0.999505, 245, 167, 260, 182
-0.999508, 259, 173, 274, 188
-0.999511, 175, 133, 190, 148
-0.999515, 35, 73, 50, 88
-0.999526, 141, 71, 156, 86
-0.999533, 41, 69, 56, 84
-0.999535, 13, 115, 28, 130
-0.999538, 267, 187, 282, 202
-0.999539, 59, 79, 74, 94
-0.999543, 167, 67, 182, 82
-0.999549, 55, 69, 70, 84
-0.999558, 157, 73, 172, 88
-0.999559, 203, 147, 218, 162
-0.999561, 195, 131, 210, 146
-0.999561, 445, 193, 476, 448
-0.999561, 77, 59, 92, 74
-0.999561, 61, 49, 76, 64
-0.999565, 279, 333, 294, 348
-0.999565, 41, 77, 56, 92
-0.999571, 175, 117, 190, 132
-0.999578, 385, 257, 416, 500
-0.999597, 315, 307, 330, 322
-0.9996, 69, 129, 100, 384
-0.999605, 257, 191, 272, 206
-0.999606, 115, 79, 130, 94
-0.999616, 47, 77, 62, 92
-0.999618, 149, 69, 164, 84
-0.99962, 51, 83, 66, 98
-0.999621, 49, 71, 64, 86
-0.999629, 167, 41, 182, 56
-0.999636, 183, 129, 198, 144
-0.999662, 49, 95, 64, 110
-0.999668, 87, 63, 102, 78
-0.999673, 167, 61, 182, 76
-0.999677, 39, 83, 54, 98
-0.999678, 247, 173, 262, 188
-0.999682, 201, 141, 216, 156
-0.999685, 15, 121, 30, 136
-0.999686, 189, 147, 204, 162
-0.999689, 73, 53, 88, 68
-0.999689, 285, 225, 300, 240
-0.999695, 131, 81, 146, 96
-0.999706, 187, 141, 202, 156
-0.999728, 147, 75, 162, 90
-0.999746, 195, 139, 210, 154
-0.999763, 103, 67, 118, 82
-0.999766, 369, 97, 400, 352
-0.999769, 41, 97, 72, 352
-0.999838, 179, 123, 194, 138
-0.99985, 323, 309, 338, 324
-0.999853, 189, 123, 204, 138
-0.999976, 1, 161, 32, 416
-1.00009, 21, 257, 52, 500
-1.00011, 255, 167, 270, 182
-1.00011, 195, 145, 210, 160
-1.00012, 125, 257, 156, 500
-1.00014, 29, 161, 60, 416
-1.00014, 353, 169, 480, 232
-1.00017, 201, 193, 232, 448
-1.00018, 205, 135, 220, 150
-1.00026, 173, 193, 204, 448
-1.00029, 393, 97, 424, 352
-1.00029, 321, 401, 448, 464
-1.00031, 185, 193, 216, 448
-1.00033, 381, 97, 412, 352
-1.00037, 417, 97, 448, 352
-1.00038, 457, 161, 486, 416
-1.00041, 113, 257, 144, 500
-1.00046, 445, 97, 476, 352
-1.00047, 17, 161, 48, 416
-1.00051, 433, 161, 464, 416
-1.00054, 393, 209, 456, 336
-1.00059, 1, 257, 32, 500
-1.0006, 425, 145, 486, 272
-1.00065, 305, 169, 432, 232
-1.00079, 321, 145, 448, 208
-1.0008, 153, 225, 184, 480
-1.00083, 405, 129, 436, 384
-1.001, 141, 257, 172, 500
-1.00114, 113, 241, 240, 304
-1.00123, 185, 273, 248, 400
-1.0016, 289, 193, 416, 256
-1.00195, 1, 1, 128, 64
-1.00199, 401, 113, 464, 240
-1.0034, 385, 161, 448, 288
-1.00345, 385, 353, 448, 480
-1.0035, 161, 225, 224, 352
-1.00356, 353, 425, 480, 488
-1.00504, 185, 225, 248, 352
-1.0081, 425, 353, 486, 480
