1924
-0.306371, 1, 1, 333, 500
-0.459761, 1, 129, 333, 384
-0.488811, 33, 1, 288, 500
-0.490492, 1, 33, 333, 288
-0.630936, 33, 129, 288, 384
-0.682654, 65, 33, 320, 288
-0.685994, 1, 225, 333, 480
-0.804781, 65, 225, 320, 480
-0.869228, 209, 1, 333, 500
-0.873021, 161, 129, 288, 384
-0.8756, 129, 1, 256, 500
-0.876074, 65, 1, 192, 500
-0.879908, 113, 129, 240, 384
-0.886606, 33, 129, 160, 384
-0.887331, 17, 1, 144, 500
-0.887467, 209, 129, 333, 384
-0.890196, 129, 33, 256, 288
-0.894631, 193, 33, 320, 288
-0.89615, 65, 33, 192, 288
-0.902355, 1, 129, 333, 256
-0.912129, 17, 33, 144, 288
-0.914532, 161, 225, 288, 480
-0.926107, 1, 177, 333, 304
-0.927321, 1, 81, 333, 208
-0.929845, 33, 145, 288, 272
-0.930337, 209, 225, 333, 480
-0.934112, 1, 241, 333, 368
-0.934981, 113, 129, 240, 256
-0.937271, 97, 225, 224, 480
-0.938599, 17, 225, 144, 480
-0.943913, 1, 17, 333, 144
-0.9444, 161, 145, 288, 272
-0.945675, 137, 129, 200, 256
-0.947187, 1, 305, 333, 432
-0.947453, 1, 129, 128, 256
-0.949812, 33, 81, 288, 208
-0.951928, 57, 129, 120, 256
-0.953242, 161, 129, 224, 256
-0.95335, 209, 161, 333, 288
-0.953515, 49, 129, 176, 256
-0.953783, 113, 129, 176, 256
-0.954046, 193, 145, 256, 272
-0.954169, 1, 369, 333, 496
-0.956372, 257, 161, 320, 288
-0.95712, 89, 145, 152, 272
-0.957999, 217, 145, 280, 272
-0.958213, 33, 33, 288, 160
-0.962024, 273, 145, 333, 208
-0.962619, 33, 209, 288, 336
-0.963545, 33, 129, 96, 256
-0.963712, 209, 1, 333, 128
-0.964789, 9, 113, 72, 240
-0.96653, 49, 81, 176, 208
-0.968839, 177, 145, 240, 208
-0.969231, 137, 137, 200, 200
-0.970605, 249, 169, 312, 232
-0.971289, 161, 81, 224, 208
-0.971411, 137, 177, 200, 304
-0.971446, 1, 121, 64, 184
-0.971588, 49, 81, 112, 208
-0.971811, 201, 153, 264, 216
-0.971942, 161, 97, 288, 224
-0.972024, 65, 257, 320, 384
-0.972473, 225, 153, 288, 216
-0.972888, 89, 145, 152, 208
-0.97344, 97, 433, 160, 496
-0.973823, 1, 81, 128, 208
-0.973999, 113, 177, 176, 304
-0.974009, 225, 1, 288, 128
-0.974034, 273, 169, 333, 232
-0.974464, 217, 209, 280, 336
-0.974595, 281, 161, 312, 224
-0.974664, 301, 137, 332, 200
-0.974712, 49, 137, 112, 200
-0.975057, 145, 161, 208, 224
-0.975202, 257, 113, 320, 240
-0.975278, 209, 97, 333, 224
-0.97556, 113, 177, 240, 304
-0.975856, 113, 145, 176, 208
-0.975903, 193, 153, 320, 216
-0.976124, 65, 177, 192, 304
-0.976391, 149, 129, 180, 256
-0.976415, 137, 129, 168, 256
-0.976424, 217, 129, 280, 384
-0.976626, 113, 177, 176, 240
-0.976742, 121, 433, 184, 496
-0.977099, 113, 137, 240, 200
-0.977103, 25, 121, 88, 184
-0.977318, 161, 129, 224, 384
-0.977339, 273, 129, 333, 384
-0.977449, 289, 145, 320, 272
-0.977673, 137, 129, 200, 384
-0.977876, 209, 81, 272, 208
-0.978066, 73, 433, 136, 496
-0.978296, 249, 145, 312, 208
-0.978339, 49, 129, 112, 384
-0.978525, 97, 433, 224, 496
-0.978581, 117, 145, 148, 272
-0.978616, 97, 129, 160, 384
-0.978836, 161, 1, 288, 128
-0.978895, 189, 129, 220, 256
-0.979187, 81, 129, 112, 256
-0.979369, 145, 425, 208, 488
-0.979459, 217, 209, 280, 272
-0.979661, 257, 273, 320, 400
-0.979774, 17, 209, 144, 336
-0.979823, 193, 129, 256, 384
-0.979933, 161, 369, 288, 496
-0.980006, 249, 161, 312, 416
-0.980045, 177, 273, 304, 400
-0.980093, 177, 169, 240, 232
-0.980168, 17, 97, 80, 160
-0.980205, 265, 161, 296, 288
-0.980211, 249, 33, 312, 288
-0.98022, 161, 121, 224, 184
-0.980236, 25, 97, 88, 352
-0.980282, 73, 129, 136, 384
-0.980284, 169, 129, 200, 256
-0.980318, 185, 97, 248, 224
-0.98037, 97, 81, 224, 208
-0.980479, 161, 177, 224, 304
-0.980783, 249, 297, 312, 360
-0.980891, 97, 145, 128, 272
-0.980947, 185, 49, 248, 112
-0.980973, 137, 113, 200, 176
-0.981026, 205, 145, 236, 272
-0.981064, 49, 145, 176, 208
-0.981071, 257, 433, 320, 496
-0.9811, 177, 33, 240, 288
-0.981103, 261, 169, 292, 232
-0.981111, 257, 273, 320, 336
-0.981156, 241, 145, 272, 272
-0.981171, 217, 185, 280, 248
-0.981177, 249, 57, 312, 120
-0.981227, 217, 33, 280, 96
-0.981266, 49, 185, 112, 248
-0.981341, 73, 185, 136, 248
-0.981394, 89, 193, 152, 320
-0.981456, 57, 129, 88, 256
-0.981476, 121, 409, 184, 472
-0.981532, 97, 1, 224, 128
-0.981581, 89, 97, 152, 224
-0.981621, 25, 193, 88, 256
-0.981689, 277, 145, 308, 272
-0.981722, 69, 129, 100, 256
-0.98175, 1, 97, 64, 352
-0.981909, 233, 249, 296, 312
-0.981974, 97, 121, 160, 184
-0.982073, 233, 433, 296, 496
-0.98208, 177, 49, 304, 176
-0.982112, 253, 161, 284, 288
-0.982198, 161, 209, 288, 336
-0.982269, 301, 145, 332, 272
-0.982326, 65, 33, 128, 288
-0.982335, 137, 81, 200, 208
-0.982549, 153, 185, 216, 248
-0.982552, 249, 17, 312, 144
-0.982636, 273, 33, 333, 288
-0.9827, 201, 33, 264, 288
-0.982711, 265, 329, 328, 392
-0.982722, 257, 1, 320, 500
-0.982739, 193, 273, 256, 400
-0.982885, 201, 281, 264, 344
-0.982904, 241, 209, 304, 272
-0.982968, 145, 401, 208, 464
-0.983049, 249, 161, 280, 224
-0.983096, 145, 33, 208, 288
-0.983098, 233, 97, 296, 224
-0.98311, 225, 145, 256, 272
-0.983128, 233, 273, 296, 336
-0.983146, 65, 369, 320, 496
-0.983171, 177, 417, 240, 480
-0.983188, 121, 33, 184, 288
-0.983242, 225, 297, 288, 360
-0.983262, 89, 33, 152, 288
-0.98331, 49, 105, 112, 168
-0.983326, 177, 137, 208, 200
-0.983376, 249, 121, 312, 184
-0.983385, 293, 161, 324, 224
-0.983453, 1, 193, 64, 256
-0.983501, 197, 145, 228, 208
-0.983574, 225, 65, 288, 128
-0.9837, 49, 177, 112, 304
-0.983796, 105, 257, 168, 384
-0.983833, 185, 193, 248, 256
-0.98385, 217, 129, 280, 192
-0.983854, 73, 121, 136, 184
-0.983945, 233, 321, 296, 384
-0.983992, 289, 137, 320, 200
-0.983995, 17, 169, 80, 232
-0.984024, 105, 281, 168, 344
-0.984035, 193, 217, 256, 280
-0.984043, 257, 233, 320, 296
-0.984069, 229, 153, 260, 216
-0.984149, 89, 225, 152, 288
-0.984184, 117, 433, 148, 496
-0.984201, 153, 41, 216, 104
-0.984419, 49, 209, 112, 272
-0.984428, 241, 225, 304, 352
-0.984466, 1, 273, 64, 336
-0.98449, 141, 137, 172, 200
-0.984508, 233, 345, 296, 408
-0.984545, 49, 265, 112, 328
-0.984545, 209, 353, 272, 416
-0.984547, 273, 297, 333, 360
-0.984562, 273, 209, 333, 272
-0.984653, 97, 41, 160, 104
-0.984661, 1, 121, 128, 184
-0.984663, 49, 425, 112, 488
-0.984707, 185, 305, 248, 368
-0.984836, 129, 201, 192, 264
-0.984854, 193, 73, 256, 136
-0.984863, 113, 305, 176, 368
-0.984869, 185, 385, 248, 448
-0.984877, 97, 257, 224, 384
-0.984896, 209, 433, 272, 496
-0.9849, 241, 409, 304, 472
-0.984939, 273, 1, 333, 128
-0.984946, 113, 169, 240, 232
-0.98496, 25, 289, 88, 352
-0.985037, 25, 433, 88, 496
-0.985103, 273, 121, 333, 184
-0.985116, 273, 97, 333, 160
-0.985124, 209, 321, 272, 384
-0.985197, 49, 257, 176, 384
-0.985215, 161, 137, 192, 200
-0.985244, 273, 73, 333, 136
-0.985261, 121, 257, 184, 320
-0.985328, 265, 33, 328, 96
-0.985433, 25, 257, 88, 320
-0.985433, 65, 297, 128, 360
-0.985545, 225, 9, 288, 72
-0.985595, 161, 377, 224, 440
-0.985626, 169, 73, 232, 136
-0.985668, 81, 409, 144, 472
-0.985703, 193, 121, 256, 184
-0.985714, 153, 321, 216, 384
-0.985718, 209, 257, 272, 320
-0.985731, 185, 49, 248, 176
-0.985759, 257, 1, 320, 64
-0.985909, 225, 1, 288, 256
-0.985954, 89, 305, 152, 368
-0.985971, 185, 329, 248, 392
-0.986058, 153, 297, 216, 360
-0.986068, 193, 1, 256, 500
-0.986089, 89, 1, 152, 500
-0.986108, 209, 209, 333, 336
-0.986108, 225, 1, 288, 500
-0.986224, 257, 361, 320, 424
-0.986251, 73, 265, 136, 328
-0.986259, 1, 433, 64, 496
-0.986318, 217, 257, 280, 384
-0.986403, 33, 113, 64, 240
-0.986425, 169, 217, 232, 280
-0.986533, 153, 345, 216, 408
-0.986627, 41, 161, 104, 224
-0.98665, 233, 369, 296, 432
-0.986674, 169, 161, 200, 224
-0.986726, 105, 201, 168, 264
-0.986804, 129, 177, 160, 304
-0.986817, 49, 81, 112, 144
-0.98684, 29, 121, 60, 184
-0.986944, 153, 273, 216, 336
-0.986977, 265, 401, 328, 464
-0.986978, 145, 425, 272, 488
-0.987004, 25, 217, 88, 280
-0.987024, 125, 145, 156, 208
-0.987098, 113, 17, 176, 80
-0.987098, 193, 177, 320, 240
-0.987109, 213, 153, 244, 216
-0.987156, 169, 97, 232, 160
-0.987179, 129, 41, 192, 104
-0.987191, 137, 225, 200, 288
-0.987229, 41, 313, 104, 376
-0.987246, 125, 177, 156, 240
-0.987312, 209, 129, 333, 192
-0.987438, 1, 305, 256, 432
-0.987448, 153, 17, 216, 80
-0.987472, 9, 113, 40, 240
-0.987531, 161, 1, 224, 128
-0.987546, 185, 353, 248, 416
-0.987552, 129, 1, 192, 500
-0.987575, 153, 1, 216, 500
-0.987592, 217, 401, 280, 464
-0.987654, 201, 225, 264, 480
-0.987661, 57, 137, 88, 200
-0.987716, 113, 369, 240, 496
-0.98772, 1, 297, 64, 360
-0.987766, 193, 25, 256, 88
-0.987803, 113, 145, 144, 208
-0.987826, 241, 33, 304, 96
-0.987851, 21, 113, 52, 240
-0.987857, 129, 281, 192, 344
-0.98787, 169, 81, 200, 208
-0.987917, 1, 113, 32, 176
-0.987961, 113, 329, 176, 392
-0.987969, 1, 217, 64, 280
-0.987971, 73, 57, 136, 120
-0.98814, 265, 145, 296, 208
-0.988173, 45, 113, 76, 240
-0.988268, 97, 257, 160, 320
-0.988279, 65, 161, 128, 224
-0.988289, 65, 321, 128, 384
-0.98831, 1, 257, 64, 384
-0.988318, 1, 241, 64, 304
-0.988327, 101, 145, 132, 208
-0.988376, 17, 321, 80, 384
-0.988405, 57, 377, 120, 440
-0.988431, 273, 161, 333, 192
-0.988469, 145, 425, 176, 488
-0.988489, 1, 289, 128, 416
-0.988497, 233, 305, 296, 432
-0.988547, 273, 65, 333, 192
-0.988548, 9, 65, 72, 192
-0.988608, 25, 177, 88, 304
-0.98864, 129, 433, 160, 496
-0.988701, 17, 121, 48, 184
-0.988769, 45, 129, 76, 192
-0.98885, 209, 33, 333, 96
-0.988858, 177, 289, 304, 352
-0.98886, 89, 145, 120, 208
-0.988895, 65, 1, 128, 500
-0.989039, 33, 1, 96, 500
-0.989043, 161, 321, 288, 448
-0.989147, 77, 145, 108, 208
-0.989428, 113, 177, 144, 240
-0.98953, 17, 1, 80, 256
-0.989577, 161, 209, 288, 272
-0.989668, 1, 193, 64, 448
-0.989731, 241, 257, 304, 500
-0.989809, 145, 137, 208, 168
-0.989809, 49, 433, 176, 496
-0.989837, 265, 209, 328, 336
-0.989912, 49, 113, 176, 176
-0.989931, 61, 81, 92, 208
-0.989936, 113, 225, 176, 480
-0.989981, 273, 173, 333, 204
-0.990114, 29, 97, 60, 160
-0.990126, 1, 1, 64, 500
-0.990185, 201, 1, 264, 128
-0.990256, 65, 185, 192, 248
-0.990283, 89, 225, 152, 480
-0.990364, 257, 113, 288, 240
-0.990407, 81, 49, 144, 176
-0.990418, 165, 177, 196, 304
-0.990423, 265, 369, 328, 496
-0.990438, 153, 225, 216, 480
-0.990535, 209, 157, 272, 188
-0.990636, 301, 113, 332, 176
-0.990638, 49, 465, 112, 496
-0.99075, 177, 149, 240, 180
-0.990777, 273, 141, 333, 172
-0.990793, 137, 161, 168, 224
-0.990808, 241, 169, 304, 200
-0.990809, 1, 125, 64, 156
-0.990907, 65, 305, 192, 432
-0.990941, 41, 1, 104, 256
-0.990943, 25, 193, 88, 448
-0.990961, 161, 113, 192, 176
-0.990964, 105, 445, 168, 476
-0.991009, 73, 461, 136, 492
-0.991047, 185, 177, 216, 240
-0.991072, 177, 225, 240, 480
-0.991075, 233, 353, 296, 480
-0.991229, 273, 257, 333, 500
-0.991239, 41, 105, 72, 168
-0.991304, 97, 461, 160, 492
-0.991304, 73, 81, 104, 208
-0.991417, 41, 137, 104, 168
-0.991444, 121, 145, 184, 176
-0.991454, 153, 225, 216, 352
-0.991472, 145, 433, 208, 464
-0.991496, 169, 425, 200, 488
-0.991507, 145, 41, 272, 104
-0.991509, 209, 217, 333, 280
-0.991532, 177, 65, 304, 128
-0.991552, 65, 145, 128, 176
-0.991596, 129, 445, 192, 476
-0.991632, 177, 173, 240, 204
-0.991637, 57, 225, 120, 480
-0.991639, 81, 449, 144, 480
-0.99165, 181, 81, 212, 208
-0.991692, 113, 181, 176, 212
-0.991789, 145, 165, 208, 196
-0.991846, 209, 265, 333, 328
-0.991848, 249, 185, 280, 248
-0.991867, 233, 97, 264, 224
-0.991959, 97, 41, 224, 104
-0.991994, 49, 369, 176, 496
-0.991995, 161, 369, 224, 496
-0.992006, 1, 193, 128, 256
-0.992011, 1, 145, 256, 208
-0.992076, 49, 257, 112, 384
-0.992078, 297, 137, 328, 168
-0.992105, 81, 177, 112, 304
-0.992105, 285, 161, 316, 192
-0.992132, 97, 433, 128, 496
-0.992151, 297, 165, 328, 196
-0.992164, 141, 177, 172, 304
-0.99217, 25, 469, 88, 500
-0.992199, 121, 433, 184, 464
-0.992238, 145, 401, 272, 464
-0.992253, 161, 129, 288, 192
-0.992254, 157, 81, 188, 208
-0.99227, 161, 401, 192, 464
-0.992372, 89, 153, 152, 184
-0.992383, 217, 213, 280, 244
-0.992388, 137, 177, 200, 208
-0.992481, 49, 453, 112, 484
-0.992523, 257, 433, 288, 496
-0.992585, 121, 465, 184, 496
-0.992595, 249, 461, 312, 492
-0.992613, 97, 137, 160, 168
-0.992651, 273, 165, 304, 196
-0.992652, 217, 169, 280, 200
-0.992672, 249, 149, 312, 180
-0.992673, 249, 65, 312, 96
-0.99269, 17, 109, 80, 140
-0.992708, 73, 241, 136, 368
-0.992712, 1, 145, 128, 208
-0.992715, 25, 125, 88, 156
-0.992716, 297, 149, 328, 180
-0.992735, 17, 137, 80, 168
-0.992748, 1, 209, 64, 336
-0.992757, 65, 409, 192, 472
-0.992774, 257, 321, 320, 448
-0.992798, 301, 97, 332, 224
-0.992812, 245, 1, 276, 128
-0.992829, 261, 173, 292, 204
-0.992843, 241, 409, 304, 440
-0.992884, 273, 121, 333, 152
-0.992895, 209, 337, 333, 464
-0.992912, 169, 209, 232, 240
-0.992916, 277, 137, 308, 200
-0.992925, 173, 113, 204, 176
-0.992934, 153, 445, 216, 476
-0.992942, 49, 33, 176, 160
-0.992954, 285, 173, 316, 204
-0.992988, 73, 433, 104, 496
-0.993006, 237, 185, 268, 248
-0.993015, 209, 321, 333, 384
-0.993015, 213, 97, 244, 224
-0.993021, 217, 177, 248, 240
-0.993031, 249, 257, 312, 288
-0.993047, 257, 333, 320, 364
-0.993058, 217, 229, 280, 260
-0.993073, 129, 209, 192, 240
-0.993086, 257, 301, 320, 332
-0.993097, 193, 193, 256, 320
-0.993104, 249, 321, 312, 352
-0.993109, 241, 437, 304, 468
-0.993117, 77, 461, 108, 492
-0.993135, 145, 461, 208, 492
-0.993136, 257, 225, 320, 256
-0.993152, 307, 137, 322, 200
-0.993172, 249, 181, 312, 212
-0.993173, 113, 81, 176, 208
-0.993178, 233, 449, 296, 480
-0.993188, 1, 369, 128, 496
-0.993205, 89, 173, 152, 204
-0.99321, 169, 433, 232, 464
-0.993238, 1, 469, 64, 500
-0.993268, 153, 177, 184, 240
-0.993269, 169, 137, 232, 168
-0.993273, 193, 221, 256, 252
-0.993284, 33, 213, 96, 244
-0.993294, 265, 425, 328, 456
-0.993331, 257, 449, 320, 480
-0.993348, 233, 349, 296, 380
-0.99335, 217, 241, 280, 272
-0.993352, 149, 433, 180, 464
-0.993352, 169, 161, 232, 192
-0.993363, 201, 65, 264, 96
-0.99337, 5, 193, 36, 256
-0.993386, 273, 177, 304, 208
-0.993388, 257, 297, 288, 360
-0.993394, 217, 269, 280, 300
-0.993399, 209, 433, 333, 496
-0.993401, 193, 149, 224, 180
-0.993425, 161, 137, 192, 168
-0.993427, 153, 421, 216, 452
-0.993438, 217, 465, 280, 496
-0.99344, 73, 209, 136, 240
-0.993451, 49, 133, 80, 164
-0.993456, 25, 453, 88, 484
-0.993461, 229, 1, 260, 128
-0.993462, 149, 113, 180, 176
-0.993469, 169, 433, 200, 464
-0.993479, 217, 329, 280, 360
-0.993482, 129, 149, 160, 180
-0.993485, 265, 269, 328, 300
-0.993492, 193, 185, 256, 216
-0.993492, 49, 185, 112, 216
-0.993494, 181, 145, 212, 176
-0.993502, 257, 305, 288, 432
-0.993504, 217, 45, 280, 76
-0.993515, 177, 49, 240, 80
-0.993522, 193, 309, 256, 340
-0.993525, 61, 465, 92, 496
-0.993532, 145, 141, 176, 172
-0.993532, 9, 197, 72, 228
-0.993535, 121, 441, 152, 472
-0.993538, 177, 417, 240, 448
-0.993551, 197, 81, 228, 208
-0.993554, 25, 125, 56, 156
-0.99356, 89, 221, 152, 252
-0.993561, 273, 289, 333, 320
-0.993562, 93, 449, 124, 480
-0.993566, 125, 181, 156, 212
-0.993579, 41, 469, 72, 500
-0.993606, 89, 433, 152, 464
-0.993607, 265, 345, 328, 376
-0.99361, 101, 461, 132, 492
-0.993611, 265, 437, 328, 468
-0.993614, 153, 41, 216, 72
-0.993617, 17, 97, 48, 160
-0.993623, 65, 169, 320, 232
-0.993623, 301, 125, 332, 156
-0.993652, 73, 193, 136, 224
-0.993663, 9, 213, 72, 244
-0.993663, 209, 321, 272, 448
-0.993669, 201, 297, 264, 328
-0.993678, 241, 281, 304, 312
-0.993691, 113, 201, 240, 264
-0.993702, 129, 421, 192, 452
-0.993715, 73, 121, 104, 184
-0.993716, 49, 197, 112, 228
-0.99372, 73, 145, 104, 176
-0.993724, 149, 445, 180, 476
-0.993726, 193, 469, 256, 500
-0.993728, 209, 9, 333, 72
-0.993729, 121, 369, 184, 496
-0.993738, 285, 145, 316, 176
-0.993747, 169, 185, 232, 216
-0.993752, 257, 245, 320, 276
-0.993763, 217, 157, 248, 188
-0.993764, 37, 125, 68, 156
-0.993764, 1, 145, 333, 208
-0.993766, 17, 193, 48, 256
-0.993771, 97, 265, 224, 328
-0.993773, 273, 185, 333, 216
-0.993787, 5, 117, 36, 148
-0.993789, 181, 417, 212, 480
-0.993806, 249, 165, 280, 196
-0.993806, 225, 425, 288, 456
-0.993807, 1, 269, 64, 300
-0.993809, 273, 461, 333, 492
-0.993812, 241, 361, 304, 392
-0.993814, 273, 109, 333, 140
-0.993815, 61, 141, 92, 172
-0.993815, 89, 469, 120, 500
-0.993824, 1, 453, 64, 484
-0.993829, 41, 173, 104, 204
-0.993832, 265, 409, 328, 440
-0.993833, 133, 441, 164, 472
-0.993836, 209, 453, 272, 484
-0.993837, 97, 49, 160, 80
-0.993844, 113, 281, 176, 312
-0.993848, 273, 361, 333, 392
-0.993853, 85, 149, 116, 180
-0.993855, 169, 289, 232, 416
-0.993856, 225, 181, 288, 212
-0.993861, 25, 257, 88, 384
-0.993862, 201, 81, 264, 112
-0.993864, 257, 213, 320, 244
-0.993865, 225, 73, 288, 104
-0.993875, 297, 177, 328, 208
-0.993878, 169, 165, 200, 196
-0.993881, 153, 405, 216, 436
-0.993889, 217, 405, 280, 436
-0.993905, 217, 317, 280, 348
-0.993907, 237, 161, 268, 192
-0.993911, 145, 169, 176, 200
-0.993929, 273, 57, 333, 88
-0.993932, 41, 441, 104, 472
-0.993935, 209, 349, 272, 380
-0.993938, 81, 185, 112, 248
-0.99394, 73, 133, 136, 164
-0.993946, 1, 161, 64, 288
-0.993948, 161, 445, 192, 476
-0.993954, 73, 277, 136, 308
-0.993954, 97, 209, 160, 240
-0.993957, 105, 97, 136, 224
-0.993961, 233, 301, 296, 332
-0.993972, 113, 309, 176, 340
-0.993979, 17, 177, 80, 208
-0.993986, 177, 341, 240, 372
-0.993991, 133, 469, 164, 500
-0.994017, 77, 449, 108, 480
-0.994019, 233, 1, 296, 32
-0.99403, 193, 209, 256, 240
-0.994041, 217, 257, 280, 288
-0.994041, 69, 177, 100, 304
-0.994042, 9, 285, 72, 316
-0.994043, 53, 105, 84, 168
-0.994054, 201, 393, 264, 424
-0.994059, 257, 397, 320, 428
-0.99406, 161, 89, 224, 120
-0.994071, 33, 285, 96, 316
-0.994072, 205, 153, 236, 184
-0.994082, 201, 209, 232, 240
-0.994092, 181, 177, 212, 304
-0.994097, 109, 445, 140, 476
-0.994116, 113, 153, 144, 184
-0.994133, 301, 425, 332, 488
-0.994143, 113, 113, 240, 176
-0.994145, 21, 113, 52, 144
-0.994147, 113, 457, 144, 488
-0.994178, 281, 321, 312, 384
-0.994183, 193, 201, 224, 264
-0.994195, 121, 469, 152, 500
-0.994201, 141, 181, 172, 212
-0.994239, 253, 449, 284, 480
-0.994239, 157, 169, 188, 200
-0.994255, 193, 469, 224, 500
-0.994258, 25, 469, 56, 500
-0.994266, 97, 149, 128, 180
-0.994272, 281, 433, 312, 496
-0.994276, 257, 437, 288, 468
-0.994291, 65, 433, 320, 496
-0.994303, 169, 177, 200, 208
-0.994309, 265, 449, 296, 480
-0.994323, 225, 209, 256, 272
-0.994332, 173, 209, 204, 240
-0.994333, 297, 185, 328, 248
-0.994338, 49, 273, 176, 336
-0.994343, 261, 157, 292, 188
-0.994355, 161, 421, 192, 452
-0.994363, 189, 209, 220, 240
-0.994363, 225, 217, 256, 248
-0.994364, 133, 429, 164, 460
-0.994367, 181, 421, 212, 452
-0.994369, 181, 157, 212, 188
-0.99438, 133, 453, 164, 484
-0.994388, 189, 173, 220, 204
-0.99439, 117, 409, 148, 472
-0.994395, 69, 185, 100, 248
-0.994407, 249, 461, 280, 492
-0.994418, 313, 137, 328, 200
-0.994455, 273, 273, 304, 400
-0.994456, 133, 169, 164, 200
-0.99448, 113, 185, 144, 216
-0.994494, 269, 461, 300, 492
-0.9945, 101, 193, 132, 256
-0.994501, 113, 141, 240, 172
-0.994506, 209, 165, 333, 196
-0.994517, 205, 221, 236, 252
-0.99452, 249, 181, 280, 212
-0.994521, 281, 457, 312, 488
-0.994524, 145, 457, 176, 488
-0.99453, 145, 209, 176, 240
-0.994532, 253, 405, 284, 436
-0.994536, 301, 101, 332, 132
-0.994541, 173, 133, 204, 164
-0.994549, 109, 141, 140, 172
-0.994571, 113, 429, 144, 460
-0.994572, 41, 177, 72, 208
-0.99458, 113, 209, 144, 240
-0.994589, 201, 173, 232, 204
-0.994591, 65, 453, 96, 484
-0.994605, 129, 209, 160, 240
-0.994609, 257, 217, 288, 248
-0.994614, 149, 129, 180, 160
-0.994617, 201, 49, 232, 112
-0.994621, 241, 269, 272, 300
-0.994622, 245, 429, 276, 460
-0.994625, 81, 185, 112, 216
-0.99463, 265, 61, 296, 92
-0.994634, 253, 261, 284, 292
-0.994637, 237, 213, 268, 244
-0.994637, 5, 277, 36, 308
-0.994639, 217, 177, 248, 208
-0.994639, 253, 321, 284, 352
-0.994644, 237, 305, 268, 336
-0.99466, 69, 177, 100, 208
-0.994661, 285, 97, 316, 224
-0.994662, 133, 137, 164, 168
-0.994675, 253, 305, 284, 336
-0.994675, 49, 457, 80, 488
-0.994679, 297, 285, 328, 316
-0.994682, 193, 409, 320, 472
-0.994684, 233, 409, 264, 440
-0.994687, 269, 433, 300, 496
-0.994691, 157, 209, 188, 240
-0.994703, 221, 145, 252, 176
-0.994704, 241, 445, 272, 476
-0.994708, 201, 53, 232, 84
-0.99471, 237, 317, 268, 348
-0.994716, 181, 433, 212, 464
-0.994716, 301, 113, 332, 144
-0.994722, 281, 329, 312, 360
-0.994725, 53, 177, 84, 208
-0.994726, 285, 341, 316, 372
-0.994728, 101, 209, 132, 240
-0.994732, 73, 133, 104, 164
-0.994743, 37, 457, 68, 488
-0.994747, 273, 293, 304, 324
-0.994756, 165, 469, 196, 500
-0.994764, 93, 437, 124, 468
-0.994766, 65, 273, 96, 304
-0.994774, 17, 197, 48, 228
-0.994775, 257, 337, 288, 368
-0.994776, 161, 125, 192, 156
-0.994779, 225, 453, 256, 484
-0.994783, 5, 213, 36, 244
-0.994785, 213, 61, 244, 92
-0.99479, 261, 349, 292, 380
-0.994809, 293, 153, 308, 216
-0.994831, 265, 193, 296, 256
-0.994845, 221, 129, 252, 192
-0.994853, 141, 81, 172, 208
-0.994873, 137, 185, 168, 248
-0.994873, 129, 409, 160, 472
-0.994899, 89, 121, 120, 184
-0.994923, 173, 185, 204, 248
-0.994929, 257, 1, 288, 128
-0.994943, 33, 305, 96, 432
-0.994952, 17, 409, 144, 472
-0.995077, 81, 385, 208, 448
-0.995078, 157, 425, 188, 488
-0.995094, 241, 225, 272, 352
-0.995096, 293, 329, 324, 392
-0.995104, 29, 193, 60, 256
-0.995115, 205, 177, 236, 240
-0.995122, 287, 153, 302, 216
-0.995122, 1, 121, 256, 184
-0.995129, 17, 217, 144, 280
-0.995129, 129, 289, 256, 352
-0.995141, 301, 65, 332, 128
-0.995152, 1, 97, 128, 160
-0.995163, 241, 137, 272, 200
-0.995174, 265, 273, 296, 336
-0.995196, 125, 257, 156, 320
-0.995203, 233, 297, 264, 360
-0.995229, 241, 273, 272, 336
-0.995238, 261, 329, 292, 392
-0.995266, 249, 209, 280, 272
-0.995269, 281, 153, 296, 216
-0.995288, 45, 177, 76, 240
-0.995289, 5, 257, 36, 384
-0.995291, 17, 169, 144, 232
-0.995297, 9, 273, 40, 336
-0.995329, 275, 169, 290, 232
-0.995359, 193, 177, 224, 304
-0.995361, 33, 369, 96, 496
-0.995397, 253, 257, 284, 320
-0.995399, 129, 337, 256, 400
-0.995421, 117, 97, 148, 224
-0.995441, 113, 305, 240, 432
-0.995451, 161, 153, 288, 184
-0.995454, 121, 121, 152, 184
-0.995484, 161, 97, 288, 160
-0.995496, 1, 89, 256, 152
-0.995513, 205, 201, 236, 264
-0.995535, 249, 65, 280, 128
-0.995578, 33, 161, 64, 288
-0.995594, 299, 137, 314, 200
-0.9956, 117, 193, 148, 320
-0.995606, 301, 161, 316, 224
-0.995713, 181, 137, 196, 200
-0.995742, 237, 209, 268, 272
-0.995751, 253, 409, 284, 472
-0.995764, 1, 193, 256, 256
-0.995765, 93, 97, 124, 224
-0.995766, 209, 361, 333, 424
-0.995775, 213, 49, 244, 112
-0.995812, 73, 289, 136, 416
-0.995818, 317, 161, 332, 224
-0.995855, 213, 257, 244, 384
-0.995858, 161, 313, 288, 376
-0.995885, 1, 433, 333, 496
-0.99589, 265, 169, 280, 232
-0.995893, 185, 393, 216, 456
-0.995971, 33, 41, 288, 104
-0.99599, 65, 149, 192, 180
-0.996017, 301, 273, 332, 400
-0.99602, 233, 321, 264, 384
-0.996035, 237, 433, 268, 496
-0.996046, 135, 145, 150, 208
-0.996048, 213, 273, 244, 336
-0.996055, 69, 225, 100, 352
-0.996059, 277, 297, 308, 360
-0.996069, 213, 209, 244, 336
-0.996078, 57, 177, 88, 240
-0.996091, 211, 145, 226, 208
-0.996108, 65, 265, 320, 328
-0.996115, 137, 273, 200, 400
-0.996159, 273, 409, 304, 472
-0.99617, 265, 57, 296, 120
-0.996174, 243, 153, 258, 216
-0.996227, 125, 145, 140, 208
-0.996244, 201, 273, 232, 400
-0.996245, 285, 185, 316, 248
-0.996246, 65, 453, 192, 484
-0.996248, 145, 137, 160, 200
-0.996255, 97, 437, 224, 468
-0.996275, 129, 433, 144, 496
-0.996276, 33, 465, 160, 496
-0.996292, 249, 353, 280, 416
-0.996307, 201, 145, 216, 208
-0.996313, 65, 65, 192, 128
-0.996314, 191, 137, 206, 200
-0.996328, 137, 433, 152, 496
-0.996335, 49, 313, 176, 376
-0.996347, 217, 153, 232, 216
-0.996359, 227, 153, 242, 216
-0.99638, 153, 177, 184, 304
-0.996415, 161, 233, 288, 296
-0.996433, 185, 369, 248, 496
-0.996435, 17, 141, 144, 172
-0.99644, 259, 161, 274, 224
-0.996441, 169, 129, 184, 192
-0.996445, 45, 161, 76, 288
-0.996469, 233, 337, 264, 464
-0.996491, 1, 105, 333, 168
-0.996493, 65, 217, 320, 280
-0.996498, 1, 89, 32, 152
-0.996507, 5, 249, 36, 312
-0.996507, 57, 177, 88, 304
-0.996533, 175, 137, 190, 200
-0.996536, 251, 161, 266, 224
-0.996547, 311, 161, 326, 224
-0.996565, 317, 113, 332, 176
-0.996584, 209, 145, 333, 176
-0.996602, 161, 369, 192, 496
-0.996616, 1, 169, 333, 232
-0.99664, 97, 313, 224, 376
-0.996659, 209, 129, 240, 192
-0.996666, 293, 65, 324, 320
-0.996681, 125, 201, 156, 264
-0.996692, 209, 177, 333, 208
-0.996705, 85, 433, 116, 496
-0.996707, 49, 201, 80, 264
-0.996709, 117, 433, 132, 496
-0.99671, 201, 289, 232, 352
-0.996715, 269, 161, 300, 416
-0.99672, 151, 137, 166, 200
-0.996726, 145, 433, 272, 464
-0.996729, 245, 305, 276, 368
-0.996731, 65, 369, 128, 496
-0.996738, 65, 265, 96, 328
-0.996766, 101, 409, 132, 472
-0.996778, 163, 137, 178, 200
-0.996786, 241, 129, 272, 384
-0.996795, 289, 41, 320, 104
-0.996809, 311, 113, 326, 176
-0.996811, 123, 433, 138, 496
-0.996821, 253, 257, 284, 384
-0.99683, 293, 1, 324, 128
-0.996841, 277, 57, 308, 120
-0.996844, 157, 129, 188, 384
-0.996869, 209, 241, 333, 304
-0.99687, 257, 161, 288, 416
-0.996871, 5, 217, 36, 280
-0.996877, 49, 129, 176, 160
-0.996916, 125, 129, 156, 384
-0.996917, 169, 129, 200, 384
-0.996923, 217, 129, 248, 384
-0.996923, 229, 129, 260, 384
-0.99693, 301, 305, 332, 368
-0.996955, 131, 177, 146, 240
-0.996965, 225, 65, 256, 128
-0.996973, 65, 409, 320, 472
-0.99698, 45, 121, 60, 184
-0.996984, 161, 213, 288, 244
-0.997005, 185, 49, 216, 112
-0.997009, 233, 153, 248, 216
-0.997021, 225, 193, 256, 320
-0.997054, 21, 121, 36, 184
-0.997061, 177, 449, 304, 480
-0.997082, 65, 129, 96, 384
-0.997106, 95, 145, 110, 208
-0.997115, 129, 173, 256, 204
-0.997123, 55, 129, 70, 192
-0.997125, 189, 121, 220, 184
-0.997125, 177, 209, 208, 272
-0.997137, 29, 121, 44, 184
-0.997139, 147, 433, 162, 496
-0.997151, 113, 453, 240, 484
-0.997152, 201, 129, 232, 384
-0.99716, 77, 129, 108, 384
-0.997173, 137, 169, 152, 232
-0.997194, 281, 129, 312, 384
-0.997207, 81, 469, 208, 500
-0.997217, 157, 137, 172, 200
-0.99722, 65, 305, 320, 368
-0.99722, 177, 421, 304, 452
-0.997227, 117, 145, 132, 208
-0.997248, 189, 129, 220, 384
-0.997254, 101, 129, 132, 384
-0.997256, 89, 129, 120, 384
-0.997257, 125, 177, 140, 240
-0.997279, 177, 113, 192, 176
-0.997282, 311, 137, 326, 168
-0.997288, 105, 1, 168, 128
-0.997288, 225, 273, 256, 336
-0.997291, 137, 129, 168, 384
-0.997307, 39, 121, 54, 184
-0.997308, 253, 137, 284, 200
-0.997308, 293, 265, 324, 328
-0.997317, 283, 177, 298, 240
-0.997325, 81, 273, 112, 400
-0.997328, 109, 145, 124, 208
-0.997332, 15, 113, 30, 176
-0.997333, 65, 137, 80, 200
-0.997334, 1, 297, 128, 360
-0.997365, 5, 193, 36, 320
-0.997397, 271, 145, 286, 208
-0.997406, 155, 425, 170, 488
-0.997415, 83, 137, 98, 200
-0.997415, 53, 129, 84, 384
-0.997422, 175, 161, 190, 224
-0.997422, 113, 129, 144, 384
-0.997434, 113, 209, 240, 240
-0.997436, 307, 157, 322, 188
-0.997437, 105, 121, 136, 184
-0.997439, 229, 41, 260, 104
-0.997444, 25, 209, 56, 336
-0.997463, 177, 321, 304, 352
-0.997464, 103, 145, 118, 208
-0.99747, 233, 233, 264, 296
-0.997478, 89, 145, 104, 208
-0.997478, 257, 233, 288, 296
-0.997494, 25, 97, 40, 160
-0.997495, 113, 185, 240, 216
-0.997502, 317, 137, 332, 168
-0.997502, 315, 153, 330, 184
-0.997502, 157, 201, 188, 264
-0.99751, 209, 285, 333, 316
-0.997513, 307, 169, 322, 200
-0.997521, 1, 273, 333, 336
-0.997538, 193, 385, 320, 448
-0.997541, 1, 49, 333, 112
-0.997552, 225, 289, 256, 416
-0.997553, 41, 97, 72, 352
-0.997554, 33, 65, 288, 128
-0.997564, 185, 161, 200, 224
-0.997594, 291, 161, 306, 192
-0.997598, 145, 265, 272, 328
-0.997601, 17, 213, 144, 244
-0.997612, 193, 461, 320, 492
-0.997621, 283, 165, 298, 196
-0.997626, 77, 137, 92, 200
-0.997626, 175, 417, 190, 480
-0.997627, 303, 141, 318, 172
-0.997628, 3, 113, 18, 176
-0.997629, 297, 161, 312, 192
-0.997648, 9, 113, 24, 176
-0.997651, 209, 65, 333, 96
-0.997651, 149, 401, 180, 464
-0.997653, 65, 337, 320, 400
-0.997663, 317, 125, 332, 156
-0.997664, 129, 469, 256, 500
-0.997666, 209, 221, 333, 252
-0.997669, 297, 145, 312, 176
-0.997675, 253, 65, 284, 320
-0.997684, 113, 45, 240, 76
-0.997687, 1, 105, 128, 136
-0.997687, 65, 209, 192, 240
-0.997689, 17, 449, 144, 480
-0.997699, 209, 45, 333, 76
-0.997706, 293, 161, 324, 416
-0.997712, 71, 137, 86, 200
-0.997712, 1, 193, 333, 256
-0.997723, 17, 97, 48, 352
-0.997728, 129, 1, 256, 64
-0.99773, 41, 97, 56, 160
-0.997734, 285, 305, 316, 432
-0.997735, 317, 89, 332, 152
-0.997736, 53, 105, 68, 168
-0.99774, 65, 241, 320, 304
-0.997751, 313, 169, 328, 200
-0.997761, 191, 161, 206, 224
-0.997771, 31, 97, 46, 160
-0.997808, 209, 433, 333, 464
-0.997823, 261, 209, 276, 272
-0.997831, 161, 425, 176, 488
-0.997838, 87, 185, 102, 248
-0.997842, 143, 177, 158, 240
-0.997842, 1, 129, 128, 160
-0.997844, 317, 109, 332, 140
-0.997848, 33, 17, 288, 80
-0.997858, 119, 185, 134, 248
-0.997864, 209, 369, 272, 496
-0.997866, 265, 209, 296, 336
-0.997868, 151, 177, 166, 240
-0.997871, 243, 185, 258, 248
-0.997876, 161, 169, 176, 232
-0.997895, 301, 173, 316, 204
-0.997896, 65, 185, 192, 216
-0.997903, 177, 409, 304, 440
-0.997908, 183, 409, 198, 472
-0.997915, 1, 217, 333, 280
-0.997918, 295, 321, 310, 384
-0.997939, 65, 385, 320, 448
-0.997946, 209, 337, 333, 368
-0.997954, 161, 61, 288, 92
-0.997962, 173, 33, 204, 288
-0.997966, 269, 65, 300, 320
-0.997966, 93, 209, 124, 336
-0.997969, 293, 129, 308, 192
-0.997977, 17, 193, 32, 256
-0.997977, 237, 185, 252, 248
-0.99798, 1, 273, 128, 336
-0.997987, 303, 425, 318, 488
-0.997996, 227, 185, 242, 248
-0.997998, 177, 309, 304, 340
-0.997999, 265, 425, 280, 488
-0.998, 209, 33, 240, 288
-0.998001, 17, 197, 144, 228
-0.998006, 279, 433, 294, 496
-0.998021, 275, 173, 290, 204
-0.998022, 97, 405, 224, 436
-0.998027, 5, 97, 36, 352
-0.998036, 265, 145, 280, 208
-0.998038, 273, 171, 333, 186
-0.998039, 161, 185, 288, 216
-0.998043, 161, 361, 288, 424
-0.998046, 49, 173, 176, 204
-0.998047, 161, 73, 288, 104
-0.998063, 167, 433, 182, 496
-0.998064, 183, 113, 198, 176
-0.998075, 17, 65, 48, 192
-0.998077, 161, 85, 288, 116
-0.998077, 89, 433, 104, 496
-0.998083, 273, 433, 288, 496
-0.998084, 17, 285, 144, 316
-0.998096, 279, 281, 294, 344
-0.9981, 29, 65, 60, 320
-0.99811, 189, 289, 220, 416
-0.998112, 167, 161, 182, 224
-0.998117, 161, 225, 288, 256
-0.998126, 69, 193, 84, 256
-0.998127, 1, 249, 333, 312
-0.998138, 193, 133, 320, 164
-0.998145, 97, 361, 224, 424
-0.998154, 65, 421, 192, 452
-0.998156, 65, 277, 192, 308
-0.998158, 251, 185, 266, 248
-0.998161, 209, 273, 333, 304
-0.998162, 1, 193, 16, 256
-0.998164, 127, 409, 142, 472
-0.998164, 289, 177, 304, 240
-0.998168, 7, 193, 22, 256
-0.998176, 209, 197, 333, 228
-0.998177, 1, 433, 128, 496
-0.99818, 269, 173, 284, 204
-0.998186, 145, 345, 272, 376
-0.998196, 135, 173, 150, 204
-0.9982, 303, 113, 318, 176
-0.998202, 87, 465, 102, 496
-0.998203, 283, 305, 298, 368
-0.998203, 185, 33, 216, 288
-0.998211, 311, 121, 326, 152
-0.998213, 257, 233, 272, 296
-0.998213, 17, 433, 144, 464
-0.998239, 267, 193, 282, 256
-0.998245, 259, 169, 274, 200
-0.998256, 61, 193, 76, 256
-0.998258, 119, 409, 134, 472
-0.998264, 157, 33, 188, 288
-0.998265, 153, 441, 168, 472
-0.998269, 209, 5, 333, 36
-0.998269, 89, 121, 104, 184
-0.99827, 239, 297, 254, 360
-0.99828, 105, 193, 136, 320
-0.998283, 273, 165, 333, 180
-0.998283, 27, 193, 42, 256
-0.998284, 309, 185, 324, 248
-0.998286, 99, 185, 114, 248
-0.99829, 219, 217, 234, 280
-0.998293, 109, 433, 124, 496
-0.998294, 97, 321, 224, 352
-0.998295, 161, 333, 288, 364
-0.998296, 171, 105, 186, 168
-0.998299, 93, 453, 108, 484
-0.998301, 145, 141, 208, 156
-0.998301, 289, 177, 304, 208
-0.998303, 53, 185, 68, 248
-0.998306, 173, 429, 188, 460
-0.998307, 89, 33, 120, 288
-0.998308, 255, 137, 270, 200
-0.998308, 141, 409, 156, 472
-0.99831, 17, 273, 144, 304
-0.99831, 209, 361, 333, 392
-0.99831, 191, 145, 206, 176
-0.99831, 17, 257, 48, 384
-0.998314, 113, 185, 128, 248
-0.998314, 137, 1, 200, 128
-0.998314, 129, 421, 256, 452
-0.998318, 129, 81, 160, 208
-0.99832, 49, 401, 176, 432
-0.99832, 217, 129, 232, 192
-0.998323, 59, 105, 74, 168
-0.998324, 9, 305, 72, 432
-0.99833, 1, 241, 128, 304
-0.998332, 229, 33, 260, 288
-0.998335, 265, 273, 280, 336
-0.998336, 145, 33, 176, 288
-0.998341, 209, 349, 333, 380
-0.998343, 35, 193, 50, 256
-0.998345, 33, 117, 160, 148
-0.998345, 1, 65, 32, 192
-0.998351, 209, 261, 333, 292
-0.998351, 161, 385, 288, 416
-0.998359, 273, 297, 288, 360
-0.998359, 269, 17, 300, 144
-0.998362, 249, 209, 264, 272
-0.998367, 149, 139, 180, 154
-0.998367, 101, 211, 132, 226
-0.998367, 105, 147, 136, 162
-0.998367, 225, 219, 256, 234
-0.998368, 47, 97, 62, 160
-0.998368, 251, 257, 266, 320
-0.998369, 301, 187, 332, 202
-0.998369, 217, 213, 248, 228
-0.998369, 145, 457, 176, 472
-0.998369, 249, 265, 280, 280
-0.998371, 113, 161, 240, 192
-0.998372, 261, 451, 292, 466
-0.998372, 241, 323, 272, 338
-0.998373, 281, 33, 312, 288
-0.998374, 185, 181, 216, 196
-0.998374, 145, 97, 272, 128
-0.998374, 25, 121, 56, 136
-0.998375, 129, 211, 160, 226
-0.998375, 129, 289, 256, 320
-0.998375, 69, 143, 100, 158
-0.998375, 177, 427, 208, 442
-0.998376, 49, 473, 80, 488
-0.998377, 129, 457, 160, 472
-0.99838, 77, 217, 92, 280
-0.99838, 293, 291, 324, 306
-0.99838, 261, 437, 292, 452
-0.998382, 73, 459, 104, 474
-0.998382, 157, 457, 188, 472
-0.998382, 159, 113, 174, 176
-0.998384, 205, 223, 236, 238
-0.998384, 145, 485, 176, 500
-0.998385, 41, 129, 72, 144
-0.998386, 137, 471, 168, 486
-0.998386, 241, 217, 272, 232
-0.998387, 149, 113, 164, 176
-0.998387, 1, 281, 32, 296
-0.998387, 245, 469, 276, 484
-0.998388, 297, 433, 312, 496
-0.998389, 173, 169, 204, 184
-0.998389, 169, 437, 200, 452
-0.998389, 81, 481, 144, 496
-0.99839, 205, 211, 236, 226
-0.998391, 301, 111, 332, 126
-0.998391, 173, 157, 204, 172
-0.998391, 53, 485, 84, 500
-0.998395, 249, 463, 280, 478
-0.998396, 265, 461, 296, 476
-0.998396, 183, 165, 198, 196
-0.998398, 109, 475, 140, 490
-0.998398, 259, 425, 274, 488
-0.998399, 65, 85, 192, 116
-0.998401, 113, 211, 144, 226
-0.998401, 137, 449, 168, 464
-0.998405, 113, 277, 240, 308
-0.998405, 137, 463, 168, 478
-0.998406, 161, 483, 192, 498
-0.998407, 149, 449, 180, 464
-0.998408, 65, 465, 96, 480
-0.998409, 277, 459, 308, 474
-0.99841, 193, 297, 320, 328
-0.99841, 49, 313, 176, 344
-0.99841, 49, 467, 80, 482
-0.99841, 173, 181, 204, 196
-0.99841, 133, 437, 164, 452
-0.998411, 93, 465, 124, 480
-0.998414, 289, 155, 320, 170
-0.998414, 241, 167, 272, 182
-0.998415, 245, 411, 276, 426
-0.998415, 97, 485, 128, 500
-0.998418, 29, 485, 60, 500
-0.998419, 113, 153, 144, 168
-0.998419, 177, 397, 304, 428
-0.99842, 189, 213, 220, 228
-0.99842, 145, 181, 176, 196
-0.998421, 159, 433, 174, 464
-0.998422, 37, 469, 68, 484
-0.998423, 253, 485, 284, 500
-0.998425, 121, 187, 152, 202
-0.998426, 173, 485, 204, 500
-0.998428, 161, 431, 192, 446
-0.99843, 261, 165, 292, 180
-0.99843, 105, 463, 136, 478
-0.99843, 65, 197, 192, 228
-0.998434, 109, 457, 140, 472
-0.998437, 57, 143, 88, 158
-0.998437, 21, 477, 52, 492
-0.99844, 33, 475, 64, 490
-0.998441, 285, 181, 316, 196
-0.998443, 173, 163, 204, 178
-0.998443, 125, 467, 156, 482
-0.998443, 109, 483, 140, 498
-0.998445, 169, 443, 200, 458
-0.998447, 53, 479, 84, 494
-0.998449, 97, 471, 128, 486
-0.99845, 125, 481, 156, 496
-0.99845, 61, 471, 92, 486
-0.998452, 157, 175, 188, 190
-0.998453, 157, 167, 188, 182
-0.998454, 97, 479, 128, 494
-0.998455, 65, 221, 192, 252
-0.998456, 85, 451, 116, 466
-0.998458, 177, 161, 192, 192
-0.998458, 167, 433, 182, 464
-0.998458, 177, 237, 304, 268
-0.998458, 129, 301, 256, 332
-0.998459, 261, 177, 292, 192
-0.998459, 85, 149, 116, 164
-0.99846, 97, 153, 128, 168
-0.998461, 45, 135, 76, 150
-0.998462, 73, 33, 104, 288
-0.998462, 137, 443, 168, 458
-0.998464, 65, 141, 80, 172
-0.998465, 153, 437, 184, 452
-0.998466, 129, 181, 144, 212
-0.998467, 85, 459, 116, 474
-0.998469, 135, 185, 150, 216
-0.998469, 125, 151, 156, 166
-0.998469, 145, 175, 176, 190
-0.998469, 49, 89, 176, 152
-0.998471, 9, 121, 40, 136
-0.998472, 249, 167, 312, 182
-0.998472, 1, 185, 128, 216
-0.998472, 197, 33, 228, 288
-0.998473, 125, 445, 156, 460
-0.998473, 241, 33, 272, 288
-0.998475, 181, 141, 196, 172
-0.998475, 177, 143, 208, 158
-0.998475, 249, 173, 312, 188
-0.998476, 125, 451, 156, 466
-0.998476, 233, 161, 264, 176
-0.998477, 283, 177, 298, 208
-0.998478, 53, 469, 68, 500
-0.998478, 97, 449, 128, 464
-0.998479, 121, 181, 152, 196
-0.998479, 301, 163, 332, 178
-0.998481, 221, 159, 252, 174
-0.998481, 113, 221, 240, 252
-0.998481, 93, 469, 108, 500
-0.998483, 253, 171, 284, 186
-0.998484, 205, 153, 236, 168
-0.998484, 81, 467, 112, 482
-0.998485, 113, 451, 144, 466
-0.998485, 145, 129, 272, 160
-0.998486, 97, 129, 224, 160
-0.998486, 69, 465, 84, 496
-0.998486, 141, 145, 172, 160
-0.998488, 273, 147, 333, 162
-0.998489, 25, 113, 40, 144
-0.998489, 141, 145, 156, 176
-0.998489, 97, 455, 128, 470
-0.99849, 81, 461, 96, 492
-0.998493, 73, 475, 104, 490
-0.998494, 167, 137, 182, 168
-0.998495, 29, 127, 60, 142
-0.998495, 291, 149, 306, 180
-0.998495, 113, 445, 144, 460
-0.998496, 73, 149, 104, 164
-0.998497, 273, 177, 333, 192
-0.998499, 101, 33, 132, 288
-0.998499, 289, 147, 320, 162
-0.9985, 113, 445, 128, 476
-0.998501, 81, 483, 112, 498
-0.998506, 41, 125, 56, 156
-0.998508, 87, 145, 102, 176
-0.99851, 173, 137, 188, 168
-0.998513, 289, 167, 320, 182
-0.998513, 17, 153, 144, 184
-0.998514, 53, 133, 68, 164
-0.998516, 149, 443, 180, 458
-0.998516, 65, 483, 96, 498
-0.998517, 209, 33, 333, 64
-0.998518, 157, 141, 172, 172
-0.998519, 185, 485, 216, 500
-0.998522, 193, 149, 224, 164
-0.998524, 41, 481, 72, 496
-0.998527, 273, 177, 304, 192
-0.998527, 161, 139, 192, 154
-0.998531, 97, 305, 160, 432
-0.998533, 87, 453, 102, 484
-0.998534, 103, 465, 118, 496
-0.998537, 133, 181, 164, 196
-0.998537, 301, 127, 332, 142
-0.99854, 301, 177, 332, 192
-0.998542, 135, 149, 150, 180
-0.998547, 85, 477, 116, 492
-0.998549, 217, 153, 232, 184
-0.998552, 251, 165, 266, 196
-0.998554, 273, 165, 304, 180
-0.998559, 245, 161, 260, 192
-0.998559, 21, 161, 52, 288
-0.998564, 1, 361, 256, 424
-0.998567, 145, 173, 160, 204
-0.998569, 113, 445, 176, 460
-0.99857, 65, 265, 192, 296
-0.998573, 209, 209, 333, 240
-0.998575, 161, 269, 288, 300
-0.998579, 305, 125, 320, 156
-0.99858, 19, 121, 34, 152
-0.99858, 1, 127, 64, 142
-0.998584, 33, 385, 160, 448
-0.998585, 31, 125, 46, 156
-0.998589, 315, 181, 330, 212
-0.998589, 33, 485, 96, 500
-0.998598, 147, 445, 162, 476
-0.998599, 301, 149, 332, 164
-0.998599, 129, 441, 144, 472
-0.9986, 217, 17, 248, 144
-0.998601, 125, 33, 156, 288
-0.998602, 63, 469, 78, 500
-0.998605, 237, 157, 252, 188
-0.998608, 105, 481, 168, 496
-0.99861, 207, 149, 222, 180
-0.998611, 209, 17, 333, 48
-0.998614, 95, 149, 110, 180
-0.998614, 209, 105, 333, 168
-0.998617, 129, 181, 192, 196
-0.998617, 273, 171, 304, 186
-0.998621, 47, 129, 62, 160
-0.998622, 47, 469, 62, 500
-0.998627, 161, 1, 288, 32
-0.998632, 301, 157, 332, 172
-0.998633, 97, 393, 224, 424
-0.998635, 197, 149, 212, 180
-0.998636, 301, 143, 332, 158
-0.998637, 137, 175, 200, 190
-0.998639, 301, 171, 332, 186
-0.998641, 57, 147, 120, 162
-0.998642, 285, 173, 316, 188
-0.998642, 125, 153, 140, 184
-0.99865, 161, 361, 288, 392
-0.998652, 59, 137, 74, 168
-0.998655, 33, 477, 96, 492
-0.998655, 289, 161, 320, 176
-0.998657, 179, 429, 194, 460
-0.998659, 295, 173, 310, 204
-0.998659, 1, 305, 128, 336
-0.998659, 301, 193, 332, 320
-0.99866, 135, 469, 150, 500
-0.998661, 73, 145, 88, 176
-0.998662, 75, 461, 90, 492
-0.998666, 113, 197, 240, 228
-0.998666, 97, 337, 224, 368
-0.998668, 25, 125, 40, 156
-0.99867, 79, 145, 94, 176
-0.998673, 61, 273, 92, 400
-0.998673, 57, 477, 120, 492
-0.998674, 135, 441, 150, 472
-0.998678, 41, 469, 56, 500
-0.99868, 65, 49, 192, 80
-0.998681, 129, 465, 144, 496
-0.998689, 97, 465, 160, 480
-0.99869, 7, 117, 22, 148
-0.998691, 193, 155, 256, 170
-0.998707, 105, 453, 120, 484
-0.998712, 171, 169, 186, 200
-0.998713, 265, 437, 280, 468
-0.998716, 227, 157, 242, 188
-0.998717, 61, 33, 92, 288
-0.998719, 161, 29, 288, 60
-0.998719, 277, 161, 292, 192
-0.998726, 33, 467, 96, 482
-0.998727, 311, 109, 326, 140
-0.998732, 161, 49, 288, 80
-0.998733, 103, 153, 118, 184
-0.998735, 49, 333, 176, 364
-0.998735, 159, 445, 174, 476
-0.998742, 109, 149, 124, 180
-0.998746, 49, 301, 176, 332
-0.998753, 169, 445, 184, 476
-0.998756, 13, 117, 28, 148
-0.998767, 177, 249, 304, 280
-0.998767, 31, 113, 46, 144
-0.998777, 141, 433, 156, 464
-0.998779, 271, 161, 286, 192
-0.998779, 241, 157, 304, 172
-0.998781, 209, 97, 333, 128
-0.998787, 73, 461, 136, 476
-0.998787, 147, 145, 162, 176
-0.998788, 97, 455, 160, 470
-0.99879, 97, 471, 160, 486
-0.998791, 269, 449, 284, 480
-0.998792, 255, 453, 270, 484
-0.998793, 113, 457, 128, 488
-0.998794, 65, 209, 192, 272
-0.998795, 81, 449, 144, 464
-0.998796, 57, 483, 120, 498
-0.998796, 145, 445, 208, 460
-0.998797, 113, 33, 144, 288
-0.998799, 185, 153, 200, 184
-0.998803, 209, 161, 272, 176
-0.998806, 193, 173, 208, 204
-0.998806, 185, 421, 200, 452
-0.998808, 265, 353, 296, 480
-0.99881, 119, 149, 134, 180
-0.998816, 121, 441, 136, 472
-0.998819, 1, 113, 16, 144
-0.998826, 139, 457, 154, 488
-0.998828, 177, 149, 240, 164
-0.998829, 129, 147, 192, 162
-0.99883, 35, 469, 50, 500
-0.998831, 183, 209, 198, 240
-0.998835, 221, 221, 236, 252
-0.998842, 145, 435, 208, 450
-0.998843, 209, 117, 333, 148
-0.998846, 57, 471, 120, 486
-0.99885, 147, 133, 162, 164
-0.998856, 97, 153, 160, 168
-0.998858, 81, 373, 208, 404
-0.998863, 193, 373, 320, 404
-0.998868, 17, 261, 144, 292
-0.998869, 163, 173, 178, 204
-0.998871, 73, 455, 136, 470
-0.998879, 65, 161, 192, 192
-0.998882, 189, 209, 204, 240
-0.998886, 183, 177, 198, 208
-0.99889, 215, 213, 230, 244
-0.998895, 97, 143, 160, 158
-0.998896, 145, 485, 208, 500
-0.998898, 81, 217, 96, 248
-0.998899, 161, 173, 224, 188
-0.998902, 141, 185, 156, 216
-0.998904, 1, 249, 128, 280
-0.998906, 153, 429, 168, 460
-0.998909, 247, 409, 262, 440
-0.99891, 275, 461, 290, 492
-0.998911, 273, 159, 333, 174
-0.998913, 271, 429, 286, 460
-0.998914, 209, 385, 333, 416
-0.998915, 7, 277, 22, 308
-0.998916, 217, 167, 280, 182
-0.998917, 17, 135, 80, 150
-0.998918, 263, 461, 278, 492
-0.998918, 307, 281, 322, 312
-0.998919, 1, 397, 128, 428
-0.998919, 97, 97, 224, 128
-0.99892, 121, 439, 184, 454
-0.998923, 217, 217, 280, 232
-0.998924, 151, 465, 166, 496
-0.998924, 137, 479, 200, 494
-0.998929, 153, 167, 216, 182
-0.998932, 33, 141, 96, 156
-0.998932, 251, 465, 266, 496
-0.998933, 81, 449, 96, 480
-0.998935, 123, 177, 138, 208
-0.998935, 257, 217, 272, 248
-0.99894, 123, 469, 138, 500
-0.99894, 49, 389, 176, 420
-0.998941, 103, 141, 118, 172
-0.998947, 1, 321, 128, 352
-0.998948, 113, 187, 176, 202
-0.998952, 161, 201, 288, 232
-0.998953, 9, 485, 72, 500
-0.998961, 249, 179, 312, 194
-0.998963, 209, 77, 333, 108
-0.998964, 137, 451, 200, 466
-0.998965, 273, 127, 333, 142
-0.998975, 249, 463, 312, 478
-0.998982, 1, 409, 128, 440
-0.998982, 49, 461, 112, 476
-0.998988, 153, 147, 216, 162
-0.998993, 143, 129, 158, 256
-0.998997, 129, 117, 256, 148
-0.999, 249, 469, 312, 484
-0.999013, 133, 129, 148, 256
-0.999017, 65, 73, 192, 104
-0.999023, 97, 181, 160, 196
-0.999027, 65, 289, 192, 320
-0.999028, 121, 463, 184, 478
-0.999031, 209, 465, 272, 480
-0.999035, 177, 485, 240, 500
-0.999041, 49, 361, 176, 424
-0.999058, 145, 211, 208, 226
-0.999061, 277, 145, 292, 272
-0.999062, 169, 439, 232, 454
-0.999064, 97, 361, 224, 392
-0.999066, 1, 475, 64, 490
-0.999066, 249, 73, 312, 88
-0.999069, 273, 153, 333, 168
-0.999074, 217, 229, 280, 244
-0.999074, 125, 145, 140, 272
-0.999075, 249, 225, 312, 240
-0.999076, 253, 209, 284, 336
-0.999079, 153, 461, 216, 476
-0.99908, 253, 161, 268, 288
-0.99908, 87, 129, 102, 256
-0.999086, 291, 145, 306, 272
-0.999086, 273, 455, 333, 470
-0.999086, 1, 111, 64, 126
-0.999086, 145, 373, 272, 404
-0.999087, 203, 129, 218, 256
-0.999089, 303, 145, 318, 272
-0.999089, 81, 61, 208, 92
-0.999092, 103, 145, 118, 272
-0.999093, 1, 385, 128, 416
-0.999093, 265, 337, 328, 352
-0.999094, 209, 471, 272, 486
-0.999095, 185, 213, 248, 228
-0.999096, 183, 129, 198, 256
-0.999098, 233, 411, 296, 426
-0.999098, 215, 145, 230, 272
-0.999098, 201, 223, 264, 238
-0.999099, 1, 121, 64, 136
-0.9991, 273, 405, 333, 420
-0.999101, 1, 275, 64, 290
-0.999102, 263, 161, 278, 288
-0.999102, 1, 173, 128, 204
-0.999104, 121, 457, 184, 472
-0.999105, 273, 183, 333, 198
-0.999106, 225, 173, 288, 188
-0.999106, 257, 141, 320, 156
-0.999106, 97, 349, 224, 380
-0.999107, 241, 217, 304, 232
-0.999107, 73, 153, 136, 168
-0.999109, 73, 191, 136, 206
-0.999112, 153, 429, 216, 444
-0.999115, 241, 325, 304, 340
-0.999116, 137, 135, 200, 150
-0.999117, 95, 129, 110, 256
-0.99912, 227, 145, 242, 272
-0.999121, 233, 285, 296, 300
-0.999123, 163, 129, 178, 256
-0.999124, 313, 145, 328, 272
-0.999126, 177, 129, 192, 256
-0.999127, 169, 161, 232, 176
-0.999127, 225, 331, 288, 346
-0.999127, 249, 437, 312, 452
-0.999128, 193, 185, 256, 200
-0.999128, 257, 303, 320, 318
-0.999128, 109, 145, 124, 272
-0.999129, 283, 145, 298, 272
-0.99913, 33, 215, 96, 230
-0.999131, 233, 453, 296, 468
-0.999131, 1, 469, 64, 484
-0.999132, 265, 275, 328, 290
-0.999133, 273, 429, 333, 444
-0.999135, 193, 129, 208, 256
-0.999135, 209, 275, 272, 290
-0.999138, 185, 173, 248, 188
-0.999141, 73, 221, 136, 236
-0.999143, 153, 187, 216, 202
-0.999143, 249, 265, 312, 280
-0.999143, 201, 283, 264, 298
-0.999146, 1, 61, 128, 92
-0.999147, 25, 129, 88, 144
-0.999148, 1, 463, 64, 478
-0.999151, 113, 137, 176, 152
-0.999151, 273, 347, 333, 362
-0.999153, 67, 129, 82, 256
-0.999153, 217, 257, 280, 272
-0.999154, 177, 427, 240, 442
-0.999155, 49, 361, 176, 392
-0.999155, 297, 145, 312, 272
-0.999155, 217, 245, 280, 260
-0.999155, 41, 177, 104, 192
-0.999156, 265, 215, 328, 230
-0.999156, 73, 129, 88, 256
-0.999158, 149, 129, 164, 256
-0.99916, 169, 1, 200, 128
-0.99916, 169, 219, 232, 234
-0.99916, 1, 353, 128, 384
-0.999162, 1, 237, 128, 268
-0.999162, 73, 211, 136, 226
-0.999164, 157, 129, 172, 256
-0.999166, 209, 485, 272, 500
-0.999167, 121, 469, 184, 484
-0.999168, 113, 85, 240, 116
-0.999172, 225, 431, 288, 446
-0.999173, 257, 447, 320, 462
-0.999174, 89, 175, 152, 190
-0.999174, 25, 273, 88, 288
-0.999178, 49, 453, 112, 468
-0.999179, 115, 145, 130, 272
-0.99918, 257, 251, 320, 266
-0.99918, 233, 343, 296, 358
-0.999181, 89, 443, 152, 458
-0.999181, 153, 45, 216, 60
-0.999182, 113, 193, 176, 208
-0.999182, 1, 305, 333, 368
-0.999185, 233, 277, 296, 292
-0.999185, 249, 485, 312, 500
-0.999185, 233, 349, 296, 364
-0.999186, 65, 185, 128, 200
-0.999186, 221, 145, 236, 272
-0.999186, 65, 33, 192, 64
-0.999187, 247, 145, 262, 272
-0.99919, 161, 13, 288, 44
-0.999192, 239, 145, 254, 272
-0.999194, 241, 225, 272, 480
-0.999194, 169, 129, 184, 256
-0.999197, 81, 129, 96, 256
-0.999206, 253, 49, 284, 176
-0.999207, 233, 145, 248, 272
-0.999228, 61, 129, 76, 256
-0.999233, 271, 161, 286, 288
-0.999244, 181, 437, 196, 452
-0.999245, 209, 145, 224, 272
-0.999247, 137, 369, 168, 496
-0.99925, 109, 153, 124, 168
-0.99925, 227, 159, 242, 174
-0.999253, 3, 117, 18, 132
-0.999254, 1, 81, 333, 144
-0.999255, 181, 33, 212, 160
-0.999256, 9, 119, 24, 134
-0.999256, 57, 485, 72, 500
-0.999257, 133, 177, 148, 304
-0.999258, 247, 469, 262, 484
-0.999259, 151, 457, 166, 472
-0.999265, 133, 151, 148, 166
-0.999265, 117, 443, 132, 458
-0.999266, 53, 135, 68, 150
-0.999268, 163, 435, 178, 450
-0.999275, 255, 483, 270, 498
-0.999276, 73, 147, 88, 162
-0.999276, 51, 113, 66, 240
-0.999277, 119, 457, 134, 472
-0.99928, 317, 111, 332, 126
-0.999284, 145, 147, 160, 162
-0.999287, 117, 475, 132, 490
-0.999292, 189, 147, 204, 162
-0.999292, 111, 461, 126, 476
-0.999301, 129, 65, 256, 128
-0.999302, 101, 153, 116, 168
-0.999302, 139, 177, 154, 304
-0.999305, 91, 483, 106, 498
-0.999305, 33, 113, 48, 240
-0.999305, 303, 179, 318, 194
-0.99931, 81, 467, 96, 482
-0.999311, 155, 173, 170, 188
-0.999313, 135, 465, 150, 480
-0.999314, 173, 443, 188, 458
-0.999318, 145, 455, 160, 470
-0.999318, 1, 385, 333, 448
-0.999319, 17, 113, 32, 240
-0.99932, 89, 453, 104, 468
-0.99932, 89, 147, 104, 162
-0.999321, 45, 475, 60, 490
-0.999322, 113, 455, 128, 470
-0.999322, 317, 117, 332, 132
-0.999326, 205, 151, 220, 166
-0.999327, 287, 159, 302, 174
-0.999328, 45, 113, 60, 240
-0.99933, 33, 479, 48, 494
-0.999331, 25, 113, 40, 240
-0.999335, 159, 451, 174, 466
-0.999341, 105, 479, 120, 494
-0.999342, 69, 467, 84, 482
-0.999346, 157, 143, 172, 158
-0.999347, 95, 151, 110, 166
-0.999347, 101, 451, 116, 466
-0.999351, 143, 447, 158, 462
-0.999353, 235, 159, 250, 174
-0.999355, 39, 477, 54, 492
-0.999355, 245, 305, 276, 432
-0.999355, 145, 321, 208, 448
-0.999358, 179, 81, 194, 208
-0.999359, 165, 139, 180, 154
-0.99936, 43, 127, 58, 142
-0.999361, 21, 125, 36, 140
-0.999363, 121, 241, 152, 368
-0.999364, 73, 485, 88, 500
-0.999366, 39, 113, 54, 240
-0.999367, 127, 181, 142, 196
-0.999367, 173, 81, 188, 208
-0.999368, 31, 125, 46, 140
-0.999369, 217, 155, 232, 170
-0.99937, 175, 433, 190, 448
-0.999374, 211, 153, 226, 168
-0.999379, 317, 129, 332, 144
-0.999382, 113, 481, 128, 496
-0.999382, 241, 159, 256, 174
-0.999385, 209, 225, 240, 480
-0.999388, 5, 97, 20, 224
-0.999391, 183, 143, 198, 158
-0.999394, 37, 125, 52, 140
-0.999394, 301, 139, 316, 154
-0.999395, 163, 443, 178, 458
-0.999398, 51, 477, 66, 492
-0.9994, 135, 451, 150, 466
-0.999402, 11, 97, 26, 224
-0.999402, 69, 81, 84, 208
-0.999403, 129, 465, 144, 480
-0.999405, 139, 149, 154, 164
-0.999407, 63, 81, 78, 208
-0.999408, 257, 113, 272, 240
-0.999409, 197, 81, 212, 208
-0.999412, 77, 81, 92, 208
-0.999415, 253, 167, 268, 182
-0.999419, 139, 185, 154, 200
-0.999419, 105, 485, 120, 500
-0.999426, 49, 129, 64, 144
-0.999426, 15, 121, 30, 136
-0.999426, 95, 177, 110, 304
-0.999426, 191, 81, 206, 208
-0.999427, 29, 161, 60, 416
-0.999427, 317, 97, 332, 224
-0.99943, 175, 139, 190, 154
-0.999431, 83, 177, 98, 304
-0.999431, 105, 459, 120, 474
-0.999433, 77, 177, 92, 304
-0.999433, 247, 163, 262, 178
-0.999437, 65, 141, 80, 156
-0.999439, 155, 439, 170, 454
-0.99944, 185, 81, 200, 208
-0.999441, 99, 457, 114, 472
-0.999445, 273, 97, 304, 224
-0.999446, 295, 145, 310, 160
-0.999448, 95, 467, 110, 482
-0.999456, 271, 113, 286, 240
-0.99946, 167, 81, 182, 208
-0.99946, 313, 179, 328, 194
-0.99946, 235, 97, 250, 224
-0.99946, 195, 149, 210, 164
-0.99946, 293, 177, 308, 192
-0.999462, 131, 443, 146, 458
-0.999464, 83, 81, 98, 208
-0.999468, 57, 81, 72, 208
-0.999469, 279, 165, 294, 180
-0.999471, 263, 113, 278, 240
-0.999475, 59, 137, 74, 152
-0.999475, 299, 165, 314, 180
-0.999476, 307, 97, 322, 224
-0.99948, 99, 475, 114, 490
-0.999485, 229, 97, 244, 224
-0.999488, 153, 81, 168, 208
-0.999489, 245, 97, 260, 224
-0.999491, 143, 179, 158, 194
-0.999493, 203, 81, 218, 208
-0.999493, 261, 171, 276, 186
-0.999493, 269, 305, 284, 432
-0.999494, 167, 177, 182, 304
-0.999495, 217, 97, 232, 224
-0.999496, 297, 151, 312, 166
-0.999496, 277, 273, 292, 400
-0.999497, 173, 177, 188, 304
-0.999502, 275, 177, 290, 192
-0.999502, 89, 177, 104, 304
-0.999504, 105, 97, 120, 224
-0.999507, 233, 1, 248, 128
-0.999507, 255, 1, 270, 128
-0.999508, 239, 1, 254, 128
-0.999511, 209, 97, 224, 224
-0.999513, 153, 177, 168, 304
-0.999513, 245, 1, 260, 128
-0.999515, 185, 177, 200, 304
-0.999522, 263, 305, 278, 432
-0.999523, 79, 477, 94, 492
-0.999524, 113, 193, 128, 320
-0.999526, 167, 353, 182, 480
-0.999527, 159, 81, 174, 208
-0.999528, 259, 257, 274, 384
-0.999529, 235, 193, 250, 320
-0.999531, 295, 97, 310, 224
-0.999532, 289, 289, 304, 416
-0.999532, 145, 177, 160, 304
-0.999533, 267, 225, 282, 352
-0.999536, 141, 441, 156, 456
-0.999536, 301, 97, 316, 224
-0.999536, 313, 193, 328, 320
-0.999536, 261, 1, 276, 128
-0.99954, 219, 209, 234, 336
-0.999542, 133, 225, 164, 352
-0.999545, 127, 193, 142, 320
-0.999546, 121, 97, 136, 224
-0.999548, 285, 97, 300, 224
-0.999548, 133, 185, 148, 200
-0.99955, 91, 81, 106, 208
-0.999551, 179, 163, 194, 178
-0.999552, 147, 81, 162, 208
-0.999554, 87, 241, 102, 368
-0.999554, 235, 305, 250, 432
-0.999554, 107, 453, 122, 468
-0.999555, 223, 97, 238, 224
-0.999558, 287, 177, 302, 192
-0.999558, 149, 447, 164, 462
-0.99956, 67, 177, 82, 304
-0.99956, 283, 257, 298, 384
-0.999561, 5, 225, 20, 352
-0.999562, 21, 209, 36, 336
-0.999563, 307, 1, 322, 128
-0.999564, 225, 209, 240, 336
-0.999564, 25, 161, 40, 288
-0.999565, 267, 1, 282, 128
-0.999566, 61, 177, 76, 304
-0.999566, 203, 177, 218, 304
-0.999569, 55, 161, 70, 288
-0.999569, 283, 305, 298, 432
-0.999569, 257, 209, 272, 336
-0.999574, 49, 161, 64, 288
-0.999578, 241, 289, 256, 416
-0.999579, 39, 161, 54, 288
-0.999579, 9, 177, 24, 304
-0.99958, 105, 193, 120, 320
-0.999581, 179, 177, 194, 304
-0.999582, 113, 97, 128, 224
-0.999582, 89, 471, 104, 486
-0.999582, 211, 209, 226, 336
-0.999584, 173, 167, 188, 182
-0.999584, 119, 193, 134, 320
-0.999585, 15, 209, 30, 336
-0.999586, 133, 225, 148, 352
-0.999591, 275, 171, 290, 186
-0.999593, 301, 49, 332, 176
-0.999594, 49, 257, 80, 384
-0.999596, 269, 175, 284, 190
-0.999597, 79, 483, 94, 498
-0.999599, 317, 165, 332, 180
-0.999617, 85, 483, 100, 498
-0.999623, 281, 177, 296, 192
-0.999655, 81, 337, 208, 400
-0.999664, 87, 477, 102, 492
-0.999694, 317, 135, 332, 150
-0.999696, 187, 485, 202, 500
-0.999709, 1, 329, 333, 392
-0.999723, 41, 1, 72, 256
-0.999725, 1, 361, 128, 424
-0.999729, 301, 353, 332, 480
-0.999731, 317, 141, 332, 156
-0.999751, 307, 163, 322, 178
-0.999753, 253, 353, 284, 480
-0.999755, 93, 477, 108, 492
-0.99976, 129, 225, 192, 352
-0.999776, 17, 193, 48, 448
-0.999781, 135, 179, 150, 194
-0.999788, 43, 483, 58, 498
-0.999808, 303, 173, 318, 188
-0.999826, 197, 257, 228, 500
-0.999837, 297, 171, 312, 186
-0.999853, 221, 225, 252, 480
-0.99986, 311, 125, 326, 140
-0.999891, 301, 159, 316, 174
-0.999894, 5, 225, 36, 480
-0.999897, 5, 1, 36, 256
-0.999904, 137, 225, 168, 480
-0.99991, 253, 257, 284, 500
-0.999912, 315, 171, 330, 186
-0.999927, 283, 171, 298, 186
-0.999935, 281, 17, 312, 144
-0.999945, 1, 25, 333, 88
-0.999961, 185, 225, 216, 480
-0.999969, 293, 163, 308, 178
-0.999973, 245, 97, 276, 224
-0.999973, 307, 151, 322, 166
-0.999978, 317, 123, 332, 138
-0.99998, 315, 157, 330, 172
-1, 289, 171, 304, 186
-1.00001, 57, 225, 88, 480
-1.00002, 309, 171, 324, 186
-1.00003, 311, 141, 326, 156
-1.00004, 41, 193, 72, 448
-1.00004, 17, 1, 48, 256
-1.00004, 313, 149, 328, 164
-1.00005, 285, 165, 300, 180
-1.00006, 277, 353, 308, 480
-1.00006, 77, 225, 108, 480
-1.00007, 37, 65, 68, 192
-1.00013, 301, 145, 316, 160
-1.00014, 113, 225, 144, 480
-1.0002, 1, 409, 333, 472
-1.00022, 113, 225, 240, 288
-1.00024, 125, 225, 156, 480
-1.00024, 273, 257, 304, 500
-1.00025, 307, 157, 322, 172
-1.00027, 157, 225, 188, 480
-1.00028, 205, 33, 236, 160
-1.00031, 89, 225, 120, 480
-1.00035, 1, 1, 333, 64
-1.00037, 173, 225, 204, 480
-1.00039, 1, 361, 333, 424
-1.0005, 29, 257, 60, 384
-1.00057, 301, 257, 332, 500
-1.00058, 101, 257, 132, 500
-1.00059, 1, 353, 64, 480
-1.00063, 65, 9, 192, 72
-1.00064, 45, 209, 76, 336
-1.00068, 177, 321, 208, 448
-1.00071, 289, 257, 320, 500
-1.00079, 29, 257, 60, 500
-1.00079, 289, 241, 320, 368
-1.00095, 49, 249, 176, 312
-1.00097, 85, 49, 116, 176
-1.00105, 181, 369, 212, 496
-1.0012, 101, 289, 132, 416
-1.00129, 1, 321, 128, 384
-1.00133, 113, 89, 240, 152
-1.00136, 241, 49, 272, 176
-1.00143, 1, 41, 128, 104
-1.00144, 1, 73, 128, 136
-1.00145, 133, 273, 164, 400
-1.0015, 1, 17, 128, 144
-1.00164, 49, 41, 176, 104
-1.00168, 153, 33, 184, 160
-1.00197, 165, 321, 196, 448
-1.00201, 37, 305, 68, 432
-1.00204, 109, 1, 140, 128
-1.00205, 193, 33, 224, 160
-1.00207, 97, 353, 160, 480
-1.00212, 81, 225, 112, 352
-1.00216, 213, 305, 244, 432
-1.00227, 225, 241, 256, 368
-1.00231, 285, 193, 316, 320
-1.00236, 121, 1, 152, 128
-1.0024, 145, 305, 176, 432
-1.0024, 289, 353, 320, 480
-1.00246, 145, 225, 176, 352
-1.00249, 121, 321, 184, 448
-1.00251, 17, 17, 144, 80
-1.00279, 17, 305, 48, 432
-1.00282, 217, 369, 248, 496
-1.00289, 105, 369, 136, 496
-1.00289, 201, 225, 232, 352
-1.00297, 85, 369, 116, 496
-1.00299, 49, 65, 80, 192
-1.003, 81, 1, 144, 128
-1.00343, 33, 33, 96, 160
-1.0055, 57, 33, 120, 160
-1.01233, 9, 17, 72, 144
