1878
-0.321827, 1, 1, 500, 330
-0.416877, 1, 1, 500, 256
-0.492109, 129, 1, 384, 330
-0.509498, 225, 1, 480, 330
-0.615615, 33, 1, 288, 330
-0.632898, 129, 33, 384, 288
-0.680233, 225, 1, 480, 256
-0.706564, 1, 65, 256, 320
-0.864627, 337, 1, 464, 330
-0.870989, 225, 1, 352, 256
-0.872892, 225, 1, 352, 330
-0.880461, 1, 65, 128, 320
-0.881434, 321, 1, 448, 256
-0.891596, 289, 1, 416, 330
-0.892422, 1, 81, 500, 208
-0.892424, 49, 1, 176, 330
-0.892725, 129, 1, 256, 330
-0.894111, 1, 161, 500, 288
-0.895673, 65, 65, 192, 320
-0.899278, 369, 1, 496, 256
-0.899334, 1, 1, 128, 330
-0.901927, 177, 1, 304, 330
-0.901983, 145, 33, 272, 288
-0.908665, 225, 209, 480, 330
-0.910705, 1, 17, 500, 144
-0.912057, 1, 209, 500, 330
-0.913978, 273, 65, 400, 320
-0.92009, 129, 193, 384, 320
-0.92982, 225, 1, 480, 128
-0.931775, 145, 209, 272, 330
-0.933669, 1, 209, 256, 330
-0.933995, 33, 129, 288, 256
-0.935221, 193, 145, 448, 272
-0.940674, 129, 81, 384, 208
-0.941408, 169, 209, 232, 330
-0.941592, 273, 209, 400, 330
-0.945642, 225, 97, 480, 224
-0.947767, 337, 177, 464, 304
-0.948455, 337, 49, 400, 176
-0.950239, 33, 81, 288, 208
-0.951182, 321, 49, 448, 176
-0.952039, 65, 129, 192, 256
-0.952676, 345, 209, 408, 330
-0.954011, 1, 129, 64, 256
-0.954443, 209, 161, 336, 288
-0.955118, 297, 193, 360, 320
-0.955614, 329, 161, 392, 288
-0.956365, 321, 1, 448, 128
-0.956621, 289, 161, 416, 288
-0.95714, 201, 209, 264, 330
-0.957165, 369, 1, 432, 128
-0.957216, 89, 113, 152, 240
-0.957615, 145, 209, 208, 330
-0.957703, 1, 81, 128, 208
-0.958283, 225, 209, 352, 330
-0.958605, 433, 209, 496, 330
-0.959652, 145, 113, 272, 240
-0.95989, 233, 1, 296, 128
-0.95991, 153, 161, 216, 288
-0.959955, 129, 145, 192, 272
-0.960009, 225, 1, 352, 128
-0.960531, 225, 49, 480, 176
-0.960579, 273, 17, 400, 144
-0.961032, 313, 1, 376, 128
-0.961037, 97, 209, 224, 330
-0.961385, 361, 209, 424, 272
-0.962513, 401, 177, 464, 304
-0.963313, 369, 161, 432, 288
-0.963647, 145, 161, 272, 288
-0.963672, 337, 209, 400, 272
-0.963813, 337, 1, 400, 128
-0.964356, 1, 145, 128, 272
-0.964783, 33, 81, 96, 208
-0.964881, 185, 241, 248, 304
-0.965141, 217, 265, 280, 328
-0.965326, 305, 193, 368, 256
-0.965743, 153, 217, 216, 280
-0.965752, 321, 97, 448, 224
-0.96597, 49, 81, 176, 208
-0.966295, 369, 17, 496, 144
-0.966411, 97, 113, 160, 176
-0.967146, 129, 33, 384, 160
-0.968586, 281, 209, 344, 272
-0.968652, 1, 121, 64, 184
-0.968679, 345, 65, 408, 128
-0.968682, 129, 65, 256, 192
-0.969103, 337, 209, 464, 272
-0.969288, 129, 249, 256, 312
-0.969464, 369, 209, 432, 330
-0.969624, 25, 121, 88, 184
-0.969858, 401, 201, 464, 264
-0.969928, 49, 209, 176, 330
-0.97002, 9, 81, 72, 208
-0.970455, 369, 129, 496, 256
-0.970561, 25, 129, 88, 256
-0.970838, 185, 201, 248, 264
-0.971324, 225, 81, 352, 208
-0.9714, 185, 129, 248, 256
-0.971796, 169, 177, 200, 304
-0.972067, 265, 209, 328, 330
-0.972094, 273, 225, 400, 288
-0.972174, 57, 65, 120, 192
-0.972244, 361, 49, 424, 176
-0.972371, 425, 161, 488, 288
-0.972513, 217, 225, 280, 288
-0.972533, 129, 153, 192, 216
-0.972538, 329, 41, 392, 104
-0.972606, 129, 225, 192, 288
-0.972624, 329, 113, 392, 240
-0.972678, 433, 217, 496, 280
-0.97275, 225, 193, 288, 320
-0.972774, 233, 1, 296, 64
-0.973046, 369, 57, 432, 120
-0.973183, 369, 9, 432, 72
-0.973205, 145, 225, 272, 288
-0.973442, 153, 177, 216, 240
-0.973656, 241, 249, 304, 312
-0.973959, 329, 185, 392, 248
-0.973967, 1, 209, 128, 330
-0.974551, 73, 113, 136, 176
-0.974558, 189, 193, 220, 320
-0.974595, 113, 97, 176, 224
-0.97492, 157, 225, 188, 288
-0.974924, 17, 97, 80, 160
-0.97493, 409, 225, 472, 288
-0.974952, 33, 113, 160, 176
-0.975202, 305, 17, 368, 80
-0.975283, 145, 249, 208, 312
-0.975347, 337, 33, 400, 288
-0.975503, 33, 33, 288, 160
-0.975754, 5, 129, 36, 192
-0.975866, 377, 33, 440, 96
-0.975966, 257, 225, 320, 288
-0.976076, 353, 169, 416, 232
-0.976268, 65, 113, 128, 240
-0.976268, 113, 209, 176, 330
-0.976339, 433, 241, 496, 304
-0.976482, 433, 177, 496, 240
-0.976696, 401, 177, 464, 240
-0.97675, 345, 9, 408, 72
-0.976885, 409, 33, 472, 160
-0.977078, 369, 1, 432, 256
-0.977333, 5, 113, 36, 240
-0.977389, 57, 89, 120, 152
-0.977421, 185, 169, 248, 232
-0.977446, 305, 145, 368, 272
-0.977595, 329, 89, 392, 152
-0.977633, 385, 81, 448, 208
-0.977782, 353, 33, 416, 96
-0.978028, 273, 201, 400, 264
-0.978098, 177, 201, 304, 264
-0.978308, 341, 209, 372, 272
-0.978365, 321, 233, 384, 296
-0.97841, 25, 105, 56, 168
-0.97846, 49, 137, 112, 200
-0.978473, 33, 225, 96, 288
-0.978622, 237, 265, 268, 328
-0.978666, 121, 129, 184, 192
-0.978875, 1, 153, 64, 216
-0.978971, 17, 65, 80, 320
-0.979004, 233, 33, 296, 96
-0.979037, 1, 265, 64, 328
-0.979116, 449, 209, 480, 272
-0.979153, 329, 161, 392, 224
-0.979207, 157, 209, 188, 330
-0.979367, 433, 153, 496, 216
-0.979369, 105, 225, 168, 288
-0.979372, 225, 97, 288, 224
-0.979374, 157, 161, 188, 288
-0.979413, 385, 89, 448, 152
-0.979413, 209, 1, 272, 128
-0.979511, 225, 265, 256, 328
-0.979548, 329, 113, 392, 176
-0.979548, 25, 249, 88, 312
-0.979622, 9, 177, 72, 240
-0.979662, 225, 89, 288, 152
-0.979757, 273, 113, 400, 240
-0.979783, 457, 209, 488, 330
-0.979814, 365, 209, 396, 272
-0.979963, 209, 265, 336, 328
-0.980039, 177, 217, 208, 280
-0.980065, 9, 177, 72, 304
-0.980212, 113, 201, 176, 264
-0.980266, 185, 81, 248, 144
-0.980339, 345, 233, 408, 296
-0.980347, 385, 225, 448, 288
-0.980354, 21, 129, 52, 256
-0.980375, 381, 201, 412, 264
-0.98044, 129, 105, 192, 168
-0.980442, 97, 225, 224, 288
-0.980498, 73, 217, 136, 280
-0.980529, 425, 265, 488, 328
-0.980539, 177, 145, 240, 208
-0.980725, 377, 265, 440, 328
-0.980856, 113, 65, 176, 320
-0.980893, 177, 1, 304, 128
-0.981073, 281, 1, 344, 64
-0.98115, 237, 1, 268, 128
-0.981169, 217, 177, 280, 240
-0.981341, 17, 89, 144, 152
-0.981348, 321, 193, 352, 256
-0.981369, 289, 17, 352, 144
-0.981389, 101, 113, 132, 176
-0.981408, 321, 89, 448, 152
-0.981463, 377, 153, 440, 216
-0.981503, 305, 137, 368, 200
-0.981516, 209, 225, 336, 288
-0.981537, 349, 161, 380, 288
-0.981584, 121, 249, 184, 312
-0.9816, 297, 73, 360, 136
-0.981734, 353, 209, 384, 272
-0.981753, 129, 201, 256, 264
-0.981754, 225, 121, 288, 184
-0.981762, 361, 33, 392, 160
-0.981847, 225, 1, 288, 256
-0.981874, 209, 1, 272, 64
-0.981925, 373, 161, 404, 288
-0.981959, 1, 153, 32, 216
-0.98197, 305, 1, 368, 256
-0.982024, 185, 105, 248, 168
-0.98203, 257, 1, 320, 64
-0.982217, 145, 129, 272, 192
-0.982256, 329, 137, 392, 200
-0.982269, 273, 25, 336, 88
-0.982296, 377, 1, 408, 128
-0.982314, 225, 65, 288, 128
-0.982362, 377, 185, 440, 248
-0.982376, 81, 65, 144, 192
-0.982469, 81, 121, 208, 184
-0.982496, 469, 217, 500, 280
-0.982501, 417, 65, 480, 128
-0.982527, 393, 209, 424, 272
-0.982582, 289, 1, 416, 64
-0.982618, 341, 1, 372, 128
-0.982713, 105, 89, 168, 152
-0.982758, 401, 265, 464, 328
-0.982806, 193, 57, 256, 120
-0.982824, 321, 65, 448, 128
-0.98283, 365, 65, 396, 128
-0.982835, 225, 201, 288, 264
-0.982958, 257, 25, 384, 88
-0.983042, 153, 153, 184, 216
-0.98308, 217, 153, 280, 216
-0.98309, 9, 209, 72, 272
-0.983111, 169, 265, 232, 328
-0.983153, 289, 113, 352, 176
-0.983162, 237, 1, 268, 64
-0.983202, 97, 137, 160, 200
-0.983218, 337, 25, 464, 88
-0.983231, 393, 9, 456, 72
-0.983268, 129, 105, 256, 168
-0.983302, 153, 129, 216, 192
-0.983331, 393, 57, 456, 120
-0.983346, 397, 161, 428, 288
-0.983375, 49, 113, 112, 176
-0.983416, 213, 249, 244, 312
-0.983443, 369, 185, 496, 248
-0.983488, 145, 161, 272, 224
-0.983539, 265, 185, 328, 248
-0.983544, 185, 65, 248, 320
-0.983551, 25, 145, 88, 208
-0.983605, 33, 73, 96, 136
-0.98362, 369, 81, 496, 208
-0.983692, 89, 65, 152, 320
-0.983744, 33, 113, 64, 240
-0.983807, 33, 225, 160, 288
-0.983828, 249, 1, 312, 256
-0.983933, 41, 33, 104, 288
-0.983934, 385, 209, 416, 330
-0.983947, 225, 201, 352, 264
-0.984036, 305, 41, 368, 104
-0.984074, 225, 49, 288, 176
-0.984099, 401, 153, 464, 216
-0.98418, 405, 209, 436, 272
-0.984196, 393, 1, 456, 256
-0.984196, 1, 233, 64, 296
-0.984209, 129, 177, 192, 240
-0.984302, 353, 73, 384, 136
-0.984335, 305, 169, 368, 232
-0.984391, 469, 209, 500, 330
-0.984462, 225, 1, 352, 64
-0.984491, 57, 65, 120, 128
-0.984497, 193, 265, 256, 328
-0.984649, 13, 105, 44, 168
-0.984667, 157, 249, 188, 312
-0.984688, 321, 65, 384, 128
-0.984699, 437, 209, 468, 330
-0.984765, 353, 145, 416, 208
-0.984794, 345, 65, 376, 192
-0.984809, 177, 185, 208, 248
-0.984887, 397, 209, 428, 330
-0.984919, 81, 89, 144, 152
-0.984967, 345, 1, 408, 330
-0.985027, 1, 161, 32, 288
-0.985028, 1, 137, 128, 200
-0.985032, 137, 137, 168, 200
-0.985051, 209, 209, 240, 330
-0.985112, 425, 33, 488, 96
-0.985203, 21, 81, 52, 208
-0.985204, 281, 1, 344, 256
-0.985211, 321, 209, 384, 330
-0.985231, 209, 33, 336, 96
-0.985233, 209, 177, 336, 240
-0.985294, 193, 33, 256, 96
-0.985328, 145, 97, 208, 224
-0.985386, 65, 257, 128, 320
-0.985394, 165, 161, 196, 224
-0.985447, 125, 121, 156, 184
-0.985473, 401, 33, 464, 96
-0.985513, 369, 1, 432, 330
-0.985529, 361, 97, 424, 160
-0.985534, 33, 129, 64, 192
-0.985556, 193, 209, 224, 272
-0.985565, 189, 233, 220, 296
-0.985608, 73, 137, 136, 200
-0.985669, 325, 193, 356, 320
-0.985669, 17, 137, 48, 200
-0.985747, 65, 145, 192, 208
-0.985796, 229, 209, 260, 330
-0.985836, 273, 65, 400, 192
-0.985914, 193, 65, 256, 192
-0.985956, 141, 145, 172, 272
-0.986001, 65, 33, 128, 288
-0.986019, 249, 257, 280, 320
-0.986078, 385, 161, 416, 288
-0.986093, 377, 129, 440, 192
-0.986138, 45, 81, 76, 208
-0.986167, 433, 201, 464, 264
-0.986257, 33, 201, 96, 264
-0.986266, 97, 177, 224, 240
-0.986281, 369, 49, 496, 112
-0.986303, 145, 233, 176, 296
-0.986424, 33, 193, 96, 320
-0.986465, 409, 89, 472, 152
-0.986525, 117, 113, 148, 240
-0.986543, 337, 97, 368, 160
-0.986604, 129, 81, 192, 144
-0.98665, 281, 225, 312, 288
-0.986666, 97, 113, 128, 240
-0.986742, 357, 33, 388, 96
-0.986789, 201, 129, 264, 192
-0.986799, 453, 233, 484, 296
-0.986881, 417, 33, 480, 288
-0.986936, 337, 193, 368, 320
-0.986981, 153, 153, 216, 216
-0.987016, 73, 209, 136, 330
-0.987082, 413, 209, 444, 330
-0.987121, 417, 9, 480, 72
-0.987127, 185, 9, 248, 72
-0.987215, 1, 201, 128, 264
-0.987222, 113, 113, 144, 176
-0.987264, 357, 209, 388, 330
-0.987266, 45, 105, 76, 168
-0.987351, 401, 129, 464, 192
-0.98738, 253, 1, 284, 64
-0.987399, 85, 81, 116, 208
-0.987423, 309, 209, 340, 272
-0.987434, 409, 161, 440, 288
-0.987496, 5, 177, 36, 240
-0.987508, 329, 17, 360, 144
-0.987556, 265, 265, 328, 328
-0.987626, 137, 65, 200, 320
-0.987632, 5, 209, 36, 330
-0.987681, 161, 81, 224, 144
-0.98769, 261, 249, 292, 312
-0.987723, 225, 145, 288, 272
-0.987729, 65, 193, 128, 256
-0.987729, 281, 233, 344, 296
-0.987744, 313, 49, 376, 176
-0.98776, 281, 161, 344, 224
-0.987834, 169, 249, 200, 312
-0.987861, 97, 65, 160, 128
-0.987878, 373, 49, 404, 176
-0.987897, 333, 177, 364, 240
-0.987908, 293, 217, 324, 280
-0.987927, 361, 161, 392, 288
-0.988058, 425, 129, 488, 192
-0.988129, 337, 17, 368, 80
-0.988139, 305, 177, 432, 240
-0.988147, 225, 1, 288, 330
-0.988151, 337, 1, 464, 64
-0.988271, 425, 161, 456, 288
-0.988294, 321, 1, 384, 330
-0.988384, 209, 105, 336, 168
-0.988478, 33, 177, 96, 240
-0.988515, 333, 145, 364, 272
-0.988516, 1, 257, 128, 320
-0.988666, 377, 57, 408, 120
-0.988756, 401, 293, 464, 324
-0.988775, 257, 49, 384, 112
-0.98878, 401, 1, 464, 330
-0.988791, 89, 257, 152, 320
-0.98882, 265, 1, 328, 128
-0.988849, 373, 1, 404, 64
-0.988856, 201, 241, 232, 304
-0.988862, 297, 1, 360, 330
-0.988871, 345, 49, 376, 112
-0.988891, 129, 129, 160, 256
-0.988902, 465, 161, 496, 288
-0.988923, 105, 1, 168, 330
-0.988965, 369, 73, 496, 136
-0.988987, 337, 221, 400, 252
-0.98899, 433, 97, 496, 160
-0.989026, 373, 209, 404, 330
-0.989044, 1, 209, 32, 272
-0.989075, 177, 249, 240, 280
-0.989092, 17, 233, 48, 296
-0.989101, 381, 25, 412, 88
-0.989204, 297, 97, 360, 224
-0.989213, 129, 1, 192, 330
-0.989225, 329, 225, 360, 288
-0.98924, 437, 161, 468, 288
-0.989269, 349, 185, 380, 248
-0.989298, 73, 1, 136, 330
-0.989386, 361, 213, 424, 244
-0.989394, 225, 81, 352, 144
-0.989473, 145, 209, 176, 330
-0.989482, 145, 81, 272, 144
-0.989564, 273, 161, 336, 288
-0.989584, 73, 97, 104, 224
-0.98969, 433, 49, 496, 176
-0.989734, 225, 129, 352, 192
-0.989749, 465, 177, 496, 240
-0.989758, 349, 233, 380, 296
-0.989771, 201, 293, 264, 324
-0.989783, 33, 1, 96, 330
-0.989811, 393, 129, 456, 256
-0.989853, 9, 121, 72, 152
-0.989873, 269, 209, 300, 330
-0.989878, 437, 265, 468, 328
-0.989934, 89, 121, 152, 152
-0.989944, 185, 201, 248, 232
-0.989968, 161, 65, 224, 320
-0.989968, 433, 221, 496, 252
-0.99, 225, 241, 256, 304
-0.990096, 305, 209, 336, 330
-0.990115, 361, 113, 424, 240
-0.990125, 285, 209, 316, 330
-0.990128, 289, 225, 352, 256
-0.990159, 321, 113, 448, 176
-0.990165, 249, 1, 312, 330
-0.990255, 313, 205, 376, 236
-0.990256, 321, 153, 448, 216
-0.99031, 161, 201, 416, 264
-0.990358, 401, 225, 464, 256
-0.990372, 185, 213, 248, 244
-0.99048, 153, 229, 216, 260
-0.990521, 433, 1, 496, 330
-0.990534, 217, 281, 280, 312
-0.99057, 209, 185, 240, 248
-0.990605, 353, 81, 416, 112
-0.990617, 393, 209, 456, 240
-0.990631, 217, 241, 280, 272
-0.990682, 1, 133, 64, 164
-0.990705, 145, 9, 272, 72
-0.990718, 33, 129, 96, 160
-0.990721, 177, 1, 240, 330
-0.990725, 189, 185, 220, 248
-0.99073, 289, 213, 352, 244
-0.990753, 337, 233, 464, 296
-0.990795, 153, 217, 216, 248
-0.990805, 65, 201, 192, 264
-0.990837, 1, 177, 128, 240
-0.990848, 153, 113, 184, 240
-0.990878, 409, 17, 440, 80
-0.990901, 329, 233, 392, 264
-0.990912, 425, 209, 488, 240
-0.990942, 233, 33, 264, 96
-0.990945, 369, 57, 432, 88
-0.990957, 269, 1, 300, 64
-0.990965, 361, 225, 424, 256
-0.991003, 417, 265, 448, 328
-0.991003, 201, 253, 264, 284
-0.991057, 161, 197, 224, 228
-0.991071, 249, 1, 280, 128
-0.991076, 145, 253, 208, 284
-0.991125, 209, 57, 336, 120
-0.991127, 81, 97, 208, 160
-0.991144, 265, 297, 328, 328
-0.991147, 329, 57, 392, 88
-0.991151, 353, 45, 416, 76
-0.991177, 1, 1, 64, 330
-0.991191, 425, 113, 488, 240
-0.991212, 437, 225, 468, 288
-0.99123, 329, 45, 392, 76
-0.99125, 353, 69, 416, 100
-0.99125, 257, 209, 500, 272
-0.991425, 425, 209, 456, 330
-0.991429, 369, 185, 400, 248
-0.991462, 89, 121, 120, 184
-0.991531, 29, 249, 60, 312
-0.991565, 313, 193, 376, 224
-0.991583, 97, 133, 160, 164
-0.991595, 241, 257, 304, 288
-0.99161, 145, 241, 208, 272
-0.991611, 425, 233, 488, 264
-0.991633, 17, 109, 80, 140
-0.99165, 369, 13, 432, 44
-0.991675, 273, 1, 336, 330
-0.991706, 337, 205, 400, 236
-0.991761, 213, 73, 244, 136
-0.991766, 349, 217, 380, 248
-0.991791, 425, 225, 456, 288
-0.991798, 313, 221, 376, 252
-0.991815, 413, 73, 444, 136
-0.991835, 397, 1, 428, 64
-0.991838, 369, 161, 496, 224
-0.99184, 449, 217, 480, 248
-0.991856, 241, 293, 304, 324
-0.991857, 137, 177, 200, 208
-0.991862, 121, 245, 184, 276
-0.991865, 345, 13, 408, 44
-0.991877, 121, 157, 184, 188
-0.991879, 369, 25, 432, 56
-0.991891, 273, 145, 400, 208
-0.991897, 33, 233, 288, 296
-0.991909, 17, 33, 144, 160
-0.991912, 25, 113, 56, 144
-0.991931, 361, 9, 392, 72
-0.991958, 185, 181, 248, 212
-0.991983, 405, 1, 436, 128
-0.991986, 233, 81, 264, 144
-0.991999, 85, 97, 116, 160
-0.992016, 177, 65, 304, 192
-0.992048, 209, 153, 336, 216
-0.992055, 265, 1, 328, 32
-0.99206, 225, 269, 288, 300
-0.992092, 265, 241, 328, 272
-0.992112, 233, 17, 296, 48
-0.992158, 341, 153, 372, 216
-0.99216, 77, 137, 108, 200
-0.992178, 333, 97, 364, 224
-0.992183, 57, 109, 120, 140
-0.992189, 417, 201, 448, 264
-0.99222, 13, 125, 44, 156
-0.992277, 425, 293, 488, 324
-0.99228, 321, 17, 352, 80
-0.992305, 1, 145, 64, 176
-0.992312, 329, 117, 392, 148
-0.992319, 161, 185, 224, 216
-0.992321, 401, 237, 464, 268
-0.992322, 153, 129, 184, 192
-0.992332, 313, 21, 376, 52
-0.992345, 345, 33, 408, 64
-0.992346, 177, 169, 240, 200
-0.99235, 401, 177, 432, 240
-0.992362, 417, 293, 448, 324
-0.992387, 433, 177, 496, 208
-0.992392, 233, 5, 296, 36
-0.992406, 361, 201, 424, 232
-0.992412, 185, 225, 248, 256
-0.992415, 185, 237, 248, 268
-0.992415, 105, 117, 136, 148
-0.992425, 393, 233, 424, 296
-0.992453, 469, 81, 500, 144
-0.992456, 369, 1, 432, 32
-0.992457, 429, 177, 460, 240
-0.992459, 1, 189, 64, 220
-0.992475, 225, 29, 288, 60
-0.992477, 129, 225, 384, 288
-0.992517, 313, 33, 376, 64
-0.99252, 257, 233, 500, 296
-0.99253, 85, 129, 116, 256
-0.992531, 225, 229, 288, 260
-0.992531, 129, 229, 192, 260
-0.992531, 225, 281, 256, 312
-0.992543, 113, 145, 176, 176
-0.992545, 57, 125, 120, 156
-0.992591, 5, 137, 36, 168
-0.992598, 141, 97, 172, 224
-0.992601, 313, 69, 376, 100
-0.992608, 113, 217, 176, 248
-0.992612, 129, 129, 384, 192
-0.992614, 449, 161, 480, 288
-0.992615, 225, 89, 288, 120
-0.992622, 337, 93, 400, 124
-0.992628, 337, 225, 368, 256
-0.992633, 161, 161, 416, 224
-0.992641, 17, 209, 48, 330
-0.992641, 385, 89, 448, 120
-0.992645, 57, 137, 120, 168
-0.992648, 385, 209, 416, 240
-0.992651, 373, 213, 404, 244
-0.992668, 65, 249, 192, 312
-0.992698, 165, 185, 196, 248
-0.992704, 369, 281, 432, 312
-0.992706, 57, 129, 88, 192
-0.992723, 33, 141, 96, 172
-0.992742, 329, 161, 392, 192
-0.99275, 417, 281, 480, 312
-0.992758, 1, 277, 64, 308
-0.992765, 105, 233, 168, 264
-0.99277, 1, 161, 64, 192
-0.992776, 17, 161, 48, 224
-0.992788, 185, 249, 216, 280
-0.992792, 401, 265, 432, 328
-0.992806, 425, 165, 488, 196
-0.992813, 449, 185, 480, 248
-0.992817, 329, 105, 392, 136
-0.992825, 329, 81, 392, 112
-0.992826, 193, 265, 256, 296
-0.992833, 377, 293, 440, 324
-0.992835, 229, 217, 260, 280
-0.992835, 213, 161, 244, 288
-0.99284, 33, 257, 96, 288
-0.992854, 25, 125, 56, 156
-0.992864, 177, 217, 208, 248
-0.992868, 409, 81, 472, 112
-0.992884, 209, 193, 272, 224
-0.992895, 185, 129, 248, 160
-0.992899, 217, 293, 248, 324
-0.992899, 185, 81, 248, 112
-0.992901, 153, 157, 184, 188
-0.992907, 49, 69, 112, 100
-0.992909, 25, 229, 88, 260
-0.99292, 321, 145, 352, 272
-0.99292, 321, 121, 352, 184
-0.992922, 377, 169, 440, 200
-0.99293, 437, 209, 468, 240
-0.992934, 33, 97, 96, 128
-0.992936, 377, 69, 440, 100
-0.992938, 33, 121, 288, 184
-0.992943, 225, 101, 288, 132
-0.992948, 357, 77, 388, 108
-0.992956, 157, 229, 188, 260
-0.992961, 193, 281, 256, 312
-0.992961, 137, 137, 200, 168
-0.992966, 273, 25, 336, 56
-0.992973, 353, 229, 384, 260
-0.992975, 185, 97, 248, 128
-0.992984, 257, 209, 320, 240
-0.992986, 121, 113, 184, 144
-0.992992, 189, 197, 220, 228
-0.993007, 405, 213, 436, 244
-0.993012, 213, 225, 244, 288
-0.993014, 1, 149, 32, 180
-0.993018, 9, 213, 72, 244
-0.993021, 193, 209, 224, 240
-0.993031, 73, 225, 136, 256
-0.993031, 349, 205, 380, 236
-0.993034, 401, 89, 432, 152
-0.993045, 433, 81, 496, 112
-0.993047, 17, 173, 80, 204
-0.993068, 225, 69, 288, 100
-0.993073, 57, 97, 120, 128
-0.993076, 105, 89, 136, 152
-0.99308, 85, 73, 116, 136
-0.993091, 329, 141, 392, 172
-0.993098, 217, 177, 280, 208
-0.993111, 265, 229, 328, 260
-0.993121, 245, 261, 276, 292
-0.993129, 401, 177, 464, 208
-0.993141, 205, 293, 236, 324
-0.993141, 353, 237, 416, 268
-0.993165, 333, 193, 364, 224
-0.993166, 337, 1, 400, 32
-0.993168, 197, 249, 228, 280
-0.99317, 225, 113, 288, 144
-0.993188, 169, 281, 232, 312
-0.993191, 65, 97, 320, 160
-0.993194, 45, 125, 76, 156
-0.993202, 281, 189, 344, 220
-0.993203, 369, 69, 400, 100
-0.993241, 297, 97, 360, 128
-0.993247, 365, 225, 396, 256
-0.993247, 357, 81, 388, 208
-0.99325, 225, 209, 288, 240
-0.99325, 145, 297, 208, 328
-0.993256, 209, 1, 272, 32
-0.993262, 237, 9, 268, 40
-0.993277, 449, 297, 480, 328
-0.993292, 157, 257, 188, 288
-0.993296, 305, 213, 336, 244
-0.993308, 469, 229, 500, 260
-0.993358, 361, 209, 392, 240
-0.993366, 469, 217, 500, 248
-0.993379, 321, 201, 352, 232
-0.993384, 117, 121, 148, 152
-0.993384, 73, 113, 104, 176
-0.993384, 257, 253, 288, 284
-0.9934, 1, 165, 32, 196
-0.993407, 17, 137, 48, 168
-0.993409, 237, 273, 268, 304
-0.99341, 293, 221, 324, 252
-0.993425, 449, 241, 480, 272
-0.993432, 221, 257, 252, 288
-0.993466, 257, 105, 384, 168
-0.99348, 209, 249, 240, 280
-0.993503, 137, 145, 168, 176
-0.993506, 169, 177, 200, 208
-0.993521, 45, 129, 76, 192
-0.993526, 357, 49, 388, 80
-0.993534, 453, 205, 484, 236
-0.993537, 425, 209, 456, 240
-0.993539, 153, 1, 216, 330
-0.993554, 1, 105, 500, 168
-0.993556, 437, 221, 468, 252
-0.993581, 273, 237, 304, 268
-0.993584, 193, 97, 448, 160
-0.993594, 13, 113, 44, 144
-0.993598, 225, 9, 480, 72
-0.993619, 1, 177, 32, 208
-0.993623, 353, 217, 480, 248
-0.993631, 89, 105, 120, 136
-0.993638, 209, 197, 240, 228
-0.993638, 169, 257, 200, 288
-0.993654, 337, 213, 368, 244
-0.993668, 193, 73, 448, 136
-0.99367, 469, 89, 500, 120
-0.993671, 177, 189, 208, 220
-0.993672, 17, 257, 48, 320
-0.993673, 129, 133, 160, 164
-0.993689, 165, 217, 196, 248
-0.993726, 429, 289, 460, 320
-0.993748, 285, 1, 316, 64
-0.99377, 453, 229, 484, 260
-0.993779, 33, 257, 288, 320
-0.993807, 13, 157, 44, 188
-0.993813, 349, 89, 380, 120
-0.993813, 33, 65, 64, 192
-0.993821, 393, 1, 424, 128
-0.993823, 1, 209, 256, 272
-0.993824, 377, 57, 408, 88
-0.993833, 381, 13, 412, 44
-0.993861, 357, 37, 388, 68
-0.993866, 17, 201, 48, 264
-0.993884, 1, 121, 32, 152
-0.993898, 273, 225, 400, 256
-0.993902, 437, 233, 468, 264
-0.993917, 233, 293, 264, 324
-0.993926, 269, 293, 300, 324
-0.993932, 425, 225, 456, 256
-0.993951, 325, 225, 356, 256
-0.993955, 333, 237, 364, 268
-0.99396, 109, 65, 140, 192
-0.99396, 277, 1, 308, 32
-0.993969, 285, 25, 316, 88
-0.993973, 401, 93, 432, 124
-0.993977, 385, 1, 416, 64
-0.993986, 153, 201, 184, 264
-0.993986, 293, 297, 324, 328
-0.993988, 389, 229, 420, 260
-0.993991, 281, 297, 312, 328
-0.994005, 469, 177, 500, 208
-0.994009, 145, 245, 176, 276
-0.994009, 157, 245, 188, 276
-0.994035, 13, 169, 44, 200
-0.99404, 285, 233, 316, 264
-0.99404, 237, 21, 268, 52
-0.994059, 157, 169, 188, 200
-0.994062, 245, 293, 276, 324
-0.994063, 465, 205, 496, 236
-0.994073, 33, 101, 64, 132
-0.994076, 317, 1, 348, 128
-0.99408, 229, 177, 260, 240
-0.994087, 397, 201, 428, 232
-0.994113, 389, 169, 420, 232
-0.994114, 233, 81, 264, 208
-0.994121, 317, 213, 348, 244
-0.994128, 145, 57, 272, 120
-0.994132, 233, 33, 264, 64
-0.994142, 233, 89, 264, 120
-0.994153, 65, 185, 320, 248
-0.994157, 169, 245, 200, 276
-0.994158, 377, 33, 408, 64
-0.994159, 337, 21, 368, 52
-0.994166, 133, 237, 164, 268
-0.994167, 65, 153, 320, 216
-0.994167, 369, 9, 400, 40
-0.99417, 141, 113, 172, 176
-0.994173, 257, 293, 288, 324
-0.994175, 349, 61, 380, 92
-0.994176, 1, 281, 32, 312
-0.99418, 21, 245, 52, 276
-0.994182, 21, 217, 52, 248
-0.994185, 193, 237, 224, 268
-0.994191, 93, 117, 124, 148
-0.994198, 217, 81, 248, 112
-0.994199, 33, 137, 64, 168
-0.994204, 141, 209, 172, 272
-0.994217, 1, 221, 32, 252
-0.994218, 385, 89, 416, 120
-0.994222, 349, 9, 380, 72
-0.994227, 401, 13, 432, 44
-0.994237, 237, 241, 268, 304
-0.994237, 193, 265, 448, 328
-0.994243, 233, 249, 264, 280
-0.994245, 341, 105, 372, 136
-0.99425, 193, 41, 448, 104
-0.99425, 401, 229, 432, 260
-0.99425, 17, 273, 48, 304
-0.994271, 5, 189, 36, 220
-0.994285, 9, 233, 40, 264
-0.994304, 405, 297, 436, 328
-0.994311, 145, 233, 176, 264
-0.994315, 345, 241, 376, 272
-0.994318, 269, 225, 300, 288
-0.994327, 301, 1, 332, 64
-0.994328, 273, 73, 400, 136
-0.994344, 37, 225, 68, 288
-0.994345, 225, 1, 256, 32
-0.994347, 57, 137, 88, 168
-0.994349, 145, 249, 272, 280
-0.994364, 253, 1, 284, 32
-0.994369, 337, 117, 368, 148
-0.994369, 341, 157, 372, 188
-0.994403, 381, 81, 412, 144
-0.994432, 233, 105, 264, 168
-0.994461, 201, 1, 264, 330
-0.994471, 193, 293, 320, 324
-0.994482, 245, 209, 276, 330
-0.994503, 1, 209, 500, 272
-0.994504, 133, 233, 164, 296
-0.99462, 61, 129, 92, 256
-0.994623, 57, 65, 88, 192
-0.994724, 381, 225, 412, 288
-0.994763, 225, 137, 480, 200
-0.994798, 353, 161, 384, 224
-0.994806, 159, 225, 174, 288
-0.994852, 239, 265, 254, 328
-0.994857, 369, 33, 400, 96
-0.994866, 343, 217, 358, 280
-0.99487, 25, 81, 56, 144
-0.994877, 333, 65, 364, 128
-0.994923, 351, 209, 366, 272
-0.994952, 459, 217, 474, 280
-0.994992, 1, 233, 500, 296
-0.995029, 97, 65, 128, 192
-0.99503, 5, 137, 20, 200
-0.995044, 1, 81, 500, 144
-0.995091, 257, 209, 288, 330
-0.995091, 181, 257, 212, 320
-0.995121, 257, 185, 500, 248
-0.995129, 389, 81, 420, 208
-0.995133, 213, 105, 244, 168
-0.995133, 453, 217, 468, 280
-0.995137, 33, 65, 160, 128
-0.995151, 129, 81, 160, 208
-0.995166, 353, 205, 480, 236
-0.995178, 369, 209, 384, 272
-0.995196, 257, 161, 500, 224
-0.995206, 31, 105, 46, 168
-0.995238, 169, 225, 184, 288
-0.995245, 229, 257, 244, 320
-0.995259, 321, 265, 448, 328
-0.995275, 389, 49, 420, 112
-0.995281, 185, 17, 248, 144
-0.995285, 33, 125, 160, 156
-0.995311, 129, 229, 256, 260
-0.995324, 65, 73, 320, 136
-0.995346, 145, 33, 272, 96
-0.995356, 401, 81, 432, 208
-0.995392, 305, 209, 432, 240
-0.995399, 337, 121, 368, 184
-0.995421, 229, 153, 260, 216
-0.995433, 193, 225, 208, 288
-0.995434, 353, 229, 480, 260
-0.995459, 393, 201, 408, 264
-0.99547, 25, 113, 40, 176
-0.995478, 169, 129, 200, 256
-0.995489, 19, 137, 34, 200
-0.995539, 145, 217, 272, 248
-0.995551, 45, 129, 76, 256
-0.995552, 201, 265, 232, 328
-0.995575, 1, 109, 128, 140
-0.995581, 187, 185, 202, 248
-0.99561, 37, 105, 52, 168
-0.99562, 1, 153, 500, 216
-0.995652, 357, 209, 372, 272
-0.995666, 145, 161, 272, 192
-0.995676, 19, 113, 34, 176
-0.995711, 213, 65, 244, 192
-0.995738, 369, 297, 496, 328
-0.995846, 1, 177, 500, 240
-0.995859, 245, 265, 260, 328
-0.995887, 129, 133, 256, 164
-0.995892, 209, 213, 336, 244
-0.995902, 305, 197, 432, 228
-0.995912, 403, 209, 418, 272
-0.995917, 133, 193, 164, 320
-0.995931, 257, 213, 384, 244
-0.995978, 253, 1, 268, 64
-0.995998, 49, 137, 176, 168
-0.996013, 225, 1, 352, 32
-0.996052, 11, 121, 26, 184
-0.996079, 417, 1, 448, 128
-0.996083, 9, 161, 24, 224
-0.996084, 177, 237, 304, 268
-0.996098, 229, 161, 260, 288
-0.996116, 145, 173, 272, 204
-0.996172, 321, 73, 448, 104
-0.996181, 375, 209, 390, 272
-0.996182, 145, 261, 272, 292
-0.996202, 209, 193, 336, 224
-0.996227, 321, 89, 448, 120
-0.996233, 257, 237, 384, 268
-0.996233, 183, 217, 198, 280
-0.99624, 81, 33, 208, 160
-0.996263, 25, 137, 40, 200
-0.996268, 1, 137, 128, 168
-0.996269, 145, 149, 272, 180
-0.99627, 225, 225, 352, 256
-0.99628, 19, 161, 34, 224
-0.996302, 361, 33, 392, 288
-0.996313, 105, 113, 120, 176
-0.996317, 129, 121, 144, 184
-0.996333, 1, 129, 500, 192
-0.996344, 173, 249, 188, 312
-0.996368, 145, 205, 272, 236
-0.996374, 1, 1, 500, 64
-0.996378, 451, 193, 466, 256
-0.996409, 343, 193, 358, 256
-0.996441, 13, 185, 28, 248
-0.996441, 333, 193, 348, 256
-0.99646, 81, 73, 208, 136
-0.996465, 65, 9, 320, 72
-0.996468, 377, 57, 392, 120
-0.996506, 209, 281, 336, 312
-0.996507, 201, 201, 216, 264
-0.996512, 257, 177, 384, 240
-0.996521, 145, 137, 160, 200
-0.996534, 165, 153, 180, 216
-0.996536, 97, 241, 224, 272
-0.996536, 117, 113, 132, 176
-0.996541, 159, 249, 174, 312
-0.996542, 223, 249, 238, 312
-0.996543, 363, 217, 378, 280
-0.996543, 337, 45, 464, 76
-0.99657, 387, 209, 402, 272
-0.996571, 181, 185, 196, 248
-0.996579, 225, 29, 352, 60
-0.996586, 37, 129, 52, 192
-0.996591, 129, 17, 256, 144
-0.996606, 469, 217, 484, 280
-0.99662, 153, 233, 168, 296
-0.996621, 177, 217, 192, 280
-0.996631, 447, 217, 462, 280
-0.996634, 129, 185, 256, 216
-0.996641, 1, 57, 500, 120
-0.996659, 381, 209, 396, 272
-0.996672, 209, 17, 336, 48
-0.996673, 337, 217, 352, 280
-0.996678, 129, 121, 256, 152
-0.996695, 377, 1, 408, 256
-0.9967, 337, 29, 464, 60
-0.996707, 413, 209, 428, 272
-0.996716, 337, 57, 464, 88
-0.996754, 157, 153, 172, 216
-0.99679, 49, 113, 176, 144
-0.996799, 111, 113, 126, 176
-0.996803, 321, 13, 448, 44
-0.996815, 65, 49, 320, 112
-0.996818, 289, 49, 416, 80
-0.996818, 257, 201, 384, 232
-0.996826, 189, 145, 220, 272
-0.996834, 135, 121, 150, 184
-0.996845, 171, 153, 186, 216
-0.996847, 187, 241, 202, 304
-0.996849, 289, 25, 416, 56
-0.996851, 43, 105, 58, 168
-0.996854, 251, 265, 266, 328
-0.996854, 81, 177, 208, 208
-0.996854, 361, 73, 376, 136
-0.996872, 257, 257, 272, 320
-0.996873, 81, 125, 208, 156
-0.996886, 1, 217, 128, 248
-0.996899, 321, 101, 448, 132
-0.996908, 225, 269, 352, 300
-0.996932, 1, 25, 500, 88
-0.996941, 209, 249, 336, 280
-0.996943, 17, 229, 144, 260
-0.996948, 369, 81, 496, 112
-0.996965, 305, 161, 336, 288
-0.996976, 215, 249, 230, 312
-0.996983, 97, 197, 224, 228
-0.996989, 367, 73, 382, 136
-0.996994, 321, 297, 448, 328
-0.997004, 165, 249, 180, 312
-0.99702, 199, 241, 214, 304
-0.997021, 195, 201, 210, 264
-0.997033, 425, 265, 440, 328
-0.997039, 1, 257, 500, 320
-0.997049, 239, 1, 254, 64
-0.99705, 97, 217, 224, 248
-0.997057, 351, 17, 366, 80
-0.99706, 65, 149, 192, 180
-0.997065, 267, 249, 282, 312
-0.997076, 145, 293, 272, 324
-0.997097, 413, 65, 444, 192
-0.997102, 345, 1, 376, 256
-0.997107, 209, 89, 336, 120
-0.997112, 457, 193, 472, 256
-0.997114, 151, 145, 166, 208
-0.997119, 485, 81, 500, 144
-0.997121, 49, 245, 176, 276
-0.997122, 225, 121, 352, 152
-0.997126, 225, 105, 352, 136
-0.997134, 225, 181, 352, 212
-0.997134, 401, 1, 432, 256
-0.997137, 225, 141, 352, 172
-0.997137, 241, 297, 368, 328
-0.997148, 289, 37, 416, 68
-0.997149, 145, 81, 272, 112
-0.997159, 1, 97, 128, 128
-0.997172, 209, 241, 224, 304
-0.99718, 481, 177, 496, 240
-0.997186, 363, 193, 378, 256
-0.997194, 97, 253, 224, 284
-0.997202, 343, 97, 358, 160
-0.997211, 381, 9, 396, 72
-0.997218, 273, 1, 400, 32
-0.997219, 485, 257, 500, 320
-0.997219, 305, 237, 432, 268
-0.997222, 65, 229, 192, 260
-0.997222, 469, 65, 500, 192
-0.997224, 349, 89, 364, 152
-0.99723, 145, 281, 272, 312
-0.997232, 69, 49, 100, 176
-0.997252, 105, 49, 168, 176
-0.997254, 123, 121, 138, 184
-0.997256, 419, 217, 434, 280
-0.997267, 349, 233, 364, 296
-0.997271, 369, 137, 496, 200
-0.997278, 1, 269, 128, 300
-0.997289, 371, 33, 386, 96
-0.997301, 175, 177, 190, 240
-0.997308, 179, 249, 194, 312
-0.997314, 337, 113, 352, 176
-0.99732, 327, 201, 342, 264
-0.997325, 209, 73, 336, 104
-0.997328, 303, 217, 318, 280
-0.997335, 357, 49, 372, 112
-0.997338, 31, 129, 46, 192
-0.997348, 321, 165, 448, 196
-0.997353, 49, 105, 64, 168
-0.997356, 289, 61, 416, 92
-0.997357, 125, 97, 140, 160
-0.997364, 485, 209, 500, 272
-0.997365, 295, 225, 310, 288
-0.997367, 99, 121, 114, 184
-0.997369, 369, 241, 496, 272
-0.997377, 81, 165, 208, 196
-0.997383, 145, 93, 272, 124
-0.997416, 247, 1, 262, 64
-0.997428, 29, 193, 60, 320
-0.99743, 479, 209, 494, 272
-0.997442, 25, 241, 40, 304
-0.997445, 357, 185, 372, 248
-0.997449, 209, 161, 336, 192
-0.997454, 169, 81, 232, 208
-0.997455, 431, 265, 446, 328
-0.997458, 257, 89, 384, 120
-0.997467, 355, 81, 370, 144
-0.997467, 369, 165, 496, 196
-0.997467, 357, 233, 372, 296
-0.997474, 145, 13, 272, 44
-0.997475, 369, 69, 496, 100
-0.997476, 273, 265, 400, 328
-0.997483, 231, 233, 246, 296
-0.997496, 7, 201, 22, 264
-0.997504, 389, 1, 420, 256
-0.997509, 13, 209, 28, 272
-0.997524, 207, 201, 222, 264
-0.997529, 27, 121, 42, 152
-0.997536, 353, 193, 480, 224
-0.997537, 19, 137, 34, 168
-0.997543, 441, 265, 456, 328
-0.997543, 321, 113, 448, 144
-0.997545, 369, 177, 496, 208
-0.997546, 129, 109, 256, 140
-0.997555, 105, 161, 168, 288
-0.997567, 33, 249, 48, 312
-0.997568, 109, 89, 124, 152
-0.997578, 43, 129, 58, 192
-0.997594, 451, 209, 466, 240
-0.997594, 285, 225, 300, 288
-0.997607, 441, 201, 456, 264
-0.997613, 49, 217, 176, 248
-0.997624, 145, 1, 272, 32
-0.997636, 315, 209, 330, 272
-0.99764, 229, 285, 244, 316
-0.997657, 403, 185, 418, 248
-0.997664, 321, 137, 448, 168
-0.997669, 17, 257, 144, 288
-0.997672, 1, 205, 128, 236
-0.99768, 359, 217, 374, 248
-0.997684, 309, 209, 324, 272
-0.997688, 485, 233, 500, 296
-0.997702, 21, 65, 52, 320
-0.997703, 345, 221, 360, 252
-0.99771, 351, 185, 366, 248
-0.99772, 227, 73, 242, 136
-0.997733, 275, 241, 290, 304
-0.997736, 287, 1, 302, 64
-0.997769, 321, 125, 448, 156
-0.997773, 369, 93, 496, 124
-0.997773, 273, 153, 400, 184
-0.997777, 145, 29, 272, 60
-0.997778, 223, 289, 238, 320
-0.997786, 167, 201, 182, 264
-0.997787, 361, 205, 376, 236
-0.997789, 235, 81, 250, 144
-0.997792, 321, 149, 448, 180
-0.997793, 237, 33, 252, 96
-0.997793, 339, 225, 354, 256
-0.997797, 19, 233, 34, 296
-0.997805, 333, 1, 364, 256
-0.997807, 49, 101, 176, 132
-0.997814, 321, 201, 336, 264
-0.997821, 245, 241, 260, 304
-0.997821, 425, 201, 440, 264
-0.997822, 273, 77, 400, 108
-0.997827, 107, 117, 122, 148
-0.99783, 281, 1, 296, 64
-0.997834, 1, 149, 128, 180
-0.997846, 369, 17, 496, 48
-0.997853, 157, 65, 188, 320
-0.997892, 209, 61, 336, 92
-0.997904, 393, 209, 408, 240
-0.997906, 423, 289, 438, 320
-0.99793, 235, 281, 250, 312
-0.997935, 273, 285, 400, 316
-0.997939, 203, 197, 218, 228
-0.997941, 457, 217, 472, 248
-0.997948, 209, 49, 336, 80
-0.997962, 237, 1, 268, 256
-0.997964, 485, 93, 500, 124
-0.997975, 11, 125, 26, 156
-0.997979, 353, 285, 480, 316
-0.997983, 405, 213, 420, 244
-0.997987, 369, 221, 384, 252
-0.997991, 305, 1, 336, 128
-0.997998, 477, 217, 492, 248
-0.997998, 199, 209, 214, 240
-0.997998, 1, 241, 128, 272
-0.998006, 217, 293, 232, 324
-0.998007, 97, 93, 224, 124
-0.998013, 1, 193, 128, 224
-0.998018, 165, 157, 180, 188
-0.998019, 445, 217, 460, 248
-0.998032, 321, 1, 448, 32
-0.99804, 39, 113, 54, 144
-0.998043, 273, 165, 400, 196
-0.998064, 147, 145, 162, 176
-0.998074, 33, 65, 64, 320
-0.998075, 273, 13, 400, 44
-0.998079, 373, 209, 388, 240
-0.99808, 463, 217, 478, 248
-0.998085, 141, 137, 156, 168
-0.998089, 431, 285, 446, 316
-0.9981, 5, 65, 36, 320
-0.998102, 17, 121, 32, 152
-0.998102, 157, 233, 172, 264
-0.998112, 241, 273, 256, 304
-0.998126, 173, 173, 188, 204
-0.998131, 353, 213, 368, 244
-0.998142, 97, 285, 224, 316
-0.99815, 17, 85, 144, 116
-0.998157, 73, 161, 136, 288
-0.998172, 97, 297, 224, 328
-0.998174, 133, 65, 164, 320
-0.998198, 249, 161, 312, 288
-0.9982, 399, 205, 414, 236
-0.998209, 273, 105, 400, 136
-0.998209, 321, 1, 352, 256
-0.998209, 321, 177, 448, 208
-0.998212, 39, 133, 54, 164
-0.998216, 145, 69, 272, 100
-0.998233, 451, 297, 466, 328
-0.998236, 321, 231, 384, 246
-0.998237, 351, 229, 366, 260
-0.998239, 417, 297, 432, 328
-0.998242, 113, 209, 144, 330
-0.998253, 33, 69, 160, 100
-0.998256, 365, 77, 380, 108
-0.998258, 451, 221, 466, 252
-0.998259, 485, 261, 500, 292
-0.99826, 31, 109, 46, 140
-0.998261, 361, 215, 424, 230
-0.998262, 225, 1, 256, 128
-0.998264, 363, 229, 378, 260
-0.998272, 239, 9, 254, 40
-0.998277, 9, 137, 24, 168
-0.998278, 257, 249, 384, 280
-0.998281, 27, 149, 42, 180
-0.998282, 145, 49, 272, 80
-0.998289, 457, 205, 472, 236
-0.998294, 1, 181, 128, 212
-0.998296, 197, 197, 212, 228
-0.998307, 183, 185, 198, 216
-0.998307, 273, 117, 400, 148
-0.99831, 187, 249, 202, 280
-0.998321, 133, 129, 148, 160
-0.998325, 349, 93, 364, 124
-0.998327, 355, 85, 370, 116
-0.998331, 13, 161, 28, 192
-0.998331, 17, 149, 32, 180
-0.998333, 475, 229, 490, 260
-0.998338, 113, 117, 128, 148
-0.998339, 373, 73, 388, 104
-0.998339, 483, 217, 498, 248
-0.99834, 169, 253, 232, 268
-0.998341, 177, 129, 304, 160
-0.998359, 49, 121, 64, 152
-0.998366, 401, 223, 464, 238
-0.998367, 211, 297, 226, 328
-0.998369, 273, 1, 304, 256
-0.99837, 209, 297, 272, 312
-0.998371, 211, 249, 226, 280
-0.998371, 425, 223, 488, 238
-0.998371, 355, 201, 370, 232
-0.998372, 273, 141, 400, 172
-0.998373, 369, 5, 496, 36
-0.998378, 439, 213, 454, 244
-0.998379, 109, 105, 124, 136
-0.998382, 1, 127, 64, 142
-0.998384, 337, 219, 400, 234
-0.998386, 1, 281, 128, 312
-0.998387, 201, 249, 216, 280
-0.998389, 195, 249, 210, 280
-0.998391, 179, 217, 194, 248
-0.998391, 1, 161, 128, 192
-0.998394, 191, 197, 206, 228
-0.998396, 293, 229, 308, 260
-0.998396, 97, 65, 128, 320
-0.998401, 251, 13, 266, 44
-0.998403, 5, 165, 20, 196
-0.998407, 45, 135, 76, 150
-0.998408, 277, 1, 308, 128
-0.998408, 165, 223, 196, 238
-0.998408, 337, 21, 368, 36
-0.998409, 209, 293, 240, 308
-0.998411, 349, 205, 380, 220
-0.998411, 157, 175, 188, 190
-0.998411, 213, 259, 244, 274
-0.998411, 197, 309, 228, 324
-0.998411, 1, 189, 32, 204
-0.998412, 89, 113, 120, 128
-0.998412, 129, 141, 160, 156
-0.998414, 469, 177, 500, 192
-0.998414, 321, 207, 352, 222
-0.998414, 225, 297, 256, 312
-0.998415, 237, 91, 268, 106
-0.998416, 373, 207, 404, 222
-0.998416, 409, 299, 472, 314
-0.998416, 237, 259, 268, 274
-0.998417, 21, 135, 52, 150
-0.998417, 401, 225, 432, 240
-0.998418, 17, 153, 48, 168
-0.998418, 417, 209, 432, 240
-0.998419, 197, 207, 228, 222
-0.99842, 277, 297, 308, 312
-0.998422, 429, 307, 460, 322
-0.998422, 433, 231, 496, 246
-0.998423, 93, 119, 124, 134
-0.998423, 341, 243, 372, 258
-0.998424, 177, 105, 304, 136
-0.998424, 269, 251, 300, 266
-0.998424, 313, 213, 344, 228
-0.998425, 293, 229, 324, 244
-0.998425, 117, 131, 148, 146
-0.998426, 357, 41, 388, 56
-0.998426, 29, 109, 60, 124
-0.998426, 361, 225, 424, 240
-0.998427, 353, 89, 384, 104
-0.998427, 397, 207, 428, 222
-0.998428, 13, 113, 44, 128
-0.998429, 409, 213, 440, 228
-0.998429, 149, 145, 180, 160
-0.99843, 301, 307, 332, 322
-0.99843, 233, 31, 264, 46
-0.99843, 213, 201, 244, 216
-0.998431, 425, 213, 456, 228
-0.998433, 361, 61, 392, 76
-0.998434, 165, 253, 196, 268
-0.998434, 437, 295, 468, 310
-0.998434, 381, 13, 412, 28
-0.998437, 145, 255, 176, 270
-0.998438, 329, 239, 360, 254
-0.998438, 449, 243, 480, 258
-0.998438, 469, 241, 500, 256
-0.998439, 137, 237, 168, 252
-0.998439, 161, 181, 192, 196
-0.99844, 157, 253, 172, 284
-0.998441, 377, 69, 408, 84
-0.998441, 169, 261, 200, 276
-0.998442, 261, 257, 292, 272
-0.998442, 361, 55, 392, 70
-0.998443, 361, 81, 392, 96
-0.998443, 301, 223, 332, 238
-0.998443, 433, 235, 464, 250
-0.998444, 173, 257, 188, 288
-0.998444, 177, 217, 208, 232
-0.998444, 169, 189, 200, 204
-0.998447, 453, 313, 484, 328
-0.998447, 117, 125, 148, 140
-0.998448, 229, 265, 260, 280
-0.998448, 457, 215, 488, 230
-0.998449, 17, 133, 80, 148
-0.99845, 141, 155, 172, 170
-0.998453, 455, 241, 470, 272
-0.998454, 301, 221, 316, 252
-0.998455, 201, 303, 232, 318
-0.998458, 173, 221, 188, 252
-0.998458, 249, 267, 280, 282
-0.99846, 1, 161, 32, 176
-0.99846, 369, 225, 400, 240
-0.99846, 357, 47, 388, 62
-0.99846, 367, 209, 382, 240
-0.998461, 177, 255, 208, 270
-0.998461, 263, 253, 278, 284
-0.998461, 413, 311, 444, 326
-0.998461, 33, 133, 64, 148
-0.998461, 417, 303, 448, 318
-0.998463, 469, 235, 500, 250
-0.998463, 237, 5, 268, 20
-0.998463, 1, 183, 32, 198
-0.998464, 237, 277, 268, 292
-0.998465, 469, 229, 500, 244
-0.998466, 453, 235, 484, 250
-0.998467, 357, 237, 372, 268
-0.998468, 317, 209, 332, 240
-0.998468, 17, 141, 48, 156
-0.998468, 187, 217, 202, 248
-0.998469, 237, 17, 268, 32
-0.99847, 289, 301, 320, 316
-0.99847, 163, 257, 178, 288
-0.998471, 157, 259, 188, 274
-0.998471, 247, 269, 262, 300
-0.998472, 469, 217, 500, 232
-0.998473, 321, 273, 448, 304
-0.998474, 5, 141, 36, 156
-0.998477, 13, 123, 44, 138
-0.998479, 445, 213, 476, 228
-0.998479, 297, 225, 360, 240
-0.99848, 229, 285, 260, 300
-0.99848, 357, 235, 388, 250
-0.99848, 397, 213, 428, 228
-0.998481, 209, 207, 240, 222
-0.998482, 25, 115, 56, 130
-0.998483, 469, 209, 484, 240
-0.998483, 405, 219, 436, 234
-0.998485, 441, 221, 472, 236
-0.998485, 1, 177, 32, 192
-0.998487, 353, 229, 384, 244
-0.998489, 205, 253, 236, 268
-0.998489, 121, 121, 136, 152
-0.998491, 45, 129, 76, 144
-0.998491, 329, 225, 392, 240
-0.998494, 425, 65, 456, 192
-0.998495, 1, 169, 32, 184
-0.998496, 425, 219, 456, 234
-0.998496, 445, 229, 476, 244
-0.998496, 33, 121, 48, 152
-0.998499, 345, 237, 408, 252
-0.998499, 307, 217, 322, 248
-0.9985, 197, 213, 228, 228
-0.9985, 255, 261, 270, 292
-0.998503, 437, 301, 468, 316
-0.998503, 237, 261, 252, 292
-0.998505, 155, 157, 170, 188
-0.998506, 5, 149, 36, 164
-0.998506, 289, 231, 352, 246
-0.998509, 249, 11, 280, 26
-0.99851, 365, 75, 396, 90
-0.998511, 185, 211, 248, 226
-0.998513, 339, 237, 354, 268
-0.998518, 153, 161, 184, 176
-0.998521, 217, 291, 280, 306
-0.998521, 365, 213, 396, 228
-0.998522, 19, 161, 34, 192
-0.998524, 237, 11, 268, 26
-0.998525, 153, 233, 184, 248
-0.998526, 189, 201, 220, 216
-0.998527, 449, 307, 480, 322
-0.998529, 29, 121, 60, 136
-0.99853, 333, 199, 364, 214
-0.99853, 337, 227, 368, 242
-0.99853, 321, 205, 384, 220
-0.998531, 5, 155, 36, 170
-0.998531, 9, 135, 40, 150
-0.998531, 21, 109, 36, 140
-0.998532, 265, 1, 296, 128
-0.998533, 45, 65, 76, 320
-0.998536, 479, 85, 494, 116
-0.998536, 417, 297, 448, 312
-0.998537, 379, 61, 394, 92
-0.998538, 109, 65, 140, 320
-0.99854, 5, 149, 20, 180
-0.998544, 245, 13, 260, 44
-0.998547, 13, 129, 44, 144
-0.99855, 387, 213, 402, 244
-0.998551, 385, 213, 448, 228
-0.998552, 221, 291, 252, 306
-0.998552, 209, 201, 224, 232
-0.998553, 287, 233, 302, 264
-0.998553, 127, 121, 142, 152
-0.998555, 15, 221, 30, 252
-0.998559, 149, 241, 164, 272
-0.998559, 177, 223, 208, 238
-0.998559, 171, 161, 186, 192
-0.99856, 297, 1, 328, 256
-0.99856, 193, 251, 224, 266
-0.998563, 411, 209, 426, 240
-0.998564, 323, 205, 338, 236
-0.998565, 163, 221, 178, 252
-0.998565, 157, 145, 172, 176
-0.998566, 469, 221, 484, 252
-0.998571, 213, 299, 244, 314
-0.998571, 193, 209, 208, 240
-0.998574, 445, 229, 460, 260
-0.998577, 421, 291, 452, 306
-0.998577, 33, 137, 48, 168
-0.998579, 469, 233, 484, 264
-0.998579, 483, 173, 498, 204
-0.998582, 409, 293, 472, 308
-0.998584, 379, 213, 394, 244
-0.99859, 409, 305, 472, 320
-0.99859, 269, 249, 284, 280
-0.998591, 337, 233, 368, 248
-0.998601, 433, 297, 448, 328
-0.998605, 105, 121, 136, 136
-0.998605, 305, 215, 368, 230
-0.998606, 219, 253, 234, 284
-0.99861, 179, 257, 194, 288
-0.998613, 1, 139, 64, 154
-0.998614, 385, 213, 416, 228
-0.998616, 453, 223, 484, 238
-0.998616, 89, 127, 152, 142
-0.998621, 463, 241, 478, 272
-0.998623, 25, 127, 56, 142
-0.998624, 445, 205, 460, 236
-0.998626, 89, 133, 152, 148
-0.998632, 227, 257, 242, 288
-0.998635, 317, 65, 348, 192
-0.998637, 283, 1, 298, 32
-0.998637, 343, 105, 358, 136
-0.998645, 457, 229, 472, 260
-0.998646, 333, 229, 348, 260
-0.998653, 161, 201, 224, 216
-0.99867, 349, 219, 380, 234
-0.998672, 1, 121, 64, 136
-0.998673, 121, 65, 152, 320
-0.998677, 145, 49, 208, 176
-0.998679, 401, 237, 464, 252
-0.998683, 217, 249, 280, 264
-0.998686, 169, 65, 200, 320
-0.998689, 213, 113, 244, 240
-0.998696, 345, 89, 408, 104
-0.998697, 433, 217, 496, 232
-0.9987, 425, 311, 488, 326
-0.998702, 345, 231, 408, 246
-0.998707, 433, 243, 496, 258
-0.998707, 145, 65, 176, 320
-0.998713, 285, 1, 316, 256
-0.998714, 153, 231, 216, 246
-0.998719, 185, 203, 248, 218
-0.998722, 185, 217, 248, 232
-0.998735, 369, 13, 432, 28
-0.998738, 77, 209, 108, 330
-0.998739, 85, 65, 116, 320
-0.998744, 137, 189, 200, 204
-0.998749, 369, 61, 432, 76
-0.99875, 425, 237, 488, 252
-0.998753, 345, 45, 408, 60
-0.998756, 185, 193, 248, 208
-0.998758, 145, 247, 208, 262
-0.998758, 353, 81, 416, 96
-0.99876, 345, 51, 408, 66
-0.998766, 241, 295, 304, 310
-0.998778, 201, 303, 264, 318
-0.998784, 33, 139, 96, 154
-0.998785, 153, 219, 216, 234
-0.998786, 145, 255, 208, 270
-0.998786, 25, 125, 88, 140
-0.998789, 401, 313, 464, 328
-0.99879, 73, 145, 104, 272
-0.998794, 337, 61, 400, 76
-0.998799, 73, 33, 104, 288
-0.998803, 9, 65, 40, 192
-0.998803, 145, 195, 208, 210
-0.998816, 417, 211, 480, 226
-0.998819, 177, 181, 240, 196
-0.998831, 153, 225, 216, 240
-0.998831, 185, 225, 248, 240
-0.998832, 369, 73, 432, 88
-0.998832, 225, 281, 288, 296
-0.998834, 81, 121, 144, 136
-0.998838, 177, 187, 240, 202
-0.998839, 233, 9, 296, 24
-0.998843, 121, 159, 184, 174
-0.998845, 233, 275, 296, 290
-0.998847, 183, 177, 198, 304
-0.998851, 185, 247, 248, 262
-0.998856, 385, 301, 448, 316
-0.998858, 25, 109, 88, 124
-0.998866, 225, 31, 288, 46
-0.998871, 177, 259, 240, 274
-0.998881, 233, 1, 296, 16
-0.998883, 7, 129, 22, 256
-0.998887, 217, 255, 280, 270
-0.998888, 17, 115, 80, 130
-0.998896, 321, 199, 384, 214
-0.998897, 313, 239, 376, 254
-0.9989, 265, 303, 328, 318
-0.9989, 413, 1, 444, 256
-0.998902, 97, 139, 160, 154
-0.998902, 105, 151, 168, 166
-0.99891, 329, 67, 392, 82
-0.998911, 377, 67, 440, 82
-0.998914, 137, 183, 200, 198
-0.998916, 121, 253, 184, 268
-0.998917, 57, 129, 120, 144
-0.998919, 105, 239, 168, 254
-0.99892, 401, 231, 464, 246
-0.998922, 177, 293, 240, 308
-0.998923, 193, 267, 256, 282
-0.998927, 281, 237, 344, 252
-0.998929, 129, 235, 192, 250
-0.99893, 185, 133, 248, 148
-0.998931, 225, 15, 288, 30
-0.998933, 137, 137, 200, 152
-0.998933, 377, 291, 440, 306
-0.998934, 305, 25, 368, 40
-0.998938, 145, 241, 208, 256
-0.99894, 201, 261, 264, 276
-0.998946, 33, 267, 96, 282
-0.998947, 233, 261, 296, 276
-0.99895, 9, 151, 72, 166
-0.998952, 329, 37, 392, 52
-0.998959, 425, 171, 488, 186
-0.998959, 337, 75, 400, 90
-0.998962, 233, 269, 296, 284
-0.998967, 193, 309, 256, 324
-0.998968, 225, 241, 288, 256
-0.998968, 353, 209, 416, 224
-0.998968, 137, 143, 200, 158
-0.998969, 225, 89, 288, 104
-0.998974, 145, 261, 208, 276
-0.998977, 177, 177, 192, 304
-0.99898, 433, 181, 496, 196
-0.99898, 193, 253, 256, 268
-0.998983, 145, 149, 208, 164
-0.998985, 209, 7, 272, 22
-0.998986, 185, 83, 248, 98
-0.998986, 129, 173, 192, 188
-0.998989, 369, 313, 432, 328
-0.998989, 81, 33, 112, 160
-0.99899, 257, 255, 320, 270
-0.99899, 189, 209, 204, 330
-0.998993, 185, 231, 248, 246
-0.998995, 353, 67, 416, 82
-0.998995, 337, 95, 400, 110
-0.998997, 185, 103, 248, 118
-0.999, 345, 17, 408, 32
-0.999004, 57, 123, 120, 138
-0.999006, 361, 305, 424, 320
-0.999009, 369, 55, 432, 70
-0.999011, 273, 113, 336, 240
-0.999012, 385, 97, 448, 112
-0.999012, 233, 37, 296, 52
-0.999012, 345, 31, 408, 46
-0.999015, 353, 1, 368, 128
-0.999052, 293, 17, 324, 144
-0.999075, 453, 209, 468, 330
-0.999079, 165, 209, 180, 330
-0.999081, 459, 209, 474, 330
-0.999088, 159, 209, 174, 330
-0.99909, 171, 209, 186, 330
-0.999101, 15, 113, 30, 240
-0.999103, 25, 129, 40, 256
-0.999109, 57, 65, 88, 320
-0.99914, 171, 161, 186, 288
-0.999142, 345, 193, 360, 320
-0.999142, 203, 193, 218, 320
-0.999143, 467, 209, 482, 330
-0.999145, 15, 177, 30, 304
-0.999151, 33, 97, 48, 224
-0.999151, 379, 1, 394, 128
-0.999164, 351, 193, 366, 320
-0.999164, 195, 193, 210, 320
-0.999191, 393, 193, 408, 320
-0.999201, 369, 97, 496, 160
-0.999205, 387, 161, 402, 288
-0.999213, 347, 1, 362, 128
-0.999216, 371, 33, 386, 160
-0.999216, 363, 65, 378, 192
-0.999248, 157, 145, 172, 272
-0.999251, 375, 161, 390, 288
-0.999252, 165, 145, 180, 272
-0.999259, 141, 129, 156, 256
-0.999263, 209, 209, 224, 330
-0.999267, 381, 161, 396, 288
-0.999272, 27, 81, 42, 208
-0.999272, 229, 209, 244, 330
-0.999275, 339, 193, 354, 320
-0.999278, 105, 113, 120, 240
-0.999284, 129, 113, 144, 240
-0.999285, 359, 193, 374, 320
-0.999291, 385, 1, 400, 128
-0.999299, 417, 219, 432, 234
-0.999299, 239, 1, 254, 128
-0.9993, 419, 213, 434, 228
-0.9993, 399, 193, 414, 320
-0.999302, 177, 223, 192, 238
-0.999302, 163, 259, 178, 274
-0.999302, 407, 161, 422, 288
-0.999304, 403, 213, 418, 228
-0.999306, 485, 101, 500, 116
-0.999307, 253, 1, 268, 128
-0.999308, 343, 97, 358, 224
-0.99931, 337, 145, 352, 272
-0.999313, 99, 81, 114, 208
-0.999313, 421, 161, 436, 288
-0.999317, 387, 209, 402, 330
-0.999317, 41, 115, 56, 130
-0.999318, 15, 167, 30, 182
-0.99932, 351, 19, 366, 34
-0.99932, 33, 117, 48, 132
-0.999322, 339, 241, 354, 256
-0.999323, 197, 311, 212, 326
-0.999325, 377, 49, 392, 176
-0.999326, 189, 161, 204, 288
-0.999327, 311, 307, 326, 322
-0.999327, 195, 201, 210, 216
-0.99933, 449, 241, 464, 256
-0.999333, 477, 161, 492, 288
-0.999333, 351, 145, 366, 272
-0.999334, 147, 129, 162, 256
-0.999334, 177, 183, 192, 198
-0.999337, 21, 161, 36, 176
-0.999337, 417, 305, 432, 320
-0.999337, 49, 81, 64, 208
-0.999337, 9, 177, 24, 304
-0.999338, 39, 81, 54, 208
-0.999338, 243, 7, 258, 22
-0.999341, 417, 311, 432, 326
-0.999342, 415, 209, 430, 330
-0.999346, 455, 215, 470, 230
-0.999346, 357, 65, 372, 192
-0.999346, 365, 161, 380, 288
-0.999347, 163, 231, 178, 246
-0.999348, 391, 215, 406, 230
-0.999348, 473, 217, 488, 232
-0.999349, 217, 255, 232, 270
-0.999351, 153, 209, 168, 330
-0.999352, 7, 147, 22, 162
-0.999354, 311, 219, 326, 234
-0.999354, 363, 17, 378, 144
-0.999355, 285, 161, 316, 288
-0.999356, 5, 169, 20, 184
-0.999357, 341, 17, 356, 144
-0.999357, 485, 209, 500, 330
-0.999358, 373, 213, 388, 228
-0.999358, 251, 15, 266, 30
-0.99936, 171, 259, 186, 274
-0.999366, 453, 229, 468, 244
-0.999368, 467, 161, 482, 288
-0.999368, 419, 293, 434, 308
-0.999369, 257, 1, 288, 256
-0.999374, 459, 161, 474, 288
-0.999374, 1, 145, 16, 272
-0.999376, 135, 113, 150, 240
-0.999376, 121, 113, 136, 240
-0.999376, 475, 233, 490, 248
-0.999377, 345, 145, 360, 272
-0.999379, 421, 209, 436, 330
-0.999379, 115, 113, 130, 240
-0.99938, 25, 141, 40, 156
-0.99938, 39, 121, 54, 136
-0.999381, 17, 153, 32, 168
-0.999382, 373, 209, 388, 330
-0.999382, 299, 209, 314, 330
-0.999383, 223, 209, 238, 330
-0.999385, 335, 199, 350, 214
-0.999389, 287, 209, 302, 330
-0.999389, 473, 209, 488, 330
-0.99939, 5, 157, 20, 172
-0.99939, 271, 251, 286, 266
-0.99939, 465, 309, 480, 324
-0.999391, 447, 209, 462, 330
-0.999391, 135, 133, 150, 148
-0.999392, 293, 233, 308, 248
-0.999393, 319, 311, 334, 326
-0.999395, 271, 209, 286, 330
-0.999396, 381, 209, 396, 330
-0.999401, 93, 81, 108, 208
-0.999401, 431, 295, 446, 310
-0.999402, 419, 1, 434, 128
-0.999402, 343, 193, 358, 208
-0.999403, 319, 211, 334, 226
-0.999406, 427, 209, 442, 330
-0.999407, 329, 203, 344, 218
-0.999407, 307, 209, 322, 330
-0.999407, 485, 91, 500, 106
-0.999408, 15, 161, 30, 176
-0.999409, 21, 209, 36, 330
-0.999409, 41, 129, 56, 256
-0.99941, 453, 161, 468, 288
-0.99941, 415, 161, 430, 288
-0.999411, 155, 97, 170, 224
-0.999412, 177, 259, 192, 274
-0.999415, 79, 97, 94, 224
-0.999416, 9, 141, 24, 156
-0.999417, 335, 17, 350, 144
-0.999417, 247, 1, 262, 128
-0.999422, 147, 151, 162, 166
-0.999424, 215, 209, 230, 330
-0.999425, 453, 299, 468, 314
-0.999425, 349, 81, 364, 208
-0.999426, 37, 127, 52, 142
-0.999431, 479, 91, 494, 106
-0.999431, 141, 145, 156, 160
-0.999434, 375, 73, 390, 88
-0.999435, 185, 257, 200, 272
-0.999436, 299, 227, 314, 242
-0.999436, 405, 209, 420, 330
-0.999436, 259, 11, 274, 26
-0.99944, 329, 1, 344, 128
-0.999442, 189, 223, 204, 238
-0.999443, 397, 145, 412, 272
-0.999445, 161, 97, 176, 224
-0.999446, 21, 117, 36, 132
-0.999447, 183, 129, 198, 256
-0.999448, 443, 161, 458, 288
-0.999451, 123, 125, 138, 140
-0.999454, 95, 129, 110, 256
-0.999454, 313, 209, 328, 330
-0.999455, 481, 219, 496, 234
-0.999456, 367, 209, 382, 330
-0.999457, 73, 129, 88, 256
-0.999458, 421, 299, 436, 314
-0.999458, 259, 261, 274, 276
-0.99946, 277, 209, 292, 330
-0.999463, 223, 257, 238, 272
-0.999463, 485, 263, 500, 278
-0.999466, 427, 161, 442, 288
-0.999468, 15, 129, 30, 144
-0.999469, 309, 1, 340, 256
-0.99947, 251, 269, 266, 284
-0.999471, 449, 213, 464, 228
-0.999472, 399, 81, 414, 208
-0.999473, 31, 109, 46, 124
-0.999473, 27, 209, 42, 330
-0.999474, 357, 145, 372, 272
-0.999474, 109, 65, 124, 192
-0.999475, 117, 121, 132, 136
-0.999476, 19, 147, 34, 162
-0.999477, 21, 81, 36, 208
-0.999479, 305, 223, 320, 238
-0.99948, 443, 219, 458, 234
-0.999481, 259, 1, 274, 128
-0.999482, 293, 209, 308, 330
-0.999482, 153, 157, 168, 172
-0.999483, 361, 83, 376, 98
-0.999483, 201, 251, 216, 266
-0.999485, 139, 139, 154, 154
-0.999485, 393, 1, 408, 128
-0.999486, 383, 65, 398, 192
-0.999486, 331, 145, 346, 272
-0.999488, 323, 1, 338, 128
-0.999488, 159, 161, 174, 176
-0.999489, 57, 81, 72, 208
-0.999491, 233, 161, 248, 288
-0.999493, 171, 177, 186, 192
-0.999493, 211, 251, 226, 266
-0.999493, 211, 301, 226, 316
-0.999494, 357, 239, 372, 254
-0.999496, 87, 97, 102, 224
-0.999496, 257, 209, 272, 330
-0.999497, 333, 193, 348, 320
-0.999498, 235, 97, 250, 224
-0.999499, 323, 193, 338, 320
-0.9995, 141, 81, 156, 208
-0.999503, 265, 257, 280, 272
-0.999505, 337, 97, 352, 224
-0.999508, 433, 161, 448, 288
-0.99951, 67, 129, 82, 256
-0.999514, 399, 1, 414, 128
-0.999514, 3, 193, 18, 320
-0.999515, 197, 211, 212, 226
-0.999516, 393, 81, 408, 208
-0.999517, 195, 251, 210, 266
-0.999519, 369, 229, 384, 244
-0.99952, 183, 221, 198, 236
-0.999536, 367, 79, 382, 94
-0.999536, 249, 9, 264, 24
-0.999544, 27, 129, 42, 144
-0.99955, 457, 113, 488, 240
-0.999559, 359, 229, 374, 244
-0.999561, 17, 123, 32, 138
-0.999564, 49, 127, 64, 142
-0.999566, 363, 235, 378, 250
-0.999572, 467, 223, 482, 238
-0.999583, 477, 227, 492, 242
-0.999589, 409, 215, 424, 230
-0.999591, 405, 221, 420, 236
-0.999594, 203, 203, 218, 218
-0.999605, 183, 189, 198, 204
-0.999607, 239, 279, 254, 294
-0.999618, 129, 127, 144, 142
-0.999622, 11, 135, 26, 150
-0.999631, 39, 135, 54, 150
-0.999631, 165, 161, 180, 176
-0.999637, 459, 305, 474, 320
-0.999645, 233, 283, 248, 298
-0.999656, 425, 33, 456, 288
-0.999657, 245, 273, 260, 288
-0.999665, 339, 227, 354, 242
-0.999667, 429, 17, 460, 144
-0.999671, 217, 299, 232, 314
-0.999688, 369, 265, 496, 328
-0.999703, 457, 221, 472, 236
-0.999705, 413, 113, 444, 240
-0.999706, 109, 119, 124, 134
-0.999715, 19, 141, 34, 156
-0.99972, 157, 235, 172, 250
-0.999722, 227, 289, 242, 304
-0.999753, 353, 233, 368, 248
-0.999753, 345, 223, 360, 238
-0.999776, 431, 289, 446, 304
-0.99978, 31, 123, 46, 138
-0.999806, 363, 221, 378, 236
-0.999816, 353, 217, 368, 232
-0.999833, 469, 65, 500, 320
-0.999834, 447, 227, 462, 242
-0.999834, 449, 221, 464, 236
-0.999859, 225, 33, 256, 288
-0.999875, 425, 293, 440, 308
-0.9999, 397, 211, 412, 226
-0.999945, 221, 293, 236, 308
-0.999975, 181, 65, 212, 320
-1.00004, 453, 1, 484, 256
-1.00012, 41, 209, 72, 330
-1.00017, 209, 33, 240, 288
-1.00023, 437, 1, 468, 256
-1.0004, 97, 177, 128, 304
-1.00043, 193, 65, 224, 320
-1.00049, 369, 113, 400, 240
-1.00075, 25, 33, 88, 160
-1.00085, 433, 1, 496, 128
-1.0009, 57, 193, 88, 320
-1.00095, 425, 113, 456, 240
-1.00106, 81, 49, 208, 112
-1.00129, 213, 17, 244, 144
-1.00187, 249, 49, 312, 176
-1.00224, 445, 113, 476, 240
-1.00241, 201, 161, 232, 288
-1.00246, 469, 17, 500, 144
-1.00256, 273, 161, 304, 288
-1.00263, 345, 113, 376, 240
-1.00361, 181, 81, 212, 208
-1.00362, 449, 33, 480, 160
-1.00366, 65, 1, 192, 64
-1.00371, 169, 65, 200, 192
-1.00404, 65, 25, 192, 88
-1.00416, 57, 17, 120, 144
-1.0042, 49, 169, 176, 232
-1.00446, 469, 113, 500, 240
-1.00453, 201, 65, 232, 192
-1.00483, 273, 65, 336, 192
-1.005, 1, 17, 128, 80
-1.00518, 153, 65, 184, 192
-1.00518, 109, 161, 140, 288
-1.0052, 261, 161, 292, 288
-1.00522, 45, 33, 76, 160
-1.00533, 253, 49, 284, 176
-1.00551, 1, 41, 128, 104
-1.00557, 305, 49, 336, 176
-1.00579, 281, 65, 312, 192
-1.00584, 269, 49, 300, 176
-1.00593, 1, 33, 64, 160
-1.00624, 253, 97, 284, 224
-1.00638, 245, 161, 276, 288
-1.00692, 89, 1, 152, 128
-1.00734, 145, 1, 208, 128
-1.00819, 249, 97, 312, 224
-1.00897, 121, 1, 184, 128
