1918
-0.135426, 1, 225, 333, 480
-0.231275, 1, 1, 333, 500
-0.264247, 1, 129, 333, 384
-0.41044, 65, 1, 320, 500
-0.436208, 1, 33, 333, 288
-0.53928, 1, 257, 256, 500
-0.560015, 33, 129, 288, 384
-0.675465, 33, 33, 288, 288
-0.832728, 161, 161, 288, 416
-0.834807, 209, 129, 333, 384
-0.843948, 1, 257, 333, 384
-0.846397, 209, 1, 333, 500
-0.846467, 145, 1, 272, 500
-0.861595, 161, 65, 288, 320
-0.862877, 113, 97, 240, 352
-0.863683, 49, 129, 176, 384
-0.865926, 1, 161, 333, 288
-0.86777, 65, 1, 192, 500
-0.873416, 1, 305, 333, 432
-0.873621, 129, 257, 256, 500
-0.873978, 209, 225, 333, 480
-0.875946, 113, 1, 240, 256
-0.877329, 209, 33, 333, 288
-0.877449, 1, 209, 333, 336
-0.88413, 1, 161, 128, 416
-0.885378, 17, 257, 144, 500
-0.887858, 1, 113, 333, 240
-0.887866, 1, 353, 333, 480
-0.892052, 33, 257, 288, 384
-0.893303, 17, 1, 144, 500
-0.894392, 81, 225, 208, 480
-0.90018, 1, 49, 333, 176
-0.900979, 65, 1, 192, 256
-0.904847, 65, 209, 320, 336
-0.907223, 65, 129, 320, 256
-0.91576, 193, 129, 320, 256
-0.917688, 1, 1, 333, 128
-0.922004, 1, 337, 256, 464
-0.926213, 49, 193, 176, 320
-0.926735, 177, 225, 304, 352
-0.927879, 33, 81, 288, 208
-0.928961, 17, 33, 144, 288
-0.931503, 113, 161, 240, 288
-0.934348, 129, 209, 256, 336
-0.935481, 193, 81, 320, 208
-0.936605, 201, 97, 264, 224
-0.937283, 153, 177, 216, 304
-0.939452, 137, 225, 200, 352
-0.940104, 265, 177, 328, 304
-0.940392, 177, 193, 240, 320
-0.941231, 265, 273, 328, 400
-0.941429, 241, 65, 304, 192
-0.941494, 17, 225, 80, 352
-0.941883, 225, 225, 288, 352
-0.942065, 9, 337, 72, 464
-0.942263, 33, 33, 288, 160
-0.942488, 1, 369, 128, 496
-0.942652, 241, 321, 304, 448
-0.942685, 145, 97, 272, 224
-0.945503, 265, 225, 328, 352
-0.947079, 225, 113, 288, 240
-0.947926, 49, 129, 176, 256
-0.948534, 113, 257, 240, 384
-0.948954, 209, 177, 333, 304
-0.949253, 161, 289, 288, 416
-0.949557, 41, 177, 104, 304
-0.949589, 209, 289, 333, 416
-0.950527, 177, 145, 240, 272
-0.9507, 113, 209, 176, 336
-0.950771, 113, 33, 240, 160
-0.951559, 201, 209, 264, 336
-0.951776, 65, 193, 128, 320
-0.9518, 33, 289, 160, 416
-0.951837, 241, 161, 304, 288
-0.951918, 129, 161, 192, 288
-0.954101, 49, 257, 112, 384
-0.955664, 201, 145, 264, 272
-0.955731, 193, 369, 320, 496
-0.956801, 97, 113, 224, 240
-0.957418, 161, 241, 224, 368
-0.957633, 49, 241, 176, 368
-0.957819, 49, 369, 176, 496
-0.957821, 89, 177, 152, 304
-0.957898, 217, 353, 280, 480
-0.958347, 1, 209, 128, 336
-0.959657, 249, 113, 312, 240
-0.959692, 273, 129, 333, 256
-0.959695, 113, 369, 240, 496
-0.959707, 193, 49, 256, 176
-0.960021, 153, 17, 216, 144
-0.962152, 9, 393, 72, 456
-0.962306, 217, 121, 280, 184
-0.962457, 33, 369, 96, 496
-0.962458, 25, 249, 88, 312
-0.96307, 113, 257, 176, 384
-0.96309, 97, 1, 160, 128
-0.963165, 25, 289, 88, 416
-0.963444, 137, 257, 200, 320
-0.963504, 17, 177, 80, 304
-0.963539, 153, 129, 216, 256
-0.964106, 73, 129, 136, 256
-0.964581, 25, 433, 88, 496
-0.964846, 161, 17, 288, 144
-0.965253, 129, 33, 192, 160
-0.965309, 217, 49, 280, 176
-0.965415, 217, 273, 280, 400
-0.96547, 65, 369, 128, 496
-0.965486, 153, 185, 216, 248
-0.965689, 1, 145, 128, 272
-0.966116, 25, 345, 88, 408
-0.966612, 49, 409, 112, 472
-0.966866, 265, 65, 328, 192
-0.966897, 177, 225, 240, 288
-0.967007, 129, 113, 192, 240
-0.967027, 193, 305, 256, 432
-0.967071, 225, 81, 288, 144
-0.967146, 225, 393, 288, 456
-0.96715, 193, 225, 320, 288
-0.967274, 193, 73, 256, 136
-0.967384, 257, 225, 320, 288
-0.967399, 57, 273, 120, 336
-0.967402, 225, 97, 256, 224
-0.967409, 113, 417, 176, 480
-0.96744, 9, 369, 72, 432
-0.967646, 1, 265, 64, 328
-0.967882, 193, 137, 320, 200
-0.967909, 225, 129, 288, 384
-0.968287, 153, 225, 216, 288
-0.968845, 193, 113, 256, 176
-0.968868, 105, 129, 168, 256
-0.968874, 65, 1, 192, 128
-0.968881, 129, 177, 192, 240
-0.969099, 201, 129, 264, 384
-0.969146, 209, 225, 272, 288
-0.969182, 57, 217, 120, 280
-0.969202, 233, 225, 296, 288
-0.969381, 193, 137, 256, 200
-0.969414, 265, 297, 328, 360
-0.969499, 241, 329, 304, 392
-0.969524, 273, 201, 333, 264
-0.969666, 49, 129, 112, 256
-0.969891, 153, 129, 216, 192
-0.969985, 225, 289, 288, 352
-0.970035, 177, 201, 240, 264
-0.970176, 1, 409, 128, 472
-0.970219, 129, 201, 256, 264
-0.970302, 169, 249, 232, 312
-0.970485, 265, 145, 328, 208
-0.97054, 169, 65, 232, 192
-0.970594, 209, 33, 333, 160
-0.970767, 245, 321, 276, 448
-0.971043, 257, 121, 320, 184
-0.971051, 89, 209, 152, 272
-0.971141, 113, 257, 176, 320
-0.971197, 257, 73, 320, 136
-0.971215, 41, 193, 104, 256
-0.971543, 33, 225, 96, 288
-0.971582, 189, 209, 220, 336
-0.971707, 273, 177, 333, 240
-0.971709, 237, 65, 268, 192
-0.971864, 205, 81, 236, 208
-0.971883, 25, 353, 56, 480
-0.97199, 113, 209, 176, 272
-0.972068, 241, 361, 304, 424
-0.972069, 49, 425, 176, 488
-0.972122, 97, 185, 160, 248
-0.972173, 49, 217, 176, 280
-0.972264, 53, 401, 84, 464
-0.972281, 293, 145, 324, 272
-0.972293, 265, 161, 328, 416
-0.972303, 89, 433, 152, 496
-0.972446, 209, 73, 333, 136
-0.97251, 73, 185, 136, 248
-0.972515, 25, 257, 88, 500
-0.972552, 225, 145, 288, 208
-0.972648, 49, 273, 176, 336
-0.972671, 169, 161, 232, 416
-0.972712, 153, 433, 216, 496
-0.972745, 153, 153, 216, 216
-0.97283, 121, 1, 184, 64
-0.972838, 177, 161, 240, 224
-0.972944, 265, 273, 328, 336
-0.973005, 225, 105, 256, 168
-0.973029, 153, 25, 216, 88
-0.973156, 169, 105, 232, 168
-0.97357, 137, 161, 200, 416
-0.973617, 257, 65, 320, 320
-0.973675, 165, 193, 196, 320
-0.973708, 41, 297, 104, 360
-0.973822, 41, 169, 104, 232
-0.973926, 177, 161, 304, 224
-0.973928, 41, 233, 72, 296
-0.974005, 209, 417, 272, 480
-0.974021, 41, 209, 72, 336
-0.974251, 33, 385, 96, 448
-0.974271, 249, 81, 280, 208
-0.974277, 1, 273, 64, 400
-0.974475, 289, 169, 320, 232
-0.974476, 225, 57, 288, 120
-0.974494, 145, 257, 176, 320
-0.974523, 1, 417, 64, 480
-0.974536, 49, 433, 112, 496
-0.974595, 285, 193, 316, 320
-0.974635, 49, 249, 176, 312
-0.974666, 269, 225, 300, 352
-0.974773, 41, 161, 104, 416
-0.974793, 97, 233, 160, 296
-0.974814, 9, 217, 72, 280
-0.974946, 177, 193, 208, 256
-0.974951, 65, 249, 128, 312
-0.975102, 201, 353, 264, 416
-0.975105, 145, 129, 272, 192
-0.975231, 65, 145, 128, 208
-0.975245, 129, 145, 192, 208
-0.97527, 49, 289, 80, 416
-0.975323, 177, 1, 240, 128
-0.975339, 113, 257, 240, 320
-0.975361, 81, 137, 208, 200
-0.975405, 177, 161, 208, 288
-0.975428, 241, 225, 304, 480
-0.975468, 213, 121, 244, 184
-0.975503, 145, 1, 208, 64
-0.975521, 145, 225, 272, 288
-0.975611, 141, 225, 172, 352
-0.975649, 221, 209, 252, 336
-0.975818, 89, 49, 152, 176
-0.975935, 177, 65, 240, 320
-0.975966, 145, 49, 208, 112
-0.976101, 129, 433, 256, 496
-0.976134, 129, 233, 192, 296
-0.976163, 13, 369, 44, 496
-0.976167, 241, 273, 304, 400
-0.976171, 185, 417, 248, 480
-0.976238, 33, 321, 96, 384
-0.976248, 81, 241, 144, 368
-0.976279, 201, 273, 264, 336
-0.976285, 193, 417, 320, 480
-0.976315, 273, 257, 333, 500
-0.976352, 129, 25, 192, 88
-0.976455, 49, 193, 176, 256
-0.976495, 217, 409, 248, 472
-0.976547, 145, 105, 272, 168
-0.97655, 37, 321, 68, 448
-0.976566, 217, 225, 280, 480
-0.976578, 65, 385, 128, 448
-0.976615, 301, 169, 332, 232
-0.976638, 105, 25, 168, 88
-0.976732, 209, 393, 333, 456
-0.976792, 137, 97, 200, 160
-0.976795, 217, 33, 280, 288
-0.976821, 273, 249, 333, 312
-0.976905, 193, 193, 320, 256
-0.976975, 245, 337, 276, 400
-0.976982, 65, 49, 192, 176
-0.977001, 249, 201, 312, 264
-0.97701, 161, 273, 224, 336
-0.977043, 201, 329, 264, 392
-0.977108, 1, 193, 64, 448
-0.977135, 61, 273, 92, 336
-0.977147, 9, 321, 72, 384
-0.977184, 265, 273, 296, 400
-0.977217, 65, 129, 128, 384
-0.977239, 13, 393, 44, 456
-0.977381, 113, 177, 240, 240
-0.977471, 125, 209, 156, 336
-0.977508, 169, 49, 232, 112
-0.977534, 29, 345, 60, 408
-0.977598, 273, 177, 304, 304
-0.977631, 233, 353, 264, 480
-0.977646, 237, 113, 268, 240
-0.977674, 249, 225, 280, 352
-0.977713, 237, 113, 268, 176
-0.977807, 61, 225, 92, 352
-0.977881, 161, 81, 224, 144
-0.977894, 113, 161, 176, 416
-0.977907, 137, 273, 200, 400
-0.978018, 53, 369, 84, 496
-0.978102, 29, 241, 60, 368
-0.978116, 97, 121, 160, 184
-0.97814, 1, 257, 128, 320
-0.978145, 209, 113, 333, 176
-0.978205, 209, 209, 240, 336
-0.978292, 17, 297, 80, 360
-0.978345, 225, 49, 256, 176
-0.978531, 89, 161, 152, 416
-0.978541, 53, 425, 84, 488
-0.978598, 153, 1, 216, 256
-0.978684, 249, 177, 312, 240
-0.978709, 265, 321, 328, 384
-0.9788, 153, 161, 184, 288
-0.978816, 225, 225, 256, 288
-0.979043, 193, 377, 256, 440
-0.979056, 1, 385, 128, 448
-0.979131, 89, 257, 152, 320
-0.979139, 17, 185, 80, 248
-0.979141, 33, 273, 96, 336
-0.979144, 229, 393, 260, 456
-0.979145, 177, 369, 240, 496
-0.979187, 97, 1, 160, 64
-0.979203, 209, 201, 272, 264
-0.979351, 193, 49, 256, 112
-0.979374, 105, 65, 168, 128
-0.979612, 129, 1, 192, 256
-0.979646, 245, 137, 276, 200
-0.979715, 197, 145, 228, 272
-0.979739, 185, 257, 248, 500
-0.979751, 249, 97, 312, 160
-0.979764, 177, 241, 208, 368
-0.979788, 209, 297, 333, 360
-0.979894, 169, 1, 232, 64
-0.98004, 169, 289, 232, 416
-0.980067, 261, 65, 292, 192
-0.9801, 157, 177, 188, 240
-0.980141, 137, 73, 200, 136
-0.980264, 33, 425, 64, 488
-0.980273, 177, 113, 208, 240
-0.980282, 289, 201, 320, 264
-0.980295, 205, 89, 236, 152
-0.98039, 273, 49, 333, 112
-0.98047, 193, 1, 256, 500
-0.980568, 225, 81, 256, 144
-0.980582, 65, 369, 96, 496
-0.980596, 233, 265, 296, 328
-0.980638, 153, 241, 184, 368
-0.980643, 129, 121, 192, 184
-0.980793, 1, 345, 64, 408
-0.980915, 45, 161, 76, 288
-0.980972, 161, 257, 224, 500
-0.981061, 193, 225, 224, 288
-0.981061, 257, 313, 288, 376
-0.981069, 281, 241, 312, 368
-0.981153, 17, 369, 48, 432
-0.981166, 157, 241, 188, 304
-0.98118, 1, 65, 128, 192
-0.981237, 265, 393, 328, 456
-0.981262, 81, 201, 112, 264
-0.981345, 161, 409, 224, 472
-0.981346, 161, 81, 288, 144
-0.981385, 277, 225, 308, 288
-0.981413, 105, 145, 168, 208
-0.981432, 281, 129, 312, 256
-0.981554, 1, 241, 64, 304
-0.981594, 129, 257, 192, 500
-0.981611, 193, 1, 256, 64
-0.981625, 81, 281, 144, 344
-0.981631, 213, 225, 244, 288
-0.981706, 209, 329, 333, 392
-0.981708, 97, 25, 224, 88
-0.981743, 45, 209, 76, 272
-0.981746, 253, 273, 284, 400
-0.981799, 193, 249, 256, 312
-0.981812, 177, 161, 208, 224
-0.981833, 81, 33, 144, 96
-0.981926, 65, 385, 96, 448
-0.981952, 49, 401, 176, 464
-0.981963, 269, 289, 300, 352
-0.981986, 177, 313, 240, 376
-0.982012, 249, 1, 312, 500
-0.982083, 73, 409, 136, 472
-0.982097, 225, 137, 256, 200
-0.982153, 133, 217, 164, 280
-0.982166, 49, 257, 112, 500
-0.982168, 297, 193, 328, 320
-0.982206, 113, 97, 176, 160
-0.98237, 265, 225, 296, 288
-0.982402, 113, 209, 144, 272
-0.982439, 97, 233, 224, 296
-0.982464, 217, 1, 280, 64
-0.982474, 129, 57, 256, 120
-0.982511, 113, 409, 240, 472
-0.982542, 257, 17, 320, 144
-0.982678, 61, 225, 92, 288
-0.982716, 33, 305, 160, 368
-0.982794, 61, 145, 92, 272
-0.982837, 253, 225, 284, 288
-0.982864, 1, 433, 128, 496
-0.98294, 233, 209, 264, 336
-0.982993, 161, 345, 288, 408
-0.983035, 273, 65, 304, 192
-0.98304, 257, 161, 288, 288
-0.983042, 277, 177, 308, 240
-0.983053, 237, 225, 268, 288
-0.983168, 161, 273, 288, 336
-0.983168, 201, 1, 264, 128
-0.983346, 145, 433, 176, 496
-0.98338, 225, 1, 288, 500
-0.983447, 105, 281, 168, 344
-0.983466, 265, 369, 328, 432
-0.983483, 105, 433, 136, 496
-0.983493, 9, 145, 72, 208
-0.983505, 193, 105, 224, 168
-0.983518, 161, 297, 288, 360
-0.983535, 97, 1, 160, 256
-0.983708, 49, 289, 80, 352
-0.983905, 253, 289, 284, 352
-0.983931, 141, 33, 172, 160
-0.983959, 197, 145, 228, 208
-0.983966, 241, 369, 272, 432
-0.983966, 81, 57, 144, 120
-0.98397, 209, 369, 333, 432
-0.984095, 137, 1, 200, 500
-0.984184, 249, 81, 280, 144
-0.984189, 209, 273, 333, 336
-0.984245, 113, 369, 176, 496
-0.984289, 45, 313, 76, 376
-0.984358, 73, 121, 136, 184
-0.984454, 1, 353, 128, 416
-0.984457, 153, 369, 216, 496
-0.984486, 301, 193, 332, 256
-0.984486, 105, 193, 136, 320
-0.984536, 165, 265, 196, 328
-0.984556, 209, 249, 333, 312
-0.98461, 165, 257, 196, 384
-0.984627, 77, 129, 108, 256
-0.984648, 133, 17, 164, 80
-0.984656, 205, 433, 236, 496
-0.984674, 201, 305, 264, 368
-0.984688, 249, 49, 312, 112
-0.984696, 161, 249, 288, 312
-0.984704, 281, 137, 312, 200
-0.984786, 273, 97, 333, 160
-0.984838, 213, 129, 244, 256
-0.984966, 145, 233, 176, 296
-0.984982, 257, 321, 288, 448
-0.985006, 177, 25, 240, 88
-0.985008, 113, 393, 176, 456
-0.985034, 105, 1, 168, 500
-0.985045, 97, 113, 224, 176
-0.985141, 185, 433, 216, 496
-0.985156, 193, 201, 224, 264
-0.985175, 33, 169, 160, 232
-0.985187, 117, 417, 148, 480
-0.985195, 41, 145, 104, 208
-0.985213, 89, 97, 152, 160
-0.985233, 169, 1, 232, 500
-0.98533, 241, 1, 304, 64
-0.985344, 1, 273, 32, 336
-0.985349, 145, 1, 176, 64
-0.98535, 153, 385, 216, 448
-0.985355, 293, 241, 324, 368
-0.985393, 1, 257, 32, 384
-0.985451, 93, 433, 124, 496
-0.985452, 273, 1, 333, 500
-0.985459, 81, 1, 144, 500
-0.985477, 65, 361, 128, 424
-0.985486, 161, 217, 192, 280
-0.985521, 69, 417, 100, 480
-0.985584, 237, 73, 268, 136
-0.985631, 93, 193, 124, 320
-0.985737, 153, 153, 184, 216
-0.98575, 65, 249, 96, 312
-0.985757, 177, 217, 208, 280
-0.985788, 141, 177, 172, 304
-0.985853, 1, 129, 64, 256
-0.985857, 129, 385, 256, 448
-0.985912, 257, 137, 288, 200
-0.985923, 177, 89, 208, 152
-0.985949, 281, 273, 312, 336
-0.985958, 177, 257, 208, 320
-0.985966, 177, 137, 208, 200
-0.985978, 9, 249, 40, 312
-0.985982, 113, 185, 144, 248
-0.98608, 261, 161, 292, 224
-0.986089, 145, 345, 208, 408
-0.986091, 189, 49, 220, 176
-0.98611, 129, 1, 160, 128
-0.986126, 157, 433, 188, 496
-0.986208, 73, 193, 104, 320
-0.986209, 201, 161, 264, 224
-0.986211, 221, 353, 252, 416
-0.986287, 1, 209, 128, 272
-0.986343, 261, 113, 292, 240
-0.986377, 41, 393, 72, 456
-0.986388, 33, 265, 64, 328
-0.986416, 17, 257, 48, 384
-0.986557, 177, 17, 208, 144
-0.986587, 221, 337, 252, 464
-0.986596, 97, 185, 128, 248
-0.986759, 225, 57, 256, 120
-0.986875, 61, 201, 92, 264
-0.986995, 33, 137, 160, 200
-0.98708, 17, 329, 144, 392
-0.987136, 161, 1, 192, 128
-0.987177, 145, 321, 272, 384
-0.987188, 105, 257, 168, 500
-0.987197, 17, 97, 80, 352
-0.98729, 97, 1, 224, 64
-0.987305, 1, 401, 32, 464
-0.987345, 193, 65, 224, 128
-0.987386, 13, 209, 44, 336
-0.987421, 53, 249, 84, 312
-0.987454, 153, 25, 184, 88
-0.987521, 213, 65, 244, 128
-0.987528, 133, 257, 164, 320
-0.987537, 157, 1, 188, 64
-0.987542, 37, 369, 68, 496
-0.987581, 297, 281, 328, 344
-0.987628, 73, 1, 136, 128
-0.987655, 85, 257, 116, 320
-0.987694, 193, 97, 224, 224
-0.987712, 177, 1, 304, 64
-0.987718, 273, 201, 304, 264
-0.98772, 133, 145, 164, 208
-0.987778, 189, 1, 220, 128
-0.987803, 137, 193, 168, 256
-0.98784, 261, 73, 292, 136
-0.987878, 121, 161, 152, 288
-0.988004, 249, 113, 280, 176
-0.988022, 17, 305, 48, 432
-0.988136, 57, 33, 120, 288
-0.988168, 265, 321, 328, 448
-0.988196, 93, 209, 124, 272
-0.988281, 97, 281, 224, 344
-0.988288, 21, 433, 52, 496
-0.988299, 229, 313, 260, 376
-0.988366, 129, 257, 160, 384
-0.988452, 93, 145, 124, 272
-0.988461, 41, 337, 72, 400
-0.988497, 33, 273, 288, 336
-0.988515, 125, 185, 156, 248
-0.988548, 5, 425, 36, 488
-0.988558, 49, 1, 112, 500
-0.988604, 101, 1, 132, 128
-0.988636, 133, 129, 164, 256
-0.988651, 57, 161, 88, 224
-0.988698, 113, 81, 240, 144
-0.988762, 285, 57, 316, 120
-0.988771, 225, 201, 256, 264
-0.988805, 193, 257, 256, 384
-0.988834, 181, 113, 212, 176
-0.988848, 245, 161, 276, 288
-0.988904, 25, 193, 56, 256
-0.98892, 65, 57, 192, 120
-0.988926, 45, 169, 76, 232
-0.988941, 301, 65, 332, 128
-0.98897, 61, 273, 92, 400
-0.988976, 293, 241, 324, 304
-0.988983, 277, 289, 308, 416
-0.988993, 25, 265, 88, 296
-0.989005, 49, 425, 112, 456
-0.989013, 209, 137, 272, 168
-0.989024, 277, 113, 308, 176
-0.989091, 9, 401, 72, 432
-0.989094, 17, 329, 48, 392
-0.989094, 225, 145, 256, 272
-0.989128, 153, 185, 216, 216
-0.989201, 261, 113, 292, 176
-0.98922, 241, 369, 304, 496
-0.989274, 145, 249, 208, 280
-0.989326, 21, 265, 52, 328
-0.989339, 73, 257, 136, 500
-0.989356, 1, 281, 333, 344
-0.989365, 225, 81, 288, 112
-0.989389, 229, 289, 260, 416
-0.989396, 137, 269, 200, 300
-0.989404, 25, 461, 88, 492
-0.98942, 1, 281, 128, 344
-0.989502, 73, 213, 136, 244
-0.989527, 97, 213, 160, 244
-0.989529, 249, 33, 280, 160
-0.989542, 73, 273, 104, 336
-0.989542, 129, 153, 256, 216
-0.989578, 273, 181, 333, 212
-0.989581, 33, 253, 96, 284
-0.989682, 57, 277, 120, 308
-0.98969, 173, 25, 204, 88
-0.989694, 1, 425, 256, 488
-0.989703, 193, 229, 256, 260
-0.989708, 165, 129, 196, 192
-0.989793, 9, 425, 72, 456
-0.9898, 249, 233, 312, 264
-0.989809, 225, 69, 288, 100
-0.989819, 193, 409, 224, 472
-0.989854, 217, 121, 280, 152
-0.989876, 153, 217, 216, 248
-0.989934, 233, 149, 296, 180
-0.989946, 225, 405, 288, 436
-0.98995, 137, 409, 168, 472
-0.98996, 165, 145, 196, 272
-0.989963, 1, 1, 64, 500
-0.990044, 273, 369, 333, 496
-0.990046, 169, 433, 200, 496
-0.990053, 137, 205, 200, 236
-0.990053, 141, 89, 172, 152
-0.990068, 25, 297, 56, 360
-0.990074, 33, 229, 96, 260
-0.990137, 257, 157, 320, 188
-0.990151, 197, 169, 228, 232
-0.990164, 193, 369, 224, 496
-0.990173, 169, 261, 232, 292
-0.990199, 265, 297, 328, 328
-0.990205, 25, 437, 88, 468
-0.990207, 53, 377, 84, 440
-0.990219, 177, 49, 304, 112
-0.990221, 17, 225, 48, 288
-0.990229, 289, 289, 320, 416
-0.990232, 17, 381, 80, 412
-0.990242, 33, 145, 288, 208
-0.990243, 25, 401, 56, 464
-0.990249, 177, 217, 240, 248
-0.99025, 145, 457, 208, 488
-0.990253, 185, 133, 248, 164
-0.990283, 249, 73, 312, 104
-0.990327, 65, 225, 320, 288
-0.990343, 293, 145, 324, 208
-0.990354, 33, 297, 288, 360
-0.990393, 297, 81, 328, 208
-0.990432, 1, 209, 32, 336
-0.990435, 25, 413, 88, 444
-0.990436, 1, 305, 333, 368
-0.990479, 273, 65, 304, 128
-0.99049, 1, 233, 128, 296
-0.99056, 153, 173, 216, 204
-0.990595, 233, 393, 296, 424
-0.990607, 25, 365, 88, 396
-0.990686, 113, 425, 176, 456
-0.990715, 49, 289, 112, 320
-0.990716, 25, 129, 88, 256
-0.990717, 41, 201, 104, 232
-0.990727, 257, 145, 320, 176
-0.990759, 33, 345, 96, 376
-0.990764, 33, 213, 96, 244
-0.990764, 217, 229, 280, 260
-0.990775, 17, 241, 80, 272
-0.990779, 273, 197, 333, 228
-0.990795, 137, 233, 200, 264
-0.990807, 49, 377, 176, 440
-0.990808, 193, 69, 256, 100
-0.990813, 9, 277, 72, 308
-0.990827, 73, 321, 136, 448
-0.990847, 49, 397, 112, 428
-0.990858, 233, 305, 296, 336
-0.990872, 177, 173, 240, 204
-0.990882, 249, 121, 312, 152
-0.990915, 249, 337, 312, 368
-0.990917, 153, 445, 216, 476
-0.990957, 225, 109, 288, 140
-0.990976, 25, 1, 88, 500
-0.990997, 233, 137, 296, 168
-0.991006, 153, 157, 216, 188
-0.991038, 145, 113, 176, 240
-0.991038, 233, 365, 296, 396
-0.991041, 73, 457, 136, 488
-0.991051, 273, 65, 333, 96
-0.991058, 201, 109, 264, 140
-0.991065, 73, 201, 136, 232
-0.991086, 1, 345, 256, 408
-0.991093, 233, 381, 296, 412
-0.991099, 57, 229, 120, 260
-0.991146, 49, 49, 112, 176
-0.991151, 49, 437, 112, 468
-0.991182, 41, 309, 104, 340
-0.991195, 169, 229, 232, 260
-0.99126, 97, 453, 160, 484
-0.991269, 265, 325, 328, 356
-0.991289, 129, 177, 192, 208
-0.991293, 105, 257, 168, 288
-0.9913, 113, 277, 176, 308
-0.991308, 97, 225, 160, 256
-0.991312, 241, 353, 304, 384
-0.991316, 201, 357, 264, 388
-0.991331, 177, 189, 240, 220
-0.991352, 49, 241, 112, 272
-0.99138, 121, 465, 184, 496
-0.991398, 1, 369, 32, 496
-0.991417, 145, 265, 176, 296
-0.991431, 9, 229, 72, 260
-0.991448, 201, 377, 264, 408
-0.991455, 217, 417, 280, 448
-0.991471, 9, 289, 72, 320
-0.991474, 169, 465, 232, 496
-0.991488, 177, 205, 240, 236
-0.991501, 109, 145, 140, 272
-0.991512, 97, 137, 160, 168
-0.99152, 285, 49, 316, 176
-0.99153, 9, 349, 72, 380
-0.991533, 161, 141, 224, 172
-0.991533, 1, 437, 64, 468
-0.991552, 177, 453, 240, 484
-0.991558, 73, 469, 136, 500
-0.991569, 49, 469, 112, 500
-0.991585, 249, 185, 312, 216
-0.991595, 177, 425, 240, 456
-0.991596, 169, 121, 232, 152
-0.991599, 193, 97, 256, 128
-0.991599, 97, 201, 160, 232
-0.991627, 65, 265, 128, 296
-0.991629, 209, 149, 272, 180
-0.991634, 1, 329, 64, 360
-0.991638, 201, 445, 264, 476
-0.991648, 177, 85, 240, 116
-0.99166, 53, 413, 84, 444
-0.991684, 1, 345, 333, 408
-0.991697, 273, 233, 333, 264
-0.991706, 225, 317, 288, 348
-0.99172, 73, 241, 104, 368
-0.991721, 225, 341, 288, 372
-0.991725, 209, 289, 272, 320
-0.991794, 1, 377, 256, 440
-0.991796, 73, 145, 136, 176
-0.991802, 201, 81, 264, 112
-0.991808, 41, 249, 72, 280
-0.991816, 273, 249, 333, 280
-0.991817, 273, 221, 333, 252
-0.991833, 41, 189, 104, 220
-0.991843, 1, 225, 333, 288
-0.991856, 129, 221, 192, 252
-0.991871, 153, 29, 216, 60
-0.991882, 285, 181, 316, 212
-0.991904, 1, 369, 333, 432
-0.991909, 177, 109, 240, 140
-0.991929, 113, 441, 176, 472
-0.991933, 129, 189, 192, 220
-0.991962, 209, 433, 272, 464
-0.991964, 273, 169, 333, 200
-0.991975, 245, 69, 276, 100
-0.991975, 193, 389, 256, 420
-0.991977, 129, 37, 192, 68
-0.991979, 201, 457, 264, 488
-0.991981, 153, 45, 216, 76
-0.992, 57, 253, 120, 284
-0.992001, 121, 145, 184, 176
-0.992004, 137, 133, 200, 164
-0.992008, 49, 413, 112, 444
-0.992022, 177, 241, 240, 272
-0.992025, 129, 1, 192, 32
-0.99203, 73, 421, 136, 452
-0.992057, 1, 365, 64, 396
-0.992082, 225, 77, 256, 108
-0.992096, 165, 97, 196, 224
-0.992105, 177, 189, 208, 220
-0.992123, 1, 401, 256, 464
-0.99213, 61, 281, 92, 312
-0.992183, 189, 257, 220, 384
-0.992208, 301, 193, 332, 224
-0.992215, 201, 33, 232, 160
-0.992247, 33, 113, 288, 176
-0.992283, 113, 213, 144, 244
-0.992307, 33, 201, 288, 264
-0.992326, 33, 321, 288, 384
-0.992331, 57, 425, 88, 456
-0.992472, 37, 345, 68, 376
-0.9925, 65, 249, 320, 312
-0.992528, 13, 401, 44, 432
-0.992529, 61, 229, 92, 260
-0.992542, 225, 117, 256, 148
-0.992543, 57, 401, 88, 432
-0.992553, 177, 201, 208, 232
-0.99257, 301, 177, 332, 208
-0.992613, 249, 337, 280, 368
-0.992615, 209, 141, 240, 172
-0.992637, 177, 217, 208, 248
-0.992682, 29, 365, 60, 396
-0.992685, 41, 237, 72, 268
-0.992685, 1, 169, 333, 232
-0.992772, 225, 229, 256, 260
-0.992779, 205, 273, 236, 400
-0.992796, 45, 425, 76, 456
-0.992819, 241, 389, 272, 420
-0.992821, 157, 181, 188, 212
-0.992824, 49, 461, 80, 492
-0.992827, 261, 149, 292, 180
-0.992886, 241, 137, 272, 168
-0.992889, 153, 453, 184, 484
-0.992896, 177, 173, 208, 204
-0.992925, 65, 169, 320, 232
-0.992926, 81, 213, 112, 244
-0.992929, 253, 313, 284, 344
-0.992934, 1, 433, 333, 496
-0.992945, 1, 113, 128, 176
-0.992958, 225, 409, 256, 440
-0.992958, 189, 229, 220, 260
-0.992979, 217, 429, 248, 460
-0.992983, 225, 105, 256, 136
-0.992983, 137, 253, 168, 284
-0.992988, 261, 229, 292, 260
-0.993028, 245, 149, 276, 180
-0.993037, 225, 365, 256, 396
-0.993049, 289, 197, 320, 228
-0.993063, 265, 297, 296, 328
-0.993071, 277, 233, 308, 264
-0.993097, 17, 385, 48, 416
-0.9931, 45, 217, 76, 248
-0.993107, 61, 217, 92, 248
-0.993113, 149, 249, 180, 280
-0.993125, 25, 461, 56, 492
-0.993141, 249, 233, 280, 264
-0.993141, 213, 417, 244, 448
-0.993152, 209, 229, 240, 260
-0.993165, 157, 269, 188, 300
-0.99317, 45, 401, 76, 432
-0.993197, 165, 253, 196, 284
-0.99322, 205, 109, 236, 140
-0.993228, 205, 89, 236, 120
-0.993228, 193, 125, 224, 156
-0.993234, 37, 461, 68, 492
-0.993245, 53, 297, 84, 328
-0.993259, 237, 233, 268, 264
-0.993262, 209, 129, 240, 160
-0.993266, 61, 469, 92, 500
-0.993268, 213, 77, 244, 108
-0.993268, 261, 329, 292, 360
-0.993272, 1, 145, 333, 208
-0.993296, 189, 465, 220, 496
-0.993316, 265, 69, 296, 100
-0.993331, 17, 1, 80, 256
-0.993332, 41, 413, 72, 444
-0.993342, 45, 313, 76, 344
-0.99335, 65, 269, 96, 300
-0.99336, 277, 193, 308, 224
-0.993362, 241, 361, 272, 392
-0.99337, 61, 393, 76, 456
-0.993372, 17, 345, 48, 376
-0.993375, 9, 81, 72, 208
-0.99339, 173, 265, 204, 296
-0.993392, 165, 201, 196, 232
-0.993393, 285, 69, 316, 100
-0.9934, 61, 241, 92, 272
-0.993415, 229, 145, 260, 176
-0.993416, 249, 81, 280, 112
-0.993419, 49, 113, 176, 176
-0.993422, 133, 469, 164, 500
-0.993431, 97, 221, 128, 252
-0.993443, 237, 401, 268, 432
-0.993444, 65, 389, 96, 420
-0.993459, 285, 165, 316, 196
-0.993464, 209, 321, 240, 448
-0.993479, 33, 81, 288, 144
-0.993479, 281, 153, 312, 184
-0.99349, 69, 425, 100, 456
-0.993504, 17, 273, 48, 304
-0.993511, 205, 453, 236, 484
-0.993523, 1, 273, 32, 304
-0.993531, 253, 301, 284, 332
-0.993537, 33, 429, 64, 460
-0.99354, 97, 441, 128, 472
-0.993541, 133, 273, 164, 304
-0.993545, 241, 273, 272, 400
-0.993554, 65, 413, 96, 444
-0.993561, 65, 81, 192, 144
-0.993585, 13, 425, 44, 456
-0.993592, 93, 209, 124, 240
-0.993608, 193, 217, 224, 248
-0.993614, 29, 449, 60, 480
-0.993615, 141, 453, 172, 484
-0.993618, 161, 233, 192, 264
-0.993624, 49, 261, 80, 292
-0.993634, 77, 201, 108, 232
-0.993638, 245, 349, 276, 380
-0.993648, 225, 377, 256, 408
-0.993648, 181, 145, 212, 176
-0.993651, 225, 65, 256, 96
-0.993662, 129, 413, 160, 444
-0.993664, 85, 241, 116, 368
-0.993678, 17, 369, 48, 400
-0.993681, 197, 77, 228, 108
-0.993681, 197, 433, 228, 464
-0.993682, 177, 161, 208, 192
-0.993687, 297, 165, 328, 196
-0.993687, 137, 25, 168, 56
-0.993688, 109, 201, 140, 232
-0.993689, 241, 377, 272, 408
-0.9937, 197, 173, 228, 204
-0.993701, 125, 217, 156, 248
-0.993706, 225, 113, 240, 176
-0.993706, 213, 441, 244, 472
-0.993709, 145, 25, 272, 88
-0.993713, 9, 413, 40, 444
-0.993733, 229, 341, 260, 372
-0.993735, 65, 253, 96, 284
-0.993739, 153, 37, 184, 68
-0.993757, 221, 129, 252, 160
-0.993761, 49, 389, 80, 420
-0.993773, 253, 137, 284, 168
-0.993774, 273, 221, 304, 252
-0.993777, 273, 181, 304, 212
-0.993782, 33, 57, 288, 120
-0.993782, 173, 233, 204, 264
-0.993785, 1, 249, 333, 312
-0.993786, 97, 453, 128, 484
-0.993884, 303, 169, 318, 232
-0.993889, 67, 385, 82, 448
-0.993924, 93, 49, 124, 176
-0.993985, 113, 217, 240, 248
-0.993987, 225, 1, 288, 128
-0.994052, 65, 257, 80, 320
-0.994062, 213, 33, 244, 160
-0.994094, 157, 49, 188, 176
-0.994144, 25, 177, 56, 304
-0.994154, 49, 305, 64, 368
-0.994155, 177, 145, 304, 176
-0.994195, 1, 409, 333, 472
-0.9942, 267, 289, 282, 352
-0.994236, 5, 321, 36, 448
-0.994236, 31, 361, 46, 424
-0.994241, 1, 57, 333, 120
-0.994303, 23, 377, 38, 440
-0.994356, 1, 193, 333, 256
-0.99437, 293, 177, 308, 240
-0.994408, 55, 401, 70, 464
-0.994449, 177, 229, 304, 260
-0.99446, 121, 113, 152, 240
-0.994501, 121, 49, 152, 176
-0.994515, 17, 385, 32, 448
-0.994536, 113, 465, 240, 496
-0.994573, 145, 321, 208, 448
-0.994579, 219, 121, 234, 184
-0.994598, 51, 433, 66, 496
-0.994629, 219, 417, 234, 480
-0.994636, 225, 129, 256, 384
-0.99467, 1, 425, 128, 456
-0.994687, 155, 241, 170, 304
-0.994763, 39, 337, 54, 400
-0.99478, 49, 277, 176, 308
-0.994812, 197, 129, 228, 384
-0.994814, 49, 257, 176, 288
-0.994824, 49, 457, 176, 488
-0.994828, 229, 401, 244, 464
-0.994832, 49, 213, 176, 244
-0.994865, 309, 169, 324, 232
-0.994866, 177, 65, 208, 192
-0.99487, 233, 113, 248, 176
-0.994874, 287, 193, 302, 256
-0.99495, 45, 417, 60, 480
-0.994972, 217, 81, 232, 144
-0.994985, 129, 369, 160, 496
-0.995002, 49, 9, 176, 72
-0.995028, 113, 205, 240, 236
-0.995049, 1, 121, 333, 184
-0.995072, 59, 281, 74, 344
-0.995076, 243, 113, 258, 176
-0.995106, 193, 185, 320, 216
-0.995119, 149, 249, 164, 312
-0.995133, 175, 185, 190, 248
-0.995164, 277, 1, 308, 128
-0.995171, 177, 169, 304, 200
-0.99519, 1, 469, 128, 500
-0.995197, 251, 337, 266, 400
-0.9952, 49, 229, 176, 260
-0.995238, 1, 17, 128, 144
-0.995252, 49, 433, 176, 464
-0.995252, 315, 169, 330, 232
-0.995265, 253, 129, 268, 192
-0.995281, 193, 197, 320, 228
-0.995292, 289, 129, 320, 384
-0.995312, 1, 273, 128, 304
-0.995331, 169, 177, 184, 240
-0.995331, 209, 97, 240, 352
-0.995336, 49, 33, 176, 96
-0.995353, 209, 401, 333, 432
-0.995366, 231, 73, 246, 136
-0.995368, 239, 385, 254, 448
-0.995371, 209, 73, 333, 104
-0.995372, 145, 133, 272, 164
-0.995383, 113, 181, 240, 212
-0.995401, 265, 313, 280, 376
-0.995417, 241, 225, 256, 288
-0.995418, 301, 33, 332, 160
-0.99543, 1, 413, 128, 444
-0.995448, 245, 353, 260, 416
-0.995452, 65, 1, 320, 64
-0.995462, 129, 229, 256, 260
-0.995462, 81, 321, 208, 448
-0.995465, 211, 433, 226, 496
-0.995469, 1, 393, 128, 424
-0.995487, 213, 121, 228, 184
-0.99551, 297, 153, 312, 216
-0.995511, 1, 437, 128, 468
-0.995525, 193, 449, 320, 480
-0.995536, 81, 141, 208, 172
-0.995537, 193, 425, 320, 456
-0.99554, 253, 225, 284, 480
-0.995555, 113, 445, 240, 476
-0.995581, 221, 225, 236, 288
-0.995622, 119, 425, 134, 488
-0.995643, 209, 129, 333, 160
-0.995654, 215, 225, 230, 288
-0.995657, 185, 161, 216, 416
-0.995702, 193, 305, 320, 336
-0.995707, 193, 157, 320, 188
-0.995711, 209, 389, 333, 420
-0.995718, 195, 225, 210, 288
-0.995723, 265, 225, 296, 480
-0.995724, 49, 421, 176, 452
-0.995739, 49, 245, 176, 276
-0.995744, 129, 433, 256, 464
-0.99575, 67, 409, 82, 472
-0.995754, 157, 161, 188, 416
-0.995771, 45, 161, 76, 416
-0.995781, 237, 129, 268, 384
-0.995809, 129, 265, 256, 296
-0.995813, 259, 305, 274, 368
-0.995826, 281, 225, 296, 288
-0.995832, 161, 257, 176, 320
-0.995837, 253, 225, 268, 288
-0.99585, 299, 193, 314, 256
-0.995866, 257, 129, 288, 384
-0.995866, 179, 257, 194, 320
-0.99587, 33, 337, 48, 400
-0.995886, 129, 421, 256, 452
-0.995887, 229, 217, 244, 280
-0.995892, 11, 401, 26, 464
-0.995912, 113, 277, 240, 308
-0.995918, 207, 225, 222, 288
-0.99592, 271, 313, 286, 376
-0.995943, 129, 249, 256, 280
-0.995948, 25, 257, 56, 500
-0.995948, 247, 225, 262, 288
-0.995951, 239, 137, 254, 200
-0.995958, 263, 225, 278, 288
-0.99597, 289, 225, 304, 288
-0.995973, 33, 289, 160, 320
-0.995982, 113, 193, 240, 224
-0.995984, 73, 377, 88, 440
-0.995993, 235, 225, 250, 288
-0.995999, 113, 153, 240, 184
-0.996005, 277, 289, 292, 352
-0.996013, 5, 273, 20, 336
-0.996014, 117, 257, 148, 384
-0.996016, 187, 161, 202, 224
-0.996017, 209, 85, 333, 116
-0.996026, 49, 201, 176, 232
-0.996038, 33, 33, 288, 96
-0.996041, 237, 225, 268, 480
-0.996041, 133, 81, 164, 208
-0.996045, 163, 169, 178, 232
-0.996046, 61, 417, 76, 480
-0.996046, 59, 257, 74, 320
-0.996058, 209, 413, 333, 444
-0.996069, 45, 217, 60, 280
-0.996071, 161, 117, 288, 148
-0.99608, 193, 437, 320, 468
-0.99608, 193, 209, 320, 240
-0.996083, 225, 137, 240, 200
-0.996088, 259, 137, 274, 200
-0.996091, 247, 73, 262, 136
-0.996108, 275, 225, 290, 288
-0.996115, 309, 193, 324, 256
-0.996131, 261, 17, 292, 144
-0.996135, 233, 137, 248, 200
-0.996136, 97, 165, 224, 196
-0.996157, 169, 161, 200, 416
-0.996177, 17, 357, 144, 388
-0.996212, 199, 161, 214, 224
-0.996212, 155, 433, 170, 496
-0.996214, 45, 329, 60, 392
-0.996231, 205, 369, 236, 496
-0.996232, 239, 73, 254, 136
-0.996232, 57, 233, 72, 296
-0.996234, 65, 209, 80, 272
-0.996248, 173, 265, 188, 328
-0.996256, 39, 433, 54, 496
-0.996265, 157, 153, 172, 216
-0.996271, 97, 37, 224, 68
-0.996289, 209, 337, 333, 368
-0.99629, 129, 409, 256, 440
-0.996293, 269, 225, 284, 288
-0.996301, 209, 241, 333, 272
-0.996302, 177, 293, 304, 324
-0.996315, 111, 425, 126, 488
-0.996316, 209, 117, 333, 148
-0.996316, 33, 309, 160, 340
-0.996327, 1, 457, 128, 488
-0.996331, 85, 193, 100, 256
-0.996357, 157, 1, 172, 64
-0.996372, 177, 209, 192, 272
-0.996374, 71, 265, 86, 328
-0.996384, 197, 185, 212, 248
-0.996386, 257, 329, 272, 392
-0.996395, 161, 353, 288, 384
-0.9964, 245, 33, 276, 288
-0.996404, 65, 153, 192, 184
-0.996412, 1, 81, 333, 144
-0.996416, 143, 257, 158, 320
-0.996429, 49, 257, 80, 500
-0.996431, 49, 469, 176, 500
-0.996437, 49, 409, 176, 440
-0.996443, 201, 225, 216, 288
-0.99645, 253, 81, 268, 144
-0.996451, 161, 281, 288, 312
-0.996452, 209, 265, 333, 296
-0.996453, 57, 161, 88, 416
-0.996464, 145, 77, 272, 108
-0.996472, 1, 209, 128, 240
-0.996476, 11, 265, 26, 328
-0.996477, 17, 409, 32, 472
-0.996482, 277, 193, 308, 448
-0.996483, 161, 377, 288, 408
-0.996486, 225, 89, 240, 152
-0.996497, 209, 277, 333, 308
-0.996543, 73, 417, 88, 480
-0.996546, 143, 225, 158, 288
-0.996547, 99, 193, 114, 256
-0.996565, 17, 333, 144, 364
-0.996566, 97, 129, 224, 160
-0.996568, 17, 321, 144, 352
-0.996571, 161, 365, 288, 396
-0.996597, 233, 33, 264, 288
-0.996599, 77, 369, 108, 496
-0.996599, 311, 65, 326, 128
-0.996607, 105, 433, 120, 496
-0.996609, 31, 433, 46, 496
-0.996617, 167, 265, 182, 328
-0.996622, 169, 241, 184, 304
-0.996626, 37, 249, 52, 312
-0.996628, 149, 145, 164, 208
-0.996636, 267, 73, 282, 136
-0.996639, 247, 145, 262, 208
-0.996653, 117, 1, 148, 128
-0.996657, 65, 445, 192, 476
-0.996671, 145, 89, 272, 120
-0.996681, 209, 193, 240, 448
-0.996698, 129, 65, 256, 96
-0.996703, 1, 261, 128, 292
-0.996704, 31, 265, 46, 328
-0.996718, 261, 81, 276, 144
-0.996725, 177, 105, 304, 136
-0.996735, 161, 333, 288, 364
-0.996741, 187, 201, 202, 264
-0.996741, 127, 185, 142, 248
-0.996742, 193, 317, 320, 348
-0.996742, 273, 33, 304, 288
-0.996748, 287, 169, 302, 232
-0.99675, 177, 461, 304, 492
-0.996751, 53, 169, 68, 232
-0.996764, 233, 361, 248, 424
-0.996766, 17, 345, 144, 376
-0.996766, 145, 393, 272, 424
-0.996774, 1, 381, 128, 412
-0.996775, 77, 257, 92, 320
-0.996776, 97, 49, 224, 80
-0.996793, 151, 217, 166, 280
-0.996795, 293, 201, 308, 264
-0.9968, 53, 281, 68, 344
-0.996803, 125, 161, 156, 416
-0.996805, 181, 233, 196, 296
-0.99681, 33, 181, 160, 212
-0.996811, 209, 253, 333, 284
-0.996814, 161, 1, 192, 256
-0.996819, 265, 145, 280, 208
-0.996823, 43, 393, 58, 456
-0.996827, 209, 357, 333, 388
-0.996829, 161, 233, 176, 296
-0.996833, 205, 137, 220, 200
-0.996835, 251, 105, 266, 168
-0.996835, 177, 61, 304, 92
-0.996843, 137, 249, 152, 312
-0.996851, 75, 233, 90, 296
-0.996865, 281, 177, 296, 240
-0.996872, 201, 97, 216, 160
-0.996891, 97, 25, 224, 56
-0.996891, 301, 129, 332, 384
-0.996906, 193, 25, 320, 88
-0.996908, 137, 129, 168, 384
-0.996931, 65, 353, 192, 416
-0.996969, 113, 101, 240, 132
-0.997024, 145, 1, 176, 256
-0.997069, 17, 369, 144, 400
-0.997096, 37, 257, 68, 500
-0.997104, 225, 225, 256, 480
-0.997146, 89, 369, 152, 496
-0.997159, 17, 57, 144, 120
-0.997167, 31, 365, 46, 396
-0.9972, 61, 397, 76, 428
-0.997211, 1, 197, 128, 228
-0.997252, 221, 33, 252, 288
-0.997287, 101, 241, 132, 368
-0.997299, 113, 117, 240, 148
-0.997299, 33, 169, 160, 200
-0.997311, 257, 33, 288, 288
-0.997335, 1, 221, 128, 252
-0.997348, 151, 253, 166, 284
-0.99735, 293, 225, 324, 480
-0.997398, 59, 417, 74, 448
-0.9974, 69, 161, 100, 416
-0.997403, 1, 33, 333, 96
-0.997418, 65, 61, 192, 92
-0.997434, 209, 369, 333, 400
-0.997446, 113, 5, 240, 36
-0.997473, 65, 73, 192, 104
-0.997482, 49, 429, 64, 460
-0.997485, 41, 349, 56, 380
-0.99749, 89, 1, 120, 128
-0.997502, 113, 129, 144, 384
-0.997513, 13, 257, 44, 500
-0.997523, 33, 141, 160, 172
-0.997523, 177, 65, 208, 320
-0.997539, 15, 397, 30, 428
-0.997541, 157, 261, 172, 292
-0.997549, 193, 33, 224, 288
-0.997565, 65, 413, 80, 444
-0.997579, 89, 97, 120, 224
-0.997582, 101, 97, 132, 224
-0.997591, 93, 161, 124, 416
-0.997609, 23, 385, 38, 416
-0.997612, 209, 1, 333, 32
-0.997617, 1, 249, 128, 280
-0.99762, 229, 413, 244, 444
-0.997659, 61, 285, 76, 316
-0.997669, 49, 397, 176, 428
-0.997672, 149, 265, 164, 296
-0.997677, 109, 49, 140, 176
-0.997681, 197, 225, 228, 480
-0.997684, 97, 289, 224, 320
-0.997697, 141, 225, 172, 480
-0.997706, 97, 89, 224, 120
-0.997725, 219, 433, 234, 464
-0.99775, 161, 257, 192, 500
-0.997763, 71, 273, 86, 304
-0.997766, 253, 341, 268, 372
-0.997768, 65, 9, 192, 40
-0.997782, 303, 173, 318, 204
-0.997792, 243, 389, 258, 420
-0.997794, 173, 185, 188, 216
-0.9978, 161, 33, 288, 64
-0.997805, 217, 129, 232, 160
-0.997812, 289, 181, 304, 212
-0.997821, 315, 197, 330, 228
-0.997827, 49, 313, 64, 344
-0.997831, 245, 69, 260, 100
-0.997833, 267, 313, 282, 344
-0.997847, 53, 409, 68, 440
-0.997864, 161, 5, 288, 36
-0.997888, 301, 33, 332, 288
-0.9979, 219, 421, 234, 452
-0.997903, 251, 137, 266, 168
-0.997906, 49, 457, 64, 488
-0.997909, 295, 185, 310, 216
-0.997912, 253, 69, 268, 100
-0.99792, 67, 389, 82, 420
-0.997928, 211, 449, 226, 480
-0.997929, 1, 129, 128, 160
-0.99793, 241, 229, 256, 260
-0.997936, 1, 257, 32, 500
-0.997936, 157, 249, 172, 280
-0.997939, 81, 129, 112, 384
-0.99794, 235, 405, 250, 436
-0.997945, 305, 193, 320, 224
-0.997946, 111, 213, 126, 244
-0.99795, 1, 237, 128, 268
-0.99795, 227, 77, 242, 108
-0.997956, 301, 289, 332, 416
-0.997961, 157, 453, 172, 484
-0.997973, 65, 385, 192, 416
-0.99798, 43, 457, 58, 488
-0.997989, 229, 225, 244, 256
-0.998008, 49, 45, 176, 76
-0.998014, 257, 145, 272, 176
-0.998017, 177, 49, 304, 80
-0.998028, 49, 441, 64, 472
-0.998031, 235, 229, 250, 260
-0.998035, 65, 105, 192, 136
-0.998037, 53, 301, 68, 332
-0.998037, 49, 129, 176, 160
-0.998037, 223, 121, 238, 152
-0.998037, 177, 289, 208, 416
-0.998038, 281, 185, 296, 216
-0.998039, 173, 257, 204, 500
-0.99805, 255, 233, 270, 264
-0.99805, 105, 225, 120, 256
-0.998051, 273, 149, 288, 180
-0.998054, 119, 209, 134, 240
-0.998054, 261, 301, 276, 332
-0.998056, 259, 69, 274, 100
-0.998059, 65, 425, 80, 456
-0.998059, 43, 441, 58, 472
-0.99806, 1, 157, 128, 188
-0.998065, 71, 421, 86, 452
-0.998068, 75, 213, 90, 244
-0.998081, 295, 197, 310, 228
-0.998084, 67, 401, 82, 432
-0.998091, 45, 237, 60, 268
-0.998098, 249, 233, 264, 264
-0.998102, 273, 229, 288, 260
-0.998104, 283, 233, 298, 264
-0.998112, 69, 217, 84, 248
-0.998115, 195, 229, 210, 260
-0.998128, 133, 1, 164, 256
-0.998133, 311, 177, 326, 208
-0.998136, 267, 301, 282, 332
-0.998137, 263, 145, 278, 176
-0.998137, 287, 197, 302, 228
-0.998143, 147, 465, 162, 496
-0.998145, 73, 389, 88, 420
-0.998146, 125, 201, 140, 232
-0.998147, 49, 433, 112, 448
-0.998147, 217, 77, 232, 108
-0.998148, 205, 457, 220, 488
-0.99815, 217, 229, 232, 260
-0.998151, 167, 173, 182, 204
-0.998158, 39, 333, 54, 364
-0.998169, 63, 217, 78, 248
-0.998171, 65, 117, 192, 148
-0.998171, 55, 433, 70, 464
-0.998172, 113, 301, 240, 332
-0.998174, 237, 69, 252, 100
-0.998174, 175, 269, 190, 300
-0.998181, 265, 77, 280, 108
-0.998188, 61, 257, 76, 288
-0.99819, 271, 325, 286, 356
-0.99819, 21, 405, 36, 436
-0.998199, 25, 273, 88, 288
-0.998205, 153, 185, 216, 200
-0.998206, 299, 161, 314, 192
-0.998213, 97, 209, 112, 240
-0.998215, 35, 353, 50, 384
-0.998216, 1, 277, 16, 308
-0.998219, 145, 321, 272, 352
-0.998221, 317, 185, 332, 216
-0.998222, 213, 141, 228, 172
-0.998223, 13, 161, 44, 416
-0.998231, 65, 229, 80, 260
-0.998234, 151, 453, 166, 484
-0.998234, 237, 369, 252, 400
-0.998235, 143, 261, 158, 292
-0.998237, 61, 257, 92, 500
-0.998239, 217, 89, 232, 120
-0.99824, 247, 357, 262, 388
-0.99824, 43, 429, 58, 460
-0.998243, 65, 269, 80, 300
-0.998243, 225, 141, 240, 172
-0.998244, 265, 333, 280, 364
-0.998245, 211, 229, 226, 260
-0.99825, 9, 433, 72, 448
-0.998255, 241, 235, 304, 250
-0.998256, 167, 261, 182, 292
-0.998267, 273, 369, 304, 496
-0.99827, 137, 467, 200, 482
-0.998272, 57, 285, 120, 300
-0.998272, 247, 149, 262, 180
-0.998284, 75, 225, 90, 256
-0.998287, 105, 209, 120, 240
-0.998291, 57, 465, 72, 496
-0.998294, 49, 305, 112, 432
-0.998295, 175, 197, 190, 228
-0.998296, 131, 213, 146, 244
-0.998298, 229, 97, 244, 128
-0.9983, 141, 273, 172, 400
-0.998302, 73, 223, 136, 238
-0.998306, 139, 469, 154, 500
-0.998307, 15, 409, 30, 440
-0.998307, 143, 277, 158, 308
-0.998308, 289, 233, 304, 264
-0.99831, 29, 461, 44, 492
-0.99831, 145, 253, 208, 268
-0.998314, 193, 231, 256, 246
-0.99832, 145, 269, 208, 284
-0.998331, 267, 229, 282, 260
-0.998337, 245, 137, 260, 168
-0.998339, 115, 433, 130, 464
-0.998339, 271, 73, 286, 104
-0.998341, 85, 201, 100, 232
-0.998345, 285, 33, 316, 288
-0.998349, 47, 337, 62, 368
-0.998351, 223, 229, 238, 260
-0.998353, 189, 169, 204, 200
-0.998354, 151, 241, 166, 272
-0.998355, 187, 197, 202, 228
-0.998361, 227, 109, 242, 140
-0.998364, 225, 73, 288, 88
-0.998366, 49, 85, 176, 116
-0.998366, 167, 461, 182, 492
-0.998366, 153, 191, 216, 206
-0.998368, 237, 145, 252, 176
-0.998371, 259, 81, 274, 112
-0.998381, 49, 33, 176, 64
-0.998381, 217, 229, 280, 244
-0.998381, 201, 145, 264, 160
-0.998382, 9, 403, 72, 418
-0.998391, 161, 21, 288, 52
-0.998391, 217, 273, 248, 400
-0.998396, 97, 1, 128, 256
-0.998396, 25, 467, 88, 482
-0.998401, 97, 223, 160, 238
-0.998408, 33, 427, 96, 442
-0.998409, 129, 275, 192, 290
-0.998411, 33, 161, 64, 416
-0.998414, 225, 121, 288, 136
-0.998418, 273, 191, 333, 206
-0.998424, 177, 225, 240, 240
-0.998425, 33, 259, 96, 274
-0.998425, 225, 83, 288, 98
-0.998433, 137, 221, 200, 236
-0.998442, 137, 261, 200, 276
-0.998447, 257, 153, 320, 168
-0.998454, 65, 279, 128, 294
-0.998464, 237, 17, 268, 144
-0.99847, 241, 385, 272, 400
-0.99847, 145, 277, 176, 292
-0.998471, 241, 77, 272, 92
-0.998471, 165, 273, 196, 288
-0.998472, 45, 231, 76, 246
-0.998474, 261, 335, 292, 350
-0.998474, 61, 245, 92, 260
-0.998475, 217, 423, 248, 438
-0.998475, 273, 183, 333, 198
-0.998476, 33, 403, 64, 418
-0.998476, 249, 83, 280, 98
-0.998476, 201, 77, 264, 92
-0.998476, 9, 371, 40, 386
-0.998477, 49, 313, 80, 328
-0.998477, 161, 201, 192, 216
-0.998477, 185, 463, 216, 478
-0.998478, 213, 121, 244, 136
-0.998479, 257, 303, 320, 318
-0.998479, 45, 319, 76, 334
-0.998479, 245, 297, 276, 312
-0.99848, 21, 387, 52, 402
-0.99848, 225, 413, 288, 428
-0.99848, 193, 225, 224, 240
-0.998481, 53, 301, 84, 316
-0.998481, 225, 377, 256, 392
-0.998483, 153, 177, 184, 192
-0.998483, 65, 395, 96, 410
-0.998484, 65, 259, 96, 274
-0.998484, 45, 225, 76, 240
-0.998484, 241, 365, 272, 380
-0.998485, 153, 457, 184, 472
-0.998486, 57, 293, 88, 308
-0.998486, 25, 367, 88, 382
-0.998486, 129, 473, 160, 488
-0.998486, 193, 137, 224, 152
-0.998486, 205, 231, 236, 246
-0.998486, 205, 91, 236, 106
-0.998487, 253, 233, 284, 248
-0.998488, 225, 371, 256, 386
-0.99849, 153, 197, 216, 212
-0.998491, 221, 73, 252, 88
-0.998491, 9, 413, 40, 428
-0.998491, 149, 249, 180, 264
-0.998492, 185, 139, 248, 154
-0.998494, 289, 201, 320, 216
-0.998495, 81, 209, 112, 224
-0.998495, 281, 155, 312, 170
-0.998496, 265, 77, 296, 92
-0.998497, 265, 303, 296, 318
-0.998497, 277, 235, 308, 250
-0.998497, 225, 105, 256, 120
-0.998498, 61, 217, 92, 232
-0.998499, 141, 457, 172, 472
-0.998501, 197, 443, 228, 458
-0.998501, 229, 349, 260, 364
-0.998501, 97, 223, 128, 238
-0.998502, 61, 287, 92, 302
-0.998504, 133, 265, 164, 280
-0.998506, 241, 141, 272, 156
-0.998508, 225, 365, 256, 380
-0.998508, 201, 119, 264, 134
-0.998508, 89, 213, 152, 228
-0.99851, 49, 437, 80, 452
-0.998511, 13, 279, 44, 294
-0.998511, 205, 425, 236, 440
-0.998512, 17, 397, 80, 412
-0.998512, 61, 229, 92, 244
-0.998512, 213, 433, 244, 448
-0.998512, 165, 463, 196, 478
-0.998513, 49, 403, 112, 418
-0.998513, 1, 275, 32, 290
-0.998513, 237, 405, 268, 420
-0.998514, 45, 407, 76, 422
-0.998514, 257, 315, 288, 330
-0.998515, 57, 223, 88, 238
-0.998516, 229, 147, 260, 162
-0.998516, 153, 203, 216, 218
-0.998517, 33, 267, 96, 282
-0.998518, 1, 85, 128, 116
-0.998518, 65, 427, 96, 442
-0.998519, 161, 189, 192, 204
-0.998519, 1, 117, 128, 148
-0.998519, 153, 179, 216, 194
-0.99852, 241, 391, 272, 406
-0.998521, 225, 415, 256, 430
-0.998521, 45, 219, 76, 234
-0.998522, 241, 235, 272, 250
-0.998522, 65, 477, 96, 492
-0.998523, 241, 151, 272, 166
-0.998524, 245, 307, 276, 322
-0.998524, 17, 387, 80, 402
-0.998525, 17, 355, 48, 370
-0.998526, 17, 61, 144, 92
-0.998526, 41, 237, 72, 252
-0.998526, 37, 359, 68, 374
-0.998526, 189, 231, 220, 246
-0.998527, 177, 227, 208, 242
-0.998527, 157, 183, 188, 198
-0.998529, 25, 439, 88, 454
-0.99853, 29, 367, 60, 382
-0.998531, 33, 253, 96, 268
-0.998531, 241, 399, 272, 414
-0.998532, 217, 135, 280, 150
-0.998532, 177, 179, 208, 194
-0.998534, 45, 465, 76, 480
-0.998534, 53, 473, 84, 488
-0.998535, 61, 401, 92, 416
-0.998536, 249, 341, 280, 356
-0.998538, 113, 213, 144, 228
-0.998539, 17, 401, 48, 416
-0.998539, 301, 191, 332, 206
-0.998539, 153, 451, 184, 466
-0.998541, 57, 267, 120, 282
-0.998542, 97, 453, 128, 468
-0.998542, 33, 347, 96, 362
-0.998542, 141, 467, 172, 482
-0.998544, 33, 229, 96, 244
-0.998545, 117, 219, 148, 234
-0.998548, 233, 395, 296, 410
-0.99855, 273, 71, 304, 86
-0.998552, 33, 461, 64, 476
-0.998553, 41, 255, 72, 270
-0.998556, 9, 409, 72, 424
-0.998556, 9, 407, 40, 422
-0.998556, 61, 433, 92, 448
-0.998558, 157, 267, 188, 282
-0.998559, 145, 265, 176, 280
-0.99856, 173, 215, 204, 230
-0.998563, 173, 221, 204, 236
-0.998563, 301, 179, 332, 194
-0.998564, 233, 405, 296, 420
-0.998565, 261, 151, 292, 166
-0.998566, 161, 465, 224, 480
-0.998567, 37, 433, 68, 448
-0.99857, 265, 197, 328, 212
-0.99857, 177, 205, 208, 220
-0.998571, 41, 243, 72, 258
-0.998572, 249, 71, 280, 86
-0.998572, 209, 143, 240, 158
-0.998574, 153, 463, 184, 478
-0.998576, 49, 401, 80, 416
-0.998577, 301, 201, 332, 216
-0.998581, 273, 203, 333, 218
-0.998582, 1, 33, 128, 96
-0.998582, 225, 119, 256, 134
-0.998585, 177, 185, 208, 200
-0.998585, 57, 407, 88, 422
-0.998586, 265, 233, 296, 248
-0.998588, 137, 215, 200, 230
-0.998589, 53, 413, 84, 428
-0.998591, 285, 195, 316, 210
-0.998597, 257, 159, 320, 174
-0.998597, 41, 249, 72, 264
-0.998598, 161, 457, 224, 472
-0.998599, 41, 217, 104, 232
-0.998602, 121, 1, 152, 256
-0.998604, 49, 209, 112, 224
-0.998605, 233, 389, 296, 404
-0.998606, 33, 243, 96, 258
-0.998606, 177, 193, 208, 208
-0.998607, 233, 369, 296, 384
-0.998611, 49, 431, 80, 446
-0.998614, 49, 21, 176, 52
-0.998616, 121, 269, 184, 284
-0.998618, 221, 79, 252, 94
-0.99862, 225, 149, 288, 164
-0.998621, 33, 237, 96, 252
-0.998622, 37, 349, 68, 364
-0.998622, 145, 227, 208, 242
-0.998623, 65, 281, 96, 296
-0.998624, 249, 123, 312, 138
-0.998627, 185, 97, 248, 112
-0.998632, 153, 209, 216, 224
-0.998636, 257, 297, 320, 312
-0.998637, 137, 235, 200, 250
-0.998639, 1, 427, 64, 442
-0.99864, 177, 369, 208, 496
-0.998643, 169, 269, 232, 284
-0.998643, 177, 199, 208, 214
-0.998644, 221, 229, 252, 244
-0.998645, 161, 165, 224, 180
-0.998645, 25, 473, 88, 488
-0.998645, 57, 261, 120, 276
-0.99865, 73, 207, 136, 222
-0.998657, 265, 171, 328, 186
-0.998658, 9, 243, 72, 258
-0.998659, 145, 271, 176, 286
-0.99866, 281, 185, 312, 200
-0.998662, 113, 455, 176, 470
-0.998664, 185, 257, 216, 500
-0.998665, 53, 425, 84, 440
-0.998666, 233, 383, 296, 398
-0.998667, 153, 171, 216, 186
-0.998668, 57, 475, 120, 490
-0.998671, 273, 177, 333, 192
-0.998672, 25, 461, 88, 476
-0.998672, 1, 161, 32, 416
-0.998673, 9, 237, 72, 252
-0.998674, 49, 291, 112, 306
-0.998675, 265, 77, 328, 92
-0.998675, 177, 189, 240, 204
-0.998676, 177, 183, 240, 198
-0.998677, 233, 375, 296, 390
-0.998677, 49, 301, 112, 316
-0.998678, 1, 331, 64, 346
-0.998679, 9, 249, 72, 264
-0.998681, 145, 247, 208, 262
-0.998681, 129, 473, 192, 488
-0.998685, 177, 203, 240, 218
-0.998685, 25, 361, 88, 376
-0.998685, 201, 387, 264, 402
-0.998686, 57, 229, 120, 244
-0.998686, 1, 277, 64, 292
-0.998689, 249, 339, 312, 354
-0.998689, 73, 257, 104, 500
-0.99869, 17, 381, 80, 396
-0.998691, 169, 231, 232, 246
-0.998693, 273, 71, 333, 86
-0.998697, 33, 223, 96, 238
-0.9987, 17, 73, 144, 104
-0.998703, 177, 429, 240, 444
-0.998705, 233, 315, 296, 330
-0.998705, 9, 349, 72, 364
-0.998706, 257, 147, 320, 162
-0.998707, 161, 259, 224, 274
-0.99871, 217, 127, 280, 142
-0.998711, 233, 363, 296, 378
-0.998715, 201, 379, 264, 394
-0.998716, 153, 451, 216, 466
-0.998723, 1, 485, 64, 500
-0.998725, 217, 419, 280, 434
-0.998729, 17, 289, 80, 304
-0.998734, 201, 359, 264, 374
-0.998735, 177, 439, 240, 454
-0.998736, 1, 45, 128, 76
-0.99874, 129, 183, 192, 198
-0.998741, 225, 141, 288, 156
-0.998746, 177, 213, 240, 228
-0.998747, 193, 177, 256, 192
-0.998747, 249, 129, 312, 144
-0.998749, 41, 315, 104, 330
-0.99875, 257, 229, 320, 244
-0.998752, 17, 375, 80, 390
-0.998761, 205, 1, 236, 256
-0.998762, 1, 97, 128, 128
-0.998802, 59, 241, 74, 368
-0.998827, 239, 97, 254, 224
-0.998836, 297, 145, 312, 272
-0.998841, 161, 369, 192, 496
-0.998844, 249, 65, 264, 192
-0.99885, 233, 81, 248, 208
-0.998865, 65, 369, 80, 496
-0.998875, 285, 193, 300, 320
-0.998898, 77, 81, 108, 208
-0.998898, 215, 65, 230, 192
-0.998906, 1, 81, 128, 144
-0.998932, 175, 209, 190, 336
-0.998942, 151, 225, 166, 352
-0.998945, 29, 353, 44, 480
-0.998945, 265, 273, 280, 400
-0.998946, 225, 81, 240, 208
-0.998952, 273, 209, 288, 336
-0.998955, 279, 225, 294, 352
-0.998956, 17, 369, 32, 496
-0.998964, 1, 1, 333, 64
-0.998965, 39, 337, 54, 464
-0.998982, 245, 337, 260, 464
-0.998982, 49, 289, 64, 416
-0.998984, 143, 225, 158, 352
-0.99899, 195, 209, 210, 336
-0.998997, 291, 209, 306, 336
-0.998999, 23, 369, 38, 496
-0.999004, 235, 209, 250, 336
-0.99901, 315, 177, 330, 304
-0.999015, 197, 161, 212, 288
-0.999016, 71, 369, 86, 496
-0.999027, 261, 65, 276, 192
-0.999033, 169, 161, 184, 288
-0.999034, 157, 241, 172, 368
-0.999038, 59, 369, 74, 496
-0.99904, 251, 321, 266, 448
-0.999047, 41, 225, 56, 352
-0.999048, 279, 177, 294, 304
-0.999049, 217, 209, 232, 336
-0.99905, 265, 225, 280, 352
-0.999054, 201, 209, 216, 336
-0.999054, 235, 369, 250, 496
-0.999057, 65, 257, 80, 384
-0.999057, 271, 273, 286, 400
-0.99906, 239, 49, 254, 176
-0.999069, 255, 81, 270, 208
-0.999072, 109, 33, 140, 288
-0.999073, 181, 225, 196, 352
-0.999078, 257, 321, 272, 448
-0.999088, 53, 369, 68, 496
-0.999088, 229, 209, 244, 336
-0.999091, 257, 225, 272, 352
-0.999094, 223, 209, 238, 336
-0.999098, 285, 241, 300, 368
-0.999099, 229, 129, 244, 256
-0.999099, 137, 209, 152, 336
-0.999108, 141, 1, 156, 128
-0.999108, 211, 209, 226, 336
-0.999111, 129, 257, 160, 500
-0.999111, 67, 209, 82, 336
-0.999112, 245, 369, 276, 496
-0.999113, 303, 161, 318, 288
-0.999114, 269, 65, 284, 192
-0.99912, 291, 129, 306, 256
-0.999128, 245, 113, 260, 240
-0.999133, 185, 161, 200, 288
-0.999144, 25, 129, 56, 256
-0.999149, 147, 177, 162, 304
-0.999154, 249, 225, 264, 352
-0.999155, 167, 257, 182, 384
-0.999156, 169, 209, 184, 336
-0.999159, 223, 129, 238, 256
-0.999172, 53, 161, 68, 288
-0.999178, 241, 209, 256, 336
-0.999182, 273, 161, 288, 288
-0.999184, 175, 257, 190, 384
-0.999185, 205, 65, 220, 192
-0.999188, 309, 145, 324, 272
-0.999188, 131, 209, 146, 336
-0.99919, 203, 145, 218, 272
-0.999191, 189, 209, 204, 336
-0.999205, 79, 145, 94, 272
-0.999205, 285, 145, 300, 272
-0.999208, 277, 273, 292, 400
-0.99921, 33, 257, 48, 384
-0.999211, 297, 193, 312, 320
-0.999212, 275, 65, 290, 192
-0.999214, 163, 209, 178, 336
-0.999221, 311, 225, 326, 352
-0.999229, 229, 353, 244, 480
-0.999229, 47, 209, 62, 336
-0.999233, 259, 273, 274, 400
-0.999241, 125, 161, 140, 288
-0.999243, 73, 209, 88, 336
-0.999245, 1, 257, 16, 384
-0.999249, 251, 129, 266, 256
-0.99925, 153, 177, 168, 304
-0.999252, 263, 145, 278, 272
-0.999253, 65, 145, 80, 272
-0.999255, 195, 113, 210, 240
-0.999261, 55, 289, 70, 416
-0.999262, 303, 241, 318, 368
-0.999263, 293, 257, 308, 384
-0.999263, 209, 129, 224, 256
-0.999269, 147, 1, 162, 128
-0.999271, 253, 273, 268, 400
-0.999271, 163, 161, 178, 288
-0.999276, 119, 193, 134, 320
-0.999277, 19, 321, 34, 448
-0.999279, 143, 129, 158, 256
-0.99928, 191, 161, 206, 288
-0.999282, 53, 241, 68, 368
-0.999289, 85, 193, 100, 320
-0.99929, 269, 113, 284, 240
-0.999292, 257, 145, 272, 272
-0.999294, 89, 129, 104, 256
-0.999299, 111, 193, 126, 320
-0.999303, 23, 225, 38, 352
-0.999303, 59, 161, 74, 288
-0.999306, 297, 65, 312, 192
-0.999306, 177, 113, 192, 240
-0.999309, 105, 177, 120, 304
-0.999318, 221, 369, 236, 496
-0.999318, 275, 113, 290, 240
-0.999326, 193, 33, 208, 160
-0.99933, 189, 113, 204, 240
-0.999331, 235, 145, 250, 272
-0.999334, 135, 129, 150, 256
-0.999334, 93, 193, 108, 320
-0.999336, 61, 97, 92, 224
-0.999337, 175, 161, 190, 288
-0.999345, 263, 321, 278, 448
-0.999346, 187, 257, 202, 384
-0.999347, 45, 337, 60, 464
-0.999347, 77, 33, 108, 288
-0.999353, 25, 305, 40, 432
-0.999354, 7, 257, 22, 384
-0.999359, 95, 129, 110, 256
-0.999365, 135, 1, 150, 128
-0.999365, 159, 17, 174, 144
-0.999474, 293, 185, 308, 200
-0.999477, 201, 231, 216, 246
-0.999479, 289, 237, 304, 252
-0.99948, 113, 225, 128, 240
-0.99948, 237, 373, 252, 388
-0.999481, 53, 311, 68, 326
-0.999484, 191, 169, 206, 184
-0.999485, 73, 229, 88, 244
-0.999485, 209, 457, 224, 472
-0.999485, 63, 217, 78, 232
-0.999488, 71, 405, 86, 420
-0.999489, 179, 467, 194, 482
-0.999491, 265, 233, 280, 248
-0.999491, 29, 277, 44, 292
-0.999492, 225, 77, 240, 92
-0.999494, 99, 453, 114, 468
-0.999494, 127, 213, 142, 228
-0.999498, 71, 433, 86, 448
-0.999502, 225, 431, 240, 446
-0.999505, 267, 153, 282, 168
-0.999509, 245, 369, 260, 384
-0.999509, 69, 477, 84, 492
-0.999513, 301, 169, 316, 184
-0.999515, 45, 241, 60, 256
-0.999515, 249, 151, 264, 166
-0.99952, 51, 441, 66, 456
-0.999522, 243, 149, 258, 164
-0.999522, 235, 143, 250, 158
-0.999523, 71, 393, 86, 408
-0.999526, 13, 411, 28, 426
-0.999528, 275, 153, 290, 168
-0.999529, 277, 233, 292, 248
-0.999535, 301, 203, 316, 218
-0.99954, 243, 73, 258, 88
-0.999541, 253, 235, 268, 250
-0.999546, 21, 393, 36, 408
-0.999548, 219, 77, 234, 92
-0.999548, 61, 471, 76, 486
-0.999552, 173, 187, 188, 202
-0.999553, 195, 231, 210, 246
-0.999554, 167, 179, 182, 194
-0.999556, 217, 231, 232, 246
-0.999557, 275, 69, 290, 84
-0.999559, 259, 233, 274, 248
-0.999562, 271, 233, 286, 248
-0.999564, 225, 121, 240, 136
-0.999564, 309, 195, 324, 210
-0.999565, 49, 317, 64, 332
-0.999567, 75, 223, 90, 238
-0.999568, 283, 235, 298, 250
-0.999568, 65, 269, 80, 284
-0.999569, 41, 433, 56, 448
-0.999571, 263, 311, 278, 326
-0.999574, 43, 459, 58, 474
-0.999575, 5, 277, 20, 292
-0.99958, 109, 453, 124, 468
-0.999582, 213, 139, 228, 154
-0.999582, 143, 469, 158, 484
-0.999586, 229, 145, 244, 160
-0.999586, 105, 225, 136, 480
-0.999588, 271, 75, 286, 90
-0.999588, 55, 305, 70, 320
-0.99959, 57, 423, 72, 438
-0.999591, 263, 337, 278, 352
-0.999592, 39, 343, 54, 358
-0.999594, 213, 451, 228, 466
-0.999596, 59, 295, 74, 310
-0.9996, 253, 343, 268, 358
-0.9996, 243, 393, 258, 408
-0.999602, 17, 399, 32, 414
-0.999603, 257, 155, 272, 170
-0.999604, 39, 439, 54, 454
-0.999607, 57, 413, 72, 428
-0.99961, 49, 427, 64, 442
-0.999613, 157, 271, 172, 286
-0.99962, 101, 225, 116, 240
-0.999623, 245, 235, 260, 250
-0.999624, 65, 429, 80, 444
-0.999635, 257, 307, 272, 322
-0.999642, 31, 351, 46, 366
-0.999643, 295, 197, 310, 212
-0.999645, 145, 267, 160, 282
-0.999646, 63, 225, 78, 240
-0.999655, 239, 231, 254, 246
-0.999658, 155, 463, 170, 478
-0.999658, 25, 385, 40, 400
-0.999665, 219, 433, 234, 448
-0.999673, 223, 229, 238, 244
-0.999675, 171, 461, 186, 476
-0.999676, 61, 289, 76, 304
-0.999683, 167, 269, 182, 284
-0.999684, 301, 181, 316, 196
-0.999685, 51, 465, 66, 480
-0.99969, 39, 361, 54, 376
-0.99969, 145, 275, 160, 290
-0.9997, 233, 229, 248, 244
-0.9997, 243, 399, 258, 414
-0.999703, 239, 405, 254, 420
-0.999712, 307, 201, 322, 216
-0.999716, 153, 249, 168, 264
-0.999724, 217, 427, 232, 442
-0.999728, 217, 87, 232, 102
-0.999729, 233, 77, 248, 92
-0.999737, 151, 261, 166, 276
-0.999739, 209, 439, 224, 454
-0.999744, 309, 177, 324, 192
-0.99976, 55, 435, 70, 450
-0.999763, 149, 467, 164, 482
-0.999765, 63, 413, 78, 428
-0.999774, 49, 459, 64, 474
-0.99978, 59, 429, 74, 444
-0.999785, 69, 223, 84, 238
-0.999789, 59, 407, 74, 422
-0.999789, 221, 421, 236, 436
-0.999792, 317, 197, 332, 212
-0.999798, 67, 423, 82, 438
-0.999806, 45, 65, 76, 320
-0.99981, 269, 315, 284, 330
-0.999824, 287, 183, 302, 198
-0.999831, 61, 65, 92, 320
-0.999834, 71, 277, 86, 292
-0.999836, 117, 257, 148, 500
-0.999843, 65, 283, 80, 298
-0.999855, 13, 405, 28, 420
-0.99987, 231, 413, 246, 428
-0.999881, 45, 439, 60, 454
-0.999917, 151, 269, 166, 284
-0.999929, 65, 395, 80, 410
-0.999979, 89, 257, 120, 500
-1, 107, 221, 122, 236
-1.00001, 49, 1, 112, 128
-1.00005, 31, 367, 46, 382
-1.00008, 39, 349, 54, 364
-1.00014, 61, 401, 76, 416
-1.00024, 49, 433, 64, 448
-1.00024, 65, 329, 192, 392
-1.00031, 157, 265, 172, 280
-1.00036, 1, 9, 128, 72
-1.00051, 25, 65, 56, 320
-1.00083, 1, 65, 32, 320
-1.00106, 113, 345, 240, 408
-1.00126, 13, 65, 44, 320
-1.00227, 1, 17, 64, 144
-1.00317, 81, 305, 208, 368
-1.00502, 25, 17, 88, 144
-1.00542, 113, 305, 176, 432
