1671
-0.248454, 1, 1, 380, 285
-0.259743, 1, 1, 380, 256
-0.479706, 33, 1, 288, 285
-0.515356, 129, 1, 380, 285
-0.590902, 65, 1, 320, 256
-0.84436, 33, 33, 160, 285
-0.85441, 1, 49, 380, 176
-0.855431, 33, 1, 160, 285
-0.863222, 81, 1, 208, 285
-0.863476, 1, 1, 380, 128
-0.87027, 193, 1, 320, 285
-0.871471, 177, 1, 304, 256
-0.871747, 225, 1, 352, 256
-0.877321, 81, 1, 208, 256
-0.884611, 257, 1, 380, 285
-0.88666, 1, 97, 380, 224
-0.887198, 145, 1, 272, 285
-0.890263, 1, 161, 380, 285
-0.909036, 129, 33, 256, 285
-0.909247, 33, 49, 288, 176
-0.919008, 89, 33, 152, 160
-0.92076, 129, 1, 380, 128
-0.921123, 129, 161, 380, 285
-0.926615, 1, 1, 256, 128
-0.927129, 49, 49, 176, 176
-0.930504, 65, 49, 128, 176
-0.930758, 33, 161, 288, 285
-0.932462, 1, 81, 128, 208
-0.936804, 97, 1, 224, 128
-0.937036, 41, 81, 104, 208
-0.939217, 17, 1, 144, 128
-0.939605, 177, 161, 304, 285
-0.940176, 1, 97, 256, 224
-0.941156, 225, 129, 352, 256
-0.942008, 193, 33, 320, 160
-0.944421, 49, 1, 112, 128
-0.945154, 241, 1, 304, 128
-0.946033, 305, 161, 368, 285
-0.946535, 129, 65, 380, 192
-0.94668, 121, 161, 184, 285
-0.947722, 89, 81, 152, 208
-0.947894, 17, 49, 80, 176
-0.948411, 129, 161, 256, 285
-0.948651, 17, 129, 144, 256
-0.949581, 97, 113, 352, 240
-0.949891, 113, 17, 176, 144
-0.952019, 145, 1, 272, 128
-0.952162, 97, 49, 224, 176
-0.952347, 273, 113, 336, 240
-0.952722, 201, 161, 264, 285
-0.955613, 217, 1, 280, 128
-0.955998, 137, 1, 200, 128
-0.956352, 305, 49, 368, 176
-0.956376, 25, 1, 88, 128
-0.956924, 257, 33, 380, 160
-0.957587, 57, 65, 120, 128
-0.957813, 185, 1, 248, 128
-0.958001, 81, 129, 208, 256
-0.958494, 65, 113, 128, 240
-0.960411, 265, 1, 328, 128
-0.960712, 81, 49, 144, 112
-0.961442, 265, 161, 328, 285
-0.961573, 65, 49, 96, 176
-0.961613, 81, 161, 144, 285
-0.96182, 161, 161, 224, 285
-0.962073, 97, 33, 128, 160
-0.962079, 1, 113, 64, 240
-0.962528, 25, 57, 88, 120
-0.962609, 265, 65, 328, 192
-0.963231, 1, 1, 64, 128
-0.963693, 1, 57, 128, 120
-0.963711, 41, 33, 104, 96
-0.963865, 201, 161, 264, 224
-0.96416, 113, 177, 176, 240
-0.964899, 49, 57, 176, 120
-0.965029, 305, 201, 368, 264
-0.965541, 1, 49, 64, 112
-0.965569, 41, 97, 104, 160
-0.965755, 89, 73, 152, 136
-0.965774, 97, 25, 160, 88
-0.966063, 161, 1, 224, 128
-0.966179, 209, 49, 272, 112
-0.96682, 85, 33, 116, 160
-0.967055, 65, 89, 128, 152
-0.967073, 201, 49, 264, 176
-0.967302, 193, 81, 320, 208
-0.967437, 65, 1, 96, 128
-0.967568, 241, 145, 304, 272
-0.96776, 257, 225, 320, 285
-0.968069, 145, 65, 272, 192
-0.968158, 121, 33, 184, 96
-0.968397, 281, 225, 344, 285
-0.968441, 233, 41, 296, 104
-0.968476, 233, 1, 296, 64
-0.968667, 281, 161, 344, 224
-0.968985, 1, 33, 128, 96
-0.969007, 241, 81, 368, 208
-0.969024, 49, 121, 112, 184
-0.969288, 9, 1, 72, 256
-0.969289, 17, 81, 80, 144
-0.969319, 113, 57, 176, 120
-0.969739, 77, 81, 108, 208
-0.969785, 73, 65, 104, 128
-0.969912, 113, 33, 144, 160
-0.96997, 201, 25, 264, 88
-0.970255, 133, 161, 164, 285
-0.97047, 1, 25, 64, 88
-0.971087, 257, 25, 320, 88
-0.971098, 61, 73, 92, 136
-0.971176, 185, 49, 248, 112
-0.971506, 57, 145, 120, 208
-0.971537, 289, 1, 352, 128
-0.971591, 265, 185, 328, 248
-0.971917, 89, 177, 152, 240
-0.971948, 249, 65, 312, 128
-0.971961, 89, 41, 120, 104
-0.972159, 65, 1, 128, 256
-0.972351, 289, 65, 352, 128
-0.972494, 233, 209, 296, 272
-0.972513, 113, 1, 176, 64
-0.97268, 49, 1, 112, 64
-0.972686, 257, 225, 380, 285
-0.972771, 101, 49, 132, 112
-0.972899, 169, 177, 232, 240
-0.972902, 41, 1, 104, 256
-0.972909, 53, 65, 84, 192
-0.97292, 145, 177, 272, 240
-0.972984, 25, 1, 88, 64
-0.973093, 305, 177, 368, 240
-0.97328, 201, 1, 264, 64
-0.973345, 153, 49, 216, 112
-0.973469, 1, 105, 128, 168
-0.973499, 49, 81, 176, 144
-0.973619, 209, 41, 336, 104
-0.97364, 137, 49, 200, 176
-0.973681, 1, 81, 128, 144
-0.973758, 105, 153, 168, 216
-0.974138, 97, 49, 224, 112
-0.974162, 33, 49, 64, 112
-0.974272, 241, 185, 304, 248
-0.974289, 97, 1, 160, 256
-0.974411, 145, 161, 208, 224
-0.974555, 305, 225, 368, 285
-0.97471, 113, 209, 176, 272
-0.974768, 25, 121, 88, 184
-0.974826, 265, 1, 328, 64
-0.974891, 89, 73, 120, 136
-0.974937, 225, 153, 352, 216
-0.97507, 257, 201, 380, 264
-0.975182, 61, 105, 92, 168
-0.97521, 161, 25, 224, 88
-0.975248, 273, 129, 336, 192
-0.97526, 145, 1, 208, 64
-0.975303, 113, 113, 176, 240
-0.975511, 241, 1, 272, 128
-0.975546, 233, 153, 296, 216
-0.975833, 145, 185, 208, 248
-0.975838, 113, 65, 176, 192
-0.975904, 225, 65, 288, 192
-0.975918, 65, 25, 128, 88
-0.976177, 265, 89, 328, 152
-0.976194, 1, 113, 64, 176
-0.976199, 145, 113, 272, 240
-0.976263, 89, 1, 152, 64
-0.976845, 241, 177, 368, 240
-0.97686, 177, 1, 240, 64
-0.976937, 1, 129, 128, 192
-0.976946, 177, 65, 240, 192
-0.976981, 221, 1, 252, 128
-0.977167, 281, 217, 312, 280
-0.977192, 225, 73, 288, 136
-0.977317, 209, 1, 240, 128
-0.977327, 97, 177, 224, 240
-0.977371, 193, 73, 256, 136
-0.977375, 209, 185, 272, 248
-0.977564, 89, 129, 152, 192
-0.977633, 41, 33, 72, 160
-0.977824, 129, 169, 160, 232
-0.977846, 81, 153, 144, 216
-0.977894, 145, 209, 208, 272
-0.977903, 77, 105, 108, 168
-0.977929, 89, 209, 152, 272
-0.978126, 81, 129, 112, 192
-0.978131, 237, 49, 268, 112
-0.978294, 317, 161, 348, 285
-0.978543, 101, 25, 132, 88
-0.978583, 281, 41, 344, 104
-0.978776, 253, 1, 284, 128
-0.978904, 89, 97, 152, 160
-0.979014, 249, 1, 312, 256
-0.979039, 209, 225, 336, 285
-0.979067, 45, 33, 76, 96
-0.9791, 25, 129, 88, 256
-0.979164, 177, 65, 304, 128
-0.979313, 177, 153, 240, 216
-0.979332, 297, 1, 360, 64
-0.979403, 313, 1, 376, 128
-0.979513, 317, 185, 348, 248
-0.979533, 313, 57, 376, 120
-0.979557, 13, 49, 44, 112
-0.979562, 313, 105, 376, 168
-0.979703, 105, 73, 136, 136
-0.979735, 193, 1, 224, 128
-0.979884, 313, 33, 376, 285
-0.979938, 21, 65, 52, 192
-0.979968, 97, 153, 224, 216
-0.979978, 281, 33, 344, 285
-0.980004, 125, 33, 156, 96
-0.980016, 269, 33, 300, 160
-0.98005, 313, 129, 376, 192
-0.980057, 89, 81, 120, 208
-0.980308, 85, 129, 116, 256
-0.980354, 97, 25, 224, 88
-0.980403, 65, 97, 96, 224
-0.980421, 65, 177, 128, 240
-0.980459, 193, 113, 256, 240
-0.980537, 1, 1, 64, 64
-0.980563, 49, 1, 112, 285
-0.980645, 225, 33, 288, 285
-0.980759, 65, 225, 192, 285
-0.980783, 289, 89, 352, 152
-0.980906, 193, 201, 320, 264
-0.980995, 137, 113, 200, 240
-0.981027, 113, 49, 144, 112
-0.981066, 105, 161, 136, 285
-0.981085, 125, 33, 156, 160
-0.981123, 49, 33, 176, 96
-0.981131, 153, 33, 216, 285
-0.981145, 89, 1, 152, 285
-0.981168, 117, 1, 148, 64
-0.981229, 141, 1, 172, 128
-0.981415, 25, 193, 88, 256
-0.981437, 49, 89, 80, 152
-0.98163, 289, 49, 320, 176
-0.981727, 301, 225, 332, 285
-0.981735, 41, 81, 72, 208
-0.981777, 169, 73, 232, 136
-0.981803, 321, 97, 380, 224
-0.981949, 5, 81, 36, 208
-0.982003, 205, 49, 236, 112
-0.982057, 321, 33, 380, 96
-0.982117, 17, 9, 144, 72
-0.982136, 1, 33, 32, 96
-0.982158, 201, 225, 264, 285
-0.982302, 77, 41, 108, 104
-0.982319, 229, 169, 260, 232
-0.982411, 269, 49, 300, 112
-0.982712, 249, 41, 280, 104
-0.982723, 193, 1, 256, 256
-0.982806, 129, 33, 192, 285
-0.982813, 53, 1, 84, 128
-0.982856, 181, 1, 212, 128
-0.982934, 49, 105, 176, 168
-0.982956, 305, 153, 368, 216
-0.983173, 269, 201, 300, 264
-0.983181, 293, 97, 324, 224
-0.983193, 49, 1, 80, 64
-0.983213, 17, 169, 80, 232
-0.983228, 161, 17, 288, 80
-0.983233, 145, 137, 208, 200
-0.983329, 321, 1, 380, 64
-0.983464, 109, 193, 140, 256
-0.98361, 17, 153, 144, 216
-0.983625, 257, 57, 380, 120
-0.983628, 57, 225, 120, 285
-0.983648, 145, 41, 272, 104
-0.983715, 113, 129, 176, 192
-0.983734, 209, 137, 272, 200
-0.983814, 313, 81, 376, 144
-0.983848, 61, 49, 92, 112
-0.983862, 113, 1, 240, 64
-0.983917, 225, 161, 256, 285
-0.984043, 257, 161, 320, 224
-0.984107, 193, 161, 224, 285
-0.98411, 217, 49, 248, 112
-0.984119, 233, 129, 296, 192
-0.984138, 9, 217, 72, 280
-0.984221, 29, 1, 60, 128
-0.984234, 17, 1, 80, 285
-0.984267, 49, 65, 80, 128
-0.984368, 305, 153, 336, 216
-0.984372, 281, 1, 312, 128
-0.984394, 269, 225, 300, 285
-0.984427, 221, 25, 252, 88
-0.984441, 169, 129, 232, 192
-0.984508, 21, 17, 52, 80
-0.984568, 169, 217, 232, 280
-0.984601, 313, 1, 376, 285
-0.984724, 261, 161, 292, 285
-0.984786, 305, 161, 336, 285
-0.984793, 257, 33, 380, 96
-0.984834, 137, 73, 200, 136
-0.984846, 145, 161, 176, 285
-0.984908, 205, 145, 236, 272
-0.985033, 237, 161, 268, 285
-0.985102, 289, 57, 320, 120
-0.985113, 269, 1, 300, 64
-0.985117, 237, 9, 268, 72
-0.985128, 145, 153, 272, 216
-0.985191, 305, 201, 336, 264
-0.985228, 1, 57, 32, 120
-0.985263, 97, 169, 128, 232
-0.985375, 193, 169, 224, 232
-0.985379, 57, 25, 88, 88
-0.985388, 241, 193, 272, 256
-0.985519, 85, 153, 116, 216
-0.985568, 1, 137, 64, 200
-0.985572, 309, 49, 340, 176
-0.985641, 253, 17, 284, 80
-0.98565, 101, 81, 132, 208
-0.98568, 317, 161, 348, 224
-0.985683, 29, 113, 60, 240
-0.985686, 265, 1, 328, 285
-0.985783, 277, 81, 308, 144
-0.985864, 205, 153, 236, 216
-0.985959, 161, 113, 224, 240
-0.985963, 113, 81, 176, 144
-0.98601, 73, 1, 104, 64
-0.986091, 9, 33, 40, 160
-0.986098, 145, 177, 176, 240
-0.986135, 185, 33, 216, 96
-0.986166, 1, 193, 64, 256
-0.986176, 41, 169, 104, 232
-0.986198, 165, 41, 196, 104
-0.986229, 285, 161, 316, 285
-0.986377, 129, 193, 160, 256
-0.986395, 229, 49, 260, 176
-0.986407, 33, 217, 96, 280
-0.986509, 145, 1, 208, 285
-0.986569, 33, 17, 64, 80
-0.986589, 169, 161, 200, 285
-0.986748, 185, 1, 248, 285
-0.986799, 181, 177, 212, 240
-0.986805, 169, 177, 200, 240
-0.986816, 57, 73, 120, 104
-0.986827, 217, 161, 248, 224
-0.986863, 81, 129, 208, 192
-0.986887, 333, 33, 364, 160
-0.986963, 117, 169, 148, 232
-0.987021, 125, 225, 156, 285
-0.987022, 113, 1, 176, 285
-0.987081, 297, 113, 360, 240
-0.98717, 253, 209, 284, 272
-0.987194, 125, 57, 156, 120
-0.987209, 329, 185, 360, 248
-0.987256, 277, 81, 308, 208
-0.987316, 141, 1, 172, 64
-0.98736, 193, 177, 320, 240
-0.987434, 21, 73, 52, 136
-0.987437, 81, 57, 144, 88
-0.987447, 209, 25, 240, 88
-0.987456, 301, 65, 332, 128
-0.987505, 17, 113, 48, 240
-0.98762, 205, 1, 236, 64
-0.987648, 281, 193, 312, 256
-0.98765, 57, 201, 120, 264
-0.987664, 225, 129, 352, 192
-0.987794, 225, 81, 352, 144
-0.987809, 217, 113, 280, 240
-0.987841, 209, 1, 272, 285
-0.987853, 129, 105, 192, 168
-0.987873, 105, 69, 168, 100
-0.987943, 249, 65, 280, 128
-0.987946, 273, 161, 304, 285
-0.988116, 141, 33, 172, 96
-0.988154, 305, 113, 336, 240
-0.988181, 105, 1, 136, 64
-0.988359, 97, 73, 224, 136
-0.988415, 61, 1, 92, 64
-0.988458, 257, 185, 288, 248
-0.988493, 113, 177, 176, 208
-0.988547, 349, 17, 380, 144
-0.988598, 113, 25, 144, 88
-0.988646, 153, 33, 184, 96
-0.988648, 265, 25, 296, 88
-0.988651, 25, 57, 88, 88
-0.988653, 53, 113, 84, 240
-0.988705, 145, 217, 176, 280
-0.98872, 33, 73, 64, 136
-0.988725, 189, 57, 220, 120
-0.988758, 161, 225, 288, 285
-0.988773, 189, 1, 220, 64
-0.988784, 57, 61, 120, 92
-0.988788, 49, 121, 80, 184
-0.988897, 1, 129, 32, 256
-0.988949, 49, 85, 112, 116
-0.988961, 241, 1, 304, 285
-0.989016, 13, 105, 44, 168
-0.989042, 293, 121, 324, 184
-0.98909, 225, 1, 352, 64
-0.989092, 157, 185, 188, 248
-0.989114, 69, 129, 100, 192
-0.989136, 89, 97, 120, 160
-0.989167, 169, 33, 200, 160
-0.989205, 113, 225, 240, 285
-0.989304, 81, 45, 144, 76
-0.98932, 33, 145, 96, 208
-0.989335, 17, 85, 80, 116
-0.98934, 41, 121, 104, 152
-0.989355, 33, 73, 96, 104
-0.989415, 249, 161, 280, 224
-0.989428, 281, 245, 344, 276
-0.989435, 205, 49, 236, 176
-0.989442, 49, 177, 176, 240
-0.989472, 113, 217, 144, 280
-0.98948, 209, 113, 272, 176
-0.989497, 113, 81, 144, 208
-0.989549, 33, 201, 160, 264
-0.989594, 265, 81, 296, 144
-0.989664, 269, 177, 300, 240
-0.989666, 313, 193, 376, 224
-0.989684, 145, 57, 176, 120
-0.989684, 105, 57, 168, 88
-0.989688, 273, 229, 336, 260
-0.98971, 289, 1, 320, 64
-0.989776, 181, 161, 212, 285
-0.989779, 321, 65, 352, 192
-0.989784, 65, 1, 192, 64
-0.989798, 65, 57, 320, 120
-0.989832, 137, 57, 200, 88
-0.989862, 97, 201, 224, 264
-0.989872, 1, 45, 64, 76
-0.989877, 65, 97, 128, 128
-0.989879, 241, 105, 304, 168
-0.989885, 293, 1, 324, 128
-0.989889, 145, 201, 272, 264
-0.989954, 25, 121, 56, 184
-0.989974, 157, 161, 188, 224
-0.989976, 289, 89, 320, 152
-0.990009, 129, 253, 192, 284
-0.990014, 113, 189, 176, 220
-0.990024, 257, 105, 380, 168
-0.990027, 349, 33, 380, 96
-0.990075, 197, 25, 228, 88
-0.990075, 281, 25, 312, 88
-0.990129, 289, 1, 352, 285
-0.990174, 105, 165, 168, 196
-0.990175, 1, 121, 32, 184
-0.990178, 193, 165, 256, 196
-0.990231, 81, 69, 144, 100
-0.990267, 233, 61, 296, 92
-0.9903, 41, 37, 104, 68
-0.990415, 113, 37, 176, 68
-0.990434, 9, 69, 72, 100
-0.990475, 89, 81, 152, 112
-0.99048, 217, 49, 248, 176
-0.990514, 225, 21, 288, 52
-0.990553, 249, 145, 280, 272
-0.990566, 209, 45, 272, 76
-0.990567, 157, 129, 188, 256
-0.990608, 41, 97, 104, 128
-0.99061, 1, 81, 32, 144
-0.990619, 1, 57, 64, 88
-0.990636, 153, 253, 216, 284
-0.990682, 209, 69, 272, 100
-0.990684, 37, 121, 68, 184
-0.990757, 273, 201, 336, 232
-0.990777, 305, 209, 368, 240
-0.990791, 265, 217, 328, 248
-0.990813, 305, 225, 368, 256
-0.990855, 249, 189, 312, 220
-0.990877, 129, 201, 192, 232
-0.990919, 89, 177, 152, 208
-0.990968, 305, 241, 368, 272
-0.99098, 177, 61, 240, 92
-0.990989, 153, 97, 216, 160
-0.991024, 121, 145, 152, 272
-0.991066, 137, 45, 200, 76
-0.99108, 77, 65, 108, 96
-0.991087, 233, 49, 296, 80
-0.991109, 185, 49, 248, 80
-0.991125, 33, 109, 96, 140
-0.991145, 273, 185, 336, 216
-0.991147, 89, 189, 152, 220
-0.991169, 201, 73, 232, 136
-0.991177, 137, 177, 200, 208
-0.991233, 257, 65, 288, 192
-0.991237, 337, 41, 368, 104
-0.991246, 49, 133, 112, 164
-0.991256, 129, 69, 192, 100
-0.991262, 257, 41, 320, 72
-0.991291, 109, 145, 140, 208
-0.991294, 109, 61, 140, 92
-0.991309, 241, 5, 304, 36
-0.991314, 1, 33, 256, 96
-0.991317, 321, 65, 352, 128
-0.991342, 257, 253, 320, 284
-0.991347, 65, 109, 128, 140
-0.991349, 93, 45, 124, 76
-0.991422, 225, 253, 288, 284
-0.991426, 129, 161, 380, 224
-0.991437, 9, 121, 72, 152
-0.99145, 113, 13, 176, 44
-0.991477, 273, 149, 336, 180
-0.991482, 57, 145, 120, 176
-0.991485, 49, 49, 112, 80
-0.99149, 65, 1, 128, 32
-0.991496, 241, 229, 304, 260
-0.991497, 89, 129, 152, 160
-0.991499, 201, 5, 264, 36
-0.991503, 233, 209, 296, 240
-0.991531, 97, 253, 160, 284
-0.991538, 209, 57, 272, 88
-0.991544, 249, 77, 312, 108
-0.991547, 193, 177, 256, 208
-0.991578, 97, 25, 160, 56
-0.991579, 233, 33, 296, 64
-0.991607, 169, 73, 232, 104
-0.991635, 281, 161, 344, 192
-0.991639, 77, 77, 108, 108
-0.991644, 257, 65, 320, 96
-0.99165, 65, 121, 128, 152
-0.99167, 121, 233, 184, 264
-0.991672, 201, 253, 264, 284
-0.991731, 61, 69, 92, 100
-0.991732, 177, 97, 240, 160
-0.99174, 265, 25, 328, 56
-0.991751, 121, 65, 152, 96
-0.99176, 257, 241, 320, 272
-0.991802, 233, 169, 296, 200
-0.991835, 289, 173, 352, 204
-0.991856, 65, 21, 128, 52
-0.991859, 137, 33, 200, 64
-0.991859, 33, 57, 64, 88
-0.991865, 93, 81, 124, 112
-0.991877, 289, 69, 352, 100
-0.991905, 41, 1, 104, 32
-0.991941, 169, 177, 232, 208
-0.991949, 17, 25, 80, 56
-0.991974, 321, 181, 380, 212
-0.992004, 97, 153, 160, 184
-0.992014, 105, 213, 168, 244
-0.99202, 225, 193, 288, 224
-0.992031, 209, 33, 272, 64
-0.992034, 145, 165, 208, 196
-0.992055, 1, 57, 380, 120
-0.992066, 225, 1, 256, 64
-0.992072, 105, 73, 136, 104
-0.992073, 65, 85, 96, 116
-0.992084, 321, 189, 352, 220
-0.992091, 89, 13, 152, 44
-0.99211, 137, 17, 200, 48
-0.992127, 265, 1, 328, 32
-0.992142, 289, 57, 352, 88
-0.992156, 217, 113, 248, 240
-0.992181, 265, 13, 328, 44
-0.992182, 73, 165, 136, 196
-0.992197, 185, 17, 248, 48
-0.992247, 65, 185, 320, 248
-0.992247, 73, 253, 136, 284
-0.992264, 65, 109, 96, 140
-0.99231, 329, 161, 360, 285
-0.992318, 161, 1, 224, 32
-0.992319, 89, 141, 152, 172
-0.992319, 89, 65, 120, 96
-0.992343, 281, 225, 312, 256
-0.992376, 133, 173, 164, 204
-0.992381, 157, 1, 188, 128
-0.992383, 273, 117, 336, 148
-0.992393, 185, 37, 248, 68
-0.992413, 129, 17, 380, 80
-0.992426, 161, 41, 224, 72
-0.992439, 233, 157, 296, 188
-0.992445, 297, 93, 360, 124
-0.992468, 105, 201, 168, 232
-0.992477, 77, 121, 108, 152
-0.99249, 293, 177, 324, 240
-0.992498, 17, 97, 80, 128
-0.992505, 121, 1, 184, 32
-0.992521, 57, 97, 88, 128
-0.992531, 245, 49, 276, 80
-0.992573, 89, 117, 152, 148
-0.992591, 217, 73, 248, 136
-0.992597, 13, 41, 44, 72
-0.992625, 161, 29, 224, 60
-0.992627, 153, 189, 216, 220
-0.992627, 321, 17, 352, 144
-0.992632, 45, 53, 76, 84
-0.992644, 273, 137, 336, 168
-0.99265, 321, 161, 380, 192
-0.99266, 33, 13, 96, 44
-0.992667, 257, 53, 320, 84
-0.992668, 161, 241, 224, 272
-0.99267, 313, 61, 376, 92
-0.992671, 305, 253, 368, 284
-0.992675, 305, 109, 368, 140
-0.992692, 161, 13, 224, 44
-0.992705, 9, 1, 72, 32
-0.992715, 293, 201, 324, 264
-0.992717, 1, 81, 256, 144
-0.992722, 97, 1, 160, 32
-0.992739, 301, 233, 332, 264
-0.992761, 329, 209, 360, 272
-0.992779, 313, 141, 376, 172
-0.992792, 305, 121, 368, 152
-0.992794, 177, 153, 208, 216
-0.992804, 297, 81, 360, 112
-0.99283, 85, 93, 116, 124
-0.992835, 153, 1, 184, 64
-0.99286, 105, 49, 136, 80
-0.992865, 33, 45, 64, 76
-0.992869, 37, 69, 68, 100
-0.992911, 97, 41, 112, 104
-0.99292, 177, 57, 208, 120
-0.992931, 173, 9, 204, 72
-0.992951, 229, 193, 260, 256
-0.992959, 133, 65, 164, 96
-0.992971, 349, 225, 380, 285
-0.993005, 101, 33, 132, 64
-0.993015, 33, 57, 160, 88
-0.993023, 77, 133, 108, 164
-0.993029, 269, 49, 300, 80
-0.993034, 69, 97, 100, 128
-0.993052, 5, 57, 36, 88
-0.993054, 241, 5, 272, 36
-0.993055, 125, 41, 156, 72
-0.993062, 25, 69, 56, 100
-0.993068, 233, 61, 264, 92
-0.993076, 321, 41, 352, 104
-0.993078, 97, 225, 352, 285
-0.993102, 21, 57, 52, 88
-0.993154, 301, 41, 332, 104
-0.993154, 113, 209, 144, 240
-0.993168, 57, 125, 88, 156
-0.993201, 133, 253, 164, 284
-0.993205, 1, 81, 380, 144
-0.993235, 53, 1, 84, 32
-0.993241, 85, 1, 116, 64
-0.993243, 161, 253, 192, 284
-0.993263, 233, 45, 264, 76
-0.993272, 49, 37, 80, 68
-0.993317, 289, 49, 320, 80
-0.993331, 129, 9, 160, 72
-0.993333, 101, 21, 132, 52
-0.993344, 109, 197, 140, 228
-0.993344, 129, 145, 160, 208
-0.993345, 121, 53, 152, 84
-0.993346, 81, 145, 112, 176
-0.993347, 329, 113, 360, 240
-0.993351, 269, 253, 300, 284
-0.99336, 41, 81, 72, 112
-0.993365, 73, 1, 104, 32
-0.993375, 161, 225, 192, 285
-0.99338, 49, 65, 80, 96
-0.993392, 113, 169, 144, 200
-0.993399, 145, 153, 176, 216
-0.993406, 153, 181, 184, 212
-0.993409, 121, 29, 152, 60
-0.993418, 285, 249, 316, 280
-0.993426, 257, 193, 288, 224
-0.993426, 125, 189, 156, 220
-0.993431, 129, 81, 160, 208
-0.993435, 63, 65, 78, 128
-0.993446, 309, 193, 340, 224
-0.99345, 269, 201, 300, 232
-0.993459, 1, 161, 256, 224
-0.993484, 85, 157, 116, 188
-0.993489, 221, 169, 252, 200
-0.993499, 53, 85, 84, 116
-0.993508, 1, 1, 32, 64
-0.993511, 1, 41, 32, 72
-0.993516, 273, 85, 304, 116
-0.993543, 113, 9, 144, 40
-0.993552, 249, 61, 280, 92
-0.993562, 249, 37, 280, 68
-0.993571, 37, 97, 68, 160
-0.993575, 265, 65, 296, 96
-0.993583, 25, 81, 56, 112
-0.993586, 45, 97, 76, 128
-0.99359, 281, 213, 312, 244
-0.993592, 81, 105, 112, 136
-0.993609, 33, 45, 160, 76
-0.993609, 97, 185, 128, 216
-0.993617, 225, 21, 256, 52
-0.993619, 261, 37, 292, 68
-0.993624, 25, 97, 56, 160
-0.993629, 141, 53, 172, 84
-0.99363, 237, 193, 268, 224
-0.993632, 209, 157, 240, 188
-0.993634, 113, 185, 144, 216
-0.993637, 301, 153, 332, 184
-0.993643, 1, 33, 380, 96
-0.993643, 81, 53, 112, 84
-0.993643, 69, 53, 100, 84
-0.993645, 113, 253, 144, 284
-0.993653, 197, 169, 228, 200
-0.993671, 13, 73, 44, 104
-0.993671, 201, 65, 232, 96
-0.993676, 1, 105, 380, 168
-0.993677, 189, 57, 220, 88
-0.993691, 79, 65, 94, 128
-0.993707, 277, 237, 308, 268
-0.99372, 301, 221, 332, 252
-0.993729, 221, 37, 252, 68
-0.993731, 261, 229, 292, 260
-0.993733, 237, 17, 268, 48
-0.993739, 29, 33, 60, 64
-0.993743, 221, 61, 252, 92
-0.993744, 157, 57, 188, 88
-0.993745, 87, 57, 102, 120
-0.993752, 73, 33, 104, 64
-0.993752, 93, 173, 124, 204
-0.993756, 53, 113, 84, 144
-0.993759, 13, 121, 44, 152
-0.993762, 309, 165, 340, 196
-0.993764, 181, 69, 212, 100
-0.993776, 125, 213, 156, 244
-0.993795, 205, 5, 236, 36
-0.993796, 253, 21, 284, 52
-0.993801, 157, 37, 188, 68
-0.993801, 1, 161, 380, 224
-0.993804, 181, 177, 212, 208
-0.993809, 225, 181, 256, 212
-0.993811, 249, 205, 280, 236
-0.993816, 261, 77, 292, 108
-0.993828, 125, 201, 156, 232
-0.993834, 349, 37, 380, 68
-0.993835, 169, 53, 200, 84
-0.993847, 181, 45, 212, 76
-0.993848, 1, 137, 380, 200
-0.993855, 289, 237, 320, 268
-0.993877, 1, 9, 256, 72
-0.99388, 289, 61, 320, 92
-0.99389, 277, 65, 308, 96
-0.99389, 293, 209, 324, 240
-0.993904, 209, 45, 240, 76
-0.993915, 221, 49, 252, 80
-0.993928, 173, 253, 204, 284
-0.993934, 249, 177, 280, 208
-0.99394, 313, 57, 344, 88
-0.993946, 257, 49, 288, 80
-0.993953, 53, 13, 84, 44
-0.993959, 145, 233, 176, 264
-0.993962, 301, 57, 332, 88
-0.993967, 325, 177, 356, 208
-0.993968, 265, 13, 296, 44
-0.99397, 57, 53, 88, 84
-0.993985, 117, 49, 132, 112
-0.994015, 49, 69, 176, 100
-0.994075, 1, 77, 128, 108
-0.994103, 1, 105, 256, 168
-0.994109, 97, 81, 352, 144
-0.99421, 129, 137, 380, 200
-0.994238, 97, 49, 224, 80
-0.994244, 87, 97, 102, 160
-0.9943, 317, 113, 348, 240
-0.994337, 111, 49, 126, 112
-0.99434, 145, 129, 272, 192
-0.994387, 189, 65, 220, 192
-0.994402, 35, 57, 50, 120
-0.994446, 257, 229, 380, 260
-0.994455, 103, 49, 118, 112
-0.994487, 71, 81, 86, 144
-0.994552, 241, 49, 272, 176
-0.994562, 17, 225, 144, 285
-0.994624, 1, 89, 128, 120
-0.994631, 323, 169, 338, 232
-0.99469, 141, 49, 172, 176
-0.994711, 1, 125, 128, 156
-0.99473, 97, 65, 224, 96
-0.99478, 1, 33, 128, 64
-0.994782, 81, 97, 96, 160
-0.994783, 65, 105, 80, 168
-0.994825, 69, 57, 84, 120
-0.994829, 93, 81, 108, 144
-0.994855, 243, 41, 258, 104
-0.994919, 29, 41, 44, 104
-0.994932, 241, 193, 368, 224
-0.994961, 209, 49, 224, 112
-0.994995, 49, 81, 176, 112
-0.995013, 145, 113, 176, 240
-0.995084, 97, 1, 128, 256
-0.995086, 33, 137, 288, 200
-0.995099, 41, 129, 72, 256
-0.995168, 193, 45, 320, 76
-0.995178, 97, 173, 224, 204
-0.995178, 145, 173, 272, 204
-0.995202, 59, 97, 74, 160
-0.995206, 123, 57, 138, 120
-0.995224, 85, 1, 116, 256
-0.995315, 109, 73, 124, 136
-0.995327, 45, 33, 60, 96
-0.995329, 69, 1, 100, 256
-0.995386, 305, 209, 320, 272
-0.995395, 225, 181, 352, 212
-0.995397, 99, 81, 114, 144
-0.995449, 209, 105, 336, 168
-0.99546, 241, 49, 368, 80
-0.995501, 177, 65, 304, 96
-0.995515, 15, 33, 30, 96
-0.995533, 1, 9, 380, 72
-0.995571, 257, 217, 380, 248
-0.995585, 123, 209, 138, 272
-0.995588, 279, 217, 294, 280
-0.995589, 291, 225, 306, 285
-0.995595, 329, 177, 344, 240
-0.99562, 317, 161, 332, 224
-0.995621, 225, 157, 352, 188
-0.995638, 1, 185, 380, 248
-0.995645, 113, 25, 128, 88
-0.995671, 185, 113, 216, 240
-0.995679, 285, 217, 300, 280
-0.995692, 145, 185, 272, 216
-0.995706, 95, 129, 110, 192
-0.995707, 115, 73, 130, 136
-0.995711, 49, 93, 176, 124
-0.995723, 73, 105, 88, 168
-0.995732, 289, 65, 304, 128
-0.995746, 127, 33, 142, 96
-0.995761, 231, 49, 246, 112
-0.995795, 113, 253, 240, 284
-0.995822, 85, 121, 100, 184
-0.99586, 23, 57, 38, 120
-0.995862, 249, 41, 264, 104
-0.995863, 311, 201, 326, 264
-0.995879, 51, 33, 66, 96
-0.995891, 51, 57, 66, 120
-0.995897, 29, 1, 60, 256
-0.995912, 237, 9, 252, 72
-0.995913, 103, 25, 118, 88
-0.995943, 101, 145, 116, 208
-0.995955, 305, 1, 336, 128
-0.995955, 129, 105, 380, 168
-0.995957, 257, 241, 380, 272
-0.995963, 107, 169, 122, 232
-0.995965, 257, 41, 272, 104
-0.995969, 59, 33, 74, 96
-0.995977, 1, 49, 16, 112
-0.995983, 225, 49, 240, 112
-0.995987, 97, 37, 224, 68
-0.99599, 225, 169, 352, 200
-0.995992, 13, 1, 44, 256
-0.995995, 41, 57, 56, 120
-0.995995, 345, 65, 376, 192
-0.996013, 257, 17, 272, 80
-0.996037, 57, 1, 88, 256
-0.996048, 283, 49, 298, 112
-0.996049, 253, 1, 284, 256
-0.99605, 1, 177, 128, 240
-0.996052, 257, 205, 380, 236
-0.996054, 79, 121, 94, 184
-0.996063, 237, 49, 252, 112
-0.996069, 145, 169, 160, 232
-0.99609, 243, 177, 258, 240
-0.996101, 115, 185, 130, 248
-0.996123, 257, 69, 380, 100
-0.996125, 263, 57, 278, 120
-0.996125, 41, 1, 72, 256
-0.996132, 215, 41, 230, 104
-0.996132, 97, 77, 224, 108
-0.996143, 37, 33, 52, 96
-0.996148, 9, 57, 24, 120
-0.996151, 49, 121, 176, 152
-0.996153, 49, 253, 176, 284
-0.996159, 97, 185, 224, 216
-0.996173, 29, 65, 44, 128
-0.996192, 235, 161, 250, 224
-0.99624, 1, 217, 256, 280
-0.996252, 203, 49, 218, 112
-0.996261, 81, 161, 208, 192
-0.996265, 209, 221, 336, 252
-0.996295, 145, 161, 272, 192
-0.996296, 295, 65, 310, 128
-0.996304, 177, 17, 304, 48
-0.996317, 317, 193, 332, 256
-0.996336, 57, 73, 72, 136
-0.996352, 17, 169, 144, 200
-0.996361, 209, 77, 336, 108
-0.996362, 251, 201, 266, 264
-0.996379, 67, 1, 82, 64
-0.996417, 207, 161, 222, 224
-0.99642, 81, 137, 208, 168
-0.996421, 145, 37, 272, 68
-0.996459, 209, 205, 336, 236
-0.996463, 17, 9, 144, 40
-0.996481, 1, 101, 128, 132
-0.996498, 229, 25, 244, 88
-0.996498, 151, 177, 166, 240
-0.996499, 135, 17, 150, 80
-0.996505, 125, 1, 140, 64
-0.996506, 1, 137, 128, 168
-0.996513, 119, 1, 134, 64
-0.996538, 157, 185, 172, 248
-0.996557, 161, 197, 288, 228
-0.996581, 1, 113, 128, 144
-0.996605, 243, 1, 258, 64
-0.996608, 97, 17, 112, 80
-0.996626, 65, 21, 192, 52
-0.99663, 139, 169, 154, 232
-0.996632, 65, 33, 80, 96
-0.996634, 297, 41, 312, 104
-0.996641, 199, 169, 214, 232
-0.996644, 257, 37, 380, 68
-0.996648, 145, 1, 272, 32
-0.996652, 269, 57, 284, 120
-0.996654, 1, 1, 32, 256
-0.996672, 91, 33, 106, 96
-0.996677, 33, 157, 160, 188
-0.996685, 161, 253, 288, 284
-0.996688, 209, 25, 224, 88
-0.996688, 113, 1, 144, 256
-0.996714, 129, 225, 144, 285
-0.996739, 97, 213, 224, 244
-0.996764, 81, 149, 208, 180
-0.996765, 81, 41, 96, 104
-0.996768, 275, 193, 290, 256
-0.996812, 241, 1, 368, 32
-0.996823, 129, 185, 144, 248
-0.996828, 275, 1, 290, 64
-0.996837, 49, 33, 176, 64
-0.996841, 183, 177, 198, 240
-0.996843, 287, 25, 302, 88
-0.996846, 51, 1, 66, 64
-0.996847, 209, 233, 336, 264
-0.996849, 285, 193, 300, 256
-0.996854, 71, 33, 86, 96
-0.99686, 209, 33, 336, 64
-0.996871, 323, 193, 338, 256
-0.996893, 97, 5, 224, 36
-0.996894, 297, 225, 312, 285
-0.996894, 269, 193, 284, 256
-0.996905, 335, 185, 350, 248
-0.996914, 277, 49, 292, 112
-0.996925, 119, 25, 134, 88
-0.996927, 309, 121, 324, 184
-0.996937, 273, 217, 288, 280
-0.996947, 25, 17, 40, 80
-0.996961, 185, 49, 200, 112
-0.996964, 223, 25, 238, 88
-0.996973, 157, 49, 188, 176
-0.996976, 229, 161, 244, 224
-0.997002, 341, 1, 372, 256
-0.997008, 241, 1, 272, 256
-0.997025, 81, 241, 208, 272
-0.997032, 257, 113, 380, 144
-0.997037, 257, 25, 380, 56
-0.99705, 193, 177, 208, 240
-0.997063, 1, 105, 16, 168
-0.997077, 97, 201, 224, 232
-0.997092, 153, 225, 168, 285
-0.997096, 129, 241, 256, 272
-0.997098, 293, 89, 308, 152
-0.997114, 73, 1, 88, 64
-0.997119, 257, 209, 272, 272
-0.99712, 123, 177, 138, 240
-0.997126, 283, 81, 298, 144
-0.997127, 291, 201, 306, 264
-0.997144, 203, 1, 218, 64
-0.997148, 25, 113, 40, 176
-0.997165, 145, 53, 272, 84
-0.997166, 129, 57, 144, 120
-0.997176, 143, 1, 158, 64
-0.997178, 177, 177, 192, 240
-0.997183, 1, 129, 16, 192
-0.9972, 49, 109, 176, 140
-0.997211, 53, 97, 68, 160
-0.997216, 11, 121, 26, 184
-0.997217, 59, 121, 74, 184
-0.997219, 129, 65, 144, 96
-0.997235, 225, 145, 352, 176
-0.997244, 309, 65, 324, 128
-0.997249, 49, 225, 176, 256
-0.997255, 301, 73, 316, 136
-0.997256, 161, 77, 288, 108
-0.997257, 119, 57, 134, 88
-0.997263, 17, 21, 144, 52
-0.997264, 209, 245, 336, 276
-0.997275, 37, 57, 52, 88
-0.997277, 105, 65, 120, 96
-0.997322, 349, 161, 380, 285
-0.997372, 85, 65, 100, 96
-0.997376, 95, 81, 110, 112
-0.997383, 17, 197, 144, 228
-0.997387, 33, 181, 160, 212
-0.997407, 265, 1, 296, 256
-0.997408, 113, 61, 128, 92
-0.997415, 97, 41, 112, 72
-0.997432, 289, 1, 320, 256
-0.997485, 79, 69, 94, 100
-0.997495, 67, 65, 82, 96
-0.99752, 55, 61, 70, 92
-0.997537, 1, 253, 128, 284
-0.997544, 113, 49, 128, 80
-0.997553, 257, 253, 380, 284
-0.997558, 129, 25, 256, 56
-0.997563, 265, 113, 296, 240
-0.997571, 17, 213, 144, 244
-0.997576, 45, 49, 60, 80
-0.997606, 321, 33, 352, 285
-0.997614, 79, 81, 94, 112
-0.997616, 99, 69, 114, 100
-0.997622, 27, 45, 42, 76
-0.997643, 71, 109, 86, 140
-0.997656, 135, 65, 150, 96
-0.997659, 161, 221, 288, 252
-0.997683, 257, 129, 380, 160
-0.997689, 73, 89, 88, 120
-0.99769, 245, 49, 260, 80
-0.997694, 97, 225, 224, 256
-0.9977, 81, 105, 96, 136
-0.997705, 257, 85, 380, 116
-0.997708, 301, 33, 332, 285
-0.997712, 225, 13, 352, 44
-0.997717, 209, 121, 336, 152
-0.99772, 91, 65, 106, 96
-0.997722, 89, 93, 104, 124
-0.997728, 63, 101, 78, 132
-0.997736, 105, 77, 120, 108
-0.997752, 81, 121, 96, 152
-0.99778, 61, 73, 76, 104
-0.997781, 209, 89, 336, 120
-0.99779, 169, 1, 200, 256
-0.997796, 153, 33, 184, 285
-0.997828, 123, 69, 138, 100
-0.997901, 31, 65, 46, 96
-0.997904, 85, 81, 100, 112
-0.99791, 247, 1, 262, 32
-0.997917, 133, 1, 164, 256
-0.99792, 1, 209, 380, 272
-0.997927, 193, 1, 320, 32
-0.997943, 209, 109, 336, 140
-0.997945, 33, 237, 160, 268
-0.997951, 209, 1, 240, 256
-0.997954, 111, 73, 126, 104
-0.997958, 161, 209, 288, 240
-0.997962, 181, 1, 212, 256
-0.997967, 57, 75, 120, 90
-0.997968, 49, 87, 112, 102
-0.997972, 105, 49, 120, 80
-0.997979, 81, 65, 144, 80
-0.997987, 281, 253, 296, 284
-0.997989, 125, 53, 140, 84
-0.997994, 323, 189, 338, 220
-0.997997, 81, 49, 144, 64
-0.998, 97, 125, 224, 156
-0.998004, 17, 41, 32, 72
-0.998011, 229, 1, 260, 256
-0.998015, 329, 181, 344, 212
-0.998029, 177, 133, 304, 164
-0.998036, 57, 89, 72, 120
-0.998037, 299, 245, 314, 276
-0.99806, 67, 89, 82, 120
-0.99807, 109, 177, 124, 208
-0.998092, 49, 95, 112, 110
-0.998096, 87, 53, 102, 84
-0.99811, 3, 57, 18, 88
-0.998113, 147, 169, 162, 200
-0.998119, 123, 209, 138, 240
-0.998121, 113, 181, 176, 196
-0.998132, 283, 49, 298, 80
-0.998132, 33, 41, 48, 72
-0.998141, 241, 181, 256, 212
-0.998159, 65, 113, 80, 144
-0.998163, 141, 65, 156, 96
-0.998163, 81, 55, 144, 70
-0.998166, 235, 165, 250, 196
-0.99817, 103, 165, 118, 196
-0.998171, 49, 81, 112, 96
-0.998171, 93, 133, 108, 164
-0.998172, 39, 45, 54, 76
-0.998173, 317, 193, 332, 224
-0.998174, 105, 73, 168, 88
-0.99818, 129, 137, 256, 168
-0.99818, 27, 77, 42, 108
-0.998185, 117, 73, 132, 104
-0.998208, 9, 45, 24, 76
-0.998209, 105, 175, 168, 190
-0.99821, 257, 101, 380, 132
-0.99821, 291, 53, 306, 84
-0.998216, 25, 57, 40, 88
-0.998217, 289, 245, 304, 276
-0.99823, 317, 157, 332, 188
-0.998237, 49, 61, 64, 92
-0.998239, 295, 229, 310, 260
-0.99825, 277, 1, 308, 256
-0.99825, 303, 233, 318, 264
-0.998251, 167, 253, 182, 284
-0.998254, 73, 69, 88, 100
-0.998258, 25, 85, 88, 100
-0.998258, 33, 77, 48, 108
-0.998262, 259, 17, 274, 48
-0.998265, 49, 127, 112, 142
-0.998269, 125, 253, 140, 284
-0.998277, 41, 53, 104, 68
-0.998279, 249, 37, 264, 68
-0.998289, 237, 61, 252, 92
-0.998295, 49, 73, 64, 104
-0.998304, 231, 53, 246, 84
-0.998306, 117, 197, 132, 228
-0.998307, 17, 79, 80, 94
-0.998312, 279, 241, 294, 272
-0.998312, 161, 253, 176, 284
-0.998315, 73, 57, 88, 88
-0.998316, 251, 197, 266, 228
-0.998319, 57, 69, 120, 84
-0.998323, 115, 37, 130, 68
-0.998324, 113, 187, 176, 202
-0.998332, 285, 221, 300, 252
-0.998333, 93, 53, 108, 84
-0.998334, 177, 145, 304, 176
-0.998334, 71, 121, 86, 152
-0.99834, 73, 1, 88, 32
-0.998341, 273, 229, 336, 244
-0.998342, 279, 213, 294, 244
-0.998344, 81, 93, 96, 124
-0.998345, 233, 113, 264, 240
-0.998347, 287, 85, 302, 116
-0.998349, 195, 253, 210, 284
-0.998351, 253, 53, 268, 84
-0.998354, 117, 253, 132, 284
-0.998355, 235, 41, 250, 72
-0.99836, 107, 37, 122, 68
-0.998362, 105, 67, 168, 82
-0.998367, 89, 121, 104, 152
-0.998375, 141, 169, 156, 200
-0.998377, 181, 253, 196, 284
-0.998381, 269, 65, 284, 96
-0.998383, 289, 233, 304, 264
-0.998385, 1, 49, 64, 64
-0.998391, 101, 29, 116, 60
-0.998391, 199, 173, 214, 204
-0.998391, 311, 201, 326, 232
-0.998407, 323, 57, 338, 88
-0.998408, 55, 37, 70, 68
-0.998408, 125, 193, 140, 224
-0.998409, 359, 37, 374, 68
-0.998409, 255, 37, 270, 68
-0.998412, 49, 59, 112, 74
-0.998416, 79, 57, 94, 88
-0.99842, 273, 235, 336, 250
-0.998421, 213, 65, 228, 96
-0.998425, 41, 101, 104, 116
-0.998429, 113, 57, 176, 72
-0.998432, 125, 41, 140, 72
-0.998432, 105, 169, 168, 184
-0.998434, 181, 49, 196, 80
-0.998438, 67, 1, 82, 32
-0.998444, 41, 33, 56, 64
-0.998444, 281, 241, 344, 256
-0.998444, 353, 33, 368, 64
-0.998445, 155, 181, 170, 212
-0.998447, 9, 57, 72, 72
-0.998447, 85, 155, 116, 170
-0.998447, 9, 75, 40, 90
-0.998447, 113, 219, 144, 234
-0.998448, 259, 49, 274, 80
-0.998448, 109, 13, 140, 28
-0.998448, 73, 111, 104, 126
-0.998449, 61, 63, 92, 78
-0.998449, 289, 57, 320, 72
-0.998449, 229, 193, 260, 208
-0.998449, 269, 57, 300, 72
-0.998451, 97, 189, 128, 204
-0.998451, 201, 75, 232, 90
-0.998451, 149, 265, 180, 280
-0.998452, 113, 267, 144, 282
-0.998453, 101, 31, 132, 46
-0.998453, 61, 1, 76, 32
-0.998453, 45, 57, 76, 72
-0.998453, 301, 229, 332, 244
-0.998454, 9, 69, 40, 84
-0.998454, 129, 259, 192, 274
-0.998454, 133, 17, 164, 32
-0.998454, 253, 45, 284, 60
-0.998454, 265, 81, 296, 96
-0.998456, 261, 205, 292, 220
-0.998456, 125, 39, 156, 54
-0.998456, 157, 55, 188, 70
-0.998457, 41, 77, 72, 92
-0.998457, 297, 153, 328, 168
-0.998457, 177, 53, 208, 68
-0.998459, 281, 247, 344, 262
-0.998459, 233, 55, 264, 70
-0.99846, 237, 21, 268, 36
-0.998461, 81, 45, 112, 60
-0.998461, 265, 23, 296, 38
-0.998461, 53, 1, 68, 32
-0.998462, 239, 9, 254, 40
-0.998462, 133, 53, 148, 84
-0.998462, 49, 37, 80, 52
-0.998462, 109, 171, 140, 186
-0.998463, 113, 207, 144, 222
-0.998463, 81, 71, 144, 86
-0.998463, 129, 203, 160, 218
-0.998464, 29, 71, 60, 86
-0.998466, 273, 87, 304, 102
-0.998466, 125, 213, 156, 228
-0.998468, 253, 29, 284, 44
-0.998468, 209, 73, 272, 88
-0.998468, 29, 43, 60, 58
-0.998469, 25, 65, 88, 80
-0.998471, 111, 189, 126, 220
-0.998471, 281, 247, 312, 262
-0.998471, 289, 69, 304, 100
-0.998471, 125, 55, 156, 70
-0.998471, 281, 269, 312, 284
-0.998471, 121, 29, 152, 44
-0.998472, 21, 77, 52, 92
-0.998473, 229, 47, 260, 62
-0.998473, 245, 55, 276, 70
-0.998473, 275, 65, 290, 96
-0.998473, 109, 201, 140, 216
-0.998474, 269, 259, 300, 274
-0.998474, 281, 51, 312, 66
-0.998475, 61, 1, 92, 16
-0.998476, 121, 197, 152, 212
-0.998477, 125, 265, 156, 280
-0.998478, 113, 193, 176, 208
-0.998479, 85, 149, 116, 164
-0.998479, 41, 51, 72, 66
-0.99848, 9, 49, 40, 64
-0.99848, 73, 57, 104, 72
-0.99848, 109, 19, 140, 34
-0.998481, 113, 255, 144, 270
-0.998482, 281, 223, 312, 238
-0.998482, 81, 143, 112, 158
-0.998483, 305, 221, 320, 252
-0.998484, 105, 39, 136, 54
-0.998484, 271, 253, 286, 284
-0.998485, 231, 253, 246, 284
-0.998485, 127, 221, 142, 252
-0.998486, 65, 103, 128, 118
-0.998486, 109, 195, 140, 210
-0.998487, 77, 121, 108, 136
-0.998488, 129, 189, 160, 204
-0.998488, 113, 213, 144, 228
-0.99849, 225, 261, 256, 276
-0.99849, 127, 1, 142, 32
-0.99849, 225, 31, 288, 46
-0.998491, 323, 173, 338, 204
-0.998491, 205, 165, 220, 196
-0.998492, 41, 71, 72, 86
-0.998492, 53, 103, 84, 118
-0.998492, 57, 101, 72, 132
-0.998496, 229, 71, 260, 86
-0.998496, 269, 51, 300, 66
-0.998497, 129, 71, 192, 86
-0.998498, 85, 97, 116, 112
-0.9985, 241, 61, 272, 76
-0.998501, 45, 97, 76, 112
-0.998503, 133, 257, 164, 272
-0.998503, 77, 73, 108, 88
-0.998504, 281, 263, 312, 278
-0.998505, 61, 127, 92, 142
-0.998506, 245, 265, 276, 280
-0.998507, 117, 189, 148, 204
-0.998508, 157, 257, 188, 272
-0.998511, 281, 241, 312, 256
-0.998515, 29, 65, 60, 80
-0.998516, 113, 183, 144, 198
-0.998516, 9, 55, 40, 70
-0.998517, 21, 49, 52, 64
-0.998517, 105, 53, 136, 68
-0.99852, 113, 177, 144, 192
-0.99852, 65, 119, 96, 134
-0.998522, 65, 103, 96, 118
-0.998525, 77, 133, 108, 148
-0.998526, 301, 241, 332, 256
-0.998529, 301, 235, 332, 250
-0.998535, 93, 53, 124, 68
-0.998535, 305, 235, 368, 250
-0.998535, 117, 61, 148, 76
-0.998536, 41, 83, 72, 98
-0.998536, 97, 79, 160, 94
-0.998538, 9, 39, 40, 54
-0.99854, 261, 265, 292, 280
-0.99854, 241, 49, 272, 64
-0.99854, 133, 179, 164, 194
-0.99854, 137, 71, 168, 86
-0.99854, 305, 207, 368, 222
-0.998541, 273, 201, 336, 216
-0.998541, 233, 265, 296, 280
-0.998541, 77, 105, 108, 120
-0.998543, 97, 69, 128, 84
-0.998544, 61, 109, 92, 124
-0.998548, 45, 63, 76, 78
-0.998552, 89, 83, 120, 98
-0.998552, 89, 91, 120, 106
-0.998552, 249, 203, 312, 218
-0.998553, 281, 235, 312, 250
-0.998555, 89, 63, 120, 78
-0.998555, 21, 59, 52, 74
-0.998558, 129, 175, 192, 190
-0.998559, 121, 51, 184, 66
-0.998562, 113, 199, 176, 214
-0.998564, 137, 65, 200, 80
-0.998564, 313, 197, 376, 212
-0.998565, 249, 193, 312, 208
-0.998569, 133, 173, 164, 188
-0.998572, 33, 73, 96, 88
-0.998573, 273, 263, 336, 278
-0.998573, 273, 223, 336, 238
-0.998578, 233, 65, 296, 80
-0.998578, 321, 193, 352, 208
-0.99858, 69, 91, 100, 106
-0.99858, 105, 61, 136, 76
-0.998583, 41, 107, 104, 122
-0.998584, 201, 173, 264, 188
-0.998585, 77, 127, 108, 142
-0.998585, 89, 183, 152, 198
-0.998586, 281, 229, 312, 244
-0.998591, 113, 205, 176, 220
-0.998593, 17, 101, 80, 116
-0.998594, 57, 89, 88, 104
-0.998595, 61, 75, 92, 90
-0.998596, 89, 189, 152, 204
-0.998603, 1, 43, 64, 58
-0.998604, 117, 75, 148, 90
-0.998606, 101, 79, 132, 94
-0.998617, 77, 67, 108, 82
-0.998617, 57, 121, 120, 136
-0.99862, 73, 85, 104, 100
-0.998622, 17, 91, 80, 106
-0.998623, 89, 75, 120, 90
-0.998627, 265, 211, 328, 226
-0.998629, 41, 47, 104, 62
-0.998629, 57, 83, 88, 98
-0.998631, 87, 49, 102, 176
-0.998633, 273, 191, 336, 206
-0.998634, 241, 5, 304, 20
-0.998636, 65, 97, 96, 112
-0.998641, 153, 259, 216, 274
-0.998642, 305, 241, 368, 256
-0.998642, 109, 67, 140, 82
-0.998643, 61, 69, 92, 84
-0.99865, 73, 81, 136, 96
-0.998651, 125, 69, 156, 84
-0.998653, 73, 91, 136, 106
-0.998656, 77, 79, 108, 94
-0.998659, 97, 33, 112, 160
-0.998663, 257, 243, 320, 258
-0.998663, 197, 33, 228, 285
-0.998665, 201, 261, 264, 276
-0.998668, 33, 57, 64, 72
-0.998669, 89, 259, 152, 274
-0.998671, 63, 49, 78, 176
-0.998672, 201, 5, 264, 20
-0.998674, 225, 25, 288, 40
-0.998674, 305, 213, 368, 228
-0.998676, 281, 253, 344, 268
-0.998688, 201, 167, 264, 182
-0.99869, 107, 17, 122, 144
-0.998695, 89, 265, 152, 280
-0.998696, 113, 45, 176, 60
-0.998699, 81, 49, 96, 176
-0.998702, 201, 57, 264, 72
-0.998706, 93, 47, 124, 62
-0.998707, 69, 49, 84, 176
-0.998707, 249, 259, 312, 274
-0.998713, 209, 49, 272, 64
-0.998713, 113, 33, 128, 160
-0.998714, 233, 59, 296, 74
-0.998717, 305, 229, 368, 244
-0.998719, 113, 253, 176, 268
-0.998721, 241, 187, 304, 202
-0.998722, 225, 259, 288, 274
-0.998723, 1, 67, 64, 82
-0.998726, 33, 121, 96, 136
-0.998727, 89, 195, 152, 210
-0.998734, 273, 153, 336, 168
-0.998736, 1, 225, 128, 256
-0.998739, 305, 223, 368, 238
-0.998745, 49, 133, 112, 148
-0.998745, 201, 179, 264, 194
-0.998748, 121, 37, 184, 52
-0.99875, 113, 211, 176, 226
-0.998753, 233, 49, 296, 64
-0.998755, 121, 265, 184, 280
-0.998759, 225, 37, 288, 52
-0.998762, 241, 181, 304, 196
-0.998763, 289, 181, 352, 196
-0.998763, 153, 175, 216, 190
-0.998764, 57, 145, 120, 160
-0.998772, 185, 75, 248, 90
-0.99878, 281, 159, 344, 174
-0.99878, 265, 25, 328, 40
-0.998793, 75, 49, 90, 176
-0.998795, 129, 149, 256, 180
-0.998797, 97, 23, 160, 38
-0.998798, 73, 27, 136, 42
-0.998799, 161, 71, 224, 86
-0.9988, 305, 247, 368, 262
-0.998801, 201, 33, 264, 48
-0.998802, 233, 175, 296, 190
-0.998803, 241, 233, 304, 248
-0.998806, 97, 85, 160, 100
-0.998807, 97, 89, 224, 120
-0.99881, 137, 181, 200, 196
-0.998814, 113, 15, 176, 30
-0.998814, 9, 73, 72, 88
-0.998816, 105, 163, 168, 178
-0.998817, 9, 125, 72, 140
-0.998819, 249, 83, 312, 98
-0.998823, 321, 191, 380, 206
-0.998824, 49, 7, 112, 22
-0.998826, 297, 259, 360, 274
-0.998829, 119, 33, 134, 160
-0.998833, 257, 269, 320, 284
-0.998834, 81, 97, 144, 112
-0.998837, 71, 1, 86, 128
-0.998841, 89, 129, 152, 144
-0.998842, 89, 43, 152, 58
-0.998843, 89, 143, 152, 158
-0.998843, 121, 25, 184, 40
-0.998844, 185, 25, 248, 40
-0.998848, 145, 265, 208, 280
-0.998875, 93, 81, 108, 208
-0.998879, 77, 1, 92, 128
-0.9989, 127, 33, 142, 160
-0.998949, 317, 145, 332, 272
-0.998965, 55, 81, 70, 208
-0.998986, 237, 1, 252, 128
-0.998996, 31, 65, 46, 192
-0.998998, 345, 113, 376, 240
-0.998998, 257, 1, 272, 128
-0.999001, 223, 1, 238, 128
-0.999006, 87, 97, 102, 224
-0.999008, 145, 121, 272, 152
-0.999055, 63, 97, 78, 224
-0.999063, 209, 1, 224, 128
-0.999064, 291, 49, 306, 176
-0.999067, 103, 65, 118, 192
-0.999069, 133, 33, 148, 160
-0.999071, 85, 1, 100, 128
-0.999077, 81, 97, 96, 224
-0.999078, 63, 1, 78, 128
-0.999092, 231, 17, 246, 144
-0.999093, 91, 1, 106, 128
-0.999095, 283, 33, 298, 160
-0.999121, 277, 1, 292, 128
-0.999122, 323, 161, 338, 285
-0.999129, 23, 33, 38, 160
-0.999141, 149, 161, 164, 285
-0.999142, 263, 1, 278, 128
-0.999143, 19, 81, 34, 208
-0.999164, 299, 49, 314, 176
-0.999171, 105, 161, 120, 285
-0.999171, 69, 97, 84, 224
-0.999175, 37, 65, 52, 192
-0.999177, 7, 81, 22, 208
-0.999179, 135, 161, 150, 285
-0.99918, 243, 1, 258, 128
-0.999184, 99, 145, 114, 272
-0.999184, 235, 161, 250, 285
-0.999186, 203, 17, 218, 144
-0.999188, 143, 1, 158, 128
-0.999191, 215, 33, 230, 160
-0.999195, 13, 81, 28, 208
-0.999212, 53, 33, 68, 160
-0.999217, 251, 1, 266, 128
-0.999217, 311, 145, 326, 272
-0.999219, 269, 33, 284, 160
-0.999224, 289, 1, 304, 128
-0.999224, 1, 81, 16, 208
-0.999225, 25, 81, 40, 208
-0.999227, 197, 1, 212, 128
-0.999228, 93, 129, 108, 256
-0.999229, 111, 161, 126, 285
-0.999235, 199, 161, 214, 285
-0.999245, 209, 145, 224, 272
-0.999249, 143, 161, 158, 285
-0.999249, 37, 1, 52, 128
-0.999253, 47, 33, 62, 160
-0.999257, 295, 1, 310, 128
-0.99926, 31, 113, 46, 240
-0.999272, 3, 33, 18, 160
-0.999276, 75, 97, 90, 224
-0.999278, 183, 17, 198, 144
-0.999283, 305, 49, 320, 176
-0.999303, 283, 81, 298, 208
-0.999303, 193, 161, 208, 285
-0.999305, 279, 161, 294, 285
-0.999306, 149, 1, 164, 128
-0.999308, 271, 161, 286, 285
-0.999309, 359, 17, 374, 144
-0.999312, 241, 161, 256, 285
-0.999315, 353, 17, 368, 144
-0.99932, 45, 81, 60, 208
-0.999321, 215, 145, 230, 272
-0.999325, 9, 1, 24, 128
-0.999325, 221, 49, 236, 176
-0.999326, 323, 49, 338, 176
-0.999327, 1, 129, 16, 256
-0.99933, 229, 145, 244, 272
-0.999331, 345, 33, 360, 160
-0.999333, 249, 161, 264, 285
-0.999344, 307, 97, 322, 224
-0.999348, 135, 81, 150, 208
-0.999349, 313, 65, 328, 192
-0.99935, 179, 161, 194, 285
-0.99935, 129, 161, 144, 285
-0.999361, 119, 161, 134, 285
-0.999364, 339, 49, 354, 176
-0.999365, 11, 129, 26, 256
-0.999366, 185, 161, 200, 285
-0.999371, 155, 161, 170, 285
-0.999372, 25, 129, 40, 256
-0.999374, 265, 161, 280, 285
-0.999375, 17, 129, 32, 256
-0.999376, 39, 113, 54, 240
-0.999378, 277, 49, 292, 176
-0.99938, 163, 161, 178, 285
-0.99938, 329, 145, 344, 272
-0.999386, 289, 161, 304, 285
-0.999392, 175, 1, 190, 128
-0.999394, 155, 261, 170, 276
-0.999397, 237, 261, 252, 276
-0.9994, 225, 267, 240, 282
-0.9994, 93, 59, 108, 74
-0.999401, 97, 91, 112, 106
-0.999401, 293, 97, 308, 224
-0.999405, 313, 17, 328, 144
-0.999406, 259, 161, 274, 285
-0.999406, 173, 161, 188, 285
-0.999408, 111, 193, 126, 208
-0.99941, 87, 125, 102, 140
-0.999412, 27, 65, 42, 80
-0.999413, 249, 199, 264, 214
-0.999414, 51, 75, 66, 90
-0.999414, 123, 197, 138, 212
-0.999415, 329, 1, 344, 128
-0.999417, 119, 37, 134, 52
-0.999419, 59, 37, 74, 52
-0.999422, 221, 145, 236, 272
-0.999422, 145, 113, 160, 240
-0.999423, 149, 179, 164, 194
-0.999424, 365, 17, 380, 144
-0.999424, 329, 191, 344, 206
-0.999425, 227, 65, 242, 192
-0.999426, 323, 113, 338, 240
-0.999428, 93, 135, 108, 150
-0.999429, 289, 55, 304, 70
-0.999429, 295, 239, 310, 254
-0.99943, 181, 53, 196, 68
-0.999431, 31, 1, 46, 128
-0.999431, 103, 85, 118, 100
-0.999434, 239, 183, 254, 198
-0.999435, 231, 267, 246, 282
-0.999436, 71, 127, 86, 142
-0.999436, 117, 209, 132, 224
-0.999438, 207, 65, 222, 192
-0.999438, 289, 247, 304, 262
-0.999439, 291, 263, 306, 278
-0.999439, 243, 193, 258, 208
-0.999439, 165, 1, 180, 128
-0.999441, 17, 33, 32, 160
-0.999441, 175, 49, 190, 176
-0.999442, 47, 129, 62, 256
-0.999443, 261, 269, 276, 284
-0.999447, 105, 113, 120, 240
-0.999449, 247, 5, 262, 20
-0.999449, 299, 251, 314, 266
-0.999452, 333, 49, 348, 176
-0.999453, 239, 15, 254, 30
-0.999453, 337, 1, 352, 128
-0.999453, 235, 55, 250, 70
-0.999453, 175, 259, 190, 274
-0.999454, 113, 199, 128, 214
-0.999454, 191, 1, 206, 128
-0.999457, 129, 81, 144, 208
-0.999458, 15, 51, 30, 66
-0.999459, 195, 265, 210, 280
-0.99946, 261, 65, 276, 192
-0.999462, 7, 55, 22, 70
-0.999463, 33, 77, 48, 92
-0.999467, 239, 49, 254, 176
-0.999471, 257, 263, 272, 278
-0.999473, 283, 49, 298, 64
-0.999474, 99, 73, 114, 88
-0.999475, 99, 261, 114, 276
-0.999476, 127, 211, 142, 226
-0.999477, 73, 117, 88, 132
-0.99948, 77, 127, 92, 142
-0.999481, 305, 237, 320, 252
-0.999483, 129, 109, 256, 140
-0.999483, 111, 261, 126, 276
-0.999492, 75, 1, 90, 16
-0.999493, 291, 257, 306, 272
-0.999503, 245, 53, 260, 68
-0.999505, 105, 177, 120, 192
-0.99951, 107, 51, 122, 66
-0.999515, 143, 171, 158, 186
-0.999515, 125, 261, 140, 276
-0.999521, 13, 35, 28, 50
-0.999522, 79, 83, 94, 98
-0.999528, 295, 231, 310, 246
-0.999531, 117, 67, 132, 82
-0.999534, 287, 87, 302, 102
-0.999537, 113, 61, 128, 76
-0.999538, 73, 63, 88, 78
-0.999541, 65, 73, 80, 88
-0.999542, 85, 59, 100, 74
-0.999546, 91, 65, 106, 80
-0.999548, 73, 85, 88, 100
-0.999556, 135, 63, 150, 78
-0.999557, 55, 67, 70, 82
-0.999561, 117, 259, 132, 274
-0.999562, 167, 257, 182, 272
-0.999563, 181, 259, 196, 274
-0.999563, 243, 263, 258, 278
-0.999572, 235, 49, 250, 64
-0.999572, 323, 191, 338, 206
-0.999573, 49, 59, 64, 74
-0.999575, 201, 261, 216, 276
-0.999578, 299, 245, 314, 260
-0.999582, 127, 75, 142, 90
-0.999588, 89, 97, 104, 112
-0.999599, 17, 41, 32, 56
-0.999605, 23, 59, 38, 74
-0.999611, 73, 91, 88, 106
-0.999613, 143, 69, 158, 84
-0.999614, 81, 105, 96, 120
-0.999622, 225, 261, 240, 276
-0.999623, 1, 161, 64, 285
-0.999642, 61, 81, 76, 96
-0.999645, 125, 59, 140, 74
-0.999645, 265, 263, 280, 278
-0.999646, 47, 51, 62, 66
-0.999649, 27, 47, 42, 62
-0.999652, 65, 109, 80, 124
-0.999656, 283, 265, 298, 280
-0.999666, 61, 89, 76, 104
-0.99967, 91, 83, 106, 98
-0.999671, 81, 89, 96, 104
-0.999672, 245, 47, 260, 62
-0.999673, 275, 267, 290, 282
-0.999679, 231, 261, 246, 276
-0.999681, 79, 67, 94, 82
-0.999682, 67, 99, 82, 114
-0.9997, 73, 69, 88, 84
-0.999704, 121, 75, 136, 90
-0.999714, 91, 77, 106, 92
-0.999717, 81, 121, 96, 136
-0.999725, 161, 259, 176, 274
-0.999726, 119, 61, 134, 76
-0.999729, 73, 145, 104, 272
-0.999738, 75, 109, 90, 124
-0.999739, 57, 99, 72, 114
-0.999749, 145, 93, 272, 124
-0.999756, 79, 77, 94, 92
-0.999759, 111, 71, 126, 86
-0.99976, 33, 63, 48, 78
-0.999766, 41, 61, 56, 76
-0.999767, 251, 265, 266, 280
-0.999784, 105, 79, 120, 94
-0.999802, 55, 61, 70, 76
-0.999815, 117, 55, 132, 70
-0.999824, 115, 77, 130, 92
-0.999838, 85, 83, 100, 98
-0.99987, 29, 57, 44, 72
-0.999881, 41, 55, 56, 70
-0.999888, 123, 67, 138, 82
-0.999901, 105, 73, 120, 88
-0.99991, 85, 67, 100, 82
-0.999957, 57, 161, 120, 285
-0.999986, 91, 91, 106, 106
-1.00001, 113, 105, 240, 168
-1.00005, 97, 85, 112, 100
-1.00007, 137, 69, 152, 84
-1.00007, 99, 79, 114, 94
-1.00009, 67, 67, 82, 82
-1.00009, 35, 57, 50, 72
-1.00009, 131, 69, 146, 84
-1.00028, 97, 45, 112, 60
-1.00075, 161, 105, 288, 168
-1.00138, 205, 97, 236, 224
-1.00183, 173, 113, 204, 240
-1.0033, 13, 161, 44, 285
-1.00471, 29, 161, 60, 285
-1.00507, 245, 97, 276, 224
-1.00653, 53, 161, 84, 285
