2133
-0.329504, 1, 1, 496, 500
-0.336897, 1, 257, 496, 500
-0.390081, 193, 1, 448, 500
-0.397012, 1, 161, 496, 416
-0.464881, 1, 33, 496, 288
-0.494478, 97, 1, 352, 500
-0.534527, 1, 1, 256, 500
-0.552081, 225, 1, 480, 256
-0.58538, 161, 193, 416, 448
-0.609393, 65, 129, 320, 384
-0.622516, 257, 257, 496, 500
-0.67435, 257, 161, 496, 416
-0.729136, 129, 33, 384, 288
-0.746261, 65, 225, 320, 480
-0.79465, 1, 33, 256, 288
-0.831447, 321, 257, 448, 500
-0.834435, 337, 1, 464, 500
-0.835453, 337, 1, 464, 256
-0.84147, 289, 1, 416, 500
-0.846644, 209, 1, 336, 500
-0.849735, 209, 193, 336, 448
-0.862089, 257, 161, 384, 416
-0.868486, 177, 65, 304, 320
-0.869552, 161, 161, 288, 416
-0.875996, 161, 1, 288, 500
-0.877469, 369, 225, 496, 480
-0.878152, 1, 289, 496, 416
-0.880775, 305, 161, 432, 416
-0.88168, 273, 257, 400, 500
-0.882197, 225, 33, 352, 288
-0.882221, 1, 177, 496, 304
-0.883597, 273, 1, 400, 256
-0.892547, 129, 65, 256, 320
-0.893102, 1, 225, 496, 352
-0.893715, 97, 1, 224, 500
-0.902787, 1, 97, 496, 224
-0.903749, 81, 129, 208, 384
-0.911371, 33, 1, 160, 500
-0.912261, 1, 33, 496, 160
-0.912688, 353, 129, 480, 384
-0.917004, 225, 17, 480, 144
-0.917168, 33, 193, 160, 448
-0.917295, 33, 193, 288, 320
-0.923049, 161, 257, 288, 500
-0.924025, 193, 289, 448, 416
-0.926371, 193, 161, 448, 288
-0.926849, 97, 145, 352, 272
-0.931335, 161, 209, 416, 336
-0.93138, 1, 145, 256, 272
-0.931503, 257, 337, 496, 464
-0.932831, 321, 273, 448, 400
-0.933336, 377, 257, 440, 384
-0.933682, 257, 209, 496, 336
-0.938537, 17, 65, 144, 320
-0.938834, 257, 113, 496, 240
-0.939138, 233, 161, 296, 288
-0.940811, 129, 65, 384, 192
-0.942151, 337, 17, 464, 144
-0.942655, 1, 241, 256, 368
-0.943879, 113, 257, 240, 500
-0.944009, 321, 337, 448, 464
-0.944313, 353, 273, 416, 400
-0.94608, 225, 161, 352, 288
-0.94647, 209, 225, 336, 352
-0.947218, 321, 225, 448, 352
-0.947287, 393, 33, 456, 160
-0.9478, 65, 33, 192, 288
-0.948879, 145, 193, 272, 320
-0.949192, 1, 337, 496, 464
-0.949729, 33, 97, 288, 224
-0.949991, 377, 265, 440, 328
-0.951307, 273, 289, 400, 416
-0.951594, 233, 225, 296, 352
-0.951878, 65, 161, 192, 288
-0.95285, 1, 33, 256, 160
-0.953266, 369, 257, 496, 384
-0.953358, 113, 145, 240, 272
-0.953981, 369, 305, 496, 432
-0.954008, 97, 257, 352, 384
-0.954588, 201, 193, 264, 320
-0.954649, 177, 145, 304, 272
-0.956161, 289, 1, 416, 128
-0.956937, 145, 97, 272, 224
-0.956976, 401, 225, 464, 352
-0.957009, 225, 33, 352, 160
-0.957043, 385, 25, 448, 88
-0.957188, 265, 177, 328, 304
-0.957396, 401, 273, 464, 400
-0.957587, 377, 321, 440, 448
-0.957893, 161, 369, 416, 496
-0.958143, 329, 273, 392, 400
-0.958731, 129, 1, 384, 128
-0.959028, 305, 273, 368, 400
-0.959155, 1, 289, 256, 416
-0.959288, 257, 65, 496, 192
-0.960122, 177, 49, 304, 176
-0.960187, 113, 145, 176, 272
-0.960203, 369, 17, 432, 144
-0.960417, 1, 369, 256, 496
-0.960808, 361, 17, 424, 80
-0.962595, 257, 209, 384, 336
-0.9626, 169, 97, 232, 224
-0.96286, 17, 225, 144, 352
-0.963098, 329, 353, 392, 480
-0.963168, 233, 185, 296, 248
-0.963291, 97, 305, 352, 432
-0.963519, 369, 209, 496, 336
-0.963667, 401, 177, 464, 304
-0.963877, 225, 289, 352, 416
-0.964124, 257, 225, 320, 352
-0.965047, 273, 129, 400, 256
-0.965212, 377, 209, 440, 336
-0.965399, 337, 17, 400, 80
-0.965431, 321, 281, 448, 344
-0.965748, 425, 145, 488, 272
-0.965822, 185, 145, 248, 272
-0.966085, 337, 129, 464, 256
-0.966115, 377, 241, 440, 304
-0.966155, 145, 113, 208, 240
-0.966429, 353, 225, 416, 352
-0.966736, 345, 1, 408, 128
-0.966803, 33, 241, 96, 368
-0.966861, 193, 81, 256, 208
-0.96715, 233, 233, 296, 296
-0.967488, 81, 161, 144, 288
-0.967559, 353, 321, 416, 448
-0.967708, 233, 49, 296, 176
-0.968669, 353, 337, 416, 400
-0.968766, 185, 193, 248, 256
-0.96882, 401, 249, 464, 312
-0.968974, 401, 297, 464, 360
-0.969052, 33, 113, 160, 240
-0.969118, 377, 297, 440, 360
-0.969265, 337, 281, 400, 344
-0.969274, 1, 241, 64, 368
-0.969326, 17, 369, 144, 496
-0.969544, 321, 17, 448, 80
-0.969548, 281, 289, 344, 416
-0.969615, 401, 249, 432, 312
-0.969631, 321, 177, 448, 304
-0.969865, 393, 1, 456, 256
-0.969877, 97, 97, 224, 224
-0.969925, 161, 241, 288, 368
-0.969993, 361, 257, 424, 500
-0.970062, 241, 161, 304, 224
-0.970188, 401, 257, 432, 384
-0.970285, 377, 321, 440, 384
-0.970516, 17, 177, 144, 304
-0.970907, 233, 129, 296, 384
-0.970909, 225, 225, 288, 480
-0.970985, 305, 25, 368, 88
-0.971004, 225, 209, 288, 272
-0.97134, 113, 289, 240, 416
-0.971521, 281, 129, 344, 256
-0.97153, 177, 193, 304, 256
-0.971732, 113, 153, 176, 216
-0.971782, 281, 17, 344, 144
-0.971955, 273, 193, 336, 256
-0.972002, 401, 321, 464, 448
-0.972008, 393, 49, 456, 112
-0.972019, 41, 193, 104, 320
-0.972072, 257, 369, 384, 496
-0.972346, 385, 225, 448, 480
-0.972567, 201, 217, 264, 280
-0.972585, 401, 321, 464, 384
-0.972611, 353, 65, 480, 192
-0.972684, 209, 241, 272, 368
-0.972749, 401, 273, 464, 336
-0.973062, 257, 217, 320, 280
-0.973199, 257, 161, 320, 416
-0.973214, 97, 49, 224, 176
-0.973359, 65, 369, 192, 496
-0.973373, 397, 17, 428, 80
-0.97348, 369, 353, 496, 480
-0.973499, 225, 57, 288, 120
-0.973518, 305, 17, 368, 144
-0.973561, 329, 353, 392, 416
-0.973669, 1, 273, 128, 400
-0.973681, 161, 289, 288, 416
-0.97369, 413, 33, 444, 96
-0.973822, 257, 33, 320, 160
-0.97388, 305, 369, 368, 496
-0.973991, 273, 17, 400, 80
-0.97442, 225, 113, 352, 240
-0.97444, 209, 145, 272, 272
-0.974465, 225, 193, 352, 256
-0.974593, 233, 33, 296, 288
-0.974597, 409, 225, 472, 288
-0.974625, 65, 225, 192, 352
-0.974673, 433, 97, 496, 224
-0.974793, 201, 193, 264, 448
-0.974871, 17, 321, 144, 448
-0.975022, 249, 289, 312, 416
-0.975071, 273, 1, 336, 256
-0.975118, 185, 89, 248, 152
-0.975152, 353, 257, 416, 320
-0.975199, 313, 281, 376, 344
-0.975524, 177, 193, 240, 320
-0.975644, 389, 257, 420, 384
-0.975828, 417, 33, 480, 160
-0.975893, 265, 33, 328, 96
-0.976199, 405, 281, 436, 344
-0.976349, 269, 201, 300, 264
-0.976357, 289, 409, 352, 472
-0.976641, 337, 41, 464, 104
-0.976725, 161, 1, 288, 128
-0.976763, 337, 257, 400, 500
-0.976812, 225, 289, 288, 416
-0.976838, 145, 217, 272, 280
-0.977019, 241, 113, 304, 240
-0.977167, 281, 169, 344, 232
-0.977186, 425, 169, 488, 232
-0.977215, 377, 161, 440, 288
-0.977217, 337, 337, 464, 400
-0.977254, 209, 225, 336, 288
-0.977302, 393, 113, 456, 240
-0.977305, 389, 273, 420, 336
-0.977327, 377, 345, 440, 408
-0.977343, 329, 225, 392, 352
-0.977352, 273, 297, 336, 360
-0.977363, 409, 193, 472, 448
-0.977603, 33, 233, 96, 296
-0.977775, 57, 145, 120, 272
-0.9778, 281, 241, 344, 368
-0.977805, 225, 169, 352, 232
-0.977879, 209, 185, 272, 248
-0.978021, 353, 313, 416, 376
-0.978038, 193, 65, 256, 320
-0.978228, 313, 313, 376, 376
-0.9783, 273, 265, 336, 328
-0.978309, 153, 129, 216, 192
-0.978436, 337, 305, 464, 368
-0.978455, 421, 33, 452, 160
-0.978739, 381, 17, 412, 80
-0.978746, 265, 161, 296, 288
-0.978754, 321, 257, 448, 320
-0.978917, 305, 225, 368, 352
-0.978926, 137, 161, 200, 288
-0.978934, 305, 321, 368, 448
-0.979, 137, 153, 200, 216
-0.979003, 313, 257, 376, 500
-0.97915, 365, 17, 396, 80
-0.97931, 377, 217, 440, 280
-0.979316, 57, 241, 120, 368
-0.979319, 257, 225, 288, 352
-0.979341, 229, 209, 260, 336
-0.97937, 217, 1, 280, 128
-0.979441, 145, 209, 208, 336
-0.979474, 425, 193, 488, 320
-0.979521, 297, 433, 360, 496
-0.979528, 17, 193, 80, 320
-0.979734, 421, 193, 452, 320
-0.97975, 417, 201, 480, 264
-0.979892, 245, 225, 276, 352
-0.980146, 361, 161, 424, 416
-0.980155, 281, 369, 344, 496
-0.980172, 89, 113, 152, 240
-0.980503, 97, 177, 160, 240
-0.98054, 329, 393, 392, 456
-0.980559, 217, 177, 248, 304
-0.980608, 169, 289, 232, 416
-0.980614, 225, 41, 352, 104
-0.980655, 233, 233, 264, 296
-0.980662, 1, 289, 64, 416
-0.980738, 97, 153, 224, 216
-0.980745, 209, 185, 240, 248
-0.98077, 385, 185, 448, 248
-0.980798, 1, 265, 64, 328
-0.98083, 33, 17, 160, 144
-0.981096, 393, 1, 456, 500
-0.981156, 25, 257, 88, 320
-0.981339, 269, 209, 300, 336
-0.981429, 433, 145, 496, 208
-0.981479, 253, 161, 284, 288
-0.981543, 409, 17, 440, 144
-0.981609, 369, 1, 432, 256
-0.981662, 65, 321, 192, 448
-0.981736, 329, 1, 392, 256
-0.981767, 405, 321, 436, 384
-0.981804, 433, 369, 496, 496
-0.981876, 405, 305, 436, 432
-0.98192, 297, 1, 360, 256
-0.982, 393, 145, 456, 208
-0.982007, 361, 273, 392, 400
-0.982028, 113, 97, 176, 224
-0.982158, 261, 225, 292, 288
-0.982161, 405, 209, 436, 336
-0.982217, 209, 353, 336, 480
-0.982219, 193, 305, 256, 432
-0.982261, 25, 289, 88, 416
-0.98227, 161, 97, 224, 352
-0.982287, 389, 321, 420, 448
-0.982316, 361, 1, 424, 500
-0.982511, 129, 337, 256, 464
-0.982512, 81, 177, 208, 240
-0.982523, 65, 273, 192, 400
-0.982527, 305, 145, 368, 272
-0.98258, 389, 249, 420, 312
-0.982615, 41, 209, 104, 272
-0.982619, 345, 17, 376, 80
-0.982641, 241, 177, 272, 304
-0.982693, 129, 193, 256, 256
-0.982765, 177, 73, 304, 136
-0.982776, 241, 425, 368, 488
-0.982794, 1, 289, 64, 352
-0.982857, 397, 1, 428, 128
-0.982888, 161, 105, 224, 168
-0.983002, 369, 273, 496, 336
-0.983004, 201, 65, 264, 128
-0.983009, 113, 241, 240, 368
-0.983074, 245, 233, 276, 296
-0.983122, 273, 81, 400, 208
-0.983125, 137, 273, 200, 400
-0.983205, 1, 433, 64, 496
-0.98322, 425, 9, 488, 72
-0.983274, 361, 41, 424, 104
-0.983298, 233, 193, 264, 256
-0.983327, 257, 217, 384, 280
-0.983329, 257, 305, 384, 368
-0.98333, 269, 177, 300, 240
-0.983374, 193, 17, 256, 144
-0.983423, 341, 273, 372, 400
-0.983462, 281, 129, 344, 384
-0.983482, 217, 97, 280, 224
-0.983496, 177, 169, 304, 232
-0.983561, 273, 185, 400, 248
-0.983635, 405, 225, 436, 288
-0.983651, 385, 17, 416, 144
-0.983672, 249, 289, 312, 352
-0.9838, 373, 273, 404, 400
-0.983832, 329, 257, 392, 320
-0.983915, 337, 1, 400, 500
-0.98402, 353, 233, 416, 296
-0.98409, 393, 321, 424, 384
-0.984165, 273, 281, 400, 344
-0.984174, 289, 385, 352, 448
-0.984196, 217, 217, 248, 280
-0.984256, 257, 201, 288, 264
-0.984333, 137, 129, 200, 384
-0.984337, 337, 193, 464, 256
-0.984369, 397, 345, 428, 408
-0.984387, 281, 177, 312, 304
-0.984391, 65, 209, 128, 272
-0.984432, 33, 313, 96, 376
-0.984434, 425, 49, 456, 112
-0.984438, 209, 241, 272, 304
-0.984467, 209, 1, 272, 500
-0.984508, 333, 369, 364, 432
-0.984515, 417, 233, 448, 296
-0.984558, 257, 257, 320, 500
-0.984599, 57, 353, 120, 480
-0.984646, 321, 233, 448, 296
-0.984649, 281, 257, 344, 500
-0.984658, 49, 65, 176, 192
-0.984672, 401, 41, 432, 104
-0.984686, 285, 177, 316, 240
-0.984726, 249, 1, 312, 500
-0.984731, 417, 65, 480, 320
-0.984739, 385, 1, 448, 64
-0.984758, 305, 337, 368, 400
-0.984824, 417, 41, 480, 104
-0.984897, 337, 161, 400, 416
-0.984905, 297, 1, 360, 500
-0.984943, 369, 241, 496, 304
-0.984972, 421, 209, 452, 272
-0.98498, 17, 233, 144, 296
-0.984985, 373, 17, 404, 144
-0.985003, 329, 425, 392, 488
-0.985072, 9, 233, 72, 296
-0.985162, 329, 273, 360, 400
-0.9852, 273, 1, 336, 500
-0.985242, 293, 257, 324, 384
-0.985263, 241, 33, 304, 96
-0.985309, 349, 345, 380, 408
-0.985341, 313, 161, 376, 416
-0.985372, 205, 177, 236, 304
-0.985408, 89, 153, 152, 216
-0.98548, 145, 65, 208, 192
-0.985503, 333, 17, 364, 80
-0.985505, 169, 169, 232, 232
-0.985577, 225, 265, 288, 328
-0.985584, 17, 225, 80, 480
-0.985666, 313, 369, 344, 496
-0.985712, 1, 337, 64, 464
-0.985725, 1, 401, 64, 464
-0.985753, 33, 241, 64, 368
-0.985776, 97, 1, 224, 128
-0.985808, 9, 65, 72, 192
-0.985887, 185, 97, 216, 224
-0.985891, 113, 257, 176, 384
-0.985916, 337, 337, 368, 464
-0.985949, 273, 161, 400, 224
-0.985979, 209, 265, 336, 328
-0.986007, 305, 1, 368, 64
-0.986028, 97, 369, 160, 496
-0.986032, 305, 257, 368, 320
-0.986041, 1, 65, 128, 192
-0.986051, 429, 145, 460, 272
-0.986051, 297, 361, 360, 424
-0.986167, 281, 9, 344, 72
-0.986174, 337, 161, 464, 224
-0.986302, 57, 249, 120, 312
-0.98632, 301, 17, 332, 144
-0.986335, 413, 257, 444, 384
-0.986374, 129, 129, 256, 192
-0.986381, 1, 145, 64, 272
-0.986456, 249, 57, 312, 120
-0.986472, 385, 345, 416, 408
-0.986475, 217, 65, 248, 192
-0.986554, 161, 129, 192, 256
-0.986576, 241, 401, 368, 464
-0.98658, 265, 81, 328, 208
-0.986625, 317, 417, 348, 480
-0.986638, 417, 1, 480, 500
-0.986647, 217, 297, 280, 360
-0.986738, 169, 241, 232, 368
-0.986796, 81, 289, 144, 416
-0.986801, 193, 161, 256, 224
-0.986848, 389, 209, 420, 336
-0.98686, 433, 89, 496, 152
-0.986933, 129, 129, 192, 192
-0.986949, 141, 145, 172, 272
-0.986998, 313, 289, 344, 416
-0.987042, 65, 201, 192, 264
-0.987061, 401, 113, 464, 176
-0.987071, 433, 65, 496, 128
-0.98709, 401, 73, 464, 136
-0.987096, 281, 145, 344, 208
-0.987108, 73, 185, 136, 248
-0.987128, 329, 129, 392, 256
-0.987132, 201, 81, 232, 208
-0.987152, 177, 97, 304, 160
-0.987182, 345, 177, 408, 304
-0.987337, 237, 49, 268, 176
-0.987409, 321, 433, 448, 496
-0.987419, 433, 121, 496, 184
-0.987463, 185, 1, 248, 500
-0.987481, 357, 17, 388, 144
-0.987481, 413, 257, 444, 320
-0.987544, 229, 161, 260, 288
-0.987544, 81, 209, 144, 336
-0.987548, 41, 97, 104, 224
-0.98756, 105, 321, 168, 448
-0.98762, 221, 193, 252, 256
-0.987672, 329, 49, 392, 176
-0.987731, 217, 225, 248, 352
-0.987874, 41, 193, 104, 448
-0.98789, 349, 321, 380, 448
-0.987946, 217, 161, 280, 224
-0.987954, 113, 161, 176, 416
-0.987981, 33, 425, 96, 488
-0.987993, 105, 385, 168, 448
-0.988038, 169, 49, 232, 176
-0.988045, 177, 193, 240, 448
-0.988047, 121, 145, 152, 272
-0.98811, 385, 97, 448, 352
-0.98819, 289, 17, 320, 144
-0.988229, 361, 337, 392, 400
-0.98837, 289, 81, 352, 208
-0.988377, 433, 169, 464, 232
-0.988395, 65, 153, 128, 216
-0.988452, 73, 161, 136, 416
-0.988462, 201, 129, 232, 256
-0.988508, 81, 425, 144, 488
-0.988518, 377, 265, 408, 328
-0.988528, 173, 113, 204, 240
-0.988643, 161, 297, 224, 360
-0.988793, 353, 129, 480, 192
-0.988828, 257, 289, 288, 416
-0.98883, 389, 41, 420, 104
-0.988831, 401, 345, 464, 408
-0.988835, 177, 145, 304, 208
-0.988844, 201, 265, 264, 328
-0.988859, 17, 257, 144, 320
-0.98896, 105, 129, 168, 192
-0.988963, 285, 129, 316, 256
-0.988972, 25, 145, 88, 272
-0.988985, 321, 17, 352, 144
-0.989003, 421, 289, 452, 352
-0.98903, 209, 289, 336, 352
-0.989056, 377, 277, 440, 308
-0.989056, 345, 17, 376, 144
-0.989094, 377, 321, 408, 448
-0.989096, 377, 225, 408, 352
-0.989119, 225, 25, 480, 88
-0.989153, 409, 161, 440, 288
-0.989163, 17, 209, 144, 272
-0.989168, 153, 257, 216, 500
-0.989186, 325, 321, 356, 448
-0.989231, 249, 49, 280, 176
-0.989236, 109, 161, 140, 288
-0.98925, 393, 297, 424, 360
-0.989267, 265, 33, 296, 160
-0.989282, 317, 281, 348, 344
-0.989311, 321, 361, 448, 424
-0.989314, 433, 377, 496, 440
-0.989372, 49, 153, 176, 216
-0.989388, 261, 41, 292, 104
-0.989404, 409, 9, 440, 72
-0.989413, 121, 369, 184, 496
-0.98943, 321, 409, 448, 472
-0.989443, 9, 377, 72, 440
-0.989464, 309, 25, 340, 88
-0.989477, 377, 25, 440, 56
-0.989484, 33, 281, 96, 344
-0.989569, 145, 217, 208, 280
-0.989576, 369, 17, 496, 80
-0.989597, 197, 289, 228, 416
-0.989612, 405, 201, 436, 264
-0.989635, 361, 281, 392, 344
-0.989708, 377, 265, 440, 296
-0.989723, 45, 225, 76, 352
-0.98973, 277, 289, 308, 416
-0.989815, 33, 369, 96, 496
-0.98982, 141, 153, 172, 216
-0.989829, 161, 193, 224, 256
-0.989836, 81, 1, 144, 128
-0.989892, 129, 153, 160, 216
-0.989892, 33, 345, 96, 408
-0.989907, 145, 353, 208, 480
-0.989936, 65, 337, 128, 400
-0.989938, 189, 97, 220, 160
-0.989949, 385, 41, 448, 72
-0.989977, 1, 393, 32, 456
-0.98998, 249, 257, 312, 320
-0.990023, 273, 33, 304, 96
-0.990026, 345, 25, 408, 56
-0.990034, 161, 241, 288, 304
-0.990055, 353, 349, 416, 380
-0.990071, 129, 369, 192, 432
-0.990073, 57, 209, 88, 336
-0.990083, 9, 337, 72, 400
-0.990148, 337, 345, 368, 408
-0.990209, 193, 289, 256, 352
-0.990218, 249, 313, 312, 376
-0.990226, 217, 129, 248, 256
-0.990301, 241, 181, 304, 212
-0.990318, 425, 241, 488, 368
-0.99032, 225, 213, 288, 244
-0.990326, 333, 281, 364, 344
-0.990336, 289, 329, 416, 392
-0.990384, 1, 433, 128, 496
-0.990386, 281, 201, 312, 264
-0.990393, 381, 321, 412, 384
-0.990397, 313, 393, 344, 456
-0.990407, 329, 41, 392, 104
-0.990411, 153, 1, 216, 500
-0.990425, 45, 225, 76, 288
-0.990454, 21, 257, 52, 384
-0.99047, 361, 321, 392, 448
-0.990483, 441, 129, 472, 256
-0.990486, 277, 33, 308, 160
-0.990505, 225, 65, 352, 128
-0.990513, 121, 409, 184, 472
-0.99052, 345, 281, 376, 344
-0.990538, 249, 137, 312, 200
-0.990541, 377, 253, 440, 284
-0.990558, 241, 193, 304, 224
-0.990578, 245, 289, 276, 416
-0.990595, 201, 137, 264, 200
-0.990607, 121, 177, 184, 240
-0.99063, 433, 321, 496, 448
-0.990654, 257, 257, 384, 320
-0.990656, 297, 33, 328, 96
-0.990673, 417, 305, 448, 432
-0.990758, 361, 113, 424, 240
-0.990773, 361, 37, 424, 68
-0.99079, 313, 25, 376, 56
-0.990796, 409, 369, 472, 496
-0.990812, 225, 369, 288, 496
-0.990818, 57, 313, 120, 376
-0.990827, 185, 313, 248, 376
-0.990858, 65, 97, 128, 224
-0.990865, 145, 273, 272, 336
-0.990866, 121, 209, 184, 336
-0.990874, 1, 377, 128, 440
-0.9909, 321, 385, 448, 448
-0.990905, 177, 217, 240, 280
-0.990908, 393, 341, 456, 372
-0.990968, 1, 209, 64, 272
-0.990975, 369, 333, 432, 364
-0.991003, 385, 289, 448, 320
-0.991012, 361, 289, 424, 320
-0.991015, 257, 289, 496, 352
-0.991021, 377, 301, 440, 332
-0.991038, 265, 113, 296, 240
-0.991044, 225, 241, 288, 272
-0.991048, 369, 217, 496, 280
-0.991049, 193, 177, 224, 304
-0.991051, 257, 137, 384, 200
-0.991052, 305, 241, 336, 368
-0.991055, 273, 225, 304, 288
-0.99106, 81, 129, 208, 192
-0.991065, 301, 305, 332, 432
-0.99108, 185, 197, 248, 228
-0.991083, 1, 281, 128, 344
-0.991091, 401, 257, 432, 288
-0.991095, 333, 1, 364, 128
-0.991099, 401, 273, 464, 304
-0.991122, 137, 297, 200, 360
-0.991126, 265, 221, 328, 252
-0.991126, 97, 161, 128, 288
-0.991131, 353, 225, 384, 352
-0.991142, 289, 305, 320, 432
-0.991157, 253, 113, 284, 240
-0.991169, 353, 65, 480, 128
-0.991197, 57, 289, 120, 352
-0.991202, 65, 233, 192, 296
-0.991225, 217, 229, 280, 260
-0.991281, 321, 25, 352, 88
-0.991281, 217, 73, 248, 136
-0.991304, 249, 233, 312, 264
-0.991334, 241, 57, 272, 120
-0.991373, 377, 321, 440, 352
-0.991381, 245, 209, 276, 272
-0.9914, 413, 33, 444, 64
-0.991415, 185, 221, 248, 252
-0.991421, 273, 205, 336, 236
-0.991425, 297, 265, 328, 328
-0.991438, 437, 145, 468, 208
-0.991439, 41, 33, 104, 160
-0.991443, 401, 301, 464, 332
-0.991443, 229, 65, 260, 128
-0.991447, 401, 257, 464, 288
-0.991449, 353, 277, 416, 308
-0.99148, 129, 105, 256, 168
-0.991515, 417, 321, 448, 384
-0.991523, 241, 129, 272, 256
-0.991543, 353, 97, 480, 160
-0.99155, 401, 25, 432, 56
-0.991554, 333, 393, 364, 456
-0.991564, 221, 273, 252, 400
-0.991572, 341, 321, 372, 384
-0.991588, 5, 241, 36, 368
-0.991599, 33, 129, 160, 192
-0.991607, 365, 25, 396, 56
-0.991609, 33, 241, 64, 304
-0.991612, 185, 209, 248, 240
-0.991617, 281, 185, 344, 216
-0.991625, 401, 321, 464, 352
-0.991635, 289, 29, 352, 60
-0.991639, 401, 29, 464, 60
-0.991641, 265, 41, 328, 72
-0.991661, 85, 145, 116, 272
-0.991668, 9, 313, 72, 376
-0.991672, 9, 97, 72, 352
-0.99169, 421, 145, 452, 208
-0.991701, 409, 245, 472, 276
-0.991712, 377, 353, 440, 384
-0.991718, 49, 305, 112, 432
-0.991721, 161, 273, 224, 336
-0.991729, 297, 437, 360, 468
-0.991748, 105, 113, 136, 240
-0.991772, 113, 165, 176, 196
-0.991798, 377, 233, 440, 264
-0.991806, 257, 9, 320, 72
-0.991823, 365, 225, 396, 352
-0.991859, 385, 221, 448, 252
-0.99186, 41, 233, 104, 264
-0.991866, 209, 89, 272, 152
-0.991869, 17, 105, 80, 168
-0.991875, 393, 53, 456, 84
-0.991879, 337, 289, 400, 320
-0.991889, 257, 201, 496, 264
-0.991906, 69, 193, 100, 320
-0.991906, 385, 25, 416, 56
-0.99191, 225, 65, 288, 96
-0.991922, 49, 361, 176, 424
-0.991926, 313, 285, 376, 316
-0.99193, 305, 289, 336, 352
-0.99194, 17, 401, 144, 464
-0.991943, 289, 425, 352, 456
-0.991944, 337, 361, 400, 392
-0.991944, 241, 169, 304, 200
-0.991949, 209, 289, 240, 416
-0.991954, 369, 361, 496, 424
-0.991961, 209, 197, 272, 228
-0.991963, 137, 157, 200, 188
-0.991963, 193, 233, 256, 264
-0.991983, 249, 53, 312, 84
-0.991986, 317, 225, 348, 352
-0.99202, 89, 1, 152, 500
-0.992034, 405, 289, 436, 320
-0.992041, 49, 1, 112, 500
-0.992042, 417, 45, 448, 76
-0.992062, 249, 353, 312, 480
-0.99207, 353, 265, 416, 296
-0.992075, 305, 469, 368, 500
-0.992079, 433, 169, 496, 200
-0.992094, 393, 185, 456, 216
-0.992095, 257, 177, 496, 240
-0.992101, 441, 1, 472, 128
-0.99211, 425, 41, 488, 72
-0.992132, 425, 201, 488, 232
-0.992137, 113, 1, 176, 500
-0.99215, 281, 225, 312, 352
-0.992163, 385, 201, 448, 232
-0.992193, 289, 409, 352, 440
-0.992193, 33, 177, 160, 240
-0.992196, 25, 253, 88, 284
-0.992228, 177, 49, 304, 112
-0.99223, 417, 185, 448, 248
-0.992246, 117, 153, 148, 216
-0.992253, 305, 297, 368, 328
-0.992254, 229, 1, 260, 128
-0.992271, 425, 181, 488, 212
-0.992275, 417, 213, 480, 244
-0.992277, 105, 177, 168, 208
-0.992292, 409, 233, 472, 264
-0.992297, 325, 369, 356, 496
-0.992306, 297, 457, 360, 488
-0.992332, 9, 1, 72, 500
-0.992335, 333, 225, 364, 352
-0.992346, 185, 289, 216, 416
-0.992348, 101, 353, 132, 480
-0.992352, 193, 89, 256, 120
-0.992361, 329, 437, 392, 468
-0.992364, 185, 101, 248, 132
-0.992364, 217, 1, 248, 128
-0.992369, 181, 161, 212, 288
-0.992373, 1, 453, 64, 484
-0.992378, 13, 265, 44, 328
-0.9924, 97, 73, 224, 136
-0.992403, 209, 77, 272, 108
-0.992406, 249, 205, 312, 236
-0.992407, 241, 377, 368, 440
-0.992408, 417, 289, 480, 320
-0.992416, 33, 201, 288, 264
-0.992427, 421, 81, 452, 208
-0.992442, 273, 305, 336, 336
-0.992447, 229, 169, 260, 232
-0.992449, 161, 1, 224, 256
-0.99245, 277, 297, 308, 360
-0.99245, 117, 369, 148, 496
-0.992461, 441, 81, 472, 208
-0.99248, 401, 269, 432, 300
-0.992489, 201, 81, 232, 144
-0.992495, 229, 113, 260, 240
-0.992495, 397, 49, 428, 176
-0.992495, 281, 173, 344, 204
-0.992496, 393, 169, 456, 200
-0.99253, 97, 161, 352, 224
-0.99255, 153, 137, 216, 168
-0.992557, 113, 49, 176, 176
-0.992568, 297, 309, 360, 340
-0.992579, 253, 161, 284, 224
-0.992582, 209, 185, 272, 216
-0.992591, 17, 277, 80, 308
-0.992593, 1, 153, 128, 216
-0.992603, 401, 153, 464, 184
-0.992622, 289, 397, 352, 428
-0.99265, 329, 273, 392, 304
-0.992664, 113, 381, 176, 412
-0.992678, 329, 421, 392, 452
-0.99268, 153, 145, 184, 208
-0.992693, 405, 45, 436, 76
-0.992699, 269, 205, 300, 236
-0.9927, 1, 313, 128, 376
-0.992705, 1, 289, 64, 320
-0.992709, 369, 13, 432, 44
-0.992722, 25, 265, 88, 296
-0.992725, 113, 153, 176, 184
-0.992727, 105, 177, 136, 240
-0.992731, 389, 225, 420, 288
-0.992738, 417, 25, 432, 88
-0.99274, 433, 157, 496, 188
-0.992771, 81, 373, 144, 404
-0.992772, 113, 33, 176, 288
-0.992777, 337, 37, 400, 68
-0.992777, 49, 221, 112, 252
-0.992782, 165, 129, 196, 192
-0.992786, 337, 469, 400, 500
-0.992807, 353, 25, 384, 56
-0.992808, 329, 373, 392, 404
-0.992811, 73, 65, 136, 320
-0.99282, 313, 349, 376, 380
-0.992822, 329, 405, 392, 436
-0.992822, 329, 449, 392, 480
-0.992828, 417, 17, 480, 48
-0.992828, 225, 225, 480, 288
-0.99283, 345, 13, 408, 44
-0.992848, 129, 49, 256, 112
-0.992871, 345, 337, 408, 368
-0.992877, 433, 141, 496, 172
-0.992882, 405, 301, 436, 332
-0.992882, 401, 133, 464, 164
-0.992882, 413, 257, 428, 320
-0.992885, 281, 293, 344, 324
-0.992892, 401, 17, 416, 80
-0.992893, 177, 113, 240, 144
-0.992904, 433, 161, 496, 416
-0.992907, 389, 281, 420, 312
-0.992917, 233, 289, 264, 416
-0.992924, 89, 165, 152, 196
-0.992933, 81, 177, 144, 208
-0.992934, 89, 65, 152, 192
-0.992935, 313, 361, 376, 392
-0.992949, 401, 245, 432, 276
-0.992952, 401, 73, 464, 104
-0.992966, 57, 209, 120, 240
-0.99297, 353, 321, 416, 352
-0.992972, 305, 273, 368, 304
-0.992984, 353, 245, 416, 276
-0.992986, 329, 393, 392, 424
-0.992991, 313, 321, 376, 352
-0.992995, 161, 125, 224, 156
-0.992995, 321, 13, 384, 44
-0.992999, 1, 409, 64, 440
-0.99301, 297, 385, 360, 416
-0.99302, 265, 229, 296, 260
-0.99302, 257, 153, 496, 216
-0.993023, 73, 229, 136, 260
-0.993025, 237, 241, 268, 272
-0.99303, 161, 185, 416, 248
-0.99303, 417, 53, 480, 84
-0.99305, 129, 369, 160, 496
-0.993059, 285, 33, 316, 96
-0.993063, 257, 265, 496, 328
-0.993066, 133, 97, 164, 224
-0.993069, 161, 289, 416, 352
-0.9931, 433, 93, 496, 124
-0.993104, 57, 253, 120, 284
-0.993111, 69, 337, 100, 464
-0.993123, 257, 257, 320, 288
-0.993125, 401, 93, 464, 124
-0.993142, 411, 17, 426, 80
-0.993153, 225, 53, 288, 84
-0.993167, 9, 465, 72, 496
-0.993184, 65, 241, 128, 272
-0.993186, 401, 337, 432, 368
-0.993188, 17, 209, 48, 336
-0.993219, 225, 49, 480, 112
-0.993221, 1, 177, 496, 240
-0.993253, 269, 193, 300, 224
-0.993278, 45, 273, 76, 400
-0.993281, 385, 269, 416, 300
-0.993284, 113, 257, 176, 500
-0.993289, 333, 145, 364, 272
-0.993291, 169, 209, 200, 336
-0.993294, 461, 369, 492, 496
-0.99333, 193, 313, 448, 376
-0.99333, 33, 289, 64, 416
-0.993331, 197, 185, 228, 248
-0.993373, 393, 41, 424, 72
-0.993388, 425, 241, 456, 368
-0.993402, 253, 241, 284, 272
-0.993411, 65, 225, 320, 288
-0.993433, 213, 197, 244, 228
-0.993454, 221, 229, 252, 260
-0.993479, 41, 177, 72, 304
-0.993503, 341, 25, 372, 56
-0.993505, 137, 1, 200, 256
-0.99356, 425, 25, 456, 88
-0.993569, 401, 313, 432, 344
-0.993596, 57, 257, 88, 384
-0.993602, 293, 177, 324, 304
-0.993607, 241, 1, 272, 128
-0.99361, 129, 265, 384, 328
-0.993611, 229, 209, 260, 240
-0.993627, 301, 97, 332, 224
-0.993641, 49, 97, 112, 352
-0.993647, 393, 353, 424, 384
-0.99365, 201, 33, 232, 160
-0.993657, 381, 37, 412, 68
-0.993657, 309, 145, 340, 272
-0.993664, 17, 337, 48, 464
-0.993742, 189, 49, 220, 176
-0.99376, 213, 217, 244, 248
-0.993763, 305, 289, 432, 320
-0.993763, 177, 113, 208, 176
-0.993772, 273, 201, 288, 264
-0.993788, 153, 177, 184, 304
-0.993806, 157, 289, 188, 416
-0.993814, 349, 353, 380, 384
-0.993824, 69, 241, 100, 368
-0.993835, 49, 433, 176, 496
-0.99388, 389, 253, 420, 284
-0.993889, 225, 1, 352, 64
-0.993899, 1, 209, 496, 272
-0.993918, 405, 233, 436, 264
-0.993933, 401, 325, 432, 356
-0.993936, 317, 369, 348, 432
-0.993937, 465, 321, 496, 448
-0.993945, 9, 289, 40, 416
-0.99395, 205, 241, 236, 368
-0.993971, 133, 377, 164, 440
-0.993987, 395, 17, 410, 80
-0.994, 1, 369, 32, 496
-0.994011, 161, 73, 416, 136
-0.994013, 273, 217, 304, 248
-0.994014, 97, 433, 224, 496
-0.994017, 253, 1, 284, 128
-0.994032, 305, 25, 432, 56
-0.994035, 389, 341, 420, 372
-0.994063, 313, 29, 344, 60
-0.994067, 129, 297, 256, 360
-0.994085, 177, 205, 304, 236
-0.994089, 233, 197, 264, 228
-0.994089, 285, 201, 316, 232
-0.994093, 325, 25, 356, 56
-0.994107, 373, 345, 404, 408
-0.994116, 421, 1, 452, 64
-0.994132, 417, 249, 448, 280
-0.994135, 1, 433, 496, 496
-0.994176, 377, 241, 408, 304
-0.994178, 423, 25, 438, 88
-0.994247, 201, 369, 264, 496
-0.994293, 97, 265, 224, 328
-0.994318, 245, 229, 276, 260
-0.994327, 337, 37, 464, 68
-0.994347, 377, 41, 408, 104
-0.994362, 81, 297, 208, 360
-0.994369, 1, 265, 496, 328
-0.99437, 25, 265, 56, 328
-0.994385, 429, 33, 444, 96
-0.994398, 285, 185, 316, 216
-0.994416, 317, 429, 348, 460
-0.994453, 97, 137, 352, 200
-0.994474, 69, 201, 100, 264
-0.994476, 381, 353, 412, 384
-0.994502, 65, 105, 192, 168
-0.994507, 329, 321, 360, 384
-0.994515, 393, 293, 424, 324
-0.994523, 337, 369, 368, 400
-0.994535, 421, 233, 452, 264
-0.994595, 273, 41, 400, 104
-0.994597, 65, 337, 192, 400
-0.9946, 301, 33, 332, 64
-0.994601, 437, 17, 468, 80
-0.994603, 425, 217, 456, 248
-0.99462, 385, 17, 400, 80
-0.994636, 9, 417, 40, 480
-0.994638, 273, 153, 304, 216
-0.99464, 257, 345, 496, 408
-0.994643, 193, 193, 320, 224
-0.994661, 21, 433, 52, 496
-0.994663, 401, 225, 432, 480
-0.994677, 413, 333, 444, 364
-0.994678, 421, 261, 452, 292
-0.994693, 407, 249, 422, 312
-0.994698, 269, 181, 300, 212
-0.994704, 177, 17, 304, 80
-0.994705, 379, 17, 394, 80
-0.994717, 369, 37, 400, 68
-0.994736, 361, 345, 392, 376
-0.99476, 225, 241, 256, 272
-0.994771, 1, 153, 496, 216
-0.994792, 1, 353, 128, 416
-0.994794, 129, 165, 160, 196
-0.994798, 413, 193, 444, 224
-0.994807, 49, 313, 80, 376
-0.994812, 285, 213, 316, 244
-0.994826, 1, 233, 496, 296
-0.994829, 313, 417, 344, 448
-0.994842, 367, 17, 382, 80
-0.994871, 65, 409, 192, 472
-0.994876, 425, 57, 456, 88
-0.994883, 81, 201, 112, 264
-0.994897, 225, 221, 352, 252
-0.9949, 403, 273, 418, 336
-0.994901, 1, 297, 496, 360
-0.994901, 129, 97, 384, 160
-0.994906, 33, 289, 64, 352
-0.994915, 1, 25, 496, 88
-0.994939, 437, 177, 468, 208
-0.994945, 289, 297, 320, 360
-0.99496, 429, 37, 460, 68
-0.99497, 417, 321, 448, 352
-0.994974, 153, 1, 216, 128
-0.995007, 373, 277, 404, 308
-0.995008, 93, 169, 124, 232
-0.995008, 1, 177, 256, 240
-0.995008, 161, 433, 416, 496
-0.995013, 337, 277, 464, 308
-0.995021, 41, 1, 104, 256
-0.995041, 265, 45, 296, 76
-0.995059, 279, 185, 294, 248
-0.995065, 1, 97, 496, 160
-0.995075, 225, 209, 352, 240
-0.995115, 413, 277, 444, 308
-0.99512, 317, 293, 348, 324
-0.995134, 321, 453, 352, 484
-0.995144, 257, 129, 496, 192
-0.995145, 189, 101, 220, 132
-0.995167, 421, 121, 452, 184
-0.99517, 357, 13, 388, 44
-0.995183, 145, 153, 176, 184
-0.995186, 405, 349, 436, 380
-0.995195, 421, 309, 452, 340
-0.995202, 333, 401, 364, 432
-0.995213, 53, 257, 84, 320
-0.995214, 429, 205, 460, 236
-0.995224, 1, 281, 256, 344
-0.995234, 437, 165, 468, 196
-0.995239, 113, 177, 144, 208
-0.995241, 145, 225, 272, 256
-0.995256, 113, 1, 176, 128
-0.99528, 441, 121, 472, 184
-0.995287, 81, 385, 208, 448
-0.995301, 417, 173, 448, 204
-0.995311, 333, 357, 364, 388
-0.995311, 325, 469, 356, 500
-0.995314, 263, 233, 278, 296
-0.995315, 421, 297, 452, 328
-0.995324, 289, 37, 320, 68
-0.995328, 359, 17, 374, 80
-0.995333, 277, 37, 308, 68
-0.995338, 237, 65, 268, 96
-0.995341, 265, 241, 296, 272
-0.995343, 177, 353, 240, 480
-0.995347, 1, 153, 256, 216
-0.995361, 49, 229, 80, 260
-0.995369, 433, 189, 464, 220
-0.995369, 321, 441, 352, 472
-0.99537, 249, 57, 280, 88
-0.995376, 361, 285, 392, 316
-0.995386, 433, 193, 464, 256
-0.995395, 421, 161, 452, 192
-0.995396, 237, 185, 268, 216
-0.995399, 233, 229, 264, 260
-0.995404, 337, 313, 464, 344
-0.995435, 117, 165, 148, 196
-0.99544, 401, 249, 416, 312
-0.995447, 1, 457, 32, 488
-0.995452, 337, 353, 464, 384
-0.995453, 257, 213, 288, 244
-0.995453, 105, 153, 136, 216
-0.99547, 241, 353, 368, 416
-0.995482, 333, 413, 364, 444
-0.995485, 1, 289, 32, 352
-0.995488, 217, 77, 248, 108
-0.995491, 277, 229, 308, 260
-0.995499, 313, 405, 344, 436
-0.995506, 405, 221, 436, 252
-0.995554, 321, 301, 448, 332
-0.995558, 201, 93, 232, 124
-0.995565, 301, 297, 332, 328
-0.99558, 333, 381, 364, 412
-0.995582, 389, 225, 420, 480
-0.995588, 409, 205, 440, 236
-0.995592, 285, 153, 316, 216
-0.995598, 209, 313, 336, 376
-0.995635, 1, 249, 256, 312
-0.995666, 41, 241, 72, 272
-0.995667, 129, 381, 160, 412
-0.995674, 341, 289, 372, 320
-0.995677, 217, 185, 248, 216
-0.995679, 209, 121, 336, 184
-0.99568, 385, 241, 416, 272
-0.995682, 309, 313, 340, 344
-0.995684, 373, 17, 388, 80
-0.995686, 297, 281, 328, 312
-0.995687, 377, 341, 408, 372
-0.995687, 1, 421, 32, 452
-0.995692, 353, 65, 416, 192
-0.995702, 37, 253, 68, 284
-0.995729, 1, 129, 496, 192
-0.995738, 353, 37, 384, 68
-0.995742, 389, 329, 420, 360
-0.995742, 157, 141, 188, 172
-0.995763, 201, 193, 232, 224
-0.995786, 129, 377, 256, 440
-0.9958, 369, 13, 400, 44
-0.995803, 349, 365, 380, 396
-0.995804, 57, 209, 88, 272
-0.995805, 133, 393, 164, 424
-0.995808, 389, 309, 420, 340
-0.995811, 241, 169, 272, 232
-0.995823, 285, 173, 316, 204
-0.99583, 257, 417, 496, 480
-0.995839, 13, 289, 44, 320
-0.995843, 345, 13, 376, 44
-0.995862, 393, 13, 424, 44
-0.995862, 337, 441, 368, 472
-0.995865, 317, 389, 348, 420
-0.995872, 257, 197, 384, 228
-0.995878, 109, 425, 140, 456
-0.99588, 21, 289, 52, 352
-0.995889, 225, 181, 352, 212
-0.995901, 357, 257, 388, 320
-0.995903, 233, 265, 264, 328
-0.995912, 161, 409, 416, 472
-0.995933, 423, 225, 438, 288
-0.995943, 257, 129, 288, 384
-0.995949, 265, 281, 296, 344
-0.99595, 225, 193, 240, 256
-0.995967, 1, 417, 256, 480
-0.99597, 17, 17, 80, 144
-0.995973, 317, 305, 348, 368
-0.995979, 247, 233, 262, 296
-0.995995, 249, 225, 280, 480
-0.996003, 257, 73, 496, 136
-0.996005, 33, 433, 64, 496
-0.996011, 73, 257, 136, 500
-0.996019, 351, 17, 366, 80
-0.996027, 421, 33, 452, 288
-0.996029, 1, 321, 496, 384
-0.996051, 185, 193, 216, 256
-0.996063, 209, 233, 336, 264
-0.996148, 145, 193, 272, 224
-0.996177, 269, 193, 300, 448
-0.996183, 1, 105, 128, 168
-0.996209, 277, 225, 292, 288
-0.996218, 241, 233, 256, 296
-0.996226, 257, 33, 384, 64
-0.996276, 369, 385, 496, 448
-0.996284, 425, 265, 456, 328
-0.996288, 1, 49, 496, 112
-0.996293, 345, 17, 360, 80
-0.996303, 229, 217, 244, 280
-0.996341, 235, 193, 250, 256
-0.996351, 257, 305, 288, 368
-0.996445, 17, 1, 80, 256
-0.996464, 1, 57, 256, 120
-0.996475, 129, 49, 384, 112
-0.996481, 405, 321, 420, 384
-0.996492, 257, 105, 496, 168
-0.996492, 353, 313, 384, 376
-0.996499, 161, 385, 416, 448
-0.996507, 1, 73, 496, 136
-0.99653, 33, 81, 288, 144
-0.996534, 1, 129, 256, 192
-0.996534, 257, 233, 272, 296
-0.996547, 1, 369, 32, 432
-0.99656, 421, 161, 452, 416
-0.996564, 161, 417, 288, 480
-0.996571, 245, 129, 276, 384
-0.996579, 321, 265, 448, 296
-0.996588, 193, 1, 448, 64
-0.996606, 321, 325, 448, 356
-0.996607, 257, 369, 496, 432
-0.996614, 113, 153, 240, 184
-0.996618, 233, 225, 264, 480
-0.99663, 435, 41, 450, 104
-0.996637, 13, 385, 44, 448
-0.996643, 257, 393, 496, 456
-0.996677, 385, 369, 448, 496
-0.996679, 417, 281, 432, 344
-0.996685, 353, 25, 480, 56
-0.996691, 1, 105, 256, 168
-0.996706, 353, 289, 480, 320
-0.996709, 333, 425, 348, 488
-0.996714, 329, 433, 360, 496
-0.996723, 193, 161, 224, 224
-0.996724, 267, 201, 282, 264
-0.996752, 33, 33, 288, 96
-0.99678, 411, 305, 426, 368
-0.996797, 409, 345, 440, 408
-0.996803, 321, 337, 448, 368
-0.996819, 129, 321, 256, 384
-0.996829, 369, 433, 496, 496
-0.996866, 305, 73, 432, 136
-0.996879, 369, 333, 496, 364
-0.996879, 233, 129, 264, 384
-0.996901, 285, 1, 316, 256
-0.996903, 1, 345, 496, 408
-0.996914, 257, 113, 384, 176
-0.996928, 411, 41, 426, 104
-0.99694, 33, 305, 288, 368
-0.996944, 161, 237, 288, 268
-0.996945, 1, 409, 496, 472
-0.996948, 97, 1, 352, 64
-0.996971, 365, 257, 396, 500
-0.996983, 409, 1, 440, 256
-0.996985, 213, 161, 244, 416
-0.996987, 417, 233, 432, 296
-0.99699, 209, 65, 336, 96
-0.997004, 235, 225, 250, 288
-0.997005, 337, 225, 464, 256
-0.997007, 273, 209, 400, 240
-0.997009, 1, 385, 496, 448
-0.997048, 269, 225, 284, 288
-0.997049, 257, 169, 384, 200
-0.99706, 399, 345, 414, 408
-0.997069, 97, 165, 224, 196
-0.997071, 177, 93, 304, 124
-0.997081, 337, 205, 464, 236
-0.997089, 161, 337, 416, 400
-0.997117, 1, 393, 256, 456
-0.997127, 283, 209, 298, 272
-0.997129, 337, 253, 464, 284
-0.997143, 241, 437, 368, 468
-0.997175, 241, 45, 368, 76
-0.997177, 161, 361, 416, 424
-0.99718, 281, 161, 312, 416
-0.9972, 241, 89, 368, 152
-0.997217, 427, 201, 442, 264
-0.997217, 241, 425, 368, 456
-0.997229, 337, 257, 368, 500
-0.99724, 377, 257, 408, 500
-0.997247, 419, 313, 434, 376
-0.997259, 369, 301, 496, 332
-0.997288, 337, 193, 464, 224
-0.997293, 177, 181, 304, 212
-0.997311, 411, 337, 426, 400
-0.997317, 193, 77, 320, 108
-0.997317, 353, 257, 384, 500
-0.997319, 257, 33, 288, 288
-0.997324, 33, 229, 160, 260
-0.997334, 257, 457, 384, 488
-0.997337, 129, 213, 256, 244
-0.997341, 273, 181, 400, 212
-0.997354, 397, 1, 428, 256
-0.997363, 289, 277, 416, 308
-0.997364, 353, 345, 368, 408
-0.99737, 297, 1, 328, 256
-0.9974, 433, 187, 464, 202
-0.997409, 437, 173, 468, 188
-0.997409, 353, 49, 480, 80
-0.997415, 17, 241, 144, 272
-0.997422, 421, 295, 452, 310
-0.997422, 269, 239, 300, 254
-0.997423, 241, 413, 368, 444
-0.997424, 325, 479, 356, 494
-0.997425, 393, 309, 424, 324
-0.997434, 257, 469, 384, 500
-0.997443, 317, 293, 348, 308
-0.997453, 237, 33, 268, 288
-0.997454, 1, 417, 32, 432
-0.99746, 97, 177, 224, 208
-0.997461, 425, 223, 456, 238
-0.997467, 421, 249, 452, 264
-0.997467, 193, 169, 320, 200
-0.997475, 421, 175, 452, 190
-0.997477, 421, 289, 452, 304
-0.99748, 421, 321, 452, 336
-0.997482, 333, 421, 364, 436
-0.997488, 321, 459, 352, 474
-0.997489, 317, 421, 348, 436
-0.997502, 421, 235, 452, 250
-0.997503, 337, 237, 464, 268
-0.997505, 381, 349, 412, 364
-0.997508, 341, 31, 372, 46
-0.997512, 313, 415, 344, 430
-0.997514, 421, 167, 452, 182
-0.997518, 417, 271, 448, 286
-0.997519, 435, 177, 450, 240
-0.997524, 437, 179, 468, 194
-0.997528, 385, 263, 416, 278
-0.997532, 421, 243, 452, 258
-0.997547, 417, 181, 448, 196
-0.997548, 229, 229, 260, 244
-0.997551, 269, 185, 300, 200
-0.997551, 393, 303, 424, 318
-0.997553, 129, 163, 160, 178
-0.997558, 409, 215, 440, 230
-0.997561, 405, 345, 420, 408
-0.997563, 229, 223, 260, 238
-0.997565, 429, 213, 460, 228
-0.997566, 413, 205, 444, 220
-0.997567, 321, 461, 448, 492
-0.997568, 369, 265, 496, 296
-0.99757, 245, 247, 276, 262
-0.997586, 339, 17, 354, 80
-0.997592, 341, 363, 372, 378
-0.997595, 245, 187, 276, 202
-0.997596, 421, 327, 452, 342
-0.997599, 421, 283, 452, 298
-0.997602, 241, 297, 368, 328
-0.997602, 321, 445, 448, 476
-0.997614, 417, 265, 448, 280
-0.997614, 357, 21, 388, 36
-0.997616, 373, 1, 404, 256
-0.997618, 417, 195, 448, 210
-0.997621, 409, 223, 440, 238
-0.997625, 317, 429, 348, 444
-0.997626, 285, 209, 316, 224
-0.997632, 301, 35, 332, 50
-0.997633, 417, 333, 448, 348
-0.997635, 337, 181, 464, 212
-0.997642, 377, 281, 408, 296
-0.997647, 321, 441, 352, 456
-0.997648, 413, 345, 444, 360
-0.997656, 429, 43, 460, 58
-0.99766, 421, 277, 452, 292
-0.997665, 17, 253, 144, 284
-0.997676, 417, 257, 448, 272
-0.997684, 405, 41, 420, 104
-0.997689, 129, 25, 384, 88
-0.997693, 425, 33, 440, 64
-0.997696, 345, 351, 376, 366
-0.997696, 385, 1, 416, 256
-0.997697, 357, 1, 388, 256
-0.997697, 413, 257, 444, 500
-0.997698, 405, 229, 436, 244
-0.9977, 205, 65, 236, 320
-0.997706, 405, 235, 436, 250
-0.997707, 1, 1, 496, 64
-0.997709, 1, 467, 32, 482
-0.997709, 389, 25, 404, 56
-0.997717, 393, 297, 424, 312
-0.99772, 49, 25, 176, 88
-0.99772, 113, 241, 240, 304
-0.997723, 341, 1, 372, 256
-0.997723, 409, 31, 440, 46
-0.997733, 353, 169, 480, 200
-0.997742, 1, 329, 256, 392
-0.997743, 377, 25, 392, 56
-0.997748, 411, 25, 426, 56
-0.997752, 273, 1, 304, 256
-0.997754, 397, 25, 412, 56
-0.997758, 221, 65, 252, 320
-0.997762, 417, 339, 448, 354
-0.997769, 417, 187, 448, 202
-0.997772, 237, 195, 268, 210
-0.997773, 417, 29, 432, 60
-0.997774, 393, 291, 424, 306
-0.997774, 285, 197, 316, 212
-0.997776, 285, 215, 316, 230
-0.997776, 313, 1, 344, 256
-0.99778, 383, 25, 398, 56
-0.99779, 405, 129, 436, 384
-0.99779, 371, 25, 386, 56
-0.997792, 81, 217, 208, 248
-0.997792, 409, 257, 424, 288
-0.997794, 403, 25, 418, 56
-0.997805, 431, 37, 446, 68
-0.997813, 269, 193, 300, 208
-0.997821, 365, 25, 380, 56
-0.997822, 273, 229, 288, 260
-0.997824, 413, 269, 428, 300
-0.997828, 285, 189, 316, 204
-0.997832, 265, 217, 296, 232
-0.997833, 403, 253, 418, 284
-0.997837, 369, 35, 400, 50
-0.997841, 385, 269, 416, 284
-0.997841, 359, 25, 374, 56
-0.997851, 317, 435, 348, 450
-0.997855, 257, 309, 384, 340
-0.997856, 233, 233, 248, 264
-0.997857, 257, 21, 384, 52
-0.997858, 263, 241, 278, 272
-0.997864, 129, 141, 256, 172
-0.997872, 345, 357, 376, 372
-0.997874, 419, 45, 434, 76
-0.997882, 285, 185, 300, 248
-0.997883, 233, 201, 264, 216
-0.997886, 431, 49, 446, 80
-0.997887, 213, 223, 244, 238
-0.99789, 329, 1, 360, 256
-0.997895, 405, 341, 420, 372
-0.997896, 239, 237, 254, 268
-0.997897, 381, 39, 412, 54
-0.997899, 353, 25, 368, 56
-0.9979, 389, 255, 420, 270
-0.9979, 227, 225, 242, 256
-0.9979, 1, 289, 128, 320
-0.997901, 415, 281, 430, 312
-0.997902, 269, 97, 300, 352
-0.997906, 213, 199, 244, 214
-0.997911, 421, 55, 452, 70
-0.997914, 281, 193, 296, 224
-0.997915, 247, 241, 262, 272
-0.997916, 405, 41, 420, 72
-0.997918, 235, 201, 250, 232
-0.997922, 273, 227, 304, 242
-0.997923, 415, 245, 430, 276
-0.997927, 255, 241, 270, 272
-0.99793, 333, 17, 348, 80
-0.997932, 411, 41, 426, 72
-0.997937, 275, 213, 290, 244
-0.997941, 395, 37, 410, 68
-0.997942, 425, 49, 440, 80
-0.997943, 385, 275, 416, 290
-0.997945, 403, 285, 418, 316
-0.997945, 279, 225, 294, 256
-0.997948, 209, 245, 336, 276
-0.997956, 405, 241, 436, 256
-0.997956, 417, 293, 432, 324
-0.997956, 285, 217, 300, 248
-0.997956, 389, 37, 404, 68
-0.997959, 325, 27, 356, 42
-0.99796, 1, 449, 128, 480
-0.997962, 33, 161, 160, 192
-0.997963, 397, 353, 412, 384
-0.997965, 365, 353, 396, 368
-0.997966, 309, 33, 324, 64
-0.997967, 353, 349, 368, 380
-0.997972, 285, 203, 316, 218
-0.997973, 275, 201, 290, 232
-0.997975, 213, 217, 244, 232
-0.99798, 193, 65, 224, 320
-0.997981, 383, 37, 398, 68
-0.997984, 411, 345, 426, 376
-0.997985, 17, 49, 144, 112
-0.997987, 263, 229, 278, 260
-0.997987, 405, 357, 420, 388
-0.997987, 281, 205, 296, 236
-0.997988, 233, 213, 248, 244
-0.997991, 161, 105, 288, 136
-0.997992, 405, 351, 436, 366
-0.997997, 429, 213, 444, 244
-0.997998, 347, 25, 362, 56
-0.997998, 419, 329, 434, 360
-0.997999, 213, 211, 244, 226
-0.998, 415, 305, 430, 336
-0.998, 423, 237, 438, 268
-0.998002, 327, 25, 342, 56
-0.998003, 411, 321, 426, 352
-0.998006, 257, 233, 384, 264
-0.998007, 343, 361, 358, 392
-0.998008, 225, 213, 240, 244
-0.998008, 241, 193, 256, 224
-0.998011, 241, 401, 368, 432
-0.998013, 333, 25, 348, 56
-0.998014, 329, 425, 344, 456
-0.998015, 241, 235, 272, 250
-0.998016, 353, 157, 480, 188
-0.998016, 425, 225, 440, 256
-0.998018, 417, 43, 448, 58
-0.998022, 423, 289, 438, 352
-0.998024, 417, 341, 432, 372
-0.998025, 381, 355, 412, 370
-0.998026, 399, 269, 414, 300
-0.998027, 423, 257, 438, 288
-0.998029, 363, 353, 378, 384
-0.99803, 313, 29, 344, 44
-0.998036, 317, 29, 332, 60
-0.998038, 269, 241, 284, 272
-0.998038, 389, 283, 420, 298
-0.998039, 287, 205, 302, 236
-0.998042, 335, 457, 350, 488
-0.998042, 437, 181, 452, 212
-0.998043, 225, 285, 352, 316
-0.998043, 1, 457, 16, 488
-0.998044, 415, 233, 430, 264
-0.998049, 225, 197, 240, 228
-0.998051, 281, 221, 312, 236
-0.998053, 351, 365, 366, 396
-0.998053, 213, 205, 244, 220
-0.998054, 257, 229, 272, 260
-0.998056, 301, 37, 316, 68
-0.998056, 341, 25, 356, 56
-0.998056, 415, 257, 430, 288
-0.998062, 423, 317, 438, 348
-0.998065, 339, 361, 354, 424
-0.998065, 229, 211, 260, 226
-0.998068, 289, 185, 304, 216
-0.998069, 335, 401, 350, 432
-0.99807, 341, 377, 356, 408
-0.998071, 221, 237, 252, 252
-0.998071, 437, 45, 452, 76
-0.998074, 333, 437, 348, 468
-0.998076, 399, 341, 414, 372
-0.998078, 239, 225, 254, 256
-0.998078, 1, 369, 256, 432
-0.998078, 257, 321, 384, 352
-0.998079, 139, 161, 154, 192
-0.998082, 1, 461, 32, 476
-0.998083, 133, 165, 148, 196
-0.998083, 247, 185, 262, 216
-0.998083, 213, 229, 244, 244
-0.998083, 327, 413, 342, 444
-0.998084, 433, 201, 448, 232
-0.998087, 427, 197, 442, 228
-0.998088, 337, 469, 352, 500
-0.998092, 365, 341, 380, 372
-0.998093, 441, 169, 456, 200
-0.998094, 357, 361, 372, 392
-0.998097, 9, 461, 24, 492
-0.998098, 249, 229, 264, 260
-0.998098, 305, 265, 320, 296
-0.998098, 115, 177, 130, 208
-0.998099, 391, 353, 406, 384
-0.9981, 241, 65, 256, 96
-0.998102, 393, 269, 408, 300
-0.998103, 275, 45, 290, 76
-0.998105, 361, 37, 376, 68
-0.998106, 437, 61, 452, 92
-0.998106, 425, 305, 440, 336
-0.998106, 191, 105, 206, 136
-0.998107, 279, 181, 294, 212
-0.998107, 393, 41, 424, 56
-0.998109, 147, 153, 162, 184
-0.998112, 235, 69, 250, 100
-0.998113, 149, 393, 164, 424
-0.998115, 269, 49, 284, 80
-0.998115, 397, 257, 412, 288
-0.998116, 421, 209, 436, 240
-0.998117, 375, 13, 390, 44
-0.998119, 417, 221, 432, 252
-0.998119, 411, 293, 426, 324
-0.99812, 373, 285, 388, 316
-0.99812, 285, 37, 300, 68
-0.998122, 361, 13, 376, 44
-0.998124, 127, 165, 142, 196
-0.998124, 405, 297, 420, 328
-0.998125, 343, 289, 358, 320
-0.998126, 269, 201, 284, 232
-0.998127, 47, 237, 62, 268
-0.998128, 317, 297, 332, 328
-0.998129, 367, 13, 382, 44
-0.998133, 273, 221, 400, 252
-0.998144, 161, 117, 288, 148
-0.99815, 305, 137, 432, 200
-0.998151, 405, 321, 436, 336
-0.99816, 393, 355, 424, 370
-0.99816, 405, 247, 436, 262
-0.99816, 433, 33, 464, 288
-0.998181, 229, 217, 260, 232
-0.998184, 293, 161, 324, 416
-0.998199, 397, 341, 428, 356
-0.998209, 395, 257, 410, 320
-0.998212, 353, 161, 384, 416
-0.998226, 49, 265, 176, 296
-0.99823, 433, 257, 496, 500
-0.998231, 415, 241, 430, 368
-0.998239, 145, 129, 272, 160
-0.99824, 433, 129, 464, 384
-0.998257, 377, 161, 408, 416
-0.998264, 327, 401, 342, 464
-0.998279, 393, 349, 424, 364
-0.998281, 337, 385, 352, 448
-0.998291, 405, 315, 436, 330
-0.998291, 253, 235, 284, 250
-0.998295, 237, 241, 268, 256
-0.998295, 377, 27, 408, 42
-0.998296, 81, 205, 208, 236
-0.998296, 269, 199, 300, 214
-0.998303, 321, 365, 448, 396
-0.998309, 265, 233, 296, 248
-0.998318, 401, 331, 432, 346
-0.998319, 353, 145, 480, 176
-0.998328, 305, 413, 432, 444
-0.99834, 337, 25, 368, 40
-0.998344, 405, 47, 436, 62
-0.998363, 405, 309, 436, 324
-0.998363, 177, 157, 304, 188
-0.998367, 257, 241, 288, 256
-0.99837, 305, 13, 432, 44
-0.998387, 201, 161, 232, 416
-0.998388, 289, 245, 416, 276
-0.998399, 17, 437, 144, 468
-0.998405, 177, 97, 208, 352
-0.998406, 315, 25, 330, 88
-0.998407, 1, 461, 128, 492
-0.998408, 359, 337, 374, 400
-0.998409, 289, 349, 416, 380
-0.99841, 161, 257, 288, 288
-0.998424, 327, 25, 342, 88
-0.998428, 357, 27, 388, 42
-0.998435, 353, 73, 480, 104
-0.998447, 269, 211, 300, 226
-0.998448, 405, 303, 436, 318
-0.998451, 325, 257, 356, 500
-0.998453, 65, 193, 192, 224
-0.998454, 353, 13, 480, 44
-0.998457, 321, 433, 448, 464
-0.998464, 1, 277, 128, 308
-0.998473, 345, 281, 360, 344
-0.998476, 365, 161, 396, 416
-0.998487, 145, 169, 272, 200
-0.998491, 129, 353, 256, 416
-0.998494, 369, 27, 432, 42
-0.998497, 377, 283, 440, 298
-0.998505, 377, 275, 440, 290
-0.998514, 377, 269, 440, 284
-0.998517, 353, 355, 416, 370
-0.998519, 345, 353, 360, 416
-0.99852, 49, 149, 176, 180
-0.99853, 209, 265, 336, 296
-0.998535, 233, 233, 296, 248
-0.998539, 241, 187, 304, 202
-0.998542, 401, 257, 416, 384
-0.998554, 377, 263, 440, 278
-0.998557, 241, 193, 304, 208
-0.998561, 233, 243, 296, 258
-0.998562, 337, 161, 368, 416
-0.998563, 33, 177, 160, 208
-0.998563, 377, 289, 440, 304
-0.998569, 417, 49, 448, 64
-0.998571, 265, 233, 328, 248
-0.998572, 377, 257, 440, 272
-0.998574, 225, 211, 288, 226
-0.998575, 241, 181, 304, 196
-0.998576, 233, 199, 296, 214
-0.998577, 225, 205, 288, 220
-0.998578, 385, 39, 448, 54
-0.998579, 33, 217, 160, 248
-0.998579, 233, 227, 296, 242
-0.998579, 353, 89, 480, 120
-0.99858, 369, 345, 432, 360
-0.998582, 401, 277, 464, 292
-0.998583, 393, 45, 456, 60
-0.998583, 273, 227, 336, 242
-0.998584, 385, 299, 448, 314
-0.998585, 321, 27, 384, 42
-0.998586, 385, 309, 448, 324
-0.998586, 289, 257, 320, 500
-0.998586, 193, 201, 256, 216
-0.998589, 401, 283, 464, 298
-0.998591, 385, 33, 448, 48
-0.998592, 345, 25, 408, 40
-0.998592, 401, 289, 464, 304
-0.998593, 405, 295, 436, 310
-0.998595, 185, 211, 248, 226
-0.998595, 233, 221, 296, 236
-0.998596, 201, 239, 264, 254
-0.998596, 305, 377, 432, 408
-0.998597, 273, 221, 336, 236
-0.9986, 393, 349, 456, 364
-0.998601, 393, 343, 456, 358
-0.998602, 345, 35, 408, 50
-0.998602, 377, 335, 440, 350
-0.998604, 65, 241, 192, 272
-0.998606, 401, 269, 464, 284
-0.998608, 185, 223, 248, 238
-0.998609, 377, 325, 440, 340
-0.998612, 409, 263, 472, 278
-0.998612, 393, 51, 456, 66
-0.998613, 377, 319, 440, 334
-0.998615, 417, 41, 480, 56
-0.998616, 257, 239, 320, 254
-0.998618, 377, 251, 440, 266
-0.998619, 297, 439, 360, 454
-0.998619, 401, 275, 432, 290
-0.99862, 361, 295, 424, 310
-0.99862, 281, 193, 344, 208
-0.998621, 345, 349, 408, 364
-0.998623, 305, 33, 368, 48
-0.998623, 385, 221, 448, 236
-0.998623, 185, 217, 248, 232
-0.998623, 279, 161, 294, 224
-0.998625, 265, 205, 328, 220
-0.998625, 409, 257, 472, 272
-0.998627, 401, 319, 464, 334
-0.998627, 1, 463, 64, 478
-0.998627, 273, 215, 336, 230
-0.998629, 401, 335, 464, 350
-0.998629, 193, 233, 256, 248
-0.998629, 369, 45, 432, 60
-0.99863, 289, 423, 352, 438
-0.99863, 401, 329, 464, 344
-0.998631, 281, 199, 344, 214
-0.998631, 281, 187, 344, 202
-0.998632, 377, 245, 440, 260
-0.998632, 273, 41, 336, 56
-0.998634, 353, 281, 416, 296
-0.998634, 305, 481, 368, 496
-0.998634, 289, 417, 352, 432
-0.998635, 297, 433, 360, 448
-0.998635, 393, 189, 456, 204
-0.998635, 201, 195, 264, 210
-0.998636, 385, 229, 448, 244
-0.998636, 377, 239, 440, 254
-0.998636, 297, 445, 360, 460
-0.998637, 409, 251, 472, 266
-0.998638, 313, 293, 376, 308
-0.998639, 41, 235, 104, 250
-0.998639, 33, 253, 96, 268
-0.99864, 377, 355, 440, 370
-0.99864, 385, 211, 448, 226
-0.998641, 409, 35, 472, 50
-0.998642, 353, 133, 480, 164
-0.998642, 393, 201, 456, 216
-0.998644, 289, 411, 352, 426
-0.998645, 137, 159, 200, 174
-0.998645, 1, 389, 128, 420
-0.998647, 129, 167, 192, 182
-0.998647, 393, 183, 456, 198
-0.998647, 329, 439, 392, 454
-0.998648, 353, 263, 416, 278
-0.998649, 297, 453, 360, 468
-0.99865, 297, 465, 360, 480
-0.99865, 33, 241, 96, 256
-0.998651, 433, 179, 496, 194
-0.998652, 305, 475, 368, 490
-0.998652, 393, 195, 456, 210
-0.998652, 65, 137, 192, 168
-0.998652, 361, 303, 424, 318
-0.998653, 353, 271, 416, 286
-0.998653, 393, 173, 456, 188
-0.998654, 113, 161, 176, 176
-0.998655, 353, 287, 416, 302
-0.998655, 249, 55, 312, 70
-0.998655, 241, 63, 304, 78
-0.998655, 257, 49, 320, 64
-0.998656, 49, 229, 112, 244
-0.998656, 425, 193, 488, 208
-0.998657, 337, 485, 400, 500
-0.998657, 105, 179, 168, 194
-0.998658, 425, 185, 488, 200
-0.998658, 305, 299, 368, 314
-0.998658, 297, 459, 360, 474
-0.998658, 417, 301, 480, 316
-0.998658, 425, 207, 488, 222
-0.998659, 281, 181, 344, 196
-0.998659, 329, 445, 392, 460
-0.99866, 425, 201, 488, 216
-0.99866, 433, 171, 496, 186
-0.99866, 33, 247, 96, 262
-0.998661, 417, 295, 480, 310
-0.998662, 313, 359, 376, 374
-0.998662, 241, 175, 304, 190
-0.998663, 425, 213, 488, 228
-0.998663, 417, 307, 480, 322
-0.998663, 25, 259, 88, 274
-0.998663, 201, 189, 264, 204
-0.998664, 361, 309, 424, 324
-0.998664, 329, 429, 392, 444
-0.998664, 225, 73, 288, 88
-0.998677, 157, 129, 188, 384
-0.99868, 149, 153, 164, 216
-0.998683, 409, 241, 424, 368
-0.998695, 409, 281, 424, 344
-0.9987, 273, 265, 400, 296
-0.9987, 49, 1, 176, 64
-0.998703, 353, 105, 480, 136
-0.998713, 257, 157, 384, 188
-0.998714, 423, 49, 438, 112
-0.998714, 305, 257, 336, 500
-0.998717, 17, 421, 144, 452
-0.998719, 189, 161, 220, 416
-0.998719, 97, 101, 224, 132
-0.99875, 129, 77, 256, 108
-0.998753, 273, 337, 400, 368
-0.998754, 145, 129, 176, 384
-0.998755, 353, 61, 480, 92
-0.998767, 425, 209, 440, 336
-0.998786, 265, 225, 280, 352
-0.998787, 401, 267, 432, 282
-0.998796, 219, 185, 234, 248
-0.998796, 407, 289, 422, 416
-0.998798, 235, 65, 250, 128
-0.998806, 413, 37, 444, 52
-0.998807, 257, 225, 272, 352
-0.998808, 25, 257, 56, 500
-0.998809, 177, 393, 304, 456
-0.998812, 309, 25, 324, 88
-0.998818, 409, 225, 424, 288
-0.998819, 405, 283, 436, 298
-0.998824, 257, 369, 384, 400
-0.998832, 273, 41, 288, 104
-0.998832, 317, 129, 348, 384
-0.998832, 405, 289, 436, 304
-0.998837, 399, 41, 414, 104
-0.998846, 3, 393, 18, 456
-0.99885, 393, 129, 424, 384
-0.998852, 401, 255, 432, 270
-0.998877, 155, 153, 170, 216
-0.998884, 305, 129, 336, 384
-0.99889, 393, 345, 408, 408
-0.998892, 241, 389, 368, 420
-0.9989, 105, 161, 136, 416
-0.998903, 321, 25, 336, 88
-0.998904, 321, 281, 336, 344
-0.998909, 281, 289, 296, 352
-0.998918, 1, 345, 128, 376
-0.998918, 277, 161, 292, 288
-0.998921, 45, 225, 76, 480
-0.998924, 321, 401, 448, 432
-0.998926, 113, 409, 240, 472
-0.998932, 227, 177, 242, 304
-0.998945, 233, 209, 248, 336
-0.998948, 353, 121, 480, 152
-0.998948, 391, 41, 406, 104
-0.998948, 241, 193, 256, 256
-0.99895, 57, 193, 88, 448
-0.998951, 249, 225, 264, 352
-0.998953, 423, 249, 438, 312
-0.998954, 113, 89, 240, 120
-0.998954, 355, 281, 370, 344
-0.998969, 271, 225, 286, 352
-0.998969, 133, 129, 164, 384
-0.998972, 213, 185, 228, 248
-0.998978, 429, 33, 444, 160
-0.998983, 291, 177, 306, 240
-0.998983, 49, 381, 176, 412
-0.998988, 141, 153, 156, 216
-0.998991, 177, 193, 208, 448
-0.998996, 97, 113, 224, 144
-0.998999, 161, 285, 288, 316
-0.999, 271, 161, 286, 288
-0.999003, 395, 233, 410, 296
-0.999015, 321, 389, 448, 420
-0.999021, 277, 209, 292, 336
-0.999024, 423, 17, 438, 144
-0.999026, 33, 205, 160, 236
-0.999028, 305, 113, 432, 176
-0.999033, 239, 177, 254, 304
-0.999043, 1, 405, 128, 436
-0.999043, 365, 329, 380, 392
-0.999051, 417, 1, 432, 128
-0.999053, 407, 1, 422, 128
-0.999062, 81, 229, 208, 260
-0.999067, 441, 161, 456, 224
-0.999073, 243, 225, 258, 352
-0.999079, 435, 33, 450, 160
-0.99908, 65, 441, 192, 472
-0.99908, 397, 27, 428, 42
-0.999083, 399, 1, 414, 128
-0.999085, 265, 161, 280, 288
-0.999099, 49, 277, 176, 308
-0.999104, 433, 201, 448, 264
-0.999105, 161, 269, 288, 300
-0.999106, 193, 49, 320, 80
-0.999109, 395, 257, 410, 384
-0.99911, 337, 281, 352, 344
-0.99911, 407, 337, 422, 464
-0.999113, 97, 273, 224, 304
-0.999122, 315, 289, 330, 352
-0.999126, 341, 273, 356, 400
-0.99913, 221, 177, 236, 304
-0.999135, 417, 289, 432, 416
-0.999141, 283, 209, 298, 336
-0.999154, 35, 257, 50, 320
-0.999157, 361, 273, 376, 400
-0.999163, 247, 177, 262, 304
-0.999163, 435, 161, 450, 288
-0.999163, 401, 337, 416, 464
-0.999164, 349, 273, 364, 400
-0.999164, 269, 205, 300, 220
-0.999175, 287, 289, 302, 352
-0.999182, 149, 257, 180, 500
-0.999183, 355, 273, 370, 400
-0.999184, 117, 161, 148, 416
-0.999199, 13, 257, 44, 500
-0.999202, 253, 161, 268, 288
-0.999207, 373, 273, 388, 400
-0.999219, 221, 257, 252, 500
-0.999223, 387, 17, 402, 144
-0.99923, 367, 273, 382, 400
-0.999236, 413, 193, 428, 320
-0.999241, 311, 265, 326, 328
-0.999247, 143, 369, 158, 432
-0.999251, 393, 1, 408, 128
-0.999251, 37, 241, 52, 368
-0.999251, 193, 97, 208, 160
-0.999257, 401, 261, 432, 276
-0.999261, 395, 321, 410, 384
-0.999262, 301, 33, 316, 96
-0.999267, 361, 281, 376, 344
-0.999272, 381, 17, 396, 144
-0.99928, 1, 257, 32, 500
-0.999281, 283, 33, 298, 96
-0.99929, 259, 161, 274, 288
-0.999297, 329, 369, 344, 496
-0.999298, 373, 281, 388, 344
-0.999298, 423, 273, 438, 400
-0.999304, 413, 337, 428, 464
-0.999306, 395, 337, 410, 464
-0.999311, 263, 49, 278, 112
-0.999317, 367, 281, 382, 344
-0.999324, 407, 193, 422, 320
-0.999327, 387, 257, 402, 384
-0.999332, 379, 257, 394, 384
-0.999341, 193, 257, 224, 500
-0.999344, 283, 161, 298, 288
-0.99935, 301, 257, 316, 384
-0.999353, 307, 257, 322, 384
-0.999358, 335, 273, 350, 400
-0.999364, 151, 145, 166, 272
-0.999365, 339, 353, 354, 480
-0.999385, 205, 81, 220, 208
-0.999397, 167, 129, 182, 256
-0.999399, 9, 433, 24, 496
-0.999399, 417, 209, 432, 272
-0.999404, 189, 97, 204, 224
-0.999407, 359, 17, 374, 144
-0.99941, 241, 49, 256, 176
-0.99941, 161, 129, 176, 256
-0.999412, 351, 321, 366, 448
-0.999418, 303, 17, 318, 144
-0.999419, 211, 81, 226, 208
-0.999422, 295, 33, 310, 96
-0.999426, 229, 65, 244, 192
-0.999426, 419, 193, 434, 320
-0.999429, 369, 17, 384, 144
-0.999429, 221, 65, 236, 192
-0.999431, 129, 257, 160, 500
-0.999432, 309, 17, 324, 144
-0.999444, 315, 273, 330, 400
-0.999449, 135, 153, 150, 216
-0.999451, 213, 177, 228, 304
-0.999453, 425, 161, 440, 288
-0.999463, 353, 321, 368, 384
-0.999467, 127, 145, 142, 272
-0.99947, 111, 169, 126, 232
-0.999472, 389, 305, 404, 432
-0.999475, 289, 289, 304, 416
-0.999475, 323, 273, 338, 400
-0.999475, 43, 241, 58, 368
-0.999476, 397, 209, 412, 336
-0.999478, 441, 129, 456, 256
-0.999478, 165, 137, 180, 200
-0.999478, 331, 281, 346, 344
-0.999478, 31, 241, 46, 368
-0.99948, 199, 81, 214, 208
-0.999485, 247, 57, 262, 120
-0.999486, 289, 177, 304, 304
-0.999487, 351, 17, 366, 144
-0.999488, 327, 17, 342, 144
-0.999488, 375, 17, 390, 144
-0.999489, 235, 49, 250, 176
-0.999494, 233, 145, 248, 272
-0.999494, 145, 145, 160, 272
-0.999496, 249, 49, 264, 176
-0.999502, 443, 137, 458, 200
-0.999507, 37, 129, 68, 384
-0.999508, 317, 17, 332, 144
-0.999509, 329, 289, 344, 416
-0.999513, 259, 289, 274, 416
-0.999514, 181, 1, 212, 256
-0.999516, 235, 169, 250, 232
-0.999517, 277, 33, 292, 160
-0.999519, 241, 65, 256, 128
-0.999521, 255, 49, 270, 176
-0.999523, 337, 17, 352, 144
-0.999526, 117, 161, 132, 288
-0.999527, 137, 145, 152, 272
-0.999527, 77, 161, 108, 416
-0.999527, 295, 257, 310, 384
-0.999528, 265, 289, 280, 416
-0.999529, 273, 177, 288, 240
-0.999539, 221, 129, 236, 256
-0.999545, 13, 161, 44, 416
-0.999548, 33, 73, 160, 136
-0.999548, 369, 409, 496, 472
-0.999549, 183, 113, 198, 240
-0.999549, 275, 289, 290, 416
-0.99955, 417, 1, 432, 64
-0.999552, 281, 289, 296, 416
-0.999555, 227, 129, 242, 256
-0.999561, 265, 33, 280, 160
-0.999561, 433, 153, 448, 216
-0.999565, 257, 49, 272, 112
-0.999565, 207, 289, 222, 416
-0.99957, 257, 209, 272, 272
-0.999573, 1, 1, 256, 64
-0.999575, 215, 129, 230, 256
-0.999576, 271, 33, 286, 160
-0.999581, 343, 17, 358, 144
-0.999584, 345, 321, 360, 448
-0.999589, 385, 265, 400, 328
-0.999593, 391, 209, 406, 336
-0.999594, 239, 129, 254, 256
-0.999595, 227, 225, 242, 352
-0.999595, 417, 337, 432, 400
-0.999596, 345, 369, 360, 496
-0.999602, 435, 113, 450, 240
-0.999603, 51, 225, 66, 352
-0.999604, 291, 17, 306, 144
-0.999609, 305, 305, 320, 432
-0.99961, 177, 113, 192, 240
-0.999612, 199, 145, 214, 272
-0.999614, 205, 257, 236, 500
-0.999617, 209, 129, 224, 256
-0.99962, 43, 241, 58, 304
-0.999621, 383, 305, 398, 432
-0.999623, 283, 33, 298, 160
-0.999629, 165, 225, 196, 480
-0.999631, 299, 305, 314, 432
-0.999633, 93, 161, 124, 416
-0.999634, 101, 65, 132, 320
-0.999634, 289, 129, 304, 256
-0.999635, 357, 321, 372, 448
-0.999638, 217, 289, 232, 416
-0.99964, 415, 49, 430, 176
-0.99965, 157, 33, 188, 288
-0.999659, 25, 65, 56, 320
-0.99968, 193, 369, 320, 432
-0.999683, 1, 289, 16, 352
-0.999698, 29, 265, 44, 328
-0.999709, 169, 1, 200, 256
-0.999709, 125, 153, 140, 216
-0.999712, 425, 177, 440, 240
-0.999717, 205, 89, 220, 152
-0.999736, 335, 461, 350, 476
-0.999736, 437, 187, 452, 202
-0.999736, 89, 351, 104, 366
-0.999737, 289, 205, 304, 220
-0.999737, 427, 231, 442, 246
-0.999737, 327, 413, 342, 428
-0.999737, 433, 57, 448, 72
-0.999737, 341, 367, 356, 382
-0.999737, 327, 419, 342, 434
-0.999737, 231, 225, 246, 240
-0.999738, 13, 419, 28, 434
-0.999738, 429, 223, 444, 238
-0.999738, 19, 469, 34, 484
-0.999738, 275, 217, 290, 232
-0.999738, 289, 191, 304, 206
-0.999738, 303, 39, 318, 54
-0.999738, 439, 181, 454, 196
-0.999738, 341, 375, 356, 390
-0.999738, 275, 225, 290, 240
-0.999738, 419, 229, 434, 244
-0.999738, 335, 405, 350, 420
-0.999738, 113, 425, 128, 440
-0.999738, 223, 73, 238, 136
-0.999738, 433, 211, 448, 226
-0.999739, 435, 45, 450, 60
-0.999739, 427, 201, 442, 216
-0.999739, 235, 207, 250, 222
-0.999739, 423, 257, 438, 272
-0.999739, 225, 215, 240, 230
-0.999739, 247, 187, 262, 202
-0.999739, 15, 389, 30, 404
-0.999739, 237, 229, 252, 244
-0.999739, 417, 311, 432, 326
-0.999739, 373, 35, 388, 50
-0.999739, 425, 237, 440, 252
-0.999739, 9, 467, 24, 482
-0.99974, 421, 265, 436, 280
-0.99974, 415, 247, 430, 262
-0.99974, 431, 217, 446, 232
-0.99974, 309, 269, 324, 284
-0.99974, 409, 339, 424, 354
-0.99974, 407, 263, 422, 278
-0.99974, 423, 327, 438, 342
-0.999741, 245, 237, 260, 252
-0.999741, 337, 25, 352, 40
-0.999742, 411, 333, 426, 348
-0.999742, 279, 193, 294, 208
-0.999742, 353, 365, 368, 380
-0.999742, 331, 439, 346, 454
-0.999742, 145, 393, 160, 408
-0.999743, 413, 269, 428, 284
-0.999743, 417, 239, 432, 254
-0.999743, 355, 353, 370, 368
-0.999743, 413, 353, 428, 368
-0.999743, 415, 319, 430, 334
-0.999743, 361, 359, 376, 374
-0.999743, 403, 287, 418, 302
-0.999743, 425, 49, 440, 64
-0.999743, 395, 39, 410, 54
-0.999743, 417, 305, 432, 320
-0.999744, 233, 213, 248, 228
-0.999744, 421, 333, 436, 348
-0.999744, 413, 327, 428, 342
-0.999744, 317, 31, 332, 46
-0.999744, 389, 39, 404, 54
-0.999744, 329, 433, 344, 448
-0.999745, 325, 29, 340, 44
-0.999745, 281, 213, 296, 228
-0.999745, 343, 25, 358, 40
-0.999745, 309, 35, 324, 50
-0.999745, 151, 389, 166, 404
-0.999745, 365, 353, 380, 368
-0.999746, 419, 339, 434, 354
-0.999746, 379, 35, 394, 50
-0.999746, 241, 195, 256, 210
-0.999746, 225, 221, 240, 236
-0.999746, 3, 469, 18, 484
-0.999746, 281, 227, 296, 242
-0.999746, 413, 275, 428, 290
-0.999746, 417, 299, 432, 314
-0.999746, 393, 27, 408, 42
-0.999746, 405, 345, 420, 360
-0.999746, 287, 215, 302, 230
-0.999747, 415, 347, 430, 362
-0.999747, 331, 27, 346, 42
-0.999747, 237, 201, 252, 216
-0.999747, 257, 239, 272, 254
-0.999748, 251, 239, 266, 254
-0.999748, 403, 41, 418, 56
-0.999748, 401, 251, 416, 266
-0.999749, 269, 241, 284, 256
-0.999749, 413, 261, 428, 276
-0.999749, 417, 293, 432, 308
-0.999749, 241, 243, 256, 258
-0.999749, 413, 45, 428, 60
-0.999749, 281, 207, 296, 222
-0.99975, 263, 237, 278, 252
-0.99975, 407, 351, 422, 366
-0.99975, 233, 219, 248, 234
-0.99975, 415, 283, 430, 298
-0.99975, 397, 355, 412, 370
-0.99975, 405, 357, 420, 372
-0.999751, 247, 245, 262, 260
-0.999751, 1, 457, 16, 472
-0.999751, 231, 233, 246, 248
-0.999751, 431, 51, 446, 66
-0.999753, 225, 227, 240, 242
-0.999753, 257, 245, 272, 260
-0.999753, 281, 199, 296, 214
-0.999753, 357, 27, 372, 42
-0.999754, 269, 233, 284, 248
-0.999754, 419, 47, 434, 62
-0.999754, 401, 27, 416, 42
-0.999754, 351, 25, 366, 40
-0.999755, 273, 205, 288, 220
-0.999755, 285, 221, 300, 236
-0.999755, 235, 239, 250, 254
-0.999755, 7, 461, 22, 476
-0.999756, 387, 27, 402, 42
-0.999756, 371, 27, 386, 42
-0.999757, 415, 253, 430, 268
-0.999758, 263, 243, 278, 258
-0.999758, 379, 27, 394, 42
-0.999758, 419, 33, 434, 48
-0.999758, 363, 27, 378, 42
-0.999759, 429, 43, 444, 58
-0.99976, 405, 257, 420, 272
-0.999763, 275, 231, 290, 246
-0.999764, 1, 463, 16, 478
-0.999764, 297, 289, 312, 352
-0.999766, 411, 27, 426, 42
-0.999772, 425, 37, 440, 52
-0.999786, 275, 289, 290, 352
-0.999787, 177, 337, 304, 400
-0.99979, 211, 89, 226, 152
-0.999837, 89, 65, 120, 320
-0.99984, 25, 161, 56, 416
-0.999865, 101, 257, 132, 500
-0.999898, 117, 257, 148, 500
-0.999915, 9, 65, 40, 320
-0.999951, 113, 65, 144, 320
-0.999955, 145, 33, 176, 288
-0.999997, 69, 257, 100, 500
-1.00007, 37, 33, 68, 288
-1.00011, 61, 97, 92, 352
-1.00012, 77, 65, 108, 320
-1.00015, 49, 65, 80, 320
-1.00018, 133, 33, 164, 288
-1.00024, 85, 257, 116, 500
-1.00025, 1, 161, 32, 416
-1.00028, 425, 257, 456, 500
-1.00029, 61, 1, 92, 256
-1.0003, 445, 97, 476, 352
-1.00033, 1, 1, 128, 64
-1.00039, 465, 225, 496, 480
-1.00047, 453, 225, 484, 480
-1.00047, 457, 129, 488, 384
-1.00053, 445, 1, 476, 256
-1.00061, 441, 225, 472, 480
-1.00061, 1, 25, 128, 88
-1.00088, 113, 1, 240, 64
-1.00101, 465, 1, 496, 256
-1.00131, 129, 25, 256, 88
-1.00193, 65, 49, 128, 176
-1.00205, 65, 49, 192, 112
-1.00229, 361, 369, 424, 496
