1981
-0.321588, 1, 129, 500, 375
-0.459096, 1, 1, 500, 375
-0.488318, 1, 1, 256, 375
-0.517597, 97, 1, 352, 375
-0.587767, 1, 33, 500, 288
-0.593729, 129, 129, 384, 375
-0.626292, 33, 129, 288, 375
-0.634044, 193, 1, 448, 375
-0.668715, 225, 129, 480, 375
-0.691772, 65, 33, 320, 288
-0.820748, 257, 33, 500, 288
-0.840493, 209, 129, 336, 375
-0.866337, 161, 33, 416, 288
-0.867448, 1, 177, 500, 304
-0.870191, 113, 129, 240, 375
-0.871448, 65, 129, 192, 375
-0.873118, 81, 1, 208, 375
-0.879501, 129, 1, 256, 375
-0.882886, 33, 1, 160, 375
-0.891168, 241, 1, 368, 375
-0.891586, 161, 129, 288, 375
-0.892796, 49, 33, 176, 288
-0.898434, 257, 65, 384, 320
-0.898755, 177, 1, 304, 375
-0.899849, 129, 161, 384, 288
-0.900608, 17, 129, 144, 375
-0.903572, 305, 129, 432, 375
-0.9058, 33, 177, 288, 304
-0.905988, 1, 241, 500, 368
-0.906498, 1, 1, 128, 256
-0.907905, 161, 33, 288, 288
-0.908948, 225, 193, 480, 320
-0.912876, 289, 1, 416, 375
-0.912932, 65, 225, 320, 352
-0.915622, 97, 33, 224, 288
-0.917101, 337, 1, 464, 375
-0.918525, 1, 129, 500, 256
-0.92035, 369, 129, 496, 375
-0.9206, 33, 129, 288, 256
-0.9217, 209, 145, 336, 272
-0.923542, 1, 65, 500, 192
-0.92875, 161, 209, 224, 336
-0.931108, 257, 177, 384, 304
-0.931721, 337, 193, 464, 320
-0.932131, 161, 193, 288, 320
-0.933588, 257, 145, 320, 272
-0.934173, 1, 17, 500, 144
-0.935903, 185, 177, 248, 304
-0.93667, 113, 193, 240, 320
-0.937354, 225, 145, 480, 272
-0.937386, 161, 241, 416, 368
-0.939482, 209, 177, 272, 304
-0.939863, 97, 81, 352, 208
-0.940213, 113, 145, 240, 272
-0.940468, 233, 145, 296, 272
-0.94047, 257, 241, 500, 368
-0.941605, 289, 193, 352, 320
-0.941783, 361, 193, 424, 320
-0.942759, 129, 241, 256, 368
-0.942791, 49, 193, 176, 320
-0.94299, 137, 193, 200, 320
-0.944023, 209, 33, 336, 288
-0.945524, 209, 193, 336, 320
-0.945922, 321, 177, 384, 304
-0.94612, 105, 209, 168, 336
-0.946211, 121, 145, 184, 272
-0.946323, 65, 113, 192, 240
-0.948768, 185, 225, 248, 352
-0.948785, 257, 129, 384, 256
-0.950138, 401, 193, 464, 320
-0.951094, 1, 81, 256, 208
-0.951254, 1, 1, 256, 128
-0.951584, 105, 97, 168, 224
-0.952748, 97, 33, 352, 160
-0.9535, 137, 241, 200, 368
-0.954309, 97, 1, 160, 128
-0.954486, 433, 209, 496, 336
-0.956237, 49, 1, 176, 128
-0.956285, 97, 161, 160, 288
-0.956307, 225, 241, 352, 368
-0.956343, 161, 145, 288, 272
-0.957213, 65, 241, 192, 368
-0.957584, 145, 145, 208, 272
-0.958139, 17, 145, 144, 272
-0.958721, 305, 33, 432, 288
-0.958722, 257, 185, 320, 248
-0.958899, 209, 225, 272, 352
-0.95899, 233, 161, 296, 224
-0.959253, 233, 193, 296, 320
-0.959617, 129, 49, 192, 176
-0.959986, 281, 145, 344, 272
-0.960233, 257, 97, 320, 224
-0.960294, 265, 193, 328, 320
-0.960557, 17, 49, 144, 176
-0.960702, 1, 241, 128, 368
-0.960909, 249, 137, 312, 200
-0.960995, 177, 241, 304, 368
-0.961078, 81, 241, 144, 368
-0.961244, 209, 177, 336, 240
-0.961311, 73, 129, 136, 256
-0.961333, 145, 225, 208, 288
-0.961968, 57, 177, 120, 304
-0.96213, 169, 257, 232, 320
-0.962337, 1, 1, 128, 128
-0.962538, 257, 161, 320, 224
-0.962663, 233, 185, 296, 248
-0.964273, 41, 241, 104, 368
-0.964798, 105, 49, 168, 176
-0.964846, 321, 241, 448, 368
-0.965309, 121, 225, 184, 288
-0.965398, 277, 113, 308, 240
-0.9654, 161, 97, 288, 224
-0.965422, 273, 241, 400, 368
-0.965496, 433, 217, 496, 280
-0.965674, 97, 209, 160, 272
-0.965911, 337, 225, 400, 352
-0.965969, 121, 193, 184, 256
-0.966232, 169, 233, 232, 296
-0.966395, 289, 201, 352, 264
-0.966411, 153, 185, 216, 248
-0.966548, 145, 257, 208, 320
-0.966604, 329, 185, 392, 248
-0.966801, 193, 185, 256, 248
-0.967418, 97, 209, 224, 272
-0.967531, 253, 169, 284, 232
-0.967934, 209, 161, 272, 224
-0.967939, 145, 201, 272, 264
-0.968103, 257, 209, 320, 272
-0.968117, 289, 233, 352, 296
-0.968119, 193, 241, 256, 304
-0.968445, 305, 257, 368, 320
-0.968494, 353, 33, 480, 288
-0.969128, 97, 1, 160, 64
-0.969513, 81, 65, 208, 192
-0.96952, 257, 129, 320, 375
-0.969548, 225, 129, 288, 375
-0.969603, 169, 193, 200, 320
-0.969638, 281, 177, 344, 240
-0.969715, 137, 281, 200, 344
-0.969785, 217, 241, 280, 304
-0.969792, 193, 281, 256, 344
-0.970101, 129, 97, 192, 224
-0.970165, 73, 185, 136, 248
-0.970188, 361, 209, 424, 272
-0.970373, 273, 129, 304, 192
-0.970477, 121, 249, 184, 312
-0.970551, 129, 233, 256, 296
-0.970575, 277, 177, 308, 304
-0.970597, 121, 169, 184, 232
-0.970603, 257, 193, 384, 256
-0.970667, 197, 193, 228, 320
-0.970827, 385, 209, 448, 272
-0.970952, 217, 217, 280, 280
-0.971081, 265, 89, 328, 152
-0.971093, 329, 249, 392, 312
-0.971404, 177, 209, 240, 272
-0.971801, 337, 177, 368, 304
-0.971965, 97, 113, 160, 176
-0.972104, 313, 209, 376, 272
-0.972207, 181, 177, 212, 304
-0.972325, 153, 209, 184, 272
-0.972365, 233, 177, 264, 304
-0.972376, 113, 145, 176, 208
-0.972462, 137, 129, 200, 375
-0.972545, 305, 193, 432, 256
-0.97255, 265, 249, 328, 312
-0.972707, 241, 177, 272, 240
-0.972779, 97, 17, 224, 144
-0.9728, 181, 225, 212, 352
-0.972856, 297, 241, 360, 368
-0.972857, 233, 265, 296, 328
-0.972911, 145, 129, 176, 256
-0.972932, 97, 185, 160, 248
-0.972957, 193, 233, 320, 296
-0.972987, 1, 1, 64, 128
-0.973166, 157, 193, 188, 320
-0.973491, 217, 177, 248, 304
-0.97351, 317, 193, 348, 320
-0.973602, 177, 129, 240, 375
-0.973642, 297, 193, 328, 320
-0.973655, 249, 241, 312, 368
-0.973834, 133, 209, 164, 272
-0.974141, 261, 177, 292, 304
-0.974172, 97, 97, 160, 352
-0.974236, 129, 1, 192, 128
-0.974241, 289, 153, 352, 216
-0.974246, 33, 161, 96, 288
-0.974276, 205, 209, 236, 272
-0.974312, 209, 129, 272, 256
-0.974434, 129, 25, 192, 88
-0.97444, 65, 233, 128, 296
-0.974494, 249, 113, 312, 176
-0.974495, 65, 145, 192, 208
-0.974504, 17, 97, 144, 224
-0.974567, 49, 289, 112, 352
-0.974623, 297, 201, 328, 264
-0.974695, 241, 153, 368, 216
-0.974712, 161, 233, 192, 296
-0.974733, 145, 193, 176, 320
-0.974741, 337, 193, 368, 256
-0.974839, 409, 217, 472, 280
-0.974997, 113, 177, 240, 240
-0.975011, 337, 209, 400, 272
-0.975074, 161, 161, 288, 224
-0.975088, 257, 313, 320, 375
-0.975241, 241, 89, 304, 152
-0.975268, 169, 129, 232, 256
-0.97531, 129, 57, 192, 120
-0.975344, 81, 233, 208, 296
-0.975512, 277, 177, 308, 240
-0.975601, 129, 121, 192, 184
-0.975619, 113, 289, 176, 352
-0.975663, 225, 97, 480, 224
-0.975696, 73, 153, 136, 216
-0.975746, 81, 313, 144, 375
-0.975752, 81, 265, 144, 328
-0.975758, 209, 201, 336, 264
-0.97581, 97, 25, 160, 88
-0.975836, 257, 265, 384, 328
-0.975937, 33, 169, 96, 232
-0.975979, 181, 249, 212, 312
-0.976156, 265, 169, 296, 232
-0.976158, 357, 177, 388, 304
-0.976173, 273, 105, 304, 168
-0.976183, 273, 73, 304, 136
-0.976215, 89, 49, 152, 112
-0.976394, 193, 233, 224, 296
-0.976587, 369, 241, 496, 368
-0.976715, 121, 81, 184, 144
-0.976721, 305, 145, 432, 272
-0.976723, 97, 233, 160, 296
-0.976772, 241, 233, 368, 296
-0.976883, 157, 145, 188, 272
-0.97692, 201, 129, 264, 375
-0.97697, 153, 241, 184, 368
-0.977024, 153, 161, 216, 224
-0.977084, 385, 193, 416, 320
-0.977088, 1, 193, 128, 320
-0.977095, 249, 145, 280, 272
-0.9772, 213, 257, 244, 320
-0.977274, 273, 241, 336, 368
-0.977331, 105, 193, 136, 256
-0.977339, 177, 265, 304, 328
-0.977568, 209, 305, 272, 368
-0.977953, 265, 193, 296, 256
-0.97796, 25, 249, 88, 312
-0.978003, 237, 153, 268, 216
-0.978073, 321, 201, 352, 264
-0.978091, 41, 225, 104, 288
-0.978153, 213, 241, 244, 368
-0.978156, 453, 209, 484, 336
-0.978216, 141, 233, 172, 296
-0.978229, 81, 81, 144, 208
-0.978234, 133, 209, 164, 336
-0.978314, 317, 241, 348, 304
-0.978396, 129, 1, 192, 64
-0.978429, 469, 209, 500, 336
-0.978443, 333, 249, 364, 312
-0.978477, 417, 257, 480, 320
-0.978482, 289, 177, 320, 240
-0.97852, 1, 105, 64, 168
-0.978523, 361, 185, 424, 248
-0.978549, 73, 209, 136, 272
-0.9786, 197, 185, 228, 248
-0.978645, 353, 249, 416, 312
-0.97867, 289, 145, 320, 272
-0.978672, 33, 193, 160, 256
-0.978724, 241, 241, 304, 304
-0.978724, 129, 273, 256, 336
-0.978774, 281, 153, 312, 216
-0.978776, 1, 97, 64, 224
-0.978817, 17, 241, 80, 368
-0.978956, 137, 137, 168, 200
-0.97896, 1, 9, 64, 72
-0.979, 349, 185, 380, 248
-0.979062, 233, 289, 296, 352
-0.979064, 73, 289, 136, 352
-0.979085, 305, 177, 368, 240
-0.979147, 33, 145, 96, 208
-0.979164, 217, 193, 248, 256
-0.979206, 409, 193, 472, 256
-0.979272, 97, 89, 160, 152
-0.979315, 397, 193, 428, 320
-0.979325, 153, 257, 184, 320
-0.979391, 369, 217, 496, 280
-0.979441, 469, 217, 500, 280
-0.979474, 425, 161, 488, 288
-0.979512, 373, 193, 404, 320
-0.979554, 385, 249, 448, 312
-0.979573, 153, 121, 216, 184
-0.979575, 361, 145, 424, 272
-0.979585, 313, 281, 376, 344
-0.979587, 1, 49, 64, 112
-0.97963, 369, 241, 432, 368
-0.979683, 133, 129, 164, 256
-0.979691, 425, 193, 456, 320
-0.979778, 169, 241, 200, 368
-0.979797, 33, 193, 96, 256
-0.979848, 193, 137, 320, 200
-0.979857, 233, 313, 296, 375
-0.979939, 33, 97, 96, 224
-0.980203, 149, 137, 180, 200
-0.980257, 273, 113, 336, 176
-0.980346, 201, 241, 232, 368
-0.980357, 261, 129, 292, 256
-0.98037, 241, 33, 304, 288
-0.980376, 105, 313, 168, 375
-0.980444, 61, 241, 92, 368
-0.980454, 177, 193, 208, 256
-0.980531, 221, 225, 252, 288
-0.98059, 1, 49, 64, 176
-0.980674, 17, 169, 144, 232
-0.980849, 185, 305, 248, 368
-0.98088, 141, 185, 172, 248
-0.980936, 413, 193, 444, 320
-0.981005, 241, 65, 304, 128
-0.981055, 281, 305, 344, 368
-0.981069, 1, 73, 64, 136
-0.981146, 281, 273, 344, 336
-0.98116, 293, 225, 324, 288
-0.981174, 305, 241, 432, 304
-0.981191, 441, 209, 472, 336
-0.981192, 265, 65, 328, 128
-0.981339, 345, 273, 408, 336
-0.981352, 97, 1, 160, 256
-0.981361, 257, 289, 320, 352
-0.981369, 393, 241, 456, 368
-0.98139, 185, 137, 248, 200
-0.981426, 185, 161, 248, 224
-0.981428, 169, 281, 232, 344
-0.981446, 81, 241, 112, 368
-0.981455, 305, 313, 368, 375
-0.9815, 365, 209, 396, 272
-0.981524, 325, 241, 356, 368
-0.98154, 253, 193, 284, 256
-0.981663, 145, 137, 272, 200
-0.981692, 129, 185, 160, 248
-0.9817, 1, 1, 128, 64
-0.9817, 49, 9, 176, 72
-0.981719, 57, 257, 120, 320
-0.981776, 249, 225, 280, 352
-0.981821, 149, 281, 180, 344
-0.98188, 49, 257, 176, 320
-0.981889, 253, 145, 284, 208
-0.981974, 253, 249, 284, 312
-0.981983, 281, 129, 344, 375
-0.982095, 113, 193, 144, 320
-0.982149, 161, 177, 192, 240
-0.982236, 201, 265, 232, 328
-0.982256, 433, 193, 496, 256
-0.982308, 225, 113, 288, 176
-0.982334, 309, 201, 340, 264
-0.982512, 105, 129, 136, 256
-0.982523, 129, 1, 192, 256
-0.982543, 385, 185, 448, 248
-0.982675, 1, 161, 64, 224
-0.982697, 109, 1, 140, 64
-0.982711, 401, 289, 464, 352
-0.982713, 25, 273, 88, 336
-0.982784, 17, 81, 144, 144
-0.98282, 65, 129, 128, 375
-0.982883, 177, 217, 208, 280
-0.982955, 329, 273, 360, 336
-0.982983, 33, 217, 160, 280
-0.983061, 73, 129, 136, 192
-0.983115, 377, 297, 440, 360
-0.983173, 337, 129, 400, 375
-0.983217, 225, 137, 288, 200
-0.98326, 33, 121, 96, 184
-0.983304, 393, 209, 424, 272
-0.983313, 289, 217, 416, 280
-0.983314, 109, 1, 140, 128
-0.983346, 345, 249, 376, 312
-0.983383, 81, 121, 208, 184
-0.983483, 277, 201, 308, 264
-0.983563, 193, 113, 320, 176
-0.983636, 261, 97, 292, 160
-0.983676, 65, 81, 128, 144
-0.983705, 1, 193, 64, 320
-0.983736, 257, 81, 384, 208
-0.983766, 225, 225, 256, 352
-0.983774, 437, 217, 468, 280
-0.983789, 237, 201, 268, 264
-0.98388, 49, 41, 176, 104
-0.983908, 369, 145, 496, 272
-0.98392, 1, 209, 64, 272
-0.983948, 117, 201, 148, 264
-0.984006, 1, 233, 64, 296
-0.984023, 313, 129, 376, 375
-0.984025, 221, 169, 252, 232
-0.984047, 377, 209, 408, 272
-0.984058, 285, 89, 316, 152
-0.984077, 425, 209, 456, 272
-0.984137, 265, 33, 328, 288
-0.984157, 305, 265, 432, 328
-0.984157, 377, 273, 440, 336
-0.98416, 69, 281, 100, 344
-0.984245, 97, 193, 128, 320
-0.984279, 241, 129, 368, 192
-0.984369, 225, 289, 352, 352
-0.984385, 129, 233, 160, 296
-0.984431, 1, 185, 64, 248
-0.984529, 221, 281, 252, 344
-0.984562, 277, 257, 308, 320
-0.984583, 85, 177, 116, 304
-0.984585, 161, 313, 224, 375
-0.984629, 65, 169, 192, 232
-0.984651, 329, 313, 392, 375
-0.984674, 241, 265, 272, 328
-0.984678, 277, 65, 308, 192
-0.98468, 57, 313, 120, 375
-0.984711, 33, 81, 96, 144
-0.984757, 137, 305, 200, 368
-0.98477, 233, 313, 264, 375
-0.984795, 129, 1, 192, 375
-0.984799, 97, 297, 224, 360
-0.984854, 93, 129, 124, 256
-0.984876, 257, 89, 384, 152
-0.98489, 65, 1, 128, 64
-0.984913, 17, 113, 144, 176
-0.984942, 353, 305, 416, 368
-0.98495, 425, 281, 488, 344
-0.98501, 305, 225, 336, 288
-0.985036, 153, 33, 216, 288
-0.985063, 353, 193, 480, 256
-0.985083, 153, 97, 216, 160
-0.985114, 409, 313, 472, 375
-0.985183, 317, 265, 348, 328
-0.985184, 233, 129, 264, 256
-0.985225, 121, 129, 152, 256
-0.985227, 1, 65, 64, 320
-0.985233, 93, 241, 124, 368
-0.985477, 137, 49, 168, 176
-0.985504, 65, 105, 128, 168
-0.985642, 17, 145, 144, 208
-0.985656, 265, 241, 296, 304
-0.985691, 93, 193, 124, 256
-0.985786, 41, 129, 104, 375
-0.985835, 193, 209, 224, 272
-0.985841, 209, 97, 336, 224
-0.985916, 129, 297, 160, 360
-0.985945, 1, 1, 32, 64
-0.985959, 5, 1, 36, 128
-0.98596, 253, 225, 284, 288
-0.985999, 433, 129, 496, 375
-0.98601, 433, 313, 496, 375
-0.986015, 265, 273, 296, 336
-0.986029, 1, 257, 64, 320
-0.986033, 97, 1, 160, 375
-0.986073, 125, 81, 156, 208
-0.986111, 385, 145, 448, 272
-0.986143, 233, 225, 264, 288
-0.986187, 457, 217, 488, 280
-0.986202, 405, 209, 436, 272
-0.986207, 289, 89, 352, 152
-0.986334, 73, 257, 104, 320
-0.986358, 233, 97, 296, 224
-0.986493, 337, 217, 368, 280
-0.986514, 125, 145, 156, 208
-0.986515, 81, 297, 112, 360
-0.986521, 97, 89, 224, 152
-0.986549, 337, 241, 368, 368
-0.986586, 153, 81, 216, 208
-0.986601, 225, 313, 352, 375
-0.986611, 237, 241, 268, 368
-0.986654, 393, 129, 456, 375
-0.98667, 353, 209, 384, 272
-0.986701, 289, 97, 352, 224
-0.986768, 165, 273, 196, 336
-0.986914, 109, 105, 140, 168
-0.987102, 53, 257, 84, 320
-0.987122, 1, 97, 32, 160
-0.987147, 269, 225, 300, 352
-0.987155, 137, 25, 168, 88
-0.987203, 245, 305, 276, 368
-0.98721, 177, 305, 304, 368
-0.98722, 265, 217, 296, 280
-0.987277, 205, 233, 236, 296
-0.987365, 1, 25, 128, 88
-0.987404, 281, 233, 312, 296
-0.987407, 73, 193, 104, 320
-0.987491, 165, 209, 196, 272
-0.987502, 301, 145, 332, 272
-0.987679, 141, 161, 172, 224
-0.98783, 153, 217, 216, 248
-0.987928, 73, 153, 104, 216
-0.987934, 105, 217, 136, 280
-0.987945, 121, 1, 152, 64
-0.987954, 105, 169, 136, 232
-0.988069, 81, 65, 208, 128
-0.988084, 1, 65, 32, 192
-0.988117, 121, 241, 152, 368
-0.988146, 161, 153, 192, 216
-0.988161, 1, 241, 128, 304
-0.988199, 305, 177, 336, 240
-0.988218, 201, 289, 232, 352
-0.988229, 129, 205, 192, 236
-0.988275, 189, 273, 220, 336
-0.988316, 97, 17, 224, 80
-0.98832, 265, 81, 296, 208
-0.988355, 249, 185, 312, 216
-0.988397, 233, 289, 264, 352
-0.988463, 105, 305, 136, 368
-0.988485, 73, 233, 104, 296
-0.988506, 361, 97, 424, 352
-0.988511, 289, 313, 416, 375
-0.988541, 225, 249, 256, 312
-0.988579, 241, 161, 304, 192
-0.988613, 313, 313, 344, 375
-0.988615, 281, 225, 312, 352
-0.988674, 129, 241, 192, 272
-0.98868, 185, 229, 248, 260
-0.988702, 153, 1, 216, 375
-0.988744, 117, 177, 148, 240
-0.98876, 117, 305, 148, 368
-0.988761, 145, 229, 208, 260
-0.988768, 353, 249, 480, 312
-0.988789, 249, 197, 312, 228
-0.988824, 161, 205, 224, 236
-0.988845, 121, 1, 152, 128
-0.988856, 305, 249, 336, 312
-0.988857, 73, 1, 136, 375
-0.988909, 273, 201, 336, 232
-0.98893, 209, 89, 336, 152
-0.988931, 257, 173, 320, 204
-0.988976, 85, 169, 116, 232
-0.988988, 265, 1, 328, 375
-0.988998, 201, 193, 264, 224
-0.989009, 177, 193, 240, 224
-0.989014, 233, 1, 296, 375
-0.989026, 105, 205, 168, 236
-0.989148, 113, 81, 144, 208
-0.989175, 129, 193, 192, 224
-0.989212, 153, 241, 216, 272
-0.98926, 145, 257, 208, 288
-0.989327, 225, 189, 288, 220
-0.989334, 121, 221, 184, 252
-0.989365, 341, 273, 372, 336
-0.989372, 177, 249, 240, 280
-0.989411, 85, 241, 116, 304
-0.989429, 33, 33, 96, 288
-0.989493, 169, 265, 232, 296
-0.989498, 185, 33, 248, 288
-0.989506, 177, 169, 208, 232
-0.989533, 469, 161, 500, 288
-0.989543, 241, 225, 304, 256
-0.989569, 1, 57, 128, 120
-0.989587, 49, 241, 80, 368
-0.989599, 153, 189, 216, 220
-0.989623, 297, 225, 360, 256
-0.989634, 289, 1, 352, 375
-0.989657, 137, 1, 168, 128
-0.989676, 289, 33, 352, 288
-0.989679, 81, 129, 112, 256
-0.989754, 285, 129, 316, 192
-0.989769, 97, 217, 160, 248
-0.989775, 433, 221, 496, 252
-0.989778, 361, 213, 424, 244
-0.98981, 137, 49, 168, 112
-0.989822, 257, 149, 320, 180
-0.989832, 293, 153, 324, 216
-0.989841, 217, 237, 280, 268
-0.989863, 329, 201, 392, 232
-0.98987, 97, 189, 160, 220
-0.989884, 1, 289, 128, 352
-0.989899, 129, 177, 384, 240
-0.989916, 113, 41, 240, 104
-0.989944, 365, 185, 396, 248
-0.989948, 105, 145, 136, 208
-0.989983, 233, 173, 296, 204
-0.990016, 289, 189, 352, 220
-0.990023, 217, 33, 280, 288
-0.990125, 105, 237, 168, 268
-0.990128, 173, 129, 204, 256
-0.990145, 185, 205, 248, 236
-0.990171, 73, 189, 136, 220
-0.990221, 225, 201, 288, 232
-0.990238, 1, 1, 64, 375
-0.990249, 193, 217, 256, 248
-0.990252, 209, 269, 272, 300
-0.990256, 273, 237, 336, 268
-0.99031, 97, 5, 160, 36
-0.990409, 129, 265, 160, 328
-0.990411, 305, 257, 368, 288
-0.990421, 137, 289, 200, 320
-0.990421, 201, 257, 264, 288
-0.990424, 265, 101, 328, 132
-0.990434, 137, 177, 200, 208
-0.990473, 1, 145, 64, 272
-0.990491, 157, 97, 188, 224
-0.990503, 325, 177, 356, 240
-0.990515, 265, 225, 328, 256
-0.99053, 241, 277, 304, 308
-0.990556, 401, 217, 464, 248
-0.990573, 277, 281, 308, 344
-0.990586, 117, 225, 148, 288
-0.990589, 121, 153, 184, 184
-0.990592, 329, 257, 392, 288
-0.990614, 325, 313, 356, 375
-0.990625, 297, 269, 360, 300
-0.990626, 297, 241, 360, 272
-0.990627, 121, 141, 184, 172
-0.990662, 289, 305, 320, 368
-0.990781, 73, 33, 136, 288
-0.990792, 281, 337, 344, 368
-0.990817, 265, 161, 328, 192
-0.990855, 265, 89, 328, 120
-0.990868, 129, 37, 192, 68
-0.990873, 185, 1, 248, 375
-0.990878, 129, 65, 256, 128
-0.99088, 121, 253, 184, 284
-0.990883, 193, 145, 224, 272
-0.990913, 97, 141, 160, 172
-0.990913, 281, 49, 344, 176
-0.99093, 217, 281, 280, 312
-0.990945, 169, 277, 232, 308
-0.99095, 257, 297, 288, 360
-0.99097, 305, 205, 368, 236
-0.990979, 33, 233, 288, 296
-0.990994, 265, 133, 328, 164
-0.991062, 161, 137, 224, 168
-0.991064, 217, 161, 280, 192
-0.991071, 317, 145, 348, 272
-0.991084, 97, 45, 160, 76
-0.991087, 105, 313, 168, 344
-0.991087, 289, 173, 352, 204
-0.99109, 49, 297, 176, 360
-0.991095, 273, 213, 336, 244
-0.991125, 37, 241, 68, 368
-0.991144, 61, 193, 92, 320
-0.991166, 241, 93, 304, 124
-0.991171, 193, 201, 448, 264
-0.991175, 97, 21, 160, 52
-0.99118, 65, 153, 320, 216
-0.991182, 141, 257, 172, 320
-0.991186, 49, 181, 112, 212
-0.991192, 241, 105, 304, 136
-0.991196, 337, 129, 400, 256
-0.991197, 241, 265, 304, 296
-0.991204, 93, 305, 124, 368
-0.99121, 329, 213, 392, 244
-0.99121, 217, 225, 280, 256
-0.991219, 293, 241, 324, 368
-0.991236, 273, 249, 336, 280
-0.991246, 257, 337, 320, 368
-0.9913, 249, 181, 280, 212
-0.991315, 137, 1, 168, 64
-0.991365, 133, 105, 164, 168
-0.991366, 305, 333, 368, 364
-0.991368, 81, 205, 144, 236
-0.991377, 249, 245, 312, 276
-0.991379, 217, 213, 280, 244
-0.991388, 97, 33, 160, 64
-0.991388, 145, 269, 208, 300
-0.991422, 93, 145, 124, 208
-0.991463, 97, 301, 160, 332
-0.991465, 153, 229, 184, 260
-0.991473, 337, 245, 400, 276
-0.991535, 81, 245, 144, 276
-0.991561, 273, 93, 304, 124
-0.991574, 105, 241, 136, 368
-0.991648, 337, 197, 368, 228
-0.991665, 225, 333, 288, 364
-0.991667, 225, 293, 288, 324
-0.991689, 193, 281, 256, 312
-0.991695, 225, 249, 288, 280
-0.991699, 265, 261, 328, 292
-0.991703, 273, 105, 304, 136
-0.991709, 257, 49, 500, 176
-0.991712, 129, 25, 192, 56
-0.991725, 265, 113, 328, 144
-0.991728, 137, 217, 168, 248
-0.991732, 149, 217, 180, 248
-0.991736, 329, 277, 392, 308
-0.991739, 1, 185, 500, 248
-0.991757, 113, 173, 176, 204
-0.99177, 209, 1, 272, 375
-0.991774, 33, 177, 288, 240
-0.991782, 209, 177, 272, 208
-0.991782, 33, 1, 96, 375
-0.991792, 313, 321, 376, 352
-0.991814, 121, 277, 184, 308
-0.99183, 73, 149, 136, 180
-0.991834, 369, 273, 496, 336
-0.991839, 57, 305, 120, 336
-0.99184, 233, 149, 296, 180
-0.99184, 81, 229, 144, 260
-0.991845, 73, 177, 136, 208
-0.991854, 105, 129, 168, 160
-0.991859, 273, 321, 336, 352
-0.991868, 129, 89, 192, 120
-0.991869, 129, 53, 192, 84
-0.991877, 273, 133, 304, 164
-0.991891, 121, 101, 184, 132
-0.991894, 65, 33, 128, 160
-0.991908, 249, 293, 312, 324
-0.99191, 265, 281, 328, 312
-0.991912, 121, 265, 184, 296
-0.991935, 301, 229, 332, 260
-0.991937, 193, 297, 256, 328
-0.991949, 89, 257, 152, 288
-0.991958, 41, 277, 104, 308
-0.991968, 97, 113, 160, 144
-0.991995, 129, 265, 384, 328
-0.992003, 81, 289, 144, 320
-0.992006, 57, 253, 120, 284
-0.992035, 137, 237, 168, 268
-0.992045, 189, 193, 220, 224
-0.992072, 121, 301, 184, 332
-0.992087, 329, 189, 392, 220
-0.992097, 81, 313, 144, 344
-0.992108, 305, 281, 368, 312
-0.992116, 129, 225, 384, 288
-0.99212, 333, 257, 364, 288
-0.99215, 33, 169, 96, 200
-0.992156, 97, 57, 160, 88
-0.992195, 249, 321, 312, 352
-0.992196, 285, 193, 316, 224
-0.992208, 249, 209, 312, 240
-0.992238, 361, 201, 424, 232
-0.992238, 281, 309, 344, 340
-0.992245, 217, 193, 248, 224
-0.992247, 129, 77, 192, 108
-0.99225, 201, 209, 232, 240
-0.992262, 249, 161, 280, 192
-0.992287, 265, 189, 296, 220
-0.992305, 129, 205, 160, 236
-0.992313, 161, 241, 192, 272
-0.992321, 149, 141, 180, 172
-0.992328, 337, 313, 464, 375
-0.99237, 273, 165, 304, 196
-0.992377, 349, 201, 380, 232
-0.992438, 193, 237, 224, 268
-0.992447, 365, 209, 396, 240
-0.99245, 261, 161, 292, 192
-0.992467, 165, 213, 196, 244
-0.992485, 153, 205, 184, 236
-0.992498, 97, 89, 352, 152
-0.992511, 253, 193, 284, 224
-0.992529, 273, 81, 304, 112
-0.992531, 153, 281, 184, 312
-0.992542, 237, 161, 268, 192
-0.992554, 437, 161, 468, 288
-0.992559, 325, 245, 356, 276
-0.992561, 349, 189, 380, 220
-0.992571, 313, 129, 376, 256
-0.99258, 305, 289, 432, 352
-0.992583, 133, 193, 164, 224
-0.992597, 141, 205, 172, 236
-0.992611, 273, 201, 400, 232
-0.992624, 173, 249, 204, 280
-0.99263, 229, 233, 260, 264
-0.992631, 137, 137, 168, 168
-0.992644, 273, 201, 304, 232
-0.992644, 209, 221, 240, 252
-0.992653, 177, 205, 208, 236
-0.992663, 369, 145, 400, 272
-0.992668, 117, 201, 148, 232
-0.992675, 89, 193, 120, 224
-0.992679, 157, 177, 188, 208
-0.992682, 321, 205, 352, 236
-0.992683, 273, 149, 304, 180
-0.992703, 201, 193, 232, 224
-0.992714, 273, 269, 304, 300
-0.992734, 197, 225, 228, 256
-0.992763, 33, 257, 288, 320
-0.992782, 177, 217, 208, 248
-0.992819, 177, 189, 208, 220
-0.992853, 321, 257, 352, 288
-0.992856, 261, 173, 292, 204
-0.992856, 177, 193, 304, 224
-0.992857, 237, 193, 268, 224
-0.99286, 301, 201, 332, 232
-0.992876, 145, 181, 176, 212
-0.992881, 181, 261, 212, 292
-0.992884, 329, 269, 360, 300
-0.992886, 297, 189, 328, 220
-0.99291, 285, 169, 316, 200
-0.992925, 449, 161, 480, 288
-0.992931, 277, 113, 292, 176
-0.992931, 273, 177, 304, 208
-0.992933, 405, 213, 436, 244
-0.992947, 253, 265, 284, 296
-0.992952, 317, 269, 348, 300
-0.992959, 269, 225, 300, 256
-0.992973, 285, 101, 316, 132
-0.992982, 81, 181, 112, 212
-0.992989, 265, 337, 296, 368
-0.993003, 209, 257, 240, 288
-0.993004, 181, 233, 212, 264
-0.993012, 121, 1, 152, 32
-0.993022, 189, 205, 220, 236
-0.993025, 93, 181, 124, 212
-0.993031, 165, 281, 196, 312
-0.993036, 337, 209, 368, 240
-0.993047, 149, 193, 180, 224
-0.993062, 289, 229, 320, 260
-0.993069, 217, 241, 248, 272
-0.993092, 441, 217, 472, 248
-0.993097, 241, 233, 272, 264
-0.993098, 381, 213, 412, 244
-0.993113, 137, 37, 168, 68
-0.99312, 433, 1, 496, 375
-0.993124, 153, 253, 184, 284
-0.993158, 105, 197, 136, 228
-0.99316, 285, 205, 316, 236
-0.99316, 249, 333, 280, 364
-0.993162, 273, 121, 304, 152
-0.993163, 149, 241, 180, 272
-0.993179, 193, 249, 224, 280
-0.993184, 133, 249, 164, 280
-0.993185, 245, 245, 276, 276
-0.993187, 233, 277, 264, 308
-0.993187, 81, 305, 112, 336
-0.993199, 155, 217, 170, 280
-0.99321, 221, 213, 252, 244
-0.993214, 417, 217, 448, 248
-0.993217, 157, 269, 188, 300
-0.993219, 209, 277, 240, 308
-0.993229, 45, 193, 76, 320
-0.99324, 109, 5, 140, 36
-0.993251, 109, 185, 140, 216
-0.993251, 141, 153, 172, 184
-0.993253, 261, 101, 292, 132
-0.993261, 237, 173, 268, 204
-0.993285, 97, 201, 352, 264
-0.993304, 109, 217, 140, 248
-0.993308, 301, 337, 332, 368
-0.993314, 285, 181, 316, 212
-0.993315, 321, 225, 352, 256
-0.993316, 313, 333, 344, 364
-0.993338, 117, 249, 148, 280
-0.993342, 313, 1, 376, 375
-0.993348, 225, 241, 480, 304
-0.993354, 97, 113, 352, 176
-0.993354, 253, 225, 284, 256
-0.993358, 453, 221, 484, 252
-0.993361, 161, 189, 192, 220
-0.993362, 465, 225, 496, 256
-0.993372, 121, 189, 152, 220
-0.993373, 257, 277, 288, 308
-0.99338, 221, 257, 252, 288
-0.993381, 193, 269, 224, 300
-0.993396, 429, 217, 460, 248
-0.993407, 393, 213, 424, 244
-0.993409, 273, 281, 304, 312
-0.993414, 345, 257, 376, 288
-0.993416, 261, 253, 292, 284
-0.993419, 329, 281, 360, 312
-0.993425, 125, 229, 156, 260
-0.993435, 309, 309, 340, 340
-0.993436, 65, 285, 96, 316
-0.993451, 145, 293, 176, 324
-0.993452, 229, 289, 260, 320
-0.993471, 225, 161, 256, 192
-0.993471, 97, 313, 128, 344
-0.993473, 165, 201, 196, 232
-0.993483, 97, 297, 352, 360
-0.993508, 359, 185, 374, 248
-0.993518, 241, 185, 368, 216
-0.993527, 97, 65, 352, 128
-0.993585, 1, 209, 256, 272
-0.993612, 285, 89, 300, 152
-0.993629, 213, 129, 244, 256
-0.993635, 259, 169, 274, 232
-0.993659, 225, 153, 480, 216
-0.993691, 341, 257, 356, 320
-0.993709, 113, 241, 240, 272
-0.993723, 343, 185, 358, 248
-0.993728, 145, 201, 160, 264
-0.993736, 1, 265, 128, 328
-0.993756, 69, 145, 100, 272
-0.993782, 151, 193, 166, 256
-0.993848, 1, 209, 500, 272
-0.993886, 337, 1, 400, 375
-0.99391, 349, 241, 380, 368
-0.993921, 1, 241, 500, 304
-0.993954, 113, 189, 240, 220
-0.993979, 269, 161, 284, 224
-0.993986, 129, 113, 256, 176
-0.993992, 33, 49, 96, 176
-0.993996, 289, 129, 416, 192
-0.994017, 253, 161, 268, 224
-0.994045, 225, 177, 480, 240
-0.994094, 273, 97, 304, 352
-0.994114, 177, 205, 304, 236
-0.994148, 1, 129, 256, 192
-0.994227, 129, 213, 256, 244
-0.994278, 289, 169, 416, 232
-0.994289, 289, 129, 304, 192
-0.99429, 161, 209, 176, 272
-0.994303, 113, 201, 240, 232
-0.994313, 433, 33, 496, 288
-0.994325, 277, 89, 292, 152
-0.994326, 333, 249, 348, 312
-0.99433, 247, 161, 262, 224
-0.994331, 1, 81, 256, 144
-0.994381, 225, 201, 352, 232
-0.994472, 233, 33, 296, 160
-0.994499, 297, 169, 312, 232
-0.994508, 213, 185, 228, 248
-0.994524, 1, 25, 256, 88
-0.994527, 177, 65, 304, 128
-0.994528, 361, 1, 424, 375
-0.994541, 21, 97, 52, 224
-0.994546, 65, 197, 192, 228
-0.994557, 97, 9, 352, 72
-0.99458, 225, 161, 352, 192
-0.994585, 281, 65, 296, 128
-0.994593, 345, 129, 376, 256
-0.994596, 1, 273, 500, 336
-0.994633, 161, 241, 176, 304
-0.994666, 145, 229, 272, 260
-0.994712, 165, 145, 180, 208
-0.994725, 307, 201, 322, 264
-0.994742, 401, 241, 432, 368
-0.994758, 197, 233, 212, 296
-0.994779, 135, 209, 150, 272
-0.994814, 299, 201, 314, 264
-0.994815, 385, 1, 448, 375
-0.99484, 1, 1, 256, 64
-0.994886, 327, 257, 342, 320
-0.994891, 317, 201, 332, 264
-0.994895, 173, 233, 188, 296
-0.99491, 207, 185, 222, 248
-0.994918, 1, 57, 256, 120
-0.994954, 167, 225, 182, 288
-0.994961, 1, 105, 256, 168
-0.994992, 225, 229, 352, 260
-0.994998, 97, 33, 352, 96
-0.995044, 257, 233, 272, 296
-0.995061, 1, 137, 500, 200
-0.995068, 57, 81, 120, 208
-0.995072, 215, 209, 230, 272
-0.995074, 225, 193, 240, 256
-0.995082, 275, 137, 290, 200
-0.995084, 1, 97, 500, 160
-0.995092, 153, 137, 168, 200
-0.995097, 161, 241, 288, 272
-0.995103, 161, 165, 288, 196
-0.995107, 305, 213, 432, 244
-0.995109, 257, 273, 500, 336
-0.995113, 17, 185, 144, 216
-0.995125, 145, 225, 160, 288
-0.995149, 337, 201, 352, 264
-0.995173, 145, 281, 272, 312
-0.995178, 65, 145, 192, 176
-0.995183, 177, 261, 304, 292
-0.995184, 353, 213, 480, 244
-0.995209, 279, 185, 294, 248
-0.99521, 207, 225, 222, 288
-0.995211, 97, 225, 224, 256
-0.995217, 323, 201, 338, 264
-0.995218, 157, 129, 188, 375
-0.995222, 159, 145, 174, 208
-0.995223, 1, 281, 256, 344
-0.995273, 113, 253, 240, 284
-0.995287, 271, 265, 286, 328
-0.995299, 273, 185, 288, 248
-0.995305, 263, 233, 278, 296
-0.995305, 389, 145, 420, 272
-0.995307, 225, 241, 240, 304
-0.99531, 193, 181, 320, 212
-0.995315, 329, 201, 344, 264
-0.995333, 283, 113, 298, 176
-0.995338, 265, 185, 280, 248
-0.995367, 161, 185, 176, 248
-0.99537, 255, 193, 270, 256
-0.995397, 65, 165, 192, 196
-0.9954, 127, 201, 142, 264
-0.995411, 295, 225, 310, 288
-0.995418, 483, 217, 498, 280
-0.995422, 225, 313, 480, 375
-0.995424, 249, 97, 280, 224
-0.995426, 225, 277, 352, 308
-0.99547, 225, 217, 352, 248
-0.995477, 409, 1, 472, 375
-0.995492, 351, 201, 366, 264
-0.995517, 193, 133, 320, 164
-0.995531, 241, 161, 256, 224
-0.995532, 81, 177, 208, 208
-0.995548, 337, 281, 352, 344
-0.99555, 225, 245, 352, 276
-0.995563, 297, 145, 312, 208
-0.995584, 177, 49, 304, 176
-0.995586, 361, 225, 392, 352
-0.995603, 197, 185, 212, 248
-0.995605, 129, 225, 144, 288
-0.995606, 155, 249, 170, 312
-0.99561, 321, 197, 448, 228
-0.995614, 17, 197, 144, 228
-0.995621, 233, 281, 248, 344
-0.995622, 305, 245, 432, 276
-0.99563, 241, 149, 368, 180
-0.995656, 257, 257, 384, 288
-0.995658, 225, 129, 480, 192
-0.995663, 117, 193, 132, 256
-0.995666, 347, 249, 362, 312
-0.995669, 217, 257, 232, 320
-0.99569, 171, 177, 186, 240
-0.995695, 293, 193, 308, 256
-0.995696, 219, 185, 234, 248
-0.995716, 65, 213, 192, 244
-0.99572, 369, 209, 384, 272
-0.995725, 289, 241, 304, 304
-0.995742, 271, 89, 286, 152
-0.995749, 1, 5, 128, 36
-0.995754, 139, 185, 154, 248
-0.995757, 139, 233, 154, 296
-0.995769, 153, 169, 168, 232
-0.995779, 267, 209, 282, 272
-0.995786, 273, 269, 400, 300
-0.995797, 65, 241, 192, 272
-0.995802, 319, 233, 334, 296
-0.995815, 129, 141, 256, 172
-0.995834, 329, 225, 344, 288
-0.995847, 201, 273, 216, 336
-0.995853, 183, 241, 198, 304
-0.995858, 257, 65, 384, 128
-0.995858, 379, 209, 394, 272
-0.995872, 145, 129, 176, 375
-0.995903, 341, 233, 356, 296
-0.995906, 129, 265, 256, 296
-0.995906, 147, 129, 162, 192
-0.995914, 33, 229, 160, 260
-0.995916, 233, 225, 248, 288
-0.995925, 305, 241, 336, 368
-0.995932, 249, 313, 264, 375
-0.995936, 247, 185, 262, 248
-0.99595, 149, 281, 164, 344
-0.995966, 211, 249, 226, 312
-0.995974, 97, 81, 128, 208
-0.995984, 239, 305, 254, 368
-0.995987, 231, 185, 246, 248
-0.995998, 429, 241, 460, 368
-0.996, 279, 249, 294, 312
-0.996023, 107, 185, 122, 248
-0.996051, 191, 233, 206, 296
-0.996069, 261, 129, 292, 375
-0.996071, 237, 129, 268, 375
-0.996081, 239, 193, 254, 256
-0.996096, 291, 169, 306, 232
-0.996098, 337, 169, 464, 232
-0.99611, 133, 129, 164, 375
-0.996118, 303, 177, 318, 240
-0.99612, 395, 209, 410, 272
-0.99613, 405, 209, 420, 272
-0.99614, 79, 281, 94, 344
-0.996141, 193, 145, 320, 176
-0.996151, 49, 29, 176, 60
-0.996155, 241, 97, 368, 128
-0.996155, 449, 217, 464, 280
-0.996157, 177, 217, 304, 248
-0.996164, 313, 33, 376, 288
-0.996192, 195, 265, 210, 328
-0.996197, 167, 265, 182, 328
-0.996203, 273, 281, 400, 312
-0.996215, 17, 149, 144, 180
-0.996229, 387, 209, 402, 272
-0.996236, 189, 177, 204, 240
-0.996251, 49, 17, 176, 48
-0.996252, 65, 253, 192, 284
-0.996259, 249, 129, 280, 375
-0.996262, 155, 273, 170, 336
-0.996266, 287, 193, 302, 256
-0.996282, 77, 145, 92, 208
-0.996286, 305, 257, 432, 288
-0.996287, 285, 129, 316, 375
-0.996307, 173, 201, 188, 264
-0.996314, 183, 185, 198, 248
-0.996325, 443, 217, 458, 280
-0.996327, 65, 281, 192, 312
-0.996328, 273, 333, 400, 364
-0.996363, 423, 209, 438, 272
-0.996368, 89, 289, 104, 352
-0.996382, 283, 161, 298, 224
-0.996389, 203, 249, 218, 312
-0.996396, 25, 193, 56, 320
-0.996402, 81, 133, 208, 164
-0.996405, 125, 177, 140, 240
-0.996405, 49, 45, 176, 76
-0.996407, 133, 185, 148, 248
-0.996409, 201, 129, 232, 375
-0.996418, 17, 169, 144, 200
-0.996427, 241, 173, 368, 204
-0.996433, 245, 241, 260, 304
-0.996447, 277, 273, 292, 336
-0.996448, 181, 217, 196, 280
-0.996452, 145, 177, 272, 208
-0.996456, 275, 161, 290, 224
-0.996477, 337, 33, 400, 288
-0.996496, 49, 5, 176, 36
-0.996507, 71, 265, 86, 328
-0.996512, 177, 177, 192, 240
-0.996526, 193, 341, 320, 372
-0.996544, 227, 265, 242, 328
-0.996548, 49, 77, 176, 108
-0.996548, 237, 257, 252, 320
-0.996575, 17, 249, 144, 280
-0.996585, 263, 145, 278, 208
-0.996589, 49, 57, 176, 88
-0.996595, 221, 217, 236, 280
-0.996597, 17, 101, 144, 132
-0.996605, 211, 281, 226, 344
-0.99662, 455, 217, 470, 280
-0.996637, 225, 97, 480, 160
-0.99664, 405, 145, 436, 272
-0.996645, 77, 257, 92, 320
-0.996645, 337, 269, 464, 300
-0.99665, 97, 301, 224, 332
-0.996662, 199, 209, 214, 272
-0.996664, 269, 241, 284, 304
-0.996665, 429, 209, 444, 272
-0.996669, 193, 97, 320, 128
-0.996673, 49, 89, 176, 120
-0.996742, 1, 33, 128, 64
-0.996752, 273, 233, 400, 264
-0.996777, 173, 129, 204, 375
-0.996779, 17, 125, 144, 156
-0.996797, 21, 49, 52, 176
-0.996817, 257, 137, 384, 168
-0.996828, 81, 265, 208, 296
-0.996873, 17, 213, 144, 244
-0.996897, 17, 113, 144, 144
-0.996917, 145, 153, 272, 184
-0.996925, 1, 1, 32, 256
-0.996929, 1, 21, 128, 52
-0.996946, 97, 13, 224, 44
-0.99696, 81, 113, 208, 144
-0.996975, 189, 129, 220, 375
-0.997016, 241, 109, 368, 140
-0.997048, 155, 221, 170, 252
-0.997061, 17, 137, 144, 168
-0.997072, 1, 61, 128, 92
-0.997089, 209, 325, 336, 356
-0.997103, 145, 309, 272, 340
-0.99714, 225, 129, 256, 375
-0.997154, 193, 289, 320, 320
-0.997159, 113, 33, 240, 64
-0.99717, 257, 345, 384, 375
-0.997184, 1, 161, 500, 224
-0.997198, 149, 221, 164, 252
-0.997201, 353, 257, 480, 288
-0.997202, 81, 313, 208, 344
-0.997203, 1, 313, 256, 375
-0.997211, 153, 141, 168, 172
-0.997217, 33, 1, 96, 128
-0.997218, 81, 101, 208, 132
-0.997231, 97, 1, 224, 32
-0.997232, 413, 241, 444, 368
-0.997242, 113, 45, 240, 76
-0.997248, 359, 197, 374, 228
-0.997265, 273, 161, 400, 192
-0.997282, 1, 25, 500, 88
-0.997283, 345, 193, 360, 224
-0.997283, 113, 69, 240, 100
-0.997303, 209, 301, 336, 332
-0.997309, 113, 57, 240, 88
-0.997325, 201, 229, 216, 260
-0.99733, 297, 177, 312, 208
-0.99733, 1, 73, 128, 104
-0.997338, 9, 241, 40, 368
-0.997346, 141, 233, 156, 264
-0.997348, 157, 209, 172, 240
-0.997357, 287, 101, 302, 132
-0.997367, 1, 45, 128, 76
-0.997382, 277, 89, 292, 120
-0.997404, 135, 241, 150, 272
-0.997434, 133, 229, 148, 260
-0.997442, 213, 129, 244, 375
-0.997442, 155, 233, 170, 264
-0.99745, 213, 205, 228, 236
-0.997454, 163, 221, 178, 252
-0.997464, 121, 97, 152, 352
-0.997466, 49, 301, 176, 332
-0.997474, 251, 181, 266, 212
-0.997489, 193, 313, 320, 344
-0.997491, 97, 85, 224, 116
-0.997491, 1, 1, 500, 64
-0.997498, 165, 49, 196, 176
-0.997498, 239, 161, 254, 192
-0.997522, 277, 101, 292, 132
-0.997526, 385, 33, 448, 288
-0.997531, 1, 85, 128, 116
-0.997535, 151, 201, 166, 232
-0.997539, 377, 241, 408, 368
-0.99755, 141, 221, 156, 252
-0.997559, 409, 33, 472, 288
-0.997564, 337, 257, 352, 288
-0.997568, 207, 209, 222, 240
-0.997569, 257, 321, 384, 352
-0.997584, 335, 277, 350, 308
-0.997588, 281, 77, 296, 108
-0.997588, 289, 185, 416, 216
-0.997594, 189, 189, 204, 220
-0.997606, 141, 201, 156, 232
-0.997611, 1, 57, 500, 120
-0.997615, 129, 241, 144, 272
-0.997633, 343, 261, 358, 292
-0.997636, 265, 161, 280, 192
-0.997643, 369, 225, 496, 256
-0.997651, 173, 237, 188, 268
-0.997661, 329, 261, 344, 292
-0.997662, 251, 329, 266, 360
-0.997662, 273, 165, 288, 196
-0.997668, 215, 193, 230, 224
-0.997675, 327, 209, 342, 240
-0.99769, 289, 197, 304, 228
-0.99769, 337, 285, 464, 316
-0.99769, 149, 1, 180, 128
-0.997697, 299, 229, 314, 260
-0.997709, 201, 213, 216, 244
-0.997713, 33, 317, 160, 348
-0.997719, 335, 209, 350, 240
-0.997721, 273, 85, 400, 116
-0.997727, 129, 97, 256, 128
-0.997733, 165, 233, 180, 264
-0.997739, 329, 249, 344, 280
-0.997739, 257, 329, 272, 360
-0.99774, 281, 121, 296, 152
-0.997742, 305, 193, 320, 224
-0.997744, 257, 73, 500, 136
-0.997747, 183, 189, 198, 220
-0.997749, 165, 281, 180, 312
-0.997754, 269, 193, 284, 224
-0.997757, 219, 209, 234, 240
-0.99776, 241, 193, 256, 224
-0.997764, 277, 201, 292, 232
-0.997765, 309, 229, 324, 260
-0.997768, 261, 237, 276, 268
-0.997779, 129, 129, 256, 160
-0.99778, 159, 141, 174, 172
-0.997786, 265, 261, 280, 292
-0.997787, 279, 257, 294, 288
-0.997788, 291, 161, 306, 192
-0.997792, 161, 329, 288, 360
-0.997797, 203, 193, 218, 224
-0.997805, 183, 249, 198, 280
-0.99781, 17, 285, 144, 316
-0.997814, 161, 203, 224, 218
-0.997816, 145, 293, 272, 324
-0.997819, 317, 241, 332, 272
-0.997823, 285, 89, 300, 120
-0.99783, 253, 229, 268, 260
-0.997831, 25, 241, 56, 368
-0.997838, 1, 261, 128, 292
-0.997842, 1, 301, 128, 332
-0.997845, 279, 189, 294, 220
-0.997848, 261, 225, 276, 256
-0.997853, 211, 261, 226, 292
-0.99786, 225, 217, 240, 248
-0.997863, 183, 201, 198, 232
-0.997867, 193, 113, 320, 144
-0.997881, 105, 97, 136, 352
-0.997884, 197, 241, 212, 272
-0.997886, 369, 209, 384, 240
-0.997903, 337, 185, 464, 216
-0.997905, 321, 253, 336, 284
-0.997912, 219, 245, 234, 276
-0.997913, 157, 273, 172, 304
-0.99792, 273, 305, 400, 336
-0.997923, 275, 133, 290, 164
-0.997926, 375, 209, 390, 240
-0.997926, 151, 185, 166, 216
-0.997929, 321, 337, 448, 368
-0.997931, 313, 333, 328, 364
-0.997933, 353, 205, 368, 236
-0.997934, 295, 205, 310, 236
-0.997937, 297, 157, 312, 188
-0.997943, 189, 201, 204, 232
-0.997944, 127, 201, 142, 232
-0.997947, 257, 181, 272, 212
-0.997957, 7, 1, 22, 32
-0.997959, 159, 173, 174, 204
-0.997959, 91, 181, 106, 212
-0.997962, 245, 161, 260, 192
-0.997966, 263, 197, 278, 228
-0.99797, 247, 193, 262, 224
-0.997976, 283, 201, 298, 232
-0.99798, 225, 193, 240, 224
-0.99798, 147, 137, 162, 168
-0.997981, 341, 273, 356, 304
-0.997981, 161, 217, 224, 232
-0.997986, 241, 257, 256, 288
-0.997986, 275, 269, 290, 300
-0.997996, 133, 205, 148, 236
-0.997996, 273, 153, 288, 184
-0.997999, 369, 201, 496, 232
-0.998, 343, 245, 358, 276
-0.998002, 275, 113, 290, 144
-0.998006, 315, 229, 330, 260
-0.998011, 75, 277, 90, 308
-0.998011, 135, 193, 150, 224
-0.998012, 15, 1, 30, 32
-0.998012, 129, 213, 192, 228
-0.998012, 329, 273, 344, 304
-0.998013, 193, 217, 208, 248
-0.998022, 195, 229, 210, 260
-0.998022, 129, 207, 192, 222
-0.998022, 165, 205, 180, 236
-0.998024, 263, 333, 278, 364
-0.998026, 239, 245, 254, 276
-0.99803, 261, 249, 276, 280
-0.998032, 297, 129, 328, 375
-0.998041, 177, 85, 304, 116
-0.998043, 115, 201, 130, 232
-0.998044, 213, 225, 228, 256
-0.998045, 1, 297, 500, 360
-0.998046, 161, 245, 176, 276
-0.998048, 209, 189, 224, 220
-0.998058, 267, 225, 282, 256
-0.998059, 271, 249, 286, 280
-0.998059, 409, 213, 424, 244
-0.99806, 189, 257, 204, 288
-0.998062, 293, 237, 308, 268
-0.998062, 237, 289, 252, 320
-0.998065, 231, 241, 246, 272
-0.998074, 289, 133, 304, 164
-0.998075, 353, 245, 480, 276
-0.998075, 177, 189, 192, 220
-0.998078, 337, 313, 464, 344
-0.99808, 245, 321, 260, 352
-0.998085, 97, 181, 112, 212
-0.998088, 321, 225, 448, 256
-0.998089, 145, 245, 208, 260
-0.99809, 93, 305, 108, 336
-0.998095, 197, 189, 212, 220
-0.998096, 197, 201, 212, 232
-0.998097, 349, 129, 380, 375
-0.998101, 105, 193, 120, 224
-0.998102, 369, 345, 496, 375
-0.998108, 139, 37, 154, 68
-0.998109, 207, 237, 222, 268
-0.998119, 249, 199, 312, 214
-0.998122, 273, 293, 400, 324
-0.998127, 361, 215, 424, 230
-0.998135, 361, 1, 424, 256
-0.998155, 273, 125, 400, 156
-0.998161, 225, 163, 288, 178
-0.998167, 369, 297, 496, 328
-0.998169, 121, 199, 184, 214
-0.998169, 57, 145, 88, 272
-0.998175, 177, 251, 240, 266
-0.998206, 153, 267, 216, 282
-0.998206, 97, 197, 160, 212
-0.998207, 241, 193, 304, 208
-0.998225, 105, 207, 168, 222
-0.998229, 185, 235, 248, 250
-0.998235, 129, 235, 192, 250
-0.998239, 145, 191, 208, 206
-0.998241, 321, 297, 448, 328
-0.998244, 289, 149, 416, 180
-0.998245, 209, 197, 272, 212
-0.998246, 137, 1, 168, 256
-0.998287, 217, 289, 280, 304
-0.998291, 145, 229, 208, 244
-0.998299, 153, 33, 184, 288
-0.998304, 385, 217, 448, 232
-0.998309, 161, 141, 224, 156
-0.998313, 241, 169, 304, 184
-0.998324, 145, 257, 208, 272
-0.998327, 97, 219, 160, 234
-0.99833, 85, 129, 116, 375
-0.998332, 45, 113, 76, 240
-0.998332, 257, 187, 320, 202
-0.998335, 257, 163, 320, 178
-0.998344, 257, 175, 320, 190
-0.998345, 265, 205, 328, 220
-0.998349, 321, 261, 384, 276
-0.998353, 145, 223, 208, 238
-0.998358, 233, 283, 296, 298
-0.998362, 185, 227, 248, 242
-0.998363, 337, 129, 368, 375
-0.998366, 329, 207, 392, 222
-0.99837, 161, 235, 224, 250
-0.998386, 121, 223, 184, 238
-0.998391, 289, 205, 352, 220
-0.998411, 185, 209, 248, 224
-0.998417, 105, 149, 168, 164
-0.998422, 257, 229, 320, 244
-0.998422, 169, 257, 232, 272
-0.998424, 105, 213, 168, 228
-0.99843, 165, 33, 196, 288
-0.998431, 409, 219, 472, 234
-0.998431, 129, 143, 192, 158
-0.998432, 129, 181, 192, 196
-0.998439, 257, 157, 320, 172
-0.99845, 129, 151, 192, 166
-0.998453, 193, 269, 256, 284
-0.998455, 433, 221, 496, 236
-0.998461, 161, 209, 224, 224
-0.998462, 217, 277, 280, 292
-0.998464, 161, 277, 224, 292
-0.998468, 169, 191, 232, 206
-0.998476, 249, 343, 312, 358
-0.998476, 217, 203, 280, 218
-0.998483, 265, 103, 328, 118
-0.998487, 201, 247, 264, 262
-0.998487, 209, 261, 272, 276
-0.998493, 185, 215, 248, 230
-0.998493, 97, 3, 160, 18
-0.998498, 321, 129, 352, 375
-0.9985, 257, 151, 320, 166
-0.998505, 105, 249, 168, 264
-0.998506, 257, 145, 320, 160
-0.99851, 149, 291, 180, 306
-0.99851, 109, 1, 140, 256
-0.998511, 225, 231, 288, 246
-0.998512, 273, 163, 304, 178
-0.998512, 193, 283, 256, 298
-0.998513, 153, 251, 184, 266
-0.998513, 237, 329, 268, 344
-0.998513, 137, 39, 168, 54
-0.998513, 301, 227, 332, 242
-0.998513, 465, 221, 496, 236
-0.998514, 185, 191, 216, 206
-0.998514, 157, 179, 188, 194
-0.998514, 321, 207, 352, 222
-0.998514, 165, 207, 196, 222
-0.998514, 117, 213, 148, 228
-0.998515, 469, 227, 500, 242
-0.998515, 101, 315, 132, 330
-0.998515, 137, 147, 168, 162
-0.998516, 269, 345, 300, 360
-0.998517, 445, 221, 476, 236
-0.998518, 329, 275, 360, 290
-0.998519, 273, 223, 336, 238
-0.998519, 149, 195, 180, 210
-0.998519, 145, 251, 208, 266
-0.99852, 273, 181, 304, 196
-0.99852, 169, 189, 200, 204
-0.99852, 121, 7, 152, 22
-0.998521, 253, 191, 284, 206
-0.998521, 201, 265, 232, 280
-0.998522, 241, 253, 272, 268
-0.998522, 261, 265, 292, 280
-0.998522, 201, 281, 232, 296
-0.998523, 241, 275, 272, 290
-0.998524, 285, 101, 316, 116
-0.998524, 285, 173, 316, 188
-0.998525, 285, 221, 316, 236
-0.998525, 209, 293, 240, 308
-0.998525, 177, 267, 208, 282
-0.998526, 293, 187, 324, 202
-0.998527, 177, 209, 208, 224
-0.998527, 417, 217, 448, 232
-0.998527, 209, 287, 240, 302
-0.998527, 105, 241, 168, 256
-0.998528, 129, 193, 160, 208
-0.998529, 349, 199, 380, 214
-0.998529, 217, 215, 248, 230
-0.99853, 133, 249, 164, 264
-0.998531, 185, 243, 216, 258
-0.998532, 233, 231, 264, 246
-0.998532, 229, 237, 260, 252
-0.998536, 313, 245, 344, 260
-0.998536, 261, 231, 292, 246
-0.998536, 249, 181, 312, 196
-0.998537, 237, 285, 268, 300
-0.998538, 341, 259, 372, 274
-0.998538, 133, 231, 164, 246
-0.998538, 241, 195, 272, 210
-0.998542, 313, 257, 344, 272
-0.998544, 345, 187, 376, 202
-0.998544, 137, 213, 168, 228
-0.998547, 205, 225, 236, 240
-0.998547, 273, 99, 304, 114
-0.998547, 269, 175, 300, 190
-0.998548, 201, 271, 232, 286
-0.998548, 249, 335, 280, 350
-0.998548, 321, 265, 352, 280
-0.998548, 173, 261, 204, 276
-0.99855, 289, 199, 352, 214
-0.99855, 269, 209, 300, 224
-0.998551, 305, 251, 336, 266
-0.998552, 149, 139, 180, 154
-0.998553, 145, 201, 176, 216
-0.998553, 241, 237, 272, 252
-0.998553, 337, 209, 368, 224
-0.998553, 253, 165, 284, 180
-0.998554, 205, 195, 236, 210
-0.998556, 169, 255, 200, 270
-0.998557, 293, 193, 324, 208
-0.998557, 209, 255, 272, 270
-0.998558, 265, 197, 296, 212
-0.998558, 257, 341, 288, 356
-0.998558, 153, 285, 184, 300
-0.998559, 121, 229, 184, 244
-0.998559, 113, 189, 176, 204
-0.998559, 261, 225, 292, 240
-0.99856, 429, 219, 460, 234
-0.998561, 129, 239, 160, 254
-0.998561, 73, 129, 104, 375
-0.998562, 145, 197, 208, 212
-0.998564, 293, 233, 324, 248
-0.998564, 325, 251, 356, 266
-0.998565, 285, 227, 316, 242
-0.998566, 141, 237, 172, 252
-0.998566, 169, 219, 200, 234
-0.998567, 229, 195, 260, 210
-0.998569, 149, 147, 180, 162
-0.998571, 273, 157, 304, 172
-0.998573, 177, 237, 208, 252
-0.998573, 257, 139, 320, 154
-0.998574, 257, 183, 288, 198
-0.998575, 193, 143, 224, 158
-0.998579, 273, 191, 304, 206
-0.998579, 265, 203, 296, 218
-0.99858, 405, 217, 436, 232
-0.998581, 197, 217, 228, 232
-0.998581, 357, 211, 388, 226
-0.998582, 189, 249, 220, 264
-0.998585, 253, 199, 284, 214
-0.998585, 241, 205, 304, 220
-0.998586, 289, 191, 352, 206
-0.998587, 133, 199, 164, 214
-0.998587, 113, 203, 144, 218
-0.998588, 257, 283, 288, 298
-0.998588, 177, 241, 240, 256
-0.998588, 349, 205, 380, 220
-0.99859, 329, 213, 392, 228
-0.99859, 113, 257, 176, 272
-0.998592, 121, 1, 152, 16
-0.998593, 241, 99, 304, 114
-0.998593, 257, 279, 320, 294
-0.998593, 333, 265, 364, 280
-0.998594, 345, 193, 376, 208
-0.998595, 289, 211, 352, 226
-0.998597, 161, 245, 192, 260
-0.998597, 217, 191, 280, 206
-0.998598, 233, 249, 296, 264
-0.998598, 265, 193, 328, 208
-0.998598, 133, 223, 164, 238
-0.9986, 189, 203, 220, 218
-0.998601, 273, 169, 304, 184
-0.998604, 105, 235, 168, 250
-0.998604, 185, 263, 248, 278
-0.998605, 273, 111, 336, 126
-0.998606, 97, 317, 160, 332
-0.998607, 273, 111, 304, 126
-0.998607, 157, 235, 188, 250
-0.998609, 97, 11, 160, 26
-0.99861, 141, 243, 172, 258
-0.99861, 233, 175, 296, 190
-0.998612, 177, 197, 240, 212
-0.998612, 289, 203, 320, 218
-0.998615, 389, 215, 420, 230
-0.998618, 137, 139, 168, 154
-0.998626, 217, 237, 280, 252
-0.998627, 273, 343, 336, 358
-0.998627, 273, 227, 304, 242
-0.998627, 417, 145, 448, 272
-0.998628, 197, 235, 228, 250
-0.998632, 133, 207, 164, 222
-0.998634, 185, 215, 216, 230
-0.998635, 265, 97, 328, 112
-0.998639, 113, 263, 176, 278
-0.99864, 233, 221, 296, 236
-0.99864, 237, 163, 268, 178
-0.998643, 249, 211, 312, 226
-0.998644, 149, 217, 180, 232
-0.998644, 177, 203, 208, 218
-0.998645, 97, 31, 160, 46
-0.998645, 265, 169, 328, 184
-0.998645, 145, 135, 208, 150
-0.998646, 205, 211, 236, 226
-0.998647, 149, 223, 180, 238
-0.998647, 369, 213, 400, 228
-0.998648, 337, 203, 368, 218
-0.998648, 273, 337, 336, 352
-0.998651, 185, 221, 248, 236
-0.998652, 105, 143, 168, 158
-0.998652, 145, 283, 208, 298
-0.998658, 261, 33, 292, 288
-0.998659, 161, 89, 288, 152
-0.998659, 277, 201, 308, 216
-0.998659, 149, 229, 180, 244
-0.998659, 241, 109, 304, 124
-0.99866, 153, 207, 184, 222
-0.998662, 165, 213, 196, 228
-0.998662, 257, 285, 320, 300
-0.998664, 129, 41, 192, 56
-0.998667, 273, 93, 304, 108
-0.998667, 273, 135, 304, 150
-0.998669, 305, 267, 368, 282
-0.998672, 273, 257, 336, 272
-0.998674, 81, 203, 144, 218
-0.998674, 297, 257, 360, 272
-0.998678, 329, 257, 360, 272
-0.998687, 289, 65, 320, 192
-0.998698, 265, 217, 328, 232
-0.9987, 97, 225, 160, 240
-0.998701, 225, 339, 288, 354
-0.998704, 273, 105, 304, 120
-0.998707, 345, 289, 408, 304
-0.998707, 97, 51, 160, 66
-0.998709, 73, 151, 136, 166
-0.998709, 137, 295, 200, 310
-0.998711, 249, 337, 312, 352
-0.998714, 241, 255, 304, 270
-0.998716, 277, 1, 308, 256
-0.998717, 289, 179, 352, 194
-0.998717, 265, 133, 328, 148
-0.998723, 193, 191, 256, 206
-0.998724, 289, 251, 352, 266
-0.998728, 97, 21, 160, 36
-0.99873, 329, 129, 360, 256
-0.998738, 297, 225, 360, 240
-0.998738, 209, 215, 272, 230
-0.998738, 233, 261, 296, 276
-0.998746, 389, 241, 420, 368
-0.998759, 461, 129, 492, 375
-0.998792, 157, 193, 172, 320
-0.998794, 369, 129, 400, 375
-0.998799, 211, 193, 226, 320
-0.998824, 235, 177, 250, 304
-0.998851, 195, 193, 210, 320
-0.998852, 201, 209, 216, 336
-0.998862, 335, 193, 350, 320
-0.998866, 187, 177, 202, 304
-0.998875, 275, 113, 290, 240
-0.99888, 247, 177, 262, 304
-0.998884, 357, 161, 372, 288
-0.998887, 145, 193, 160, 320
-0.99889, 343, 177, 358, 304
-0.998898, 287, 113, 302, 240
-0.998903, 21, 65, 52, 320
-0.998908, 309, 129, 340, 375
-0.998908, 281, 65, 296, 192
-0.998919, 295, 145, 310, 272
-0.998919, 151, 193, 166, 320
-0.99892, 309, 193, 324, 320
-0.998924, 325, 193, 340, 320
-0.998936, 181, 193, 196, 320
-0.99894, 299, 193, 314, 320
-0.998945, 351, 193, 366, 320
-0.998949, 1, 113, 32, 240
-0.998951, 397, 129, 428, 375
-0.998958, 173, 177, 188, 304
-0.998977, 271, 177, 286, 304
-0.998985, 163, 129, 178, 256
-0.998998, 61, 129, 92, 375
-0.999, 281, 113, 296, 240
-0.999006, 167, 225, 182, 352
-0.999009, 223, 177, 238, 304
-0.99901, 229, 177, 244, 304
-0.999012, 137, 209, 152, 336
-0.999015, 483, 209, 498, 336
-0.999018, 121, 1, 152, 256
-0.99902, 367, 193, 382, 320
-0.999023, 381, 193, 396, 320
-0.999028, 301, 145, 316, 272
-0.999028, 241, 145, 256, 272
-0.999029, 265, 177, 280, 304
-0.99904, 151, 129, 166, 256
-0.999043, 217, 177, 232, 304
-0.999046, 319, 193, 334, 320
-0.999047, 457, 209, 472, 336
-0.999053, 451, 209, 466, 336
-0.999054, 467, 209, 482, 336
-0.999057, 145, 145, 160, 272
-0.999061, 139, 129, 154, 256
-0.999061, 405, 193, 420, 320
-0.999062, 269, 129, 284, 256
-0.999069, 245, 33, 276, 288
-0.999072, 157, 129, 172, 256
-0.999075, 189, 225, 204, 352
-0.999082, 397, 193, 412, 320
-0.999083, 163, 177, 178, 304
-0.999085, 387, 193, 402, 320
-0.999085, 157, 241, 172, 368
-0.999091, 239, 241, 254, 368
-0.999094, 127, 193, 142, 320
-0.999096, 279, 177, 294, 304
-0.999098, 107, 129, 122, 256
-0.999112, 259, 193, 274, 320
-0.999113, 413, 193, 428, 320
-0.999115, 375, 193, 390, 320
-0.999116, 289, 177, 304, 304
-0.999121, 473, 209, 488, 336
-0.999125, 427, 193, 442, 320
-0.999126, 253, 145, 268, 272
-0.999126, 229, 225, 244, 352
-0.999126, 173, 225, 188, 352
-0.999127, 341, 241, 356, 368
-0.999129, 195, 241, 210, 368
-0.999132, 443, 193, 458, 320
-0.999134, 241, 193, 256, 320
-0.999154, 437, 193, 452, 320
-0.999154, 327, 241, 342, 368
-0.999156, 203, 161, 218, 288
-0.999157, 107, 193, 122, 320
-0.999158, 89, 241, 104, 368
-0.999167, 139, 49, 154, 176
-0.999178, 211, 241, 226, 368
-0.999179, 223, 225, 238, 352
-0.99918, 421, 193, 436, 320
-0.999181, 113, 1, 128, 128
-0.999182, 45, 129, 76, 375
-0.9992, 133, 129, 148, 256
-0.999203, 333, 241, 348, 368
-0.999213, 97, 177, 112, 304
-0.999214, 287, 65, 302, 192
-0.999217, 425, 129, 456, 375
-0.999217, 259, 145, 274, 272
-0.999222, 83, 241, 98, 368
-0.999232, 277, 225, 292, 352
-0.999239, 183, 241, 198, 368
-0.999241, 117, 145, 132, 272
-0.999243, 149, 241, 164, 368
-0.999251, 13, 1, 28, 128
-0.999257, 271, 241, 286, 368
-0.999261, 75, 225, 90, 352
-0.999264, 169, 113, 184, 240
-0.999267, 99, 225, 114, 352
-0.999268, 217, 241, 232, 368
-0.999272, 265, 225, 280, 352
-0.999275, 247, 241, 262, 368
-0.999276, 247, 129, 262, 256
-0.999287, 97, 129, 112, 256
-0.999294, 61, 241, 76, 368
-0.999297, 129, 241, 144, 368
-0.999297, 111, 81, 126, 208
-0.999298, 275, 65, 290, 192
-0.999299, 433, 113, 496, 240
-0.999301, 81, 177, 96, 304
-0.999311, 485, 161, 500, 288
-0.999313, 289, 225, 304, 352
-0.999318, 7, 1, 22, 128
-0.999319, 133, 81, 148, 208
-0.999319, 141, 1, 156, 128
-0.999322, 347, 241, 362, 368
-0.999327, 127, 145, 142, 272
-0.999328, 253, 193, 268, 320
-0.99933, 89, 177, 104, 304
-0.999334, 319, 241, 334, 368
-0.999344, 75, 129, 90, 256
-0.999357, 307, 145, 322, 272
-0.999367, 83, 129, 98, 256
-0.99937, 121, 193, 136, 320
-0.999376, 1, 313, 128, 375
-0.999377, 115, 193, 130, 320
-0.999379, 69, 241, 84, 368
-0.999379, 145, 97, 160, 224
-0.99938, 283, 225, 298, 352
-0.999382, 449, 129, 480, 375
-0.999385, 75, 177, 90, 304
-0.999388, 91, 129, 106, 256
-0.999392, 413, 129, 444, 375
-0.999392, 369, 145, 384, 272
-0.999392, 315, 145, 330, 272
-0.999395, 253, 241, 268, 368
-0.999396, 117, 97, 132, 224
-0.999399, 121, 241, 136, 368
-0.999401, 363, 145, 378, 272
-0.999403, 105, 241, 120, 368
-0.999418, 169, 1, 200, 128
-0.999435, 437, 129, 468, 375
-0.999447, 385, 129, 416, 375
-0.999674, 245, 325, 260, 340
-0.999676, 197, 139, 212, 154
-0.999681, 225, 41, 480, 104
-0.999681, 207, 233, 222, 248
-0.999681, 275, 141, 290, 156
-0.999681, 155, 247, 170, 262
-0.999683, 263, 235, 278, 250
-0.999683, 221, 247, 236, 262
-0.999685, 145, 203, 160, 218
-0.999686, 323, 261, 338, 276
-0.999689, 325, 269, 340, 284
-0.999689, 163, 235, 178, 250
-0.999691, 343, 207, 358, 222
-0.999692, 149, 209, 164, 224
-0.999693, 191, 203, 206, 218
-0.999694, 227, 289, 242, 304
-0.999694, 353, 207, 368, 222
-0.999695, 209, 211, 224, 226
-0.999698, 187, 215, 202, 230
-0.999701, 277, 227, 292, 242
-0.999703, 139, 207, 154, 222
-0.999704, 303, 225, 318, 240
-0.999705, 123, 253, 138, 268
-0.999706, 287, 209, 302, 224
-0.999708, 391, 215, 406, 230
-0.999709, 259, 247, 274, 262
-0.999711, 193, 215, 208, 230
-0.999713, 207, 203, 222, 218
-0.999713, 249, 335, 264, 350
-0.999714, 263, 183, 278, 198
-0.999715, 89, 33, 120, 288
-0.999721, 417, 217, 432, 232
-0.999723, 149, 149, 164, 164
-0.999723, 243, 239, 258, 254
-0.999723, 271, 231, 286, 246
-0.999723, 95, 309, 110, 324
-0.999725, 139, 243, 154, 258
-0.99973, 165, 179, 180, 194
-0.999731, 271, 341, 286, 356
-0.999731, 139, 221, 154, 236
-0.999732, 289, 227, 304, 242
-0.999735, 283, 115, 298, 130
-0.999736, 283, 227, 298, 242
-0.999745, 273, 33, 400, 160
-0.999747, 255, 239, 270, 254
-0.999752, 335, 275, 350, 290
-0.999753, 155, 241, 170, 256
-0.999753, 385, 213, 400, 228
-0.999753, 217, 219, 232, 234
-0.999754, 257, 1, 500, 128
-0.999755, 319, 255, 334, 270
-0.999755, 295, 229, 310, 244
-0.999757, 177, 207, 192, 222
-0.99976, 199, 215, 214, 230
-0.999765, 333, 255, 348, 270
-0.999766, 207, 217, 222, 232
-0.999772, 157, 279, 172, 294
-0.999773, 161, 145, 176, 160
-0.999783, 369, 211, 384, 226
-0.999786, 165, 211, 180, 226
-0.99979, 283, 75, 298, 90
-0.99979, 183, 253, 198, 268
-0.999792, 289, 33, 320, 288
-0.999798, 241, 195, 256, 210
-0.999801, 297, 177, 312, 192
-0.999802, 179, 213, 194, 228
-0.999803, 297, 159, 312, 174
-0.999805, 155, 231, 170, 246
-0.999806, 261, 253, 276, 268
-0.999807, 359, 195, 374, 210
-0.999809, 277, 109, 292, 124
-0.999812, 133, 233, 148, 248
-0.999812, 335, 281, 350, 296
-0.999815, 397, 215, 412, 230
-0.999818, 97, 1, 128, 128
-0.99982, 345, 195, 360, 210
-0.999823, 281, 85, 296, 100
-0.999824, 299, 235, 314, 250
-0.999826, 255, 181, 270, 196
-0.999831, 335, 269, 350, 284
-0.999833, 269, 197, 284, 212
-0.999835, 1, 97, 32, 352
-0.999843, 347, 259, 362, 274
-0.999844, 249, 233, 264, 248
-0.999844, 133, 245, 148, 260
-0.999847, 155, 209, 170, 224
-0.999848, 127, 247, 142, 262
-0.999848, 171, 235, 186, 250
-0.999851, 257, 341, 272, 356
-0.999852, 207, 271, 222, 286
-0.999852, 145, 221, 160, 236
-0.999858, 327, 255, 342, 270
-0.999859, 215, 207, 230, 222
-0.999861, 165, 285, 180, 300
-0.999864, 325, 223, 340, 238
-0.999868, 151, 217, 166, 232
-0.999871, 257, 17, 500, 80
-0.999874, 163, 223, 178, 238
-0.999876, 155, 151, 170, 166
-0.999879, 197, 237, 212, 252
-0.99988, 263, 339, 278, 354
-0.999888, 149, 231, 164, 246
-0.999888, 251, 329, 266, 344
-0.999891, 201, 203, 216, 218
-0.999893, 291, 201, 306, 216
-0.999896, 379, 213, 394, 228
-0.999908, 275, 97, 290, 112
-0.999913, 145, 237, 160, 252
-0.999914, 149, 197, 164, 212
-0.999919, 183, 203, 198, 218
-0.99992, 161, 229, 176, 244
-0.999921, 131, 239, 146, 254
-0.999925, 287, 133, 302, 148
-0.999928, 33, 129, 64, 375
-0.999935, 275, 167, 290, 182
-0.999935, 209, 143, 224, 158
-0.999941, 279, 201, 294, 216
-0.999943, 239, 161, 254, 176
-0.999961, 277, 133, 292, 148
-0.999965, 285, 109, 300, 124
-0.99997, 335, 263, 350, 278
-1, 345, 201, 360, 216
-1.00001, 167, 229, 182, 244
-1.00001, 157, 217, 172, 232
-1.00001, 341, 259, 356, 274
-1.00002, 265, 163, 280, 178
-1.00003, 203, 141, 218, 156
-1.00003, 151, 225, 166, 240
-1.00004, 85, 81, 116, 208
-1.00004, 359, 203, 374, 218
-1.00004, 155, 145, 170, 160
-1.00005, 219, 213, 234, 228
-1.00005, 153, 139, 168, 154
-1.00006, 329, 261, 344, 276
-1.00009, 277, 103, 292, 118
-1.0001, 157, 223, 172, 238
-1.00011, 139, 235, 154, 250
-1.00012, 255, 335, 270, 350
-1.00016, 285, 103, 300, 118
-1.00017, 45, 33, 76, 288
-1.00022, 199, 231, 214, 246
-1.00038, 177, 33, 208, 288
-1.00043, 233, 33, 264, 288
-1.00047, 33, 97, 64, 224
-1.00047, 357, 129, 388, 256
-1.00054, 33, 1, 64, 256
-1.00058, 221, 33, 252, 288
-1.00059, 189, 33, 220, 288
-1.00062, 153, 49, 184, 176
-1.00069, 209, 33, 240, 288
-1.0007, 469, 33, 500, 288
-1.00075, 41, 49, 72, 176
-1.00075, 301, 33, 332, 288
-1.00078, 257, 33, 288, 160
-1.00089, 77, 33, 108, 288
-1.00094, 57, 33, 88, 288
-1.00125, 153, 17, 216, 144
-1.00132, 349, 33, 380, 288
-1.00138, 325, 33, 356, 288
-1.00144, 361, 33, 392, 288
-1.00153, 433, 33, 464, 288
-1.00153, 337, 33, 368, 288
-1.00153, 417, 33, 448, 288
-1.00153, 397, 33, 428, 288
-1.00159, 381, 33, 412, 288
-1.00165, 453, 33, 484, 288
-1.00175, 313, 33, 344, 288
-1.00217, 69, 97, 100, 224
-1.00234, 1, 193, 32, 320
-1.00246, 57, 97, 88, 224
-1.00253, 21, 145, 52, 272
-1.0027, 161, 9, 288, 72
-1.00283, 17, 1, 48, 128
-1.00345, 469, 49, 500, 176
-1.00378, 37, 1, 68, 128
-1.00382, 305, 73, 432, 136
-1.00401, 301, 97, 332, 224
-1.00417, 13, 193, 44, 320
-1.00429, 161, 41, 288, 104
-1.00435, 257, 49, 320, 176
-1.00437, 145, 1, 272, 128
-1.00462, 241, 41, 368, 104
-1.00489, 33, 145, 64, 272
-1.00497, 289, 17, 320, 144
-1.00504, 369, 105, 496, 168
-1.00518, 369, 41, 496, 104
-1.00528, 369, 81, 496, 144
-1.00531, 369, 17, 496, 80
-1.00534, 53, 49, 84, 176
-1.00535, 241, 17, 368, 80
-1.00538, 321, 1, 448, 64
-1.00538, 321, 25, 448, 88
-1.00538, 321, 49, 448, 112
-1.00538, 321, 105, 448, 168
-1.00549, 337, 129, 464, 192
-1.00623, 57, 1, 88, 128
-1.0064, 469, 113, 500, 240
-1.00643, 177, 81, 208, 208
-1.00761, 225, 1, 352, 128
-1.00772, 193, 81, 256, 208
-1.00837, 433, 65, 496, 192
-1.00845, 177, 33, 240, 160
-1.00863, 281, 1, 344, 128
-1.0091, 321, 49, 448, 176
-1.00925, 353, 1, 480, 128
-1.00926, 305, 97, 432, 224
-1.00945, 369, 49, 496, 176
-1.01014, 337, 49, 400, 176
-1.01031, 409, 113, 472, 240
-1.01087, 313, 49, 376, 176
-1.01102, 201, 1, 264, 128
-1.01142, 313, 1, 376, 128
-1.01142, 337, 1, 400, 128
-1.01142, 393, 1, 456, 128
-1.01142, 417, 17, 480, 144
-1.01142, 361, 33, 424, 160
-1.01142, 385, 49, 448, 176
-1.01142, 409, 65, 472, 192
-1.01191, 257, 1, 320, 128
-1.01239, 361, 81, 424, 208
-1.01586, 353, 97, 480, 224
-1.01866, 385, 97, 448, 224
