1972
-0.567202, 1, 129, 500, 375
-0.631945, 1, 1, 500, 375
-0.632563, 225, 1, 480, 375
-0.654283, 65, 1, 320, 375
-0.731732, 193, 129, 448, 375
-0.747724, 33, 129, 288, 375
-0.792032, 1, 33, 500, 288
-0.84299, 225, 33, 480, 288
-0.846583, 97, 33, 352, 288
-0.884931, 1, 209, 500, 336
-0.892265, 97, 129, 224, 375
-0.899612, 289, 1, 416, 375
-0.903805, 1, 33, 256, 288
-0.904181, 17, 129, 144, 375
-0.90487, 337, 129, 464, 375
-0.911511, 129, 1, 256, 375
-0.911827, 241, 129, 368, 375
-0.912419, 17, 1, 144, 375
-0.916048, 241, 1, 368, 375
-0.916824, 289, 129, 416, 375
-0.916968, 369, 1, 496, 375
-0.917718, 161, 129, 288, 375
-0.919578, 65, 1, 192, 375
-0.919769, 1, 161, 500, 288
-0.92312, 193, 1, 320, 375
-0.923758, 289, 33, 416, 288
-0.925778, 129, 193, 384, 320
-0.926538, 33, 193, 288, 320
-0.931384, 225, 209, 480, 336
-0.937342, 225, 209, 352, 336
-0.93756, 49, 193, 176, 320
-0.940552, 337, 33, 464, 288
-0.942147, 145, 193, 272, 320
-0.943137, 209, 33, 336, 288
-0.943457, 97, 177, 224, 304
-0.945814, 1, 241, 256, 368
-0.946164, 1, 113, 500, 240
-0.947589, 97, 33, 224, 288
-0.947864, 113, 177, 176, 304
-0.947873, 161, 33, 288, 288
-0.94798, 377, 161, 440, 288
-0.948323, 201, 193, 264, 320
-0.948764, 257, 161, 500, 288
-0.950254, 305, 193, 432, 320
-0.953054, 129, 241, 384, 368
-0.954095, 97, 225, 224, 352
-0.954293, 353, 177, 480, 304
-0.954375, 89, 177, 152, 304
-0.954539, 17, 33, 144, 288
-0.954885, 241, 225, 304, 352
-0.95537, 65, 177, 128, 304
-0.957989, 225, 177, 288, 304
-0.958971, 1, 33, 500, 160
-0.959101, 353, 177, 416, 304
-0.95935, 65, 145, 320, 272
-0.960906, 305, 225, 368, 352
-0.961346, 265, 209, 328, 336
-0.962347, 25, 241, 88, 368
-0.962367, 217, 241, 280, 368
-0.962907, 161, 241, 288, 368
-0.964357, 97, 209, 160, 272
-0.965375, 401, 145, 464, 272
-0.966209, 177, 177, 240, 304
-0.966775, 17, 241, 144, 368
-0.966903, 161, 145, 416, 272
-0.966913, 321, 241, 448, 368
-0.966937, 137, 209, 200, 336
-0.967174, 161, 225, 224, 352
-0.967633, 209, 201, 272, 264
-0.96817, 1, 177, 128, 304
-0.968312, 385, 169, 448, 232
-0.968337, 113, 241, 176, 368
-0.96849, 193, 161, 320, 288
-0.96852, 73, 185, 136, 248
-0.969028, 361, 209, 424, 272
-0.969064, 233, 241, 296, 304
-0.969086, 193, 225, 256, 288
-0.969182, 97, 185, 160, 248
-0.969293, 49, 217, 176, 280
-0.970794, 265, 225, 328, 288
-0.971132, 145, 225, 208, 288
-0.971222, 305, 249, 368, 312
-0.971411, 329, 209, 392, 336
-0.971433, 393, 193, 456, 256
-0.971879, 121, 209, 184, 272
-0.971982, 401, 193, 464, 320
-0.972053, 377, 209, 440, 336
-0.972116, 161, 209, 288, 272
-0.972322, 209, 249, 272, 312
-0.972443, 305, 145, 432, 272
-0.972685, 89, 225, 152, 352
-0.973218, 257, 113, 500, 240
-0.97339, 289, 225, 352, 288
-0.97344, 257, 161, 384, 288
-0.973457, 145, 233, 272, 296
-0.973951, 361, 185, 424, 248
-0.974011, 65, 313, 128, 375
-0.974103, 405, 145, 436, 272
-0.974198, 221, 193, 252, 320
-0.974254, 73, 209, 136, 272
-0.974342, 193, 241, 256, 368
-0.974523, 185, 201, 248, 264
-0.974612, 393, 185, 424, 248
-0.974667, 177, 249, 240, 312
-0.974835, 81, 193, 208, 256
-0.974864, 233, 217, 296, 280
-0.975429, 41, 193, 104, 320
-0.975435, 117, 177, 148, 304
-0.975783, 97, 129, 224, 256
-0.975808, 225, 225, 352, 288
-0.976053, 273, 265, 336, 328
-0.976151, 153, 249, 216, 312
-0.976221, 337, 217, 400, 280
-0.976227, 113, 241, 176, 304
-0.976263, 337, 97, 464, 224
-0.976285, 121, 313, 184, 375
-0.976367, 385, 217, 448, 280
-0.976438, 273, 241, 400, 368
-0.976759, 49, 193, 112, 256
-0.977087, 233, 241, 264, 368
-0.977132, 401, 193, 432, 320
-0.977335, 305, 177, 368, 304
-0.977555, 169, 225, 232, 288
-0.97769, 145, 313, 208, 375
-0.977709, 97, 177, 128, 304
-0.977748, 161, 201, 224, 264
-0.977783, 97, 217, 224, 280
-0.977809, 405, 193, 436, 256
-0.977818, 389, 161, 420, 288
-0.97782, 213, 201, 244, 264
-0.977932, 117, 209, 148, 272
-0.977996, 57, 233, 120, 296
-0.97817, 233, 193, 296, 256
-0.978396, 201, 177, 264, 240
-0.978518, 65, 225, 128, 352
-0.978567, 97, 209, 128, 272
-0.978581, 25, 249, 88, 312
-0.97867, 377, 113, 440, 240
-0.978697, 321, 217, 448, 280
-0.978774, 129, 185, 192, 248
-0.979003, 193, 17, 448, 144
-0.979035, 297, 289, 360, 352
-0.979142, 233, 193, 264, 320
-0.979546, 33, 313, 96, 375
-0.979551, 353, 185, 480, 248
-0.979681, 89, 241, 152, 304
-0.979899, 313, 201, 376, 264
-0.980015, 385, 209, 416, 272
-0.980027, 313, 225, 376, 288
-0.980029, 321, 273, 384, 336
-0.980165, 193, 249, 320, 312
-0.980171, 137, 161, 200, 288
-0.980327, 145, 145, 272, 272
-0.980587, 25, 289, 88, 352
-0.98066, 113, 185, 144, 248
-0.980754, 289, 97, 352, 160
-0.980768, 393, 145, 456, 208
-0.980869, 245, 225, 276, 352
-0.980921, 81, 241, 208, 304
-0.980959, 81, 161, 144, 224
-0.981094, 361, 161, 424, 224
-0.981155, 233, 249, 264, 312
-0.981161, 113, 129, 176, 375
-0.981269, 209, 193, 240, 320
-0.981348, 221, 225, 252, 288
-0.981563, 369, 305, 432, 368
-0.981567, 105, 289, 168, 352
-0.981677, 417, 185, 480, 248
-0.98181, 125, 185, 156, 248
-0.981891, 97, 313, 160, 375
-0.98203, 377, 129, 440, 375
-0.982055, 345, 257, 408, 320
-0.982117, 201, 145, 264, 272
-0.982269, 377, 241, 440, 304
-0.982331, 337, 193, 400, 256
-0.982335, 81, 129, 144, 256
-0.982443, 289, 201, 352, 264
-0.982511, 313, 113, 376, 176
-0.982514, 165, 233, 196, 296
-0.982534, 225, 65, 480, 192
-0.982613, 65, 289, 128, 352
-0.982632, 25, 169, 88, 232
-0.982734, 321, 241, 352, 368
-0.982775, 257, 305, 320, 368
-0.982779, 377, 273, 440, 336
-0.982891, 377, 177, 408, 304
-0.9829, 17, 225, 80, 288
-0.982935, 65, 129, 128, 375
-0.982977, 281, 161, 344, 288
-0.982989, 25, 201, 88, 264
-0.983101, 417, 169, 448, 232
-0.983103, 49, 313, 176, 375
-0.983219, 237, 209, 268, 272
-0.983252, 305, 313, 368, 375
-0.983281, 209, 305, 272, 368
-0.983333, 405, 161, 436, 224
-0.983339, 233, 265, 296, 328
-0.983357, 245, 241, 276, 304
-0.983408, 345, 313, 408, 375
-0.983453, 265, 201, 328, 264
-0.983476, 377, 105, 440, 168
-0.983479, 109, 225, 140, 352
-0.983493, 281, 313, 344, 375
-0.983586, 169, 273, 232, 336
-0.983641, 129, 177, 160, 304
-0.983656, 101, 185, 132, 248
-0.983713, 193, 273, 256, 336
-0.983725, 401, 97, 464, 224
-0.983738, 233, 305, 296, 368
-0.983781, 361, 129, 424, 192
-0.983785, 221, 249, 252, 312
-0.983821, 409, 313, 472, 375
-0.983929, 161, 177, 224, 240
-0.983933, 169, 297, 232, 360
-0.983966, 265, 105, 328, 168
-0.983997, 77, 185, 108, 248
-0.984144, 249, 161, 312, 288
-0.984197, 145, 217, 176, 280
-0.98427, 49, 145, 176, 272
-0.984274, 1, 193, 128, 256
-0.984311, 353, 225, 416, 352
-0.984326, 209, 225, 240, 288
-0.984335, 325, 233, 356, 296
-0.984337, 65, 193, 96, 320
-0.984437, 417, 209, 480, 272
-0.984483, 113, 129, 176, 256
-0.984566, 401, 217, 432, 280
-0.984586, 309, 225, 340, 352
-0.984634, 353, 129, 416, 256
-0.984661, 401, 105, 464, 168
-0.984767, 245, 177, 276, 304
-0.984854, 409, 273, 472, 336
-0.984856, 273, 17, 336, 80
-0.984921, 361, 81, 424, 144
-0.985031, 225, 113, 352, 240
-0.985059, 25, 145, 88, 272
-0.985115, 289, 81, 352, 208
-0.985158, 225, 201, 256, 264
-0.985242, 137, 289, 200, 352
-0.985288, 409, 249, 472, 312
-0.985294, 201, 201, 232, 264
-0.98535, 129, 185, 256, 248
-0.98535, 273, 225, 400, 288
-0.985361, 133, 209, 164, 272
-0.985503, 381, 185, 412, 248
-0.985533, 233, 169, 296, 232
-0.985558, 209, 129, 272, 375
-0.985687, 297, 225, 328, 288
-0.985704, 333, 241, 364, 368
-0.985709, 373, 209, 404, 272
-0.985779, 401, 129, 464, 375
-0.985798, 329, 161, 392, 288
-0.985798, 89, 129, 152, 375
-0.985856, 425, 161, 456, 288
-0.985912, 145, 257, 272, 320
-0.985917, 289, 121, 352, 184
-0.985925, 321, 265, 448, 328
-0.985959, 417, 145, 480, 208
-0.986087, 1, 217, 128, 280
-0.986122, 113, 161, 176, 224
-0.986146, 313, 225, 344, 288
-0.986147, 137, 161, 200, 224
-0.986185, 361, 57, 424, 120
-0.986294, 165, 225, 196, 352
-0.986326, 305, 49, 432, 176
-0.98634, 169, 129, 232, 375
-0.986395, 405, 97, 436, 224
-0.986416, 305, 185, 432, 248
-0.986447, 313, 257, 344, 320
-0.98646, 137, 129, 200, 375
-0.986502, 81, 265, 144, 328
-0.986593, 89, 185, 120, 248
-0.986631, 353, 129, 416, 375
-0.986722, 49, 169, 112, 232
-0.986776, 337, 161, 464, 224
-0.986805, 1, 249, 64, 312
-0.986859, 57, 257, 120, 320
-0.986888, 69, 209, 100, 272
-0.986928, 209, 201, 336, 264
-0.986936, 257, 201, 384, 264
-0.986973, 337, 257, 368, 320
-0.986976, 265, 81, 328, 208
-0.986994, 337, 97, 400, 160
-0.987102, 249, 25, 312, 88
-0.987137, 389, 209, 420, 336
-0.987165, 241, 249, 368, 312
-0.987242, 289, 209, 320, 336
-0.987259, 97, 33, 352, 160
-0.987288, 33, 241, 64, 368
-0.987372, 97, 305, 224, 368
-0.987388, 297, 97, 360, 352
-0.987424, 369, 241, 496, 368
-0.98744, 321, 33, 384, 96
-0.987445, 361, 65, 424, 192
-0.987462, 17, 241, 144, 304
-0.98748, 221, 241, 252, 368
-0.987517, 297, 17, 360, 80
-0.987551, 289, 97, 416, 224
-0.987567, 193, 193, 224, 320
-0.987589, 221, 177, 252, 240
-0.987708, 257, 73, 320, 136
-0.987793, 345, 281, 408, 344
-0.987881, 149, 209, 180, 336
-0.987905, 77, 177, 108, 304
-0.987912, 241, 97, 304, 352
-0.987926, 425, 201, 456, 264
-0.987938, 297, 73, 360, 136
-0.987942, 281, 145, 344, 208
-0.987956, 33, 129, 96, 375
-0.98796, 345, 225, 376, 352
-0.987996, 337, 153, 400, 216
-0.988011, 345, 233, 376, 296
-0.988015, 257, 1, 384, 128
-0.988082, 97, 81, 352, 208
-0.988084, 277, 209, 308, 336
-0.988086, 353, 33, 416, 96
-0.988117, 281, 41, 344, 104
-0.988118, 393, 161, 424, 224
-0.988191, 1, 313, 64, 375
-0.988212, 257, 129, 320, 192
-0.988258, 273, 97, 336, 352
-0.988273, 177, 241, 208, 304
-0.98833, 57, 129, 120, 256
-0.988364, 337, 73, 400, 136
-0.988368, 1, 289, 64, 352
-0.988402, 297, 265, 328, 328
-0.988416, 217, 25, 280, 88
-0.98845, 277, 225, 308, 288
-0.988501, 313, 137, 376, 200
-0.988613, 409, 241, 472, 368
-0.988627, 117, 241, 148, 304
-0.988636, 321, 289, 448, 352
-0.988683, 129, 265, 192, 328
-0.988752, 417, 81, 480, 144
-0.988777, 25, 145, 88, 208
-0.988813, 321, 241, 448, 304
-0.988834, 321, 97, 384, 352
-0.988888, 1, 129, 128, 256
-0.988905, 353, 33, 416, 288
-0.988939, 197, 225, 228, 288
-0.98894, 57, 145, 120, 208
-0.988953, 241, 105, 304, 168
-0.989197, 261, 217, 292, 280
-0.9892, 185, 153, 248, 216
-0.98926, 233, 137, 296, 200
-0.989261, 105, 209, 168, 240
-0.989283, 305, 161, 368, 224
-0.989285, 385, 57, 448, 120
-0.989332, 17, 265, 144, 328
-0.989361, 361, 213, 424, 244
-0.989374, 105, 265, 168, 328
-0.989422, 257, 169, 320, 232
-0.989426, 33, 249, 64, 312
-0.98945, 257, 281, 384, 344
-0.989563, 233, 1, 296, 64
-0.989592, 73, 113, 136, 176
-0.98963, 337, 121, 400, 184
-0.989632, 193, 33, 256, 96
-0.989647, 377, 201, 440, 232
-0.989665, 321, 193, 352, 320
-0.98971, 105, 137, 168, 200
-0.989825, 105, 57, 168, 120
-0.98987, 201, 129, 264, 192
-0.989901, 129, 49, 192, 112
-0.98992, 257, 241, 288, 304
-0.989981, 237, 185, 268, 248
-0.98999, 393, 177, 456, 208
-0.990071, 141, 161, 172, 288
-0.990072, 137, 177, 168, 240
-0.990098, 201, 205, 264, 236
-0.990176, 369, 209, 496, 272
-0.990221, 209, 249, 240, 312
-0.990226, 261, 225, 292, 352
-0.990243, 405, 137, 436, 200
-0.990252, 393, 189, 456, 220
-0.990398, 257, 1, 320, 128
-0.990446, 105, 233, 136, 296
-0.990458, 209, 273, 336, 336
-0.990519, 353, 1, 416, 375
-0.990544, 313, 289, 344, 352
-0.990616, 81, 213, 144, 244
-0.99062, 209, 225, 272, 256
-0.990647, 265, 229, 328, 260
-0.990736, 149, 241, 180, 304
-0.990738, 65, 209, 320, 272
-0.990758, 321, 313, 448, 375
-0.990775, 177, 225, 208, 352
-0.990778, 149, 313, 180, 375
-0.990781, 65, 201, 128, 232
-0.990824, 225, 213, 288, 244
-0.990875, 361, 225, 424, 256
-0.990877, 193, 245, 256, 276
-0.990894, 325, 257, 356, 320
-0.990896, 113, 221, 176, 252
-0.990918, 65, 185, 96, 248
-0.990939, 57, 213, 120, 244
-0.99095, 361, 217, 392, 280
-0.990968, 97, 225, 128, 352
-0.991003, 137, 241, 200, 272
-0.991007, 129, 313, 160, 375
-0.991013, 97, 185, 160, 216
-0.99102, 257, 313, 384, 375
-0.991089, 309, 177, 340, 304
-0.991107, 361, 189, 424, 220
-0.991141, 213, 145, 244, 272
-0.991145, 401, 201, 464, 232
-0.991165, 385, 213, 448, 244
-0.991215, 305, 129, 432, 192
-0.99123, 193, 257, 256, 288
-0.991233, 233, 145, 264, 272
-0.991277, 17, 289, 144, 352
-0.99132, 73, 313, 104, 375
-0.991371, 225, 265, 288, 296
-0.991388, 241, 245, 304, 276
-0.991418, 161, 225, 224, 256
-0.991428, 113, 245, 176, 276
-0.991459, 393, 165, 456, 196
-0.991479, 121, 225, 152, 352
-0.991484, 73, 189, 136, 220
-0.991496, 249, 217, 280, 280
-0.991514, 65, 313, 128, 344
-0.991571, 193, 257, 224, 320
-0.991579, 209, 193, 272, 224
-0.991595, 405, 105, 436, 168
-0.991655, 113, 213, 144, 244
-0.991657, 393, 189, 424, 220
-0.991666, 305, 105, 432, 168
-0.991693, 205, 177, 236, 240
-0.9917, 429, 177, 460, 240
-0.991728, 289, 229, 352, 260
-0.991779, 169, 237, 232, 268
-0.991802, 377, 33, 440, 288
-0.991822, 185, 217, 216, 280
-0.991865, 397, 201, 428, 232
-0.991909, 385, 225, 448, 256
-0.991909, 1, 241, 64, 368
-0.991915, 137, 321, 200, 352
-0.991945, 265, 1, 328, 375
-0.99195, 169, 261, 232, 292
-0.99195, 425, 161, 488, 288
-0.991953, 17, 257, 80, 288
-0.991971, 305, 265, 368, 296
-0.991988, 49, 169, 176, 232
-0.99204, 205, 241, 236, 368
-0.992061, 225, 129, 288, 256
-0.992072, 225, 225, 480, 288
-0.992076, 65, 225, 128, 256
-0.992116, 1, 169, 128, 232
-0.992119, 325, 289, 356, 352
-0.992121, 305, 129, 368, 256
-0.992135, 329, 1, 392, 256
-0.992176, 401, 241, 432, 304
-0.992178, 361, 177, 424, 208
-0.99218, 201, 273, 264, 304
-0.992188, 409, 33, 472, 288
-0.9922, 297, 1, 360, 375
-0.992211, 329, 209, 360, 272
-0.992243, 257, 1, 320, 256
-0.992259, 297, 109, 360, 140
-0.992278, 385, 209, 416, 240
-0.992281, 377, 1, 440, 375
-0.99229, 1, 241, 256, 304
-0.992307, 73, 33, 136, 288
-0.992307, 337, 225, 400, 256
-0.992315, 169, 213, 232, 244
-0.992319, 129, 201, 192, 232
-0.992353, 161, 129, 224, 256
-0.992378, 313, 237, 376, 268
-0.992385, 177, 313, 304, 375
-0.992399, 57, 245, 120, 276
-0.992409, 353, 201, 416, 232
-0.992438, 365, 193, 396, 320
-0.992464, 137, 1, 200, 375
-0.992469, 345, 341, 408, 372
-0.992473, 89, 237, 152, 268
-0.992523, 85, 217, 116, 280
-0.992537, 321, 281, 384, 312
-0.992545, 217, 253, 280, 284
-0.99255, 169, 33, 232, 288
-0.992586, 297, 289, 360, 320
-0.992587, 137, 229, 200, 260
-0.992588, 73, 1, 136, 375
-0.992643, 313, 221, 376, 252
-0.992644, 333, 177, 364, 304
-0.992651, 145, 253, 208, 284
-0.992664, 105, 309, 168, 340
-0.992675, 89, 225, 152, 256
-0.992678, 377, 237, 440, 268
-0.992686, 233, 225, 296, 256
-0.992699, 249, 261, 312, 292
-0.992703, 377, 281, 440, 312
-0.992705, 401, 213, 432, 244
-0.992707, 97, 217, 128, 248
-0.992721, 213, 217, 244, 248
-0.992722, 185, 225, 248, 256
-0.99275, 369, 313, 496, 375
-0.992753, 233, 253, 264, 284
-0.992756, 33, 345, 96, 375
-0.992757, 409, 197, 440, 228
-0.992764, 25, 325, 88, 356
-0.992787, 213, 205, 244, 236
-0.992799, 273, 105, 336, 136
-0.992807, 305, 253, 368, 284
-0.99284, 97, 321, 160, 352
-0.992876, 89, 249, 152, 280
-0.992901, 149, 193, 180, 256
-0.992916, 217, 237, 280, 268
-0.992918, 373, 213, 404, 244
-0.992921, 25, 301, 88, 332
-0.992964, 409, 1, 472, 375
-0.992969, 369, 329, 432, 360
-0.992976, 113, 257, 176, 288
-0.993003, 353, 269, 416, 300
-0.993012, 41, 189, 104, 220
-0.99302, 121, 337, 184, 368
-0.993025, 369, 345, 432, 375
-0.993029, 193, 185, 448, 248
-0.993032, 185, 193, 248, 224
-0.99304, 129, 233, 384, 296
-0.993047, 233, 197, 296, 228
-0.993049, 109, 313, 140, 375
-0.993051, 25, 313, 88, 344
-0.993073, 225, 273, 256, 336
-0.993079, 97, 281, 224, 344
-0.993082, 401, 265, 432, 328
-0.993094, 225, 177, 352, 240
-0.993096, 9, 129, 72, 375
-0.993116, 193, 181, 256, 212
-0.993129, 273, 281, 336, 312
-0.993141, 97, 197, 160, 228
-0.993141, 225, 225, 256, 256
-0.993155, 109, 129, 140, 256
-0.993161, 233, 269, 264, 300
-0.993191, 169, 249, 232, 280
-0.993196, 17, 245, 80, 276
-0.993198, 281, 1, 344, 128
-0.993219, 129, 257, 384, 320
-0.993238, 213, 229, 244, 260
-0.993239, 289, 153, 416, 216
-0.993249, 233, 213, 264, 244
-0.993249, 81, 261, 144, 292
-0.993255, 129, 189, 192, 220
-0.993257, 125, 205, 156, 236
-0.993262, 405, 161, 436, 192
-0.993273, 425, 129, 488, 375
-0.9933, 385, 221, 416, 252
-0.9933, 433, 189, 496, 220
-0.993301, 297, 105, 328, 168
-0.993302, 405, 225, 436, 256
-0.993322, 409, 213, 472, 244
-0.993333, 209, 33, 272, 288
-0.993339, 185, 325, 248, 356
-0.993342, 369, 317, 432, 348
-0.99335, 165, 237, 196, 268
-0.993351, 321, 337, 384, 368
-0.993364, 369, 165, 432, 196
-0.993373, 113, 33, 176, 288
-0.993381, 101, 205, 132, 236
-0.99339, 233, 329, 296, 360
-0.993391, 41, 201, 104, 232
-0.993392, 321, 209, 384, 240
-0.993398, 281, 269, 344, 300
-0.993402, 329, 1, 392, 375
-0.993405, 377, 249, 440, 280
-0.993408, 281, 333, 344, 364
-0.993418, 25, 217, 88, 248
-0.993421, 361, 153, 424, 184
-0.993427, 113, 233, 176, 264
-0.993453, 377, 293, 440, 324
-0.993462, 345, 281, 408, 312
-0.993484, 377, 101, 440, 132
-0.993484, 65, 185, 320, 248
-0.993487, 313, 233, 344, 264
-0.993493, 153, 237, 184, 268
-0.993512, 85, 217, 116, 248
-0.993518, 97, 333, 160, 364
-0.993518, 117, 161, 148, 224
-0.993532, 33, 1, 96, 375
-0.993536, 305, 81, 432, 144
-0.993544, 1, 217, 500, 280
-0.993545, 161, 321, 224, 352
-0.993551, 249, 245, 280, 276
-0.993556, 73, 177, 136, 208
-0.993562, 97, 345, 160, 375
-0.993568, 401, 149, 464, 180
-0.993573, 217, 249, 248, 280
-0.993585, 225, 201, 256, 232
-0.993591, 409, 329, 472, 360
-0.993593, 133, 249, 164, 312
-0.993594, 337, 237, 368, 268
-0.993596, 185, 1, 248, 375
-0.993597, 69, 205, 100, 236
-0.993598, 129, 177, 192, 208
-0.993599, 221, 261, 252, 292
-0.9936, 349, 257, 380, 320
-0.993602, 245, 265, 276, 328
-0.99361, 169, 273, 232, 304
-0.993615, 241, 1, 304, 375
-0.993617, 337, 189, 400, 220
-0.993623, 197, 213, 228, 244
-0.993624, 401, 241, 432, 368
-0.993652, 313, 325, 376, 356
-0.993661, 297, 97, 360, 128
-0.993667, 281, 17, 344, 48
-0.99368, 273, 321, 336, 352
-0.993681, 209, 325, 272, 356
-0.993686, 389, 177, 420, 208
-0.993696, 41, 233, 104, 264
-0.993719, 169, 249, 200, 280
-0.99372, 41, 257, 104, 288
-0.993722, 297, 141, 360, 172
-0.993728, 17, 229, 80, 260
-0.993729, 409, 269, 472, 300
-0.993743, 225, 277, 288, 308
-0.993745, 281, 253, 344, 284
-0.99375, 345, 329, 408, 360
-0.993756, 337, 237, 400, 268
-0.993757, 145, 309, 208, 340
-0.993759, 417, 113, 448, 240
-0.993759, 281, 217, 344, 248
-0.993765, 265, 241, 328, 272
-0.993772, 197, 225, 228, 256
-0.993775, 101, 229, 132, 260
-0.993776, 341, 281, 372, 312
-0.993779, 257, 217, 320, 248
-0.993789, 77, 189, 108, 220
-0.993832, 213, 193, 244, 224
-0.993841, 137, 205, 168, 236
-0.993841, 185, 253, 216, 284
-0.993862, 221, 273, 252, 304
-0.993863, 113, 1, 176, 375
-0.993863, 273, 229, 304, 260
-0.993867, 1, 97, 256, 224
-0.993878, 261, 237, 292, 268
-0.993895, 297, 229, 328, 260
-0.993907, 329, 249, 360, 280
-0.993908, 113, 161, 240, 224
-0.993909, 245, 265, 276, 296
-0.99391, 341, 209, 372, 272
-0.993912, 69, 217, 100, 248
-0.993922, 65, 313, 320, 375
-0.993923, 361, 225, 392, 256
-0.99393, 421, 209, 452, 240
-0.993952, 293, 105, 324, 136
-0.993964, 113, 185, 144, 216
-0.993969, 125, 245, 156, 276
-0.99397, 417, 177, 448, 208
-0.993972, 157, 249, 188, 280
-0.993977, 381, 197, 412, 228
-0.993978, 169, 177, 200, 304
-0.994016, 225, 237, 256, 268
-0.994035, 193, 17, 320, 144
-0.994041, 85, 205, 116, 236
-0.994064, 237, 197, 268, 228
-0.994068, 399, 185, 414, 248
-0.994071, 373, 341, 404, 372
-0.994076, 185, 221, 216, 252
-0.994089, 33, 33, 96, 288
-0.994098, 201, 237, 232, 268
-0.9941, 249, 233, 280, 264
-0.994108, 225, 189, 256, 220
-0.99411, 209, 1, 272, 375
-0.994112, 317, 249, 348, 280
-0.994113, 25, 253, 56, 284
-0.994116, 405, 173, 436, 204
-0.994116, 157, 225, 188, 256
-0.994121, 193, 265, 224, 296
-0.994122, 325, 289, 356, 320
-0.994141, 285, 233, 316, 264
-0.994144, 17, 193, 80, 320
-0.994152, 245, 213, 276, 244
-0.994162, 145, 225, 176, 256
-0.994165, 57, 201, 88, 232
-0.994178, 145, 289, 272, 352
-0.994179, 301, 269, 332, 300
-0.994189, 201, 201, 232, 232
-0.994192, 389, 233, 420, 264
-0.994215, 89, 189, 120, 220
-0.99422, 407, 185, 422, 248
-0.994229, 113, 237, 144, 268
-0.994235, 89, 129, 120, 256
-0.994239, 301, 289, 332, 352
-0.994244, 125, 317, 156, 348
-0.994245, 1, 313, 128, 375
-0.994247, 73, 313, 104, 344
-0.994262, 233, 1, 296, 256
-0.994266, 161, 209, 192, 272
-0.994268, 121, 225, 152, 256
-0.994268, 405, 185, 436, 216
-0.994273, 149, 321, 180, 352
-0.99428, 261, 225, 292, 256
-0.994284, 405, 101, 436, 132
-0.994294, 349, 233, 380, 264
-0.994321, 357, 269, 388, 300
-0.994322, 169, 261, 200, 292
-0.994326, 161, 1, 224, 375
-0.994352, 105, 317, 136, 348
-0.994359, 401, 237, 432, 268
-0.994381, 239, 249, 254, 312
-0.994384, 137, 193, 168, 224
-0.994384, 289, 273, 320, 304
-0.994385, 413, 193, 444, 320
-0.994388, 401, 285, 432, 316
-0.99439, 133, 225, 164, 256
-0.994392, 129, 345, 160, 375
-0.994419, 257, 265, 500, 328
-0.994423, 389, 277, 420, 308
-0.994435, 237, 229, 268, 260
-0.994436, 109, 305, 140, 336
-0.994444, 125, 181, 156, 212
-0.994446, 57, 213, 88, 244
-0.994448, 313, 289, 344, 320
-0.994452, 181, 265, 212, 296
-0.994454, 345, 269, 376, 300
-0.994455, 209, 265, 240, 296
-0.994464, 317, 277, 348, 308
-0.994471, 401, 269, 432, 300
-0.994476, 413, 145, 444, 176
-0.994477, 49, 249, 80, 280
-0.994488, 141, 237, 172, 268
-0.994488, 205, 249, 236, 280
-0.994494, 405, 117, 436, 148
-0.994495, 125, 329, 156, 360
-0.994503, 301, 285, 332, 316
-0.994505, 65, 189, 96, 220
-0.994506, 325, 233, 356, 264
-0.99451, 221, 177, 252, 208
-0.994542, 37, 253, 68, 284
-0.994544, 189, 241, 220, 368
-0.99455, 313, 265, 344, 296
-0.99455, 113, 201, 144, 232
-0.994552, 333, 269, 364, 300
-0.99456, 145, 249, 176, 280
-0.994563, 333, 117, 364, 148
-0.994565, 21, 241, 52, 272
-0.994578, 333, 113, 364, 176
-0.994585, 101, 245, 132, 276
-0.994589, 433, 197, 464, 228
-0.994595, 421, 189, 452, 220
-0.994602, 101, 185, 132, 216
-0.994632, 401, 257, 432, 288
-0.994637, 377, 181, 408, 212
-0.994637, 341, 253, 372, 284
-0.994658, 265, 177, 296, 304
-0.994659, 25, 225, 56, 288
-0.994677, 257, 113, 384, 176
-0.994713, 113, 209, 128, 272
-0.994748, 97, 297, 128, 360
-0.994751, 53, 241, 84, 304
-0.994763, 81, 217, 208, 248
-0.994785, 399, 209, 414, 272
-0.994799, 45, 217, 76, 280
-0.994906, 229, 201, 244, 264
-0.995036, 281, 1, 344, 256
-0.995052, 219, 201, 234, 264
-0.99508, 85, 241, 116, 368
-0.995117, 397, 313, 428, 375
-0.995126, 25, 193, 56, 320
-0.995157, 145, 1, 208, 256
-0.995161, 145, 241, 272, 272
-0.995211, 145, 229, 272, 260
-0.995285, 257, 289, 500, 352
-0.99529, 177, 209, 304, 240
-0.995332, 353, 177, 384, 304
-0.995345, 337, 281, 368, 344
-0.995358, 285, 105, 316, 168
-0.995378, 233, 225, 248, 288
-0.995407, 329, 33, 392, 160
-0.995421, 305, 1, 368, 256
-0.995423, 161, 297, 192, 360
-0.995467, 171, 233, 186, 296
-0.995474, 1, 1, 64, 375
-0.995506, 109, 185, 124, 248
-0.995528, 245, 249, 260, 312
-0.995539, 433, 1, 496, 375
-0.99555, 107, 209, 122, 272
-0.995557, 209, 221, 336, 252
-0.995557, 261, 305, 292, 368
-0.995575, 1, 257, 500, 320
-0.995576, 53, 241, 84, 368
-0.995601, 405, 161, 420, 224
-0.995605, 393, 113, 424, 240
-0.995611, 417, 105, 448, 168
-0.995616, 209, 257, 336, 288
-0.995619, 119, 209, 134, 272
-0.995678, 213, 201, 228, 264
-0.995689, 81, 205, 208, 236
-0.995701, 285, 265, 316, 328
-0.995724, 161, 313, 416, 375
-0.995731, 233, 249, 248, 312
-0.995773, 65, 233, 192, 264
-0.995775, 223, 225, 238, 288
-0.995777, 337, 313, 368, 375
-0.995787, 135, 185, 150, 248
-0.995825, 189, 193, 220, 256
-0.995827, 277, 201, 308, 264
-0.995829, 393, 201, 408, 264
-0.995841, 153, 161, 184, 288
-0.995849, 441, 185, 472, 248
-0.995858, 389, 273, 420, 336
-0.995884, 239, 225, 254, 288
-0.995891, 193, 161, 448, 224
-0.995899, 297, 201, 328, 264
-0.995917, 313, 201, 344, 264
-0.995917, 289, 1, 320, 128
-0.995944, 137, 241, 168, 368
-0.995957, 115, 185, 130, 248
-0.995961, 289, 9, 320, 72
-0.995974, 257, 313, 500, 375
-0.995981, 405, 209, 420, 272
-0.995992, 129, 201, 256, 232
-0.996004, 389, 233, 420, 296
-0.996017, 321, 225, 448, 256
-0.996047, 49, 189, 176, 220
-0.996065, 125, 289, 156, 352
-0.996071, 1, 185, 500, 248
-0.996072, 123, 185, 138, 248
-0.996073, 235, 201, 250, 264
-0.996085, 353, 193, 480, 224
-0.996112, 393, 49, 424, 176
-0.99613, 129, 213, 256, 244
-0.996135, 353, 213, 480, 244
-0.99614, 285, 313, 316, 375
-0.996161, 49, 317, 176, 348
-0.996178, 369, 241, 496, 304
-0.996185, 209, 113, 336, 176
-0.996229, 97, 253, 224, 284
-0.99624, 225, 65, 352, 192
-0.996243, 415, 193, 430, 256
-0.996245, 57, 217, 88, 280
-0.996278, 33, 217, 160, 248
-0.996279, 71, 201, 86, 264
-0.996287, 337, 181, 464, 212
-0.996301, 193, 269, 320, 300
-0.996312, 145, 257, 272, 288
-0.996314, 245, 305, 276, 368
-0.996322, 161, 225, 176, 288
-0.996342, 227, 249, 242, 312
-0.996359, 225, 177, 240, 240
-0.996369, 289, 81, 320, 208
-0.996393, 225, 233, 352, 264
-0.9964, 433, 177, 448, 240
-0.996404, 301, 313, 332, 375
-0.996408, 89, 161, 120, 224
-0.996417, 341, 233, 356, 296
-0.996419, 21, 249, 52, 312
-0.99643, 393, 113, 424, 176
-0.996432, 53, 177, 84, 240
-0.996434, 233, 305, 264, 368
-0.996446, 321, 281, 448, 312
-0.996472, 177, 297, 208, 360
-0.996502, 323, 225, 338, 288
-0.996522, 65, 289, 320, 352
-0.996523, 125, 209, 140, 272
-0.996528, 129, 185, 144, 248
-0.996539, 105, 257, 136, 320
-0.996546, 317, 313, 348, 375
-0.99655, 345, 257, 360, 320
-0.996555, 313, 81, 376, 208
-0.996559, 293, 161, 324, 288
-0.996593, 393, 225, 408, 288
-0.9966, 103, 185, 118, 248
-0.996618, 225, 245, 352, 276
-0.996647, 149, 209, 164, 272
-0.996647, 129, 321, 256, 352
-0.996656, 17, 201, 144, 232
-0.996657, 273, 313, 304, 375
-0.996685, 141, 177, 156, 240
-0.996692, 85, 313, 116, 375
-0.996707, 401, 289, 432, 352
-0.996714, 401, 233, 416, 296
-0.996716, 189, 313, 220, 375
-0.996731, 161, 289, 416, 352
-0.996733, 307, 265, 322, 328
-0.996736, 261, 193, 292, 256
-0.996749, 289, 269, 416, 300
-0.996764, 349, 313, 380, 375
-0.996767, 1, 281, 500, 344
-0.996791, 393, 177, 408, 240
-0.996801, 135, 209, 150, 272
-0.996804, 109, 289, 140, 352
-0.996806, 117, 233, 132, 296
-0.99681, 217, 305, 248, 368
-0.996813, 387, 201, 402, 264
-0.996818, 207, 201, 222, 264
-0.996821, 405, 129, 436, 375
-0.996825, 1, 265, 256, 328
-0.996826, 211, 225, 226, 288
-0.99683, 315, 265, 330, 328
-0.99685, 349, 233, 364, 296
-0.996851, 141, 201, 156, 264
-0.996856, 1, 161, 500, 224
-0.996868, 257, 105, 500, 168
-0.996884, 179, 241, 194, 304
-0.996889, 121, 129, 152, 256
-0.99691, 351, 257, 366, 320
-0.996918, 9, 33, 72, 288
-0.996921, 201, 145, 232, 272
-0.996932, 73, 289, 104, 352
-0.996933, 337, 269, 464, 300
-0.996935, 335, 233, 350, 296
-0.996939, 289, 41, 416, 104
-0.996939, 305, 237, 432, 268
-0.996942, 79, 185, 94, 248
-0.996942, 251, 241, 266, 304
-0.996961, 273, 209, 400, 240
-0.996963, 257, 281, 384, 312
-0.996963, 187, 249, 202, 312
-0.996976, 49, 245, 176, 276
-0.996989, 65, 161, 320, 224
-0.996989, 397, 81, 428, 144
-0.997037, 1, 245, 128, 276
-0.997038, 241, 269, 368, 300
-0.997039, 17, 345, 144, 375
-0.997044, 365, 185, 396, 248
-0.997054, 193, 129, 448, 192
-0.997054, 17, 329, 144, 360
-0.997055, 373, 313, 404, 375
-0.997067, 217, 225, 232, 288
-0.997089, 369, 289, 496, 352
-0.997103, 155, 217, 170, 280
-0.997115, 425, 201, 440, 264
-0.99712, 309, 225, 324, 288
-0.997127, 149, 289, 180, 352
-0.997135, 181, 177, 212, 304
-0.99714, 419, 169, 434, 232
-0.997151, 321, 341, 448, 372
-0.997152, 129, 189, 256, 220
-0.997167, 427, 169, 442, 232
-0.997175, 181, 265, 212, 328
-0.997181, 177, 177, 304, 240
-0.997193, 243, 201, 258, 264
-0.997198, 405, 201, 420, 232
-0.997201, 321, 265, 336, 328
-0.997203, 329, 225, 344, 288
-0.997214, 53, 193, 84, 320
-0.997219, 337, 169, 464, 200
-0.99722, 101, 209, 116, 272
-0.997257, 415, 97, 430, 160
-0.997261, 257, 257, 384, 288
-0.997271, 305, 193, 432, 224
-0.997275, 221, 249, 236, 312
-0.997279, 405, 189, 420, 220
-0.997291, 231, 177, 246, 240
-0.997304, 219, 177, 234, 240
-0.997322, 89, 185, 104, 248
-0.997326, 273, 221, 400, 252
-0.997345, 113, 213, 128, 244
-0.997346, 433, 33, 496, 288
-0.997358, 161, 257, 192, 320
-0.997362, 97, 309, 224, 340
-0.997378, 205, 305, 236, 368
-0.997382, 145, 269, 272, 300
-0.997382, 337, 101, 464, 132
-0.997384, 143, 225, 158, 288
-0.997393, 399, 189, 414, 220
-0.997399, 397, 201, 412, 232
-0.997403, 265, 217, 280, 280
-0.997407, 17, 257, 144, 288
-0.99741, 17, 305, 144, 336
-0.997411, 295, 225, 310, 288
-0.997417, 17, 229, 144, 260
-0.997418, 317, 225, 332, 288
-0.997421, 411, 145, 426, 208
-0.997425, 273, 337, 400, 368
-0.997431, 113, 297, 128, 360
-0.997447, 161, 33, 416, 96
-0.99745, 355, 233, 370, 296
-0.997454, 209, 281, 336, 312
-0.997456, 209, 197, 336, 228
-0.997458, 111, 233, 126, 296
-0.997465, 237, 273, 252, 336
-0.997487, 117, 129, 148, 375
-0.997489, 417, 145, 432, 208
-0.997532, 301, 225, 316, 288
-0.997543, 277, 217, 292, 280
-0.997549, 283, 225, 298, 288
-0.997559, 251, 209, 266, 272
-0.997559, 321, 325, 448, 356
-0.997572, 399, 161, 414, 224
-0.997577, 399, 213, 414, 244
-0.997586, 193, 81, 448, 144
-0.997595, 305, 113, 432, 144
-0.997613, 225, 333, 352, 364
-0.997624, 301, 265, 316, 328
-0.997624, 311, 289, 326, 352
-0.997631, 73, 305, 88, 368
-0.997633, 317, 289, 332, 352
-0.997633, 327, 289, 342, 352
-0.997642, 437, 161, 468, 288
-0.997648, 195, 257, 210, 320
-0.997661, 305, 157, 432, 188
-0.997662, 269, 241, 284, 304
-0.997663, 439, 185, 454, 248
-0.997668, 213, 177, 228, 240
-0.997677, 391, 201, 406, 232
-0.997687, 65, 137, 320, 200
-0.997687, 177, 329, 304, 360
-0.997705, 321, 293, 448, 324
-0.997708, 261, 241, 276, 304
-0.997709, 373, 129, 404, 256
-0.99771, 399, 257, 414, 320
-0.997724, 303, 97, 318, 160
-0.997741, 149, 313, 164, 375
-0.997743, 335, 209, 350, 272
-0.99775, 129, 177, 256, 208
-0.997769, 35, 241, 50, 304
-0.997771, 321, 257, 448, 288
-0.99778, 93, 217, 108, 280
-0.997793, 243, 177, 258, 240
-0.997795, 337, 257, 352, 320
-0.997798, 353, 105, 480, 168
-0.9978, 197, 209, 212, 272
-0.997828, 417, 121, 432, 184
-0.997829, 205, 225, 220, 288
-0.997832, 225, 209, 352, 240
-0.997837, 305, 133, 432, 164
-0.997841, 289, 225, 304, 288
-0.997845, 259, 217, 274, 280
-0.997861, 381, 209, 396, 272
-0.997863, 371, 217, 386, 280
-0.997883, 289, 181, 416, 212
-0.997884, 17, 293, 144, 324
-0.997886, 49, 177, 176, 208
-0.997896, 369, 329, 496, 360
-0.997907, 241, 253, 256, 284
-0.997908, 123, 241, 138, 304
-0.997908, 321, 313, 448, 344
-0.997909, 119, 313, 134, 375
-0.99791, 363, 225, 378, 288
-0.997914, 411, 189, 426, 220
-0.997918, 301, 81, 332, 208
-0.997922, 1, 17, 256, 144
-0.997927, 327, 249, 342, 312
-0.997928, 95, 193, 110, 256
-0.997938, 41, 249, 56, 312
-0.997943, 1, 317, 128, 348
-0.997951, 161, 249, 176, 312
-0.997958, 103, 213, 118, 244
-0.997959, 1, 189, 128, 220
-0.99796, 353, 137, 480, 200
-0.997974, 131, 241, 146, 304
-0.997983, 237, 177, 252, 240
-0.997995, 207, 177, 222, 240
-0.998014, 155, 241, 170, 304
-0.998018, 97, 129, 128, 375
-0.99804, 415, 201, 430, 232
-0.998042, 257, 117, 384, 148
-0.998043, 121, 213, 136, 244
-0.998053, 233, 221, 248, 252
-0.998054, 227, 225, 242, 256
-0.998063, 71, 177, 86, 240
-0.998072, 281, 161, 312, 288
-0.998085, 115, 257, 130, 320
-0.998093, 305, 145, 432, 176
-0.998093, 169, 233, 184, 264
-0.998106, 405, 213, 420, 244
-0.998114, 111, 225, 126, 256
-0.998114, 213, 225, 228, 256
-0.998118, 393, 249, 408, 312
-0.998119, 131, 313, 146, 375
-0.998123, 257, 293, 384, 324
-0.998127, 225, 321, 352, 352
-0.998131, 107, 289, 122, 352
-0.998134, 245, 269, 260, 300
-0.998135, 333, 281, 348, 344
-0.998135, 257, 89, 384, 152
-0.998138, 1, 269, 128, 300
-0.998139, 65, 341, 192, 372
-0.998154, 159, 241, 174, 272
-0.998157, 369, 341, 496, 372
-0.998158, 225, 205, 240, 236
-0.998161, 1, 177, 128, 208
-0.998164, 393, 213, 408, 244
-0.998167, 177, 317, 304, 348
-0.998176, 399, 177, 414, 208
-0.998185, 219, 229, 234, 260
-0.998194, 243, 273, 258, 336
-0.998194, 207, 225, 222, 256
-0.998196, 167, 209, 182, 272
-0.9982, 71, 201, 86, 232
-0.998203, 395, 225, 410, 256
-0.998203, 135, 205, 150, 236
-0.998204, 65, 329, 192, 360
-0.99821, 177, 241, 192, 272
-0.998218, 235, 261, 250, 292
-0.998221, 425, 209, 456, 336
-0.998234, 225, 129, 352, 160
-0.998242, 97, 217, 160, 232
-0.998265, 385, 209, 400, 240
-0.998272, 219, 217, 234, 248
-0.998273, 393, 189, 408, 220
-0.998275, 257, 17, 384, 80
-0.998286, 193, 185, 320, 216
-0.998289, 233, 201, 248, 232
-0.998322, 265, 233, 280, 264
-0.998322, 415, 97, 430, 128
-0.99834, 401, 225, 416, 256
-0.998341, 243, 213, 258, 244
-0.998348, 335, 237, 350, 268
-0.998356, 369, 219, 432, 234
-0.998363, 161, 229, 176, 260
-0.998371, 127, 209, 142, 240
-0.99838, 361, 225, 424, 240
-0.998382, 333, 291, 364, 306
-0.998382, 89, 227, 120, 242
-0.998383, 405, 157, 436, 172
-0.998384, 93, 317, 124, 332
-0.998384, 125, 331, 156, 346
-0.998384, 129, 349, 160, 364
-0.998384, 297, 283, 328, 298
-0.998384, 401, 101, 432, 116
-0.998385, 1, 313, 500, 375
-0.998385, 125, 323, 156, 338
-0.998387, 157, 253, 188, 268
-0.998387, 285, 103, 316, 118
-0.998387, 237, 229, 268, 244
-0.998387, 401, 273, 432, 288
-0.998388, 235, 249, 250, 280
-0.998389, 329, 247, 360, 262
-0.998389, 57, 205, 88, 220
-0.99839, 173, 257, 204, 272
-0.998391, 325, 233, 340, 264
-0.998392, 417, 175, 448, 190
-0.998393, 113, 227, 144, 242
-0.998394, 405, 177, 420, 208
-0.998394, 297, 277, 328, 292
-0.998395, 305, 33, 368, 160
-0.998396, 129, 359, 160, 374
-0.998396, 389, 183, 420, 198
-0.998397, 33, 145, 160, 208
-0.998397, 197, 235, 228, 250
-0.998398, 333, 231, 364, 246
-0.998398, 233, 247, 264, 262
-0.998398, 213, 263, 244, 278
-0.998399, 309, 265, 340, 280
-0.998399, 245, 251, 276, 266
-0.998399, 389, 279, 420, 294
-0.9984, 373, 343, 404, 358
-0.998401, 333, 115, 364, 130
-0.998402, 201, 207, 232, 222
-0.998404, 149, 321, 180, 336
-0.998404, 401, 235, 432, 250
-0.998405, 105, 189, 136, 204
-0.998405, 349, 279, 380, 294
-0.998405, 169, 251, 200, 266
-0.998406, 213, 211, 244, 226
-0.998406, 145, 241, 176, 256
-0.998407, 417, 203, 448, 218
-0.998407, 317, 249, 348, 264
-0.998408, 201, 197, 232, 212
-0.998409, 289, 233, 320, 248
-0.998409, 409, 191, 440, 206
-0.99841, 405, 163, 436, 178
-0.99841, 365, 227, 396, 242
-0.998411, 221, 189, 252, 204
-0.998412, 337, 285, 368, 300
-0.998412, 273, 229, 304, 244
-0.998412, 353, 233, 384, 248
-0.998413, 145, 229, 176, 244
-0.998413, 79, 185, 94, 216
-0.998414, 69, 315, 100, 330
-0.998414, 1, 281, 128, 312
-0.998415, 69, 225, 100, 240
-0.998416, 389, 233, 420, 248
-0.998416, 241, 221, 272, 236
-0.998418, 257, 105, 384, 136
-0.998418, 101, 209, 132, 224
-0.998419, 157, 233, 188, 248
-0.998419, 77, 219, 108, 234
-0.99842, 293, 109, 324, 124
-0.99842, 69, 205, 100, 220
-0.998421, 337, 239, 368, 254
-0.998422, 333, 249, 348, 280
-0.998424, 249, 265, 280, 280
-0.998424, 301, 271, 332, 286
-0.998426, 239, 273, 254, 304
-0.998426, 193, 213, 224, 228
-0.998427, 215, 205, 230, 236
-0.998427, 421, 209, 452, 224
-0.998427, 193, 221, 224, 236
-0.998428, 225, 211, 256, 226
-0.998428, 65, 113, 320, 176
-0.998428, 221, 193, 236, 224
-0.998429, 65, 211, 96, 226
-0.998429, 317, 233, 348, 248
-0.998433, 381, 201, 412, 216
-0.998434, 193, 269, 224, 284
-0.998434, 29, 253, 60, 268
-0.998435, 257, 41, 500, 104
-0.998436, 133, 217, 164, 232
-0.998437, 245, 271, 276, 286
-0.998437, 381, 207, 412, 222
-0.998438, 273, 325, 400, 356
-0.998439, 73, 189, 104, 204
-0.998439, 125, 249, 156, 264
-0.998439, 389, 225, 420, 240
-0.998439, 117, 185, 148, 200
-0.998439, 185, 263, 216, 278
-0.998439, 93, 187, 124, 202
-0.998442, 233, 199, 264, 214
-0.998442, 65, 217, 96, 232
-0.998442, 301, 231, 332, 246
-0.998442, 209, 209, 224, 240
-0.998443, 143, 213, 158, 244
-0.998443, 205, 223, 236, 238
-0.998445, 261, 237, 292, 252
-0.998445, 329, 253, 360, 268
-0.998448, 237, 215, 268, 230
-0.998453, 165, 245, 180, 276
-0.998454, 209, 217, 240, 232
-0.998456, 165, 245, 196, 260
-0.998456, 385, 195, 416, 210
-0.998459, 145, 281, 272, 312
-0.99846, 101, 229, 132, 244
-0.998462, 289, 37, 416, 68
-0.998463, 217, 251, 248, 266
-0.998464, 405, 169, 436, 184
-0.998468, 233, 261, 264, 276
-0.998469, 79, 205, 94, 236
-0.99847, 187, 249, 202, 280
-0.998471, 229, 223, 260, 238
-0.998471, 197, 229, 228, 244
-0.998471, 409, 197, 440, 212
-0.998472, 77, 213, 108, 228
-0.998475, 153, 247, 184, 262
-0.998478, 227, 265, 242, 296
-0.998481, 121, 215, 152, 230
-0.998487, 253, 245, 284, 260
-0.99849, 405, 229, 436, 244
-0.998491, 117, 233, 132, 264
-0.998491, 227, 253, 242, 284
-0.998494, 225, 205, 256, 220
-0.998496, 239, 201, 254, 232
-0.998496, 221, 271, 252, 286
-0.998501, 289, 169, 416, 200
-0.998502, 233, 267, 264, 282
-0.998504, 157, 239, 188, 254
-0.998504, 141, 223, 172, 238
-0.998507, 225, 229, 256, 244
-0.998508, 405, 219, 436, 234
-0.99851, 117, 221, 148, 236
-0.998514, 233, 273, 264, 288
-0.998518, 381, 129, 412, 375
-0.998519, 101, 221, 132, 236
-0.998521, 213, 235, 244, 250
-0.998523, 227, 237, 242, 268
-0.998524, 393, 195, 456, 210
-0.99853, 341, 237, 356, 268
-0.99853, 377, 221, 408, 236
-0.99853, 233, 253, 264, 268
-0.998533, 405, 211, 436, 226
-0.998537, 257, 25, 384, 56
-0.998538, 247, 249, 262, 280
-0.998538, 303, 273, 318, 304
-0.998539, 89, 221, 120, 236
-0.998541, 217, 223, 248, 238
-0.998542, 209, 25, 336, 88
-0.998544, 125, 209, 156, 224
-0.998547, 97, 215, 128, 230
-0.998551, 393, 219, 424, 234
-0.998554, 213, 205, 244, 220
-0.998555, 369, 225, 496, 256
-0.998559, 381, 215, 412, 230
-0.998569, 197, 213, 212, 244
-0.998569, 393, 189, 424, 204
-0.99857, 105, 211, 168, 226
-0.998572, 193, 173, 320, 204
-0.998574, 177, 65, 304, 192
-0.998575, 209, 117, 336, 148
-0.998575, 377, 211, 440, 226
-0.998577, 369, 317, 496, 348
-0.998577, 65, 217, 128, 232
-0.998577, 97, 265, 224, 296
-0.998579, 405, 205, 436, 220
-0.99858, 105, 201, 120, 232
-0.998583, 425, 205, 440, 236
-0.998584, 411, 213, 426, 244
-0.998588, 305, 89, 432, 120
-0.998598, 385, 177, 448, 192
-0.998603, 393, 201, 424, 216
-0.998604, 393, 203, 456, 218
-0.998607, 403, 237, 418, 268
-0.998608, 369, 241, 496, 272
-0.998609, 193, 257, 208, 288
-0.998611, 97, 81, 352, 144
-0.998613, 369, 257, 496, 288
-0.998613, 369, 297, 496, 328
-0.998614, 393, 209, 424, 224
-0.998615, 209, 25, 336, 56
-0.998617, 97, 217, 112, 248
-0.998621, 397, 195, 428, 210
-0.998622, 35, 245, 50, 276
-0.998624, 201, 209, 264, 224
-0.998625, 301, 105, 316, 136
-0.998626, 209, 229, 240, 244
-0.998628, 129, 345, 256, 375
-0.998641, 251, 261, 266, 292
-0.998643, 361, 189, 424, 204
-0.998652, 161, 105, 416, 168
-0.998652, 249, 209, 264, 240
-0.998652, 233, 273, 248, 304
-0.998653, 109, 215, 140, 230
-0.998653, 209, 231, 272, 246
-0.998657, 203, 213, 218, 244
-0.99866, 393, 189, 456, 204
-0.998662, 161, 9, 416, 72
-0.998663, 73, 313, 88, 344
-0.998664, 97, 293, 224, 324
-0.998665, 141, 201, 156, 232
-0.998665, 97, 57, 352, 120
-0.998674, 289, 77, 416, 108
-0.998676, 119, 309, 134, 340
-0.998679, 241, 137, 368, 200
-0.998685, 215, 193, 230, 224
-0.998688, 369, 157, 496, 188
-0.99869, 281, 233, 344, 248
-0.998692, 131, 181, 146, 212
-0.998693, 57, 211, 120, 226
-0.998693, 201, 265, 264, 280
-0.998694, 65, 33, 320, 96
-0.998697, 385, 225, 448, 240
-0.9987, 435, 181, 450, 212
-0.9987, 105, 223, 168, 238
-0.998704, 97, 281, 224, 312
-0.998704, 387, 341, 402, 372
-0.998707, 155, 217, 170, 248
-0.998713, 233, 233, 248, 264
-0.998719, 407, 225, 422, 256
-0.99872, 153, 245, 168, 276
-0.998723, 309, 229, 324, 260
-0.998725, 113, 201, 128, 232
-0.998728, 369, 281, 496, 312
-0.998729, 217, 271, 280, 286
-0.998737, 169, 237, 232, 252
-0.998738, 399, 249, 414, 280
-0.99874, 137, 245, 200, 260
-0.998746, 225, 141, 352, 172
-0.998747, 413, 281, 428, 312
-0.99875, 289, 49, 416, 80
-0.998751, 149, 221, 164, 252
-0.998752, 369, 265, 496, 328
-0.998754, 73, 189, 136, 204
-0.998757, 171, 249, 186, 280
-0.998759, 361, 195, 424, 210
-0.998761, 257, 9, 500, 72
-0.998761, 415, 149, 430, 180
-0.998761, 227, 193, 242, 224
-0.998762, 299, 229, 314, 260
-0.998765, 309, 273, 324, 304
-0.99877, 177, 229, 240, 244
-0.998772, 379, 217, 394, 248
-0.998775, 357, 277, 372, 308
-0.998776, 65, 317, 128, 332
-0.99878, 137, 129, 168, 375
-0.998781, 265, 221, 280, 252
-0.998781, 427, 173, 442, 204
-0.998782, 129, 333, 256, 364
-0.998782, 327, 293, 342, 324
-0.998784, 369, 225, 384, 256
-0.998786, 241, 267, 304, 282
-0.998787, 221, 241, 236, 272
-0.998788, 209, 237, 272, 252
-0.998789, 209, 237, 224, 268
-0.99879, 277, 225, 292, 256
-0.99879, 105, 225, 120, 256
-0.998791, 137, 323, 200, 338
-0.998793, 351, 281, 366, 312
-0.998796, 65, 223, 128, 238
-0.998798, 149, 317, 164, 348
-0.998801, 97, 189, 160, 204
-0.998802, 255, 237, 270, 268
-0.998804, 353, 231, 416, 246
-0.998804, 353, 113, 480, 144
-0.998806, 361, 205, 424, 220
-0.99881, 393, 183, 456, 198
-0.998812, 417, 137, 432, 168
-0.998812, 85, 129, 116, 375
-0.998812, 239, 189, 254, 220
-0.998813, 399, 269, 414, 300
-0.998815, 193, 255, 256, 270
-0.998816, 177, 301, 304, 332
-0.998817, 305, 281, 368, 296
-0.998817, 209, 203, 272, 218
-0.998822, 13, 241, 44, 368
-0.998823, 337, 281, 352, 312
-0.998827, 169, 243, 232, 258
-0.99883, 73, 129, 104, 375
-0.998833, 185, 271, 248, 286
-0.998834, 125, 245, 140, 276
-0.998836, 185, 261, 200, 292
-0.998839, 407, 161, 422, 192
-0.998844, 81, 203, 144, 218
-0.998846, 161, 223, 224, 238
-0.998846, 349, 253, 364, 284
-0.998849, 71, 217, 86, 248
-0.998851, 203, 265, 218, 296
-0.998852, 353, 137, 480, 168
-0.998853, 237, 193, 252, 320
-0.998854, 215, 241, 230, 272
-0.998855, 377, 233, 440, 248
-0.998856, 119, 201, 134, 232
-0.998858, 359, 233, 374, 264
-0.998858, 305, 269, 368, 284
-0.998858, 393, 171, 456, 186
-0.998862, 145, 251, 208, 266
-0.998862, 217, 223, 280, 238
-0.998863, 85, 217, 100, 248
-0.998865, 345, 269, 360, 300
-0.998867, 113, 255, 176, 270
-0.998867, 401, 215, 464, 230
-0.998868, 17, 257, 80, 272
-0.998868, 419, 189, 434, 220
-0.998869, 65, 229, 128, 244
-0.998869, 121, 233, 184, 248
-0.99887, 41, 253, 56, 284
-0.998872, 285, 229, 300, 260
-0.998874, 313, 237, 376, 252
-0.998877, 107, 189, 122, 220
-0.998878, 355, 265, 370, 296
-0.998881, 353, 213, 416, 228
-0.998884, 233, 181, 248, 212
-0.99889, 233, 247, 296, 262
-0.998898, 401, 193, 416, 320
-0.9989, 81, 211, 144, 226
-0.9989, 353, 125, 480, 156
-0.998906, 345, 219, 408, 234
-0.998908, 229, 193, 244, 320
-0.998909, 401, 209, 464, 224
-0.99891, 249, 241, 312, 256
-0.998912, 337, 285, 400, 300
-0.998912, 129, 227, 192, 242
-0.998918, 209, 243, 272, 258
-0.998919, 209, 105, 336, 136
-0.998926, 353, 57, 480, 88
-0.99893, 289, 65, 416, 96
-0.998933, 233, 129, 264, 375
-0.998934, 209, 89, 336, 152
-0.998939, 113, 321, 176, 336
-0.998939, 153, 129, 184, 375
-0.99894, 209, 249, 272, 264
-0.998941, 193, 223, 256, 238
-0.998941, 121, 177, 136, 304
-0.998941, 193, 37, 320, 68
-0.998955, 89, 249, 152, 264
-0.998961, 129, 207, 192, 222
-0.998964, 345, 341, 408, 356
-0.998964, 193, 191, 256, 206
-0.998972, 209, 215, 272, 230
-0.998973, 257, 229, 320, 244
-0.998973, 129, 239, 192, 254
-0.998983, 65, 197, 128, 212
-0.998984, 57, 253, 120, 268
-0.998988, 153, 261, 216, 276
-0.998988, 353, 69, 480, 100
-0.99899, 105, 183, 168, 198
-0.99899, 57, 205, 120, 220
-0.998993, 305, 231, 368, 246
-0.998993, 377, 285, 440, 300
-0.998995, 65, 235, 128, 250
-0.998996, 289, 113, 352, 128
-0.998996, 233, 229, 296, 244
-0.999003, 177, 129, 304, 160
-0.999003, 225, 261, 288, 276
-0.999004, 395, 177, 410, 304
-0.999005, 111, 177, 126, 304
-0.999006, 305, 263, 368, 278
-0.999007, 33, 355, 96, 370
-0.999008, 49, 269, 176, 300
-0.99901, 25, 335, 88, 350
-0.999014, 209, 197, 272, 212
-0.999018, 233, 255, 296, 270
-0.999019, 177, 249, 240, 264
-0.99902, 329, 231, 392, 246
-0.99902, 273, 287, 336, 302
-0.999021, 285, 97, 316, 352
-0.999022, 1, 165, 128, 196
-0.999022, 225, 305, 352, 336
-0.999022, 77, 129, 108, 256
-0.999025, 289, 107, 352, 122
-0.999025, 313, 287, 376, 302
-0.999027, 241, 241, 256, 368
-0.999028, 33, 361, 96, 375
-0.999032, 407, 145, 422, 272
-0.999034, 305, 275, 368, 290
-0.999036, 393, 129, 424, 375
-0.999036, 33, 341, 96, 356
-0.999037, 33, 349, 96, 364
-0.999038, 121, 217, 184, 232
-0.999042, 249, 235, 312, 250
-0.999043, 241, 185, 368, 216
-0.999043, 25, 321, 88, 336
-0.999044, 113, 249, 176, 264
-0.999049, 369, 343, 432, 358
-0.999052, 361, 183, 424, 198
-0.999054, 153, 217, 216, 232
-0.999054, 177, 265, 240, 280
-0.99906, 243, 193, 258, 320
-0.999061, 41, 191, 104, 206
-0.999062, 249, 261, 312, 276
-0.999063, 105, 315, 168, 330
-0.999064, 105, 239, 168, 254
-0.999066, 25, 329, 88, 344
-0.99907, 25, 315, 88, 330
-0.99907, 49, 165, 176, 196
-0.999071, 417, 129, 448, 375
-0.999071, 241, 41, 368, 72
-0.999075, 215, 193, 230, 320
-0.999075, 393, 163, 456, 178
-0.999076, 185, 203, 248, 218
-0.999078, 81, 133, 208, 164
-0.999082, 305, 257, 368, 272
-0.999084, 257, 197, 384, 228
-0.999087, 153, 231, 216, 246
-0.999087, 201, 185, 264, 200
-0.99909, 73, 241, 104, 368
-0.999091, 377, 279, 440, 294
-0.999092, 273, 335, 336, 350
-0.999094, 25, 309, 88, 324
-0.999097, 113, 329, 176, 344
-0.999098, 247, 241, 262, 368
-0.999099, 297, 337, 360, 352
-0.999101, 233, 217, 296, 232
-0.999101, 97, 195, 160, 210
-0.999102, 173, 129, 204, 375
-0.999102, 127, 161, 142, 288
-0.999106, 57, 247, 120, 262
-0.999106, 281, 269, 344, 284
-0.999107, 345, 279, 408, 294
-0.999107, 369, 171, 432, 186
-0.999107, 209, 329, 272, 344
-0.99911, 185, 327, 248, 342
-0.999111, 185, 217, 248, 232
-0.999111, 233, 331, 296, 346
-0.999112, 241, 223, 304, 238
-0.999116, 235, 241, 250, 368
-0.999117, 209, 129, 240, 375
-0.999127, 65, 1, 320, 64
-0.999133, 133, 161, 148, 288
-0.999138, 115, 225, 130, 352
-0.99914, 333, 241, 348, 368
-0.999141, 105, 161, 120, 288
-0.999142, 241, 153, 368, 184
-0.999159, 223, 193, 238, 320
-0.999164, 289, 13, 416, 44
-0.99917, 253, 193, 268, 320
-0.999181, 273, 309, 400, 340
-0.999183, 177, 141, 304, 172
-0.999184, 389, 193, 404, 320
-0.999187, 113, 165, 240, 196
-0.999188, 407, 193, 422, 320
-0.99919, 297, 97, 328, 352
-0.999191, 401, 145, 416, 272
-0.999197, 361, 233, 376, 248
-0.999198, 139, 161, 154, 288
-0.999199, 225, 237, 240, 252
-0.999201, 65, 145, 96, 272
-0.999201, 359, 275, 374, 290
-0.999202, 159, 227, 174, 242
-0.999203, 377, 221, 392, 236
-0.999204, 407, 225, 422, 240
-0.999207, 129, 183, 144, 198
-0.99921, 307, 267, 322, 282
-0.999211, 149, 321, 164, 336
-0.999212, 395, 235, 410, 250
-0.999213, 145, 41, 272, 72
-0.999213, 353, 81, 480, 112
-0.999214, 301, 231, 316, 246
-0.999215, 215, 243, 230, 258
-0.999215, 207, 221, 222, 236
-0.999216, 427, 161, 442, 288
-0.999216, 227, 199, 242, 214
-0.999216, 415, 217, 430, 232
-0.999218, 135, 187, 150, 202
-0.99922, 307, 105, 322, 120
-0.999222, 237, 279, 252, 294
-0.999223, 81, 187, 96, 202
-0.999223, 415, 195, 430, 210
-0.999223, 73, 315, 88, 330
-0.999224, 323, 225, 338, 352
-0.999225, 185, 255, 200, 270
-0.999227, 41, 253, 56, 268
-0.999229, 195, 261, 210, 276
-0.99923, 331, 255, 346, 270
-0.999231, 339, 241, 354, 368
-0.999233, 399, 249, 414, 264
-0.999233, 371, 225, 386, 240
-0.999236, 197, 129, 228, 375
-0.999238, 243, 217, 258, 232
-0.999238, 109, 225, 124, 352
-0.999239, 97, 219, 112, 234
-0.99924, 123, 245, 138, 260
-0.999241, 433, 179, 448, 194
-0.999242, 173, 249, 188, 264
-0.999244, 133, 219, 148, 234
-0.999245, 221, 249, 236, 264
-0.999245, 311, 281, 326, 296
-0.999246, 173, 225, 188, 352
-0.999249, 389, 207, 404, 222
-0.99925, 301, 283, 316, 298
-0.999251, 237, 205, 252, 220
-0.999254, 353, 281, 368, 296
-0.999254, 215, 217, 230, 232
-0.999255, 417, 113, 432, 240
-0.999257, 123, 219, 138, 234
-0.999258, 227, 213, 242, 228
-0.999259, 227, 241, 242, 368
-0.999261, 119, 231, 134, 246
-0.999263, 329, 233, 344, 248
-0.999264, 171, 243, 186, 258
-0.999266, 145, 211, 160, 226
-0.999268, 243, 211, 258, 226
-0.999269, 103, 211, 118, 226
-0.99927, 1, 89, 256, 152
-0.99927, 167, 225, 182, 352
-0.999282, 149, 223, 164, 238
-0.999285, 249, 249, 264, 264
-0.999286, 107, 229, 122, 244
-0.999291, 251, 267, 266, 282
-0.999298, 227, 251, 242, 266
-0.999299, 383, 217, 398, 232
-0.9993, 433, 161, 448, 288
-0.999303, 425, 207, 440, 222
-0.999305, 393, 195, 408, 210
-0.999305, 427, 175, 442, 190
-0.999306, 401, 183, 416, 198
-0.999307, 139, 215, 154, 230
-0.999307, 329, 193, 344, 320
-0.999307, 345, 225, 360, 352
-0.999309, 415, 177, 430, 304
-0.99931, 395, 229, 410, 244
-0.99931, 333, 249, 348, 264
-0.999312, 165, 231, 180, 246
-0.999317, 221, 129, 252, 375
-0.999317, 35, 251, 50, 266
-0.999318, 311, 209, 326, 336
-0.999319, 213, 235, 228, 250
-0.99932, 309, 97, 340, 352
-0.999321, 351, 225, 366, 352
-0.999322, 255, 245, 270, 260
-0.999324, 99, 209, 114, 336
-0.999326, 71, 193, 86, 320
-0.99933, 109, 187, 124, 202
-0.999331, 225, 145, 240, 272
-0.999331, 155, 209, 170, 336
-0.999339, 219, 237, 234, 252
-0.999347, 209, 177, 224, 304
-0.999348, 277, 209, 292, 336
-0.999349, 301, 209, 316, 336
-0.999349, 265, 235, 280, 250
-0.999354, 203, 177, 218, 304
-0.999355, 407, 219, 422, 234
-0.999358, 79, 213, 94, 228
-0.999358, 147, 193, 162, 320
-0.999358, 317, 241, 332, 368
-0.999362, 129, 209, 144, 336
-0.999366, 121, 225, 136, 352
-0.99937, 179, 225, 194, 352
-0.999371, 205, 233, 220, 248
-0.999372, 415, 99, 430, 114
-0.999372, 283, 209, 298, 336
-0.999372, 81, 177, 96, 304
-0.999376, 235, 229, 250, 244
-0.99938, 209, 225, 224, 352
-0.99938, 41, 177, 72, 304
-0.999381, 295, 209, 310, 336
-0.999381, 235, 267, 250, 282
-0.999382, 399, 241, 414, 368
-0.999385, 235, 145, 250, 272
-0.999391, 37, 225, 52, 352
-0.999393, 261, 225, 276, 352
-0.999393, 1, 57, 256, 120
-0.999397, 161, 209, 176, 336
-0.999397, 113, 231, 128, 246
-0.999398, 235, 223, 250, 238
-0.999399, 271, 225, 286, 352
-0.9994, 335, 193, 350, 320
-0.999403, 219, 205, 234, 220
-0.999403, 211, 209, 226, 224
-0.99941, 229, 271, 244, 286
-0.999411, 395, 189, 410, 204
-0.999413, 289, 209, 304, 336
-0.999416, 221, 241, 236, 368
-0.999419, 243, 255, 258, 270
-0.99942, 219, 223, 234, 238
-0.999422, 99, 161, 114, 288
-0.999422, 421, 161, 436, 288
-0.999422, 93, 161, 108, 288
-0.999422, 359, 209, 374, 336
-0.999424, 243, 261, 258, 276
-0.999424, 139, 221, 154, 236
-0.999425, 383, 193, 398, 320
-0.999426, 207, 227, 222, 242
-0.999426, 229, 231, 244, 246
-0.999427, 87, 161, 102, 288
-0.999433, 185, 225, 200, 352
-0.999434, 173, 177, 188, 304
-0.999437, 167, 177, 182, 304
-0.999438, 1, 105, 500, 168
-0.999438, 193, 193, 208, 320
-0.999439, 145, 217, 160, 232
-0.99944, 243, 145, 258, 272
-0.99944, 93, 209, 108, 336
-0.999442, 129, 211, 144, 226
-0.999445, 415, 201, 430, 216
-0.999445, 413, 241, 428, 368
-0.999448, 135, 209, 150, 336
-0.999448, 159, 161, 174, 288
-0.999448, 401, 231, 416, 246
-0.99945, 115, 237, 130, 252
-0.999451, 231, 205, 246, 220
-0.999453, 115, 129, 130, 256
-0.999456, 153, 161, 168, 288
-0.999456, 303, 273, 318, 288
-0.99946, 177, 243, 192, 258
-0.99946, 389, 145, 404, 272
-0.999462, 215, 145, 230, 272
-0.999463, 337, 129, 368, 375
-0.999468, 369, 97, 400, 352
-0.999469, 265, 177, 280, 304
-0.99947, 191, 241, 206, 368
-0.999471, 439, 161, 454, 288
-0.999474, 411, 97, 426, 224
-0.999476, 377, 193, 392, 320
-0.999479, 395, 129, 410, 256
-0.999482, 121, 129, 136, 256
-0.999489, 317, 193, 332, 320
-0.99949, 159, 241, 174, 256
-0.999491, 163, 247, 178, 262
-0.999491, 155, 221, 170, 236
-0.999498, 401, 225, 416, 240
-0.999503, 365, 209, 380, 336
-0.999504, 141, 209, 156, 336
-0.999506, 61, 241, 76, 368
-0.999506, 203, 225, 218, 352
-0.999508, 253, 241, 268, 368
-0.99951, 323, 177, 338, 304
-0.999512, 417, 65, 432, 192
-0.999512, 149, 241, 164, 368
-0.999512, 71, 205, 86, 220
-0.999513, 259, 177, 274, 304
-0.999516, 43, 241, 58, 368
-0.999517, 393, 241, 408, 368
-0.999528, 425, 209, 440, 336
-0.999528, 179, 177, 194, 304
-0.99953, 415, 207, 430, 222
-0.999532, 75, 145, 90, 272
-0.999532, 371, 193, 386, 320
-0.999533, 197, 241, 212, 368
-0.999533, 243, 249, 258, 264
-0.999535, 145, 145, 160, 272
-0.999536, 249, 145, 264, 272
-0.999537, 87, 209, 102, 336
-0.999538, 337, 57, 464, 120
-0.999543, 215, 241, 230, 368
-0.999543, 225, 205, 240, 220
-0.999544, 425, 113, 440, 240
-0.999545, 239, 273, 254, 288
-0.999548, 343, 177, 358, 304
-0.999555, 249, 129, 280, 375
-0.999557, 293, 1, 308, 128
-0.999558, 353, 177, 368, 304
-0.999561, 27, 241, 42, 368
-0.999564, 103, 223, 118, 238
-0.999566, 171, 237, 186, 252
-0.999566, 65, 193, 80, 320
-0.999571, 49, 241, 64, 368
-0.999573, 237, 215, 252, 230
-0.999573, 289, 161, 304, 288
-0.999575, 271, 177, 286, 304
-0.999576, 235, 253, 250, 268
-0.999578, 311, 161, 326, 288
-0.999579, 383, 145, 398, 272
-0.999583, 137, 207, 152, 222
-0.999585, 305, 81, 320, 208
-0.999588, 187, 177, 202, 304
-0.999588, 303, 161, 318, 288
-0.999588, 361, 161, 376, 288
-0.999589, 389, 213, 404, 228
-0.99959, 113, 223, 128, 238
-0.999592, 295, 161, 310, 288
-0.999594, 405, 241, 420, 368
-0.999599, 29, 177, 44, 304
-0.999601, 81, 129, 96, 256
-0.999605, 117, 215, 132, 230
-0.999606, 299, 81, 314, 208
-0.99961, 245, 271, 260, 286
-0.999645, 213, 229, 228, 244
-0.999678, 395, 219, 410, 234
-0.999693, 353, 33, 480, 160
-0.999702, 407, 189, 422, 204
-0.999704, 185, 129, 216, 375
-0.999706, 399, 195, 414, 210
-0.999726, 219, 231, 234, 246
-0.999731, 123, 213, 138, 228
-0.999739, 229, 225, 244, 240
-0.999752, 103, 217, 118, 232
-0.999756, 395, 207, 410, 222
-0.99977, 337, 81, 400, 208
-0.999779, 395, 213, 410, 228
-0.999783, 407, 203, 422, 218
-0.999809, 273, 129, 304, 375
-0.999811, 61, 129, 92, 375
-0.999813, 401, 201, 416, 216
-0.999829, 395, 201, 410, 216
-0.999839, 37, 129, 68, 375
-0.99984, 401, 219, 416, 234
-0.999842, 409, 33, 440, 288
-0.999852, 49, 81, 176, 208
-0.999875, 261, 97, 292, 352
-0.999881, 377, 225, 408, 352
-0.999889, 1, 129, 500, 192
-0.999912, 401, 189, 416, 204
-0.999922, 393, 33, 424, 288
-0.999937, 353, 17, 416, 144
-0.999946, 405, 209, 420, 224
-0.999952, 409, 195, 424, 210
-0.999989, 357, 97, 388, 352
-1.00005, 413, 241, 444, 368
-1.00006, 321, 129, 352, 375
-1.00008, 111, 215, 126, 230
-1.00014, 1, 41, 500, 104
-1.00016, 129, 33, 256, 160
-1.00019, 257, 65, 384, 128
-1.00021, 209, 1, 336, 64
-1.00022, 289, 1, 320, 256
-1.00022, 1, 81, 500, 144
-1.00029, 81, 137, 208, 200
-1.00032, 421, 33, 452, 288
-1.00037, 381, 33, 412, 288
-1.00039, 429, 129, 460, 375
-1.00043, 25, 129, 56, 375
-1.00044, 117, 33, 148, 288
-1.00048, 309, 129, 340, 256
-1.00048, 277, 17, 308, 144
-1.00051, 49, 97, 80, 352
-1.00058, 369, 1, 400, 256
-1.00059, 213, 1, 244, 256
-1.00064, 353, 1, 384, 256
-1.00066, 105, 33, 136, 288
-1.00066, 89, 33, 120, 288
-1.00073, 209, 65, 336, 128
-1.00078, 321, 129, 352, 256
-1.00078, 277, 1, 308, 256
-1.00079, 161, 145, 288, 208
-1.0008, 201, 1, 232, 256
-1.00081, 245, 33, 276, 288
-1.00081, 425, 113, 488, 240
-1.00082, 305, 1, 336, 256
-1.00083, 353, 81, 480, 144
-1.00084, 77, 33, 108, 288
-1.00085, 145, 33, 272, 96
-1.00089, 261, 1, 292, 256
-1.00093, 1, 17, 500, 80
-1.00095, 129, 33, 160, 288
-1.00098, 333, 33, 364, 288
-1.00098, 233, 1, 264, 256
-1.00099, 9, 129, 40, 375
-1.001, 65, 33, 96, 288
-1.00101, 81, 113, 208, 176
-1.00103, 145, 33, 176, 288
-1.00105, 189, 33, 220, 288
-1.00108, 441, 129, 472, 375
-1.0011, 165, 33, 196, 288
-1.00119, 177, 1, 208, 256
-1.00122, 53, 145, 84, 272
-1.00123, 321, 33, 352, 288
-1.00126, 421, 65, 452, 192
-1.00147, 9, 33, 40, 288
-1.00149, 37, 33, 68, 288
-1.00149, 433, 33, 464, 288
-1.00159, 49, 1, 80, 256
-1.00162, 193, 17, 256, 144
-1.00168, 241, 49, 304, 176
-1.0017, 21, 33, 52, 288
-1.00173, 445, 33, 476, 288
-1.00179, 361, 129, 392, 256
-1.0018, 457, 97, 488, 352
-1.00183, 161, 105, 288, 168
-1.00185, 465, 1, 496, 256
-1.00188, 469, 129, 500, 375
-1.00188, 373, 33, 404, 160
-1.00211, 385, 49, 448, 176
-1.00214, 137, 113, 200, 240
-1.00221, 1, 121, 128, 184
-1.00222, 41, 81, 104, 208
-1.00228, 97, 81, 224, 144
-1.00229, 217, 17, 280, 144
-1.00241, 261, 129, 292, 256
-1.00245, 113, 57, 240, 120
-1.00246, 369, 33, 496, 96
-1.00263, 361, 241, 392, 368
-1.00269, 301, 33, 332, 160
-1.0027, 133, 113, 164, 240
-1.00271, 329, 81, 360, 208
-1.00274, 349, 17, 380, 144
-1.00275, 161, 81, 288, 144
-1.00278, 317, 81, 348, 208
-1.00278, 337, 129, 368, 256
-1.0028, 13, 193, 44, 320
-1.00281, 137, 33, 200, 160
-1.00289, 277, 65, 308, 192
-1.00291, 305, 17, 432, 80
-1.00314, 169, 33, 232, 160
-1.00321, 17, 81, 144, 144
-1.00338, 161, 9, 288, 72
-1.00346, 161, 57, 288, 120
-1.00356, 97, 81, 224, 208
-1.00366, 113, 9, 240, 72
-1.0037, 349, 129, 380, 256
-1.00374, 305, 1, 432, 128
-1.00385, 65, 33, 192, 160
-1.00387, 441, 113, 472, 240
-1.00392, 33, 57, 160, 120
-1.00392, 337, 33, 368, 160
-1.00392, 361, 33, 392, 160
-1.00394, 217, 65, 280, 192
-1.004, 177, 129, 208, 256
-1.004, 245, 129, 276, 256
-1.00403, 97, 33, 224, 96
-1.00408, 353, 9, 480, 72
-1.00415, 49, 25, 176, 88
-1.00437, 185, 97, 248, 224
-1.00443, 417, 49, 480, 176
-1.00483, 33, 129, 64, 256
-1.00486, 373, 81, 404, 208
-1.005, 65, 1, 192, 64
-1.00504, 213, 17, 244, 144
-1.00513, 105, 81, 168, 208
-1.00518, 325, 33, 356, 160
-1.00518, 1, 9, 128, 72
-1.00531, 17, 33, 144, 160
-1.00531, 65, 81, 128, 208
-1.00536, 253, 17, 284, 144
-1.00536, 345, 81, 376, 208
-1.00538, 1, 129, 64, 256
-1.0054, 1, 33, 128, 96
-1.00542, 113, 33, 176, 160
-1.00551, 189, 129, 220, 256
-1.00556, 393, 1, 456, 128
-1.00562, 201, 17, 232, 144
-1.00562, 145, 33, 176, 160
-1.00569, 265, 17, 296, 144
-1.00596, 405, 33, 436, 160
-1.00599, 385, 1, 416, 128
-1.006, 233, 17, 264, 144
-1.00605, 157, 33, 188, 160
-1.00606, 265, 81, 296, 208
-1.00608, 429, 113, 460, 240
-1.00613, 173, 33, 204, 160
-1.00616, 153, 113, 184, 240
-1.00617, 313, 17, 344, 144
-1.00642, 133, 33, 164, 160
-1.00644, 189, 17, 220, 144
-1.0065, 361, 81, 392, 208
-1.00677, 253, 65, 284, 192
-1.00679, 193, 65, 224, 192
-1.00694, 9, 145, 40, 272
-1.00707, 165, 81, 196, 208
-1.00713, 61, 97, 92, 224
-1.00714, 109, 81, 140, 208
-1.00717, 277, 113, 308, 240
-1.00725, 97, 81, 128, 208
-1.0073, 1, 81, 128, 208
-1.00765, 161, 81, 224, 208
-1.00815, 73, 33, 136, 160
-1.00843, 1, 81, 64, 208
-1.00963, 25, 33, 88, 160
-1.00996, 1, 33, 64, 160
-1.01016, 417, 1, 480, 128
-1.01059, 49, 17, 112, 144
-1.01142, 433, 241, 496, 368
