2056
-0.237662, 1, 1, 500, 432
-0.280637, 1, 1, 500, 256
-0.29295, 1, 129, 500, 384
-0.393239, 33, 1, 288, 432
-0.420069, 33, 33, 288, 288
-0.455692, 129, 1, 384, 432
-0.493748, 257, 1, 500, 432
-0.567533, 257, 1, 500, 256
-0.594205, 129, 97, 384, 352
-0.61064, 161, 1, 416, 256
-0.631439, 33, 129, 288, 384
-0.683273, 161, 193, 416, 432
-0.76309, 225, 97, 480, 352
-0.772571, 257, 193, 500, 432
-0.813019, 209, 97, 336, 352
-0.826094, 145, 33, 272, 288
-0.837134, 81, 1, 208, 256
-0.839657, 113, 1, 240, 432
-0.841944, 161, 1, 288, 432
-0.846195, 49, 1, 176, 432
-0.846375, 33, 33, 160, 288
-0.846892, 225, 1, 352, 256
-0.85204, 289, 1, 416, 256
-0.852821, 225, 1, 352, 432
-0.863524, 1, 17, 500, 144
-0.864458, 129, 129, 256, 384
-0.867532, 337, 1, 464, 432
-0.869392, 1, 129, 500, 256
-0.869915, 1, 1, 128, 432
-0.86993, 353, 1, 480, 256
-0.87553, 273, 1, 400, 432
-0.876092, 1, 225, 500, 352
-0.885004, 1, 65, 500, 192
-0.885557, 65, 129, 192, 384
-0.887324, 257, 161, 384, 416
-0.89498, 1, 289, 500, 416
-0.898687, 1, 129, 128, 384
-0.900295, 1, 177, 500, 304
-0.902269, 33, 49, 288, 176
-0.908466, 129, 113, 384, 240
-0.911212, 161, 1, 416, 128
-0.911877, 33, 113, 288, 240
-0.912709, 209, 193, 336, 432
-0.919346, 129, 161, 384, 288
-0.920554, 65, 1, 320, 128
-0.922646, 225, 129, 288, 256
-0.923168, 81, 33, 208, 160
-0.923679, 193, 97, 320, 224
-0.924481, 337, 193, 464, 432
-0.924523, 209, 145, 336, 272
-0.924868, 129, 65, 384, 192
-0.925035, 257, 17, 500, 144
-0.932045, 273, 113, 336, 240
-0.932376, 305, 97, 432, 352
-0.932805, 201, 97, 264, 224
-0.933801, 257, 289, 500, 416
-0.934198, 177, 1, 304, 128
-0.934375, 145, 81, 272, 208
-0.934461, 257, 65, 500, 192
-0.935272, 33, 81, 160, 208
-0.935605, 33, 305, 288, 432
-0.935782, 225, 129, 480, 256
-0.936266, 161, 209, 416, 336
-0.936293, 249, 129, 312, 256
-0.936364, 1, 161, 256, 288
-0.93657, 1, 1, 128, 128
-0.936621, 41, 65, 104, 192
-0.937095, 281, 161, 344, 288
-0.937103, 97, 1, 160, 128
-0.93734, 177, 1, 240, 128
-0.938233, 169, 65, 232, 192
-0.938987, 257, 241, 500, 368
-0.940057, 225, 17, 352, 144
-0.940422, 361, 1, 424, 128
-0.940969, 257, 145, 384, 272
-0.941389, 121, 17, 184, 144
-0.941609, 57, 1, 120, 128
-0.941792, 209, 1, 272, 128
-0.942063, 241, 97, 368, 224
-0.942727, 337, 1, 464, 128
-0.94353, 233, 145, 296, 208
-0.943946, 129, 305, 384, 432
-0.943977, 129, 33, 256, 160
-0.944683, 185, 145, 248, 272
-0.944927, 113, 17, 176, 80
-0.9453, 145, 129, 272, 256
-0.946044, 265, 161, 328, 224
-0.946091, 241, 81, 304, 208
-0.94611, 209, 137, 272, 200
-0.946194, 33, 209, 288, 336
-0.946469, 161, 113, 224, 240
-0.947137, 17, 49, 80, 176
-0.947161, 185, 137, 248, 200
-0.947471, 273, 17, 400, 144
-0.948131, 257, 193, 384, 320
-0.948155, 233, 1, 296, 128
-0.948541, 153, 1, 216, 128
-0.948549, 393, 305, 456, 432
-0.948865, 289, 17, 352, 144
-0.949154, 153, 113, 216, 176
-0.949169, 273, 121, 336, 184
-0.949206, 97, 257, 352, 384
-0.949276, 57, 81, 120, 144
-0.949301, 73, 65, 136, 192
-0.949426, 297, 209, 360, 336
-0.950713, 257, 17, 320, 144
-0.950974, 337, 273, 464, 400
-0.951124, 409, 17, 472, 144
-0.951798, 1, 241, 128, 368
-0.952157, 297, 153, 360, 216
-0.952179, 209, 161, 272, 224
-0.952595, 313, 17, 376, 144
-0.952674, 185, 113, 248, 176
-0.952773, 249, 177, 312, 304
-0.952936, 225, 305, 352, 432
-0.952989, 145, 49, 208, 176
-0.952989, 321, 225, 384, 352
-0.953276, 49, 241, 112, 368
-0.953483, 17, 1, 80, 128
-0.953738, 209, 89, 272, 152
-0.953849, 337, 1, 400, 128
-0.95399, 385, 17, 448, 144
-0.95435, 249, 121, 312, 184
-0.954428, 305, 65, 432, 192
-0.954962, 41, 113, 104, 240
-0.955111, 297, 113, 360, 240
-0.955132, 9, 129, 72, 256
-0.955421, 49, 305, 176, 432
-0.955797, 433, 17, 496, 144
-0.956581, 209, 49, 272, 176
-0.956731, 433, 273, 496, 400
-0.95674, 81, 97, 208, 224
-0.956802, 89, 305, 152, 432
-0.956808, 305, 225, 432, 352
-0.958063, 81, 33, 208, 96
-0.958304, 225, 345, 288, 408
-0.958741, 265, 65, 328, 192
-0.958787, 97, 49, 160, 176
-0.959, 193, 193, 320, 320
-0.959079, 185, 161, 248, 224
-0.959293, 169, 17, 232, 80
-0.959534, 177, 81, 240, 144
-0.959547, 129, 177, 256, 304
-0.959948, 233, 169, 296, 232
-0.960171, 97, 41, 160, 104
-0.960557, 137, 41, 200, 104
-0.960648, 129, 113, 192, 240
-0.960877, 129, 289, 256, 416
-0.960965, 73, 57, 136, 120
-0.961015, 353, 97, 480, 352
-0.961293, 193, 145, 320, 208
-0.961364, 257, 177, 500, 304
-0.961408, 273, 185, 336, 248
-0.96159, 209, 113, 272, 176
-0.961761, 185, 209, 248, 336
-0.961964, 129, 113, 256, 176
-0.962076, 313, 65, 376, 192
-0.962101, 209, 177, 272, 304
-0.962474, 17, 129, 144, 256
-0.962517, 209, 121, 336, 184
-0.962546, 17, 193, 80, 320
-0.962826, 321, 241, 384, 304
-0.96297, 289, 225, 352, 288
-0.963684, 81, 225, 208, 352
-0.963711, 209, 33, 272, 288
-0.963871, 137, 17, 200, 80
-0.963921, 73, 33, 136, 96
-0.963942, 233, 137, 264, 200
-0.964263, 81, 81, 144, 144
-0.964398, 225, 305, 288, 432
-0.964486, 297, 185, 360, 248
-0.964612, 1, 257, 256, 384
-0.964693, 25, 137, 88, 200
-0.964746, 241, 97, 304, 160
-0.964772, 81, 241, 144, 304
-0.964788, 305, 161, 368, 288
-0.964844, 33, 81, 96, 144
-0.964927, 81, 57, 208, 120
-0.965069, 269, 145, 300, 208
-0.965161, 49, 105, 112, 168
-0.965208, 161, 137, 224, 200
-0.965315, 321, 353, 384, 416
-0.965381, 305, 129, 432, 256
-0.965425, 261, 121, 292, 184
-0.965497, 393, 353, 456, 416
-0.965716, 249, 193, 312, 256
-0.965955, 161, 161, 224, 288
-0.96611, 241, 153, 368, 216
-0.966258, 289, 129, 352, 384
-0.966263, 289, 65, 352, 192
-0.96627, 161, 89, 288, 152
-0.966318, 233, 129, 296, 384
-0.966441, 425, 289, 488, 352
-0.966491, 245, 137, 276, 200
-0.966503, 81, 73, 112, 136
-0.966521, 281, 161, 312, 224
-0.966639, 97, 329, 160, 392
-0.966648, 153, 89, 216, 152
-0.966733, 1, 137, 64, 200
-0.966879, 185, 65, 248, 320
-0.966931, 353, 369, 416, 432
-0.967023, 289, 305, 352, 432
-0.967536, 177, 305, 304, 432
-0.967553, 221, 145, 252, 208
-0.967791, 265, 257, 328, 384
-0.967866, 273, 305, 400, 432
-0.967916, 193, 177, 320, 240
-0.96797, 329, 177, 392, 304
-0.968246, 209, 185, 272, 248
-0.968424, 401, 321, 464, 384
-0.968521, 265, 65, 328, 320
-0.968588, 249, 345, 312, 408
-0.968609, 249, 305, 312, 432
-0.968717, 161, 17, 288, 80
-0.968779, 273, 353, 336, 416
-0.968801, 369, 17, 432, 80
-0.968867, 49, 57, 112, 120
-0.969036, 73, 9, 136, 72
-0.969071, 225, 369, 288, 432
-0.969161, 33, 105, 160, 168
-0.969198, 145, 137, 272, 200
-0.969347, 233, 129, 264, 256
-0.969394, 9, 65, 72, 128
-0.969667, 297, 129, 360, 192
-0.969834, 361, 257, 424, 384
-0.969836, 161, 177, 224, 240
-0.969909, 161, 57, 224, 120
-0.969966, 29, 137, 60, 200
-0.969977, 161, 33, 224, 288
-0.969992, 121, 65, 184, 192
-0.970358, 293, 113, 324, 240
-0.970376, 345, 249, 408, 312
-0.970448, 353, 65, 480, 192
-0.970504, 189, 129, 220, 192
-0.970517, 41, 249, 104, 312
-0.970626, 277, 129, 308, 256
-0.970645, 257, 241, 384, 368
-0.970818, 233, 1, 296, 256
-0.970891, 25, 225, 88, 288
-0.970966, 409, 25, 472, 88
-0.970978, 257, 129, 288, 256
-0.971054, 369, 345, 432, 408
-0.971118, 293, 145, 324, 208
-0.971221, 257, 353, 384, 416
-0.971409, 41, 33, 104, 288
-0.971453, 209, 1, 272, 64
-0.971513, 81, 145, 208, 272
-0.971606, 9, 161, 72, 224
-0.97166, 209, 153, 240, 216
-0.971683, 65, 289, 128, 416
-0.971703, 289, 1, 352, 256
-0.971709, 129, 1, 160, 128
-0.971757, 313, 1, 376, 256
-0.971973, 41, 193, 104, 320
-0.971988, 305, 177, 432, 304
-0.972011, 153, 25, 184, 88
-0.972119, 393, 257, 456, 384
-0.972189, 1, 177, 128, 304
-0.972217, 257, 177, 384, 240
-0.972239, 113, 305, 176, 432
-0.972242, 257, 145, 288, 208
-0.972293, 213, 113, 244, 176
-0.972302, 333, 233, 364, 296
-0.972323, 241, 161, 272, 224
-0.972325, 129, 121, 192, 184
-0.972453, 209, 129, 272, 384
-0.972455, 25, 241, 88, 368
-0.972538, 273, 185, 304, 248
-0.972595, 137, 65, 200, 128
-0.972609, 285, 121, 316, 184
-0.972693, 17, 73, 144, 136
-0.972767, 137, 153, 200, 216
-0.972908, 233, 225, 296, 352
-0.972977, 209, 241, 336, 368
-0.973063, 65, 1, 128, 256
-0.973219, 89, 209, 152, 336
-0.973233, 213, 97, 244, 224
-0.973304, 297, 345, 360, 408
-0.973327, 273, 209, 336, 336
-0.97335, 317, 129, 348, 192
-0.973417, 201, 89, 232, 152
-0.973568, 121, 345, 184, 408
-0.97361, 353, 305, 416, 432
-0.973706, 249, 369, 312, 432
-0.973723, 245, 81, 276, 208
-0.973844, 433, 25, 496, 88
-0.973957, 181, 1, 212, 128
-0.974013, 289, 25, 352, 88
-0.974031, 217, 177, 248, 240
-0.974064, 69, 81, 100, 144
-0.97408, 273, 121, 304, 184
-0.974295, 65, 81, 192, 144
-0.974296, 73, 105, 136, 168
-0.974449, 201, 361, 264, 424
-0.974461, 313, 305, 376, 432
-0.974493, 329, 17, 392, 80
-0.974528, 265, 265, 328, 328
-0.974537, 185, 185, 248, 248
-0.974594, 321, 177, 384, 240
-0.974618, 129, 17, 160, 80
-0.974689, 141, 17, 172, 80
-0.974719, 225, 65, 288, 128
-0.97496, 209, 345, 336, 408
-0.974964, 109, 25, 140, 88
-0.974983, 129, 65, 256, 128
-0.975031, 353, 361, 384, 424
-0.975074, 201, 65, 264, 128
-0.975103, 321, 129, 352, 256
-0.975166, 33, 25, 160, 88
-0.975255, 257, 129, 384, 192
-0.975255, 93, 81, 124, 144
-0.975262, 25, 113, 88, 176
-0.975268, 137, 1, 200, 256
-0.975365, 245, 129, 276, 256
-0.975408, 65, 113, 128, 240
-0.975526, 289, 249, 352, 312
-0.975548, 153, 121, 184, 184
-0.975705, 165, 33, 196, 160
-0.975712, 9, 129, 72, 384
-0.975728, 377, 1, 440, 256
-0.97576, 321, 217, 352, 280
-0.975762, 305, 161, 336, 288
-0.975784, 337, 361, 464, 424
-0.975793, 249, 17, 312, 80
-0.975807, 309, 113, 340, 240
-0.975817, 273, 241, 400, 304
-0.975846, 105, 1, 168, 256
-0.975862, 285, 185, 316, 248
-0.975875, 17, 1, 144, 64
-0.976019, 85, 33, 116, 160
-0.976102, 329, 209, 360, 336
-0.976121, 185, 161, 248, 416
-0.976202, 213, 145, 244, 272
-0.97621, 257, 161, 320, 416
-0.976253, 201, 97, 232, 224
-0.976301, 17, 1, 80, 64
-0.976384, 233, 81, 264, 208
-0.97642, 81, 113, 208, 176
-0.976458, 225, 89, 256, 152
-0.976485, 325, 169, 356, 232
-0.97664, 17, 33, 80, 288
-0.976746, 249, 97, 280, 160
-0.976784, 65, 65, 96, 192
-0.976795, 165, 41, 196, 104
-0.976832, 305, 177, 336, 240
-0.976834, 249, 65, 312, 128
-0.976882, 197, 153, 228, 216
-0.976897, 145, 161, 272, 224
-0.976907, 353, 65, 416, 192
-0.97694, 353, 1, 416, 256
-0.976972, 313, 217, 376, 280
-0.976977, 165, 113, 196, 176
-0.977003, 401, 65, 464, 192
-0.97702, 189, 129, 220, 256
-0.977031, 221, 1, 252, 128
-0.977049, 65, 177, 128, 304
-0.977051, 297, 121, 328, 184
-0.977161, 129, 161, 192, 288
-0.977205, 201, 161, 232, 288
-0.977484, 73, 217, 136, 280
-0.977517, 353, 337, 480, 400
-0.977543, 345, 233, 376, 296
-0.977607, 181, 17, 212, 80
-0.977654, 237, 1, 268, 128
-0.977691, 377, 281, 440, 344
-0.977719, 49, 33, 112, 96
-0.977784, 161, 209, 224, 336
-0.977785, 213, 89, 244, 152
-0.977814, 209, 97, 336, 160
-0.97783, 373, 1, 404, 128
-0.977898, 145, 1, 176, 128
-0.977928, 193, 369, 320, 432
-0.977937, 57, 81, 88, 144
-0.977974, 49, 129, 112, 192
-0.977974, 49, 225, 112, 288
-0.978017, 393, 1, 424, 128
-0.978032, 93, 57, 124, 120
-0.978104, 401, 1, 464, 256
-0.978153, 17, 129, 144, 192
-0.978159, 261, 169, 292, 232
-0.978416, 217, 321, 280, 384
-0.978456, 425, 225, 488, 352
-0.978461, 377, 65, 440, 192
-0.978524, 225, 113, 256, 176
-0.978554, 97, 17, 128, 144
-0.978635, 177, 49, 208, 176
-0.978729, 305, 145, 336, 208
-0.978746, 53, 65, 84, 192
-0.978752, 29, 161, 60, 288
-0.978784, 277, 177, 308, 304
-0.978829, 229, 345, 260, 408
-0.97884, 337, 17, 464, 80
-0.978851, 433, 65, 496, 192
-0.978863, 105, 49, 136, 112
-0.978928, 81, 9, 208, 72
-0.97903, 189, 65, 220, 192
-0.979072, 9, 89, 72, 152
-0.979097, 57, 289, 120, 352
-0.979109, 297, 369, 360, 432
-0.979129, 89, 81, 120, 208
-0.979147, 41, 49, 72, 176
-0.979213, 265, 177, 296, 304
-0.979308, 217, 49, 248, 176
-0.979355, 265, 17, 296, 144
-0.979398, 333, 161, 364, 288
-0.979406, 417, 17, 448, 144
-0.97941, 201, 121, 232, 184
-0.979423, 317, 193, 348, 320
-0.97945, 293, 17, 324, 144
-0.979454, 257, 81, 288, 208
-0.979499, 97, 265, 160, 328
-0.97952, 437, 17, 468, 144
-0.979597, 33, 49, 160, 112
-0.979614, 209, 1, 240, 128
-0.979637, 81, 97, 112, 160
-0.979658, 425, 1, 488, 256
-0.979712, 89, 361, 152, 424
-0.97972, 69, 57, 100, 120
-0.97972, 129, 361, 256, 424
-0.979728, 113, 145, 176, 208
-0.979731, 117, 1, 148, 128
-0.979758, 65, 17, 96, 144
-0.979775, 129, 369, 192, 432
-0.979828, 85, 273, 116, 400
-0.979833, 245, 345, 276, 408
-0.979835, 1, 241, 64, 368
-0.97986, 289, 161, 320, 288
-0.979999, 89, 33, 120, 96
-0.98009, 1, 289, 128, 416
-0.980115, 341, 1, 372, 128
-0.980145, 417, 265, 480, 328
-0.980192, 1, 249, 64, 312
-0.980211, 41, 161, 104, 224
-0.980239, 41, 137, 72, 200
-0.980266, 29, 113, 60, 240
-0.980288, 277, 17, 308, 144
-0.980305, 121, 97, 184, 160
-0.980345, 169, 17, 200, 80
-0.980346, 73, 313, 136, 376
-0.980396, 113, 193, 240, 256
-0.980403, 161, 97, 192, 224
-0.980567, 237, 97, 268, 160
-0.980572, 425, 1, 488, 64
-0.980576, 229, 169, 260, 232
-0.980597, 101, 305, 132, 432
-0.980629, 177, 105, 208, 168
-0.980659, 397, 353, 428, 416
-0.980763, 173, 65, 204, 128
-0.980809, 333, 193, 364, 256
-0.980835, 217, 209, 280, 272
-0.980836, 425, 305, 456, 432
-0.980842, 365, 369, 396, 432
-0.980851, 337, 345, 368, 408
-0.980863, 65, 241, 192, 304
-0.980897, 41, 193, 104, 432
-0.980967, 65, 361, 192, 424
-0.980992, 297, 1, 360, 64
-0.981017, 305, 17, 336, 144
-0.981073, 405, 17, 436, 144
-0.981076, 277, 81, 308, 208
-0.981115, 97, 257, 160, 384
-0.981121, 189, 105, 220, 168
-0.981133, 257, 345, 288, 408
-0.981144, 209, 57, 336, 120
-0.981186, 129, 337, 160, 400
-0.981195, 317, 17, 348, 144
-0.981203, 105, 65, 168, 128
-0.981229, 249, 17, 280, 144
-0.981286, 29, 49, 60, 176
-0.98129, 401, 289, 464, 352
-0.981326, 361, 1, 392, 128
-0.981329, 353, 209, 480, 336
-0.981333, 313, 193, 376, 432
-0.98134, 57, 105, 88, 168
-0.981513, 49, 9, 112, 72
-0.981532, 241, 217, 368, 280
-0.981588, 337, 113, 400, 240
-0.981592, 197, 17, 228, 144
-0.981623, 1, 113, 64, 176
-0.981624, 25, 161, 56, 224
-0.981667, 361, 73, 424, 136
-0.981677, 17, 137, 48, 200
-0.981708, 105, 113, 168, 240
-0.981742, 189, 81, 220, 144
-0.98183, 109, 329, 140, 392
-0.981831, 49, 113, 80, 240
-0.981837, 201, 217, 232, 280
-0.981862, 33, 217, 160, 280
-0.98187, 185, 305, 248, 432
-0.981906, 41, 65, 72, 128
-0.981913, 1, 257, 128, 320
-0.981948, 73, 257, 104, 320
-0.981968, 177, 361, 240, 424
-0.981993, 289, 281, 352, 344
-0.982014, 209, 65, 240, 128
-0.982078, 193, 217, 256, 280
-0.982082, 77, 81, 108, 208
-0.982122, 225, 17, 352, 80
-0.982233, 97, 137, 224, 200
-0.982255, 297, 65, 328, 192
-0.982345, 1, 17, 32, 144
-0.982345, 65, 225, 96, 352
-0.982373, 433, 361, 496, 424
-0.982404, 41, 201, 104, 264
-0.982412, 193, 201, 320, 264
-0.982423, 321, 65, 384, 128
-0.982517, 65, 265, 128, 328
-0.982522, 317, 193, 348, 256
-0.982532, 73, 97, 136, 352
-0.982547, 129, 217, 256, 280
-0.982677, 21, 1, 52, 128
-0.982677, 53, 17, 84, 144
-0.98272, 469, 17, 500, 144
-0.982788, 141, 345, 172, 408
-0.982802, 201, 177, 232, 240
-0.982814, 113, 1, 176, 432
-0.982818, 145, 329, 272, 392
-0.982834, 65, 369, 128, 432
-0.982846, 149, 113, 180, 240
-0.982848, 173, 97, 204, 224
-0.98293, 113, 89, 240, 152
-0.982979, 145, 41, 272, 104
-0.982979, 185, 185, 216, 248
-0.982985, 9, 185, 72, 248
-0.983025, 305, 193, 432, 256
-0.983035, 201, 297, 264, 360
-0.983039, 321, 97, 384, 352
-0.983089, 433, 337, 496, 400
-0.983096, 153, 305, 216, 432
-0.983148, 17, 129, 48, 256
-0.983177, 169, 1, 232, 432
-0.983235, 145, 225, 272, 352
-0.983267, 273, 65, 336, 128
-0.983283, 273, 1, 336, 64
-0.983299, 113, 209, 176, 272
-0.983451, 145, 129, 208, 384
-0.983484, 409, 49, 472, 112
-0.98349, 173, 137, 204, 200
-0.983586, 121, 257, 184, 384
-0.983667, 229, 65, 260, 128
-0.983732, 249, 185, 280, 248
-0.98379, 225, 369, 256, 432
-0.983798, 321, 105, 384, 168
-0.983811, 277, 257, 308, 320
-0.983892, 321, 145, 384, 208
-0.983926, 273, 97, 336, 160
-0.983936, 445, 273, 476, 400
-0.983958, 449, 17, 480, 144
-0.98402, 25, 25, 88, 88
-0.984055, 241, 257, 304, 320
-0.984057, 313, 65, 344, 192
-0.984057, 329, 17, 360, 144
-0.984069, 437, 289, 468, 352
-0.984078, 437, 25, 468, 88
-0.984109, 273, 1, 336, 432
-0.98412, 297, 1, 360, 432
-0.984123, 49, 337, 176, 400
-0.984134, 29, 113, 60, 176
-0.984143, 413, 289, 444, 416
-0.984253, 321, 257, 448, 320
-0.984283, 137, 1, 200, 432
-0.984346, 17, 49, 48, 176
-0.98438, 153, 49, 184, 176
-0.984434, 297, 353, 328, 416
-0.984466, 9, 1, 72, 432
-0.984469, 249, 1, 312, 432
-0.984489, 13, 65, 44, 128
-0.984503, 261, 369, 292, 432
-0.984547, 233, 305, 264, 432
-0.984577, 221, 1, 252, 64
-0.984612, 261, 305, 292, 432
-0.984646, 337, 313, 464, 376
-0.98473, 317, 305, 348, 432
-0.984763, 345, 225, 376, 352
-0.984836, 285, 353, 316, 416
-0.984852, 417, 25, 448, 88
-0.984912, 41, 1, 72, 128
-0.984913, 289, 17, 416, 80
-0.984993, 173, 145, 204, 272
-0.985089, 193, 1, 256, 432
-0.985101, 173, 161, 204, 224
-0.985165, 53, 225, 84, 352
-0.985395, 213, 193, 244, 320
-0.985399, 317, 353, 348, 416
-0.985489, 413, 297, 444, 360
-0.985494, 113, 305, 144, 432
-0.985558, 89, 1, 152, 432
-0.985563, 269, 345, 300, 408
-0.985586, 253, 177, 284, 304
-0.985618, 373, 9, 404, 72
-0.985659, 225, 1, 288, 432
-0.985679, 353, 161, 480, 288
-0.985784, 369, 289, 496, 352
-0.985795, 33, 1, 96, 432
-0.985842, 141, 49, 172, 176
-0.985849, 325, 257, 356, 320
-0.985879, 257, 65, 384, 128
-0.985879, 81, 281, 112, 344
-0.985882, 333, 257, 364, 384
-0.985942, 397, 17, 428, 80
-0.985972, 61, 249, 92, 312
-0.985981, 201, 17, 232, 80
-0.985997, 257, 17, 288, 80
-0.985997, 333, 17, 364, 80
-0.986097, 345, 1, 408, 432
-0.986119, 277, 97, 308, 160
-0.986151, 273, 241, 304, 368
-0.98617, 425, 321, 456, 384
-0.986205, 345, 17, 376, 80
-0.986225, 245, 369, 276, 432
-0.98624, 353, 193, 416, 320
-0.986288, 325, 65, 356, 192
-0.986318, 329, 305, 360, 432
-0.986346, 305, 137, 432, 200
-0.986347, 185, 257, 248, 384
-0.986388, 97, 297, 224, 360
-0.986392, 321, 281, 448, 344
-0.986438, 237, 17, 268, 80
-0.986479, 213, 361, 244, 424
-0.986562, 261, 193, 292, 256
-0.986586, 93, 105, 124, 168
-0.986616, 213, 201, 244, 264
-0.986694, 109, 49, 140, 176
-0.986734, 97, 337, 224, 400
-0.986743, 297, 17, 328, 80
-0.986805, 49, 225, 80, 288
-0.986892, 97, 193, 160, 432
-0.98691, 433, 257, 464, 384
-0.986913, 41, 193, 72, 320
-0.98693, 65, 1, 128, 432
-0.986974, 225, 177, 256, 304
-0.98701, 305, 169, 432, 232
-0.98702, 45, 113, 76, 176
-0.987023, 189, 177, 220, 304
-0.987066, 81, 217, 208, 280
-0.987073, 249, 305, 280, 432
-0.987086, 357, 241, 388, 368
-0.98711, 273, 369, 304, 432
-0.987125, 125, 305, 156, 432
-0.987126, 121, 97, 184, 352
-0.987126, 105, 73, 136, 136
-0.987147, 345, 177, 376, 304
-0.987211, 141, 121, 172, 184
-0.987248, 93, 305, 124, 368
-0.987252, 17, 297, 144, 360
-0.987271, 153, 1, 184, 64
-0.987313, 337, 169, 368, 232
-0.987359, 33, 121, 288, 184
-0.987389, 305, 305, 336, 432
-0.987417, 265, 97, 296, 160
-0.987476, 225, 141, 288, 172
-0.987548, 141, 41, 172, 104
-0.987601, 377, 369, 408, 432
-0.987631, 89, 9, 120, 72
-0.987632, 17, 369, 144, 432
-0.98765, 33, 81, 288, 144
-0.98768, 453, 25, 484, 88
-0.987683, 97, 161, 224, 224
-0.987735, 209, 257, 336, 320
-0.987796, 241, 157, 304, 188
-0.987859, 393, 209, 456, 336
-0.987863, 289, 257, 352, 384
-0.987872, 217, 153, 280, 184
-0.987986, 193, 165, 256, 196
-0.987991, 201, 209, 232, 336
-0.987995, 273, 129, 336, 160
-0.988001, 269, 17, 300, 80
-0.988089, 129, 121, 384, 184
-0.988117, 289, 209, 320, 336
-0.98816, 113, 21, 176, 52
-0.988181, 137, 133, 200, 164
-0.988201, 293, 289, 324, 416
-0.988255, 465, 65, 496, 192
-0.988266, 57, 93, 120, 124
-0.988333, 209, 225, 272, 352
-0.988335, 241, 169, 304, 200
-0.988349, 225, 105, 288, 136
-0.98842, 265, 145, 296, 176
-0.988465, 373, 65, 404, 192
-0.988499, 265, 149, 328, 180
-0.988527, 65, 81, 128, 112
-0.988558, 201, 133, 264, 164
-0.988589, 5, 65, 36, 192
-0.988594, 401, 1, 464, 432
-0.988608, 81, 265, 208, 328
-0.988612, 33, 57, 288, 120
-0.988623, 137, 97, 168, 224
-0.988644, 265, 173, 328, 204
-0.988654, 185, 149, 248, 180
-0.988681, 281, 145, 296, 208
-0.988762, 273, 305, 304, 432
-0.988773, 145, 257, 208, 384
-0.988834, 189, 225, 220, 352
-0.98891, 105, 33, 168, 64
-0.988999, 297, 173, 360, 204
-0.989009, 273, 185, 336, 216
-0.989032, 161, 113, 224, 144
-0.98904, 257, 105, 384, 168
-0.989045, 97, 97, 160, 352
-0.989048, 241, 145, 272, 176
-0.989056, 33, 153, 160, 216
-0.98908, 201, 177, 264, 208
-0.989092, 125, 49, 156, 176
-0.989127, 161, 153, 416, 216
-0.989144, 193, 225, 320, 288
-0.989165, 249, 125, 312, 156
-0.989239, 353, 73, 480, 136
-0.989243, 277, 169, 308, 200
-0.989245, 341, 65, 372, 192
-0.989259, 453, 65, 484, 192
-0.989296, 57, 105, 120, 136
-0.989355, 421, 65, 452, 192
-0.989367, 237, 177, 268, 304
-0.989403, 229, 165, 260, 196
-0.989414, 289, 141, 352, 172
-0.989425, 321, 245, 384, 276
-0.989427, 337, 193, 400, 432
-0.989448, 9, 141, 72, 172
-0.989451, 257, 329, 384, 392
-0.989452, 53, 177, 84, 304
-0.989481, 287, 153, 302, 216
-0.989506, 217, 165, 280, 196
-0.989513, 57, 69, 120, 100
-0.989516, 281, 161, 344, 192
-0.989521, 337, 237, 368, 268
-0.989532, 177, 177, 240, 208
-0.989543, 377, 305, 408, 432
-0.989544, 247, 137, 262, 200
-0.989556, 425, 1, 488, 432
-0.989586, 177, 133, 240, 164
-0.989631, 369, 1, 432, 432
-0.989729, 209, 205, 272, 236
-0.989743, 357, 193, 388, 320
-0.989759, 229, 137, 260, 168
-0.989766, 285, 185, 316, 216
-0.989775, 161, 145, 192, 272
-0.989782, 405, 65, 436, 192
-0.989783, 193, 89, 256, 120
-0.989804, 373, 257, 404, 384
-0.989855, 249, 137, 312, 168
-0.989872, 129, 37, 192, 68
-0.989881, 249, 113, 312, 144
-0.989894, 401, 257, 432, 384
-0.98991, 225, 129, 288, 160
-0.989956, 237, 137, 252, 200
-0.989969, 89, 161, 152, 288
-0.98998, 77, 209, 108, 336
-0.989983, 297, 229, 360, 260
-0.989993, 261, 157, 292, 188
-0.989997, 185, 121, 248, 152
-0.990037, 137, 121, 200, 152
-0.990075, 33, 97, 96, 128
-0.990086, 321, 1, 384, 432
-0.990094, 417, 293, 480, 324
-0.990095, 29, 141, 60, 172
-0.990101, 217, 353, 280, 384
-0.990124, 225, 153, 256, 184
-0.990138, 137, 49, 200, 80
-0.990143, 249, 185, 312, 216
-0.99015, 97, 17, 352, 80
-0.990179, 193, 353, 448, 416
-0.990231, 289, 197, 352, 228
-0.990247, 305, 353, 368, 384
-0.990247, 169, 165, 232, 196
-0.990259, 161, 21, 224, 52
-0.990272, 105, 45, 168, 76
-0.990305, 369, 49, 496, 112
-0.990307, 29, 209, 60, 336
-0.99032, 225, 93, 288, 124
-0.990327, 275, 137, 290, 200
-0.990342, 361, 17, 424, 48
-0.990375, 137, 21, 200, 52
-0.990376, 361, 349, 424, 380
-0.990377, 305, 105, 432, 168
-0.990378, 89, 81, 152, 112
-0.990404, 81, 65, 144, 96
-0.990407, 161, 81, 224, 112
-0.990408, 273, 157, 304, 188
-0.990409, 137, 209, 200, 336
-0.99043, 213, 177, 244, 208
-0.990442, 1, 33, 256, 96
-0.990447, 293, 149, 324, 180
-0.990449, 469, 289, 500, 416
-0.990453, 33, 153, 288, 216
-0.990459, 69, 101, 100, 132
-0.990474, 225, 185, 288, 216
-0.990499, 85, 73, 116, 104
-0.990515, 305, 161, 368, 192
-0.990522, 253, 145, 284, 176
-0.990523, 257, 205, 320, 236
-0.990558, 73, 33, 136, 64
-0.990566, 161, 153, 224, 184
-0.990572, 17, 193, 144, 256
-0.990577, 257, 133, 288, 164
-0.990579, 233, 93, 264, 124
-0.990607, 33, 81, 96, 112
-0.990614, 41, 121, 104, 152
-0.990629, 401, 349, 464, 380
-0.990648, 249, 161, 280, 192
-0.99067, 417, 241, 448, 368
-0.990685, 293, 173, 324, 204
-0.990688, 121, 149, 184, 180
-0.990702, 289, 217, 416, 280
-0.990717, 281, 129, 312, 160
-0.990718, 113, 121, 176, 152
-0.990758, 161, 177, 416, 240
-0.99076, 297, 185, 360, 216
-0.990761, 9, 157, 72, 188
-0.99077, 9, 109, 72, 140
-0.990816, 81, 93, 144, 124
-0.99085, 97, 353, 352, 416
-0.990986, 189, 133, 220, 164
-0.991013, 313, 133, 344, 164
-0.991024, 173, 141, 204, 172
-0.991031, 337, 373, 400, 404
-0.991032, 41, 257, 104, 288
-0.991036, 385, 21, 448, 52
-0.991046, 329, 257, 392, 288
-0.991054, 225, 153, 240, 216
-0.991057, 313, 165, 344, 196
-0.991061, 213, 149, 244, 180
-0.991078, 401, 337, 464, 368
-0.991097, 201, 109, 264, 140
-0.991129, 129, 17, 160, 48
-0.991134, 297, 129, 360, 160
-0.991134, 169, 189, 232, 220
-0.991151, 153, 177, 216, 208
-0.991183, 73, 17, 136, 48
-0.991185, 289, 249, 352, 280
-0.991194, 9, 97, 72, 128
-0.991201, 57, 109, 88, 140
-0.991202, 65, 89, 96, 120
-0.991204, 269, 117, 300, 148
-0.991206, 157, 129, 188, 160
-0.991224, 217, 165, 248, 196
-0.99124, 289, 25, 352, 56
-0.991245, 85, 85, 116, 116
-0.991246, 205, 117, 236, 148
-0.99125, 137, 65, 200, 96
-0.991252, 9, 121, 72, 152
-0.991264, 289, 217, 352, 248
-0.991276, 33, 153, 96, 184
-0.991287, 93, 65, 108, 128
-0.991307, 289, 381, 352, 412
-0.991313, 33, 109, 96, 140
-0.991322, 305, 73, 432, 136
-0.991347, 273, 117, 336, 148
-0.991355, 241, 133, 272, 164
-0.991362, 305, 337, 432, 400
-0.991365, 137, 109, 200, 140
-0.991368, 353, 385, 416, 416
-0.991369, 233, 205, 296, 236
-0.991374, 169, 61, 232, 92
-0.991385, 369, 361, 432, 392
-0.991392, 105, 57, 168, 88
-0.9914, 41, 133, 104, 164
-0.991427, 329, 21, 392, 52
-0.991432, 321, 233, 384, 264
-0.991446, 313, 385, 376, 416
-0.991456, 433, 193, 496, 432
-0.991462, 169, 49, 232, 80
-0.991467, 169, 93, 232, 124
-0.991474, 113, 353, 176, 384
-0.991509, 205, 165, 236, 196
-0.991509, 81, 245, 144, 276
-0.991511, 141, 21, 172, 52
-0.991516, 433, 29, 496, 60
-0.991526, 193, 5, 256, 36
-0.991548, 117, 25, 148, 56
-0.991553, 409, 29, 472, 60
-0.991603, 65, 193, 128, 432
-0.99161, 201, 217, 264, 248
-0.991618, 1, 17, 500, 80
-0.991621, 89, 97, 120, 128
-0.991633, 209, 17, 272, 48
-0.991635, 255, 145, 270, 208
-0.991644, 169, 125, 200, 156
-0.991654, 257, 117, 288, 148
-0.991673, 393, 361, 456, 392
-0.991691, 225, 117, 288, 148
-0.991714, 385, 389, 448, 420
-0.991721, 69, 77, 100, 108
-0.991729, 17, 237, 80, 268
-0.991734, 201, 369, 264, 400
-0.991739, 65, 229, 128, 260
-0.99174, 361, 193, 424, 432
-0.991742, 193, 169, 320, 200
-0.991754, 265, 25, 328, 56
-0.991754, 1, 353, 500, 416
-0.991785, 73, 53, 136, 84
-0.991808, 169, 209, 232, 240
-0.991816, 41, 233, 104, 264
-0.991821, 1, 137, 500, 200
-0.991845, 185, 185, 216, 216
-0.991853, 89, 333, 152, 364
-0.991878, 345, 249, 376, 280
-0.991881, 105, 245, 168, 276
-0.991883, 193, 65, 256, 96
-0.991885, 345, 269, 408, 300
-0.991898, 157, 37, 188, 68
-0.991903, 241, 377, 304, 408
-0.991906, 297, 161, 328, 192
-0.991909, 53, 93, 84, 124
-0.99191, 241, 173, 272, 204
-0.991912, 321, 177, 384, 208
-0.991913, 347, 233, 362, 296
-0.991922, 209, 133, 240, 164
-0.991923, 281, 145, 312, 176
-0.991931, 241, 173, 368, 204
-0.991932, 293, 129, 324, 160
-0.991934, 321, 213, 384, 244
-0.991936, 145, 165, 208, 196
-0.991942, 249, 349, 312, 380
-0.991944, 129, 225, 384, 288
-0.991946, 301, 185, 332, 216
-0.991949, 197, 181, 228, 212
-0.991953, 233, 21, 296, 52
-0.991958, 213, 89, 244, 120
-0.99196, 185, 77, 248, 108
-0.992029, 81, 45, 208, 76
-0.992033, 409, 193, 472, 432
-0.992063, 265, 121, 280, 184
-0.992099, 201, 221, 232, 252
-0.992112, 153, 25, 184, 56
-0.992122, 291, 121, 306, 184
-0.992131, 273, 189, 304, 220
-0.992133, 321, 225, 352, 256
-0.99215, 193, 153, 320, 184
-0.992175, 329, 177, 360, 208
-0.992195, 189, 117, 220, 148
-0.992197, 129, 97, 384, 160
-0.992229, 1, 65, 500, 128
-0.992257, 109, 37, 140, 68
-0.992265, 193, 141, 320, 172
-0.992278, 339, 225, 354, 288
-0.9923, 185, 145, 216, 176
-0.992301, 33, 225, 288, 288
-0.992305, 145, 121, 176, 152
-0.992316, 257, 265, 384, 328
-0.992328, 161, 49, 192, 80
-0.992336, 257, 185, 288, 216
-0.992375, 81, 73, 96, 136
-0.992391, 293, 169, 308, 232
-0.992407, 253, 105, 284, 136
-0.992432, 165, 113, 196, 144
-0.992442, 101, 61, 132, 92
-0.992465, 87, 73, 102, 136
-0.992509, 281, 117, 312, 148
-0.992557, 33, 129, 64, 160
-0.992563, 337, 217, 464, 280
-0.99258, 225, 129, 352, 160
-0.992586, 309, 153, 340, 184
-0.992603, 393, 349, 424, 380
-0.992604, 219, 161, 234, 224
-0.992607, 321, 153, 352, 184
-0.992612, 257, 329, 500, 392
-0.99262, 269, 129, 300, 160
-0.992639, 97, 81, 128, 112
-0.992653, 277, 177, 292, 240
-0.99268, 265, 173, 296, 204
-0.992691, 311, 145, 326, 208
-0.992693, 201, 149, 232, 180
-0.992695, 35, 137, 50, 200
-0.992697, 385, 193, 448, 432
-0.992705, 41, 137, 56, 200
-0.99271, 269, 205, 300, 236
-0.99272, 257, 17, 500, 80
-0.992757, 297, 137, 312, 200
-0.99278, 129, 125, 256, 156
-0.992797, 345, 97, 408, 352
-0.992804, 425, 289, 456, 320
-0.992818, 177, 81, 208, 112
-0.992831, 197, 193, 228, 224
-0.992845, 173, 21, 204, 52
-0.992874, 229, 349, 260, 380
-0.992918, 213, 205, 244, 236
-0.992922, 257, 137, 500, 200
-0.99295, 161, 201, 416, 264
-0.992969, 343, 169, 358, 232
-0.992987, 217, 137, 232, 200
-0.992988, 225, 125, 256, 156
-0.993009, 133, 141, 164, 172
-0.993013, 173, 41, 188, 104
-0.99302, 129, 17, 144, 80
-0.993029, 225, 105, 256, 136
-0.993045, 271, 161, 286, 224
-0.993052, 377, 381, 408, 412
-0.993057, 65, 193, 192, 256
-0.993065, 193, 185, 320, 216
-0.993069, 193, 165, 224, 196
-0.993087, 53, 121, 84, 152
-0.993089, 151, 25, 166, 88
-0.993117, 41, 105, 72, 136
-0.993117, 1, 289, 500, 352
-0.993117, 157, 17, 172, 80
-0.993134, 325, 165, 356, 196
-0.993158, 145, 353, 176, 384
-0.993165, 241, 141, 368, 172
-0.993189, 129, 57, 384, 120
-0.993201, 229, 181, 260, 212
-0.99322, 307, 169, 322, 232
-0.99323, 333, 249, 364, 280
-0.993235, 353, 113, 480, 240
-0.993254, 287, 177, 302, 240
-0.993263, 101, 81, 116, 144
-0.993264, 241, 161, 368, 192
-0.993282, 105, 49, 136, 80
-0.993336, 393, 21, 424, 52
-0.993344, 341, 181, 372, 212
-0.993351, 61, 257, 92, 288
-0.993406, 333, 353, 364, 384
-0.993413, 33, 177, 288, 240
-0.99343, 365, 373, 396, 404
-0.993438, 97, 33, 128, 64
-0.99349, 133, 33, 164, 64
-0.99349, 27, 137, 42, 200
-0.993508, 165, 25, 180, 88
-0.993513, 373, 13, 404, 44
-0.993514, 145, 17, 160, 80
-0.993532, 197, 113, 212, 176
-0.99354, 169, 173, 200, 204
-0.993541, 271, 113, 286, 176
-0.993549, 61, 17, 92, 48
-0.993567, 241, 169, 256, 232
-0.993582, 325, 237, 356, 268
-0.993587, 209, 321, 336, 384
-0.993596, 233, 205, 264, 236
-0.993613, 113, 333, 144, 364
-0.993634, 1, 113, 500, 176
-0.993636, 81, 57, 208, 88
-0.99366, 303, 145, 318, 208
-0.993662, 163, 121, 178, 184
-0.993675, 253, 173, 284, 204
-0.993679, 437, 29, 468, 60
-0.993683, 145, 153, 272, 184
-0.993698, 81, 33, 208, 64
-0.993708, 201, 85, 232, 116
-0.993715, 113, 209, 176, 336
-0.993717, 181, 61, 212, 92
-0.993722, 1, 41, 500, 104
-0.993735, 145, 133, 176, 164
-0.993739, 21, 165, 52, 196
-0.993742, 165, 69, 196, 100
-0.993752, 41, 157, 72, 188
-0.993755, 305, 197, 336, 228
-0.993759, 363, 361, 378, 424
-0.993766, 73, 65, 104, 96
-0.993778, 231, 145, 246, 208
-0.993792, 1, 89, 500, 152
-0.993796, 1, 233, 500, 296
-0.993823, 177, 117, 304, 148
-0.993828, 309, 217, 340, 248
-0.99383, 133, 349, 164, 380
-0.993838, 283, 121, 298, 184
-0.993842, 309, 25, 340, 56
-0.993844, 1, 9, 256, 72
-0.993858, 257, 257, 500, 320
-0.99386, 219, 89, 234, 152
-0.993875, 333, 193, 364, 224
-0.99388, 293, 117, 324, 148
-0.993883, 297, 25, 328, 56
-0.993888, 261, 145, 276, 208
-0.9939, 241, 185, 272, 216
-0.99393, 85, 109, 116, 140
-0.993933, 49, 137, 80, 168
-0.99396, 101, 93, 132, 124
-0.993968, 413, 25, 444, 56
-0.993991, 105, 57, 120, 120
-0.994031, 271, 185, 286, 248
-0.994042, 1, 361, 256, 424
-0.994044, 71, 81, 86, 144
-0.99406, 121, 25, 136, 88
-0.994062, 145, 137, 272, 168
-0.994081, 1, 161, 500, 224
-0.994089, 233, 169, 248, 232
-0.994111, 65, 329, 320, 392
-0.994145, 113, 21, 240, 52
-0.994171, 49, 113, 176, 144
-0.994173, 373, 369, 388, 432
-0.994178, 229, 121, 244, 184
-0.994214, 65, 73, 192, 104
-0.994223, 99, 57, 114, 120
-0.994229, 225, 65, 480, 128
-0.994236, 209, 353, 336, 384
-0.994249, 1, 201, 256, 264
-0.994267, 111, 33, 126, 96
-0.994276, 65, 249, 320, 312
-0.994322, 1, 185, 500, 248
-0.994324, 1, 313, 500, 376
-0.99433, 369, 97, 432, 352
-0.994346, 187, 137, 202, 200
-0.99436, 217, 113, 232, 176
-0.994364, 331, 217, 346, 280
-0.994372, 213, 89, 228, 152
-0.994374, 177, 101, 304, 132
-0.99441, 229, 89, 244, 152
-0.994416, 353, 349, 480, 380
-0.994439, 113, 241, 240, 304
-0.994447, 259, 121, 274, 184
-0.994454, 213, 161, 228, 224
-0.994457, 157, 121, 172, 184
-0.994479, 171, 17, 186, 80
-0.994507, 299, 169, 314, 232
-0.994519, 221, 65, 252, 320
-0.994532, 321, 49, 448, 112
-0.994545, 129, 113, 256, 144
-0.994563, 1, 257, 500, 320
-0.994585, 183, 17, 198, 80
-0.994587, 145, 89, 272, 120
-0.994611, 307, 121, 322, 184
-0.994613, 203, 129, 218, 192
-0.994621, 327, 129, 342, 192
-0.994628, 161, 21, 288, 52
-0.994653, 17, 97, 144, 128
-0.994684, 65, 273, 320, 336
-0.994694, 223, 113, 238, 176
-0.994695, 337, 249, 352, 312
-0.994729, 317, 153, 332, 216
-0.99475, 369, 257, 496, 320
-0.99476, 33, 133, 160, 164
-0.994766, 353, 361, 480, 392
-0.994774, 257, 161, 500, 224
-0.994888, 129, 361, 256, 392
-0.994909, 49, 21, 176, 52
-0.994917, 145, 305, 272, 368
-0.994919, 233, 345, 248, 408
-0.994948, 183, 57, 198, 120
-0.994953, 191, 105, 206, 168
-0.994962, 145, 177, 272, 208
-0.99497, 17, 77, 144, 108
-0.994981, 257, 281, 500, 344
-0.994987, 135, 25, 150, 88
-0.995011, 205, 89, 220, 152
-0.995069, 247, 161, 262, 224
-0.995095, 257, 353, 384, 384
-0.995099, 207, 153, 222, 216
-0.995131, 17, 33, 144, 64
-0.995132, 51, 129, 66, 192
-0.995132, 241, 189, 368, 220
-0.995141, 233, 1, 264, 256
-0.995145, 315, 121, 330, 184
-0.995169, 49, 241, 176, 272
-0.995192, 225, 305, 480, 368
-0.995195, 253, 97, 268, 160
-0.995203, 101, 25, 116, 88
-0.995211, 1, 209, 500, 272
-0.995289, 41, 169, 56, 232
-0.995303, 225, 113, 480, 176
-0.99534, 241, 201, 368, 232
-0.995348, 197, 89, 212, 152
-0.995388, 313, 177, 328, 240
-0.99539, 257, 345, 272, 408
-0.995394, 61, 89, 76, 152
-0.995396, 289, 65, 320, 320
-0.995453, 251, 345, 266, 408
-0.995476, 193, 205, 320, 236
-0.995485, 305, 385, 432, 416
-0.995513, 277, 113, 292, 176
-0.995515, 253, 97, 284, 352
-0.995517, 321, 21, 448, 52
-0.995519, 65, 101, 192, 132
-0.995524, 263, 177, 278, 240
-0.995534, 233, 97, 264, 352
-0.995536, 47, 153, 62, 216
-0.995548, 113, 77, 240, 108
-0.995555, 213, 209, 228, 272
-0.99556, 343, 345, 358, 408
-0.995563, 321, 129, 336, 192
-0.995585, 243, 345, 258, 408
-0.99559, 333, 145, 348, 208
-0.995591, 145, 345, 160, 408
-0.9956, 145, 165, 272, 196
-0.995614, 191, 81, 206, 144
-0.995615, 161, 65, 288, 96
-0.995617, 209, 33, 240, 288
-0.995625, 257, 185, 500, 248
-0.995632, 189, 33, 220, 288
-0.99565, 211, 113, 226, 176
-0.995656, 353, 353, 368, 416
-0.995672, 207, 209, 222, 272
-0.995675, 269, 345, 284, 408
-0.995677, 353, 233, 368, 296
-0.995684, 31, 161, 46, 224
-0.995684, 257, 233, 500, 296
-0.995705, 313, 1, 344, 256
-0.995711, 273, 245, 400, 276
-0.995715, 337, 373, 464, 404
-0.99574, 89, 97, 104, 160
-0.995782, 245, 1, 276, 256
-0.995805, 301, 193, 316, 256
-0.995809, 195, 137, 210, 200
-0.995818, 265, 129, 296, 384
-0.995846, 263, 345, 278, 408
-0.995847, 269, 1, 300, 256
-0.995858, 313, 161, 344, 416
-0.995867, 235, 89, 250, 152
-0.995876, 175, 105, 190, 168
-0.995896, 229, 65, 244, 128
-0.995906, 177, 17, 192, 80
-0.995909, 1, 113, 128, 144
-0.995919, 53, 33, 84, 288
-0.995921, 201, 129, 232, 384
-0.995937, 65, 297, 320, 360
-0.995946, 137, 337, 152, 400
-0.995958, 273, 129, 400, 160
-0.99596, 399, 345, 414, 408
-0.99598, 181, 121, 196, 184
-0.995989, 225, 117, 352, 148
-0.995998, 247, 113, 262, 176
-0.996002, 347, 17, 362, 80
-0.996004, 95, 289, 110, 352
-0.996021, 265, 97, 280, 160
-0.996024, 257, 233, 384, 264
-0.996036, 121, 329, 136, 392
-0.996046, 33, 61, 160, 92
-0.996051, 225, 89, 480, 152
-0.996057, 441, 329, 456, 392
-0.996061, 301, 65, 332, 320
-0.996075, 241, 381, 368, 412
-0.99608, 113, 189, 240, 220
-0.996086, 161, 249, 416, 312
-0.996099, 113, 221, 240, 252
-0.996099, 377, 161, 440, 288
-0.996107, 259, 97, 274, 160
-0.996116, 221, 65, 236, 128
-0.996119, 173, 33, 204, 288
-0.996126, 1, 145, 128, 176
-0.996136, 225, 353, 240, 416
-0.996143, 257, 1, 288, 256
-0.996152, 33, 33, 64, 288
-0.996161, 1, 257, 128, 288
-0.996173, 255, 169, 270, 232
-0.996188, 169, 105, 184, 168
-0.996188, 289, 369, 416, 400
-0.996197, 337, 193, 352, 256
-0.996199, 253, 121, 268, 184
-0.996205, 65, 89, 192, 120
-0.996205, 77, 97, 92, 160
-0.99621, 353, 385, 480, 416
-0.996212, 325, 161, 356, 416
-0.996216, 387, 9, 402, 72
-0.996216, 105, 313, 120, 376
-0.996245, 161, 329, 416, 392
-0.996269, 289, 173, 416, 204
-0.996279, 277, 97, 308, 352
-0.996291, 81, 365, 208, 396
-0.996292, 81, 1, 112, 256
-0.996345, 369, 25, 496, 56
-0.996352, 241, 289, 368, 352
-0.996357, 401, 113, 464, 240
-0.996366, 329, 1, 360, 256
-0.99646, 393, 1, 424, 256
-0.996499, 113, 349, 240, 380
-0.996522, 341, 1, 372, 256
-0.996546, 33, 129, 64, 384
-0.996572, 81, 125, 208, 156
-0.996577, 97, 1, 128, 256
-0.996585, 1, 21, 128, 52
-0.996596, 193, 217, 320, 248
-0.996601, 161, 33, 192, 288
-0.996625, 301, 161, 332, 416
-0.996633, 97, 149, 224, 180
-0.996637, 373, 1, 404, 256
-0.996645, 393, 97, 456, 352
-0.996677, 213, 161, 244, 416
-0.996687, 21, 65, 52, 320
-0.996736, 97, 137, 224, 168
-0.996755, 425, 177, 488, 304
-0.996787, 161, 249, 288, 312
-0.996798, 405, 1, 436, 256
-0.996802, 289, 257, 416, 288
-0.996821, 65, 265, 192, 296
-0.996904, 241, 221, 368, 252
-0.996925, 161, 53, 288, 84
-0.996942, 289, 161, 320, 416
-0.996945, 225, 21, 352, 52
-0.996947, 369, 293, 496, 324
-0.996972, 429, 1, 460, 256
-0.99701, 33, 9, 160, 40
-0.997017, 65, 253, 192, 284
-0.997031, 193, 373, 320, 404
-0.997036, 305, 341, 432, 372
-0.997052, 65, 353, 192, 384
-0.997067, 273, 25, 400, 56
-0.997067, 425, 129, 488, 256
-0.997107, 273, 41, 400, 104
-0.997117, 417, 1, 448, 256
-0.997134, 209, 69, 336, 100
-0.997144, 305, 153, 432, 184
-0.997155, 305, 189, 432, 220
-0.997159, 161, 273, 416, 336
-0.997176, 353, 1, 384, 256
-0.997189, 81, 309, 208, 340
-0.997224, 353, 325, 480, 356
-0.997245, 445, 1, 476, 256
-0.997269, 189, 129, 220, 384
-0.997277, 193, 281, 320, 344
-0.997278, 69, 1, 100, 256
-0.997298, 121, 193, 184, 432
-0.997313, 257, 209, 500, 272
-0.997317, 17, 45, 144, 76
-0.997322, 129, 205, 256, 236
-0.997327, 33, 229, 160, 260
-0.99735, 73, 97, 104, 352
-0.997357, 45, 129, 76, 384
-0.997365, 1, 1, 32, 256
-0.997368, 469, 1, 500, 256
-0.997373, 321, 241, 448, 272
-0.997377, 97, 177, 224, 208
-0.99738, 353, 337, 480, 368
-0.997387, 321, 289, 448, 320
-0.997402, 129, 9, 256, 40
-0.997411, 97, 233, 224, 264
-0.997419, 109, 1, 140, 256
-0.997439, 321, 229, 448, 260
-0.997466, 457, 1, 488, 256
-0.997471, 173, 129, 204, 384
-0.997476, 49, 337, 176, 368
-0.997483, 33, 157, 160, 188
-0.997492, 81, 297, 208, 328
-0.997506, 277, 141, 292, 172
-0.997509, 209, 341, 336, 372
-0.997517, 227, 149, 242, 180
-0.997526, 289, 201, 416, 232
-0.997529, 257, 145, 272, 176
-0.997533, 17, 297, 144, 328
-0.997534, 141, 1, 172, 256
-0.997543, 247, 145, 262, 176
-0.997567, 343, 237, 358, 268
-0.997573, 285, 161, 300, 192
-0.997584, 1, 241, 128, 272
-0.997585, 267, 129, 282, 160
-0.997586, 241, 137, 256, 168
-0.997589, 293, 173, 308, 204
-0.997593, 221, 165, 236, 196
-0.997594, 247, 157, 262, 188
-0.997598, 277, 125, 292, 156
-0.997598, 343, 177, 358, 208
-0.997605, 261, 157, 276, 188
-0.997611, 145, 281, 272, 344
-0.997616, 279, 153, 294, 184
-0.997625, 233, 145, 248, 176
-0.997637, 99, 77, 114, 108
-0.997648, 237, 161, 252, 192
-0.99765, 271, 141, 286, 172
-0.997658, 349, 241, 364, 272
-0.997667, 153, 21, 168, 52
-0.997667, 187, 137, 202, 168
-0.997668, 73, 101, 88, 132
-0.997674, 219, 181, 234, 212
-0.997674, 253, 157, 268, 188
-0.997674, 163, 117, 178, 148
-0.997675, 307, 173, 322, 204
-0.997677, 129, 329, 256, 360
-0.997683, 273, 113, 288, 144
-0.99769, 229, 133, 244, 164
-0.997694, 337, 225, 352, 256
-0.997696, 287, 129, 302, 160
-0.997696, 79, 97, 94, 128
-0.997697, 225, 41, 480, 104
-0.997701, 289, 141, 416, 172
-0.997701, 319, 153, 334, 184
-0.997701, 267, 157, 282, 188
-0.997705, 43, 137, 58, 168
-0.997706, 251, 169, 266, 200
-0.997709, 129, 101, 256, 132
-0.997713, 129, 21, 144, 52
-0.997714, 407, 349, 422, 380
-0.997718, 213, 169, 228, 200
-0.997722, 263, 145, 278, 176
-0.997725, 197, 133, 212, 164
-0.997729, 33, 213, 160, 244
-0.997733, 255, 133, 270, 164
-0.997734, 219, 149, 234, 180
-0.997735, 249, 133, 264, 164
-0.997739, 299, 185, 314, 216
-0.997739, 291, 185, 306, 216
-0.997739, 159, 25, 174, 56
-0.99774, 109, 57, 124, 88
-0.99774, 93, 69, 108, 100
-0.997742, 71, 81, 86, 112
-0.997743, 283, 173, 298, 204
-0.997744, 207, 221, 222, 252
-0.997745, 245, 169, 260, 200
-0.997745, 173, 45, 188, 76
-0.997754, 317, 165, 332, 196
-0.997755, 239, 149, 254, 180
-0.997755, 139, 17, 154, 48
-0.997756, 123, 25, 138, 56
-0.997758, 93, 81, 108, 112
-0.997759, 87, 85, 102, 116
-0.997759, 319, 129, 334, 160
-0.99776, 87, 101, 102, 132
-0.997761, 361, 113, 424, 240
-0.997761, 155, 125, 170, 156
-0.997761, 235, 89, 250, 120
-0.997767, 331, 221, 346, 252
-0.997767, 147, 21, 162, 52
-0.997767, 293, 129, 308, 160
-0.997767, 275, 189, 290, 220
-0.997768, 225, 85, 240, 116
-0.997769, 63, 93, 78, 124
-0.997774, 299, 129, 314, 160
-0.997776, 211, 149, 226, 180
-0.997777, 103, 93, 118, 124
-0.997778, 187, 125, 202, 156
-0.997778, 227, 169, 242, 200
-0.997778, 99, 65, 114, 96
-0.99778, 181, 133, 196, 164
-0.99778, 311, 157, 326, 188
-0.997782, 115, 33, 130, 64
-0.997783, 273, 153, 288, 184
-0.997784, 187, 181, 202, 212
-0.997785, 305, 129, 320, 160
-0.997788, 229, 97, 244, 128
-0.997789, 295, 117, 310, 148
-0.99779, 225, 93, 352, 124
-0.997791, 225, 105, 352, 136
-0.997792, 337, 193, 368, 432
-0.997793, 197, 181, 212, 212
-0.997796, 235, 133, 250, 164
-0.9978, 245, 93, 260, 124
-0.9978, 273, 117, 400, 148
-0.9978, 279, 113, 294, 144
-0.997801, 355, 241, 370, 272
-0.997803, 145, 33, 272, 64
-0.997803, 285, 117, 300, 148
-0.997805, 295, 161, 310, 192
-0.997807, 285, 145, 300, 176
-0.997809, 343, 285, 358, 316
-0.99781, 165, 37, 180, 68
-0.99781, 87, 73, 102, 104
-0.997813, 17, 325, 144, 356
-0.997814, 301, 169, 316, 200
-0.997815, 27, 145, 42, 176
-0.997818, 207, 165, 222, 196
-0.997818, 209, 117, 224, 148
-0.997819, 379, 377, 394, 408
-0.997824, 233, 193, 264, 432
-0.997827, 259, 169, 274, 200
-0.997827, 303, 145, 318, 176
-0.997828, 63, 109, 78, 140
-0.997829, 95, 97, 110, 128
-0.997832, 169, 125, 184, 156
-0.997832, 149, 353, 164, 384
-0.997832, 39, 177, 54, 208
-0.997833, 161, 129, 176, 160
-0.997836, 213, 213, 228, 244
-0.997837, 111, 45, 126, 76
-0.997837, 217, 137, 232, 168
-0.997837, 201, 113, 216, 144
-0.997839, 325, 217, 340, 248
-0.997843, 33, 165, 48, 196
-0.997845, 41, 161, 56, 192
-0.997846, 235, 205, 250, 236
-0.997846, 33, 141, 48, 172
-0.997846, 165, 25, 180, 56
-0.997849, 265, 209, 280, 240
-0.99785, 327, 133, 342, 164
-0.997851, 267, 117, 282, 148
-0.997851, 223, 137, 238, 168
-0.997851, 197, 233, 212, 264
-0.997854, 281, 189, 296, 220
-0.997855, 191, 149, 206, 180
-0.997856, 385, 381, 400, 412
-0.997856, 265, 105, 280, 136
-0.997856, 65, 245, 80, 276
-0.997857, 401, 345, 416, 376
-0.997857, 175, 129, 190, 160
-0.997873, 1, 269, 128, 300
-0.997887, 161, 349, 288, 380
-0.997934, 65, 193, 96, 432
-0.997952, 49, 145, 176, 176
-0.99796, 337, 313, 464, 344
-0.997985, 353, 77, 480, 108
-0.997992, 321, 273, 448, 304
-0.99801, 305, 357, 432, 388
-0.998013, 289, 401, 416, 432
-0.998019, 65, 277, 192, 308
-0.998034, 241, 81, 368, 112
-0.998059, 97, 165, 224, 196
-0.998097, 305, 213, 432, 244
-0.998098, 125, 1, 156, 256
-0.998099, 145, 237, 272, 268
-0.998099, 353, 397, 480, 428
-0.998105, 129, 401, 256, 432
-0.998108, 257, 9, 384, 40
-0.998114, 81, 9, 208, 40
-0.998123, 1, 285, 128, 316
-0.998198, 369, 13, 496, 44
-0.99822, 321, 301, 448, 332
-0.998241, 289, 129, 304, 256
-0.998269, 85, 97, 116, 352
-0.998316, 271, 129, 286, 256
-0.998321, 187, 1, 202, 128
-0.99835, 213, 97, 228, 224
-0.998357, 245, 187, 276, 202
-0.99836, 9, 97, 40, 352
-0.998365, 21, 161, 52, 416
-0.998366, 85, 69, 116, 84
-0.998373, 297, 187, 328, 202
-0.998376, 295, 113, 310, 240
-0.998383, 149, 131, 180, 146
-0.998384, 217, 159, 280, 174
-0.998388, 253, 107, 284, 122
-0.998396, 217, 167, 248, 182
-0.998402, 283, 97, 298, 224
-0.998403, 241, 165, 304, 180
-0.998413, 217, 145, 280, 160
-0.998418, 57, 87, 120, 102
-0.998419, 317, 149, 348, 164
-0.99842, 297, 147, 328, 162
-0.998422, 307, 129, 322, 256
-0.998429, 133, 149, 164, 164
-0.99843, 97, 81, 128, 96
-0.998432, 237, 133, 268, 148
-0.998432, 197, 195, 228, 210
-0.998433, 233, 109, 264, 124
-0.998442, 241, 153, 304, 168
-0.998447, 121, 25, 152, 40
-0.99845, 337, 255, 368, 270
-0.99845, 225, 109, 288, 124
-0.998455, 281, 197, 312, 212
-0.998457, 217, 153, 280, 168
-0.998459, 201, 183, 264, 198
-0.99846, 265, 155, 328, 170
-0.998461, 49, 103, 112, 118
-0.998461, 249, 171, 312, 186
-0.998462, 113, 23, 176, 38
-0.998465, 185, 153, 248, 168
-0.998468, 273, 131, 336, 146
-0.998469, 185, 163, 248, 178
-0.998471, 57, 93, 120, 108
-0.998473, 233, 129, 248, 256
-0.998479, 241, 147, 304, 162
-0.998479, 217, 165, 280, 180
-0.998479, 281, 119, 312, 134
-0.998485, 273, 187, 336, 202
-0.998485, 185, 147, 248, 162
-0.998486, 73, 111, 104, 126
-0.998488, 233, 137, 296, 152
-0.998488, 293, 163, 324, 178
-0.998488, 65, 79, 128, 94
-0.998488, 241, 159, 304, 174
-0.99849, 265, 161, 328, 176
-0.998491, 209, 139, 272, 154
-0.998494, 177, 179, 240, 194
-0.998494, 209, 171, 272, 186
-0.998494, 185, 141, 248, 156
-0.998495, 9, 149, 72, 164
-0.998495, 353, 193, 384, 432
-0.998498, 153, 131, 216, 146
-0.998499, 9, 143, 72, 158
-0.998499, 143, 1, 158, 128
-0.998501, 321, 113, 336, 240
-0.998501, 273, 193, 336, 208
-0.998502, 321, 249, 384, 264
-0.998502, 21, 141, 52, 156
-0.998503, 145, 141, 208, 156
-0.998503, 209, 215, 272, 230
-0.998505, 353, 97, 480, 160
-0.998505, 281, 171, 344, 186
-0.998507, 269, 139, 300, 154
-0.998507, 243, 129, 258, 256
-0.998508, 185, 135, 248, 150
-0.998509, 153, 115, 216, 130
-0.99851, 113, 35, 176, 50
-0.998511, 177, 169, 240, 184
-0.998514, 197, 173, 228, 188
-0.998514, 57, 109, 120, 124
-0.998516, 241, 177, 304, 192
-0.998516, 305, 179, 368, 194
-0.998517, 113, 29, 176, 44
-0.998519, 289, 147, 352, 162
-0.998519, 233, 183, 264, 198
-0.99852, 185, 89, 248, 104
-0.99852, 217, 353, 280, 368
-0.998521, 401, 351, 464, 366
-0.998525, 145, 23, 176, 38
-0.998526, 257, 125, 320, 140
-0.998526, 265, 123, 296, 138
-0.998527, 257, 115, 320, 130
-0.998528, 265, 181, 328, 196
-0.998528, 217, 103, 280, 118
-0.998533, 137, 51, 200, 66
-0.998534, 201, 95, 264, 110
-0.998534, 145, 125, 208, 140
-0.998534, 233, 123, 296, 138
-0.998535, 279, 145, 294, 272
-0.998535, 249, 209, 312, 224
-0.998535, 1, 345, 128, 408
-0.998538, 321, 255, 384, 270
-0.998538, 259, 113, 274, 240
-0.998539, 57, 73, 120, 88
-0.998539, 169, 125, 232, 140
-0.998539, 153, 147, 216, 162
-0.99854, 265, 147, 328, 162
-0.99854, 249, 131, 280, 146
-0.998542, 361, 21, 424, 36
-0.998542, 225, 187, 288, 202
-0.998543, 173, 133, 204, 148
-0.998543, 129, 41, 192, 56
-0.998546, 265, 141, 328, 156
-0.998546, 273, 199, 336, 214
-0.998547, 185, 81, 216, 96
-0.998547, 409, 291, 472, 306
-0.998547, 289, 161, 352, 176
-0.998548, 305, 355, 368, 370
-0.998549, 209, 209, 272, 224
-0.998551, 253, 97, 268, 224
-0.998553, 105, 47, 168, 62
-0.998554, 249, 131, 312, 146
-0.998555, 297, 195, 360, 210
-0.998555, 177, 117, 240, 132
-0.998556, 81, 87, 144, 102
-0.998557, 137, 97, 168, 352
-0.998557, 349, 253, 380, 268
-0.998558, 201, 129, 264, 144
-0.998558, 113, 125, 176, 140
-0.998559, 73, 99, 136, 114
-0.99856, 313, 243, 376, 258
-0.998563, 25, 97, 88, 112
-0.998565, 297, 189, 360, 204
-0.998566, 105, 41, 168, 56
-0.998567, 25, 103, 88, 118
-0.998567, 201, 177, 264, 192
-0.998568, 49, 117, 112, 132
-0.998568, 401, 357, 464, 372
-0.998568, 329, 177, 360, 192
-0.998568, 305, 173, 368, 188
-0.998569, 249, 191, 312, 206
-0.998569, 41, 135, 104, 150
-0.998569, 137, 27, 200, 42
-0.99857, 353, 355, 416, 370
-0.998571, 289, 141, 352, 156
-0.998571, 1, 159, 64, 174
-0.998571, 345, 383, 408, 398
-0.998572, 137, 59, 200, 74
-0.998572, 81, 69, 144, 84
-0.998573, 177, 151, 208, 166
-0.998573, 129, 131, 192, 146
-0.998574, 89, 79, 152, 94
-0.998576, 17, 119, 80, 134
-0.998576, 73, 33, 136, 48
-0.998577, 277, 97, 292, 224
-0.998577, 149, 97, 180, 352
-0.998579, 333, 183, 364, 198
-0.99858, 225, 97, 288, 112
-0.998582, 301, 113, 316, 240
-0.998582, 81, 93, 144, 108
-0.998584, 289, 229, 352, 244
-0.998584, 33, 109, 96, 124
-0.998585, 161, 23, 224, 38
-0.998585, 385, 389, 448, 404
-0.998585, 169, 59, 232, 74
-0.998587, 225, 131, 288, 146
-0.998588, 233, 203, 296, 218
-0.998588, 57, 115, 88, 130
-0.998589, 217, 117, 280, 132
-0.998589, 245, 171, 276, 186
-0.998589, 153, 173, 216, 188
-0.99859, 197, 133, 228, 148
-0.998591, 289, 153, 352, 168
-0.998593, 161, 81, 224, 96
-0.998594, 247, 81, 262, 208
-0.998595, 97, 61, 160, 76
-0.998595, 93, 99, 124, 114
-0.998595, 277, 181, 308, 196
-0.998596, 121, 153, 184, 168
-0.998596, 169, 221, 232, 236
-0.998597, 153, 179, 216, 194
-0.998597, 193, 141, 224, 156
-0.998597, 161, 89, 224, 104
-0.998597, 129, 223, 192, 238
-0.998598, 105, 55, 168, 70
-0.998599, 297, 281, 360, 296
-0.9986, 329, 23, 392, 38
-0.998602, 49, 123, 112, 138
-0.998602, 33, 1, 96, 16
-0.998603, 201, 111, 264, 126
-0.998603, 9, 125, 72, 140
-0.998604, 361, 361, 424, 376
-0.998604, 401, 343, 464, 358
-0.998605, 161, 153, 224, 168
-0.998609, 225, 173, 256, 188
-0.998614, 227, 97, 242, 224
-0.998616, 165, 113, 196, 128
-0.998617, 135, 1, 150, 128
-0.99862, 219, 97, 234, 224
-0.998621, 237, 157, 268, 172
-0.998626, 101, 93, 132, 108
-0.998628, 387, 1, 402, 128
-0.99863, 83, 65, 98, 192
-0.998633, 343, 161, 358, 288
-0.998633, 175, 1, 190, 128
-0.998638, 109, 161, 140, 416
-0.99864, 233, 209, 264, 224
-0.998649, 229, 91, 260, 106
-0.998658, 197, 1, 212, 128
-0.99866, 289, 129, 320, 144
-0.998665, 405, 1, 420, 128
-0.998668, 185, 65, 200, 192
-0.99867, 33, 147, 64, 162
-0.998674, 335, 193, 350, 320
-0.998676, 209, 143, 240, 158
-0.998678, 229, 353, 260, 368
-0.99868, 241, 103, 272, 118
-0.998682, 321, 223, 352, 238
-0.998696, 165, 141, 196, 156
-0.998697, 313, 145, 328, 272
-0.998702, 241, 81, 256, 208
-0.998702, 265, 129, 280, 256
-0.998709, 317, 163, 348, 178
-0.998709, 223, 1, 238, 128
-0.998713, 207, 113, 222, 240
-0.998715, 223, 145, 238, 272
-0.998721, 117, 31, 148, 46
-0.998729, 373, 1, 388, 128
-0.998736, 141, 125, 172, 140
-0.998743, 77, 193, 108, 432
-0.998744, 333, 145, 348, 272
-0.998751, 99, 17, 114, 144
-0.998765, 305, 131, 336, 146
-0.998766, 205, 221, 236, 236
-0.998766, 235, 81, 250, 208
-0.998773, 333, 355, 364, 370
-0.998776, 61, 49, 76, 176
-0.998778, 205, 167, 236, 182
-0.998784, 253, 209, 284, 224
-0.998786, 349, 1, 364, 128
-0.998788, 217, 211, 248, 226
-0.99879, 245, 1, 260, 128
-0.998792, 161, 121, 192, 136
-0.998805, 313, 97, 328, 224
-0.99881, 239, 1, 254, 128
-0.998815, 261, 129, 292, 144
-0.998818, 305, 17, 320, 144
-0.998819, 297, 155, 328, 170
-0.998823, 181, 1, 196, 128
-0.998832, 373, 19, 404, 34
-0.998836, 161, 53, 192, 68
-0.99884, 225, 139, 256, 154
-0.998844, 89, 65, 104, 192
-0.998846, 201, 227, 232, 242
-0.998847, 69, 65, 84, 192
-0.998847, 301, 193, 332, 208
-0.998848, 419, 17, 434, 144
-0.998848, 175, 49, 190, 176
-0.998848, 213, 145, 228, 272
-0.998854, 281, 153, 312, 168
-0.998855, 159, 113, 174, 240
-0.998856, 189, 187, 220, 202
-0.99886, 149, 1, 164, 128
-0.99886, 337, 97, 368, 352
-0.99886, 269, 193, 300, 208
-0.998869, 431, 17, 446, 144
-0.998869, 245, 215, 276, 230
-0.998871, 397, 351, 428, 366
-0.998875, 215, 17, 230, 144
-0.998875, 293, 169, 324, 184
-0.998876, 109, 17, 124, 144
-0.998877, 169, 33, 184, 160
-0.998877, 341, 209, 356, 336
-0.998878, 203, 1, 218, 128
-0.99888, 229, 1, 244, 128
-0.99888, 327, 113, 342, 240
-0.998883, 277, 17, 292, 144
-0.998884, 285, 177, 300, 304
-0.998887, 411, 1, 426, 128
-0.99889, 199, 65, 214, 192
-0.998894, 395, 1, 410, 128
-0.998899, 61, 93, 92, 108
-0.998905, 315, 17, 330, 144
-0.998908, 295, 177, 310, 304
-0.998911, 477, 17, 492, 144
-0.998911, 53, 65, 68, 192
-0.998915, 251, 145, 266, 272
-0.998916, 77, 65, 92, 192
-0.998919, 439, 17, 454, 144
-0.99892, 61, 1, 76, 128
-0.99892, 271, 17, 286, 144
-0.998925, 295, 17, 310, 144
-0.998931, 277, 163, 308, 178
-0.998936, 253, 163, 284, 178
-0.998936, 445, 17, 460, 144
-0.99894, 255, 17, 270, 144
-0.998942, 281, 143, 312, 158
-0.998946, 207, 161, 222, 288
-0.99895, 323, 161, 338, 288
-0.998952, 269, 207, 300, 222
-0.998956, 283, 17, 298, 144
-0.998957, 159, 1, 174, 128
-0.998958, 41, 113, 56, 240
-0.99896, 207, 65, 222, 192
-0.998962, 289, 17, 304, 144
-0.998965, 313, 169, 344, 184
-0.998967, 355, 17, 370, 144
-0.998968, 81, 89, 112, 104
-0.998969, 269, 115, 300, 130
-0.998971, 329, 193, 344, 320
-0.998972, 451, 17, 466, 144
-0.998974, 485, 1, 500, 128
-0.998975, 221, 49, 236, 176
-0.998975, 103, 305, 118, 432
-0.998982, 81, 17, 96, 144
-0.998986, 265, 65, 280, 192
-0.998989, 93, 1, 108, 128
-0.99899, 187, 113, 202, 240
-0.998991, 425, 17, 440, 144
-0.998996, 323, 17, 338, 144
-0.998999, 29, 113, 44, 240
-0.998999, 97, 97, 128, 352
-0.998999, 297, 65, 312, 192
-0.998999, 289, 65, 304, 192
-0.999, 129, 1, 144, 128
-0.999, 329, 249, 360, 264
-0.999004, 193, 49, 208, 176
-0.999009, 201, 87, 232, 102
-0.999011, 337, 17, 352, 144
-0.999012, 433, 305, 448, 432
-0.999017, 249, 193, 280, 432
-0.99902, 363, 17, 378, 144
-0.99902, 81, 99, 112, 114
-0.999022, 169, 97, 184, 224
-0.999022, 263, 17, 278, 144
-0.999027, 217, 89, 248, 104
-0.999028, 53, 113, 68, 240
-0.999029, 379, 1, 394, 128
-0.999029, 353, 225, 368, 352
-0.999029, 439, 305, 454, 432
-0.999036, 331, 17, 346, 144
-0.999037, 93, 273, 108, 400
-0.999041, 257, 189, 288, 204
-0.999044, 29, 1, 44, 128
-0.999047, 213, 161, 244, 176
-0.999048, 273, 175, 304, 190
-0.999055, 329, 235, 360, 250
-0.999056, 159, 49, 174, 176
-0.999057, 61, 99, 92, 114
-0.999062, 43, 49, 58, 176
-0.999062, 31, 49, 46, 176
-0.999062, 87, 17, 102, 144
-0.999066, 111, 305, 126, 432
-0.999067, 321, 65, 336, 192
-0.999077, 67, 1, 82, 128
-0.999077, 35, 129, 50, 256
-0.999078, 77, 75, 108, 90
-0.999079, 293, 181, 324, 196
-0.999081, 193, 113, 208, 240
-0.999091, 1, 17, 16, 144
-0.999095, 117, 17, 132, 144
-0.999097, 85, 105, 116, 120
-0.999099, 157, 43, 188, 58
-0.999101, 69, 225, 84, 352
-0.999104, 343, 1, 358, 128
-0.999111, 7, 17, 22, 144
-0.999111, 349, 177, 364, 304
-0.999116, 353, 97, 384, 352
-0.99912, 23, 1, 38, 128
-0.99912, 21, 49, 36, 176
-0.999141, 89, 193, 120, 432
-0.999144, 61, 109, 92, 124
-0.999146, 209, 181, 240, 196
-0.999162, 85, 83, 116, 98
-0.999174, 161, 129, 192, 144
-0.999177, 177, 141, 208, 156
-0.999182, 221, 145, 252, 160
-0.999195, 365, 193, 396, 432
-0.999196, 417, 193, 448, 432
-0.999249, 341, 247, 372, 262
-0.999251, 277, 193, 308, 432
-0.999255, 257, 169, 288, 184
-0.999265, 185, 135, 216, 150
-0.999313, 241, 163, 272, 178
-0.999329, 193, 147, 224, 162
-0.99933, 133, 21, 164, 36
-0.999371, 65, 85, 96, 100
-0.999375, 197, 179, 228, 194
-0.999376, 213, 151, 244, 166
-0.999415, 433, 97, 496, 352
-0.999446, 129, 193, 160, 432
-0.999462, 273, 129, 304, 144
-0.999471, 453, 193, 484, 432
-0.999483, 233, 97, 264, 112
-0.999509, 213, 175, 244, 190
-0.999514, 293, 175, 324, 190
-0.999521, 225, 151, 256, 166
-0.999528, 437, 193, 468, 432
-0.999573, 9, 193, 40, 432
-0.999584, 401, 161, 464, 288
-0.999613, 125, 97, 156, 352
-0.999634, 353, 153, 480, 216
-0.999643, 265, 161, 296, 176
-0.999644, 73, 105, 104, 120
-0.999648, 257, 139, 288, 154
-0.999693, 245, 149, 276, 164
-0.999729, 377, 193, 408, 432
-0.999738, 337, 241, 368, 256
-0.999761, 285, 129, 300, 144
-0.999762, 119, 33, 134, 48
-0.999762, 337, 175, 352, 190
-0.999762, 257, 153, 272, 168
-0.999762, 281, 141, 296, 156
-0.999762, 165, 129, 180, 144
-0.999762, 61, 111, 76, 126
-0.999762, 345, 353, 360, 368
-0.999762, 267, 129, 282, 144
-0.999762, 173, 49, 188, 64
-0.999762, 385, 383, 400, 398
-0.999763, 319, 157, 334, 172
-0.999763, 71, 101, 86, 116
-0.999763, 87, 103, 102, 118
-0.999763, 183, 77, 198, 92
-0.999763, 345, 241, 360, 256
-0.999763, 129, 23, 144, 38
-0.999763, 35, 169, 50, 184
-0.999763, 189, 81, 204, 96
-0.999763, 407, 355, 422, 370
-0.999763, 259, 169, 274, 184
-0.999764, 197, 145, 212, 160
-0.999764, 277, 119, 292, 134
-0.999764, 197, 185, 212, 200
-0.999765, 357, 249, 372, 264
-0.999765, 165, 117, 180, 132
-0.999765, 315, 151, 330, 166
-0.999765, 163, 123, 178, 138
-0.999765, 205, 149, 220, 164
-0.999765, 205, 85, 220, 100
-0.999765, 285, 259, 300, 274
-0.999765, 155, 125, 170, 140
-0.999765, 387, 19, 402, 34
-0.999766, 231, 137, 246, 152
-0.999766, 253, 159, 268, 174
-0.999766, 35, 141, 50, 156
-0.999766, 207, 219, 222, 234
-0.999766, 213, 87, 228, 102
-0.999766, 333, 225, 348, 240
-0.999766, 251, 141, 266, 156
-0.999766, 305, 173, 320, 188
-0.999766, 271, 113, 286, 128
-0.999766, 283, 153, 298, 168
-0.999766, 343, 285, 358, 300
-0.999767, 313, 167, 328, 182
-0.999767, 255, 103, 270, 118
-0.999767, 195, 191, 210, 206
-0.999767, 273, 191, 288, 206
-0.999767, 67, 87, 82, 102
-0.999767, 189, 181, 204, 196
-0.999767, 289, 177, 304, 192
-0.999767, 227, 149, 242, 164
-0.999767, 217, 181, 232, 196
-0.999767, 227, 161, 242, 176
-0.999767, 319, 131, 334, 146
-0.999767, 247, 97, 262, 112
-0.999767, 285, 159, 300, 174
-0.999768, 109, 57, 124, 72
-0.999768, 201, 231, 216, 246
-0.999768, 301, 191, 316, 206
-0.999768, 151, 23, 166, 38
-0.999768, 157, 131, 172, 146
-0.999768, 41, 171, 56, 186
-0.999768, 123, 27, 138, 42
-0.999768, 229, 89, 244, 104
-0.999769, 235, 93, 250, 108
-0.999769, 403, 347, 418, 362
-0.999769, 267, 143, 282, 158
-0.99977, 295, 177, 310, 192
-0.999771, 269, 159, 284, 174
-0.999771, 243, 137, 258, 152
-0.999772, 93, 99, 108, 114
-0.999772, 327, 221, 342, 236
-0.999772, 343, 249, 358, 264
-0.999772, 289, 167, 304, 182
-0.999772, 215, 153, 230, 168
-0.999772, 265, 211, 280, 226
-0.999773, 267, 135, 282, 150
-0.999773, 297, 171, 312, 186
-0.999773, 343, 235, 358, 250
-0.999773, 235, 205, 250, 220
-0.999773, 205, 225, 220, 240
-0.999773, 351, 251, 366, 266
-0.999774, 179, 139, 194, 154
-0.999774, 71, 109, 86, 124
-0.999774, 337, 231, 352, 246
-0.999774, 197, 133, 212, 148
-0.999775, 209, 179, 224, 194
-0.999775, 221, 151, 236, 166
-0.999775, 245, 153, 260, 168
-0.999775, 225, 175, 240, 190
-0.999775, 255, 147, 270, 162
-0.999775, 41, 165, 56, 180
-0.999775, 233, 165, 248, 180
-0.999775, 189, 137, 204, 152
-0.999776, 219, 89, 234, 104
-0.999776, 219, 163, 234, 178
-0.999776, 269, 123, 284, 138
-0.999776, 281, 193, 296, 208
-0.999777, 289, 185, 304, 200
-0.999777, 213, 217, 228, 232
-0.999777, 237, 139, 252, 154
-0.999777, 249, 167, 264, 182
-0.999778, 103, 95, 118, 110
-0.999778, 277, 157, 292, 172
-0.999778, 275, 127, 290, 142
-0.999778, 77, 105, 92, 120
-0.999778, 351, 243, 366, 258
-0.999779, 261, 145, 276, 160
-0.99978, 45, 141, 60, 156
-0.99978, 237, 157, 252, 172
-0.99978, 283, 165, 298, 180
-0.999781, 227, 155, 242, 170
-0.999781, 257, 139, 272, 154
-0.999782, 247, 159, 262, 174
-0.999784, 227, 143, 242, 158
-0.999784, 235, 145, 250, 160
-0.999785, 259, 161, 274, 176
-0.999785, 343, 179, 358, 194
-0.999785, 319, 163, 334, 178
-0.999786, 219, 171, 234, 186
-0.999787, 187, 147, 202, 162
-0.999787, 273, 149, 288, 164
-0.999788, 99, 79, 114, 94
-0.999788, 295, 183, 310, 198
-0.999788, 275, 141, 290, 156
-0.999788, 263, 151, 278, 166
-0.999788, 247, 147, 262, 162
-0.999789, 251, 153, 266, 168
-0.999791, 279, 147, 294, 162
-0.999817, 237, 139, 268, 154
-0.999824, 149, 193, 180, 432
-0.999827, 465, 193, 496, 432
-0.999833, 161, 161, 192, 416
-0.999838, 277, 169, 308, 184
-0.999871, 229, 167, 260, 182
-0.999889, 225, 159, 256, 174
-0.99989, 381, 97, 412, 352
-0.999897, 369, 97, 400, 352
-0.999921, 389, 193, 420, 432
-0.999938, 33, 141, 64, 156
-0.999969, 401, 193, 432, 432
-0.999992, 233, 145, 264, 160
-1, 249, 155, 280, 170
-1.00002, 269, 155, 300, 170
-1.00009, 397, 97, 428, 352
-1.0001, 33, 305, 96, 432
-1.00018, 261, 145, 292, 160
-1.00029, 461, 97, 492, 352
-1.00033, 421, 97, 452, 352
-1.00041, 285, 187, 316, 202
-1.00052, 441, 97, 472, 352
-1.00074, 409, 97, 440, 352
-1.0009, 369, 177, 496, 240
-1.00141, 289, 305, 416, 368
-1.00199, 9, 305, 72, 432
-1.002, 353, 121, 480, 184
-1.00226, 1, 321, 128, 384
