1886
-0.295524, 1, 1, 500, 333
-0.357667, 1, 1, 500, 256
-0.41809, 33, 1, 288, 333
-0.478687, 129, 1, 384, 333
-0.49507, 257, 1, 500, 333
-0.599387, 97, 1, 352, 256
-0.623402, 257, 1, 500, 256
-0.686225, 1, 1, 256, 256
-0.834876, 65, 1, 192, 333
-0.83555, 49, 1, 176, 256
-0.843047, 113, 1, 240, 256
-0.844371, 369, 33, 496, 288
-0.85526, 145, 1, 272, 333
-0.855928, 321, 1, 448, 256
-0.857113, 161, 1, 288, 256
-0.858259, 369, 1, 496, 333
-0.858822, 1, 1, 500, 128
-0.865607, 17, 1, 144, 333
-0.870037, 1, 1, 128, 256
-0.879413, 321, 1, 448, 333
-0.880712, 193, 1, 320, 333
-0.882954, 1, 209, 500, 333
-0.883759, 209, 1, 336, 256
-0.884222, 273, 1, 400, 256
-0.886692, 1, 161, 500, 288
-0.894197, 273, 1, 400, 333
-0.90356, 1, 113, 500, 240
-0.907167, 1, 49, 500, 176
-0.915387, 33, 1, 288, 128
-0.919814, 33, 177, 288, 304
-0.919903, 129, 113, 384, 240
-0.920357, 1, 81, 256, 208
-0.920386, 257, 33, 500, 160
-0.921663, 225, 209, 480, 333
-0.926199, 193, 161, 448, 288
-0.92682, 33, 129, 288, 256
-0.927298, 161, 1, 416, 128
-0.936472, 97, 49, 352, 176
-0.936944, 33, 161, 160, 288
-0.937676, 129, 161, 256, 288
-0.937777, 129, 97, 256, 224
-0.941062, 273, 145, 400, 272
-0.942441, 81, 177, 208, 304
-0.942747, 89, 209, 152, 333
-0.942763, 1, 209, 128, 333
-0.943185, 321, 17, 448, 144
-0.943571, 177, 1, 304, 128
-0.94418, 1, 113, 64, 240
-0.944258, 49, 113, 176, 240
-0.944309, 145, 97, 208, 224
-0.94516, 137, 177, 200, 304
-0.945975, 129, 33, 256, 160
-0.946607, 321, 209, 448, 333
-0.946647, 345, 177, 408, 304
-0.946667, 1, 1, 128, 128
-0.948371, 177, 33, 240, 160
-0.948517, 369, 49, 496, 176
-0.948524, 9, 17, 72, 144
-0.949184, 81, 17, 208, 144
-0.950817, 433, 81, 496, 208
-0.95095, 321, 161, 384, 288
-0.951156, 25, 113, 88, 176
-0.951195, 169, 161, 232, 288
-0.951369, 401, 49, 464, 176
-0.952003, 17, 65, 144, 192
-0.952096, 177, 81, 240, 208
-0.952266, 65, 1, 128, 128
-0.952574, 297, 145, 360, 272
-0.952574, 417, 265, 480, 328
-0.952981, 145, 1, 208, 128
-0.953176, 17, 209, 80, 333
-0.953708, 209, 1, 272, 128
-0.953762, 129, 209, 384, 333
-0.954516, 9, 89, 72, 152
-0.954681, 193, 113, 320, 240
-0.955485, 113, 193, 176, 320
-0.955795, 225, 1, 352, 128
-0.956126, 305, 153, 368, 216
-0.956519, 121, 1, 184, 128
-0.956708, 65, 65, 192, 192
-0.95681, 33, 97, 96, 224
-0.957363, 1, 113, 128, 240
-0.957383, 81, 161, 144, 288
-0.957466, 1, 161, 64, 288
-0.957803, 41, 209, 104, 333
-0.958106, 105, 145, 168, 272
-0.958484, 25, 161, 88, 288
-0.958563, 145, 49, 208, 176
-0.958827, 225, 193, 352, 320
-0.959117, 137, 129, 200, 192
-0.959289, 89, 1, 152, 128
-0.959392, 257, 81, 500, 208
-0.959555, 33, 1, 96, 128
-0.959613, 1, 65, 64, 192
-0.960011, 121, 1, 184, 64
-0.960093, 217, 273, 280, 333
-0.960174, 129, 209, 256, 333
-0.960398, 113, 49, 176, 176
-0.960498, 169, 33, 232, 96
-0.961179, 73, 9, 136, 72
-0.961412, 177, 193, 304, 320
-0.961586, 377, 33, 440, 160
-0.961633, 209, 65, 336, 192
-0.961935, 49, 145, 112, 272
-0.962334, 337, 1, 400, 128
-0.962541, 249, 193, 312, 320
-0.963011, 273, 145, 336, 272
-0.96367, 1, 113, 64, 176
-0.963738, 65, 65, 128, 192
-0.963745, 73, 33, 136, 96
-0.963918, 137, 105, 200, 168
-0.964135, 1, 65, 64, 128
-0.964307, 193, 129, 256, 256
-0.964389, 137, 193, 200, 256
-0.964577, 113, 225, 176, 288
-0.964828, 161, 9, 224, 72
-0.964932, 9, 145, 72, 208
-0.965158, 201, 17, 264, 80
-0.965162, 65, 209, 128, 333
-0.965208, 369, 209, 432, 333
-0.965374, 177, 121, 240, 184
-0.965566, 393, 49, 456, 112
-0.965587, 89, 209, 152, 272
-0.965763, 65, 241, 128, 304
-0.966043, 153, 169, 216, 232
-0.966127, 41, 137, 104, 200
-0.966259, 233, 1, 296, 128
-0.966591, 89, 97, 152, 224
-0.966702, 329, 177, 392, 240
-0.966874, 25, 169, 88, 232
-0.966941, 369, 209, 496, 333
-0.967216, 345, 201, 408, 264
-0.967426, 105, 249, 168, 312
-0.967613, 297, 97, 360, 224
-0.967681, 33, 1, 96, 64
-0.96772, 209, 193, 272, 320
-0.967768, 105, 177, 168, 240
-0.967816, 65, 169, 128, 232
-0.967991, 113, 49, 176, 112
-0.968065, 1, 249, 128, 312
-0.96807, 361, 225, 424, 288
-0.968116, 105, 1, 168, 256
-0.968127, 369, 145, 496, 272
-0.968441, 257, 97, 384, 224
-0.968459, 137, 49, 200, 112
-0.968575, 97, 9, 160, 72
-0.968663, 113, 81, 176, 144
-0.968792, 193, 265, 256, 328
-0.968911, 177, 153, 240, 216
-0.969036, 321, 33, 448, 96
-0.969291, 129, 185, 256, 248
-0.969513, 145, 65, 208, 320
-0.969541, 145, 81, 208, 144
-0.969563, 321, 161, 448, 288
-0.969808, 305, 273, 368, 333
-0.96984, 105, 137, 168, 200
-0.969921, 137, 217, 200, 280
-0.969938, 417, 209, 480, 333
-0.970172, 57, 193, 120, 256
-0.970339, 417, 73, 480, 136
-0.970376, 1, 1, 128, 64
-0.970464, 273, 1, 400, 128
-0.970572, 257, 49, 384, 176
-0.970586, 217, 145, 280, 272
-0.970613, 321, 97, 448, 224
-0.970649, 369, 33, 432, 96
-0.970705, 65, 33, 192, 96
-0.970765, 393, 257, 456, 320
-0.970853, 137, 25, 200, 88
-0.971032, 9, 17, 72, 80
-0.971207, 65, 9, 192, 72
-0.971284, 113, 1, 240, 64
-0.971427, 17, 81, 48, 144
-0.971431, 433, 97, 496, 160
-0.971704, 49, 193, 176, 256
-0.971895, 25, 65, 88, 128
-0.97196, 273, 193, 400, 320
-0.972131, 41, 49, 104, 176
-0.97244, 273, 169, 400, 232
-0.97256, 369, 249, 432, 312
-0.972585, 57, 265, 120, 328
-0.972624, 169, 1, 232, 256
-0.97268, 161, 57, 224, 120
-0.97268, 17, 273, 80, 333
-0.97275, 121, 97, 184, 224
-0.972924, 9, 65, 72, 320
-0.972953, 345, 25, 408, 88
-0.973003, 313, 1, 376, 128
-0.973061, 369, 97, 496, 224
-0.973135, 25, 105, 56, 168
-0.973223, 113, 33, 240, 96
-0.973398, 177, 97, 240, 160
-0.97343, 361, 273, 424, 333
-0.973483, 65, 161, 192, 224
-0.973608, 25, 209, 88, 272
-0.973643, 233, 201, 296, 264
-0.973847, 81, 273, 144, 333
-0.973947, 17, 249, 80, 312
-0.973975, 201, 49, 264, 176
-0.973985, 41, 233, 104, 296
-0.973997, 413, 265, 444, 328
-0.973998, 49, 65, 112, 128
-0.974211, 225, 9, 288, 72
-0.974242, 305, 217, 432, 280
-0.974382, 433, 265, 464, 328
-0.974436, 297, 49, 360, 176
-0.974444, 257, 97, 320, 224
-0.9745, 165, 97, 196, 160
-0.974751, 257, 273, 320, 333
-0.975097, 177, 9, 304, 72
-0.97522, 37, 121, 68, 184
-0.975228, 401, 33, 464, 288
-0.975363, 113, 201, 176, 264
-0.9754, 185, 57, 248, 120
-0.975419, 5, 73, 36, 136
-0.975453, 169, 113, 200, 240
-0.975538, 81, 225, 208, 288
-0.975624, 273, 193, 336, 320
-0.97573, 25, 41, 88, 104
-0.975862, 49, 105, 80, 168
-0.975865, 145, 105, 272, 168
-0.975956, 17, 65, 48, 192
-0.975965, 129, 153, 192, 216
-0.975971, 1, 41, 64, 104
-0.976056, 329, 265, 392, 328
-0.976064, 433, 65, 496, 320
-0.97607, 17, 105, 144, 168
-0.976122, 321, 113, 384, 240
-0.976412, 29, 81, 60, 208
-0.976505, 1, 209, 64, 272
-0.976693, 273, 177, 336, 240
-0.976694, 1, 81, 128, 144
-0.976696, 65, 89, 128, 152
-0.97682, 65, 257, 192, 320
-0.976901, 185, 1, 216, 128
-0.976936, 369, 257, 496, 320
-0.976977, 321, 153, 352, 216
-0.977092, 41, 97, 72, 224
-0.977143, 33, 137, 160, 200
-0.977163, 1, 81, 32, 208
-0.977215, 65, 1, 128, 256
-0.977265, 305, 209, 368, 333
-0.977275, 93, 1, 124, 64
-0.977359, 21, 1, 52, 128
-0.977404, 381, 209, 412, 272
-0.977438, 1, 25, 128, 88
-0.977614, 97, 137, 224, 200
-0.977738, 185, 209, 248, 333
-0.977839, 209, 201, 272, 264
-0.977875, 161, 209, 224, 333
-0.977908, 433, 241, 496, 304
-0.978017, 137, 241, 200, 304
-0.978039, 129, 161, 256, 224
-0.978099, 305, 129, 368, 192
-0.978133, 201, 161, 264, 224
-0.978159, 257, 201, 320, 264
-0.978213, 141, 1, 172, 128
-0.97831, 133, 177, 164, 304
-0.978357, 361, 129, 424, 256
-0.978459, 185, 161, 216, 224
-0.978516, 305, 33, 368, 288
-0.978533, 69, 241, 100, 304
-0.978536, 45, 161, 76, 288
-0.978598, 185, 9, 216, 72
-0.978607, 357, 177, 388, 240
-0.978648, 49, 113, 112, 176
-0.978667, 21, 9, 52, 72
-0.978695, 321, 25, 384, 88
-0.978752, 141, 17, 172, 80
-0.978814, 401, 1, 464, 128
-0.978867, 161, 161, 192, 288
-0.978872, 153, 97, 184, 160
-0.978942, 333, 145, 364, 272
-0.978992, 61, 113, 92, 240
-0.978995, 169, 177, 200, 240
-0.979138, 225, 49, 288, 176
-0.979159, 341, 161, 372, 224
-0.97918, 429, 65, 460, 128
-0.97919, 29, 129, 60, 256
-0.979214, 1, 225, 128, 288
-0.979225, 393, 209, 456, 333
-0.979295, 45, 169, 76, 232
-0.979353, 181, 33, 212, 96
-0.9794, 17, 113, 48, 240
-0.97942, 329, 65, 392, 192
-0.979425, 349, 161, 380, 288
-0.979445, 153, 33, 184, 160
-0.979519, 441, 73, 472, 136
-0.979527, 281, 153, 344, 216
-0.979546, 321, 257, 448, 320
-0.97956, 157, 49, 188, 112
-0.979574, 145, 129, 272, 192
-0.979607, 161, 273, 288, 333
-0.97963, 229, 1, 260, 128
-0.979699, 1, 105, 32, 168
-0.979723, 377, 1, 440, 256
-0.979738, 81, 1, 112, 64
-0.97974, 345, 1, 408, 64
-0.979785, 97, 113, 224, 176
-0.979824, 133, 193, 164, 256
-0.979831, 401, 249, 432, 312
-0.9799, 181, 129, 212, 256
-0.979907, 185, 185, 248, 248
-0.979932, 217, 1, 248, 128
-0.97995, 181, 81, 212, 208
-0.980043, 201, 33, 232, 96
-0.980087, 89, 193, 120, 256
-0.980107, 201, 241, 264, 304
-0.980124, 169, 33, 200, 160
-0.980126, 273, 33, 336, 160
-0.980151, 173, 65, 204, 128
-0.980282, 465, 97, 496, 224
-0.980297, 373, 193, 404, 320
-0.980333, 337, 57, 464, 120
-0.980336, 457, 249, 488, 312
-0.980361, 53, 129, 84, 192
-0.980362, 193, 1, 256, 256
-0.980365, 89, 57, 152, 120
-0.9804, 393, 161, 456, 288
-0.980445, 81, 169, 112, 232
-0.98047, 37, 97, 68, 160
-0.980475, 125, 41, 156, 104
-0.980484, 65, 89, 192, 152
-0.980501, 89, 177, 120, 304
-0.980503, 281, 273, 344, 333
-0.980509, 77, 177, 108, 304
-0.980536, 149, 193, 180, 320
-0.980547, 1, 201, 128, 264
-0.980561, 369, 1, 496, 128
-0.980599, 41, 33, 104, 288
-0.980615, 17, 129, 48, 192
-0.980721, 157, 81, 188, 208
-0.980786, 369, 81, 496, 144
-0.980788, 49, 25, 112, 88
-0.9808, 65, 153, 96, 216
-0.980812, 185, 105, 216, 168
-0.980837, 213, 17, 244, 80
-0.980859, 133, 129, 164, 256
-0.980879, 17, 169, 144, 232
-0.980979, 177, 169, 304, 232
-0.980998, 17, 49, 144, 112
-0.981031, 9, 273, 40, 333
-0.981083, 385, 1, 448, 64
-0.981247, 321, 129, 352, 256
-0.981249, 393, 209, 424, 333
-0.981308, 129, 1, 160, 128
-0.981342, 121, 193, 152, 320
-0.981353, 361, 177, 392, 304
-0.981369, 289, 193, 416, 256
-0.981375, 281, 121, 344, 184
-0.981525, 33, 153, 64, 216
-0.981531, 101, 193, 132, 320
-0.981562, 9, 1, 40, 64
-0.981576, 169, 225, 232, 288
-0.981617, 145, 41, 176, 104
-0.981642, 161, 249, 224, 312
-0.981668, 165, 129, 196, 192
-0.981691, 461, 97, 492, 160
-0.981724, 149, 201, 180, 264
-0.98174, 125, 225, 156, 288
-0.981818, 409, 225, 472, 288
-0.981912, 453, 81, 484, 208
-0.981913, 445, 265, 476, 328
-0.981929, 209, 273, 336, 333
-0.981968, 113, 249, 240, 312
-0.981971, 353, 233, 480, 296
-0.982063, 93, 241, 124, 304
-0.982086, 57, 161, 88, 288
-0.982119, 193, 201, 320, 264
-0.982144, 153, 73, 184, 136
-0.98217, 405, 33, 436, 160
-0.982317, 113, 105, 176, 168
-0.982359, 281, 1, 344, 256
-0.982402, 61, 185, 92, 248
-0.982425, 217, 209, 248, 333
-0.982433, 9, 17, 40, 144
-0.982506, 217, 97, 280, 224
-0.982517, 197, 33, 228, 160
-0.982567, 209, 137, 336, 200
-0.982569, 137, 49, 168, 176
-0.982585, 301, 145, 332, 272
-0.982598, 225, 1, 352, 64
-0.982607, 129, 217, 256, 280
-0.982612, 129, 57, 256, 120
-0.982626, 169, 153, 200, 216
-0.98264, 1, 169, 64, 232
-0.982677, 33, 89, 96, 152
-0.982681, 441, 65, 472, 192
-0.982682, 149, 129, 180, 256
-0.982716, 225, 249, 352, 312
-0.982737, 469, 233, 500, 296
-0.982742, 409, 49, 440, 112
-0.982784, 241, 249, 304, 312
-0.982829, 13, 33, 44, 96
-0.982907, 297, 25, 360, 88
-0.98291, 201, 129, 264, 192
-0.98291, 161, 193, 224, 256
-0.98293, 161, 33, 288, 96
-0.982934, 65, 209, 96, 333
-0.982954, 345, 1, 376, 128
-0.982975, 425, 49, 456, 176
-0.983028, 1, 49, 32, 112
-0.983043, 81, 57, 208, 120
-0.983046, 129, 9, 160, 72
-0.983142, 369, 169, 432, 232
-0.983169, 241, 273, 272, 333
-0.983194, 225, 17, 256, 80
-0.983303, 1, 241, 32, 304
-0.983337, 129, 1, 192, 333
-0.983344, 205, 129, 236, 192
-0.983347, 97, 1, 128, 128
-0.983467, 169, 33, 200, 96
-0.983518, 153, 1, 216, 333
-0.983534, 81, 129, 144, 192
-0.983544, 329, 1, 392, 256
-0.983675, 297, 57, 360, 120
-0.983707, 313, 1, 376, 64
-0.983763, 321, 1, 448, 64
-0.983862, 225, 1, 288, 256
-0.983876, 225, 177, 288, 240
-0.98396, 105, 1, 168, 333
-0.983965, 81, 25, 112, 88
-0.984055, 333, 273, 364, 333
-0.984081, 369, 193, 400, 256
-0.984212, 93, 25, 124, 88
-0.984233, 29, 73, 60, 136
-0.984261, 385, 1, 448, 333
-0.984275, 401, 273, 432, 333
-0.984309, 1, 273, 128, 333
-0.984348, 25, 1, 88, 333
-0.984413, 313, 129, 344, 192
-0.984416, 249, 145, 312, 272
-0.984444, 201, 105, 264, 168
-0.984466, 73, 129, 104, 256
-0.984524, 109, 185, 140, 248
-0.984535, 369, 201, 432, 264
-0.984589, 325, 129, 356, 192
-0.984628, 105, 9, 136, 72
-0.984642, 33, 1, 64, 128
-0.984646, 241, 1, 272, 128
-0.984657, 89, 49, 152, 176
-0.98466, 217, 201, 248, 264
-0.984683, 305, 249, 368, 312
-0.984732, 49, 1, 80, 128
-0.984743, 81, 241, 112, 304
-0.984804, 353, 1, 416, 256
-0.984815, 121, 137, 152, 200
-0.984861, 221, 113, 252, 240
-0.984883, 469, 209, 500, 333
-0.984891, 113, 33, 144, 96
-0.984908, 117, 17, 148, 144
-0.984993, 309, 153, 340, 216
-0.985003, 393, 1, 424, 128
-0.985034, 249, 65, 312, 320
-0.985101, 201, 265, 232, 328
-0.985117, 129, 65, 160, 128
-0.985145, 77, 217, 108, 280
-0.985285, 329, 105, 392, 168
-0.985327, 81, 1, 144, 333
-0.985362, 165, 1, 196, 64
-0.98538, 157, 177, 188, 240
-0.98539, 257, 193, 288, 320
-0.985455, 353, 145, 416, 208
-0.985472, 1, 1, 64, 333
-0.985524, 313, 201, 376, 264
-0.985639, 25, 209, 56, 333
-0.985646, 393, 201, 456, 264
-0.985659, 269, 193, 300, 320
-0.985696, 225, 225, 288, 288
-0.985723, 241, 25, 368, 88
-0.985741, 389, 33, 420, 96
-0.985812, 385, 225, 448, 288
-0.985891, 93, 169, 124, 232
-0.985978, 205, 193, 236, 256
-0.985999, 153, 1, 184, 64
-0.986066, 141, 169, 172, 232
-0.986082, 129, 169, 160, 232
-0.986089, 261, 201, 292, 264
-0.986152, 145, 225, 176, 288
-0.986154, 65, 217, 128, 280
-0.9862, 45, 209, 76, 272
-0.986242, 393, 225, 424, 288
-0.986277, 145, 273, 208, 333
-0.986296, 305, 177, 368, 240
-0.986315, 57, 1, 120, 333
-0.98632, 133, 137, 164, 200
-0.986327, 65, 1, 96, 128
-0.986378, 65, 121, 96, 184
-0.986412, 89, 273, 120, 333
-0.986415, 141, 81, 172, 144
-0.986418, 265, 1, 328, 64
-0.986427, 177, 81, 304, 144
-0.986462, 173, 177, 204, 304
-0.98657, 325, 81, 356, 208
-0.986634, 65, 1, 96, 64
-0.986713, 273, 41, 336, 104
-0.986804, 409, 25, 472, 88
-0.986814, 77, 1, 108, 128
-0.986848, 313, 225, 376, 288
-0.986953, 233, 201, 264, 264
-0.98698, 369, 209, 496, 272
-0.986997, 305, 1, 368, 333
-0.98705, 229, 273, 260, 333
-0.987135, 257, 145, 384, 208
-0.987154, 245, 193, 276, 320
-0.987188, 5, 129, 36, 192
-0.987196, 257, 65, 384, 128
-0.987241, 1, 25, 32, 88
-0.987256, 257, 273, 384, 333
-0.987276, 157, 25, 188, 88
-0.98729, 209, 161, 240, 224
-0.987315, 177, 1, 240, 333
-0.987386, 49, 49, 80, 176
-0.987405, 209, 113, 240, 240
-0.987406, 337, 241, 400, 304
-0.987484, 181, 129, 212, 192
-0.987504, 77, 265, 108, 328
-0.987531, 45, 209, 76, 333
-0.987545, 317, 209, 348, 333
-0.987553, 201, 161, 232, 288
-0.987563, 297, 81, 360, 144
-0.987598, 105, 273, 168, 333
-0.987669, 213, 161, 244, 288
-0.987711, 225, 137, 288, 200
-0.987721, 69, 41, 100, 104
-0.987742, 109, 265, 140, 328
-0.987747, 385, 113, 448, 240
-0.98778, 257, 153, 320, 216
-0.987922, 17, 57, 48, 120
-0.987939, 433, 209, 464, 333
-0.988028, 433, 121, 496, 184
-0.98812, 445, 209, 476, 333
-0.988158, 145, 121, 176, 184
-0.988172, 209, 49, 240, 176
-0.988227, 329, 1, 392, 333
-0.988248, 65, 49, 96, 176
-0.98825, 225, 97, 352, 160
-0.988259, 241, 9, 272, 72
-0.988284, 113, 145, 144, 272
-0.988307, 425, 1, 488, 333
-0.988381, 457, 209, 488, 333
-0.988396, 345, 17, 376, 80
-0.988414, 185, 81, 216, 144
-0.988465, 189, 57, 220, 120
-0.988502, 25, 33, 56, 96
-0.988517, 305, 129, 432, 192
-0.988543, 221, 161, 252, 224
-0.988552, 89, 105, 152, 168
-0.988574, 289, 225, 352, 288
-0.988686, 361, 1, 424, 333
-0.98878, 193, 209, 224, 333
-0.988802, 153, 153, 184, 216
-0.988831, 353, 81, 416, 208
-0.988847, 129, 81, 256, 144
-0.98887, 281, 193, 312, 320
-0.988873, 121, 201, 152, 264
-0.988937, 369, 1, 496, 64
-0.988984, 1, 209, 32, 333
-0.988986, 197, 113, 228, 240
-0.989019, 417, 209, 448, 333
-0.989035, 121, 257, 152, 320
-0.989086, 9, 101, 72, 132
-0.989119, 5, 129, 36, 256
-0.989155, 17, 113, 80, 144
-0.989174, 21, 153, 52, 216
-0.989232, 257, 217, 384, 280
-0.989249, 225, 161, 256, 288
-0.989252, 297, 169, 328, 232
-0.989265, 281, 1, 344, 333
-0.989275, 305, 161, 368, 192
-0.989289, 309, 273, 340, 333
-0.989314, 197, 105, 228, 168
-0.989386, 353, 153, 480, 216
-0.98939, 337, 81, 368, 208
-0.989407, 13, 105, 44, 168
-0.989489, 205, 209, 236, 333
-0.989504, 177, 241, 304, 304
-0.989527, 117, 1, 148, 64
-0.989548, 109, 137, 140, 200
-0.989636, 209, 1, 272, 333
-0.989719, 161, 177, 224, 208
-0.989722, 1, 89, 64, 120
-0.989737, 469, 121, 500, 184
-0.989744, 33, 9, 64, 72
-0.989764, 333, 1, 364, 128
-0.989772, 385, 297, 448, 328
-0.989773, 305, 97, 336, 224
-0.989804, 109, 241, 140, 304
-0.989822, 417, 261, 480, 292
-0.989862, 225, 281, 288, 312
-0.989864, 257, 293, 320, 324
-0.989865, 25, 125, 88, 156
-0.98989, 253, 1, 284, 128
-0.989895, 65, 13, 128, 44
-0.989899, 229, 209, 260, 333
-0.989954, 137, 125, 200, 156
-0.989998, 345, 209, 376, 333
-0.989999, 1, 129, 256, 192
-0.990016, 333, 209, 364, 333
-0.990017, 81, 245, 144, 276
-0.990043, 373, 17, 404, 144
-0.990061, 241, 193, 368, 256
-0.99007, 417, 1, 448, 128
-0.99008, 409, 289, 440, 320
-0.990107, 405, 209, 436, 333
-0.990129, 49, 157, 112, 188
-0.990223, 161, 41, 224, 72
-0.990235, 113, 81, 144, 208
-0.990272, 97, 205, 160, 236
-0.990295, 361, 237, 424, 268
-0.990319, 161, 161, 416, 224
-0.990327, 285, 113, 316, 240
-0.990327, 57, 189, 120, 220
-0.990328, 129, 13, 192, 44
-0.99033, 425, 33, 488, 160
-0.990346, 125, 65, 156, 192
-0.990369, 97, 225, 160, 256
-0.990401, 177, 13, 240, 44
-0.990402, 169, 109, 232, 140
-0.990441, 281, 293, 344, 324
-0.99045, 17, 137, 80, 168
-0.990458, 45, 109, 76, 140
-0.990463, 113, 49, 176, 80
-0.990474, 89, 81, 120, 208
-0.990479, 57, 177, 120, 208
-0.99048, 17, 13, 80, 44
-0.990491, 33, 25, 288, 88
-0.990491, 33, 185, 288, 248
-0.990494, 33, 1, 96, 32
-0.990505, 433, 161, 496, 288
-0.990505, 137, 217, 200, 248
-0.990554, 113, 253, 176, 284
-0.990593, 177, 57, 304, 120
-0.990595, 113, 177, 176, 208
-0.990598, 137, 157, 200, 188
-0.990598, 361, 301, 424, 332
-0.990609, 409, 297, 472, 328
-0.990632, 209, 17, 272, 48
-0.990654, 145, 77, 208, 108
-0.990666, 329, 189, 392, 220
-0.99068, 1, 73, 64, 104
-0.990694, 161, 29, 224, 60
-0.990696, 257, 273, 500, 333
-0.990702, 17, 297, 80, 328
-0.990712, 73, 41, 136, 72
-0.990738, 169, 121, 232, 152
-0.990766, 257, 1, 320, 333
-0.990767, 137, 105, 200, 136
-0.990776, 25, 149, 88, 180
-0.990812, 89, 173, 152, 204
-0.990819, 361, 1, 392, 128
-0.990828, 337, 185, 464, 248
-0.99083, 201, 273, 264, 304
-0.990835, 361, 37, 424, 68
-0.990837, 89, 261, 152, 292
-0.990838, 57, 201, 120, 232
-0.990846, 401, 285, 464, 316
-0.990858, 77, 65, 108, 192
-0.990859, 25, 185, 88, 216
-0.990873, 225, 49, 256, 176
-0.99088, 361, 289, 424, 320
-0.990885, 401, 69, 464, 100
-0.990905, 169, 165, 232, 196
-0.990907, 345, 209, 408, 240
-0.990922, 57, 1, 120, 32
-0.99093, 377, 257, 440, 288
-0.990938, 33, 1, 288, 64
-0.990953, 321, 33, 352, 160
-0.990958, 337, 33, 400, 64
-0.990961, 137, 25, 200, 56
-0.990997, 41, 17, 104, 48
-0.991004, 273, 1, 400, 64
-0.99101, 321, 301, 384, 332
-0.991027, 137, 197, 200, 228
-0.991045, 121, 85, 184, 116
-0.991053, 169, 53, 232, 84
-0.991076, 89, 1, 152, 32
-0.991086, 89, 129, 120, 256
-0.991095, 1, 125, 64, 156
-0.991105, 145, 1, 208, 32
-0.991107, 17, 253, 80, 284
-0.991112, 329, 289, 392, 320
-0.991117, 177, 153, 240, 184
-0.991128, 17, 281, 80, 312
-0.991166, 233, 201, 296, 232
-0.991171, 1, 17, 500, 80
-0.991212, 385, 57, 448, 88
-0.991229, 113, 189, 176, 220
-0.991239, 129, 137, 192, 168
-0.991243, 1, 97, 256, 160
-0.991249, 113, 1, 176, 32
-0.99127, 137, 181, 200, 212
-0.991273, 417, 85, 480, 116
-0.991291, 33, 201, 96, 232
-0.991295, 425, 97, 488, 128
-0.991317, 1, 257, 256, 320
-0.99132, 129, 61, 192, 92
-0.991331, 57, 261, 120, 292
-0.991343, 121, 233, 184, 264
-0.99136, 433, 109, 496, 140
-0.99137, 321, 177, 384, 208
-0.991388, 97, 37, 160, 68
-0.991395, 261, 145, 292, 272
-0.991399, 81, 25, 144, 56
-0.991406, 401, 249, 464, 280
-0.991409, 305, 289, 368, 320
-0.991424, 101, 97, 132, 224
-0.991433, 169, 133, 232, 164
-0.991447, 25, 57, 88, 88
-0.991467, 137, 49, 200, 80
-0.991482, 37, 97, 68, 128
-0.991483, 25, 73, 88, 104
-0.991496, 257, 281, 320, 312
-0.991499, 273, 249, 400, 312
-0.991502, 121, 37, 184, 68
-0.99151, 1, 161, 64, 192
-0.991523, 17, 173, 80, 204
-0.991527, 97, 137, 352, 200
-0.991532, 105, 161, 168, 192
-0.991536, 237, 129, 268, 256
-0.991551, 153, 65, 216, 96
-0.991554, 377, 269, 440, 300
-0.99156, 193, 33, 256, 64
-0.991561, 101, 145, 132, 272
-0.991564, 81, 193, 144, 224
-0.99158, 353, 225, 416, 256
-0.991589, 57, 237, 120, 268
-0.991591, 265, 189, 328, 220
-0.991624, 1, 149, 64, 180
-0.991631, 153, 13, 216, 44
-0.991641, 73, 213, 136, 244
-0.991641, 17, 269, 80, 300
-0.991655, 289, 277, 352, 308
-0.991665, 73, 161, 136, 192
-0.991679, 161, 9, 416, 72
-0.991682, 433, 289, 496, 320
-0.991688, 161, 65, 192, 96
-0.991696, 1, 221, 64, 252
-0.991698, 217, 301, 280, 332
-0.991721, 49, 141, 112, 172
-0.991729, 1, 161, 256, 224
-0.991748, 81, 169, 112, 200
-0.991771, 9, 25, 72, 56
-0.991771, 137, 245, 200, 276
-0.991772, 161, 189, 224, 220
-0.991806, 165, 101, 196, 132
-0.991808, 329, 261, 392, 292
-0.991814, 33, 209, 288, 272
-0.991817, 105, 141, 168, 172
-0.99182, 169, 77, 232, 108
-0.991824, 169, 93, 232, 124
-0.99184, 113, 25, 176, 56
-0.991865, 289, 149, 352, 180
-0.99188, 193, 1, 256, 32
-0.991883, 41, 113, 104, 144
-0.991893, 97, 13, 160, 44
-0.991901, 25, 161, 88, 192
-0.991903, 385, 25, 448, 56
-0.991907, 65, 53, 128, 84
-0.991914, 333, 161, 364, 192
-0.991944, 225, 33, 480, 96
-0.991951, 133, 197, 164, 228
-0.991984, 9, 89, 40, 120
-0.992017, 421, 261, 452, 292
-0.992028, 13, 177, 44, 304
-0.992066, 141, 45, 172, 76
-0.992079, 21, 109, 52, 140
-0.992086, 57, 149, 88, 180
-0.992092, 53, 121, 84, 152
-0.992097, 81, 1, 112, 32
-0.992115, 257, 217, 500, 280
-0.99213, 1, 77, 32, 108
-0.992131, 21, 89, 52, 120
-0.992141, 265, 1, 296, 128
-0.99216, 49, 137, 80, 168
-0.992163, 177, 173, 208, 204
-0.992173, 65, 201, 96, 232
-0.992175, 421, 61, 452, 92
-0.992272, 33, 49, 288, 112
-0.992296, 61, 161, 92, 192
-0.992326, 397, 161, 428, 288
-0.992332, 425, 265, 440, 328
-0.99234, 321, 157, 352, 188
-0.992376, 173, 77, 204, 108
-0.992376, 177, 105, 208, 136
-0.992393, 73, 157, 104, 188
-0.99243, 13, 77, 44, 108
-0.992432, 369, 105, 496, 168
-0.992443, 421, 293, 452, 324
-0.992454, 293, 1, 324, 128
-0.99246, 61, 133, 92, 164
-0.99252, 277, 1, 308, 128
-0.992545, 133, 209, 164, 240
-0.992559, 41, 125, 72, 156
-0.992575, 125, 41, 156, 72
-0.992589, 33, 113, 64, 144
-0.992638, 149, 33, 180, 64
-0.992674, 257, 57, 500, 120
-0.99268, 1, 217, 500, 280
-0.992682, 13, 13, 44, 44
-0.992702, 245, 285, 276, 316
-0.992703, 1, 153, 500, 216
-0.992724, 417, 265, 432, 328
-0.992724, 85, 237, 116, 268
-0.992739, 49, 181, 80, 212
-0.992742, 193, 185, 448, 248
-0.992745, 309, 293, 340, 324
-0.992747, 69, 173, 100, 204
-0.992748, 409, 53, 440, 84
-0.992748, 29, 13, 60, 44
-0.99276, 265, 293, 296, 324
-0.992768, 89, 193, 120, 224
-0.992778, 225, 249, 480, 312
-0.992784, 385, 145, 416, 272
-0.992809, 9, 277, 40, 308
-0.992834, 1, 265, 500, 328
-0.992839, 113, 201, 144, 232
-0.99285, 161, 117, 192, 148
-0.992863, 349, 177, 380, 208
-0.992871, 129, 97, 384, 160
-0.992887, 89, 181, 120, 212
-0.992897, 353, 113, 384, 240
-0.992908, 437, 17, 468, 144
-0.992918, 29, 125, 60, 156
-0.992924, 433, 69, 464, 100
-0.992948, 305, 209, 336, 333
-0.992949, 469, 237, 500, 268
-0.992973, 185, 117, 216, 148
-0.993, 37, 141, 68, 172
-0.993006, 97, 17, 128, 48
-0.993038, 445, 81, 476, 112
-0.993065, 125, 229, 156, 260
-0.993066, 1, 233, 256, 296
-0.993077, 233, 277, 264, 308
-0.993079, 233, 1, 296, 333
-0.993084, 361, 189, 392, 220
-0.993101, 25, 25, 56, 56
-0.993114, 397, 45, 428, 76
-0.993126, 401, 257, 432, 288
-0.993135, 9, 133, 40, 164
-0.993136, 305, 81, 432, 144
-0.99315, 17, 65, 48, 96
-0.993161, 97, 1, 112, 64
-0.993178, 37, 161, 68, 192
-0.993189, 129, 33, 384, 96
-0.993201, 313, 125, 344, 156
-0.993212, 341, 293, 372, 324
-0.993238, 185, 17, 216, 48
-0.993251, 185, 157, 216, 188
-0.993262, 469, 161, 500, 288
-0.993271, 433, 261, 464, 292
-0.993279, 61, 1, 92, 32
-0.993284, 149, 125, 180, 156
-0.993297, 153, 189, 184, 220
-0.993302, 309, 1, 340, 128
-0.993307, 385, 229, 416, 260
-0.993307, 401, 301, 432, 332
-0.993308, 1, 117, 32, 148
-0.993333, 69, 13, 100, 44
-0.993336, 129, 161, 160, 192
-0.993353, 453, 93, 484, 124
-0.993359, 165, 177, 196, 208
-0.993366, 149, 201, 180, 232
-0.993368, 181, 37, 212, 68
-0.993386, 377, 213, 408, 244
-0.993394, 149, 57, 180, 88
-0.9934, 157, 85, 188, 116
-0.993414, 457, 253, 488, 284
-0.993416, 1, 257, 128, 288
-0.993423, 17, 149, 48, 180
-0.993441, 73, 185, 104, 216
-0.993442, 101, 197, 132, 228
-0.993477, 401, 273, 432, 304
-0.993504, 69, 241, 100, 272
-0.993544, 169, 153, 200, 184
-0.993573, 125, 257, 156, 288
-0.993583, 229, 17, 260, 48
-0.993584, 141, 185, 172, 216
-0.993586, 145, 77, 176, 108
-0.993601, 149, 9, 180, 40
-0.993617, 133, 173, 164, 204
-0.993627, 181, 129, 212, 160
-0.99365, 469, 117, 500, 148
-0.993654, 397, 245, 428, 276
-0.993658, 169, 41, 200, 72
-0.993659, 145, 213, 176, 244
-0.993664, 25, 297, 56, 328
-0.993679, 69, 213, 100, 244
-0.99369, 261, 201, 292, 232
-0.993691, 1, 41, 500, 104
-0.993714, 175, 105, 190, 168
-0.993729, 109, 169, 140, 200
-0.993756, 25, 77, 56, 108
-0.993776, 129, 141, 160, 172
-0.993818, 201, 33, 232, 64
-0.99382, 309, 157, 340, 188
-0.993824, 23, 57, 38, 120
-0.993827, 137, 1, 168, 32
-0.993857, 385, 41, 416, 72
-0.993858, 309, 49, 340, 176
-0.993861, 217, 21, 248, 52
-0.993865, 1, 185, 500, 248
-0.993867, 289, 289, 320, 320
-0.993873, 5, 65, 36, 96
-0.993885, 461, 105, 492, 136
-0.993927, 125, 65, 156, 96
-0.993928, 225, 169, 352, 232
-0.99393, 189, 145, 220, 176
-0.993938, 93, 165, 124, 196
-0.993955, 109, 265, 140, 296
-0.993967, 129, 129, 160, 160
-0.993979, 29, 285, 60, 316
-0.993991, 57, 109, 88, 140
-0.993995, 21, 137, 52, 168
-0.993998, 183, 145, 198, 208
-0.994025, 205, 141, 236, 172
-0.994031, 1, 245, 32, 276
-0.994032, 369, 201, 400, 232
-0.994034, 205, 201, 236, 232
-0.994034, 93, 5, 124, 36
-0.994036, 25, 1, 40, 64
-0.994079, 113, 193, 240, 224
-0.994083, 329, 145, 344, 208
-0.994106, 457, 33, 488, 160
-0.994112, 11, 105, 26, 168
-0.994158, 1, 129, 500, 192
-0.994159, 97, 273, 352, 333
-0.994177, 183, 73, 198, 136
-0.99421, 129, 65, 384, 128
-0.994216, 185, 113, 200, 176
-0.994237, 57, 113, 72, 176
-0.994246, 49, 173, 176, 204
-0.9943, 369, 129, 400, 256
-0.994304, 145, 117, 272, 148
-0.994396, 237, 49, 268, 176
-0.994431, 19, 121, 34, 184
-0.994455, 249, 145, 280, 272
-0.994462, 1, 73, 256, 136
-0.994468, 23, 81, 38, 144
-0.994476, 273, 97, 304, 224
-0.994521, 29, 73, 44, 136
-0.994527, 49, 185, 176, 216
-0.994573, 431, 265, 446, 328
-0.994582, 97, 177, 224, 208
-0.994617, 411, 249, 426, 312
-0.994642, 37, 105, 52, 168
-0.994642, 393, 49, 424, 176
-0.99466, 257, 161, 500, 224
-0.994663, 97, 233, 352, 296
-0.994666, 215, 25, 230, 88
-0.994672, 257, 81, 500, 144
-0.994695, 321, 257, 448, 288
-0.994704, 409, 97, 472, 224
-0.994711, 451, 265, 466, 328
-0.994718, 369, 33, 496, 96
-0.994731, 161, 209, 416, 272
-0.994735, 49, 201, 176, 232
-0.994745, 19, 33, 34, 96
-0.994756, 65, 41, 192, 72
-0.994786, 23, 273, 38, 333
-0.994788, 1, 9, 128, 40
-0.994789, 241, 293, 368, 324
-0.9948, 5, 97, 20, 160
-0.99483, 463, 249, 478, 312
-0.994863, 147, 193, 162, 256
-0.994907, 17, 73, 32, 136
-0.994918, 43, 113, 58, 176
-0.994922, 57, 169, 72, 232
-0.994948, 305, 37, 432, 68
-0.994973, 305, 233, 432, 264
-0.994987, 113, 29, 240, 60
-0.995006, 113, 13, 240, 44
-0.995016, 49, 213, 176, 244
-0.995044, 31, 97, 46, 160
-0.995045, 369, 249, 496, 280
-0.99508, 363, 177, 378, 240
-0.995093, 1, 241, 500, 304
-0.995111, 51, 105, 66, 168
-0.99515, 305, 301, 432, 332
-0.995226, 65, 9, 192, 40
-0.995229, 297, 49, 328, 176
-0.99525, 113, 129, 240, 160
-0.995279, 33, 9, 48, 72
-0.995298, 175, 177, 190, 240
-0.995299, 47, 145, 62, 208
-0.995313, 273, 181, 400, 212
-0.99535, 33, 161, 160, 192
-0.995353, 65, 253, 192, 284
-0.99537, 33, 141, 160, 172
-0.995378, 153, 1, 168, 64
-0.995402, 439, 65, 454, 128
-0.995426, 349, 161, 364, 224
-0.995426, 177, 281, 304, 312
-0.995427, 225, 17, 240, 80
-0.99543, 97, 165, 224, 196
-0.995434, 113, 45, 240, 76
-0.995445, 161, 209, 192, 333
-0.995451, 161, 1, 176, 64
-0.995466, 103, 1, 118, 64
-0.995482, 177, 129, 192, 192
-0.995489, 153, 209, 168, 272
-0.995497, 459, 81, 474, 144
-0.99551, 65, 185, 80, 248
-0.99553, 289, 105, 416, 168
-0.995539, 335, 153, 350, 216
-0.995547, 473, 97, 488, 160
-0.995552, 27, 137, 42, 200
-0.995553, 145, 105, 272, 136
-0.995563, 65, 21, 192, 52
-0.995568, 153, 65, 184, 320
-0.99558, 321, 49, 448, 80
-0.995585, 169, 89, 184, 152
-0.995596, 457, 265, 472, 328
-0.995605, 113, 245, 240, 276
-0.995608, 401, 233, 416, 296
-0.995614, 1, 113, 128, 144
-0.99562, 323, 145, 338, 208
-0.995621, 385, 209, 400, 272
-0.995665, 337, 289, 464, 320
-0.995695, 145, 141, 272, 172
-0.995701, 369, 261, 496, 292
-0.995708, 193, 121, 448, 184
-0.995713, 445, 265, 460, 328
-0.99573, 305, 221, 432, 252
-0.99574, 325, 121, 340, 184
-0.995744, 481, 233, 496, 296
-0.995744, 137, 49, 152, 112
-0.995747, 451, 73, 466, 136
-0.995747, 45, 65, 76, 320
-0.995755, 467, 89, 482, 152
-0.995755, 373, 185, 388, 248
-0.995764, 97, 153, 224, 184
-0.995783, 207, 33, 222, 96
-0.995791, 273, 145, 304, 272
-0.995795, 1, 65, 500, 128
-0.995808, 1, 245, 128, 276
-0.99582, 65, 265, 192, 296
-0.995826, 185, 17, 200, 80
-0.995845, 97, 105, 224, 136
-0.995847, 83, 249, 98, 312
-0.995855, 437, 257, 452, 320
-0.99586, 479, 105, 494, 168
-0.995861, 63, 113, 78, 176
-0.995871, 49, 229, 176, 260
-0.995895, 147, 217, 162, 280
-0.995898, 113, 225, 240, 256
-0.995915, 293, 193, 324, 320
-0.995923, 257, 1, 500, 64
-0.995943, 469, 241, 484, 304
-0.995954, 431, 57, 446, 120
-0.995957, 273, 161, 400, 192
-0.995967, 177, 17, 304, 48
-0.995967, 61, 145, 76, 208
-0.995968, 1, 269, 128, 300
-0.99597, 1, 85, 128, 116
-0.995987, 97, 141, 224, 172
-0.996004, 25, 25, 40, 88
-0.99601, 143, 49, 158, 112
-0.996021, 369, 237, 496, 268
-0.996022, 165, 33, 196, 288
-0.996039, 305, 209, 432, 240
-0.99604, 337, 61, 464, 92
-0.996048, 65, 129, 192, 160
-0.996059, 163, 185, 178, 248
-0.996079, 445, 65, 460, 128
-0.996112, 1, 225, 128, 256
-0.99612, 69, 121, 84, 184
-0.996124, 145, 181, 272, 212
-0.996134, 145, 1, 272, 32
-0.996154, 37, 81, 52, 144
-0.996188, 89, 233, 104, 296
-0.99619, 177, 73, 192, 136
-0.996191, 177, 65, 208, 320
-0.996203, 1, 281, 128, 312
-0.996213, 379, 193, 394, 256
-0.996214, 13, 1, 44, 256
-0.996233, 161, 29, 288, 60
-0.996237, 355, 169, 370, 232
-0.996246, 69, 161, 84, 224
-0.99626, 185, 169, 200, 232
-0.996274, 321, 245, 448, 276
-0.996284, 461, 65, 492, 320
-0.996295, 33, 145, 48, 208
-0.996304, 485, 113, 500, 176
-0.996321, 91, 161, 106, 224
-0.996339, 201, 33, 216, 96
-0.99636, 369, 89, 496, 120
-0.996371, 369, 225, 496, 256
-0.996381, 133, 1, 164, 256
-0.996394, 145, 169, 272, 200
-0.996437, 395, 217, 410, 280
-0.996439, 135, 1, 150, 64
-0.996454, 145, 9, 160, 72
-0.996458, 1, 293, 128, 324
-0.996468, 95, 25, 110, 88
-0.99647, 11, 65, 26, 128
-0.996481, 145, 73, 272, 104
-0.996495, 1, 105, 500, 168
-0.996501, 151, 89, 166, 152
-0.996508, 1, 21, 128, 52
-0.996537, 65, 241, 192, 272
-0.996539, 77, 241, 92, 304
-0.996543, 305, 277, 432, 308
-0.996543, 105, 1, 136, 256
-0.996549, 113, 257, 240, 288
-0.996566, 103, 177, 118, 240
-0.996566, 353, 301, 480, 332
-0.996609, 1, 129, 128, 160
-0.996625, 43, 89, 58, 152
-0.996642, 1, 185, 128, 216
-0.996657, 51, 169, 66, 232
-0.996681, 163, 49, 178, 112
-0.996682, 205, 1, 236, 256
-0.996685, 177, 205, 304, 236
-0.996687, 225, 153, 352, 184
-0.996694, 109, 9, 124, 72
-0.996709, 17, 41, 144, 72
-0.996726, 145, 157, 272, 188
-0.996726, 113, 205, 240, 236
-0.99673, 475, 233, 490, 296
-0.996739, 225, 281, 352, 312
-0.996739, 223, 201, 238, 264
-0.99674, 353, 73, 480, 104
-0.996759, 85, 161, 100, 224
-0.996763, 421, 49, 436, 112
-0.99677, 131, 33, 146, 96
-0.996775, 159, 25, 174, 88
-0.996795, 239, 273, 254, 333
-0.996797, 193, 181, 320, 212
-0.996799, 289, 197, 416, 228
-0.996817, 169, 177, 184, 240
-0.996837, 17, 97, 144, 128
-0.996839, 97, 77, 224, 108
-0.996854, 155, 185, 170, 248
-0.996871, 65, 61, 192, 92
-0.996876, 3, 233, 18, 296
-0.996881, 341, 1, 372, 256
-0.996896, 81, 93, 208, 124
-0.996938, 119, 257, 134, 320
-0.996943, 33, 1, 64, 256
-0.996946, 161, 129, 288, 160
-0.996954, 117, 1, 148, 256
-0.997019, 321, 25, 448, 56
-0.997033, 129, 57, 256, 88
-0.997037, 433, 33, 464, 288
-0.997039, 97, 117, 224, 148
-0.997043, 1, 33, 32, 288
-0.997054, 177, 193, 304, 224
-0.997062, 231, 17, 246, 80
-0.997079, 161, 45, 288, 76
-0.997082, 195, 9, 210, 72
-0.997086, 109, 185, 124, 248
-0.997088, 189, 1, 220, 256
-0.997089, 95, 241, 110, 304
-0.997102, 445, 33, 476, 288
-0.997103, 1, 205, 128, 236
-0.997109, 145, 269, 272, 300
-0.99712, 341, 265, 356, 328
-0.997144, 91, 265, 106, 328
-0.997155, 153, 33, 168, 96
-0.997165, 17, 73, 144, 104
-0.997177, 101, 25, 116, 88
-0.997204, 1, 173, 128, 204
-0.997226, 225, 265, 352, 296
-0.997229, 147, 129, 162, 192
-0.997238, 91, 1, 106, 64
-0.997245, 65, 277, 192, 308
-0.997258, 405, 33, 436, 288
-0.997269, 143, 169, 158, 232
-0.997276, 405, 41, 420, 104
-0.997281, 229, 1, 260, 256
-0.997286, 369, 25, 496, 56
-0.997299, 331, 121, 346, 184
-0.997313, 343, 161, 358, 224
-0.997313, 193, 5, 320, 36
-0.997318, 393, 1, 424, 256
-0.997335, 49, 113, 176, 144
-0.997339, 169, 57, 184, 120
-0.997353, 97, 169, 112, 232
-0.997378, 193, 293, 320, 324
-0.997392, 209, 105, 336, 136
-0.997395, 411, 273, 426, 333
-0.997402, 313, 161, 328, 224
-0.997404, 325, 65, 356, 320
-0.997405, 257, 221, 384, 252
-0.997406, 267, 273, 282, 333
-0.997417, 289, 289, 416, 320
-0.997428, 81, 65, 112, 320
-0.997437, 13, 1, 28, 64
-0.99747, 193, 137, 208, 200
-0.997478, 217, 1, 248, 256
-0.997483, 123, 137, 138, 200
-0.997499, 209, 117, 336, 148
-0.997523, 369, 213, 496, 244
-0.997616, 1, 53, 128, 84
-0.997617, 145, 301, 272, 332
-0.997633, 177, 89, 304, 120
-0.997662, 415, 277, 430, 308
-0.997677, 321, 13, 448, 44
-0.997697, 423, 289, 438, 320
-0.997705, 65, 1, 96, 256
-0.99771, 37, 93, 52, 124
-0.997718, 177, 101, 192, 132
-0.997737, 225, 205, 352, 236
-0.997749, 177, 245, 304, 276
-0.997755, 31, 85, 46, 116
-0.997762, 43, 101, 58, 132
-0.997765, 429, 293, 444, 324
-0.99777, 187, 105, 202, 136
-0.997772, 225, 141, 352, 172
-0.997776, 425, 265, 440, 296
-0.997778, 25, 73, 40, 104
-0.997786, 27, 9, 42, 40
-0.997788, 93, 169, 108, 200
-0.997793, 389, 213, 404, 244
-0.997794, 47, 153, 62, 184
-0.997795, 145, 213, 160, 244
-0.997797, 89, 233, 104, 264
-0.997798, 409, 245, 424, 276
-0.997798, 65, 185, 80, 216
-0.9978, 325, 125, 340, 156
-0.9978, 363, 177, 378, 208
-0.9978, 373, 189, 388, 220
-0.997808, 351, 165, 366, 196
-0.997813, 461, 85, 476, 116
-0.997819, 241, 41, 368, 72
-0.997819, 85, 157, 100, 188
-0.99782, 465, 249, 480, 280
-0.997821, 55, 105, 70, 136
-0.997823, 21, 61, 36, 92
-0.997827, 183, 117, 198, 148
-0.997827, 99, 173, 114, 204
-0.997827, 23, 277, 38, 308
-0.997832, 19, 129, 34, 160
-0.997834, 79, 245, 94, 276
-0.997834, 177, 73, 192, 104
-0.997835, 421, 33, 452, 288
-0.997843, 101, 9, 116, 40
-0.997844, 21, 21, 36, 52
-0.997846, 13, 117, 28, 148
-0.997851, 183, 77, 198, 108
-0.997851, 187, 173, 202, 204
-0.997852, 175, 177, 190, 208
-0.997856, 423, 57, 438, 88
-0.997857, 61, 113, 76, 144
-0.997859, 69, 125, 84, 156
-0.997859, 481, 233, 496, 264
-0.997861, 467, 93, 482, 124
-0.997863, 151, 213, 166, 244
-0.997863, 139, 41, 154, 72
-0.997866, 25, 137, 40, 168
-0.997867, 7, 105, 22, 136
-0.997867, 257, 73, 384, 104
-0.997868, 431, 61, 446, 92
-0.997868, 59, 173, 74, 204
-0.99787, 65, 201, 80, 232
-0.997871, 27, 25, 42, 56
-0.997871, 145, 301, 160, 332
-0.997873, 171, 97, 186, 128
-0.997874, 437, 65, 452, 96
-0.997875, 343, 161, 358, 192
-0.997875, 407, 301, 422, 332
-0.997876, 435, 301, 450, 332
-0.997878, 455, 77, 470, 108
-0.997879, 93, 65, 124, 320
-0.99788, 401, 229, 416, 260
-0.99788, 473, 101, 488, 132
-0.99788, 447, 73, 462, 104
-0.99788, 161, 193, 176, 224
-0.997882, 61, 141, 76, 172
-0.997882, 193, 105, 208, 136
-0.997882, 329, 145, 344, 176
-0.997883, 417, 53, 432, 84
-0.997883, 261, 285, 276, 316
-0.997884, 331, 301, 346, 332
-0.997885, 475, 237, 490, 268
-0.997885, 77, 1, 92, 32
-0.997886, 273, 25, 400, 56
-0.997886, 479, 109, 494, 140
-0.997887, 171, 65, 186, 96
-0.997888, 151, 125, 166, 156
-0.99789, 175, 133, 190, 164
-0.99789, 149, 41, 164, 72
-0.997896, 419, 265, 434, 296
-0.997898, 47, 113, 62, 144
-0.997898, 383, 205, 398, 236
-0.9979, 241, 277, 256, 308
-0.997901, 331, 157, 346, 188
-0.997901, 485, 121, 500, 152
-0.997902, 41, 145, 56, 176
-0.997902, 325, 293, 340, 324
-0.997903, 413, 257, 428, 288
-0.997903, 219, 197, 234, 228
-0.997906, 53, 161, 68, 192
-0.997906, 323, 153, 338, 184
-0.997906, 153, 73, 168, 104
-0.997908, 205, 41, 220, 72
-0.99791, 31, 149, 46, 180
-0.99791, 175, 117, 190, 148
-0.997911, 135, 161, 150, 192
-0.997911, 411, 49, 426, 80
-0.997912, 433, 261, 448, 292
-0.997913, 483, 221, 498, 252
-0.997913, 151, 197, 166, 228
-0.997914, 79, 13, 94, 44
-0.997915, 269, 293, 284, 324
-0.997916, 177, 57, 304, 88
-0.997916, 155, 1, 170, 32
-0.997917, 53, 121, 68, 152
-0.997917, 183, 157, 198, 188
-0.997918, 145, 133, 160, 164
-0.997918, 95, 1, 110, 32
-0.997918, 211, 33, 226, 64
-0.997919, 181, 173, 196, 204
-0.997919, 357, 169, 372, 200
-0.997919, 149, 225, 164, 256
-0.99792, 15, 81, 30, 112
-0.99792, 157, 53, 172, 84
-0.99792, 71, 193, 86, 224
-0.997922, 79, 149, 94, 180
-0.997925, 439, 261, 454, 292
-0.997925, 225, 233, 352, 264
-0.997926, 113, 197, 128, 228
-0.997927, 83, 213, 98, 244
-0.997928, 33, 13, 48, 44
-0.997928, 79, 165, 94, 196
-0.997928, 161, 33, 176, 64
-0.997929, 415, 289, 430, 320
-0.99793, 87, 169, 102, 200
-0.997933, 1, 93, 16, 124
-0.997935, 55, 141, 70, 172
-0.997935, 263, 301, 278, 332
-0.997936, 337, 157, 352, 188
-0.997936, 141, 57, 156, 88
-0.997937, 191, 161, 206, 192
-0.997937, 169, 185, 184, 216
-0.997938, 447, 261, 462, 292
-0.99794, 217, 25, 232, 56
-0.997941, 67, 153, 82, 184
-0.997951, 369, 101, 496, 132
-0.997968, 257, 245, 384, 276
-0.997989, 249, 49, 312, 176
-0.997993, 225, 17, 352, 48
-0.997996, 225, 193, 352, 224
-0.99801, 353, 193, 480, 224
-0.998029, 293, 1, 324, 256
-0.998043, 193, 169, 320, 200
-0.998044, 313, 33, 344, 288
-0.998055, 113, 273, 240, 333
-0.998078, 321, 1, 448, 32
-0.998092, 49, 301, 176, 332
-0.998102, 25, 125, 56, 140
-0.998103, 113, 173, 144, 188
-0.998104, 225, 129, 352, 160
-0.998106, 469, 239, 500, 254
-0.998106, 117, 207, 148, 222
-0.998109, 345, 33, 376, 48
-0.99811, 49, 193, 80, 208
-0.998111, 357, 191, 388, 206
-0.998111, 65, 175, 96, 190
-0.998112, 41, 131, 72, 146
-0.998116, 129, 145, 160, 160
-0.998122, 177, 85, 208, 100
-0.998122, 149, 179, 180, 194
-0.998125, 85, 247, 116, 262
-0.998126, 73, 187, 104, 202
-0.998127, 93, 267, 124, 282
-0.998128, 337, 169, 464, 200
-0.99813, 125, 247, 156, 262
-0.998133, 341, 173, 372, 188
-0.998134, 161, 233, 288, 264
-0.998134, 457, 101, 488, 116
-0.998136, 85, 185, 116, 200
-0.998139, 305, 145, 432, 176
-0.998149, 81, 21, 112, 36
-0.99815, 205, 133, 236, 148
-0.998151, 37, 125, 68, 140
-0.998152, 53, 153, 84, 168
-0.998156, 5, 131, 36, 146
-0.99817, 149, 83, 180, 98
-0.998171, 249, 285, 280, 300
-0.998172, 25, 29, 56, 44
-0.998172, 165, 191, 196, 206
-0.998177, 37, 15, 68, 30
-0.998178, 465, 249, 496, 264
-0.998179, 165, 115, 196, 130
-0.998182, 53, 159, 84, 174
-0.998184, 61, 17, 92, 32
-0.998184, 433, 75, 464, 90
-0.998187, 349, 183, 380, 198
-0.998189, 457, 259, 488, 274
-0.998194, 9, 139, 40, 154
-0.998197, 85, 177, 116, 192
-0.998202, 33, 119, 64, 134
-0.998203, 149, 209, 180, 224
-0.998211, 125, 257, 156, 272
-0.998217, 409, 299, 440, 314
-0.998219, 449, 91, 480, 106
-0.998221, 169, 121, 200, 136
-0.998221, 233, 17, 264, 32
-0.998227, 269, 293, 300, 308
-0.998237, 337, 167, 368, 182
-0.998238, 129, 93, 256, 124
-0.998238, 441, 81, 472, 96
-0.998239, 393, 247, 424, 262
-0.998239, 145, 193, 176, 208
-0.99824, 89, 15, 120, 30
-0.99824, 157, 67, 188, 82
-0.998242, 17, 73, 48, 88
-0.998244, 65, 141, 96, 156
-0.998258, 385, 233, 416, 248
-0.998264, 417, 61, 448, 76
-0.99827, 25, 301, 56, 316
-0.998275, 13, 15, 44, 30
-0.998276, 21, 87, 52, 102
-0.998278, 97, 21, 128, 36
-0.998287, 161, 199, 192, 214
-0.998292, 69, 181, 100, 196
-0.998298, 133, 221, 164, 236
-0.9983, 137, 5, 168, 20
-0.998303, 257, 85, 384, 116
-0.998305, 293, 305, 324, 320
-0.998312, 21, 117, 52, 132
-0.998312, 417, 265, 448, 280
-0.998314, 365, 37, 396, 52
-0.998314, 389, 45, 420, 60
-0.998317, 157, 45, 188, 60
-0.998319, 185, 155, 216, 170
-0.998325, 53, 125, 84, 140
-0.998329, 313, 301, 344, 316
-0.998348, 81, 7, 112, 22
-0.998349, 17, 111, 48, 126
-0.998354, 1, 79, 32, 94
-0.998356, 221, 21, 252, 36
-0.998363, 161, 103, 192, 118
-0.99837, 273, 125, 400, 156
-0.998379, 93, 167, 124, 182
-0.998381, 13, 281, 44, 296
-0.998382, 181, 133, 212, 148
-0.998384, 441, 265, 472, 280
-0.99839, 365, 205, 396, 220
-0.998396, 353, 1, 384, 256
-0.998399, 405, 55, 436, 70
-0.99841, 241, 1, 272, 256
-0.998419, 317, 159, 348, 174
-0.998429, 25, 23, 56, 38
-0.998432, 377, 41, 408, 56
-0.998432, 149, 37, 180, 52
-0.998442, 425, 67, 456, 82
-0.998442, 13, 105, 44, 120
-0.998465, 49, 119, 80, 134
-0.998471, 229, 279, 260, 294
-0.998478, 73, 161, 104, 176
-0.998481, 141, 53, 172, 68
-0.998484, 125, 45, 156, 60
-0.998487, 169, 79, 200, 94
-0.998487, 417, 265, 480, 280
-0.998489, 29, 101, 60, 116
-0.998499, 393, 301, 456, 316
-0.998502, 61, 209, 92, 224
-0.998505, 25, 17, 56, 32
-0.998507, 81, 239, 112, 254
-0.998509, 121, 317, 184, 332
-0.998512, 1, 103, 64, 118
-0.998513, 421, 303, 452, 318
-0.998514, 401, 295, 464, 310
-0.998522, 57, 15, 120, 30
-0.998524, 137, 125, 200, 140
-0.998525, 305, 163, 368, 178
-0.998527, 393, 307, 456, 322
-0.998528, 81, 257, 144, 272
-0.998528, 281, 1, 312, 256
-0.998528, 265, 291, 328, 306
-0.998531, 17, 115, 80, 130
-0.998539, 149, 127, 180, 142
-0.99854, 1, 89, 64, 104
-0.998541, 33, 15, 96, 30
-0.998541, 337, 35, 400, 50
-0.998543, 161, 181, 224, 196
-0.998543, 189, 115, 220, 130
-0.998546, 17, 129, 80, 144
-0.998547, 97, 175, 160, 190
-0.998547, 17, 137, 80, 152
-0.998549, 409, 287, 440, 302
-0.998551, 161, 33, 224, 48
-0.998551, 177, 19, 240, 34
-0.998552, 257, 301, 320, 316
-0.998552, 405, 261, 436, 276
-0.998553, 17, 21, 80, 36
-0.998555, 193, 277, 256, 292
-0.998555, 137, 149, 200, 164
-0.998556, 9, 109, 72, 124
-0.998557, 289, 305, 352, 320
-0.998557, 121, 183, 184, 198
-0.998558, 177, 115, 240, 130
-0.998558, 81, 251, 144, 266
-0.998559, 89, 207, 152, 222
-0.998559, 181, 113, 196, 240
-0.998559, 169, 25, 232, 40
-0.99856, 161, 73, 192, 88
-0.998561, 17, 123, 80, 138
-0.998561, 41, 159, 104, 174
-0.998561, 25, 149, 88, 164
-0.998562, 1, 97, 64, 112
-0.998565, 65, 21, 128, 36
-0.998566, 161, 187, 224, 202
-0.998567, 361, 241, 424, 256
-0.998567, 17, 297, 80, 312
-0.998568, 225, 285, 288, 300
-0.99857, 17, 307, 80, 322
-0.998572, 129, 137, 192, 152
-0.998573, 145, 83, 208, 98
-0.998573, 169, 175, 232, 190
-0.998574, 161, 121, 224, 136
-0.998574, 217, 19, 280, 34
-0.998576, 249, 307, 312, 322
-0.998576, 297, 295, 360, 310
-0.998576, 129, 131, 192, 146
-0.998576, 113, 259, 176, 274
-0.998577, 57, 205, 120, 220
-0.99858, 97, 231, 160, 246
-0.99858, 113, 51, 176, 66
-0.998582, 145, 175, 208, 190
-0.998582, 121, 177, 184, 192
-0.998582, 161, 39, 224, 54
-0.998583, 137, 13, 200, 28
-0.998583, 329, 193, 392, 208
-0.998584, 145, 167, 208, 182
-0.998584, 377, 261, 440, 276
-0.998584, 137, 19, 200, 34
-0.998584, 73, 41, 136, 56
-0.998584, 97, 11, 160, 26
-0.998585, 25, 95, 56, 110
-0.998585, 57, 181, 120, 196
-0.998585, 57, 199, 120, 214
-0.998586, 137, 223, 200, 238
-0.998587, 169, 127, 232, 142
-0.998587, 17, 143, 80, 158
-0.998587, 81, 263, 144, 278
-0.998587, 113, 265, 176, 280
-0.998587, 161, 51, 224, 66
-0.998588, 129, 201, 192, 216
-0.998588, 353, 305, 416, 320
-0.998589, 321, 301, 384, 316
-0.998589, 417, 303, 480, 318
-0.99859, 121, 251, 184, 266
-0.998591, 185, 13, 248, 28
-0.998591, 57, 187, 120, 202
-0.998592, 73, 169, 136, 184
-0.998592, 137, 33, 200, 48
-0.998593, 113, 195, 176, 210
-0.998593, 409, 255, 472, 270
-0.998593, 89, 269, 152, 284
-0.998593, 17, 291, 80, 306
-0.998593, 217, 279, 280, 294
-0.998594, 353, 215, 416, 230
-0.998594, 377, 269, 440, 284
-0.998594, 353, 41, 416, 56
-0.998594, 49, 171, 112, 186
-0.998594, 169, 135, 232, 150
-0.998594, 113, 207, 176, 222
-0.998595, 9, 15, 72, 30
-0.998595, 217, 303, 280, 318
-0.998596, 353, 311, 416, 326
-0.998596, 153, 193, 216, 208
-0.998596, 177, 115, 208, 130
-0.998596, 177, 169, 240, 184
-0.998598, 337, 205, 400, 220
-0.998598, 25, 197, 88, 212
-0.998598, 137, 105, 200, 120
-0.998599, 129, 61, 192, 76
-0.9986, 81, 245, 144, 260
-0.998601, 145, 217, 208, 232
-0.998602, 17, 27, 80, 42
-0.998602, 361, 291, 424, 306
-0.998602, 1, 85, 32, 100
-0.998602, 97, 181, 160, 196
-0.998602, 417, 89, 480, 104
-0.998602, 17, 269, 80, 284
-0.998603, 17, 313, 80, 328
-0.998604, 329, 311, 392, 326
-0.998604, 73, 47, 136, 62
-0.998604, 49, 165, 112, 180
-0.998605, 17, 257, 80, 272
-0.998605, 417, 289, 480, 304
-0.998605, 401, 73, 464, 88
-0.998605, 433, 111, 496, 126
-0.998606, 1, 83, 64, 98
-0.998606, 121, 189, 184, 204
-0.998606, 177, 161, 240, 176
-0.998606, 121, 85, 184, 100
-0.998607, 397, 253, 428, 268
-0.998607, 425, 97, 488, 112
-0.998607, 105, 215, 168, 230
-0.998607, 1, 249, 64, 264
-0.998608, 145, 77, 208, 92
-0.998608, 145, 111, 208, 126
-0.998608, 113, 225, 176, 240
-0.998608, 353, 229, 416, 244
-0.998608, 361, 299, 424, 314
-0.998608, 249, 313, 312, 328
-0.998608, 153, 45, 216, 60
-0.998608, 141, 199, 172, 214
-0.998623, 401, 307, 432, 322
-0.998634, 65, 203, 96, 218
-0.998643, 81, 171, 112, 186
-0.998651, 137, 47, 168, 62
-0.998669, 329, 161, 360, 176
-0.99867, 23, 33, 38, 160
-0.998672, 175, 97, 190, 224
-0.998681, 137, 215, 168, 230
-0.998683, 9, 99, 40, 114
-0.998695, 73, 15, 104, 30
-0.998701, 129, 175, 160, 190
-0.998702, 177, 109, 208, 124
-0.998729, 45, 113, 76, 128
-0.998733, 5, 93, 36, 108
-0.998735, 15, 49, 30, 176
-0.998755, 231, 1, 246, 128
-0.998783, 365, 33, 396, 288
-0.998783, 153, 1, 168, 128
-0.998784, 147, 177, 162, 304
-0.998824, 41, 97, 56, 224
-0.998827, 167, 177, 182, 304
-0.998847, 381, 1, 412, 256
-0.998849, 189, 1, 204, 128
-0.998868, 25, 81, 40, 208
-0.998873, 183, 65, 198, 192
-0.998884, 63, 97, 78, 224
-0.998904, 41, 107, 72, 122
-0.998911, 177, 49, 192, 176
-0.998912, 361, 161, 376, 288
-0.998913, 161, 177, 176, 304
-0.998915, 175, 161, 190, 288
-0.998917, 345, 145, 360, 272
-0.998936, 13, 97, 28, 224
-0.998946, 3, 81, 18, 208
-0.998949, 477, 97, 492, 224
-0.998958, 153, 193, 168, 320
-0.998964, 191, 97, 206, 224
-0.998965, 51, 161, 66, 288
-0.99897, 137, 205, 168, 220
-0.998972, 147, 1, 162, 128
-0.998973, 29, 1, 44, 128
-0.998976, 19, 113, 34, 240
-0.998981, 41, 145, 56, 272
-0.998984, 27, 129, 42, 256
-0.99899, 225, 1, 240, 128
-0.998995, 49, 113, 64, 240
-0.998997, 91, 177, 106, 304
-0.999005, 373, 177, 388, 304
-0.999009, 429, 263, 460, 278
-0.999018, 31, 81, 46, 208
-0.99902, 269, 65, 300, 320
-0.999022, 335, 129, 350, 256
-0.999031, 177, 177, 208, 192
-0.999033, 347, 1, 362, 128
-0.999034, 467, 81, 482, 208
-0.99904, 195, 1, 210, 128
-0.999042, 215, 1, 230, 128
-0.999046, 369, 129, 496, 192
-0.999049, 391, 209, 406, 333
-0.999058, 477, 209, 492, 333
-0.999063, 59, 161, 74, 288
-0.999063, 81, 177, 96, 304
-0.999081, 55, 97, 70, 224
-0.999083, 237, 1, 252, 128
-0.999102, 121, 193, 136, 320
-0.999102, 143, 129, 158, 256
-0.999106, 169, 97, 184, 224
-0.999106, 313, 145, 328, 272
-0.999108, 485, 113, 500, 240
-0.999108, 73, 193, 88, 320
-0.999111, 135, 1, 150, 128
-0.999113, 355, 161, 370, 288
-0.999116, 383, 193, 398, 320
-0.999117, 99, 177, 114, 304
-0.99912, 181, 161, 196, 288
-0.999125, 33, 129, 48, 256
-0.999132, 183, 1, 198, 128
-0.999132, 243, 1, 258, 128
-0.999143, 141, 1, 156, 128
-0.999146, 461, 81, 476, 208
-0.999158, 209, 17, 224, 144
-0.999161, 9, 49, 24, 176
-0.999167, 435, 49, 450, 176
-0.999169, 455, 65, 470, 192
-0.99917, 409, 33, 424, 160
-0.999174, 71, 113, 86, 240
-0.999179, 483, 209, 498, 333
-0.999181, 153, 49, 168, 176
-0.999182, 427, 49, 442, 176
-0.999198, 339, 81, 354, 208
-0.999198, 397, 209, 412, 333
-0.999198, 415, 33, 430, 160
-0.999199, 441, 49, 456, 176
-0.9992, 367, 177, 382, 304
-0.999209, 131, 193, 146, 320
-0.999212, 223, 193, 238, 320
-0.999218, 327, 129, 342, 256
-0.999224, 203, 17, 218, 144
-0.999228, 145, 49, 160, 176
-0.999231, 169, 33, 184, 160
-0.999234, 227, 113, 242, 240
-0.999237, 277, 193, 292, 320
-0.999241, 249, 1, 264, 128
-0.999246, 421, 49, 436, 176
-0.999251, 449, 65, 464, 192
-0.999252, 65, 161, 80, 288
-0.999257, 121, 17, 136, 144
-0.999259, 107, 1, 122, 128
-0.999261, 157, 121, 188, 136
-0.999266, 105, 193, 120, 320
-0.99927, 139, 49, 154, 176
-0.999276, 3, 33, 18, 160
-0.999279, 161, 49, 176, 176
-0.999285, 71, 1, 86, 128
-0.999286, 153, 129, 168, 256
-0.999294, 193, 49, 208, 176
-0.999299, 403, 1, 418, 128
-0.9993, 17, 1, 32, 128
-0.999304, 115, 209, 130, 333
-0.999309, 35, 1, 50, 128
-0.999316, 1, 209, 16, 333
-0.999323, 217, 193, 232, 320
-0.999324, 129, 1, 144, 128
-0.999329, 407, 209, 422, 333
-0.999342, 321, 113, 336, 240
-0.999343, 159, 1, 174, 128
-0.999346, 191, 161, 206, 288
-0.99935, 229, 209, 244, 333
-0.999351, 271, 193, 286, 320
-0.999354, 485, 161, 500, 288
-0.999358, 163, 129, 178, 256
-0.999362, 471, 209, 486, 333
-0.999379, 283, 193, 298, 320
-0.999385, 259, 193, 274, 320
-0.999388, 201, 177, 216, 304
-0.99939, 421, 1, 436, 128
-0.999393, 233, 113, 248, 240
-0.999395, 265, 193, 280, 320
-0.999402, 67, 209, 82, 333
-0.999407, 115, 17, 130, 144
-0.999417, 137, 209, 152, 333
-0.999439, 83, 129, 98, 256
-0.999444, 353, 1, 368, 128
-0.999451, 255, 1, 270, 128
-0.999455, 461, 209, 476, 333
-0.999458, 77, 129, 92, 256
-0.999462, 99, 1, 114, 128
-0.999465, 431, 209, 446, 333
-0.999471, 439, 209, 454, 333
-0.999483, 333, 81, 348, 208
-0.999491, 257, 65, 288, 320
-0.999726, 409, 293, 440, 308
-0.999738, 137, 313, 168, 328
-0.999751, 71, 135, 86, 150
-0.999751, 321, 293, 336, 308
-0.999751, 403, 239, 418, 254
-0.999751, 395, 227, 410, 242
-0.999751, 15, 15, 30, 30
-0.999751, 71, 195, 86, 210
-0.999751, 39, 107, 54, 122
-0.999751, 163, 197, 178, 212
-0.999751, 97, 21, 112, 36
-0.999751, 49, 121, 64, 136
-0.999751, 481, 119, 496, 134
-0.999751, 61, 185, 76, 200
-0.999751, 373, 197, 388, 212
-0.999751, 191, 173, 206, 188
-0.999751, 353, 171, 368, 186
-0.999752, 57, 179, 72, 194
-0.999752, 425, 61, 440, 76
-0.999752, 147, 15, 162, 30
-0.999752, 171, 183, 186, 198
-0.999752, 463, 257, 478, 272
-0.999752, 185, 119, 200, 134
-0.999752, 411, 257, 426, 272
-0.999752, 43, 113, 58, 128
-0.999752, 185, 79, 200, 94
-0.999752, 53, 127, 68, 142
-0.999752, 145, 197, 160, 212
-0.999752, 295, 301, 310, 316
-0.999752, 415, 265, 430, 280
-0.999752, 219, 27, 234, 42
-0.999752, 235, 279, 250, 294
-0.999752, 143, 135, 158, 150
-0.999752, 473, 105, 488, 120
-0.999753, 177, 115, 192, 130
-0.999753, 485, 129, 500, 144
-0.999753, 401, 47, 416, 62
-0.999753, 123, 265, 138, 280
-0.999753, 117, 269, 132, 284
-0.999753, 65, 191, 80, 206
-0.999753, 73, 151, 88, 166
-0.999753, 169, 101, 184, 116
-0.999753, 133, 175, 148, 190
-0.999753, 37, 13, 52, 28
-0.999753, 21, 23, 36, 38
-0.999753, 69, 145, 84, 160
-0.999753, 91, 251, 106, 266
-0.999753, 327, 159, 342, 174
-0.999753, 65, 205, 80, 220
-0.999754, 101, 15, 116, 30
-0.999754, 453, 265, 468, 280
-0.999754, 33, 19, 48, 34
-0.999754, 23, 79, 38, 94
-0.999754, 19, 37, 34, 52
-0.999754, 99, 183, 114, 198
-0.999754, 149, 131, 164, 146
-0.999754, 31, 93, 46, 108
-0.999754, 417, 279, 432, 294
-0.999754, 155, 203, 170, 218
-0.999754, 39, 99, 54, 114
-0.999755, 447, 265, 462, 280
-0.999755, 399, 233, 414, 248
-0.999755, 469, 99, 484, 114
-0.999755, 383, 209, 398, 224
-0.999755, 83, 13, 98, 28
-0.999755, 225, 23, 240, 38
-0.999755, 143, 223, 158, 238
-0.999756, 43, 153, 58, 168
-0.999756, 437, 263, 452, 278
-0.999756, 141, 47, 156, 62
-0.999756, 27, 15, 42, 30
-0.999756, 155, 193, 170, 208
-0.999756, 435, 303, 450, 318
-0.999756, 93, 171, 108, 186
-0.999756, 371, 191, 386, 206
-0.999757, 149, 49, 164, 64
-0.999757, 241, 281, 256, 296
-0.999757, 409, 249, 424, 264
-0.999757, 407, 49, 422, 64
-0.999757, 27, 23, 42, 38
-0.999757, 163, 121, 178, 136
-0.999757, 151, 209, 166, 224
-0.999758, 53, 109, 68, 124
-0.999758, 431, 265, 446, 280
-0.999758, 463, 93, 478, 108
-0.999758, 27, 87, 42, 102
-0.999759, 185, 103, 200, 118
-0.999759, 451, 79, 466, 94
-0.999759, 471, 245, 486, 260
-0.999759, 485, 233, 500, 248
-0.999759, 337, 161, 352, 176
-0.999759, 405, 309, 420, 324
-0.999759, 157, 317, 172, 332
-0.99976, 445, 73, 460, 88
-0.99976, 175, 73, 190, 88
-0.99976, 177, 179, 192, 194
-0.99976, 89, 235, 104, 250
-0.99976, 25, 281, 40, 296
-0.999761, 301, 305, 316, 320
-0.999761, 439, 67, 454, 82
-0.999761, 419, 271, 434, 286
-0.999761, 185, 175, 200, 190
-0.999761, 343, 163, 358, 178
-0.999761, 147, 217, 162, 232
-0.999761, 413, 53, 428, 68
-0.999761, 231, 113, 246, 128
-0.999761, 77, 15, 92, 30
-0.999762, 191, 115, 206, 130
-0.999762, 169, 121, 184, 136
-0.999762, 141, 313, 156, 328
-0.999763, 467, 251, 482, 266
-0.999763, 145, 307, 160, 322
-0.999763, 135, 317, 150, 332
-0.999763, 423, 293, 438, 308
-0.999763, 349, 165, 364, 180
-0.999763, 457, 85, 472, 100
-0.999764, 325, 127, 340, 142
-0.999764, 95, 177, 110, 192
-0.999764, 419, 57, 434, 72
-0.999764, 153, 125, 168, 140
-0.999765, 361, 179, 376, 194
-0.999765, 149, 313, 164, 328
-0.999765, 425, 267, 440, 282
-0.999765, 83, 161, 98, 176
-0.999765, 429, 299, 444, 314
-0.999765, 479, 237, 494, 252
-0.999768, 87, 167, 102, 182
-0.99977, 175, 121, 190, 136
-0.999771, 195, 109, 210, 124
-0.999771, 183, 111, 198, 126
-0.999772, 189, 109, 204, 124
-0.999786, 415, 285, 430, 300
