1950
-0.585481, 1, 97, 500, 352
-0.610887, 225, 1, 480, 360
-0.633104, 33, 1, 288, 360
-0.654356, 129, 1, 384, 360
-0.660821, 1, 1, 500, 360
-0.661223, 97, 97, 352, 352
-0.668147, 1, 1, 500, 256
-0.760152, 1, 97, 256, 352
-0.798196, 225, 97, 480, 352
-0.801884, 193, 1, 448, 256
-0.822114, 97, 1, 352, 256
-0.845365, 1, 1, 256, 256
-0.891455, 1, 145, 500, 272
-0.894328, 145, 1, 272, 360
-0.894797, 129, 97, 256, 352
-0.897715, 1, 225, 500, 352
-0.903667, 177, 97, 304, 352
-0.90467, 225, 1, 352, 360
-0.904743, 273, 97, 400, 352
-0.904924, 33, 1, 160, 360
-0.907498, 97, 145, 352, 272
-0.914306, 97, 1, 224, 360
-0.915614, 273, 1, 400, 360
-0.917361, 49, 97, 176, 352
-0.918635, 337, 1, 464, 360
-0.926008, 257, 209, 500, 336
-0.927743, 225, 65, 352, 320
-0.929712, 129, 1, 256, 256
-0.930586, 97, 209, 352, 336
-0.932338, 353, 1, 480, 256
-0.932476, 1, 97, 500, 224
-0.934361, 321, 97, 448, 352
-0.935618, 1, 65, 128, 320
-0.937246, 113, 129, 240, 256
-0.938679, 289, 1, 416, 256
-0.940829, 177, 1, 304, 256
-0.941043, 65, 1, 192, 256
-0.944326, 161, 193, 288, 320
-0.946433, 1, 209, 256, 336
-0.947223, 273, 193, 400, 320
-0.94785, 369, 97, 496, 352
-0.948685, 1, 1, 500, 128
-0.949901, 249, 177, 312, 304
-0.949919, 225, 161, 352, 288
-0.9503, 145, 225, 208, 352
-0.950643, 161, 145, 288, 272
-0.950781, 1, 49, 500, 176
-0.952135, 289, 177, 352, 304
-0.953292, 129, 113, 192, 240
-0.954041, 225, 209, 288, 336
-0.954282, 97, 209, 224, 336
-0.954461, 177, 209, 240, 336
-0.955104, 193, 161, 448, 288
-0.957058, 97, 97, 352, 224
-0.957116, 225, 209, 352, 336
-0.957383, 273, 225, 336, 352
-0.959995, 225, 113, 480, 240
-0.960061, 225, 161, 288, 288
-0.96079, 313, 177, 376, 304
-0.961482, 249, 225, 312, 352
-0.961558, 201, 209, 264, 336
-0.962427, 113, 193, 176, 320
-0.963566, 193, 265, 256, 328
-0.965268, 1, 161, 256, 288
-0.966147, 225, 265, 288, 328
-0.966343, 169, 257, 232, 320
-0.967035, 321, 193, 448, 320
-0.967184, 201, 129, 264, 256
-0.967854, 321, 201, 384, 264
-0.968088, 297, 201, 360, 264
-0.968351, 129, 129, 192, 192
-0.968597, 113, 81, 240, 208
-0.968737, 225, 289, 288, 352
-0.96958, 265, 241, 328, 304
-0.969894, 257, 129, 320, 256
-0.970311, 305, 209, 432, 272
-0.970804, 337, 177, 400, 304
-0.970994, 65, 161, 192, 288
-0.971427, 417, 297, 480, 360
-0.971462, 345, 201, 408, 264
-0.971516, 217, 153, 280, 216
-0.97177, 137, 241, 200, 304
-0.971875, 185, 297, 248, 360
-0.971964, 177, 265, 304, 328
-0.972357, 273, 185, 336, 248
-0.972517, 249, 169, 312, 232
-0.972718, 289, 225, 352, 288
-0.972745, 153, 161, 216, 288
-0.973391, 273, 145, 400, 272
-0.973559, 177, 129, 240, 256
-0.973681, 393, 217, 456, 280
-0.974039, 113, 129, 240, 192
-0.974202, 121, 153, 184, 216
-0.974399, 249, 265, 312, 328
-0.974623, 193, 145, 256, 208
-0.9747, 41, 281, 104, 344
-0.974779, 369, 209, 432, 272
-0.975007, 205, 265, 236, 328
-0.975057, 145, 273, 208, 336
-0.975287, 209, 241, 272, 304
-0.975615, 249, 193, 312, 256
-0.975636, 281, 297, 344, 360
-0.97565, 105, 281, 168, 344
-0.975943, 161, 97, 288, 224
-0.976038, 1, 273, 64, 336
-0.976198, 113, 217, 176, 280
-0.976278, 177, 257, 208, 320
-0.976348, 169, 225, 232, 288
-0.97635, 385, 289, 448, 352
-0.976497, 233, 233, 296, 296
-0.97659, 1, 97, 256, 224
-0.976611, 325, 201, 356, 264
-0.976794, 81, 273, 144, 336
-0.976976, 309, 177, 340, 304
-0.976987, 33, 97, 160, 224
-0.977028, 209, 201, 272, 264
-0.977075, 245, 265, 276, 328
-0.977189, 225, 265, 256, 328
-0.977365, 361, 297, 424, 360
-0.977417, 289, 209, 320, 336
-0.977485, 161, 297, 224, 360
-0.977568, 153, 97, 216, 224
-0.977931, 313, 225, 376, 288
-0.977941, 97, 193, 160, 256
-0.977951, 241, 97, 368, 224
-0.978002, 153, 121, 216, 184
-0.978288, 65, 297, 128, 360
-0.978343, 193, 209, 224, 336
-0.978447, 225, 113, 288, 240
-0.978605, 257, 297, 320, 360
-0.978754, 161, 225, 192, 352
-0.978897, 225, 193, 352, 256
-0.978981, 169, 201, 232, 264
-0.978999, 177, 233, 304, 296
-0.979049, 237, 209, 268, 336
-0.97905, 265, 217, 328, 280
-0.979168, 273, 225, 304, 352
-0.979191, 297, 225, 360, 352
-0.979226, 137, 217, 200, 280
-0.979297, 1, 49, 256, 176
-0.979299, 129, 297, 192, 360
-0.979326, 217, 209, 248, 336
-0.979504, 265, 161, 296, 288
-0.979535, 201, 289, 232, 352
-0.979547, 137, 209, 168, 336
-0.979557, 141, 121, 172, 184
-0.97957, 137, 185, 200, 248
-0.979591, 97, 281, 224, 344
-0.979603, 337, 201, 368, 264
-0.979607, 253, 161, 284, 288
-0.979752, 97, 145, 160, 272
-0.979756, 129, 129, 160, 256
-0.980065, 153, 241, 184, 304
-0.980114, 169, 153, 232, 216
-0.980175, 177, 121, 240, 184
-0.980195, 253, 209, 284, 336
-0.98028, 113, 153, 240, 216
-0.980446, 337, 297, 400, 360
-0.980482, 129, 257, 256, 320
-0.980492, 17, 297, 144, 360
-0.980759, 129, 201, 256, 264
-0.980797, 257, 225, 384, 288
-0.980814, 189, 265, 220, 328
-0.980905, 81, 169, 144, 232
-0.981078, 193, 65, 448, 192
-0.98114, 105, 121, 168, 184
-0.981173, 257, 265, 288, 328
-0.981297, 361, 201, 392, 264
-0.981451, 161, 145, 288, 208
-0.981565, 297, 177, 360, 240
-0.981581, 361, 177, 424, 304
-0.98164, 181, 225, 212, 352
-0.981727, 9, 249, 72, 312
-0.981808, 297, 209, 328, 272
-0.981852, 189, 289, 220, 352
-0.981937, 269, 257, 300, 320
-0.982033, 277, 177, 308, 304
-0.982076, 129, 65, 192, 320
-0.982165, 233, 97, 296, 352
-0.982247, 97, 233, 224, 296
-0.982268, 313, 297, 376, 360
-0.9823, 437, 289, 468, 352
-0.982314, 145, 97, 208, 160
-0.982314, 205, 209, 236, 336
-0.982345, 97, 65, 160, 192
-0.982379, 321, 145, 448, 272
-0.982387, 369, 297, 496, 360
-0.982445, 185, 97, 248, 352
-0.982446, 353, 225, 416, 352
-0.982504, 225, 249, 352, 312
-0.982565, 49, 209, 176, 336
-0.982586, 133, 209, 164, 272
-0.982739, 281, 129, 344, 256
-0.982781, 273, 161, 336, 224
-0.982796, 225, 177, 288, 240
-0.982833, 201, 177, 264, 240
-0.982885, 9, 225, 72, 352
-0.982893, 97, 97, 160, 160
-0.982931, 349, 201, 380, 264
-0.983059, 369, 185, 432, 248
-0.983073, 313, 129, 376, 256
-0.983111, 225, 297, 352, 360
-0.983215, 417, 217, 480, 280
-0.983254, 393, 193, 456, 256
-0.983334, 281, 65, 344, 320
-0.983335, 165, 233, 196, 296
-0.983342, 313, 201, 344, 264
-0.983351, 353, 217, 480, 280
-0.983354, 321, 177, 352, 304
-0.983422, 177, 81, 240, 208
-0.983491, 9, 297, 72, 360
-0.983495, 289, 161, 320, 288
-0.983607, 225, 1, 480, 128
-0.983733, 149, 225, 180, 352
-0.98378, 129, 145, 160, 208
-0.983841, 321, 225, 384, 352
-0.983964, 217, 129, 280, 192
-0.98398, 177, 289, 304, 352
-0.983988, 293, 233, 324, 296
-0.984126, 337, 177, 368, 304
-0.984154, 1, 273, 128, 336
-0.984259, 281, 249, 312, 312
-0.984304, 329, 177, 392, 240
-0.984381, 161, 97, 224, 352
-0.984699, 241, 137, 304, 200
-0.984713, 409, 273, 472, 336
-0.984763, 53, 281, 84, 344
-0.984837, 237, 289, 268, 352
-0.984931, 413, 209, 444, 272
-0.984946, 105, 257, 168, 320
-0.985085, 177, 209, 304, 272
-0.985091, 81, 137, 144, 200
-0.985091, 49, 257, 112, 320
-0.98513, 161, 177, 224, 240
-0.985143, 209, 169, 336, 232
-0.985255, 417, 289, 448, 352
-0.985372, 269, 297, 300, 360
-0.985642, 257, 97, 320, 352
-0.985672, 121, 193, 152, 256
-0.985707, 97, 49, 352, 176
-0.985815, 237, 161, 268, 288
-0.985901, 161, 273, 192, 336
-0.985985, 281, 273, 344, 336
-0.986078, 245, 161, 276, 224
-0.986165, 89, 97, 152, 352
-0.986327, 349, 177, 380, 304
-0.986399, 121, 281, 152, 344
-0.986421, 337, 225, 400, 288
-0.98649, 301, 225, 332, 352
-0.986563, 213, 289, 244, 352
-0.986672, 209, 97, 272, 352
-0.986687, 225, 297, 256, 360
-0.986707, 145, 217, 176, 280
-0.986754, 125, 177, 156, 304
-0.986866, 233, 153, 264, 216
-0.986927, 137, 273, 168, 336
-0.987027, 433, 193, 496, 256
-0.987102, 73, 249, 136, 312
-0.987125, 433, 273, 496, 336
-0.987192, 181, 225, 212, 288
-0.98729, 49, 49, 176, 176
-0.987314, 257, 169, 288, 232
-0.987329, 373, 201, 404, 264
-0.987353, 113, 177, 240, 240
-0.987408, 285, 209, 316, 272
-0.987445, 149, 273, 180, 336
-0.987454, 301, 185, 332, 248
-0.987497, 49, 201, 176, 264
-0.98762, 249, 241, 280, 304
-0.987751, 213, 145, 244, 208
-0.98776, 249, 289, 280, 352
-0.987784, 169, 177, 200, 304
-0.98781, 305, 97, 368, 352
-0.987829, 1, 273, 32, 336
-0.987841, 153, 177, 184, 304
-0.987891, 337, 97, 400, 352
-0.988013, 361, 273, 424, 336
-0.988031, 97, 1, 352, 128
-0.988057, 393, 209, 424, 272
-0.988148, 337, 129, 400, 256
-0.988203, 313, 225, 344, 288
-0.988276, 1, 225, 128, 352
-0.988285, 265, 137, 328, 200
-0.988404, 273, 225, 304, 288
-0.988494, 177, 265, 240, 296
-0.988642, 145, 153, 208, 216
-0.988675, 289, 177, 320, 240
-0.988693, 49, 273, 176, 336
-0.988716, 217, 241, 248, 304
-0.988735, 241, 113, 304, 176
-0.988753, 173, 289, 204, 352
-0.988779, 337, 213, 400, 244
-0.988799, 237, 241, 268, 304
-0.988855, 49, 225, 112, 352
-0.988923, 205, 129, 236, 256
-0.988978, 169, 97, 232, 160
-0.988998, 73, 281, 104, 344
-0.989001, 385, 265, 448, 328
-0.989015, 141, 113, 172, 240
-0.989046, 361, 213, 424, 244
-0.989096, 313, 273, 376, 336
-0.989129, 225, 1, 288, 64
-0.989159, 249, 1, 312, 64
-0.989159, 329, 1, 392, 64
-0.98917, 457, 297, 488, 360
-0.989212, 385, 221, 448, 252
-0.989297, 297, 137, 360, 200
-0.989316, 201, 81, 264, 208
-0.989321, 73, 113, 136, 240
-0.989345, 229, 193, 260, 256
-0.989347, 157, 209, 188, 272
-0.989352, 305, 1, 368, 64
-0.989367, 425, 217, 456, 280
-0.989376, 193, 97, 256, 160
-0.989381, 273, 1, 336, 64
-0.989385, 113, 73, 176, 136
-0.989398, 1, 1, 256, 128
-0.989457, 353, 1, 416, 64
-0.989515, 177, 1, 240, 64
-0.989551, 157, 113, 188, 176
-0.989719, 385, 97, 448, 352
-0.989731, 217, 105, 280, 168
-0.989732, 261, 233, 292, 296
-0.989745, 257, 181, 320, 212
-0.989754, 129, 129, 192, 160
-0.989756, 25, 89, 88, 152
-0.98977, 393, 1, 456, 256
-0.989801, 361, 177, 392, 304
-0.989814, 201, 1, 264, 64
-0.989859, 369, 1, 432, 256
-0.989887, 145, 277, 208, 308
-0.990007, 393, 1, 456, 64
-0.990007, 65, 97, 128, 160
-0.990039, 321, 297, 448, 360
-0.990048, 209, 201, 240, 264
-0.990055, 29, 273, 60, 336
-0.990087, 333, 297, 364, 360
-0.990113, 1, 89, 64, 152
-0.990133, 425, 1, 488, 256
-0.990135, 129, 201, 384, 264
-0.990136, 205, 241, 236, 304
-0.990161, 49, 57, 112, 120
-0.990161, 265, 89, 328, 152
-0.990193, 185, 289, 248, 320
-0.990194, 289, 213, 352, 244
-0.990194, 185, 301, 248, 332
-0.990219, 385, 121, 448, 184
-0.990222, 89, 1, 152, 256
-0.990238, 169, 73, 232, 136
-0.990248, 433, 1, 496, 64
-0.990248, 377, 97, 440, 160
-0.990248, 345, 121, 408, 184
-0.990256, 273, 289, 400, 352
-0.990277, 313, 113, 376, 176
-0.990288, 129, 1, 192, 64
-0.990305, 313, 213, 376, 244
-0.990306, 17, 1, 80, 64
-0.990306, 433, 121, 496, 184
-0.990321, 269, 177, 300, 240
-0.990322, 89, 193, 152, 320
-0.990322, 369, 177, 496, 304
-0.990325, 25, 65, 88, 128
-0.990325, 73, 73, 136, 136
-0.990328, 365, 297, 396, 360
-0.990339, 65, 129, 192, 192
-0.990354, 289, 97, 352, 160
-0.990354, 409, 113, 472, 176
-0.990399, 265, 113, 296, 240
-0.990451, 409, 137, 472, 200
-0.990455, 409, 297, 472, 328
-0.990458, 305, 225, 368, 256
-0.990462, 121, 97, 184, 160
-0.990481, 201, 269, 264, 300
-0.9905, 17, 265, 48, 328
-0.990505, 225, 269, 288, 300
-0.990509, 209, 301, 272, 332
-0.990547, 1, 65, 64, 128
-0.990549, 385, 193, 448, 320
-0.990551, 245, 113, 276, 240
-0.990553, 273, 185, 400, 248
-0.990563, 233, 1, 296, 256
-0.990563, 345, 1, 408, 256
-0.990584, 193, 73, 256, 136
-0.990586, 153, 1, 216, 64
-0.9906, 161, 1, 224, 360
-0.990603, 321, 317, 384, 348
-0.990615, 105, 1, 168, 64
-0.990644, 33, 113, 96, 176
-0.990673, 325, 225, 356, 288
-0.990682, 225, 81, 288, 144
-0.99071, 249, 261, 312, 292
-0.990721, 73, 1, 136, 64
-0.99077, 113, 105, 240, 168
-0.990779, 409, 25, 472, 88
-0.990799, 129, 1, 192, 360
-0.990808, 9, 113, 72, 176
-0.990808, 433, 145, 496, 208
-0.990832, 225, 129, 256, 256
-0.990837, 385, 145, 448, 208
-0.99084, 233, 293, 296, 324
-0.990841, 433, 305, 496, 336
-0.990856, 361, 145, 424, 208
-0.990867, 361, 25, 424, 88
-0.990875, 353, 97, 416, 160
-0.99089, 329, 329, 392, 360
-0.990892, 201, 1, 264, 360
-0.990918, 161, 289, 224, 320
-0.990934, 353, 313, 416, 344
-0.990957, 253, 193, 284, 256
-0.991004, 129, 65, 192, 192
-0.991005, 305, 1, 368, 256
-0.99101, 41, 281, 104, 312
-0.99103, 209, 153, 272, 184
-0.991043, 225, 281, 288, 312
-0.991109, 89, 1, 152, 360
-0.991123, 241, 201, 272, 264
-0.99115, 257, 217, 500, 280
-0.991152, 153, 301, 216, 332
-0.991155, 353, 325, 416, 356
-0.991184, 401, 309, 464, 340
-0.991206, 353, 97, 480, 224
-0.991212, 137, 117, 200, 148
-0.991232, 233, 169, 296, 200
-0.991319, 65, 1, 128, 256
-0.991333, 201, 1, 264, 256
-0.991338, 361, 129, 424, 256
-0.991339, 289, 237, 352, 268
-0.991366, 9, 289, 72, 320
-0.991396, 65, 153, 320, 216
-0.991398, 129, 237, 192, 268
-0.991403, 265, 249, 328, 280
-0.991412, 129, 153, 192, 184
-0.991446, 177, 325, 240, 356
-0.991455, 129, 141, 192, 172
-0.991458, 145, 249, 208, 280
-0.991463, 29, 297, 60, 360
-0.991466, 353, 297, 384, 360
-0.991471, 161, 1, 224, 256
-0.991471, 257, 1, 320, 256
-0.991489, 361, 301, 424, 332
-0.991516, 145, 297, 176, 360
-0.991529, 409, 225, 472, 256
-0.99153, 193, 313, 256, 344
-0.99153, 297, 201, 360, 232
-0.991534, 9, 329, 72, 360
-0.99157, 1, 65, 64, 320
-0.991595, 105, 289, 168, 320
-0.991599, 281, 301, 344, 332
-0.991694, 1, 277, 64, 308
-0.991699, 321, 185, 448, 248
-0.991702, 41, 281, 72, 344
-0.991754, 169, 313, 232, 344
-0.991755, 225, 1, 288, 360
-0.991758, 377, 325, 440, 356
-0.99177, 257, 225, 320, 256
-0.991772, 105, 225, 168, 256
-0.991774, 109, 169, 140, 232
-0.991797, 289, 325, 352, 356
-0.991804, 101, 289, 132, 352
-0.991815, 177, 97, 208, 224
-0.99182, 121, 165, 184, 196
-0.991835, 177, 121, 208, 184
-0.991838, 257, 169, 320, 200
-0.991856, 169, 277, 232, 308
-0.991867, 257, 1, 320, 360
-0.99187, 73, 297, 136, 328
-0.991873, 137, 209, 200, 240
-0.991883, 33, 65, 96, 320
-0.99189, 157, 137, 188, 200
-0.991894, 365, 213, 396, 244
-0.991896, 121, 277, 184, 308
-0.991898, 377, 313, 440, 344
-0.991898, 401, 321, 464, 352
-0.991908, 217, 313, 280, 344
-0.991933, 385, 297, 448, 328
-0.991936, 145, 221, 208, 252
-0.991992, 281, 297, 312, 360
-0.992, 161, 233, 224, 264
-0.992001, 385, 209, 448, 240
-0.992019, 209, 257, 272, 288
-0.992044, 313, 305, 376, 336
-0.992046, 57, 329, 120, 360
-0.992052, 397, 217, 428, 248
-0.992052, 201, 325, 264, 356
-0.992057, 129, 301, 192, 332
-0.992081, 141, 161, 172, 288
-0.992103, 349, 209, 380, 240
-0.992116, 249, 197, 312, 228
-0.992117, 405, 297, 436, 360
-0.99212, 361, 225, 424, 256
-0.992178, 201, 145, 232, 208
-0.99218, 157, 129, 188, 256
-0.992186, 33, 169, 160, 232
-0.992187, 201, 217, 264, 248
-0.992213, 105, 129, 168, 160
-0.992225, 185, 153, 248, 184
-0.992227, 257, 289, 320, 320
-0.992241, 217, 205, 280, 236
-0.992248, 185, 269, 216, 300
-0.992255, 197, 265, 228, 296
-0.992259, 65, 281, 128, 312
-0.992266, 1, 305, 64, 336
-0.992289, 193, 197, 256, 228
-0.992319, 433, 317, 496, 348
-0.992332, 97, 329, 160, 360
-0.992341, 33, 1, 96, 360
-0.992372, 193, 233, 224, 296
-0.992374, 121, 177, 184, 208
-0.992386, 425, 97, 488, 352
-0.992413, 329, 201, 392, 232
-0.992428, 41, 293, 104, 324
-0.992464, 97, 225, 352, 288
-0.992485, 329, 225, 392, 256
-0.992505, 233, 249, 296, 280
-0.992506, 57, 317, 120, 348
-0.992523, 153, 265, 216, 296
-0.99253, 373, 177, 404, 304
-0.99253, 89, 317, 152, 348
-0.992539, 257, 305, 320, 336
-0.99255, 409, 213, 472, 244
-0.992561, 273, 193, 336, 224
-0.992577, 97, 213, 160, 244
-0.992581, 377, 209, 408, 240
-0.992584, 9, 297, 40, 360
-0.992588, 153, 129, 216, 160
-0.992616, 177, 253, 240, 284
-0.992624, 433, 329, 496, 360
-0.992644, 337, 213, 368, 244
-0.992649, 33, 317, 96, 348
-0.992667, 409, 217, 440, 248
-0.992671, 9, 317, 72, 348
-0.992679, 137, 289, 200, 320
-0.992683, 177, 209, 240, 240
-0.992689, 249, 237, 312, 268
-0.992699, 141, 129, 172, 160
-0.992707, 393, 1, 456, 360
-0.992718, 225, 129, 352, 192
-0.992725, 245, 269, 276, 300
-0.992735, 253, 301, 284, 332
-0.992741, 217, 185, 280, 216
-0.992745, 297, 237, 328, 268
-0.992745, 129, 329, 192, 360
-0.992757, 265, 213, 328, 244
-0.992783, 169, 141, 232, 172
-0.992803, 125, 169, 156, 232
-0.992813, 261, 265, 292, 296
-0.992814, 273, 257, 304, 288
-0.992826, 129, 197, 192, 228
-0.992833, 105, 301, 168, 332
-0.992863, 169, 273, 200, 304
-0.992866, 161, 297, 192, 360
-0.992886, 181, 257, 212, 288
-0.992901, 145, 193, 176, 256
-0.992907, 181, 285, 212, 316
-0.992913, 233, 325, 296, 356
-0.992923, 57, 1, 120, 360
-0.992936, 265, 317, 328, 348
-0.992952, 145, 313, 208, 344
-0.992952, 425, 293, 456, 324
-0.992957, 421, 221, 452, 252
-0.992964, 249, 277, 312, 308
-0.992982, 89, 277, 152, 308
-0.992987, 281, 177, 344, 208
-0.992991, 425, 1, 488, 360
-0.992996, 113, 317, 176, 348
-0.992996, 361, 1, 424, 360
-0.992997, 1, 1, 64, 360
-0.993025, 185, 161, 216, 288
-0.99304, 97, 257, 352, 320
-0.993051, 321, 213, 352, 244
-0.993074, 137, 281, 168, 312
-0.99314, 313, 229, 344, 260
-0.993163, 265, 173, 296, 204
-0.993181, 157, 125, 188, 156
-0.993183, 89, 201, 152, 232
-0.993183, 265, 329, 328, 360
-0.993188, 361, 97, 424, 352
-0.993197, 209, 265, 240, 296
-0.993198, 237, 289, 268, 320
-0.993218, 345, 321, 376, 352
-0.993234, 281, 177, 312, 208
-0.993243, 225, 285, 256, 316
-0.993248, 285, 249, 316, 280
-0.993259, 169, 253, 200, 284
-0.993261, 233, 157, 296, 188
-0.993265, 253, 289, 284, 320
-0.993274, 197, 293, 228, 324
-0.993275, 205, 325, 236, 356
-0.993279, 353, 201, 416, 232
-0.99328, 225, 269, 256, 300
-0.993287, 209, 165, 272, 196
-0.993296, 85, 281, 116, 344
-0.993301, 1, 185, 500, 248
-0.993311, 41, 305, 104, 336
-0.993331, 105, 117, 168, 148
-0.993347, 25, 269, 88, 300
-0.993357, 97, 189, 160, 220
-0.993364, 153, 241, 184, 272
-0.993369, 313, 293, 376, 324
-0.993378, 13, 281, 44, 312
-0.993379, 33, 281, 288, 344
-0.993388, 301, 217, 332, 248
-0.993393, 209, 305, 240, 336
-0.993395, 129, 217, 160, 248
-0.993405, 225, 217, 288, 248
-0.99341, 241, 305, 272, 336
-0.99341, 161, 289, 192, 320
-0.993411, 1, 265, 64, 296
-0.993417, 361, 321, 392, 352
-0.993425, 465, 309, 496, 340
-0.993428, 325, 225, 356, 256
-0.993428, 353, 309, 384, 340
-0.99343, 281, 225, 344, 256
-0.993433, 437, 317, 468, 348
-0.993463, 29, 285, 60, 316
-0.993471, 33, 321, 64, 352
-0.993477, 337, 1, 400, 360
-0.993478, 49, 313, 80, 344
-0.993479, 161, 169, 288, 232
-0.99348, 321, 217, 448, 248
-0.993487, 161, 117, 224, 148
-0.993492, 153, 193, 216, 224
-0.993498, 281, 1, 344, 360
-0.993501, 265, 289, 296, 320
-0.993502, 45, 325, 76, 356
-0.993507, 225, 297, 256, 328
-0.99351, 197, 193, 228, 256
-0.993515, 437, 297, 468, 328
-0.99352, 433, 225, 464, 256
-0.993523, 273, 201, 304, 264
-0.993527, 257, 277, 288, 308
-0.993542, 425, 317, 456, 348
-0.993543, 333, 309, 364, 340
-0.993548, 245, 161, 276, 192
-0.993554, 141, 141, 172, 172
-0.993563, 209, 289, 240, 320
-0.993576, 141, 233, 172, 264
-0.993617, 313, 297, 344, 360
-0.993618, 197, 309, 228, 340
-0.99362, 333, 321, 364, 352
-0.993631, 157, 277, 188, 308
-0.993638, 313, 1, 376, 360
-0.99364, 229, 157, 260, 188
-0.993642, 385, 221, 416, 252
-0.993658, 81, 281, 112, 312
-0.993659, 261, 249, 292, 280
-0.993679, 225, 273, 352, 336
-0.993685, 197, 253, 228, 284
-0.993694, 453, 301, 484, 332
-0.993713, 93, 317, 124, 348
-0.993719, 413, 297, 444, 328
-0.993722, 229, 205, 260, 236
-0.993724, 145, 117, 176, 148
-0.993725, 325, 201, 356, 232
-0.993733, 97, 177, 352, 240
-0.993734, 113, 281, 144, 312
-0.993739, 349, 221, 380, 252
-0.993756, 9, 321, 40, 352
-0.993759, 133, 153, 164, 184
-0.99376, 269, 301, 300, 332
-0.993764, 33, 301, 64, 332
-0.993766, 161, 113, 288, 176
-0.993767, 1, 285, 32, 316
-0.993767, 401, 325, 432, 356
-0.993771, 221, 309, 252, 340
-0.993774, 389, 205, 420, 236
-0.993775, 53, 277, 84, 308
-0.9938, 265, 313, 296, 344
-0.99381, 65, 297, 96, 328
-0.993814, 237, 265, 252, 328
-0.993821, 149, 217, 180, 248
-0.993822, 393, 297, 424, 360
-0.993838, 45, 289, 76, 320
-0.993854, 65, 277, 96, 308
-0.993877, 125, 293, 156, 324
-0.993894, 129, 165, 160, 196
-0.9939, 209, 149, 240, 180
-0.993901, 409, 225, 472, 352
-0.993908, 65, 321, 96, 352
-0.993911, 205, 205, 236, 236
-0.993913, 393, 313, 424, 344
-0.993929, 245, 205, 276, 236
-0.993936, 373, 225, 404, 256
-0.993938, 313, 129, 344, 256
-0.993938, 117, 321, 148, 352
-0.993938, 77, 301, 108, 332
-0.993958, 313, 329, 344, 360
-0.99396, 217, 325, 248, 356
-0.993961, 413, 309, 444, 340
-0.993962, 9, 269, 40, 300
-0.993964, 149, 289, 180, 320
-0.993965, 293, 181, 324, 212
-0.993969, 65, 97, 128, 352
-0.993971, 177, 297, 208, 328
-0.993989, 317, 313, 348, 344
-0.993992, 337, 201, 368, 232
-0.994001, 249, 257, 280, 288
-0.994003, 281, 225, 312, 256
-0.994005, 469, 297, 500, 360
-0.994011, 105, 301, 136, 332
-0.994027, 153, 301, 184, 332
-0.994036, 373, 321, 404, 352
-0.994054, 273, 245, 304, 276
-0.994059, 253, 313, 284, 344
-0.994062, 113, 145, 144, 272
-0.994077, 225, 257, 256, 288
-0.994077, 189, 325, 220, 356
-0.994087, 213, 217, 244, 248
-0.99409, 49, 301, 80, 332
-0.994093, 453, 317, 484, 348
-0.9941, 49, 105, 176, 168
-0.994106, 21, 321, 52, 352
-0.994108, 313, 201, 344, 232
-0.994116, 101, 281, 132, 312
-0.994117, 117, 201, 148, 232
-0.994118, 197, 281, 228, 312
-0.994119, 217, 205, 248, 236
-0.994121, 237, 257, 268, 288
-0.994162, 193, 241, 448, 304
-0.994185, 161, 269, 288, 300
-0.994189, 109, 97, 140, 224
-0.994224, 205, 265, 220, 328
-0.9943, 393, 97, 456, 224
-0.994302, 225, 193, 480, 256
-0.994355, 193, 97, 224, 224
-0.994434, 129, 121, 160, 184
-0.994472, 9, 49, 72, 176
-0.994495, 189, 121, 220, 184
-0.994519, 305, 97, 432, 224
-0.99453, 133, 297, 164, 360
-0.994531, 179, 249, 194, 312
-0.994534, 217, 265, 232, 328
-0.994566, 129, 289, 384, 352
-0.994582, 1, 249, 256, 312
-0.994599, 247, 265, 262, 328
-0.994666, 327, 201, 342, 264
-0.994668, 271, 257, 286, 320
-0.994722, 297, 289, 328, 352
-0.99477, 345, 177, 376, 240
-0.994787, 225, 297, 480, 360
-0.994836, 333, 201, 348, 264
-0.994859, 193, 257, 208, 320
-0.994863, 1, 209, 500, 272
-0.994877, 393, 145, 456, 272
-0.994929, 1, 257, 500, 320
-0.994933, 227, 265, 242, 328
-0.994966, 255, 265, 270, 328
-0.995008, 339, 201, 354, 264
-0.995008, 169, 209, 200, 272
-0.995038, 257, 81, 320, 208
-0.995061, 145, 97, 176, 160
-0.995084, 199, 265, 214, 328
-0.99516, 261, 265, 276, 328
-0.995179, 1, 225, 256, 288
-0.995197, 367, 201, 382, 264
-0.995241, 49, 225, 176, 288
-0.995274, 129, 217, 256, 248
-0.995331, 177, 289, 304, 320
-0.995391, 229, 129, 260, 192
-0.99543, 209, 49, 336, 176
-0.995438, 205, 289, 220, 352
-0.995439, 345, 201, 360, 264
-0.995477, 199, 289, 214, 352
-0.995489, 361, 201, 376, 264
-0.995529, 211, 265, 226, 328
-0.995537, 97, 129, 352, 192
-0.995566, 303, 209, 318, 272
-0.995567, 185, 249, 200, 312
-0.995568, 143, 121, 158, 184
-0.995579, 273, 209, 400, 240
-0.995596, 321, 1, 448, 128
-0.9956, 221, 169, 252, 232
-0.995606, 125, 65, 156, 192
-0.995613, 113, 133, 240, 164
-0.995622, 1, 33, 128, 160
-0.99565, 185, 153, 216, 216
-0.995653, 169, 225, 184, 288
-0.99567, 57, 65, 120, 192
-0.995679, 381, 297, 412, 360
-0.995696, 277, 153, 308, 216
-0.995713, 131, 153, 146, 216
-0.995749, 329, 225, 360, 352
-0.995802, 97, 277, 224, 308
-0.995842, 113, 145, 240, 176
-0.995857, 33, 65, 96, 192
-0.995858, 193, 169, 448, 232
-0.99587, 113, 161, 240, 192
-0.995888, 1, 153, 500, 216
-0.995908, 169, 145, 200, 208
-0.995912, 351, 201, 366, 264
-0.995936, 221, 217, 252, 280
-0.995947, 129, 205, 256, 236
-0.99598, 1, 233, 500, 296
-0.995991, 149, 121, 164, 184
-0.996014, 175, 225, 190, 288
-0.996029, 225, 137, 480, 200
-0.996032, 209, 221, 336, 252
-0.996046, 321, 313, 448, 344
-0.996048, 265, 145, 296, 208
-0.996055, 155, 233, 170, 296
-0.996061, 117, 113, 148, 176
-0.996061, 213, 121, 244, 184
-0.996069, 145, 65, 176, 192
-0.996107, 149, 209, 164, 272
-0.996114, 269, 289, 284, 352
-0.996119, 217, 289, 232, 352
-0.99612, 231, 289, 246, 352
-0.996122, 73, 281, 88, 344
-0.996146, 181, 201, 212, 264
-0.996161, 129, 229, 256, 260
-0.996181, 177, 257, 304, 288
-0.996211, 313, 177, 344, 240
-0.996218, 177, 245, 304, 276
-0.99622, 245, 137, 276, 200
-0.996228, 173, 249, 188, 312
-0.996232, 297, 209, 312, 272
-0.996235, 1, 201, 256, 264
-0.996238, 163, 241, 178, 304
-0.996251, 239, 289, 254, 352
-0.996255, 193, 317, 320, 348
-0.996258, 337, 225, 368, 288
-0.996261, 369, 301, 496, 332
-0.996263, 193, 265, 448, 328
-0.996269, 97, 289, 224, 320
-0.99628, 225, 257, 352, 288
-0.99629, 393, 177, 424, 304
-0.996291, 247, 289, 262, 352
-0.996299, 309, 209, 324, 272
-0.996305, 273, 225, 400, 256
-0.996338, 263, 289, 278, 352
-0.996342, 137, 209, 152, 272
-0.996356, 321, 325, 448, 356
-0.996357, 153, 49, 216, 176
-0.996363, 273, 1, 400, 128
-0.996377, 301, 233, 316, 296
-0.996386, 417, 209, 432, 272
-0.996386, 1, 129, 500, 192
-0.996411, 373, 201, 388, 264
-0.996413, 369, 221, 496, 252
-0.996418, 341, 225, 372, 352
-0.996446, 277, 289, 292, 352
-0.996448, 161, 161, 288, 192
-0.996449, 131, 193, 146, 256
-0.996449, 319, 209, 334, 272
-0.996453, 445, 289, 460, 352
-0.996461, 49, 281, 176, 312
-0.996474, 161, 217, 176, 280
-0.99648, 11, 265, 26, 328
-0.996483, 289, 249, 304, 312
-0.996491, 143, 209, 158, 272
-0.9965, 225, 185, 352, 216
-0.996503, 431, 209, 446, 272
-0.996509, 241, 305, 368, 336
-0.996516, 193, 173, 320, 204
-0.996517, 65, 257, 96, 320
-0.996521, 213, 81, 244, 208
-0.996524, 1, 177, 256, 240
-0.996527, 49, 329, 176, 360
-0.996533, 1, 281, 500, 344
-0.996562, 427, 289, 442, 352
-0.996574, 53, 257, 84, 320
-0.996587, 1, 121, 256, 184
-0.996589, 1, 265, 16, 328
-0.996592, 55, 281, 70, 344
-0.996615, 97, 249, 224, 280
-0.996624, 277, 249, 292, 312
-0.996629, 437, 217, 468, 280
-0.996631, 105, 265, 136, 328
-0.996632, 157, 81, 188, 208
-0.996652, 423, 209, 438, 272
-0.996668, 109, 137, 140, 200
-0.99668, 411, 209, 426, 272
-0.996691, 225, 285, 352, 316
-0.996696, 283, 249, 298, 312
-0.996698, 225, 197, 352, 228
-0.996698, 137, 137, 152, 200
-0.996702, 13, 225, 44, 352
-0.996735, 439, 289, 454, 352
-0.996754, 185, 225, 200, 288
-0.996769, 1, 281, 128, 312
-0.996786, 451, 297, 466, 360
-0.996793, 177, 301, 304, 332
-0.996801, 259, 161, 274, 224
-0.996809, 257, 153, 384, 216
-0.996813, 401, 225, 432, 352
-0.996837, 257, 245, 384, 276
-0.996839, 145, 325, 272, 356
-0.996844, 61, 281, 76, 344
-0.996862, 65, 237, 192, 268
-0.996863, 419, 297, 434, 360
-0.996863, 49, 317, 176, 348
-0.996868, 225, 209, 352, 240
-0.996875, 129, 305, 256, 336
-0.996881, 433, 297, 448, 360
-0.996882, 289, 153, 320, 216
-0.996886, 79, 281, 94, 344
-0.996894, 155, 209, 170, 272
-0.996894, 155, 273, 170, 336
-0.996897, 117, 257, 148, 320
-0.996917, 285, 273, 316, 336
-0.996926, 189, 281, 204, 344
-0.996928, 325, 225, 340, 288
-0.996929, 245, 241, 260, 304
-0.996933, 225, 289, 240, 352
-0.996934, 291, 217, 306, 280
-0.996936, 313, 185, 328, 248
-0.996947, 273, 249, 400, 312
-0.996964, 241, 317, 368, 348
-0.996973, 17, 273, 32, 336
-0.996982, 33, 297, 160, 328
-0.996996, 65, 225, 192, 256
-0.997016, 149, 233, 164, 296
-0.997038, 129, 121, 256, 152
-0.997039, 161, 89, 288, 152
-0.99704, 155, 129, 170, 192
-0.997057, 277, 129, 308, 256
-0.997059, 1, 313, 128, 344
-0.997061, 369, 317, 496, 348
-0.997083, 265, 169, 280, 232
-0.997084, 1, 329, 128, 360
-0.997084, 255, 289, 270, 352
-0.997089, 217, 241, 232, 304
-0.997094, 459, 297, 474, 360
-0.997114, 325, 129, 356, 256
-0.997116, 149, 273, 164, 336
-0.997123, 191, 233, 206, 296
-0.997132, 279, 225, 294, 288
-0.997142, 255, 241, 270, 304
-0.997142, 49, 297, 64, 360
-0.997146, 233, 81, 264, 208
-0.997155, 295, 241, 310, 304
-0.997159, 1, 249, 128, 312
-0.997161, 39, 297, 54, 360
-0.997176, 111, 297, 126, 360
-0.997177, 113, 185, 240, 216
-0.99718, 123, 273, 138, 336
-0.997182, 369, 193, 496, 256
-0.997185, 65, 129, 192, 160
-0.997188, 211, 289, 226, 352
-0.997191, 263, 241, 278, 304
-0.997194, 123, 169, 138, 232
-0.997203, 1, 249, 32, 312
-0.997211, 379, 201, 394, 264
-0.997213, 215, 193, 230, 256
-0.997218, 251, 161, 266, 224
-0.997249, 161, 149, 288, 180
-0.997257, 177, 209, 304, 240
-0.997262, 481, 297, 496, 360
-0.997268, 405, 209, 420, 272
-0.997293, 321, 205, 448, 236
-0.997294, 357, 297, 372, 360
-0.997298, 97, 261, 224, 292
-0.997298, 209, 233, 336, 264
-0.997306, 175, 273, 190, 336
-0.997308, 255, 193, 270, 256
-0.997317, 237, 153, 252, 216
-0.997332, 233, 241, 248, 304
-0.997332, 87, 273, 102, 336
-0.997339, 333, 177, 364, 240
-0.99735, 437, 209, 452, 272
-0.99735, 245, 153, 260, 216
-0.997372, 247, 193, 262, 256
-0.997379, 221, 193, 236, 256
-0.997388, 183, 281, 198, 344
-0.997397, 285, 297, 300, 360
-0.9974, 45, 273, 60, 336
-0.997406, 67, 281, 82, 344
-0.997408, 49, 205, 176, 236
-0.997408, 385, 185, 416, 248
-0.997409, 97, 317, 224, 348
-0.997413, 209, 329, 336, 360
-0.997429, 307, 233, 322, 296
-0.997433, 191, 261, 206, 292
-0.997436, 193, 113, 448, 176
-0.997436, 307, 185, 322, 248
-0.997441, 409, 297, 424, 360
-0.997453, 129, 273, 144, 336
-0.997454, 103, 297, 118, 360
-0.997457, 321, 301, 448, 332
-0.997459, 97, 289, 112, 352
-0.997472, 201, 121, 232, 184
-0.997476, 375, 213, 390, 244
-0.997485, 199, 241, 214, 304
-0.99749, 345, 129, 376, 256
-0.997491, 137, 97, 168, 352
-0.997497, 81, 305, 208, 336
-0.997507, 227, 241, 242, 304
-0.997511, 227, 145, 242, 208
-0.997518, 81, 257, 112, 320
-0.997542, 363, 297, 378, 360
-0.997542, 161, 273, 176, 336
-0.997545, 331, 225, 346, 288
-0.99755, 141, 241, 172, 304
-0.997562, 413, 217, 428, 248
-0.997606, 207, 241, 222, 304
-0.997607, 369, 213, 384, 244
-0.997611, 381, 213, 396, 244
-0.997616, 353, 209, 368, 240
-0.99762, 179, 129, 194, 192
-0.997633, 97, 173, 224, 204
-0.997647, 397, 213, 412, 244
-0.997648, 265, 273, 280, 304
-0.997652, 161, 1, 288, 128
-0.997659, 407, 217, 422, 248
-0.997667, 369, 209, 496, 240
-0.99771, 363, 209, 378, 240
-0.997718, 183, 257, 198, 288
-0.997721, 259, 265, 274, 296
-0.997724, 199, 289, 214, 320
-0.997725, 65, 117, 192, 148
-0.997726, 273, 197, 400, 228
-0.997735, 347, 213, 362, 244
-0.997738, 359, 313, 374, 344
-0.99775, 273, 329, 400, 360
-0.997764, 145, 125, 160, 156
-0.997772, 1, 269, 128, 300
-0.997785, 97, 97, 352, 160
-0.997788, 337, 273, 464, 336
-0.997808, 33, 189, 160, 220
-0.997821, 349, 225, 380, 288
-0.997822, 177, 197, 304, 228
-0.997833, 185, 273, 200, 304
-0.99784, 33, 165, 160, 196
-0.997848, 139, 217, 154, 248
-0.997858, 277, 97, 308, 352
-0.997862, 33, 145, 160, 176
-0.997894, 229, 289, 244, 320
-0.997918, 391, 217, 406, 248
-0.99792, 335, 213, 350, 244
-0.997929, 419, 217, 434, 248
-0.997929, 273, 261, 288, 292
-0.99793, 273, 293, 400, 324
-0.997937, 237, 301, 252, 332
-0.99795, 97, 1, 224, 128
-0.997953, 97, 329, 224, 360
-0.997957, 357, 325, 372, 356
-0.997973, 201, 265, 216, 296
-0.997975, 239, 285, 254, 316
-0.997975, 253, 269, 268, 300
-0.997982, 341, 213, 356, 244
-0.997987, 369, 329, 496, 360
-0.998005, 179, 273, 194, 304
-0.99801, 209, 269, 336, 300
-0.998012, 485, 317, 500, 348
-0.998015, 429, 293, 444, 324
-0.998024, 215, 301, 230, 332
-0.998027, 185, 269, 248, 284
-0.998029, 241, 149, 368, 180
-0.998031, 133, 97, 164, 160
-0.998036, 363, 329, 378, 360
-0.99804, 317, 217, 332, 248
-0.998055, 177, 253, 192, 284
-0.998056, 301, 237, 316, 268
-0.998065, 261, 297, 276, 328
-0.998071, 279, 245, 294, 276
-0.998079, 255, 301, 270, 332
-0.99808, 243, 297, 258, 328
-0.99808, 293, 177, 308, 208
-0.998081, 225, 301, 240, 332
-0.998081, 255, 285, 270, 316
-0.998083, 231, 269, 246, 300
-0.9981, 209, 161, 336, 192
-0.998109, 193, 1, 448, 64
-0.998111, 231, 305, 246, 336
-0.998117, 325, 213, 340, 244
-0.998118, 367, 317, 382, 348
-0.998121, 215, 265, 230, 296
-0.998131, 213, 289, 228, 320
-0.998136, 257, 173, 384, 204
-0.998144, 273, 289, 288, 320
-0.998146, 289, 97, 320, 352
-0.998147, 205, 293, 220, 324
-0.998147, 353, 313, 368, 344
-0.998159, 193, 273, 208, 304
-0.998164, 249, 305, 264, 336
-0.998165, 261, 285, 276, 316
-0.998167, 129, 165, 144, 196
-0.998171, 207, 309, 222, 340
-0.99818, 413, 225, 444, 352
-0.998183, 347, 321, 362, 352
-0.998188, 147, 229, 162, 260
-0.998192, 173, 277, 188, 308
-0.998209, 165, 285, 180, 316
-0.998214, 485, 305, 500, 336
-0.998222, 49, 269, 176, 300
-0.998225, 143, 137, 158, 168
-0.998226, 433, 221, 448, 252
-0.998243, 329, 225, 344, 256
-0.99825, 33, 177, 160, 208
-0.998251, 239, 269, 254, 300
-0.998258, 283, 173, 298, 204
-0.998262, 439, 221, 454, 252
-0.998263, 219, 313, 234, 344
-0.998263, 51, 277, 66, 308
-0.998271, 245, 269, 260, 300
-0.998274, 425, 113, 488, 240
-0.998277, 199, 301, 214, 332
-0.998279, 321, 229, 448, 260
-0.998281, 393, 221, 456, 236
-0.998298, 289, 253, 304, 284
-0.998298, 131, 289, 146, 320
-0.9983, 427, 221, 442, 252
-0.998301, 423, 297, 438, 328
-0.998306, 157, 241, 172, 272
-0.998308, 161, 133, 288, 164
-0.99831, 281, 257, 296, 288
-0.998328, 329, 223, 392, 238
-0.998328, 451, 317, 466, 348
-0.998328, 225, 269, 240, 300
-0.998337, 313, 229, 328, 260
-0.998338, 71, 285, 86, 316
-0.998344, 71, 321, 86, 352
-0.998345, 369, 1, 496, 128
-0.998353, 265, 261, 280, 292
-0.998354, 193, 285, 208, 316
-0.998354, 329, 325, 344, 356
-0.998357, 201, 305, 264, 320
-0.998359, 133, 153, 148, 184
-0.99836, 165, 245, 180, 276
-0.998361, 77, 293, 92, 324
-0.998366, 445, 221, 460, 252
-0.99837, 301, 129, 332, 256
-0.998374, 233, 65, 296, 192
-0.998377, 273, 249, 288, 280
-0.998382, 151, 117, 166, 148
-0.998382, 245, 285, 260, 316
-0.998387, 261, 97, 292, 352
-0.998388, 1, 105, 500, 168
-0.998394, 17, 277, 32, 308
-0.998395, 185, 285, 200, 316
-0.998397, 313, 225, 344, 352
-0.998405, 295, 245, 310, 276
-0.998407, 207, 321, 222, 352
-0.998407, 267, 293, 282, 324
-0.998408, 179, 285, 194, 316
-0.998408, 357, 225, 388, 352
-0.998408, 273, 185, 400, 216
-0.998409, 223, 289, 238, 320
-0.998422, 33, 73, 288, 136
-0.998424, 65, 329, 80, 360
-0.998426, 401, 297, 464, 312
-0.998427, 393, 227, 456, 242
-0.998434, 1, 269, 16, 300
-0.998435, 129, 131, 192, 146
-0.998435, 125, 285, 140, 316
-0.998437, 1, 283, 64, 298
-0.998439, 123, 317, 138, 348
-0.998442, 477, 325, 492, 356
-0.998445, 479, 309, 494, 340
-0.998451, 213, 303, 244, 318
-0.998451, 113, 329, 144, 344
-0.998451, 387, 205, 402, 236
-0.998452, 233, 207, 264, 222
-0.998452, 329, 315, 360, 330
-0.998452, 45, 283, 76, 298
-0.998452, 353, 337, 384, 352
-0.998453, 141, 237, 172, 252
-0.998453, 205, 329, 236, 344
-0.998454, 277, 243, 308, 258
-0.998454, 469, 309, 500, 324
-0.998454, 21, 331, 52, 346
-0.998455, 189, 337, 220, 352
-0.998455, 403, 313, 418, 344
-0.998455, 205, 317, 236, 332
-0.998455, 9, 289, 72, 304
-0.998456, 41, 293, 72, 308
-0.998456, 145, 173, 272, 204
-0.998456, 273, 301, 304, 316
-0.998457, 185, 277, 216, 292
-0.998457, 339, 201, 354, 232
-0.998458, 437, 317, 468, 332
-0.998458, 53, 333, 84, 348
-0.998458, 155, 281, 170, 312
-0.998459, 209, 297, 240, 312
-0.998459, 169, 345, 200, 360
-0.998459, 257, 291, 288, 306
-0.99846, 213, 267, 244, 282
-0.99846, 73, 295, 104, 310
-0.99846, 53, 311, 84, 326
-0.99846, 49, 289, 64, 320
-0.99846, 249, 165, 280, 180
-0.998461, 225, 309, 256, 324
-0.998461, 149, 225, 180, 240
-0.998461, 335, 225, 350, 256
-0.998462, 29, 293, 60, 308
-0.998462, 129, 167, 160, 182
-0.998463, 145, 279, 176, 294
-0.998463, 117, 293, 148, 308
-0.998463, 33, 305, 64, 320
-0.998463, 207, 265, 222, 296
-0.998465, 301, 237, 332, 252
-0.998465, 5, 321, 36, 336
-0.998465, 241, 291, 272, 306
-0.998466, 297, 217, 360, 232
-0.998467, 197, 325, 212, 356
-0.998467, 333, 337, 364, 352
-0.998467, 173, 335, 204, 350
-0.998468, 337, 217, 368, 232
-0.998468, 49, 341, 80, 356
-0.998468, 151, 129, 166, 160
-0.998468, 261, 301, 292, 316
-0.998468, 349, 309, 380, 324
-0.998469, 73, 305, 104, 320
-0.998469, 225, 317, 256, 332
-0.998471, 437, 297, 468, 312
-0.998471, 177, 259, 208, 274
-0.998471, 313, 345, 344, 360
-0.998471, 225, 289, 256, 304
-0.998472, 237, 311, 268, 326
-0.998472, 445, 229, 476, 244
-0.998472, 141, 145, 172, 160
-0.998473, 405, 227, 436, 242
-0.998474, 145, 277, 160, 308
-0.998474, 307, 233, 322, 264
-0.998474, 45, 325, 60, 356
-0.998475, 233, 157, 264, 172
-0.998475, 83, 285, 98, 316
-0.998475, 149, 243, 180, 258
-0.998475, 121, 283, 152, 298
-0.998475, 301, 211, 332, 226
-0.998477, 257, 179, 320, 194
-0.998477, 221, 153, 252, 168
-0.998478, 313, 217, 344, 232
-0.998478, 165, 289, 196, 304
-0.998481, 241, 157, 256, 188
-0.998481, 27, 325, 42, 356
-0.998481, 251, 161, 266, 192
-0.998481, 181, 283, 212, 298
-0.998482, 133, 279, 164, 294
-0.998484, 253, 177, 284, 192
-0.998484, 353, 221, 416, 236
-0.998484, 1, 287, 32, 302
-0.998486, 249, 297, 280, 312
-0.998487, 139, 149, 154, 180
-0.998487, 225, 205, 240, 236
-0.99849, 381, 215, 412, 230
-0.998491, 457, 301, 472, 332
-0.998491, 61, 279, 92, 294
-0.998492, 393, 227, 424, 242
-0.998492, 261, 165, 276, 196
-0.998492, 157, 135, 188, 150
-0.998492, 313, 337, 344, 352
-0.998492, 333, 313, 348, 344
-0.998494, 325, 217, 356, 232
-0.998494, 81, 289, 112, 304
-0.998495, 171, 245, 186, 276
-0.998495, 157, 127, 188, 142
-0.998495, 273, 249, 304, 264
-0.998495, 361, 213, 424, 228
-0.998496, 361, 211, 392, 226
-0.998496, 1, 97, 256, 160
-0.998497, 281, 255, 312, 270
-0.998498, 45, 327, 76, 342
-0.998499, 353, 319, 384, 334
-0.998499, 249, 285, 280, 300
-0.9985, 249, 311, 280, 326
-0.998501, 141, 133, 172, 148
-0.998501, 171, 293, 186, 324
-0.998503, 213, 289, 244, 304
-0.998503, 161, 249, 192, 264
-0.998504, 221, 323, 252, 338
-0.998504, 365, 327, 396, 342
-0.998505, 273, 261, 304, 276
-0.998507, 29, 287, 60, 302
-0.998507, 193, 295, 224, 310
-0.998509, 341, 323, 372, 338
-0.99851, 185, 307, 216, 322
-0.998511, 193, 313, 224, 328
-0.998511, 53, 289, 84, 304
-0.998511, 373, 221, 404, 236
-0.998515, 157, 283, 188, 298
-0.998518, 205, 323, 236, 338
-0.998519, 237, 303, 268, 318
-0.99852, 333, 343, 364, 358
-0.998522, 177, 271, 208, 286
-0.998523, 33, 331, 64, 346
-0.998523, 205, 309, 236, 324
-0.998523, 9, 327, 40, 342
-0.998523, 393, 215, 424, 230
-0.998524, 13, 283, 44, 298
-0.998527, 25, 325, 56, 340
-0.998528, 249, 305, 280, 320
-0.998529, 137, 289, 168, 304
-0.998532, 313, 231, 344, 246
-0.998534, 161, 277, 192, 292
-0.998534, 357, 219, 388, 234
-0.998535, 161, 185, 288, 216
-0.998535, 237, 297, 268, 312
-0.998536, 201, 303, 232, 318
-0.998537, 277, 179, 308, 194
-0.998538, 141, 139, 172, 154
-0.998542, 265, 181, 296, 196
-0.998542, 261, 265, 292, 280
-0.998543, 193, 289, 256, 304
-0.998545, 189, 263, 220, 278
-0.998548, 193, 289, 224, 304
-0.99855, 325, 227, 356, 242
-0.99855, 353, 331, 384, 346
-0.998553, 177, 289, 208, 304
-0.998554, 245, 269, 276, 284
-0.998557, 225, 303, 256, 318
-0.998568, 169, 307, 232, 322
-0.99857, 405, 221, 436, 236
-0.99857, 425, 295, 456, 310
-0.99857, 345, 223, 376, 238
-0.998572, 321, 319, 384, 334
-0.998572, 209, 137, 336, 168
-0.998577, 385, 221, 416, 236
-0.998578, 433, 227, 464, 242
-0.99858, 189, 271, 220, 286
-0.99858, 97, 1, 352, 64
-0.998583, 161, 275, 224, 290
-0.998587, 345, 313, 408, 328
-0.998588, 225, 299, 288, 314
-0.998592, 265, 175, 296, 190
-0.998595, 313, 329, 376, 344
-0.998597, 421, 223, 452, 238
-0.998597, 177, 121, 304, 152
-0.9986, 161, 97, 192, 352
-0.998609, 225, 287, 288, 302
-0.998613, 129, 139, 192, 154
-0.998617, 33, 295, 96, 310
-0.998618, 217, 323, 280, 338
-0.998619, 153, 295, 216, 310
-0.99862, 225, 267, 288, 282
-0.99862, 249, 97, 280, 352
-0.998623, 141, 127, 172, 142
-0.998627, 337, 211, 400, 226
-0.998629, 137, 229, 200, 244
-0.998639, 321, 313, 384, 328
-0.998644, 329, 335, 392, 350
-0.998646, 129, 151, 192, 166
-0.998647, 185, 299, 248, 314
-0.998648, 153, 289, 216, 304
-0.998651, 201, 267, 232, 282
-0.998654, 233, 175, 296, 190
-0.998655, 201, 157, 264, 172
-0.998658, 257, 161, 384, 192
-0.998661, 433, 309, 496, 324
-0.998663, 137, 125, 200, 140
-0.998664, 129, 279, 192, 294
-0.998665, 385, 319, 448, 334
-0.998669, 265, 185, 328, 200
-0.998673, 193, 97, 224, 352
-0.998674, 177, 313, 240, 328
-0.998676, 305, 343, 368, 358
-0.998683, 209, 209, 272, 224
-0.998685, 393, 303, 456, 318
-0.998686, 193, 325, 256, 340
-0.998692, 321, 285, 448, 316
-0.998694, 257, 263, 320, 278
-0.998695, 49, 281, 112, 296
-0.998696, 129, 109, 256, 140
-0.998697, 369, 227, 432, 242
-0.998698, 9, 331, 72, 346
-0.9987, 41, 301, 104, 316
-0.9987, 425, 315, 488, 330
-0.998711, 289, 97, 320, 224
-0.998711, 357, 129, 388, 256
-0.998715, 225, 307, 288, 322
-0.998718, 225, 1, 352, 128
-0.998718, 25, 343, 88, 358
-0.998718, 97, 281, 160, 296
-0.99872, 353, 327, 416, 342
-0.99873, 53, 225, 84, 352
-0.998732, 433, 303, 496, 318
-0.998734, 385, 215, 448, 230
-0.998735, 353, 307, 416, 322
-0.998738, 305, 337, 368, 352
-0.998738, 265, 301, 328, 316
-0.998742, 65, 291, 128, 306
-0.998748, 305, 227, 368, 242
-0.998758, 217, 317, 280, 332
-0.998758, 9, 295, 72, 310
-0.99876, 201, 311, 264, 326
-0.998763, 241, 315, 304, 330
-0.998764, 361, 319, 424, 334
-0.998765, 121, 167, 184, 182
-0.998769, 281, 337, 344, 352
-0.998769, 153, 283, 216, 298
-0.998782, 129, 145, 192, 160
-0.998785, 249, 213, 312, 228
-0.998787, 417, 227, 480, 242
-0.998793, 57, 345, 120, 360
-0.998796, 81, 301, 144, 316
-0.998796, 153, 261, 216, 276
-0.998799, 129, 339, 192, 354
-0.998801, 9, 317, 72, 332
-0.998802, 289, 235, 352, 250
-0.998804, 9, 325, 72, 340
-0.998808, 217, 165, 280, 180
-0.998809, 57, 307, 120, 322
-0.99881, 25, 279, 88, 294
-0.998812, 185, 263, 248, 278
-0.998816, 257, 173, 320, 188
-0.998816, 233, 183, 296, 198
-0.998819, 265, 227, 328, 242
-0.998821, 281, 343, 344, 358
-0.998822, 265, 309, 328, 324
-0.998826, 41, 287, 104, 302
-0.998827, 257, 89, 500, 152
-0.998828, 401, 309, 464, 324
-0.998829, 305, 207, 368, 222
-0.998829, 273, 257, 336, 272
-0.998834, 173, 97, 204, 352
-0.998836, 249, 247, 312, 262
-0.998838, 145, 307, 208, 322
-0.998838, 25, 337, 88, 352
-0.998839, 1, 1, 256, 64
-0.998842, 137, 217, 200, 232
-0.998844, 129, 157, 192, 172
-0.998845, 185, 211, 248, 226
-0.99885, 241, 293, 304, 308
-0.99885, 129, 289, 192, 304
-0.998854, 249, 207, 312, 222
-0.998854, 113, 239, 176, 254
-0.998854, 137, 253, 200, 268
-0.998857, 177, 319, 240, 334
-0.998865, 273, 209, 336, 224
-0.99887, 65, 105, 192, 136
-0.998874, 317, 65, 348, 320
-0.998875, 169, 339, 232, 354
-0.998877, 57, 335, 120, 350
-0.99888, 329, 341, 392, 356
-0.998884, 113, 173, 176, 188
-0.998885, 121, 245, 184, 260
-0.998885, 97, 333, 160, 348
-0.998886, 153, 135, 216, 150
-0.998888, 289, 305, 352, 320
-0.998888, 121, 97, 152, 352
-0.998889, 289, 325, 352, 340
-0.99889, 229, 97, 260, 352
-0.998892, 169, 327, 232, 342
-0.998896, 161, 269, 224, 284
-0.998899, 153, 345, 216, 360
-0.9989, 377, 325, 440, 340
-0.998903, 257, 25, 500, 88
-0.998907, 9, 303, 72, 318
-0.998907, 433, 321, 496, 336
-0.998908, 105, 291, 168, 306
-0.998911, 73, 283, 136, 298
-0.998915, 193, 283, 256, 298
-0.998916, 217, 329, 280, 344
-0.998916, 105, 223, 168, 238
-0.998917, 225, 203, 288, 218
-0.998924, 149, 97, 180, 352
-0.998925, 265, 191, 328, 206
-0.998925, 49, 325, 112, 340
-0.998928, 433, 343, 496, 358
-0.998965, 129, 73, 384, 136
-0.99897, 369, 289, 496, 320
-0.998973, 33, 225, 64, 352
-0.998974, 125, 225, 156, 352
-0.998983, 143, 209, 158, 336
-0.998991, 257, 273, 384, 304
-0.999011, 273, 257, 400, 288
-0.999016, 49, 1, 176, 128
-0.999029, 155, 225, 170, 352
-0.999034, 187, 225, 202, 352
-0.999039, 337, 193, 464, 224
-0.999048, 263, 209, 278, 336
-0.999056, 137, 129, 152, 256
-0.999067, 131, 145, 146, 272
-0.999074, 305, 173, 432, 204
-0.999076, 261, 161, 276, 288
-0.999082, 285, 225, 300, 352
-0.999083, 293, 193, 308, 320
-0.999092, 209, 97, 240, 352
-0.999094, 279, 225, 294, 352
-0.999098, 33, 1, 96, 128
-0.999103, 213, 209, 228, 336
-0.999105, 239, 209, 254, 336
-0.999116, 271, 225, 286, 352
-0.999119, 227, 209, 242, 336
-0.999121, 345, 97, 376, 352
-0.999127, 161, 49, 288, 176
-0.999129, 331, 177, 346, 304
-0.999132, 203, 209, 218, 336
-0.999135, 221, 209, 236, 336
-0.999143, 339, 177, 354, 304
-0.999147, 285, 177, 300, 304
-0.999151, 197, 225, 212, 352
-0.999156, 253, 209, 268, 336
-0.999159, 299, 193, 314, 320
-0.999169, 309, 177, 324, 304
-0.99917, 161, 225, 176, 352
-0.999177, 169, 209, 184, 336
-0.999181, 255, 161, 270, 288
-0.999186, 315, 177, 330, 304
-0.999187, 1, 49, 256, 112
-0.999188, 325, 177, 340, 304
-0.999188, 247, 209, 262, 336
-0.999189, 369, 233, 496, 264
-0.999191, 347, 177, 362, 304
-0.999195, 161, 97, 288, 128
-0.999202, 233, 209, 248, 336
-0.99923, 175, 225, 190, 352
-0.999232, 181, 225, 196, 352
-0.999235, 225, 65, 480, 128
-0.999238, 267, 161, 282, 288
-0.999242, 385, 225, 416, 352
-0.999245, 279, 161, 294, 288
-0.999247, 429, 225, 460, 352
-0.999251, 177, 109, 304, 140
-0.999261, 357, 177, 372, 304
-0.999275, 149, 209, 164, 336
-0.999277, 249, 161, 264, 288
-0.999285, 265, 1, 328, 128
-0.999297, 65, 93, 192, 124
-0.999298, 155, 177, 170, 304
-0.999304, 301, 97, 332, 352
-0.999305, 241, 1, 368, 32
-0.999305, 369, 17, 496, 48
-0.999314, 17, 125, 144, 156
-0.999317, 137, 193, 152, 320
-0.999322, 17, 5, 144, 36
-0.99933, 369, 1, 432, 128
-0.999337, 321, 9, 448, 40
-0.999337, 365, 177, 380, 304
-0.999348, 97, 1, 224, 32
-0.999356, 273, 161, 288, 288
-0.999357, 273, 13, 400, 44
-0.999359, 193, 1, 320, 32
-0.999363, 371, 177, 386, 304
-0.999364, 131, 193, 146, 320
-0.999366, 143, 113, 158, 240
-0.999367, 257, 113, 272, 240
-0.999369, 303, 145, 318, 272
-0.99937, 125, 145, 140, 272
-0.999372, 333, 97, 364, 352
-0.999375, 239, 161, 254, 288
-0.999379, 305, 225, 320, 352
-0.999383, 365, 97, 396, 352
-0.99939, 147, 161, 162, 288
-0.999391, 267, 113, 282, 240
-0.999391, 145, 1, 272, 32
-0.999396, 353, 29, 480, 60
-0.999402, 179, 145, 194, 272
-0.999406, 241, 101, 368, 132
-0.999409, 377, 177, 392, 304
-0.999413, 161, 177, 176, 304
-0.999414, 249, 113, 264, 240
-0.999418, 243, 113, 258, 240
-0.99942, 241, 113, 368, 144
-0.999424, 161, 85, 288, 116
-0.999425, 187, 161, 202, 288
-0.999435, 17, 97, 144, 128
-0.999441, 97, 77, 224, 108
-0.999457, 1, 109, 128, 140
-0.999459, 211, 129, 226, 256
-0.999463, 143, 145, 158, 160
-0.999463, 335, 225, 350, 240
-0.999463, 271, 301, 286, 316
-0.999463, 375, 225, 390, 240
-0.999464, 149, 97, 164, 224
-0.999465, 231, 305, 246, 320
-0.999466, 347, 217, 362, 232
-0.999466, 227, 319, 242, 334
-0.999467, 145, 279, 160, 294
-0.999468, 301, 181, 316, 196
-0.999469, 193, 289, 208, 304
-0.999469, 227, 129, 242, 256
-0.99947, 89, 303, 104, 318
-0.999472, 257, 307, 272, 322
-0.999472, 345, 1, 408, 128
-0.999473, 183, 285, 198, 300
-0.999473, 217, 129, 232, 256
-0.999473, 383, 177, 398, 304
-0.999475, 233, 129, 248, 256
-0.999475, 297, 145, 312, 272
-0.999475, 295, 249, 310, 264
-0.999475, 205, 129, 220, 256
-0.999476, 173, 113, 188, 240
-0.999476, 287, 245, 302, 260
-0.999479, 399, 215, 414, 230
-0.99948, 65, 65, 192, 96
-0.99948, 311, 225, 326, 352
-0.999483, 75, 293, 90, 308
-0.999483, 1, 73, 128, 104
-0.999485, 69, 225, 100, 352
-0.999488, 199, 331, 214, 346
-0.999488, 345, 223, 360, 238
-0.999488, 369, 331, 384, 346
-0.999488, 265, 181, 280, 196
-0.99949, 65, 343, 80, 358
-0.999492, 131, 167, 146, 182
-0.999493, 139, 153, 154, 168
-0.999494, 321, 339, 336, 354
-0.999494, 5, 285, 20, 300
-0.999495, 141, 129, 156, 144
-0.999495, 341, 217, 356, 232
-0.999496, 197, 161, 212, 288
-0.999496, 239, 307, 254, 322
-0.999497, 177, 13, 304, 44
-0.999497, 3, 327, 18, 342
-0.999502, 205, 327, 220, 342
-0.999502, 159, 283, 174, 298
-0.999503, 53, 337, 68, 352
-0.999503, 229, 289, 244, 304
-0.999505, 179, 97, 194, 224
-0.999506, 273, 133, 400, 164
-0.999506, 17, 289, 32, 304
-0.999508, 369, 145, 496, 176
-0.999508, 49, 289, 64, 304
-0.999509, 159, 289, 174, 304
-0.999509, 325, 129, 340, 256
-0.99951, 333, 343, 348, 358
-0.999511, 263, 293, 278, 308
-0.999511, 361, 309, 376, 324
-0.999512, 273, 113, 288, 240
-0.999513, 403, 227, 418, 242
-0.999513, 291, 145, 306, 272
-0.999514, 23, 289, 38, 304
-0.999517, 305, 117, 432, 148
-0.999518, 187, 277, 202, 292
-0.999519, 171, 249, 186, 264
-0.999519, 245, 305, 260, 320
-0.999519, 315, 129, 330, 256
-0.99952, 375, 219, 390, 234
-0.99952, 71, 345, 86, 360
-0.999522, 337, 129, 352, 256
-0.999522, 155, 129, 170, 256
-0.999523, 253, 287, 268, 302
-0.999523, 97, 49, 352, 112
-0.999523, 197, 295, 212, 310
-0.999524, 369, 41, 496, 72
-0.999525, 393, 177, 408, 304
-0.999526, 239, 289, 254, 304
-0.999526, 357, 335, 372, 350
-0.999526, 17, 85, 144, 116
-0.999527, 27, 283, 42, 298
-0.999528, 209, 89, 336, 120
-0.999528, 265, 275, 280, 290
-0.99953, 357, 213, 372, 228
-0.99953, 151, 285, 166, 300
-0.999535, 45, 329, 60, 344
-0.99954, 131, 81, 146, 208
-0.999541, 281, 249, 296, 264
-0.999543, 321, 1, 384, 128
-0.999543, 381, 225, 396, 240
-0.999545, 173, 161, 188, 288
-0.999546, 369, 5, 496, 36
-0.999546, 145, 73, 272, 104
-0.999547, 185, 97, 200, 224
-0.999547, 245, 299, 260, 314
-0.999547, 289, 305, 304, 320
-0.999548, 331, 129, 346, 256
-0.999551, 121, 97, 136, 224
-0.999552, 401, 225, 416, 352
-0.999553, 381, 129, 412, 256
-0.999554, 177, 289, 192, 304
-0.999556, 17, 217, 144, 248
-0.999557, 271, 181, 286, 196
-0.999557, 193, 271, 208, 286
-0.99956, 263, 285, 278, 300
-0.999561, 177, 253, 192, 268
-0.999561, 349, 129, 364, 256
-0.999561, 221, 81, 236, 208
-0.999562, 321, 145, 448, 176
-0.999562, 195, 97, 210, 224
-0.999562, 279, 113, 294, 240
-0.999562, 117, 225, 132, 352
-0.999564, 211, 81, 226, 208
-0.999565, 363, 225, 378, 352
-0.999567, 429, 293, 444, 308
-0.999568, 205, 305, 220, 320
-0.999568, 205, 287, 220, 302
-0.999569, 355, 323, 370, 338
-0.99957, 141, 225, 156, 240
-0.99957, 139, 65, 154, 192
-0.99957, 37, 327, 52, 342
-0.999571, 355, 225, 370, 352
-0.999573, 363, 325, 378, 340
-0.999574, 305, 25, 432, 56
-0.999576, 213, 267, 228, 282
-0.999576, 343, 129, 358, 256
-0.999578, 113, 93, 240, 124
-0.999578, 369, 219, 384, 234
-0.999579, 239, 295, 254, 310
-0.99958, 167, 81, 182, 208
-0.999581, 309, 129, 324, 256
-0.999581, 295, 181, 310, 196
-0.999581, 197, 307, 212, 322
-0.999581, 287, 177, 302, 192
-0.999581, 185, 259, 200, 274
-0.999582, 329, 227, 344, 242
-0.999583, 217, 321, 232, 336
-0.999583, 225, 307, 240, 322
-0.999584, 155, 81, 170, 208
-0.999584, 233, 81, 248, 208
-0.999584, 323, 225, 338, 352
-0.999585, 401, 177, 416, 304
-0.999587, 201, 81, 216, 208
-0.999587, 367, 319, 382, 334
-0.999588, 331, 225, 346, 352
-0.999597, 105, 65, 136, 320
-0.999599, 289, 105, 416, 136
-0.999599, 439, 225, 454, 352
-0.999599, 317, 225, 332, 352
-0.999599, 345, 225, 360, 352
-0.9996, 269, 293, 284, 308
-0.999603, 149, 235, 164, 250
-0.999603, 237, 301, 252, 316
-0.999604, 107, 225, 122, 352
-0.999605, 167, 161, 182, 288
-0.999605, 161, 25, 416, 88
-0.999606, 409, 177, 424, 304
-0.999606, 209, 313, 224, 328
-0.999608, 227, 81, 242, 208
-0.999608, 1, 257, 128, 288
-0.999613, 165, 285, 180, 300
-0.999615, 359, 129, 374, 256
-0.999615, 17, 225, 32, 352
-0.999616, 165, 247, 180, 262
-0.999616, 285, 113, 300, 240
-0.99962, 339, 341, 354, 356
-0.999621, 415, 225, 430, 352
-0.999622, 365, 129, 380, 256
-0.999626, 365, 1, 396, 256
-0.999627, 155, 239, 170, 254
-0.999628, 375, 129, 390, 256
-0.999633, 207, 293, 222, 308
-0.999636, 389, 225, 404, 352
-0.999636, 161, 129, 176, 256
-0.999638, 393, 129, 408, 256
-0.999638, 385, 129, 400, 256
-0.999639, 9, 1, 72, 128
-0.99964, 425, 225, 440, 352
-0.999642, 23, 209, 38, 336
-0.999643, 65, 25, 320, 88
-0.999643, 269, 267, 284, 282
-0.999645, 161, 65, 176, 192
-0.999647, 283, 259, 298, 274
-0.999647, 485, 319, 500, 334
-0.999647, 337, 225, 352, 352
-0.999648, 353, 317, 368, 332
-0.999651, 357, 329, 372, 344
-0.999651, 149, 49, 164, 176
-0.999653, 351, 223, 366, 238
-0.999655, 433, 225, 448, 352
-0.999657, 379, 225, 394, 352
-0.999658, 363, 331, 378, 346
-0.999662, 53, 225, 68, 352
-0.999662, 231, 299, 246, 314
-0.999665, 407, 225, 422, 352
-0.999665, 451, 225, 466, 352
-0.999666, 371, 225, 386, 352
-0.999667, 275, 263, 290, 278
-0.999668, 67, 225, 82, 352
-0.99967, 81, 291, 96, 306
-0.999676, 387, 221, 402, 236
-0.999677, 11, 283, 26, 298
-0.999678, 361, 219, 376, 234
-0.999682, 177, 275, 192, 290
-0.999683, 17, 283, 32, 298
-0.999686, 203, 267, 218, 282
-0.999691, 289, 255, 304, 270
-0.999692, 249, 311, 264, 326
-0.999697, 415, 221, 430, 236
-0.999701, 215, 305, 230, 320
-0.999709, 257, 301, 272, 316
-0.999709, 279, 175, 294, 190
-0.99973, 269, 173, 284, 188
-0.999736, 433, 225, 448, 240
-0.999738, 1, 1, 500, 64
-0.999753, 147, 127, 162, 142
-0.999755, 409, 223, 424, 238
-0.999755, 65, 73, 192, 136
-0.999758, 305, 153, 432, 216
-0.99977, 447, 229, 462, 244
-0.99977, 393, 221, 408, 236
-0.999776, 399, 221, 414, 236
-0.999778, 27, 327, 42, 342
-0.999779, 425, 223, 440, 238
-0.999782, 199, 289, 214, 304
-0.999816, 259, 267, 274, 282
-0.999818, 369, 129, 400, 256
-0.999819, 289, 1, 320, 256
-0.999832, 359, 315, 374, 330
-0.999845, 225, 1, 256, 256
-0.999876, 191, 263, 206, 278
-0.999881, 373, 225, 404, 352
-0.999882, 257, 1, 288, 256
-0.999903, 417, 1, 448, 256
-0.999906, 1, 81, 500, 144
-0.999913, 405, 1, 436, 256
-0.999938, 381, 97, 412, 352
-0.999946, 389, 1, 420, 256
-0.999947, 337, 1, 368, 256
-0.999958, 187, 271, 202, 286
-0.99996, 17, 129, 144, 192
-0.999982, 237, 1, 268, 256
-0.999985, 429, 1, 460, 256
-1.00001, 441, 227, 456, 242
-1.00001, 377, 1, 408, 256
-1.00001, 289, 1, 352, 128
-1.00002, 13, 65, 44, 320
-1.00002, 449, 1, 480, 256
-1.00003, 401, 97, 432, 352
-1.00003, 305, 65, 368, 192
-1.00004, 197, 265, 212, 280
-1.00004, 133, 1, 164, 256
-1.00005, 213, 1, 244, 256
-1.00005, 209, 105, 336, 168
-1.00005, 117, 1, 148, 256
-1.00009, 153, 1, 184, 256
-1.00013, 469, 1, 500, 256
-1.00013, 353, 1, 384, 256
-1.00016, 269, 1, 300, 256
-1.00017, 49, 65, 80, 320
-1.0002, 37, 65, 68, 320
-1.00021, 1, 65, 32, 320
-1.00021, 225, 1, 352, 64
-1.00021, 273, 1, 400, 64
-1.00024, 77, 65, 108, 320
-1.00028, 193, 1, 224, 256
-1.0003, 301, 1, 332, 256
-1.0003, 65, 65, 96, 320
-1.00034, 445, 97, 476, 352
-1.00034, 93, 1, 124, 256
-1.00037, 177, 1, 208, 256
-1.00042, 9, 97, 72, 224
-1.00042, 25, 33, 56, 288
-1.00047, 417, 97, 448, 352
-1.00047, 1, 25, 500, 88
-1.00051, 73, 1, 136, 128
-1.00052, 433, 97, 464, 352
-1.0006, 461, 97, 492, 352
-1.00063, 1, 89, 128, 152
-1.00064, 321, 1, 448, 64
-1.00071, 145, 1, 272, 64
-1.00073, 369, 49, 496, 176
-1.00076, 1, 57, 500, 120
-1.00086, 93, 97, 124, 352
-1.00088, 113, 73, 240, 136
-1.0009, 165, 1, 196, 256
-1.0009, 1, 225, 32, 352
-1.00091, 361, 65, 424, 192
-1.00094, 281, 81, 344, 208
-1.00095, 409, 1, 472, 128
-1.00102, 245, 65, 276, 192
-1.00102, 137, 1, 200, 128
-1.00112, 105, 1, 168, 128
-1.00113, 289, 129, 416, 192
-1.00114, 217, 1, 280, 128
-1.00117, 113, 49, 144, 176
-1.0012, 257, 97, 384, 160
-1.00124, 337, 65, 400, 192
-1.00126, 17, 161, 144, 288
-1.00127, 369, 1, 496, 64
-1.00129, 305, 105, 432, 168
-1.0013, 393, 129, 424, 256
-1.00135, 241, 1, 304, 128
-1.00136, 89, 225, 120, 352
-1.00139, 1, 65, 128, 128
-1.00139, 13, 49, 44, 176
-1.0014, 405, 145, 436, 272
-1.00157, 321, 49, 448, 176
-1.00164, 353, 25, 480, 88
-1.0017, 97, 1, 224, 64
-1.00182, 77, 49, 108, 176
-1.00182, 97, 65, 128, 192
-1.00186, 1, 49, 32, 176
-1.00186, 25, 49, 56, 176
-1.00186, 369, 121, 496, 184
-1.00187, 193, 1, 256, 128
-1.00192, 65, 65, 96, 192
-1.00194, 37, 49, 68, 176
-1.00197, 53, 49, 84, 176
-1.00199, 277, 81, 308, 208
-1.002, 49, 249, 176, 312
-1.002, 417, 145, 448, 272
-1.00202, 17, 1, 144, 64
-1.0021, 417, 97, 448, 224
-1.00213, 105, 225, 136, 352
-1.00218, 405, 97, 436, 224
-1.00227, 209, 81, 336, 144
-1.00244, 429, 97, 460, 224
-1.00253, 1, 1, 32, 128
-1.00261, 353, 161, 480, 224
-1.00262, 433, 1, 496, 128
-1.00272, 177, 49, 208, 176
-1.00274, 369, 97, 496, 160
-1.00279, 161, 1, 224, 128
-1.00285, 21, 1, 52, 128
-1.00293, 461, 113, 492, 240
-1.003, 161, 65, 288, 128
-1.003, 305, 25, 432, 88
-1.00306, 257, 65, 288, 192
-1.00311, 449, 113, 480, 240
-1.00323, 197, 49, 228, 176
-1.00327, 1, 41, 128, 104
-1.00333, 377, 1, 408, 128
-1.00333, 389, 1, 420, 128
-1.0035, 81, 49, 208, 112
-1.00353, 305, 81, 432, 144
-1.00354, 425, 65, 488, 192
-1.00362, 337, 1, 368, 128
-1.00373, 49, 113, 112, 240
-1.00375, 89, 1, 120, 128
-1.00376, 357, 1, 388, 128
-1.00378, 137, 1, 168, 128
-1.00378, 65, 1, 96, 128
-1.00378, 105, 1, 136, 128
-1.00389, 257, 73, 384, 136
-1.00393, 297, 1, 328, 128
-1.00404, 53, 1, 84, 128
-1.00405, 405, 1, 436, 128
-1.00409, 325, 1, 356, 128
-1.00409, 45, 97, 76, 224
-1.00418, 453, 225, 484, 352
-1.00428, 369, 57, 496, 120
-1.00431, 309, 65, 340, 192
-1.00433, 125, 17, 156, 144
-1.00436, 285, 1, 316, 128
-1.00437, 209, 57, 336, 120
-1.0044, 85, 97, 116, 224
-1.00442, 193, 25, 320, 88
-1.00446, 41, 1, 72, 128
-1.00449, 241, 25, 368, 88
-1.00449, 77, 1, 108, 128
-1.00449, 373, 65, 404, 192
-1.00458, 17, 97, 48, 224
-1.00459, 237, 1, 268, 128
-1.00459, 337, 65, 368, 192
-1.00465, 253, 1, 284, 128
-1.00465, 269, 1, 300, 128
-1.00468, 433, 225, 496, 352
-1.00473, 425, 1, 456, 128
-1.00474, 49, 25, 176, 88
-1.00474, 129, 41, 256, 104
-1.00478, 357, 65, 388, 192
-1.00479, 33, 97, 64, 224
-1.0048, 165, 1, 196, 128
-1.0048, 225, 1, 256, 128
-1.00485, 389, 65, 420, 192
-1.00486, 385, 49, 448, 176
-1.00488, 209, 1, 240, 128
-1.0049, 257, 49, 384, 176
-1.0049, 177, 1, 208, 128
-1.00491, 429, 145, 460, 272
-1.005, 305, 49, 432, 112
-1.00514, 417, 161, 480, 288
-1.00536, 353, 241, 480, 304
-1.00549, 257, 49, 384, 112
-1.00577, 1, 201, 128, 264
-1.00592, 369, 225, 496, 352
-1.00617, 1, 225, 128, 288
-1.00764, 9, 177, 72, 304
-1.00921, 49, 177, 112, 304
