1867
-0.329236, 1, 1, 500, 256
-0.373579, 1, 1, 500, 332
-0.464429, 97, 1, 352, 332
-0.494763, 1, 1, 256, 332
-0.517476, 193, 1, 448, 332
-0.634144, 97, 1, 352, 256
-0.637877, 1, 65, 256, 320
-0.69637, 193, 1, 448, 256
-0.849871, 17, 65, 144, 320
-0.856489, 177, 1, 304, 256
-0.862578, 81, 1, 208, 332
-0.867471, 65, 65, 192, 320
-0.868291, 145, 1, 272, 332
-0.868441, 1, 1, 128, 332
-0.880537, 257, 1, 384, 332
-0.88119, 1, 33, 500, 160
-0.882422, 129, 1, 256, 256
-0.883941, 1, 97, 500, 224
-0.884272, 241, 1, 368, 256
-0.884669, 337, 1, 464, 332
-0.89037, 1, 145, 500, 272
-0.892132, 321, 1, 448, 256
-0.895341, 1, 193, 500, 320
-0.899473, 193, 1, 320, 332
-0.902378, 369, 1, 496, 256
-0.913072, 161, 33, 416, 160
-0.914221, 65, 65, 320, 192
-0.924731, 1, 17, 256, 144
-0.92618, 81, 65, 208, 192
-0.927928, 17, 145, 144, 272
-0.929711, 1, 161, 256, 288
-0.92974, 49, 113, 112, 240
-0.93061, 33, 161, 96, 288
-0.931799, 257, 1, 500, 128
-0.936063, 17, 97, 144, 224
-0.938874, 33, 113, 288, 240
-0.938918, 257, 65, 500, 192
-0.940252, 1, 209, 256, 332
-0.942869, 89, 177, 152, 304
-0.943191, 129, 49, 256, 176
-0.944352, 129, 113, 384, 240
-0.944562, 73, 97, 136, 224
-0.944783, 193, 17, 320, 144
-0.944805, 145, 33, 208, 160
-0.94492, 225, 129, 480, 256
-0.945079, 257, 209, 500, 332
-0.945494, 129, 209, 384, 332
-0.945887, 321, 65, 448, 192
-0.946109, 105, 33, 168, 160
-0.946254, 97, 161, 352, 288
-0.947666, 17, 65, 80, 192
-0.950629, 9, 177, 72, 304
-0.95073, 169, 49, 232, 176
-0.950824, 1, 193, 128, 320
-0.951309, 81, 209, 208, 332
-0.951394, 33, 17, 160, 144
-0.9516, 193, 33, 256, 160
-0.952364, 113, 1, 240, 128
-0.953353, 65, 161, 128, 288
-0.953408, 241, 17, 368, 144
-0.953797, 65, 161, 192, 288
-0.954074, 289, 17, 416, 144
-0.954582, 113, 193, 176, 320
-0.955268, 65, 113, 192, 240
-0.95539, 105, 81, 168, 208
-0.955561, 369, 65, 496, 192
-0.956754, 321, 193, 448, 320
-0.957053, 153, 209, 216, 332
-0.957468, 257, 81, 384, 208
-0.957862, 369, 49, 432, 176
-0.957921, 193, 65, 320, 192
-0.957933, 169, 1, 232, 128
-0.958545, 209, 81, 272, 208
-0.958601, 313, 1, 376, 128
-0.958641, 329, 81, 392, 208
-0.959146, 273, 193, 400, 320
-0.959258, 217, 33, 280, 160
-0.959794, 289, 97, 352, 224
-0.96028, 369, 209, 496, 332
-0.960356, 337, 17, 464, 144
-0.960603, 369, 1, 432, 128
-0.96126, 393, 1, 456, 128
-0.961355, 97, 129, 160, 256
-0.961795, 81, 49, 144, 176
-0.961957, 129, 81, 192, 208
-0.962114, 337, 161, 400, 288
-0.962604, 41, 49, 104, 176
-0.96268, 369, 177, 432, 304
-0.962816, 145, 193, 272, 320
-0.96323, 97, 73, 160, 136
-0.963297, 305, 49, 368, 176
-0.963696, 145, 97, 272, 224
-0.963711, 9, 113, 72, 240
-0.964027, 49, 113, 112, 176
-0.964112, 17, 169, 80, 232
-0.964359, 393, 177, 456, 304
-0.964485, 41, 209, 104, 332
-0.964808, 337, 33, 400, 160
-0.96484, 9, 193, 72, 256
-0.965564, 177, 57, 240, 120
-0.965661, 353, 129, 480, 256
-0.965724, 241, 113, 304, 240
-0.965839, 433, 209, 496, 332
-0.965942, 33, 193, 96, 256
-0.96605, 145, 57, 208, 120
-0.966123, 33, 137, 96, 200
-0.966387, 17, 153, 144, 216
-0.966768, 273, 265, 336, 328
-0.966908, 257, 129, 384, 256
-0.966957, 161, 97, 224, 224
-0.967144, 97, 225, 160, 288
-0.967289, 137, 81, 200, 144
-0.967387, 265, 81, 328, 208
-0.967609, 49, 161, 112, 224
-0.967644, 65, 185, 128, 248
-0.967829, 193, 209, 320, 332
-0.967973, 393, 65, 456, 192
-0.968019, 65, 89, 128, 152
-0.968229, 1, 177, 128, 240
-0.968756, 241, 1, 304, 128
-0.968817, 369, 129, 432, 256
-0.968836, 65, 81, 192, 144
-0.968905, 353, 49, 416, 112
-0.969055, 137, 161, 200, 288
-0.969169, 41, 73, 104, 136
-0.969196, 289, 1, 352, 128
-0.969282, 81, 1, 144, 128
-0.96929, 121, 57, 184, 120
-0.96933, 113, 65, 240, 128
-0.969352, 169, 81, 232, 144
-0.969607, 233, 25, 296, 88
-0.969642, 313, 273, 376, 332
-0.969657, 193, 145, 320, 272
-0.969734, 393, 65, 456, 128
-0.96979, 385, 217, 448, 280
-0.969864, 57, 137, 120, 200
-0.969883, 161, 33, 224, 96
-0.969925, 257, 25, 320, 88
-0.970354, 97, 169, 160, 232
-0.97036, 129, 249, 192, 312
-0.970394, 313, 129, 376, 256
-0.970533, 65, 209, 128, 272
-0.970672, 417, 33, 480, 160
-0.970746, 409, 249, 472, 312
-0.970769, 73, 49, 136, 112
-0.970878, 89, 177, 120, 304
-0.970985, 369, 81, 432, 144
-0.970999, 329, 49, 392, 112
-0.971004, 193, 265, 256, 328
-0.971041, 65, 209, 128, 332
-0.97111, 201, 49, 264, 112
-0.971136, 385, 257, 448, 320
-0.971137, 337, 209, 400, 332
-0.971261, 241, 265, 304, 328
-0.971265, 257, 89, 320, 152
-0.971483, 433, 273, 496, 332
-0.971803, 169, 273, 232, 332
-0.97183, 257, 233, 320, 296
-0.971894, 9, 89, 72, 152
-0.972159, 305, 57, 432, 120
-0.972194, 265, 33, 328, 160
-0.972278, 89, 201, 152, 264
-0.972305, 209, 97, 272, 160
-0.9724, 113, 145, 240, 272
-0.972461, 137, 273, 200, 332
-0.972487, 73, 113, 136, 176
-0.972518, 9, 1, 72, 128
-0.972614, 81, 273, 144, 332
-0.972664, 9, 65, 72, 128
-0.972762, 25, 41, 88, 104
-0.972981, 425, 209, 488, 272
-0.973037, 297, 41, 360, 104
-0.973212, 409, 273, 472, 332
-0.973282, 73, 161, 136, 224
-0.973286, 185, 177, 248, 304
-0.973295, 169, 105, 232, 168
-0.973303, 41, 217, 104, 280
-0.973332, 201, 73, 264, 136
-0.973396, 73, 233, 136, 296
-0.973407, 305, 249, 368, 312
-0.973461, 77, 97, 108, 224
-0.973504, 97, 249, 160, 312
-0.973542, 329, 89, 392, 152
-0.973662, 321, 25, 384, 88
-0.973673, 129, 105, 192, 168
-0.973693, 345, 273, 408, 332
-0.973778, 201, 17, 264, 80
-0.973907, 289, 97, 352, 160
-0.973915, 97, 17, 160, 80
-0.973978, 313, 177, 376, 304
-0.973998, 17, 49, 144, 112
-0.974009, 17, 185, 48, 248
-0.974032, 153, 233, 216, 296
-0.974065, 1, 265, 64, 328
-0.974254, 89, 81, 120, 208
-0.97432, 1, 9, 64, 72
-0.974397, 113, 193, 176, 256
-0.97444, 49, 1, 112, 64
-0.974465, 209, 33, 336, 96
-0.974504, 53, 113, 84, 240
-0.974544, 353, 249, 416, 312
-0.974555, 297, 121, 360, 184
-0.974604, 57, 273, 120, 332
-0.974627, 9, 137, 72, 200
-0.974629, 393, 41, 456, 104
-0.974671, 81, 137, 144, 200
-0.974727, 369, 25, 432, 88
-0.974731, 409, 113, 472, 240
-0.974863, 241, 49, 304, 176
-0.97492, 217, 265, 280, 328
-0.975042, 241, 1, 304, 64
-0.975051, 297, 65, 360, 128
-0.9751, 57, 1, 120, 128
-0.975231, 257, 113, 320, 176
-0.975243, 49, 129, 80, 192
-0.975289, 329, 241, 392, 304
-0.975317, 9, 1, 72, 256
-0.975318, 101, 145, 132, 272
-0.975366, 65, 105, 192, 168
-0.975412, 369, 193, 432, 256
-0.975464, 257, 209, 320, 332
-0.975474, 9, 113, 72, 176
-0.975482, 425, 89, 488, 152
-0.975497, 37, 145, 68, 272
-0.975509, 17, 81, 144, 144
-0.975584, 89, 89, 120, 152
-0.975607, 433, 129, 496, 192
-0.975628, 417, 1, 480, 64
-0.975849, 209, 177, 272, 304
-0.975858, 345, 169, 408, 232
-0.97592, 321, 129, 384, 192
-0.975921, 289, 1, 352, 256
-0.976117, 297, 17, 360, 80
-0.97615, 97, 49, 160, 112
-0.97616, 89, 129, 120, 256
-0.976281, 105, 97, 168, 160
-0.976308, 137, 25, 200, 88
-0.976336, 65, 113, 96, 240
-0.976429, 25, 1, 88, 64
-0.97646, 193, 265, 320, 328
-0.976471, 301, 273, 332, 332
-0.976474, 313, 153, 376, 216
-0.976483, 369, 265, 496, 328
-0.976516, 273, 137, 336, 200
-0.976546, 49, 65, 112, 320
-0.976611, 393, 105, 456, 168
-0.976625, 197, 57, 228, 120
-0.976667, 425, 33, 488, 96
-0.976691, 145, 57, 176, 120
-0.976717, 345, 193, 408, 256
-0.976736, 161, 1, 224, 64
-0.976759, 33, 1, 96, 128
-0.97678, 201, 49, 232, 176
-0.976821, 181, 49, 212, 176
-0.976823, 169, 209, 232, 272
-0.976899, 33, 129, 160, 192
-0.976995, 281, 241, 344, 304
-0.97707, 33, 273, 96, 332
-0.97713, 17, 225, 80, 288
-0.977181, 41, 81, 72, 208
-0.977182, 113, 273, 240, 332
-0.97736, 129, 225, 192, 288
-0.977431, 225, 73, 288, 136
-0.977503, 417, 57, 480, 120
-0.977503, 353, 145, 416, 208
-0.97751, 73, 65, 136, 320
-0.977526, 121, 1, 184, 64
-0.977558, 385, 1, 448, 64
-0.97756, 273, 1, 336, 64
-0.977617, 77, 193, 108, 320
-0.977658, 161, 41, 288, 104
-0.977678, 345, 113, 408, 176
-0.977699, 73, 25, 136, 88
-0.977729, 121, 65, 152, 128
-0.977738, 409, 185, 472, 248
-0.977771, 113, 225, 240, 288
-0.977782, 257, 161, 320, 224
-0.977828, 81, 193, 208, 256
-0.977862, 113, 273, 176, 332
-0.977881, 177, 105, 304, 168
-0.977943, 69, 113, 100, 176
-0.977952, 393, 129, 456, 192
-0.977953, 101, 65, 132, 192
-0.977969, 405, 57, 436, 120
-0.977979, 49, 241, 112, 304
-0.978007, 1, 161, 32, 288
-0.978048, 265, 129, 328, 256
-0.978085, 81, 249, 208, 312
-0.978093, 257, 113, 384, 176
-0.978125, 377, 65, 440, 320
-0.978128, 113, 129, 176, 192
-0.978205, 433, 233, 496, 296
-0.978224, 233, 241, 296, 304
-0.978371, 233, 209, 296, 332
-0.978372, 33, 201, 160, 264
-0.978444, 73, 1, 136, 64
-0.978446, 233, 97, 296, 160
-0.978458, 305, 113, 432, 240
-0.978489, 313, 177, 376, 240
-0.978494, 145, 49, 176, 176
-0.978642, 145, 81, 176, 144
-0.978665, 193, 1, 256, 256
-0.978782, 17, 105, 144, 168
-0.978788, 353, 225, 416, 288
-0.978793, 105, 33, 168, 288
-0.978801, 369, 169, 432, 232
-0.978835, 137, 1, 200, 256
-0.978844, 401, 33, 432, 160
-0.978847, 337, 41, 368, 104
-0.978855, 233, 1, 296, 256
-0.978878, 321, 1, 384, 256
-0.978894, 321, 89, 448, 152
-0.978973, 29, 161, 60, 224
-0.979155, 49, 25, 112, 88
-0.979197, 345, 25, 408, 88
-0.979201, 17, 177, 48, 304
-0.979287, 409, 1, 472, 256
-0.979332, 185, 57, 216, 120
-0.979358, 109, 73, 140, 136
-0.979413, 249, 137, 312, 200
-0.97942, 117, 49, 148, 176
-0.979431, 389, 193, 420, 320
-0.979444, 225, 49, 288, 112
-0.979571, 257, 137, 384, 200
-0.979581, 369, 57, 496, 120
-0.97962, 289, 177, 352, 304
-0.979721, 185, 129, 248, 256
-0.979743, 289, 257, 416, 320
-0.979751, 189, 33, 220, 96
-0.97996, 65, 57, 192, 120
-0.97997, 113, 105, 240, 168
-0.980027, 113, 41, 240, 104
-0.980267, 193, 73, 320, 136
-0.980287, 345, 1, 408, 256
-0.980333, 129, 65, 160, 192
-0.980484, 57, 49, 88, 176
-0.980568, 193, 1, 224, 128
-0.980819, 369, 25, 496, 88
-0.980985, 133, 65, 164, 128
-0.981131, 161, 1, 224, 256
-0.981142, 429, 193, 460, 320
-0.981153, 5, 185, 36, 248
-0.981213, 165, 33, 196, 160
-0.981264, 9, 25, 40, 88
-0.981397, 313, 265, 344, 328
-0.981441, 173, 57, 204, 120
-0.98149, 241, 273, 368, 332
-0.981496, 353, 41, 384, 104
-0.981578, 333, 113, 364, 240
-0.98163, 129, 1, 160, 128
-0.981667, 25, 49, 56, 176
-0.981683, 105, 193, 136, 320
-0.981728, 257, 1, 320, 256
-0.981743, 21, 65, 52, 128
-0.981747, 293, 249, 324, 312
-0.981753, 337, 209, 464, 272
-0.98176, 101, 169, 132, 232
-0.981782, 81, 201, 112, 264
-0.981793, 49, 97, 80, 160
-0.981992, 289, 273, 320, 332
-0.982021, 417, 161, 480, 288
-0.982068, 29, 1, 60, 128
-0.98209, 57, 161, 88, 288
-0.982259, 257, 25, 384, 88
-0.9823, 325, 41, 356, 104
-0.982339, 161, 57, 192, 120
-0.982342, 65, 273, 192, 332
-0.982369, 389, 65, 420, 192
-0.982396, 45, 153, 76, 216
-0.98248, 125, 193, 156, 320
-0.982493, 413, 49, 444, 176
-0.982523, 169, 81, 200, 144
-0.982557, 33, 193, 64, 256
-0.982592, 357, 185, 388, 248
-0.982688, 397, 81, 428, 144
-0.982773, 277, 265, 308, 328
-0.982832, 93, 193, 124, 256
-0.982926, 65, 33, 192, 96
-0.982926, 49, 225, 176, 288
-0.982929, 113, 225, 144, 288
-0.982956, 161, 145, 224, 272
-0.982961, 201, 273, 232, 332
-0.982991, 1, 9, 128, 72
-0.983021, 249, 17, 280, 144
-0.98304, 425, 1, 456, 128
-0.983076, 129, 1, 256, 64
-0.983106, 393, 57, 424, 120
-0.983156, 369, 81, 496, 144
-0.983175, 461, 273, 492, 332
-0.98318, 417, 57, 448, 120
-0.98318, 189, 81, 220, 144
-0.983191, 157, 81, 188, 144
-0.983193, 37, 81, 68, 144
-0.9832, 77, 145, 108, 272
-0.983203, 225, 33, 256, 160
-0.983341, 365, 41, 396, 104
-0.983346, 273, 193, 400, 256
-0.98335, 461, 225, 492, 288
-0.983376, 337, 65, 368, 128
-0.983391, 433, 81, 496, 208
-0.983393, 193, 241, 320, 304
-0.983486, 333, 129, 364, 192
-0.983507, 53, 185, 84, 248
-0.983552, 361, 209, 392, 332
-0.983577, 205, 33, 236, 96
-0.983603, 381, 1, 412, 128
-0.983669, 217, 129, 280, 256
-0.983776, 441, 273, 472, 332
-0.983828, 205, 1, 236, 128
-0.983828, 69, 201, 100, 264
-0.983831, 373, 265, 404, 328
-0.983916, 189, 273, 220, 332
-0.983922, 161, 209, 288, 272
-0.983942, 69, 49, 100, 176
-0.983983, 85, 225, 116, 288
-0.984059, 241, 89, 368, 152
-0.984088, 417, 193, 448, 320
-0.984154, 169, 273, 200, 332
-0.984162, 65, 169, 192, 232
-0.984193, 373, 49, 404, 176
-0.984197, 17, 209, 48, 272
-0.984197, 405, 209, 436, 272
-0.984215, 469, 145, 500, 272
-0.984222, 369, 241, 496, 304
-0.984239, 213, 57, 244, 120
-0.984245, 37, 193, 68, 320
-0.984276, 61, 137, 92, 200
-0.984372, 377, 49, 408, 112
-0.984379, 177, 33, 208, 96
-0.984394, 101, 1, 132, 128
-0.984508, 337, 33, 368, 160
-0.984623, 81, 153, 112, 216
-0.984654, 277, 17, 308, 80
-0.984676, 161, 1, 224, 332
-0.984691, 241, 1, 368, 64
-0.984695, 161, 249, 192, 312
-0.984702, 129, 89, 160, 152
-0.984763, 449, 225, 480, 288
-0.984767, 169, 81, 200, 208
-0.984787, 241, 161, 304, 288
-0.984787, 41, 57, 72, 120
-0.9848, 205, 81, 236, 144
-0.984831, 349, 65, 380, 128
-0.984855, 1, 1, 64, 332
-0.984876, 321, 129, 448, 192
-0.98491, 149, 249, 180, 312
-0.984946, 1, 17, 32, 144
-0.984968, 377, 193, 408, 256
-0.984981, 321, 33, 448, 96
-0.985056, 325, 265, 356, 328
-0.985069, 421, 193, 452, 256
-0.985092, 413, 145, 444, 272
-0.985117, 313, 25, 344, 88
-0.985117, 161, 33, 192, 96
-0.985135, 49, 1, 112, 332
-0.985163, 317, 49, 348, 176
-0.985201, 213, 49, 244, 176
-0.985412, 137, 1, 200, 332
-0.985427, 265, 25, 296, 88
-0.985442, 173, 209, 204, 332
-0.985442, 77, 89, 108, 152
-0.985455, 401, 81, 432, 208
-0.985503, 417, 225, 448, 288
-0.98558, 353, 1, 416, 332
-0.985614, 433, 33, 496, 288
-0.985643, 397, 257, 428, 320
-0.985656, 361, 49, 392, 176
-0.985672, 197, 97, 228, 224
-0.985685, 41, 1, 72, 128
-0.985693, 453, 1, 484, 128
-0.985759, 333, 17, 364, 80
-0.985781, 73, 177, 104, 240
-0.985815, 329, 1, 392, 332
-0.98582, 457, 33, 488, 96
-0.985855, 17, 265, 144, 328
-0.985877, 61, 89, 92, 152
-0.985899, 341, 273, 372, 332
-0.985912, 221, 81, 252, 144
-0.985942, 237, 25, 268, 88
-0.985986, 333, 89, 364, 152
-0.985993, 385, 81, 416, 144
-0.986028, 133, 249, 164, 312
-0.98605, 157, 105, 188, 168
-0.986138, 73, 1, 136, 332
-0.986222, 113, 201, 144, 264
-0.986224, 49, 1, 176, 64
-0.986224, 413, 1, 444, 128
-0.986231, 321, 233, 448, 296
-0.986266, 1, 249, 32, 312
-0.986288, 101, 145, 132, 208
-0.986329, 29, 41, 60, 104
-0.986331, 25, 17, 56, 80
-0.986354, 149, 1, 180, 128
-0.986355, 25, 1, 88, 332
-0.986368, 449, 249, 480, 312
-0.986381, 321, 97, 352, 224
-0.986382, 453, 1, 484, 64
-0.986397, 341, 161, 372, 288
-0.986443, 369, 161, 400, 288
-0.986458, 469, 1, 500, 64
-0.986469, 9, 49, 40, 112
-0.986476, 193, 1, 320, 64
-0.986536, 305, 1, 432, 64
-0.986546, 353, 185, 480, 248
-0.986552, 297, 1, 360, 332
-0.98656, 157, 81, 188, 208
-0.986563, 101, 225, 132, 288
-0.986606, 213, 265, 244, 328
-0.986613, 357, 209, 388, 272
-0.986622, 345, 81, 376, 208
-0.986637, 185, 105, 216, 168
-0.986663, 57, 273, 88, 332
-0.986692, 125, 41, 156, 104
-0.986695, 453, 209, 484, 332
-0.986696, 1, 225, 128, 288
-0.986705, 361, 89, 392, 152
-0.986727, 97, 1, 128, 64
-0.986744, 253, 25, 284, 88
-0.986744, 1, 161, 32, 224
-0.986749, 401, 177, 432, 304
-0.986766, 369, 121, 496, 184
-0.986833, 441, 193, 472, 320
-0.986851, 253, 1, 284, 64
-0.98688, 377, 1, 440, 332
-0.98688, 257, 65, 384, 128
-0.986886, 149, 25, 180, 88
-0.986962, 37, 129, 68, 192
-0.987024, 297, 33, 328, 96
-0.987026, 437, 241, 468, 304
-0.987058, 237, 33, 268, 160
-0.987067, 225, 57, 256, 120
-0.987076, 397, 33, 428, 96
-0.98708, 421, 265, 452, 328
-0.987083, 225, 1, 288, 332
-0.987201, 181, 97, 212, 224
-0.987225, 373, 129, 404, 192
-0.987257, 257, 265, 288, 328
-0.987257, 465, 129, 496, 192
-0.987274, 105, 1, 168, 332
-0.987279, 205, 105, 236, 168
-0.98728, 161, 193, 192, 320
-0.987318, 305, 33, 336, 160
-0.987373, 385, 265, 416, 328
-0.987393, 61, 161, 92, 224
-0.987395, 125, 225, 156, 288
-0.987421, 265, 1, 296, 64
-0.987432, 153, 1, 184, 64
-0.987458, 141, 1, 172, 64
-0.987488, 417, 1, 480, 332
-0.987502, 253, 81, 284, 144
-0.98754, 361, 1, 392, 128
-0.98754, 349, 33, 380, 160
-0.987543, 465, 249, 496, 312
-0.987645, 257, 1, 320, 332
-0.987767, 185, 1, 248, 332
-0.98793, 381, 145, 412, 272
-0.988049, 89, 17, 120, 144
-0.988114, 209, 97, 240, 224
-0.988128, 237, 97, 268, 224
-0.988157, 353, 161, 384, 288
-0.988171, 117, 1, 148, 128
-0.988208, 137, 209, 168, 332
-0.988214, 273, 97, 304, 224
-0.988324, 97, 137, 224, 200
-0.988344, 289, 1, 320, 128
-0.988355, 261, 1, 292, 128
-0.988393, 1, 209, 32, 332
-0.988477, 105, 69, 168, 100
-0.988492, 361, 57, 424, 88
-0.988553, 353, 1, 480, 64
-0.988558, 397, 129, 428, 256
-0.988601, 441, 1, 472, 128
-0.988617, 181, 1, 212, 128
-0.98865, 185, 209, 216, 332
-0.988661, 13, 17, 44, 144
-0.988666, 281, 209, 312, 332
-0.988758, 469, 193, 500, 320
-0.988793, 57, 1, 88, 128
-0.988872, 469, 33, 500, 160
-0.98892, 129, 249, 256, 312
-0.989113, 9, 181, 72, 212
-0.98919, 273, 161, 400, 224
-0.989297, 113, 169, 240, 232
-0.989317, 273, 217, 400, 280
-0.98934, 377, 209, 408, 332
-0.989348, 113, 97, 144, 224
-0.989354, 217, 145, 248, 272
-0.989362, 13, 129, 44, 256
-0.989409, 33, 197, 96, 228
-0.989443, 325, 1, 356, 128
-0.989443, 449, 145, 480, 272
-0.989464, 249, 29, 312, 60
-0.989516, 81, 201, 144, 232
-0.989524, 57, 189, 120, 220
-0.989573, 393, 77, 456, 108
-0.989589, 337, 153, 464, 216
-0.989604, 129, 65, 192, 96
-0.989622, 41, 89, 104, 120
-0.989679, 89, 89, 152, 120
-0.98973, 161, 41, 416, 104
-0.989779, 301, 193, 332, 320
-0.989838, 281, 297, 344, 328
-0.989901, 161, 129, 288, 192
-0.989933, 253, 81, 284, 208
-0.989939, 301, 97, 332, 224
-0.98996, 189, 161, 220, 288
-0.989999, 49, 117, 112, 148
-0.99005, 33, 157, 96, 188
-0.990061, 97, 65, 352, 128
-0.990093, 57, 101, 120, 132
-0.990115, 273, 273, 336, 304
-0.990123, 433, 49, 464, 176
-0.990134, 313, 53, 376, 84
-0.99014, 313, 281, 376, 312
-0.990195, 409, 237, 472, 268
-0.990206, 313, 269, 376, 300
-0.990219, 209, 153, 336, 216
-0.990254, 97, 229, 160, 260
-0.990266, 241, 241, 368, 304
-0.990296, 425, 249, 488, 280
-0.990312, 137, 81, 200, 112
-0.990322, 97, 185, 160, 216
-0.990336, 9, 209, 72, 240
-0.990357, 169, 49, 232, 80
-0.990372, 25, 169, 88, 200
-0.990448, 193, 177, 320, 240
-0.990456, 9, 193, 72, 224
-0.99046, 273, 285, 336, 316
-0.990468, 41, 129, 104, 160
-0.990578, 257, 297, 320, 328
-0.99067, 33, 1, 96, 32
-0.990678, 261, 129, 292, 256
-0.990683, 357, 97, 388, 224
-0.990738, 433, 285, 496, 316
-0.990759, 277, 17, 308, 144
-0.990769, 65, 293, 128, 324
-0.990818, 57, 153, 120, 184
-0.990838, 361, 85, 424, 116
-0.990846, 25, 105, 88, 136
-0.990848, 113, 145, 144, 272
-0.990851, 57, 201, 120, 232
-0.990874, 81, 105, 144, 136
-0.990876, 33, 209, 96, 240
-0.990886, 345, 269, 408, 300
-0.990893, 425, 217, 488, 248
-0.990899, 1, 81, 256, 144
-0.990903, 289, 81, 320, 208
-0.990917, 41, 141, 104, 172
-0.990924, 1, 57, 256, 120
-0.990929, 161, 297, 224, 328
-0.990936, 385, 241, 448, 272
-0.990943, 385, 213, 448, 244
-0.990992, 429, 129, 460, 256
-0.990997, 337, 49, 400, 80
-0.991, 369, 113, 400, 240
-0.991013, 161, 61, 224, 92
-0.991016, 105, 241, 168, 272
-0.991016, 217, 285, 280, 316
-0.99103, 469, 81, 500, 208
-0.991041, 121, 101, 184, 132
-0.991042, 321, 293, 384, 324
-0.991049, 385, 257, 448, 288
-0.991055, 345, 281, 408, 312
-0.991078, 393, 65, 456, 96
-0.991083, 169, 105, 232, 136
-0.991094, 149, 209, 180, 332
-0.991096, 417, 269, 480, 300
-0.991099, 73, 213, 136, 244
-0.991157, 241, 281, 304, 312
-0.991157, 137, 241, 200, 272
-0.991203, 65, 177, 128, 208
-0.991233, 289, 41, 352, 72
-0.991248, 105, 297, 168, 328
-0.991251, 9, 45, 72, 76
-0.991252, 413, 97, 444, 224
-0.991259, 73, 233, 136, 264
-0.991283, 209, 97, 272, 128
-0.991284, 137, 281, 200, 312
-0.991318, 33, 185, 96, 216
-0.991321, 409, 205, 472, 236
-0.991328, 185, 269, 248, 300
-0.99133, 41, 293, 104, 324
-0.991343, 253, 209, 284, 332
-0.991345, 169, 77, 232, 108
-0.991367, 289, 237, 352, 268
-0.991371, 81, 281, 144, 312
-0.991381, 401, 53, 464, 84
-0.991389, 89, 169, 152, 200
-0.991405, 89, 13, 152, 44
-0.991411, 361, 45, 424, 76
-0.991412, 121, 213, 184, 244
-0.99142, 97, 217, 160, 248
-0.991423, 9, 93, 72, 124
-0.991433, 205, 145, 236, 272
-0.991433, 321, 145, 352, 272
-0.991435, 57, 73, 120, 104
-0.991467, 369, 269, 432, 300
-0.991494, 33, 61, 96, 92
-0.991495, 29, 97, 60, 224
-0.991533, 73, 117, 136, 148
-0.991538, 137, 301, 200, 332
-0.991539, 65, 89, 128, 120
-0.991539, 353, 205, 416, 236
-0.991558, 273, 29, 336, 60
-0.991567, 385, 229, 448, 260
-0.991572, 161, 281, 224, 312
-0.991608, 129, 257, 192, 288
-0.991612, 257, 117, 320, 148
-0.991613, 409, 289, 472, 320
-0.991613, 81, 77, 144, 108
-0.991617, 13, 65, 44, 192
-0.991622, 233, 297, 296, 328
-0.991632, 433, 237, 496, 268
-0.991636, 81, 57, 144, 88
-0.991641, 289, 261, 352, 292
-0.991643, 193, 285, 256, 316
-0.991648, 329, 93, 392, 124
-0.991648, 49, 21, 112, 52
-0.991662, 105, 281, 168, 312
-0.991664, 209, 217, 336, 280
-0.991668, 257, 57, 500, 120
-0.991673, 25, 241, 88, 272
-0.991678, 313, 169, 376, 200
-0.991678, 9, 269, 72, 300
-0.991679, 393, 273, 456, 304
-0.991679, 141, 161, 172, 288
-0.991683, 281, 17, 344, 48
-0.991697, 329, 117, 392, 148
-0.991706, 25, 73, 88, 104
-0.991708, 361, 245, 424, 276
-0.991751, 345, 257, 408, 288
-0.991752, 249, 265, 312, 296
-0.991757, 65, 105, 320, 168
-0.99176, 1, 65, 64, 96
-0.991764, 201, 25, 264, 56
-0.991765, 385, 41, 448, 72
-0.991766, 377, 1, 440, 32
-0.991769, 377, 201, 440, 232
-0.99177, 265, 237, 328, 268
-0.99177, 233, 17, 296, 48
-0.991776, 257, 93, 320, 124
-0.99178, 225, 97, 256, 224
-0.991784, 193, 73, 256, 104
-0.991784, 345, 145, 408, 176
-0.991784, 145, 49, 208, 80
-0.991785, 321, 237, 384, 268
-0.991795, 209, 45, 272, 76
-0.991797, 369, 157, 432, 188
-0.991803, 65, 141, 128, 172
-0.991805, 433, 37, 496, 68
-0.991814, 297, 89, 360, 120
-0.991821, 209, 129, 336, 192
-0.991853, 333, 209, 364, 332
-0.992149, 5, 189, 36, 220
-0.992354, 401, 77, 432, 108
-0.992378, 1, 65, 500, 128
-0.992539, 161, 97, 416, 160
-0.992546, 345, 209, 376, 332
-0.992571, 305, 277, 336, 308
-0.992577, 133, 65, 164, 96
-0.992598, 405, 61, 436, 92
-0.992606, 89, 89, 120, 120
-0.992639, 77, 297, 108, 328
-0.992664, 121, 69, 152, 100
-0.992681, 101, 225, 132, 256
-0.992728, 49, 133, 80, 164
-0.992749, 257, 17, 500, 80
-0.99275, 405, 221, 436, 252
-0.992756, 321, 281, 352, 312
-0.992761, 65, 1, 320, 64
-0.992788, 269, 297, 300, 328
-0.992814, 105, 77, 136, 108
-0.992815, 1, 177, 256, 240
-0.99283, 449, 281, 480, 312
-0.992864, 17, 181, 48, 212
-0.992875, 377, 273, 408, 304
-0.992884, 65, 241, 320, 304
-0.992909, 365, 209, 396, 240
-0.992926, 45, 153, 76, 184
-0.99293, 93, 193, 124, 224
-0.99294, 33, 165, 64, 196
-0.992945, 357, 57, 388, 88
-0.992946, 321, 269, 352, 300
-0.992952, 437, 245, 468, 276
-0.992969, 397, 205, 428, 236
-0.992999, 77, 209, 108, 240
-0.993003, 265, 29, 296, 60
-0.993023, 57, 97, 88, 128
-0.993026, 417, 225, 448, 256
-0.993032, 377, 53, 408, 84
-0.993035, 389, 81, 420, 112
-0.993036, 469, 237, 500, 268
-0.993051, 61, 121, 92, 152
-0.993065, 457, 221, 488, 252
-0.993066, 413, 73, 444, 104
-0.99307, 101, 173, 132, 204
-0.993074, 377, 201, 408, 232
-0.993075, 461, 277, 492, 308
-0.993081, 77, 101, 108, 132
-0.993101, 225, 265, 480, 328
-0.993115, 113, 297, 144, 328
-0.993123, 137, 85, 168, 116
-0.99313, 13, 61, 44, 92
-0.993135, 257, 297, 288, 328
-0.993139, 441, 293, 472, 324
-0.993142, 97, 217, 352, 280
-0.993143, 117, 185, 148, 216
-0.993173, 317, 297, 348, 328
-0.993185, 45, 1, 76, 32
-0.993191, 117, 221, 148, 252
-0.993218, 421, 245, 452, 276
-0.993219, 205, 61, 236, 92
-0.99322, 89, 209, 120, 240
-0.993222, 89, 297, 120, 328
-0.993222, 333, 281, 364, 312
-0.993223, 65, 197, 96, 228
-0.993223, 13, 221, 44, 252
-0.99323, 389, 57, 420, 88
-0.993232, 329, 53, 360, 84
-0.993232, 145, 65, 176, 96
-0.993234, 297, 265, 328, 296
-0.993239, 449, 265, 480, 296
-0.993244, 141, 97, 172, 224
-0.993246, 41, 205, 72, 236
-0.993247, 193, 57, 224, 88
-0.993249, 421, 209, 452, 240
-0.993253, 89, 233, 120, 264
-0.993282, 289, 129, 320, 256
-0.993285, 201, 45, 232, 76
-0.993287, 137, 241, 168, 272
-0.993293, 73, 113, 104, 144
-0.993298, 257, 281, 288, 312
-0.993309, 133, 301, 164, 332
-0.993315, 117, 209, 148, 240
-0.993334, 457, 29, 488, 60
-0.993338, 81, 181, 112, 212
-0.993348, 61, 297, 92, 328
-0.993349, 181, 57, 212, 88
-0.993352, 409, 209, 440, 240
-0.993355, 333, 269, 364, 300
-0.993362, 457, 241, 488, 272
-0.993364, 345, 53, 376, 84
-0.993365, 469, 225, 500, 256
-0.993366, 345, 277, 376, 308
-0.993374, 337, 293, 368, 324
-0.993379, 105, 193, 136, 224
-0.99338, 445, 233, 476, 264
-0.993383, 25, 77, 56, 108
-0.993388, 457, 297, 488, 328
-0.993394, 449, 253, 480, 284
-0.993396, 5, 173, 36, 204
-0.993396, 153, 301, 184, 332
-0.9934, 277, 29, 308, 60
-0.9934, 105, 161, 136, 192
-0.993405, 281, 289, 312, 320
-0.993408, 409, 197, 440, 228
-0.993411, 1, 53, 32, 84
-0.993417, 305, 41, 336, 72
-0.993418, 61, 157, 92, 188
-0.993435, 77, 221, 108, 252
-0.993436, 81, 197, 112, 228
-0.993437, 385, 213, 416, 244
-0.993451, 161, 61, 192, 92
-0.993457, 45, 85, 76, 116
-0.993457, 57, 269, 88, 300
-0.993461, 21, 205, 52, 236
-0.993465, 469, 37, 500, 68
-0.993468, 425, 189, 456, 220
-0.99347, 429, 297, 460, 328
-0.993475, 469, 265, 500, 296
-0.993477, 49, 113, 80, 144
-0.993481, 249, 33, 280, 64
-0.993484, 149, 77, 180, 108
-0.993492, 317, 33, 348, 64
-0.993497, 201, 289, 232, 320
-0.9935, 1, 209, 500, 272
-0.993504, 317, 257, 348, 288
-0.99351, 393, 277, 424, 308
-0.993511, 33, 57, 64, 88
-0.993523, 1, 33, 256, 96
-0.993523, 1, 145, 256, 208
-0.993527, 77, 285, 108, 316
-0.993534, 469, 73, 500, 104
-0.993537, 365, 197, 396, 228
-0.993541, 201, 105, 232, 136
-0.993548, 13, 269, 44, 300
-0.993549, 101, 213, 132, 244
-0.993556, 217, 57, 248, 88
-0.993561, 293, 277, 324, 308
-0.993579, 21, 1, 52, 32
-0.993584, 245, 297, 276, 328
-0.993584, 189, 109, 220, 140
-0.993589, 61, 133, 92, 164
-0.993596, 409, 237, 440, 268
-0.993602, 361, 281, 392, 312
-0.993603, 289, 33, 320, 64
-0.993604, 129, 229, 160, 260
-0.993617, 1, 217, 256, 280
-0.993653, 201, 209, 232, 332
-0.993655, 97, 145, 352, 208
-0.993699, 161, 153, 288, 216
-0.993702, 1, 273, 500, 332
-0.99371, 453, 49, 484, 176
-0.993752, 1, 273, 256, 332
-0.993779, 225, 153, 480, 216
-0.993832, 77, 1, 108, 128
-0.99393, 257, 97, 500, 160
-0.993936, 225, 129, 480, 192
-0.994017, 49, 89, 176, 120
-0.994045, 19, 185, 34, 248
-0.994057, 113, 61, 240, 92
-0.994067, 1, 89, 500, 152
-0.994164, 95, 185, 110, 248
-0.994184, 225, 209, 480, 272
-0.994217, 55, 129, 70, 192
-0.994231, 1, 177, 500, 240
-0.994287, 97, 177, 352, 240
-0.994355, 17, 169, 144, 200
-0.994419, 1, 181, 128, 212
-0.994429, 225, 233, 480, 296
-0.994449, 225, 33, 352, 64
-0.994518, 153, 57, 168, 120
-0.994522, 53, 209, 84, 332
-0.99455, 25, 185, 40, 248
-0.994599, 417, 65, 432, 128
-0.994625, 97, 273, 352, 332
-0.994652, 225, 185, 480, 248
-0.99469, 59, 97, 74, 160
-0.9947, 119, 73, 134, 136
-0.994731, 161, 17, 416, 80
-0.994747, 1, 145, 500, 208
-0.994756, 207, 57, 222, 120
-0.994801, 101, 185, 116, 248
-0.994804, 85, 209, 100, 272
-0.994849, 33, 77, 160, 108
-0.994906, 1, 233, 500, 296
-0.994906, 197, 57, 212, 120
-0.99494, 141, 65, 156, 128
-0.99495, 17, 149, 144, 180
-0.994981, 147, 57, 162, 120
-0.995071, 69, 121, 84, 184
-0.995123, 75, 105, 90, 168
-0.99513, 337, 41, 352, 104
-0.995141, 351, 41, 366, 104
-0.995143, 73, 193, 88, 256
-0.995158, 187, 57, 202, 120
-0.995174, 321, 61, 448, 92
-0.995228, 97, 81, 224, 112
-0.995235, 109, 161, 124, 224
-0.995259, 407, 57, 422, 120
-0.995262, 273, 285, 400, 316
-0.995275, 99, 89, 114, 152
-0.995286, 9, 185, 24, 248
-0.995293, 161, 57, 176, 120
-0.995318, 361, 185, 376, 248
-0.99532, 389, 265, 404, 328
-0.995323, 65, 101, 192, 132
-0.995327, 49, 137, 64, 200
-0.995337, 373, 201, 388, 264
-0.995344, 61, 129, 76, 192
-0.995359, 31, 177, 46, 240
-0.995382, 315, 273, 330, 332
-0.995387, 213, 57, 228, 120
-0.995414, 357, 41, 372, 104
-0.99542, 369, 81, 496, 112
-0.995439, 1, 41, 500, 104
-0.99544, 129, 65, 144, 128
-0.995444, 1, 121, 500, 184
-0.995451, 419, 193, 434, 256
-0.995461, 167, 57, 182, 120
-0.995484, 17, 201, 144, 232
-0.995505, 257, 133, 384, 164
-0.995514, 327, 265, 342, 328
-0.995527, 149, 81, 164, 144
-0.995546, 207, 33, 222, 96
-0.99555, 217, 33, 232, 96
-0.995557, 49, 185, 176, 216
-0.995557, 83, 105, 98, 168
-0.995578, 331, 49, 346, 112
-0.995587, 193, 293, 320, 324
-0.995587, 105, 81, 120, 144
-0.995593, 111, 193, 126, 256
-0.995596, 47, 97, 62, 160
-0.995598, 113, 281, 240, 312
-0.99561, 41, 161, 56, 224
-0.995618, 49, 193, 64, 256
-0.995631, 181, 57, 196, 120
-0.995634, 289, 25, 416, 56
-0.995676, 279, 265, 294, 328
-0.995702, 113, 225, 240, 256
-0.995742, 89, 89, 104, 152
-0.995746, 177, 269, 304, 300
-0.995774, 163, 81, 178, 144
-0.995786, 157, 81, 172, 144
-0.9958, 369, 277, 496, 308
-0.995812, 309, 273, 324, 332
-0.995828, 337, 201, 464, 232
-0.995839, 341, 129, 356, 192
-0.99584, 63, 201, 78, 264
-0.995847, 301, 273, 316, 332
-0.995848, 11, 33, 26, 96
-0.99586, 113, 73, 128, 136
-0.995863, 185, 273, 200, 332
-0.995864, 369, 45, 496, 76
-0.995867, 135, 65, 150, 128
-0.995872, 353, 297, 480, 328
-0.995874, 369, 69, 496, 100
-0.995874, 293, 265, 308, 328
-0.995894, 195, 33, 210, 96
-0.995896, 459, 217, 474, 280
-0.995904, 177, 105, 304, 136
-0.995905, 91, 209, 106, 272
-0.995917, 17, 61, 144, 92
-0.995924, 321, 281, 448, 312
-0.995924, 423, 49, 438, 112
-0.995926, 413, 225, 428, 288
-0.995931, 369, 57, 496, 88
-0.995935, 51, 65, 66, 128
-0.995937, 17, 213, 144, 244
-0.995937, 299, 233, 314, 296
-0.995941, 133, 225, 148, 288
-0.995941, 217, 273, 232, 332
-0.995964, 423, 225, 438, 288
-0.995967, 345, 49, 360, 112
-0.995978, 33, 65, 64, 320
-0.995981, 63, 153, 78, 216
-0.995982, 33, 129, 160, 160
-0.995983, 65, 201, 192, 232
-0.995996, 59, 177, 74, 240
-0.99601, 65, 97, 80, 160
-0.996013, 217, 81, 232, 144
-0.996015, 343, 25, 358, 88
-0.996015, 367, 41, 382, 104
-0.996021, 65, 217, 192, 248
-0.996029, 145, 77, 272, 108
-0.99603, 321, 89, 448, 120
-0.996031, 107, 49, 122, 112
-0.996039, 15, 209, 30, 272
-0.996058, 337, 221, 464, 252
-0.99606, 1, 1, 500, 64
-0.996076, 113, 109, 240, 140
-0.996081, 169, 81, 184, 144
-0.996092, 193, 69, 320, 100
-0.996096, 401, 81, 416, 144
-0.996107, 429, 185, 444, 248
-0.996113, 207, 273, 222, 332
-0.996119, 33, 117, 160, 148
-0.99612, 17, 105, 144, 136
-0.99613, 89, 185, 104, 248
-0.996132, 119, 217, 134, 280
-0.996133, 395, 273, 410, 332
-0.996134, 225, 273, 352, 304
-0.996139, 79, 193, 94, 256
-0.99614, 81, 237, 208, 268
-0.996141, 107, 225, 122, 288
-0.996147, 461, 257, 476, 320
-0.996156, 257, 1, 272, 64
-0.996156, 353, 233, 480, 264
-0.996158, 173, 49, 188, 112
-0.99616, 3, 193, 18, 256
-0.996165, 101, 225, 116, 288
-0.996171, 327, 25, 342, 88
-0.996172, 335, 121, 350, 184
-0.996173, 383, 249, 398, 312
-0.996178, 29, 65, 44, 128
-0.99618, 257, 45, 384, 76
-0.99618, 33, 293, 160, 324
-0.996182, 13, 1, 44, 256
-0.996197, 369, 257, 496, 288
-0.996204, 193, 45, 320, 76
-0.99621, 337, 129, 464, 160
-0.996213, 189, 33, 204, 96
-0.996216, 113, 213, 240, 244
-0.996217, 161, 9, 176, 72
-0.996222, 175, 73, 190, 136
-0.996222, 103, 161, 118, 224
-0.996234, 5, 25, 20, 88
-0.996249, 241, 121, 368, 152
-0.996263, 195, 81, 210, 144
-0.996269, 227, 57, 242, 120
-0.996274, 157, 241, 172, 304
-0.996284, 273, 85, 400, 116
-0.996288, 339, 89, 354, 152
-0.996289, 35, 73, 50, 136
-0.9963, 205, 9, 220, 72
-0.9963, 79, 81, 94, 144
-0.996305, 165, 33, 180, 96
-0.996309, 63, 265, 78, 328
-0.996315, 43, 33, 58, 96
-0.996321, 103, 1, 118, 64
-0.996333, 429, 217, 444, 280
-0.996334, 113, 269, 240, 300
-0.996336, 81, 65, 112, 320
-0.996354, 177, 273, 192, 332
-0.996368, 369, 245, 496, 276
-0.99637, 81, 297, 208, 328
-0.996374, 183, 81, 198, 144
-0.99638, 337, 17, 352, 80
-0.996381, 305, 73, 432, 104
-0.996382, 273, 265, 400, 296
-0.996386, 241, 297, 368, 328
-0.996387, 321, 269, 448, 300
-0.996388, 153, 33, 168, 96
-0.996394, 305, 297, 432, 328
-0.996399, 97, 169, 224, 200
-0.996402, 479, 33, 494, 96
-0.996404, 373, 49, 388, 112
-0.996406, 469, 241, 484, 304
-0.996409, 357, 65, 372, 128
-0.996412, 471, 265, 486, 328
-0.996416, 265, 1, 280, 64
-0.996421, 285, 273, 300, 332
-0.996423, 15, 1, 30, 64
-0.996429, 37, 1, 52, 64
-0.996433, 43, 193, 58, 256
-0.996439, 145, 49, 272, 80
-0.99644, 257, 213, 384, 244
-0.99644, 33, 257, 160, 288
-0.996441, 317, 1, 348, 256
-0.996483, 81, 257, 208, 288
-0.996485, 257, 145, 384, 176
-0.996503, 161, 281, 288, 312
-0.996551, 321, 245, 448, 276
-0.996565, 1, 49, 128, 80
-0.996579, 177, 29, 304, 60
-0.996615, 65, 65, 192, 96
-0.996618, 113, 33, 144, 288
-0.996627, 369, 25, 496, 56
-0.996672, 33, 229, 160, 260
-0.996679, 321, 117, 448, 148
-0.996682, 33, 269, 160, 300
-0.996687, 1, 89, 128, 120
-0.996693, 129, 97, 256, 128
-0.996704, 193, 93, 320, 124
-0.996706, 97, 189, 224, 220
-0.996713, 337, 141, 464, 172
-0.996718, 49, 21, 176, 52
-0.996742, 273, 157, 400, 188
-0.996778, 161, 225, 288, 256
-0.996809, 33, 281, 160, 312
-0.996811, 273, 201, 400, 232
-0.996817, 241, 109, 368, 140
-0.996846, 305, 233, 432, 264
-0.996853, 113, 33, 240, 64
-0.996857, 65, 65, 96, 320
-0.996861, 101, 65, 132, 320
-0.996866, 329, 1, 360, 256
-0.996878, 305, 37, 432, 68
-0.996892, 369, 93, 496, 124
-0.996904, 65, 149, 192, 180
-0.996928, 321, 181, 448, 212
-0.99693, 321, 49, 448, 80
-0.996934, 321, 257, 448, 288
-0.996947, 205, 1, 236, 256
-0.996956, 145, 293, 272, 324
-0.996962, 193, 81, 320, 112
-0.996973, 129, 257, 256, 288
-0.996993, 273, 57, 400, 88
-0.996999, 129, 237, 256, 268
-0.997027, 49, 49, 176, 80
-0.997053, 273, 185, 400, 216
-0.997059, 321, 157, 448, 188
-0.997069, 1, 1, 32, 256
-0.997084, 53, 65, 84, 320
-0.997084, 257, 237, 384, 268
-0.997085, 257, 225, 384, 256
-0.997099, 129, 17, 256, 48
-0.997115, 241, 21, 368, 52
-0.997129, 241, 1, 272, 256
-0.997152, 273, 97, 400, 128
-0.997153, 49, 9, 176, 40
-0.997156, 193, 1, 224, 256
-0.997156, 301, 1, 332, 256
-0.997175, 321, 105, 448, 136
-0.997202, 177, 257, 304, 288
-0.997218, 241, 253, 368, 284
-0.997234, 33, 241, 160, 272
-0.997245, 193, 57, 320, 88
-0.997261, 353, 169, 480, 200
-0.997299, 1, 37, 128, 68
-0.997301, 1, 5, 128, 36
-0.997314, 369, 13, 496, 44
-0.997328, 209, 153, 336, 184
-0.99736, 177, 137, 304, 168
-0.997366, 273, 169, 400, 200
-0.997371, 341, 1, 372, 256
-0.997383, 177, 33, 208, 288
-0.997397, 397, 65, 428, 320
-0.997416, 381, 1, 412, 256
-0.99742, 113, 1, 240, 32
-0.997432, 145, 201, 272, 232
-0.99745, 97, 133, 224, 164
-0.997476, 177, 125, 304, 156
-0.997518, 97, 45, 224, 76
-0.997539, 369, 113, 496, 144
-0.997539, 209, 237, 336, 268
-0.997548, 97, 185, 112, 216
-0.997549, 161, 213, 288, 244
-0.997564, 59, 133, 74, 164
-0.997565, 17, 189, 32, 220
-0.997575, 241, 73, 368, 104
-0.997587, 141, 33, 172, 288
-0.997595, 225, 1, 352, 32
-0.997602, 369, 1, 496, 32
-0.997622, 217, 1, 248, 256
-0.997652, 311, 277, 326, 308
-0.997653, 425, 225, 440, 256
-0.99769, 357, 1, 388, 256
-0.997691, 103, 189, 118, 220
-0.997715, 53, 137, 68, 168
-0.99772, 265, 1, 296, 256
-0.997722, 3, 185, 18, 216
-0.997734, 417, 217, 432, 248
-0.997745, 325, 285, 340, 316
-0.997747, 65, 125, 80, 156
-0.997747, 129, 33, 160, 288
-0.997767, 253, 1, 284, 256
-0.99777, 421, 201, 436, 232
-0.997792, 415, 61, 430, 92
-0.997794, 371, 201, 386, 232
-0.99781, 91, 97, 106, 128
-0.997818, 57, 113, 72, 144
-0.997824, 165, 1, 196, 256
-0.997832, 319, 277, 334, 308
-0.997836, 85, 101, 100, 132
-0.997844, 109, 189, 124, 220
-0.997852, 111, 177, 126, 208
-0.997873, 387, 269, 402, 300
-0.997884, 229, 1, 260, 256
-0.997885, 331, 281, 346, 312
-0.997925, 401, 81, 416, 112
-0.997938, 97, 233, 112, 264
-0.997942, 115, 73, 130, 104
-0.997944, 75, 193, 90, 224
-0.997947, 101, 89, 116, 120
-0.997954, 11, 189, 26, 220
-0.997961, 451, 237, 466, 268
-0.997962, 105, 169, 120, 200
-0.997965, 27, 181, 42, 212
-0.997968, 79, 109, 94, 140
-0.99799, 129, 217, 144, 248
-0.997995, 123, 221, 138, 252
-0.997996, 139, 69, 154, 100
-0.998017, 361, 61, 424, 76
-0.998018, 393, 277, 408, 308
-0.998034, 475, 61, 490, 92
-0.998036, 409, 65, 440, 320
-0.998042, 407, 61, 422, 92
-0.998042, 91, 201, 106, 232
-0.998045, 83, 213, 98, 244
-0.998045, 129, 205, 144, 236
-0.99805, 469, 273, 484, 304
-0.998053, 71, 117, 86, 148
-0.998058, 149, 65, 164, 96
-0.998067, 107, 81, 122, 112
-0.998069, 413, 77, 428, 108
-0.998072, 433, 1, 464, 256
-0.998076, 451, 225, 466, 256
-0.998076, 47, 93, 62, 124
-0.99808, 283, 297, 298, 328
-0.998087, 37, 165, 52, 196
-0.998091, 113, 217, 128, 248
-0.998091, 125, 293, 140, 324
-0.998092, 35, 1, 50, 32
-0.9981, 427, 189, 442, 220
-0.998105, 471, 245, 486, 276
-0.998107, 459, 229, 474, 260
-0.998109, 153, 1, 184, 256
-0.998117, 101, 297, 116, 328
-0.998117, 443, 241, 458, 272
-0.998118, 107, 229, 122, 260
-0.998122, 49, 149, 64, 180
-0.998124, 437, 245, 452, 276
-0.998125, 337, 293, 352, 324
-0.998127, 407, 221, 422, 252
-0.998133, 41, 85, 56, 116
-0.998137, 153, 241, 168, 272
-0.998137, 317, 265, 332, 296
-0.998142, 361, 193, 376, 224
-0.998146, 369, 189, 384, 220
-0.998149, 133, 69, 148, 100
-0.99815, 327, 261, 342, 292
-0.998151, 371, 57, 386, 88
-0.998154, 423, 213, 438, 244
-0.998155, 373, 213, 388, 244
-0.998155, 449, 301, 464, 332
-0.998158, 361, 53, 376, 84
-0.998159, 139, 89, 154, 120
-0.998159, 461, 213, 476, 244
-0.998164, 261, 293, 276, 324
-0.998164, 121, 69, 136, 100
-0.998165, 35, 73, 50, 104
-0.998165, 457, 245, 472, 276
-0.998168, 283, 277, 298, 308
-0.998171, 75, 297, 90, 328
-0.998177, 279, 29, 294, 60
-0.99818, 217, 61, 232, 92
-0.998185, 335, 49, 350, 80
-0.998188, 395, 85, 410, 116
-0.998188, 109, 157, 124, 188
-0.99819, 443, 269, 458, 300
-0.998191, 463, 277, 478, 308
-0.998191, 451, 285, 466, 316
-0.998192, 469, 225, 484, 256
-0.998197, 205, 57, 220, 88
-0.998198, 51, 125, 66, 156
-0.998201, 333, 121, 348, 152
-0.998201, 407, 77, 422, 108
-0.998202, 19, 201, 34, 232
-0.998203, 255, 301, 270, 332
-0.998204, 341, 133, 356, 164
-0.998206, 343, 293, 358, 324
-0.998207, 115, 297, 130, 328
-0.99821, 47, 1, 62, 32
-0.998212, 1, 197, 16, 228
-0.998215, 483, 129, 498, 160
-0.998223, 443, 293, 458, 324
-0.998224, 325, 273, 340, 304
-0.998226, 269, 29, 284, 60
-0.998229, 13, 209, 28, 240
-0.998238, 85, 201, 100, 232
-0.998239, 89, 297, 104, 328
-0.99824, 397, 57, 412, 88
-0.998244, 129, 233, 144, 264
-0.998245, 11, 177, 26, 208
-0.998247, 305, 269, 320, 300
-0.998252, 121, 181, 136, 212
-0.998255, 333, 265, 348, 296
-0.998256, 329, 297, 344, 328
-0.998259, 399, 209, 414, 240
-0.998261, 189, 45, 204, 76
-0.998261, 277, 293, 292, 324
-0.998261, 387, 129, 402, 160
-0.998263, 399, 285, 414, 316
-0.998264, 251, 289, 266, 320
-0.99827, 91, 189, 106, 220
-0.998279, 377, 201, 392, 232
-0.998283, 59, 197, 74, 228
-0.998286, 65, 97, 80, 128
-0.998289, 199, 57, 214, 88
-0.998291, 91, 85, 106, 116
-0.998291, 107, 245, 122, 276
-0.998324, 209, 269, 272, 284
-0.998345, 81, 203, 144, 218
-0.998365, 89, 97, 152, 112
-0.998373, 281, 1, 312, 256
-0.998384, 329, 55, 392, 70
-0.99839, 41, 97, 104, 112
-0.998391, 25, 179, 88, 194
-0.998393, 409, 247, 472, 262
-0.998394, 281, 299, 344, 314
-0.998395, 81, 209, 144, 224
-0.998397, 393, 79, 456, 94
-0.998404, 97, 191, 160, 206
-0.998406, 97, 87, 160, 102
-0.998414, 169, 59, 232, 74
-0.998417, 257, 33, 320, 48
-0.998417, 353, 279, 416, 294
-0.99842, 385, 223, 448, 238
-0.998424, 289, 291, 352, 306
-0.998433, 249, 303, 312, 318
-0.998437, 57, 189, 120, 204
-0.998446, 33, 207, 96, 222
-0.998449, 105, 81, 168, 96
-0.998453, 313, 283, 376, 298
-0.998459, 105, 241, 168, 256
-0.998473, 65, 301, 128, 316
-0.998481, 41, 91, 104, 106
-0.998483, 417, 239, 480, 254
-0.998487, 137, 245, 168, 260
-0.998488, 105, 221, 136, 236
-0.998488, 121, 311, 152, 326
-0.998488, 81, 109, 112, 124
-0.998488, 389, 89, 420, 104
-0.998488, 409, 223, 472, 238
-0.998489, 317, 301, 348, 316
-0.998489, 337, 295, 368, 310
-0.998489, 273, 293, 304, 308
-0.998489, 33, 175, 64, 190
-0.998489, 65, 99, 96, 114
-0.99849, 105, 85, 136, 100
-0.99849, 117, 225, 148, 240
-0.998491, 69, 123, 100, 138
-0.998491, 17, 185, 80, 200
-0.998491, 409, 71, 440, 86
-0.998491, 9, 245, 40, 260
-0.998491, 241, 317, 272, 332
-0.998492, 433, 285, 464, 300
-0.998492, 65, 297, 96, 312
-0.998493, 29, 63, 60, 78
-0.998493, 421, 73, 452, 88
-0.998493, 465, 275, 496, 290
-0.998493, 117, 209, 148, 224
-0.998494, 417, 203, 448, 218
-0.998495, 289, 235, 320, 250
-0.998495, 429, 295, 460, 310
-0.998495, 429, 237, 460, 252
-0.998495, 81, 307, 112, 322
-0.998495, 205, 105, 236, 120
-0.998495, 349, 147, 380, 162
-0.998496, 297, 287, 328, 302
-0.998496, 217, 269, 248, 284
-0.998496, 77, 115, 108, 130
-0.998496, 105, 215, 136, 230
-0.998496, 409, 85, 440, 100
-0.998496, 33, 165, 96, 180
-0.998496, 89, 203, 120, 218
-0.998497, 285, 277, 316, 292
-0.998497, 345, 279, 376, 294
-0.998497, 233, 309, 264, 324
-0.998497, 321, 283, 352, 298
-0.998498, 441, 243, 472, 258
-0.998498, 457, 223, 488, 238
-0.998498, 5, 181, 36, 196
-0.998498, 449, 235, 480, 250
-0.998499, 277, 31, 308, 46
-0.9985, 97, 91, 128, 106
-0.9985, 81, 83, 112, 98
-0.9985, 413, 239, 444, 254
-0.998501, 421, 215, 452, 230
-0.998502, 73, 201, 104, 216
-0.998502, 189, 55, 220, 70
-0.998502, 133, 309, 164, 324
-0.998503, 41, 163, 72, 178
-0.998503, 437, 311, 468, 326
-0.998503, 365, 211, 396, 226
-0.998503, 253, 289, 284, 304
-0.998503, 433, 273, 464, 288
-0.998504, 461, 243, 492, 258
-0.998504, 77, 89, 108, 104
-0.998505, 165, 61, 196, 76
-0.998505, 149, 83, 180, 98
-0.998505, 113, 301, 144, 316
-0.998506, 281, 301, 312, 316
-0.998507, 289, 293, 320, 308
-0.998507, 437, 305, 468, 320
-0.998508, 129, 239, 160, 254
-0.998508, 321, 295, 352, 310
-0.998508, 137, 63, 200, 78
-0.998508, 37, 69, 68, 84
-0.998509, 9, 49, 40, 64
-0.998509, 313, 265, 344, 280
-0.998509, 445, 285, 476, 300
-0.998509, 9, 209, 72, 224
-0.998509, 429, 243, 460, 258
-0.99851, 97, 303, 128, 318
-0.99851, 109, 233, 140, 248
-0.998512, 373, 255, 404, 270
-0.998512, 25, 183, 56, 198
-0.998512, 49, 99, 80, 114
-0.998513, 469, 207, 500, 222
-0.998513, 61, 105, 92, 120
-0.998513, 185, 273, 216, 288
-0.998513, 261, 297, 292, 312
-0.998514, 261, 315, 292, 330
-0.998514, 461, 39, 492, 54
-0.998515, 5, 193, 36, 208
-0.998515, 53, 131, 84, 146
-0.998515, 313, 277, 344, 292
-0.998517, 349, 57, 380, 72
-0.998518, 393, 293, 424, 308
-0.998519, 401, 63, 464, 78
-0.998519, 409, 227, 440, 242
-0.998519, 49, 155, 80, 170
-0.998519, 93, 97, 124, 112
-0.998519, 65, 195, 96, 210
-0.99852, 385, 85, 448, 100
-0.99852, 233, 311, 296, 326
-0.998521, 469, 225, 500, 240
-0.998522, 377, 277, 408, 292
-0.998522, 393, 215, 424, 230
-0.998523, 381, 207, 412, 222
-0.998524, 89, 183, 152, 198
-0.998525, 93, 227, 124, 242
-0.998526, 105, 227, 136, 242
-0.998526, 89, 297, 120, 312
-0.998527, 85, 221, 116, 236
-0.998528, 445, 251, 476, 266
-0.998529, 101, 181, 132, 196
-0.998533, 49, 139, 80, 154
-0.998533, 273, 277, 336, 292
-0.998534, 201, 55, 232, 70
-0.998534, 281, 287, 312, 302
-0.998535, 57, 199, 120, 214
-0.998535, 49, 103, 112, 118
-0.998537, 25, 173, 88, 188
-0.998539, 249, 267, 312, 282
-0.998541, 321, 289, 352, 304
-0.998543, 301, 281, 332, 296
-0.998545, 409, 77, 440, 92
-0.998546, 401, 73, 464, 88
-0.998547, 317, 271, 348, 286
-0.998547, 9, 187, 40, 202
-0.998549, 133, 69, 164, 84
-0.998549, 265, 31, 296, 46
-0.99855, 49, 115, 112, 130
-0.99855, 269, 303, 300, 318
-0.998552, 57, 111, 88, 126
-0.998557, 249, 309, 280, 324
-0.998559, 457, 311, 488, 326
-0.998559, 145, 81, 208, 96
-0.998561, 453, 279, 484, 294
-0.998561, 121, 73, 152, 88
-0.998561, 393, 59, 424, 74
-0.998563, 297, 273, 328, 288
-0.998565, 397, 83, 428, 98
-0.998566, 205, 271, 236, 286
-0.998567, 105, 75, 168, 90
-0.998567, 297, 273, 360, 288
-0.998568, 77, 301, 108, 316
-0.99857, 85, 209, 116, 224
-0.998572, 385, 245, 448, 260
-0.998573, 405, 63, 436, 78
-0.998573, 145, 65, 176, 80
-0.998574, 449, 269, 480, 284
-0.998577, 121, 69, 184, 84
-0.998579, 57, 125, 120, 140
-0.99858, 433, 283, 496, 298
-0.998585, 93, 195, 124, 210
-0.998586, 33, 159, 96, 174
-0.998589, 373, 57, 404, 72
-0.998591, 385, 215, 448, 230
-0.998591, 413, 221, 444, 236
-0.998595, 297, 309, 360, 324
-0.998605, 65, 81, 128, 96
-0.998608, 49, 179, 112, 194
-0.998609, 73, 111, 136, 126
-0.99861, 9, 195, 72, 210
-0.998613, 309, 287, 340, 302
-0.998613, 361, 55, 424, 70
-0.998618, 121, 281, 184, 296
-0.998619, 25, 63, 88, 78
-0.998627, 57, 215, 120, 230
-0.998629, 73, 233, 136, 248
-0.998632, 49, 109, 112, 124
-0.998632, 233, 31, 296, 46
-0.998633, 265, 293, 328, 308
-0.998634, 417, 89, 480, 104
-0.998637, 425, 275, 488, 290
-0.998638, 393, 57, 456, 72
-0.998639, 377, 67, 440, 82
-0.998641, 257, 313, 320, 328
-0.998643, 241, 289, 304, 304
-0.998644, 353, 273, 416, 288
-0.998644, 1, 243, 64, 258
-0.998647, 65, 295, 128, 310
-0.998648, 217, 317, 280, 332
-0.99865, 393, 275, 456, 290
-0.99865, 369, 1, 400, 256
-0.998652, 65, 97, 128, 112
-0.998653, 41, 295, 104, 310
-0.998659, 1, 201, 64, 216
-0.998668, 49, 173, 112, 188
-0.998673, 185, 273, 248, 288
-0.998674, 41, 137, 104, 152
-0.998674, 73, 239, 136, 254
-0.998675, 289, 265, 352, 280
-0.998675, 25, 111, 88, 126
-0.998678, 57, 131, 120, 146
-0.998678, 265, 283, 328, 298
-0.998678, 433, 269, 496, 284
-0.99868, 329, 277, 392, 292
-0.998683, 409, 229, 472, 244
-0.998685, 89, 305, 152, 320
-0.998686, 89, 197, 152, 212
-0.998686, 9, 51, 72, 66
-0.998687, 409, 209, 472, 224
-0.998689, 393, 283, 456, 298
-0.998689, 193, 25, 256, 40
-0.998692, 97, 63, 160, 78
-0.998693, 305, 301, 368, 316
-0.998698, 425, 253, 488, 268
-0.998701, 409, 317, 472, 332
-0.998702, 169, 279, 232, 294
-0.998704, 353, 67, 416, 82
-0.998707, 97, 233, 160, 248
-0.998708, 169, 297, 232, 312
-0.998709, 401, 261, 464, 276
-0.998709, 169, 109, 232, 124
-0.998709, 9, 165, 72, 180
-0.99871, 385, 253, 448, 268
-0.998711, 129, 107, 192, 122
-0.998711, 177, 51, 240, 66
-0.998712, 145, 285, 208, 300
-0.998712, 81, 103, 144, 118
-0.998713, 313, 169, 376, 184
-0.998715, 73, 159, 136, 174
-0.998715, 129, 243, 192, 258
-0.998716, 273, 305, 336, 320
-0.998718, 185, 315, 248, 330
-0.998719, 425, 289, 488, 304
-0.998719, 201, 301, 264, 316
-0.99872, 369, 207, 432, 222
-0.998723, 33, 71, 96, 86
-0.998724, 289, 285, 352, 300
-0.998726, 49, 307, 112, 322
-0.998726, 121, 307, 184, 322
-0.998727, 289, 29, 352, 44
-0.998727, 385, 237, 448, 252
-0.998728, 25, 117, 88, 132
-0.998728, 393, 191, 456, 206
-0.998731, 73, 21, 136, 36
-0.998733, 105, 295, 168, 310
-0.998735, 469, 1, 500, 256
-0.998878, 81, 97, 96, 224
-0.998899, 103, 129, 118, 256
-0.998919, 209, 1, 224, 128
-0.998926, 101, 177, 116, 304
-0.998936, 193, 33, 208, 160
-0.998937, 67, 113, 82, 240
-0.998956, 1, 193, 16, 320
-0.998958, 93, 81, 108, 208
-0.998959, 59, 129, 74, 256
-0.998966, 201, 33, 216, 160
-0.998968, 183, 33, 198, 160
-0.998989, 413, 33, 428, 160
-0.998997, 47, 145, 62, 272
-0.999, 53, 145, 68, 272
-0.999003, 15, 161, 30, 288
-0.999007, 103, 81, 118, 208
-0.999009, 211, 49, 226, 176
-0.999014, 87, 97, 102, 224
-0.999022, 113, 65, 128, 192
-0.999046, 445, 1, 476, 256
-0.999046, 41, 145, 56, 272
-0.99905, 131, 193, 146, 320
-0.999053, 143, 33, 158, 160
-0.999055, 151, 33, 166, 160
-0.999061, 91, 193, 106, 320
-0.999064, 53, 97, 68, 224
-0.999067, 7, 193, 22, 320
-0.999067, 177, 33, 192, 160
-0.999082, 109, 113, 124, 240
-0.999089, 5, 145, 20, 272
-0.999097, 37, 193, 52, 320
-0.999103, 421, 33, 452, 288
-0.999107, 47, 97, 62, 224
-0.999109, 251, 1, 266, 128
-0.99911, 215, 1, 230, 128
-0.999114, 117, 1, 132, 128
-0.999116, 21, 193, 36, 320
-0.99912, 111, 161, 126, 288
-0.999127, 31, 161, 46, 288
-0.999136, 97, 129, 112, 256
-0.999143, 385, 49, 400, 176
-0.999146, 417, 81, 432, 208
-0.999148, 475, 1, 490, 128
-0.999148, 159, 49, 174, 176
-0.99915, 171, 49, 186, 176
-0.999153, 379, 49, 394, 176
-0.999156, 465, 209, 480, 332
-0.999158, 407, 33, 422, 160
-0.99916, 201, 81, 216, 208
-0.999167, 153, 81, 168, 208
-0.999168, 137, 65, 152, 192
-0.999169, 119, 49, 134, 176
-0.99917, 89, 145, 104, 272
-0.999174, 125, 49, 140, 176
-0.999174, 219, 49, 234, 176
-0.999175, 397, 49, 412, 176
-0.999178, 395, 193, 410, 320
-0.999179, 115, 209, 130, 332
-0.99918, 137, 17, 152, 144
-0.999184, 25, 49, 40, 176
-0.999188, 485, 1, 500, 128
-0.999188, 371, 161, 386, 288
-0.999189, 79, 161, 94, 288
-0.999189, 441, 209, 456, 332
-0.999194, 85, 193, 100, 320
-0.999194, 65, 161, 80, 288
-0.999198, 85, 49, 100, 176
-0.999198, 75, 81, 90, 208
-0.9992, 189, 81, 204, 208
-0.999201, 381, 1, 396, 128
-0.999204, 391, 49, 406, 176
-0.999209, 185, 209, 200, 332
-0.999212, 421, 33, 436, 160
-0.999213, 165, 65, 180, 192
-0.999214, 241, 17, 256, 144
-0.999214, 43, 193, 58, 320
-0.999214, 401, 97, 416, 224
-0.999215, 365, 177, 380, 304
-0.999215, 39, 1, 54, 128
-0.99922, 327, 49, 342, 176
-0.99922, 105, 17, 120, 144
-0.999221, 15, 209, 30, 332
-0.999223, 377, 193, 392, 320
-0.999223, 175, 193, 190, 320
-0.999224, 371, 49, 386, 176
-0.999224, 415, 177, 430, 304
-0.999228, 211, 97, 226, 224
-0.999229, 99, 33, 114, 160
-0.999229, 425, 209, 440, 332
-0.999232, 5, 33, 20, 160
-0.999232, 59, 1, 74, 128
-0.999233, 265, 1, 280, 128
-0.999234, 15, 1, 30, 128
-0.999235, 341, 81, 356, 208
-0.999236, 457, 1, 472, 128
-0.999236, 177, 81, 192, 208
-0.999237, 43, 49, 58, 176
-0.99924, 451, 209, 466, 332
-0.999242, 49, 193, 64, 320
-0.999242, 183, 81, 198, 208
-0.999245, 195, 81, 210, 208
-0.999245, 391, 1, 406, 128
-0.999245, 303, 209, 318, 332
-0.999247, 227, 49, 242, 176
-0.999247, 123, 1, 138, 128
-0.999248, 59, 49, 74, 176
-0.999249, 33, 1, 48, 128
-0.999249, 341, 129, 356, 256
-0.999251, 389, 177, 404, 304
-0.999256, 485, 129, 500, 256
-0.999257, 407, 129, 422, 256
-0.999257, 409, 177, 424, 304
-0.999257, 377, 97, 392, 224
-0.999262, 121, 193, 136, 320
-0.999265, 383, 193, 398, 320
-0.999267, 361, 49, 376, 176
-0.999267, 447, 1, 462, 128
-0.999267, 131, 49, 146, 176
-0.99927, 285, 1, 300, 128
-0.99927, 145, 193, 160, 320
-0.999271, 333, 33, 348, 160
-0.999273, 69, 65, 84, 192
-0.999274, 431, 161, 446, 288
-0.999275, 335, 113, 350, 240
-0.999276, 397, 1, 412, 128
-0.999278, 465, 1, 480, 128
-0.999279, 411, 81, 426, 208
-0.999281, 221, 97, 236, 224
-0.999282, 25, 145, 40, 272
-0.999283, 485, 209, 500, 332
-0.999283, 163, 1, 178, 128
-0.999286, 71, 193, 86, 320
-0.999305, 457, 1, 488, 256
-0.999551, 205, 273, 220, 288
-0.999552, 129, 221, 144, 236
-0.999553, 331, 301, 346, 316
-0.999553, 335, 261, 350, 276
-0.999554, 263, 293, 278, 308
-0.999554, 409, 87, 424, 102
-0.999555, 197, 273, 212, 288
-0.999556, 101, 299, 116, 314
-0.999556, 75, 117, 90, 132
-0.999559, 95, 97, 110, 112
-0.99956, 275, 293, 290, 308
-0.999563, 301, 277, 316, 292
-0.999563, 293, 291, 308, 306
-0.999563, 89, 303, 104, 318
-0.999564, 299, 289, 314, 304
-0.999566, 359, 57, 374, 72
-0.999566, 469, 37, 484, 52
-0.999566, 469, 245, 484, 260
-0.999567, 397, 289, 412, 304
-0.999568, 201, 295, 216, 310
-0.99957, 209, 57, 224, 72
-0.99957, 469, 275, 484, 290
-0.999574, 385, 269, 400, 284
-0.999575, 333, 55, 348, 70
-0.999576, 345, 313, 360, 328
-0.999579, 453, 315, 468, 330
-0.99958, 409, 223, 424, 238
-0.999581, 279, 31, 294, 46
-0.999583, 21, 269, 36, 284
-0.999584, 69, 123, 84, 138
-0.999585, 117, 303, 132, 318
-0.999587, 57, 141, 72, 156
-0.999588, 399, 59, 414, 74
-0.999588, 1, 187, 16, 202
-0.999589, 463, 93, 478, 108
-0.999589, 133, 303, 148, 318
-0.999589, 99, 227, 114, 242
-0.99959, 443, 285, 458, 300
-0.999591, 97, 183, 112, 198
-0.999592, 109, 163, 124, 178
-0.999594, 407, 63, 422, 78
-0.999595, 477, 33, 492, 48
-0.999596, 49, 137, 64, 152
-0.999596, 243, 315, 258, 330
-0.999597, 213, 271, 228, 286
-0.999598, 13, 211, 28, 226
-0.999599, 381, 55, 396, 70
-0.9996, 331, 283, 346, 298
-0.999604, 451, 305, 466, 320
-0.999605, 129, 235, 144, 250
-0.999608, 461, 243, 476, 258
-0.999611, 121, 77, 136, 92
-0.999617, 459, 249, 474, 264
-0.999619, 261, 301, 276, 316
-0.999621, 287, 293, 302, 308
-0.999621, 75, 193, 90, 208
-0.999627, 459, 309, 474, 324
-0.999628, 431, 245, 446, 260
-0.999633, 439, 293, 454, 308
-0.999637, 395, 275, 410, 290
-0.999641, 253, 309, 268, 324
-0.999641, 447, 273, 462, 288
-0.999646, 81, 307, 96, 322
-0.999651, 319, 271, 334, 286
-0.999653, 451, 231, 466, 246
-0.999655, 459, 221, 474, 236
-0.999661, 449, 289, 464, 304
-0.999663, 339, 291, 354, 306
-0.999663, 93, 197, 108, 212
-0.999663, 401, 281, 416, 296
-0.999665, 421, 213, 436, 228
-0.999667, 7, 191, 22, 206
-0.999669, 37, 7, 52, 22
-0.999673, 81, 111, 96, 126
-0.999673, 55, 127, 70, 142
-0.999674, 443, 241, 458, 256
-0.999682, 87, 203, 102, 218
-0.999683, 461, 237, 476, 252
-0.999687, 437, 247, 452, 262
-0.999688, 325, 259, 340, 274
-0.999692, 99, 91, 114, 106
-0.999693, 451, 237, 466, 252
-0.999695, 23, 185, 38, 200
-0.999695, 375, 57, 390, 72
-0.999696, 109, 191, 124, 206
-0.999699, 89, 297, 104, 312
-0.999699, 395, 281, 410, 296
-0.999699, 7, 185, 22, 200
-0.999705, 307, 271, 322, 286
-0.999707, 365, 57, 380, 72
-0.999707, 7, 197, 22, 212
-0.99971, 125, 71, 140, 86
-0.999712, 421, 219, 436, 234
-0.999716, 389, 277, 404, 292
-0.99972, 451, 247, 466, 262
-0.99972, 151, 63, 166, 78
-0.999723, 105, 87, 120, 102
-0.999727, 309, 281, 324, 296
-0.99973, 55, 97, 70, 112
-0.99973, 201, 55, 216, 70
-0.999746, 413, 81, 428, 96
-0.999753, 145, 65, 160, 80
-0.999753, 29, 183, 44, 198
-0.999754, 463, 271, 478, 286
-0.999758, 103, 195, 118, 210
-0.999764, 417, 65, 432, 80
-0.999766, 65, 129, 80, 144
-0.999768, 287, 299, 302, 314
-0.999769, 105, 179, 120, 194
-0.999772, 401, 81, 416, 96
-0.999782, 415, 217, 430, 232
-0.999786, 87, 209, 102, 224
-0.999806, 325, 285, 340, 300
-0.999813, 317, 285, 332, 300
-0.999817, 315, 279, 330, 294
-0.999823, 485, 133, 500, 148
-0.999823, 61, 135, 76, 150
-0.999831, 115, 79, 130, 94
-0.999835, 89, 101, 104, 116
-0.999845, 425, 227, 440, 242
-0.99985, 459, 277, 474, 292
-0.999871, 103, 187, 118, 202
-0.999872, 331, 295, 346, 310
-0.999886, 17, 191, 32, 206
-0.999917, 423, 201, 438, 216
-0.999921, 325, 291, 340, 306
-0.99994, 369, 203, 384, 218
-0.999943, 1, 193, 16, 208
-0.999973, 415, 223, 430, 238
-1.00003, 97, 189, 112, 204
