1968
-0.345306, 1, 1, 500, 375
-0.429462, 1, 65, 500, 320
-0.455886, 97, 1, 352, 375
-0.513619, 193, 1, 448, 375
-0.551344, 1, 1, 256, 375
-0.565477, 65, 1, 320, 256
-0.659212, 161, 97, 416, 352
-0.672067, 161, 1, 416, 256
-0.707358, 257, 1, 500, 256
-0.714204, 65, 129, 320, 375
-0.806527, 257, 97, 500, 352
-0.85773, 161, 1, 288, 256
-0.863288, 113, 1, 240, 256
-0.865218, 193, 1, 320, 375
-0.873563, 129, 1, 256, 375
-0.877424, 241, 1, 368, 375
-0.878008, 81, 1, 208, 375
-0.879489, 209, 33, 336, 288
-0.886707, 1, 33, 500, 160
-0.895863, 97, 129, 224, 375
-0.896174, 305, 1, 432, 375
-0.899311, 33, 1, 160, 375
-0.900759, 65, 33, 192, 288
-0.902758, 161, 97, 288, 352
-0.904983, 1, 81, 500, 208
-0.905035, 353, 1, 480, 375
-0.907115, 97, 33, 352, 160
-0.907241, 209, 129, 336, 375
-0.911085, 257, 33, 384, 288
-0.920976, 1, 145, 500, 272
-0.923356, 369, 1, 496, 256
-0.924722, 49, 129, 176, 375
-0.927404, 305, 97, 432, 352
-0.929562, 257, 129, 384, 375
-0.93153, 305, 1, 432, 256
-0.934536, 369, 129, 496, 375
-0.938095, 129, 161, 384, 288
-0.939078, 129, 81, 384, 208
-0.939568, 145, 33, 272, 160
-0.94054, 33, 81, 288, 208
-0.941137, 17, 1, 144, 256
-0.943127, 97, 33, 224, 160
-0.944828, 1, 241, 500, 368
-0.944964, 1, 97, 128, 352
-0.945902, 145, 129, 208, 256
-0.946833, 1, 193, 500, 320
-0.947014, 153, 17, 216, 144
-0.948295, 193, 33, 320, 160
-0.949907, 1, 33, 256, 160
-0.950122, 145, 81, 272, 208
-0.950796, 185, 33, 248, 160
-0.950871, 193, 33, 448, 160
-0.951005, 161, 209, 416, 336
-0.951899, 257, 113, 500, 240
-0.95301, 209, 33, 272, 160
-0.95521, 129, 145, 256, 272
-0.955229, 105, 33, 168, 160
-0.955709, 169, 81, 232, 208
-0.95642, 33, 145, 288, 272
-0.956632, 81, 161, 208, 288
-0.957559, 233, 33, 296, 160
-0.95864, 241, 49, 368, 176
-0.958833, 129, 33, 192, 160
-0.958853, 177, 161, 304, 288
-0.960441, 281, 193, 344, 320
-0.961064, 225, 209, 352, 336
-0.961189, 257, 49, 320, 176
-0.961533, 81, 113, 208, 240
-0.963535, 185, 145, 248, 272
-0.963692, 33, 193, 288, 320
-0.963706, 113, 81, 176, 208
-0.964127, 145, 209, 272, 336
-0.964455, 201, 97, 264, 224
-0.96523, 49, 49, 176, 176
-0.965395, 193, 81, 320, 208
-0.965461, 225, 113, 288, 240
-0.965571, 225, 161, 352, 288
-0.965813, 145, 169, 208, 232
-0.966098, 121, 161, 184, 288
-0.966644, 201, 241, 264, 368
-0.967109, 81, 81, 144, 208
-0.967453, 65, 241, 320, 368
-0.967817, 225, 161, 480, 288
-0.968276, 169, 193, 232, 320
-0.968953, 137, 81, 200, 208
-0.971259, 145, 145, 208, 208
-0.971316, 257, 209, 500, 336
-0.971651, 209, 105, 272, 168
-0.971776, 177, 193, 240, 256
-0.971795, 305, 161, 368, 288
-0.971944, 265, 201, 328, 264
-0.971984, 185, 1, 248, 256
-0.972197, 81, 313, 144, 375
-0.972322, 73, 105, 136, 168
-0.972814, 161, 305, 224, 368
-0.972876, 209, 1, 272, 256
-0.9732, 97, 129, 160, 256
-0.97322, 281, 49, 344, 176
-0.973309, 177, 145, 240, 208
-0.973502, 129, 297, 192, 360
-0.973635, 225, 161, 288, 288
-0.973689, 177, 81, 240, 144
-0.973751, 241, 241, 304, 368
-0.973864, 113, 145, 176, 208
-0.973872, 105, 89, 168, 152
-0.973903, 105, 305, 168, 368
-0.973942, 233, 297, 296, 360
-0.973976, 249, 49, 312, 112
-0.974075, 137, 73, 200, 136
-0.974121, 177, 121, 240, 184
-0.97416, 137, 193, 200, 256
-0.974228, 305, 17, 432, 144
-0.974242, 161, 241, 224, 368
-0.974326, 193, 313, 256, 375
-0.974509, 121, 41, 184, 104
-0.974795, 161, 33, 224, 96
-0.974957, 97, 305, 224, 368
-0.975104, 97, 49, 160, 112
-0.975315, 97, 241, 224, 368
-0.975374, 81, 33, 144, 160
-0.975509, 129, 177, 256, 240
-0.975787, 145, 113, 208, 176
-0.975793, 145, 177, 208, 304
-0.975814, 209, 289, 272, 352
-0.975859, 145, 1, 208, 256
-0.975903, 185, 169, 248, 232
-0.97619, 113, 177, 176, 240
-0.976375, 305, 225, 368, 288
-0.976429, 197, 33, 228, 160
-0.976503, 225, 129, 288, 192
-0.976611, 273, 225, 336, 288
-0.976727, 217, 33, 280, 96
-0.976748, 289, 65, 352, 128
-0.976773, 185, 33, 248, 96
-0.977134, 121, 1, 184, 256
-0.97714, 113, 113, 176, 176
-0.977231, 257, 33, 320, 288
-0.977234, 257, 193, 320, 320
-0.977371, 289, 193, 416, 320
-0.977456, 145, 33, 272, 96
-0.977462, 121, 241, 184, 368
-0.97751, 81, 73, 144, 136
-0.977819, 201, 193, 264, 256
-0.97786, 145, 129, 208, 375
-0.977871, 265, 177, 328, 240
-0.97795, 145, 33, 176, 160
-0.978464, 241, 89, 304, 152
-0.978468, 433, 145, 496, 272
-0.978487, 113, 201, 176, 264
-0.978599, 241, 177, 304, 240
-0.978626, 241, 153, 304, 216
-0.978631, 257, 121, 320, 184
-0.978634, 289, 129, 416, 256
-0.978745, 409, 161, 472, 224
-0.978753, 89, 169, 152, 232
-0.978786, 265, 73, 328, 136
-0.978858, 105, 97, 168, 352
-0.978881, 161, 17, 192, 144
-0.979063, 233, 1, 296, 256
-0.979091, 89, 129, 152, 192
-0.979094, 193, 49, 320, 112
-0.979154, 289, 201, 352, 264
-0.979165, 249, 145, 312, 272
-0.979214, 177, 185, 304, 248
-0.979301, 97, 145, 224, 208
-0.979374, 221, 33, 252, 160
-0.979672, 241, 113, 368, 240
-0.979689, 273, 249, 336, 312
-0.979718, 185, 17, 216, 144
-0.979859, 177, 281, 240, 344
-0.979886, 177, 217, 240, 280
-0.979898, 249, 97, 312, 224
-0.980212, 209, 161, 272, 224
-0.980241, 433, 153, 496, 216
-0.980359, 289, 65, 416, 192
-0.980378, 273, 241, 336, 368
-0.980379, 229, 97, 260, 224
-0.980386, 33, 145, 160, 272
-0.980498, 209, 57, 272, 120
-0.980534, 185, 97, 248, 352
-0.980535, 353, 81, 480, 208
-0.980561, 305, 209, 368, 336
-0.980563, 149, 161, 180, 288
-0.980631, 153, 281, 216, 344
-0.98072, 201, 137, 264, 200
-0.980749, 305, 169, 368, 232
-0.980762, 433, 129, 496, 192
-0.980776, 57, 81, 120, 144
-0.980853, 201, 81, 264, 144
-0.980909, 409, 145, 472, 272
-0.980953, 241, 25, 304, 88
-0.981075, 137, 17, 200, 80
-0.981148, 145, 217, 208, 280
-0.981176, 113, 81, 240, 144
-0.981183, 241, 273, 304, 336
-0.981214, 297, 89, 360, 152
-0.981262, 265, 145, 328, 208
-0.98127, 209, 33, 240, 160
-0.981356, 149, 169, 180, 232
-0.981379, 193, 193, 256, 320
-0.981486, 289, 33, 352, 96
-0.981534, 225, 97, 288, 352
-0.981555, 297, 249, 360, 312
-0.981561, 81, 201, 208, 264
-0.981562, 181, 185, 212, 248
-0.981594, 97, 1, 160, 256
-0.981658, 185, 9, 248, 72
-0.981819, 257, 1, 320, 128
-0.98221, 81, 49, 208, 112
-0.98222, 225, 209, 352, 272
-0.982285, 313, 193, 376, 256
-0.982334, 49, 313, 176, 375
-0.982369, 161, 113, 288, 176
-0.982513, 257, 313, 320, 375
-0.982532, 177, 297, 304, 360
-0.982574, 241, 217, 304, 280
-0.982602, 161, 89, 288, 152
-0.982758, 49, 105, 112, 168
-0.982848, 329, 81, 392, 144
-0.982937, 173, 17, 204, 144
-0.982943, 161, 9, 224, 72
-0.982943, 369, 145, 496, 272
-0.982959, 125, 33, 156, 160
-0.983006, 81, 169, 208, 232
-0.983007, 169, 57, 232, 120
-0.983078, 273, 273, 336, 336
-0.98314, 249, 249, 312, 312
-0.983154, 109, 129, 140, 192
-0.9832, 97, 65, 128, 192
-0.983211, 89, 193, 152, 256
-0.983243, 249, 33, 280, 160
-0.983292, 409, 1, 472, 64
-0.983308, 289, 145, 352, 208
-0.98331, 201, 265, 264, 328
-0.983375, 273, 97, 336, 160
-0.983389, 385, 185, 448, 248
-0.983402, 273, 97, 336, 224
-0.983505, 97, 105, 224, 168
-0.983558, 281, 33, 344, 288
-0.983659, 281, 313, 344, 375
-0.98369, 217, 113, 248, 240
-0.983852, 177, 161, 304, 224
-0.983854, 433, 105, 496, 168
-0.983918, 65, 153, 128, 216
-0.984026, 73, 33, 136, 288
-0.984134, 97, 281, 160, 344
-0.984302, 217, 241, 280, 304
-0.984311, 93, 113, 124, 176
-0.984342, 49, 129, 112, 192
-0.984393, 57, 313, 120, 375
-0.98446, 377, 65, 440, 128
-0.984473, 305, 49, 368, 176
-0.984514, 89, 241, 152, 368
-0.984553, 157, 65, 188, 192
-0.9846, 285, 49, 316, 176
-0.9846, 17, 1, 144, 128
-0.984604, 285, 57, 316, 120
-0.984644, 209, 97, 336, 160
-0.984661, 353, 89, 416, 152
-0.984681, 129, 201, 256, 264
-0.984692, 177, 161, 208, 288
-0.984736, 265, 25, 328, 88
-0.984785, 249, 1, 312, 375
-0.984803, 137, 185, 168, 248
-0.984807, 97, 177, 160, 304
-0.984817, 409, 185, 472, 248
-0.984835, 265, 49, 296, 112
-0.984844, 369, 41, 432, 104
-0.984914, 273, 33, 304, 160
-0.984968, 217, 217, 280, 280
-0.984968, 57, 81, 120, 208
-0.984998, 297, 113, 360, 176
-0.985011, 237, 33, 268, 160
-0.985035, 161, 113, 192, 240
-0.985047, 265, 129, 328, 375
-0.98509, 245, 113, 276, 240
-0.985095, 65, 177, 128, 240
-0.985211, 121, 273, 184, 336
-0.98522, 221, 241, 252, 368
-0.985246, 73, 49, 136, 112
-0.98526, 241, 1, 368, 128
-0.985361, 25, 313, 88, 375
-0.985407, 109, 33, 140, 160
-0.98556, 385, 1, 448, 64
-0.985637, 433, 177, 496, 240
-0.98578, 417, 33, 480, 96
-0.985852, 409, 137, 472, 200
-0.985886, 337, 209, 400, 272
-0.985902, 305, 297, 368, 360
-0.985907, 313, 273, 376, 336
-0.985914, 281, 145, 344, 272
-0.985963, 329, 33, 392, 96
-0.985993, 233, 105, 264, 168
-0.986, 217, 9, 280, 72
-0.986021, 337, 57, 400, 120
-0.986067, 233, 297, 264, 360
-0.98607, 193, 81, 224, 208
-0.98613, 117, 305, 148, 368
-0.986138, 193, 1, 256, 375
-0.986147, 313, 57, 376, 120
-0.986156, 17, 97, 144, 224
-0.986226, 97, 25, 160, 88
-0.986243, 261, 33, 292, 160
-0.986266, 297, 129, 360, 375
-0.986306, 209, 129, 336, 192
-0.986378, 169, 1, 232, 375
-0.986388, 353, 17, 416, 80
-0.986415, 145, 241, 208, 304
-0.986444, 281, 1, 344, 128
-0.986456, 49, 137, 176, 200
-0.986481, 193, 241, 256, 304
-0.986511, 129, 1, 192, 375
-0.986524, 189, 305, 220, 368
-0.986531, 409, 57, 472, 120
-0.986573, 297, 177, 328, 304
-0.986587, 193, 121, 224, 184
-0.986591, 73, 129, 136, 256
-0.986681, 57, 289, 120, 352
-0.986716, 321, 121, 384, 184
-0.986746, 149, 297, 180, 360
-0.986747, 433, 1, 496, 64
-0.986749, 85, 81, 116, 208
-0.986768, 161, 137, 288, 200
-0.986826, 113, 233, 176, 296
-0.986831, 177, 81, 208, 208
-0.986893, 225, 73, 352, 136
-0.986926, 81, 129, 144, 375
-0.986936, 49, 113, 176, 176
-0.986943, 209, 313, 240, 375
-0.986967, 337, 249, 400, 312
-0.987094, 377, 97, 440, 160
-0.987139, 217, 1, 280, 375
-0.987159, 129, 153, 160, 216
-0.98716, 345, 113, 408, 176
-0.987251, 273, 1, 336, 375
-0.987255, 197, 201, 228, 264
-0.987274, 353, 1, 480, 128
-0.987301, 33, 81, 96, 144
-0.98736, 101, 313, 132, 375
-0.987364, 297, 201, 328, 264
-0.987385, 297, 97, 360, 224
-0.987528, 209, 177, 240, 240
-0.987538, 361, 185, 424, 248
-0.987563, 329, 9, 392, 72
-0.987613, 217, 105, 248, 168
-0.987641, 169, 241, 232, 304
-0.98767, 401, 81, 464, 144
-0.987677, 161, 153, 192, 216
-0.987712, 205, 121, 236, 184
-0.987756, 73, 25, 136, 88
-0.98784, 125, 81, 156, 208
-0.987847, 97, 25, 224, 88
-0.987851, 193, 81, 224, 144
-0.987851, 149, 193, 180, 256
-0.987863, 425, 1, 488, 256
-0.987886, 133, 305, 164, 368
-0.987889, 257, 233, 384, 296
-0.987891, 177, 33, 208, 96
-0.987903, 17, 241, 144, 368
-0.987923, 285, 81, 316, 144
-0.987963, 305, 1, 368, 256
-0.987996, 149, 33, 180, 96
-0.988015, 273, 241, 400, 368
-0.988021, 241, 257, 368, 320
-0.988022, 137, 161, 168, 288
-0.988059, 141, 145, 172, 208
-0.988136, 285, 177, 316, 304
-0.988146, 161, 297, 192, 360
-0.988262, 185, 145, 216, 208
-0.988345, 97, 1, 160, 375
-0.988387, 149, 113, 180, 240
-0.988502, 89, 313, 120, 375
-0.988559, 433, 97, 496, 352
-0.988607, 117, 129, 148, 256
-0.988638, 225, 153, 256, 216
-0.988653, 273, 33, 400, 96
-0.988755, 369, 33, 432, 160
-0.988785, 433, 97, 496, 224
-0.988804, 229, 145, 260, 272
-0.988816, 289, 185, 416, 248
-0.988896, 329, 33, 392, 160
-0.988918, 189, 145, 220, 272
-0.988948, 137, 81, 168, 208
-0.988953, 49, 89, 176, 152
-0.988959, 169, 73, 200, 136
-0.989023, 273, 65, 400, 128
-0.989033, 177, 233, 304, 296
-0.989043, 225, 185, 352, 248
-0.98909, 177, 209, 304, 272
-0.98915, 401, 1, 464, 256
-0.989173, 137, 33, 168, 96
-0.989181, 173, 161, 204, 224
-0.98921, 161, 25, 192, 88
-0.989404, 173, 137, 204, 200
-0.989422, 177, 305, 208, 368
-0.989432, 97, 113, 128, 240
-0.989465, 221, 305, 252, 368
-0.98947, 205, 129, 236, 256
-0.989485, 193, 25, 224, 88
-0.989535, 245, 129, 276, 192
-0.989542, 33, 169, 160, 232
-0.989561, 285, 193, 316, 256
-0.989717, 225, 161, 352, 224
-0.989839, 105, 89, 136, 152
-0.989911, 213, 33, 244, 96
-0.989924, 193, 169, 224, 232
-0.989941, 205, 81, 236, 208
-0.990008, 137, 193, 200, 224
-0.990037, 409, 129, 472, 375
-0.990046, 97, 65, 128, 128
-0.990077, 237, 169, 268, 232
-0.990118, 81, 129, 112, 192
-0.99012, 337, 81, 400, 208
-0.990139, 273, 81, 304, 208
-0.990158, 205, 89, 236, 152
-0.990166, 121, 49, 152, 112
-0.990211, 193, 25, 320, 88
-0.990221, 81, 97, 112, 160
-0.990227, 317, 225, 348, 288
-0.990228, 169, 209, 232, 240
-0.990228, 221, 193, 252, 320
-0.990304, 297, 65, 328, 128
-0.990334, 197, 193, 228, 320
-0.990339, 125, 177, 156, 240
-0.99035, 245, 105, 276, 168
-0.990352, 97, 137, 128, 200
-0.990377, 137, 181, 200, 212
-0.990417, 181, 81, 212, 144
-0.990441, 129, 281, 256, 344
-0.990505, 377, 1, 440, 256
-0.990514, 321, 97, 384, 352
-0.990569, 169, 209, 200, 336
-0.990572, 121, 305, 184, 336
-0.990636, 161, 193, 192, 256
-0.990683, 257, 97, 384, 160
-0.990683, 305, 209, 432, 272
-0.990684, 221, 185, 252, 248
-0.990731, 65, 305, 320, 368
-0.990754, 133, 113, 164, 176
-0.990757, 433, 1, 496, 128
-0.990787, 149, 113, 180, 176
-0.990805, 137, 169, 200, 200
-0.990806, 89, 313, 152, 344
-0.990807, 97, 41, 352, 104
-0.990826, 121, 129, 152, 192
-0.990883, 161, 49, 192, 112
-0.990902, 441, 169, 472, 232
-0.990908, 113, 165, 176, 196
-0.990925, 265, 217, 328, 248
-0.990941, 145, 305, 208, 336
-0.990943, 265, 201, 328, 232
-0.990955, 201, 121, 264, 152
-0.990978, 193, 313, 256, 344
-0.990981, 297, 225, 328, 288
-0.991011, 77, 129, 108, 256
-0.991029, 105, 141, 168, 172
-0.991039, 313, 1, 376, 375
-0.991065, 129, 209, 192, 240
-0.991095, 257, 145, 288, 208
-0.991101, 229, 25, 260, 88
-0.991108, 161, 161, 192, 288
-0.991132, 225, 281, 352, 344
-0.991151, 393, 49, 456, 176
-0.991206, 113, 81, 144, 208
-0.991221, 245, 33, 276, 96
-0.991263, 353, 65, 416, 320
-0.991269, 81, 101, 144, 132
-0.99127, 185, 173, 248, 204
-0.991279, 157, 241, 188, 368
-0.991298, 169, 309, 232, 340
-0.9913, 169, 185, 232, 216
-0.991306, 137, 89, 168, 152
-0.991322, 257, 57, 320, 88
-0.991339, 233, 241, 264, 368
-0.991365, 285, 169, 316, 232
-0.991414, 161, 197, 224, 228
-0.991439, 129, 225, 256, 288
-0.991448, 121, 73, 152, 136
-0.991509, 73, 329, 136, 360
-0.991525, 213, 145, 244, 208
-0.991573, 181, 217, 212, 280
-0.991584, 265, 89, 328, 120
-0.991592, 33, 65, 160, 128
-0.991596, 65, 241, 128, 368
-0.991607, 185, 241, 216, 368
-0.991615, 209, 301, 272, 332
-0.991673, 153, 157, 216, 188
-0.991687, 145, 137, 208, 168
-0.991713, 269, 73, 300, 136
-0.991728, 33, 193, 160, 320
-0.991743, 233, 301, 296, 332
-0.991757, 57, 341, 120, 372
-0.991769, 109, 49, 140, 112
-0.991771, 241, 93, 304, 124
-0.991786, 113, 129, 176, 160
-0.991788, 309, 209, 340, 336
-0.99179, 217, 137, 280, 168
-0.991792, 201, 105, 264, 136
-0.991796, 253, 57, 284, 120
-0.991802, 193, 193, 256, 224
-0.991824, 121, 77, 184, 108
-0.991832, 105, 197, 168, 228
-0.991838, 401, 1, 464, 375
-0.991849, 105, 177, 168, 208
-0.991857, 265, 77, 328, 108
-0.991867, 209, 173, 272, 204
-0.991871, 153, 33, 216, 64
-0.991896, 209, 37, 272, 68
-0.991904, 393, 97, 456, 224
-0.99191, 305, 205, 368, 236
-0.99196, 73, 113, 136, 144
-0.99201, 81, 89, 144, 120
-0.992018, 209, 289, 240, 352
-0.992043, 105, 153, 168, 184
-0.992073, 289, 225, 352, 256
-0.992077, 233, 185, 296, 216
-0.992087, 233, 45, 296, 76
-0.992095, 233, 81, 264, 144
-0.992113, 145, 125, 208, 156
-0.992119, 129, 153, 192, 184
-0.992181, 129, 193, 384, 256
-0.992185, 137, 209, 168, 272
-0.992191, 257, 141, 320, 172
-0.992204, 329, 1, 392, 256
-0.992231, 385, 97, 448, 352
-0.992231, 185, 145, 248, 176
-0.992238, 425, 1, 488, 375
-0.992238, 73, 125, 136, 156
-0.992246, 81, 141, 144, 172
-0.992284, 225, 313, 288, 344
-0.992288, 433, 145, 496, 176
-0.992289, 289, 245, 352, 276
-0.992293, 145, 9, 272, 72
-0.9923, 101, 169, 132, 232
-0.992322, 149, 73, 180, 136
-0.99233, 265, 337, 328, 368
-0.99236, 89, 69, 152, 100
-0.992361, 73, 1, 136, 375
-0.992364, 121, 117, 184, 148
-0.992374, 185, 297, 248, 328
-0.992385, 161, 129, 192, 192
-0.992392, 153, 113, 216, 144
-0.992403, 97, 97, 352, 160
-0.99241, 169, 81, 232, 112
-0.992411, 209, 201, 240, 264
-0.992424, 249, 113, 312, 144
-0.992433, 129, 37, 192, 68
-0.992436, 145, 77, 208, 108
-0.992494, 177, 157, 240, 188
-0.992498, 73, 177, 136, 208
-0.992518, 113, 49, 176, 80
-0.99253, 89, 57, 152, 88
-0.992533, 409, 189, 472, 220
-0.992535, 145, 57, 272, 120
-0.992543, 337, 1, 400, 375
-0.992553, 353, 1, 480, 64
-0.992565, 297, 109, 360, 140
-0.992565, 145, 221, 208, 252
-0.992571, 209, 161, 272, 192
-0.992576, 177, 125, 240, 156
-0.992596, 233, 125, 296, 156
-0.9926, 257, 189, 320, 220
-0.9926, 241, 325, 304, 356
-0.992612, 89, 165, 152, 196
-0.992615, 185, 33, 248, 64
-0.992618, 265, 245, 328, 276
-0.992626, 241, 201, 304, 232
-0.992629, 265, 233, 328, 264
-0.99263, 245, 241, 276, 368
-0.992634, 201, 205, 264, 236
-0.992636, 297, 345, 360, 375
-0.992639, 201, 93, 264, 124
-0.992643, 121, 105, 152, 168
-0.992649, 113, 61, 176, 92
-0.992663, 129, 241, 160, 368
-0.992665, 233, 149, 296, 180
-0.992671, 105, 105, 168, 136
-0.992681, 261, 129, 292, 256
-0.992687, 417, 173, 480, 204
-0.992713, 289, 65, 352, 96
-0.992728, 273, 109, 336, 140
-0.992741, 209, 81, 272, 112
-0.992746, 225, 113, 288, 144
-0.992762, 57, 101, 120, 132
-0.992763, 217, 81, 248, 144
-0.992792, 305, 97, 368, 128
-0.992803, 177, 221, 240, 252
-0.992807, 369, 137, 496, 200
-0.992817, 233, 193, 264, 320
-0.99285, 225, 313, 352, 375
-0.99286, 65, 65, 320, 128
-0.99286, 233, 57, 296, 88
-0.99286, 441, 145, 472, 272
-0.992863, 209, 177, 240, 304
-0.992876, 169, 101, 232, 132
-0.992883, 97, 117, 160, 148
-0.99289, 177, 113, 240, 144
-0.992893, 177, 45, 240, 76
-0.992896, 305, 257, 368, 288
-0.992902, 49, 33, 112, 288
-0.992903, 241, 173, 304, 204
-0.992938, 245, 289, 276, 352
-0.992946, 277, 33, 308, 96
-0.992954, 433, 157, 496, 188
-0.992955, 241, 337, 304, 368
-0.992961, 81, 153, 144, 184
-0.99299, 257, 89, 288, 152
-0.992999, 281, 189, 344, 220
-0.993025, 129, 105, 192, 136
-0.993025, 161, 173, 224, 204
-0.993033, 297, 85, 360, 116
-0.993034, 257, 113, 288, 176
-0.993052, 201, 341, 264, 372
-0.993068, 265, 261, 328, 292
-0.993071, 149, 181, 180, 212
-0.993085, 233, 81, 296, 112
-0.993121, 409, 161, 472, 192
-0.993126, 197, 241, 228, 368
-0.993127, 217, 69, 280, 100
-0.993141, 289, 53, 352, 84
-0.993144, 385, 193, 448, 224
-0.993149, 177, 201, 208, 232
-0.993163, 137, 93, 200, 124
-0.993189, 89, 321, 120, 352
-0.993205, 369, 1, 432, 375
-0.993215, 121, 201, 152, 264
-0.993253, 153, 65, 216, 96
-0.993265, 257, 129, 320, 160
-0.993279, 305, 189, 368, 220
-0.99329, 105, 209, 168, 240
-0.993294, 257, 37, 320, 68
-0.993297, 225, 241, 288, 272
-0.993313, 77, 329, 108, 360
-0.993346, 129, 293, 192, 324
-0.993377, 249, 289, 312, 320
-0.993379, 137, 193, 168, 224
-0.993381, 201, 313, 232, 344
-0.993389, 313, 241, 376, 272
-0.993393, 41, 317, 104, 348
-0.993399, 273, 121, 400, 184
-0.993412, 61, 341, 92, 372
-0.993439, 209, 325, 272, 356
-0.993448, 201, 49, 264, 80
-0.993448, 25, 329, 88, 360
-0.993457, 101, 317, 132, 348
-0.993476, 153, 209, 184, 240
-0.993476, 189, 309, 220, 340
-0.993479, 313, 249, 344, 312
-0.99348, 249, 141, 280, 172
-0.993484, 369, 185, 496, 248
-0.993491, 81, 113, 112, 144
-0.993495, 65, 153, 320, 216
-0.993517, 185, 189, 216, 220
-0.993521, 173, 181, 204, 212
-0.993525, 85, 97, 116, 128
-0.993527, 113, 141, 144, 172
-0.99353, 193, 97, 448, 160
-0.993537, 241, 301, 272, 332
-0.993564, 121, 309, 152, 340
-0.993574, 369, 161, 496, 224
-0.993576, 185, 281, 216, 344
-0.993591, 113, 153, 144, 216
-0.993593, 409, 1, 472, 128
-0.993595, 77, 313, 108, 375
-0.993611, 213, 317, 244, 348
-0.993623, 129, 165, 160, 196
-0.993636, 1, 313, 500, 375
-0.993646, 337, 193, 464, 320
-0.993653, 169, 305, 200, 336
-0.993661, 141, 305, 172, 336
-0.993662, 1, 1, 64, 256
-0.993672, 233, 193, 264, 256
-0.993687, 137, 65, 168, 128
-0.993702, 89, 161, 120, 224
-0.993707, 93, 113, 124, 144
-0.993726, 161, 129, 416, 192
-0.993731, 221, 281, 252, 344
-0.993739, 229, 113, 260, 144
-0.993741, 157, 193, 188, 224
-0.993748, 193, 85, 224, 116
-0.993748, 145, 169, 176, 200
-0.993763, 461, 161, 492, 224
-0.993766, 293, 313, 324, 375
-0.993786, 193, 33, 224, 64
-0.993794, 233, 173, 264, 204
-0.993796, 205, 173, 236, 204
-0.9938, 153, 305, 184, 336
-0.993806, 353, 57, 480, 120
-0.993812, 145, 137, 176, 168
-0.99383, 277, 53, 308, 84
-0.993836, 1, 145, 128, 208
-0.993842, 217, 173, 248, 204
-0.993843, 289, 61, 320, 92
-0.993846, 161, 157, 192, 188
-0.993852, 161, 169, 192, 200
-0.993853, 161, 169, 416, 232
-0.993867, 217, 193, 248, 224
-0.993869, 165, 209, 196, 240
-0.993873, 209, 117, 240, 148
-0.993875, 273, 249, 304, 312
-0.993884, 117, 169, 148, 200
-0.993889, 137, 181, 168, 212
-0.99389, 65, 129, 320, 192
-0.99389, 241, 129, 272, 160
-0.993891, 297, 201, 328, 232
-0.993902, 101, 141, 132, 172
-0.993925, 237, 185, 268, 216
-0.993932, 469, 145, 500, 272
-0.993943, 129, 281, 160, 344
-0.993946, 305, 241, 432, 304
-0.993948, 201, 209, 232, 240
-0.993956, 249, 113, 280, 144
-0.993965, 273, 89, 304, 120
-0.993988, 89, 125, 120, 156
-0.993991, 285, 81, 316, 112
-0.994, 105, 105, 136, 136
-0.994013, 181, 217, 212, 248
-0.994022, 229, 309, 260, 340
-0.994023, 209, 33, 240, 64
-0.994029, 173, 73, 204, 104
-0.994033, 149, 157, 180, 188
-0.994034, 285, 93, 316, 124
-0.994036, 273, 193, 304, 256
-0.994038, 181, 169, 212, 200
-0.994041, 221, 157, 252, 188
-0.994044, 105, 173, 136, 204
-0.994054, 281, 185, 312, 216
-0.994054, 173, 113, 204, 176
-0.994059, 73, 65, 104, 192
-0.994067, 49, 1, 112, 375
-0.994071, 145, 241, 176, 368
-0.994071, 221, 205, 252, 236
-0.99408, 93, 85, 124, 116
-0.994081, 137, 149, 168, 180
-0.994087, 229, 297, 260, 328
-0.994096, 93, 73, 124, 104
-0.994098, 161, 33, 192, 64
-0.994108, 233, 37, 264, 68
-0.994111, 185, 57, 216, 120
-0.994112, 137, 117, 168, 148
-0.994124, 157, 77, 188, 108
-0.994128, 141, 209, 172, 240
-0.994131, 1, 41, 500, 104
-0.994137, 193, 149, 224, 180
-0.994138, 109, 153, 140, 184
-0.994138, 205, 189, 236, 220
-0.994143, 265, 57, 296, 88
-0.994154, 105, 73, 136, 104
-0.994155, 93, 177, 124, 208
-0.994161, 213, 305, 244, 336
-0.994167, 233, 129, 264, 192
-0.99417, 469, 145, 500, 176
-0.994171, 253, 93, 284, 124
-0.994175, 121, 53, 152, 84
-0.994178, 297, 81, 328, 112
-0.994184, 329, 193, 392, 320
-0.994197, 157, 145, 188, 176
-0.9942, 201, 129, 232, 160
-0.994202, 57, 129, 120, 375
-0.994205, 261, 125, 292, 156
-0.994218, 177, 157, 208, 188
-0.99422, 173, 141, 204, 172
-0.994222, 117, 241, 148, 368
-0.994224, 309, 101, 340, 132
-0.994227, 261, 81, 292, 112
-0.994228, 157, 113, 188, 144
-0.994231, 77, 161, 108, 224
-0.994235, 141, 41, 172, 72
-0.994237, 161, 125, 192, 156
-0.994238, 293, 189, 324, 220
-0.994239, 297, 245, 328, 276
-0.994239, 469, 161, 500, 192
-0.994241, 125, 181, 156, 212
-0.994248, 313, 225, 344, 256
-0.994254, 469, 133, 500, 164
-0.994255, 233, 345, 264, 375
-0.994263, 113, 129, 144, 160
-0.994265, 173, 33, 204, 64
-0.994265, 77, 125, 108, 156
-0.994265, 1, 113, 128, 176
-0.994276, 297, 213, 328, 244
-0.994277, 125, 193, 156, 224
-0.994281, 221, 209, 252, 272
-0.994284, 93, 161, 124, 192
-0.99429, 269, 129, 300, 192
-0.994293, 109, 57, 140, 88
-0.994295, 125, 105, 156, 136
-0.994295, 209, 105, 240, 136
-0.994298, 249, 45, 280, 76
-0.994301, 453, 153, 484, 184
-0.994304, 93, 57, 124, 88
-0.994305, 245, 289, 276, 320
-0.994314, 305, 345, 336, 375
-0.994315, 137, 69, 168, 100
-0.99432, 309, 97, 340, 160
-0.994324, 113, 85, 144, 116
-0.994326, 293, 341, 324, 372
-0.994327, 237, 197, 268, 228
-0.994334, 261, 141, 292, 172
-0.994339, 249, 169, 280, 200
-0.99435, 317, 241, 348, 272
-0.994358, 97, 309, 224, 340
-0.99436, 301, 249, 332, 312
-0.994362, 69, 113, 100, 144
-0.994362, 277, 217, 308, 280
-0.994362, 241, 101, 272, 132
-0.994363, 73, 177, 104, 208
-0.994372, 229, 137, 260, 168
-0.994379, 189, 125, 220, 156
-0.994392, 125, 117, 156, 148
-0.994425, 225, 217, 256, 248
-0.994425, 221, 337, 252, 368
-0.994431, 145, 105, 176, 136
-0.994442, 369, 81, 432, 208
-0.994447, 209, 241, 240, 368
-0.994485, 17, 289, 144, 352
-0.994486, 297, 105, 328, 168
-0.994536, 93, 89, 124, 152
-0.994539, 25, 1, 88, 256
-0.994549, 297, 177, 328, 240
-0.994555, 297, 33, 328, 160
-0.99456, 161, 105, 192, 168
-0.994563, 193, 49, 448, 112
-0.994577, 289, 161, 416, 224
-0.994589, 261, 25, 292, 88
-0.99461, 321, 33, 448, 96
-0.994687, 457, 129, 488, 192
-0.994698, 285, 1, 316, 128
-0.994707, 437, 145, 468, 208
-0.994716, 269, 105, 300, 168
-0.99472, 205, 9, 236, 72
-0.99474, 1, 89, 128, 152
-0.994758, 261, 81, 292, 208
-0.994779, 269, 161, 300, 224
-0.994842, 1, 1, 64, 375
-0.994857, 177, 257, 304, 320
-0.994911, 1, 89, 500, 152
-0.994912, 1, 105, 256, 168
-0.994969, 1, 185, 256, 248
-0.995023, 457, 113, 488, 240
-0.995054, 225, 25, 480, 88
-0.995057, 129, 217, 384, 280
-0.995069, 289, 113, 320, 240
-0.995074, 273, 305, 400, 368
-0.995079, 161, 257, 416, 320
-0.995094, 193, 73, 448, 136
-0.995109, 309, 201, 340, 264
-0.995144, 69, 105, 100, 168
-0.995144, 249, 169, 280, 232
-0.99516, 257, 121, 500, 184
-0.99524, 173, 281, 204, 344
-0.995249, 105, 289, 136, 352
-0.995259, 273, 9, 400, 72
-0.995263, 151, 169, 166, 232
-0.995269, 305, 265, 432, 328
-0.995272, 205, 65, 236, 128
-0.995286, 105, 161, 136, 288
-0.995327, 469, 121, 500, 184
-0.995381, 257, 153, 500, 216
-0.995406, 257, 177, 500, 240
-0.995413, 277, 129, 308, 256
-0.995434, 177, 201, 304, 232
-0.995487, 213, 1, 244, 256
-0.995498, 305, 1, 368, 128
-0.995518, 193, 297, 448, 360
-0.995523, 177, 189, 304, 220
-0.995549, 229, 1, 260, 256
-0.995588, 353, 113, 480, 176
-0.995627, 1, 153, 500, 216
-0.995665, 313, 161, 344, 288
-0.995678, 97, 185, 224, 216
-0.995725, 25, 1, 88, 375
-0.995776, 33, 193, 160, 256
-0.995792, 145, 33, 272, 64
-0.995807, 385, 161, 448, 288
-0.995826, 243, 289, 258, 352
-0.995868, 65, 109, 192, 140
-0.99587, 191, 185, 206, 248
-0.995947, 225, 217, 352, 248
-0.995948, 197, 1, 228, 256
-0.99598, 225, 217, 480, 280
-0.995996, 293, 57, 308, 120
-0.99601, 33, 209, 288, 272
-0.996013, 81, 241, 208, 304
-0.996036, 125, 193, 156, 320
-0.996074, 285, 241, 316, 368
-0.996078, 287, 49, 302, 112
-0.99611, 81, 121, 208, 152
-0.996134, 185, 1, 216, 256
-0.996155, 1, 49, 128, 176
-0.996156, 49, 17, 112, 144
-0.996185, 97, 197, 224, 228
-0.996187, 145, 213, 272, 244
-0.99619, 121, 129, 136, 192
-0.996194, 225, 105, 352, 136
-0.996199, 277, 49, 292, 112
-0.996206, 97, 281, 352, 344
-0.996285, 257, 241, 500, 304
-0.996297, 129, 17, 384, 80
-0.996306, 81, 73, 208, 104
-0.996316, 1, 33, 256, 96
-0.996335, 369, 33, 496, 96
-0.996342, 205, 305, 220, 368
-0.996369, 1, 65, 500, 128
-0.996379, 157, 169, 172, 232
-0.996381, 65, 241, 320, 304
-0.996431, 81, 321, 208, 352
-0.996439, 161, 313, 288, 344
-0.996445, 161, 121, 288, 152
-0.996487, 147, 193, 162, 256
-0.996503, 81, 169, 208, 200
-0.996507, 145, 109, 272, 140
-0.996525, 129, 145, 256, 176
-0.996529, 233, 105, 248, 168
-0.996533, 257, 205, 384, 236
-0.996534, 129, 169, 256, 200
-0.996567, 305, 89, 432, 152
-0.996572, 161, 297, 288, 328
-0.996574, 49, 181, 176, 212
-0.996579, 173, 1, 204, 256
-0.996583, 273, 193, 304, 320
-0.996583, 209, 329, 336, 360
-0.99659, 177, 177, 304, 208
-0.996596, 209, 61, 336, 92
-0.996599, 183, 193, 198, 256
-0.996616, 161, 1, 192, 256
-0.996616, 81, 149, 208, 180
-0.99667, 145, 133, 272, 164
-0.996677, 209, 301, 336, 332
-0.996682, 33, 17, 160, 80
-0.996692, 97, 213, 224, 244
-0.99672, 221, 185, 236, 248
-0.996722, 283, 73, 298, 136
-0.996726, 193, 49, 320, 80
-0.996733, 1, 177, 500, 240
-0.996734, 141, 193, 156, 256
-0.996736, 65, 333, 192, 364
-0.99674, 49, 345, 176, 375
-0.996742, 111, 145, 126, 208
-0.996745, 109, 121, 124, 184
-0.996749, 205, 81, 220, 144
-0.996768, 129, 157, 256, 188
-0.996775, 97, 45, 224, 76
-0.996783, 257, 241, 288, 368
-0.996808, 215, 313, 230, 375
-0.996811, 299, 57, 314, 120
-0.996817, 65, 61, 192, 92
-0.996826, 261, 113, 276, 176
-0.996848, 297, 81, 312, 144
-0.996849, 165, 33, 180, 96
-0.996856, 123, 305, 138, 368
-0.996859, 103, 313, 118, 375
-0.99686, 177, 153, 304, 184
-0.99686, 97, 113, 112, 176
-0.99686, 85, 105, 100, 168
-0.996878, 151, 145, 166, 208
-0.996903, 217, 97, 232, 160
-0.996903, 137, 1, 168, 256
-0.996905, 297, 225, 328, 352
-0.996908, 301, 113, 332, 240
-0.996909, 241, 1, 272, 256
-0.996911, 309, 65, 340, 192
-0.996918, 225, 153, 240, 216
-0.996925, 257, 249, 384, 280
-0.996926, 237, 305, 252, 368
-0.996951, 231, 185, 246, 248
-0.996961, 145, 153, 160, 216
-0.996982, 247, 105, 262, 168
-0.996993, 129, 305, 144, 368
-0.996997, 225, 93, 352, 124
-0.997005, 1, 113, 500, 176
-0.997023, 209, 121, 336, 152
-0.997038, 225, 193, 352, 224
-0.997044, 191, 305, 206, 368
-0.997052, 271, 49, 286, 112
-0.997053, 225, 161, 352, 192
-0.997069, 217, 25, 232, 88
-0.997069, 171, 297, 186, 360
-0.99707, 241, 341, 368, 372
-0.99707, 177, 305, 192, 368
-0.997071, 81, 133, 208, 164
-0.997083, 199, 305, 214, 368
-0.997084, 187, 137, 202, 200
-0.997087, 265, 145, 280, 208
-0.997105, 199, 201, 214, 264
-0.997107, 117, 1, 148, 256
-0.997119, 457, 153, 472, 216
-0.997148, 241, 265, 368, 296
-0.997153, 113, 85, 240, 116
-0.997157, 225, 229, 352, 260
-0.997157, 215, 185, 230, 248
-0.997158, 141, 305, 156, 368
-0.99716, 209, 73, 336, 104
-0.997165, 305, 213, 432, 244
-0.997171, 147, 297, 162, 360
-0.997184, 105, 97, 120, 160
-0.997189, 241, 113, 256, 176
-0.997192, 177, 97, 304, 128
-0.997209, 273, 53, 400, 84
-0.997216, 369, 89, 496, 152
-0.997222, 305, 65, 320, 128
-0.997222, 271, 145, 286, 208
-0.997222, 183, 161, 198, 224
-0.997236, 193, 141, 320, 172
-0.997248, 195, 73, 210, 136
-0.997248, 111, 97, 126, 160
-0.997258, 227, 97, 242, 160
-0.997259, 153, 297, 168, 360
-0.997286, 113, 313, 128, 375
-0.997288, 135, 305, 150, 368
-0.997289, 1, 97, 64, 352
-0.997293, 149, 33, 164, 96
-0.997294, 159, 297, 174, 360
-0.997303, 87, 129, 102, 192
-0.997304, 145, 73, 160, 136
-0.997305, 301, 193, 316, 256
-0.99731, 213, 73, 228, 136
-0.99731, 207, 105, 222, 168
-0.997313, 183, 305, 198, 368
-0.997322, 65, 93, 192, 124
-0.997322, 17, 113, 144, 144
-0.997323, 209, 185, 224, 248
-0.997329, 163, 161, 178, 224
-0.99733, 165, 297, 180, 360
-0.997333, 353, 177, 416, 304
-0.997336, 231, 161, 246, 224
-0.99734, 253, 1, 284, 256
-0.997347, 295, 185, 310, 248
-0.997356, 97, 89, 112, 152
-0.997362, 1, 281, 256, 344
-0.997369, 289, 193, 416, 224
-0.997372, 197, 25, 212, 88
-0.997374, 253, 169, 268, 232
-0.997377, 223, 313, 238, 375
-0.997387, 245, 161, 276, 288
-0.997391, 1, 9, 256, 72
-0.997392, 221, 97, 252, 352
-0.997392, 137, 89, 152, 152
-0.997402, 191, 33, 206, 96
-0.997404, 133, 49, 148, 112
-0.997409, 225, 181, 352, 212
-0.99741, 177, 165, 304, 196
-0.997431, 149, 1, 180, 256
-0.997443, 223, 33, 238, 96
-0.997454, 257, 81, 384, 112
-0.997465, 129, 73, 256, 104
-0.99747, 215, 137, 230, 200
-0.997479, 89, 81, 104, 144
-0.997481, 123, 49, 138, 112
-0.997482, 307, 201, 322, 264
-0.997485, 171, 25, 186, 88
-0.997487, 97, 313, 112, 375
-0.997495, 257, 69, 384, 100
-0.9975, 155, 33, 170, 96
-0.997501, 91, 313, 106, 375
-0.997505, 145, 129, 176, 375
-0.997506, 253, 97, 268, 160
-0.997506, 451, 161, 466, 224
-0.997511, 197, 177, 212, 240
-0.997517, 257, 137, 272, 200
-0.997517, 89, 161, 120, 288
-0.997533, 237, 177, 252, 240
-0.997535, 225, 121, 240, 184
-0.997543, 193, 37, 320, 68
-0.997556, 179, 33, 194, 96
-0.997559, 145, 45, 272, 76
-0.997564, 257, 117, 384, 148
-0.99757, 193, 137, 208, 200
-0.997573, 117, 97, 132, 160
-0.997573, 175, 57, 190, 120
-0.997575, 233, 281, 248, 344
-0.99758, 273, 225, 400, 256
-0.997584, 157, 145, 172, 208
-0.997585, 243, 153, 258, 216
-0.997587, 193, 217, 208, 280
-0.997587, 175, 169, 190, 232
-0.997588, 129, 57, 256, 88
-0.997595, 199, 121, 214, 184
-0.997596, 307, 97, 322, 160
-0.997607, 235, 33, 250, 96
-0.997611, 133, 121, 148, 184
-0.997623, 229, 313, 244, 375
-0.997649, 191, 161, 206, 224
-0.997649, 309, 17, 340, 144
-0.99765, 317, 249, 332, 312
-0.997651, 369, 165, 496, 196
-0.997658, 143, 33, 158, 96
-0.997665, 277, 33, 308, 288
-0.997666, 261, 41, 276, 104
-0.997668, 211, 25, 226, 88
-0.997677, 17, 97, 144, 128
-0.997682, 109, 73, 124, 136
-0.997686, 97, 33, 224, 64
-0.99769, 245, 177, 260, 240
-0.99769, 113, 297, 240, 328
-0.997695, 163, 113, 178, 176
-0.997695, 225, 289, 352, 320
-0.997701, 97, 161, 112, 224
-0.997703, 177, 229, 304, 260
-0.997706, 257, 265, 500, 328
-0.997707, 251, 297, 266, 360
-0.997713, 337, 129, 400, 256
-0.997715, 479, 129, 494, 192
-0.997722, 137, 145, 152, 208
-0.997729, 49, 201, 176, 232
-0.997731, 183, 217, 198, 280
-0.997736, 177, 249, 304, 280
-0.997738, 139, 169, 154, 232
-0.997742, 177, 193, 192, 256
-0.997742, 209, 313, 336, 344
-0.997746, 127, 129, 142, 192
-0.997749, 17, 301, 144, 332
-0.997755, 257, 1, 500, 64
-0.99776, 185, 33, 200, 96
-0.997769, 167, 73, 182, 136
-0.997772, 129, 97, 256, 128
-0.997779, 161, 325, 288, 356
-0.997781, 1, 201, 500, 264
-0.997782, 237, 81, 252, 144
-0.997794, 265, 33, 296, 288
-0.997795, 167, 137, 182, 200
-0.997795, 463, 153, 478, 216
-0.997817, 203, 25, 218, 88
-0.997818, 289, 101, 416, 132
-0.997828, 177, 85, 304, 116
-0.997846, 197, 97, 228, 352
-0.997866, 321, 209, 352, 336
-0.997896, 241, 33, 368, 64
-0.997907, 33, 133, 160, 164
-0.99791, 105, 241, 136, 368
-0.997918, 241, 277, 368, 308
-0.997945, 289, 1, 320, 256
-0.997955, 273, 237, 400, 268
-0.997963, 305, 65, 432, 96
-0.997976, 33, 165, 160, 196
-0.997976, 177, 261, 304, 292
-0.997993, 97, 33, 128, 288
-0.998007, 151, 177, 166, 208
-0.998016, 305, 81, 432, 112
-0.998022, 33, 153, 160, 184
-0.998024, 1, 77, 128, 108
-0.998032, 157, 129, 188, 375
-0.998038, 273, 325, 400, 356
-0.998044, 297, 97, 328, 352
-0.998045, 243, 297, 258, 328
-0.998061, 73, 177, 136, 304
-0.998065, 353, 1, 480, 32
-0.998067, 97, 113, 112, 144
-0.998074, 261, 137, 276, 168
-0.998078, 245, 97, 276, 352
-0.998107, 33, 321, 160, 352
-0.998108, 49, 45, 176, 76
-0.998115, 321, 241, 448, 368
-0.998117, 273, 149, 400, 180
-0.998122, 89, 109, 104, 140
-0.998139, 25, 129, 88, 375
-0.998142, 83, 113, 98, 144
-0.998154, 233, 97, 264, 352
-0.998156, 209, 97, 240, 352
-0.998158, 115, 141, 130, 172
-0.998161, 369, 193, 496, 224
-0.998162, 177, 129, 208, 375
-0.998165, 241, 137, 368, 168
-0.998168, 175, 209, 190, 240
-0.99817, 89, 125, 104, 156
-0.998175, 145, 337, 272, 368
-0.998175, 269, 241, 300, 368
-0.998182, 353, 129, 480, 160
-0.998186, 369, 149, 496, 180
-0.998186, 129, 229, 256, 260
-0.998193, 17, 333, 144, 364
-0.9982, 133, 97, 164, 352
-0.998205, 181, 205, 196, 236
-0.998224, 161, 285, 288, 316
-0.998228, 281, 85, 296, 116
-0.998242, 289, 181, 416, 212
-0.998258, 321, 273, 448, 304
-0.998259, 287, 73, 302, 104
-0.998265, 65, 273, 192, 336
-0.998279, 305, 249, 432, 280
-0.998279, 189, 197, 204, 228
-0.99828, 103, 109, 118, 140
-0.998308, 353, 17, 480, 48
-0.998312, 181, 181, 196, 212
-0.998315, 129, 307, 192, 322
-0.998328, 1, 345, 128, 375
-0.998335, 1, 265, 500, 328
-0.998346, 1, 225, 500, 288
-0.998348, 121, 137, 136, 168
-0.998352, 161, 273, 288, 304
-0.998353, 369, 41, 496, 72
-0.998364, 193, 341, 320, 372
-0.998365, 109, 97, 140, 352
-0.998367, 151, 205, 166, 236
-0.998376, 289, 41, 416, 72
-0.998379, 305, 113, 432, 144
-0.99839, 17, 57, 144, 88
-0.998392, 217, 165, 248, 180
-0.998392, 89, 99, 120, 114
-0.998393, 309, 105, 340, 120
-0.998393, 185, 85, 216, 100
-0.998394, 353, 57, 480, 88
-0.998394, 129, 77, 160, 92
-0.998394, 205, 217, 236, 232
-0.998394, 465, 155, 496, 170
-0.998394, 97, 167, 128, 182
-0.998394, 117, 63, 148, 78
-0.998394, 109, 71, 140, 86
-0.998395, 157, 191, 188, 206
-0.998395, 219, 173, 234, 204
-0.998395, 241, 137, 272, 152
-0.998396, 265, 95, 296, 110
-0.998397, 285, 339, 316, 354
-0.998398, 105, 61, 136, 76
-0.998398, 121, 97, 152, 352
-0.998398, 285, 193, 316, 208
-0.998399, 229, 199, 260, 214
-0.998399, 129, 193, 160, 208
-0.998399, 93, 117, 124, 132
-0.9984, 241, 191, 272, 206
-0.9984, 157, 121, 188, 136
-0.998401, 305, 345, 336, 360
-0.998401, 317, 243, 348, 258
-0.998401, 77, 133, 108, 148
-0.998402, 261, 125, 292, 140
-0.998402, 113, 125, 144, 140
-0.998402, 101, 105, 132, 120
-0.998402, 245, 295, 276, 310
-0.998403, 233, 179, 264, 194
-0.998403, 193, 131, 224, 146
-0.998403, 297, 219, 328, 234
-0.998403, 145, 197, 160, 228
-0.998403, 117, 165, 148, 180
-0.998404, 193, 185, 208, 216
-0.998405, 193, 175, 224, 190
-0.998405, 181, 217, 212, 232
-0.998406, 137, 113, 168, 128
-0.998406, 273, 89, 304, 104
-0.998407, 97, 149, 128, 164
-0.998407, 129, 165, 160, 180
-0.998407, 129, 199, 160, 214
-0.998407, 289, 67, 320, 82
-0.998408, 253, 133, 284, 148
-0.998408, 73, 185, 104, 200
-0.998408, 261, 139, 292, 154
-0.998408, 143, 165, 158, 196
-0.998408, 73, 125, 104, 140
-0.998409, 237, 119, 268, 134
-0.998409, 449, 165, 480, 180
-0.99841, 133, 205, 164, 220
-0.998411, 129, 179, 160, 194
-0.998411, 289, 105, 320, 120
-0.998412, 217, 313, 248, 328
-0.998413, 229, 345, 260, 360
-0.998414, 157, 205, 188, 220
-0.998414, 237, 173, 268, 188
-0.998414, 169, 179, 200, 194
-0.998414, 197, 85, 228, 100
-0.998414, 93, 87, 124, 102
-0.998415, 93, 179, 124, 194
-0.998415, 57, 351, 88, 366
-0.998415, 249, 93, 280, 108
-0.998415, 209, 119, 240, 134
-0.998417, 281, 77, 312, 92
-0.998418, 221, 317, 236, 348
-0.998419, 249, 145, 280, 160
-0.998419, 105, 155, 136, 170
-0.998419, 133, 129, 164, 144
-0.998419, 197, 211, 228, 226
-0.998419, 101, 111, 132, 126
-0.99842, 65, 345, 96, 360
-0.99842, 273, 169, 400, 200
-0.99842, 109, 177, 140, 192
-0.99842, 237, 351, 268, 366
-0.99842, 297, 205, 328, 220
-0.998422, 253, 119, 284, 134
-0.998423, 169, 305, 184, 336
-0.998423, 161, 171, 192, 186
-0.998423, 125, 107, 156, 122
-0.998424, 205, 185, 236, 200
-0.998425, 229, 315, 260, 330
-0.998425, 183, 305, 198, 336
-0.998425, 289, 133, 416, 164
-0.998426, 207, 313, 222, 344
-0.998426, 97, 173, 128, 188
-0.998426, 237, 89, 268, 104
-0.998426, 89, 127, 120, 142
-0.998426, 289, 99, 320, 114
-0.998427, 97, 135, 128, 150
-0.998427, 321, 261, 448, 292
-0.998428, 101, 141, 132, 156
-0.998428, 89, 105, 120, 120
-0.998429, 161, 159, 192, 174
-0.998429, 241, 303, 272, 318
-0.998429, 141, 169, 172, 184
-0.998429, 217, 197, 248, 212
-0.998429, 189, 187, 220, 202
-0.99843, 137, 185, 168, 200
-0.998432, 145, 209, 176, 224
-0.998432, 81, 333, 112, 348
-0.998433, 297, 199, 328, 214
-0.998434, 149, 177, 180, 192
-0.998434, 245, 113, 276, 128
-0.998435, 241, 131, 272, 146
-0.998436, 225, 171, 256, 186
-0.998436, 113, 131, 144, 146
-0.998437, 285, 83, 316, 98
-0.998437, 213, 313, 228, 344
-0.998439, 133, 123, 164, 138
-0.99844, 173, 187, 204, 202
-0.99844, 117, 151, 148, 166
-0.99844, 217, 177, 248, 192
-0.998442, 73, 339, 104, 354
-0.998446, 89, 65, 120, 80
-0.998447, 225, 113, 256, 128
-0.998448, 243, 117, 258, 148
-0.998448, 157, 213, 188, 228
-0.998448, 153, 305, 184, 320
-0.998449, 189, 195, 220, 210
-0.998451, 181, 181, 212, 196
-0.998451, 273, 55, 304, 70
-0.998454, 91, 325, 106, 356
-0.998455, 185, 203, 216, 218
-0.998456, 149, 183, 180, 198
-0.998457, 233, 185, 264, 200
-0.998459, 141, 307, 172, 322
-0.998462, 169, 193, 200, 208
-0.998466, 353, 205, 480, 236
-0.99847, 33, 41, 160, 104
-0.99847, 145, 191, 176, 206
-0.99847, 85, 111, 116, 126
-0.998472, 213, 319, 244, 334
-0.998473, 129, 309, 144, 340
-0.998474, 89, 327, 120, 342
-0.998475, 369, 101, 496, 132
-0.998476, 195, 309, 210, 340
-0.998478, 121, 137, 152, 152
-0.998478, 81, 119, 112, 134
-0.998479, 289, 29, 416, 60
-0.998483, 249, 125, 264, 156
-0.998484, 189, 311, 220, 326
-0.998484, 149, 165, 164, 196
-0.998486, 209, 21, 336, 52
-0.998488, 267, 145, 282, 176
-0.998488, 217, 191, 248, 206
-0.998488, 129, 261, 256, 292
-0.998489, 101, 321, 116, 352
-0.998492, 169, 307, 200, 322
-0.998494, 97, 101, 112, 132
-0.998494, 1, 177, 128, 208
-0.998495, 147, 305, 162, 336
-0.998497, 101, 319, 132, 334
-0.998502, 113, 143, 144, 158
-0.998506, 225, 119, 256, 134
-0.998507, 201, 313, 232, 328
-0.998507, 337, 345, 464, 375
-0.998507, 257, 121, 272, 152
-0.998508, 173, 209, 204, 224
-0.998508, 465, 157, 480, 188
-0.998509, 85, 329, 100, 360
-0.99851, 161, 305, 176, 336
-0.998511, 297, 85, 312, 116
-0.998513, 129, 309, 160, 324
-0.998516, 113, 313, 144, 328
-0.998519, 235, 113, 250, 144
-0.998531, 107, 317, 122, 348
-0.998532, 145, 195, 208, 210
-0.998534, 239, 309, 254, 340
-0.998535, 77, 337, 92, 368
-0.998539, 91, 97, 106, 128
-0.998539, 233, 193, 248, 224
-0.998549, 71, 341, 86, 372
-0.998555, 139, 305, 154, 336
-0.998555, 257, 313, 384, 344
-0.998555, 485, 145, 500, 176
-0.998557, 161, 309, 224, 324
-0.998558, 141, 185, 156, 216
-0.998562, 265, 203, 328, 218
-0.998563, 81, 233, 208, 264
-0.998565, 149, 125, 164, 156
-0.998566, 219, 189, 234, 220
-0.998567, 201, 309, 216, 340
-0.998575, 265, 223, 328, 238
-0.998577, 199, 81, 214, 112
-0.998584, 219, 113, 234, 144
-0.998585, 175, 305, 190, 336
-0.998585, 369, 181, 496, 212
-0.998591, 229, 321, 244, 352
-0.998595, 65, 345, 80, 375
-0.998598, 225, 177, 240, 208
-0.998599, 33, 225, 160, 288
-0.9986, 157, 209, 172, 240
-0.998604, 145, 179, 208, 194
-0.998604, 155, 165, 170, 196
-0.99861, 479, 157, 494, 188
-0.998622, 49, 213, 176, 244
-0.99863, 145, 189, 208, 204
-0.998631, 209, 205, 224, 236
-0.998637, 301, 197, 316, 228
-0.998637, 193, 307, 256, 322
-0.998638, 321, 233, 448, 264
-0.998639, 169, 211, 232, 226
-0.99864, 73, 129, 136, 144
-0.998642, 189, 161, 204, 192
-0.998648, 105, 315, 168, 330
-0.99865, 115, 313, 130, 344
-0.998655, 105, 141, 168, 156
-0.998656, 249, 109, 264, 140
-0.998657, 169, 213, 184, 244
-0.998658, 153, 305, 168, 336
-0.99866, 185, 315, 248, 330
-0.99866, 369, 89, 496, 120
-0.998661, 105, 97, 120, 128
-0.998665, 213, 173, 228, 204
-0.998666, 123, 309, 138, 340
-0.998666, 249, 185, 264, 216
-0.998668, 245, 173, 260, 204
-0.998668, 185, 187, 248, 202
-0.998672, 305, 17, 432, 48
-0.998673, 93, 17, 124, 144
-0.998675, 203, 173, 218, 204
-0.998675, 189, 305, 204, 336
-0.998677, 229, 109, 244, 140
-0.998678, 283, 53, 298, 84
-0.998681, 269, 125, 284, 156
-0.998681, 239, 197, 254, 228
-0.998681, 305, 97, 320, 128
-0.998689, 99, 89, 114, 120
-0.998689, 197, 213, 212, 244
-0.99869, 223, 205, 238, 236
-0.998693, 299, 65, 314, 96
-0.998699, 129, 161, 144, 192
-0.998704, 213, 33, 228, 64
-0.998706, 209, 313, 272, 328
-0.998706, 137, 209, 200, 224
-0.998707, 157, 181, 172, 212
-0.998711, 225, 121, 240, 152
-0.998712, 185, 193, 248, 208
-0.998715, 209, 121, 272, 136
-0.99872, 265, 217, 328, 232
-0.998721, 175, 181, 190, 212
-0.998721, 161, 77, 176, 108
-0.998722, 155, 137, 170, 168
-0.998722, 109, 141, 124, 172
-0.998725, 281, 73, 296, 104
-0.998728, 223, 149, 238, 180
-0.998728, 453, 165, 468, 196
-0.998734, 199, 33, 214, 64
-0.998734, 131, 125, 146, 156
-0.998736, 459, 161, 474, 192
-0.998739, 113, 135, 176, 150
-0.998745, 89, 107, 152, 122
-0.998745, 187, 185, 202, 216
-0.998746, 121, 125, 136, 156
-0.998747, 119, 173, 134, 204
-0.998751, 305, 1, 336, 256
-0.998754, 165, 197, 180, 228
-0.998759, 127, 137, 142, 168
-0.99876, 145, 173, 208, 188
-0.99876, 135, 145, 150, 176
-0.99876, 207, 125, 222, 156
-0.998762, 105, 175, 168, 190
-0.998766, 145, 213, 160, 244
-0.998768, 207, 29, 222, 60
-0.99877, 177, 203, 240, 218
-0.998772, 105, 185, 168, 200
-0.998773, 275, 57, 290, 88
-0.998774, 305, 73, 320, 104
-0.998775, 121, 149, 136, 180
-0.998777, 307, 201, 322, 232
-0.998779, 291, 61, 306, 92
-0.998779, 113, 93, 128, 124
-0.99878, 213, 161, 228, 192
-0.998781, 227, 189, 242, 220
-0.998781, 221, 33, 236, 64
-0.998781, 295, 189, 310, 220
-0.998783, 255, 133, 270, 164
-0.998784, 217, 101, 232, 132
-0.998785, 219, 217, 234, 248
-0.998786, 79, 125, 94, 156
-0.998787, 429, 113, 460, 240
-0.998788, 173, 73, 188, 104
-0.998789, 151, 153, 166, 184
-0.99879, 69, 177, 100, 304
-0.998793, 109, 177, 124, 208
-0.998794, 145, 37, 160, 68
-0.9988, 275, 81, 290, 112
-0.9988, 145, 139, 208, 154
-0.998803, 191, 33, 206, 64
-0.998803, 213, 113, 228, 144
-0.998805, 305, 225, 368, 240
-0.998812, 89, 323, 152, 338
-0.998821, 433, 159, 496, 174
-0.998822, 113, 169, 176, 184
-0.998826, 305, 211, 368, 226
-0.998827, 457, 161, 488, 288
-0.998828, 145, 129, 208, 144
-0.998835, 249, 57, 312, 72
-0.998837, 129, 203, 192, 218
-0.998841, 113, 123, 176, 138
-0.998842, 113, 129, 176, 144
-0.998845, 129, 157, 192, 172
-0.998847, 113, 191, 176, 206
-0.998849, 153, 155, 216, 170
-0.99885, 233, 305, 296, 320
-0.998852, 73, 123, 136, 138
-0.998857, 217, 141, 280, 156
-0.998861, 185, 181, 248, 196
-0.998864, 73, 335, 136, 350
-0.998867, 257, 67, 320, 82
-0.998867, 81, 329, 144, 344
-0.998872, 281, 79, 344, 94
-0.998872, 233, 89, 296, 104
-0.998873, 193, 115, 256, 130
-0.998875, 153, 163, 216, 178
-0.998875, 185, 157, 248, 172
-0.998876, 73, 117, 136, 132
-0.99888, 145, 145, 208, 160
-0.998883, 297, 109, 360, 124
-0.998891, 81, 141, 144, 156
-0.998897, 201, 173, 264, 188
-0.998897, 137, 215, 200, 230
-0.998898, 89, 63, 152, 78
-0.9989, 65, 341, 128, 356
-0.998901, 265, 87, 328, 102
-0.998906, 161, 35, 224, 50
-0.998907, 241, 119, 304, 134
-0.998908, 305, 217, 368, 232
-0.998908, 265, 229, 328, 244
-0.998908, 265, 211, 328, 226
-0.998909, 177, 135, 240, 150
-0.998912, 73, 183, 136, 198
-0.998916, 161, 219, 224, 234
-0.998917, 153, 203, 216, 218
-0.998917, 89, 161, 152, 176
-0.998923, 265, 197, 328, 212
-0.998924, 433, 153, 496, 168
-0.998925, 89, 79, 152, 94
-0.998926, 241, 95, 304, 110
-0.998928, 217, 179, 280, 194
-0.998929, 241, 195, 304, 210
-0.998929, 289, 99, 352, 114
-0.998931, 49, 145, 112, 272
-0.998932, 81, 101, 144, 116
-0.998934, 209, 39, 272, 54
-0.998935, 241, 131, 304, 146
-0.998939, 425, 165, 488, 180
-0.99894, 105, 309, 168, 324
-0.998941, 305, 231, 368, 246
-0.998945, 97, 113, 160, 128
-0.998948, 217, 49, 280, 64
-0.99895, 257, 337, 320, 352
-0.998952, 105, 199, 168, 214
-0.998957, 233, 113, 296, 128
-0.998959, 81, 1, 208, 64
-0.99896, 81, 177, 144, 192
-0.998961, 129, 249, 256, 312
-0.998962, 105, 53, 168, 68
-0.998962, 137, 119, 200, 134
-0.998968, 81, 89, 144, 104
-0.998969, 409, 191, 472, 206
-0.998969, 257, 147, 320, 162
-0.99897, 105, 149, 168, 164
-0.99897, 217, 147, 280, 162
-0.99897, 161, 315, 224, 330
-0.998971, 329, 241, 392, 368
-0.998971, 233, 299, 296, 314
-0.998971, 113, 163, 176, 178
-0.998972, 209, 127, 272, 142
-0.998972, 169, 83, 232, 98
-0.998972, 217, 185, 280, 200
-0.998973, 461, 65, 492, 320
-0.998974, 113, 63, 176, 78
-0.998975, 57, 347, 120, 362
-0.998975, 273, 115, 336, 130
-0.998976, 113, 211, 176, 226
-0.998976, 49, 355, 112, 370
-0.998977, 97, 71, 160, 86
-0.998978, 81, 95, 144, 110
-0.998979, 469, 81, 500, 208
-0.99898, 265, 189, 328, 204
-0.998984, 185, 147, 248, 162
-0.998984, 65, 135, 128, 150
-0.998985, 209, 319, 272, 334
-0.998985, 1, 289, 500, 352
-0.998986, 49, 113, 112, 128
-0.998986, 65, 107, 128, 122
-0.998986, 265, 95, 328, 110
-0.998987, 241, 125, 304, 140
-0.998987, 169, 125, 232, 140
-0.998988, 241, 81, 304, 96
-0.998989, 209, 91, 272, 106
-0.998993, 169, 119, 232, 134
-0.998993, 273, 343, 336, 358
-0.998994, 73, 169, 136, 184
-0.998995, 193, 209, 256, 224
-0.998998, 177, 175, 240, 190
-0.999001, 213, 33, 228, 160
-0.999001, 241, 185, 304, 200
-0.999004, 185, 321, 248, 336
-0.999004, 137, 107, 200, 122
-0.999005, 129, 81, 192, 96
-0.999005, 257, 141, 320, 156
-0.999035, 205, 17, 220, 144
-0.999084, 163, 17, 178, 144
-0.999088, 1, 17, 500, 80
-0.9991, 171, 17, 186, 144
-0.999108, 183, 161, 198, 288
-0.999114, 195, 33, 210, 160
-0.999114, 333, 65, 364, 192
-0.999114, 357, 65, 388, 192
-0.999121, 219, 33, 234, 160
-0.999122, 157, 17, 172, 144
-0.999123, 151, 33, 166, 160
-0.999133, 183, 33, 198, 160
-0.99914, 225, 113, 240, 240
-0.999142, 257, 129, 288, 375
-0.999156, 235, 33, 250, 160
-0.99916, 287, 33, 302, 160
-0.999161, 151, 161, 166, 288
-0.999167, 137, 33, 152, 160
-0.999192, 243, 97, 258, 224
-0.999198, 189, 33, 204, 160
-0.999199, 231, 81, 246, 208
-0.999202, 295, 49, 310, 176
-0.999203, 233, 145, 248, 272
-0.999205, 227, 33, 242, 160
-0.99921, 217, 81, 232, 208
-0.999219, 295, 87, 310, 102
-0.999225, 239, 345, 254, 360
-0.999226, 469, 153, 484, 168
-0.999228, 85, 133, 100, 148
-0.999228, 99, 65, 114, 80
-0.999229, 221, 181, 236, 196
-0.999232, 145, 167, 160, 182
-0.999232, 269, 49, 284, 176
-0.999232, 85, 183, 100, 198
-0.999233, 237, 173, 252, 188
-0.999233, 95, 85, 110, 100
-0.999233, 259, 359, 274, 374
-0.999234, 229, 171, 244, 186
-0.999235, 117, 49, 132, 176
-0.999237, 107, 171, 122, 186
-0.999239, 127, 163, 142, 178
-0.999239, 267, 141, 282, 156
-0.999243, 249, 187, 264, 202
-0.999243, 279, 49, 294, 176
-0.999243, 305, 91, 320, 106
-0.999244, 185, 201, 200, 216
-0.999245, 253, 89, 268, 104
-0.999245, 177, 17, 192, 144
-0.999249, 143, 33, 158, 160
-0.99925, 161, 81, 176, 208
-0.999251, 123, 33, 138, 160
-0.999251, 217, 115, 232, 130
-0.999252, 155, 307, 170, 322
-0.999254, 189, 145, 204, 160
-0.999255, 245, 33, 260, 160
-0.999256, 199, 83, 214, 98
-0.999258, 321, 137, 448, 200
-0.999259, 133, 79, 148, 94
-0.99926, 267, 153, 282, 168
-0.999261, 115, 131, 130, 146
-0.999261, 157, 137, 172, 152
-0.999263, 111, 49, 126, 176
-0.999264, 167, 65, 182, 192
-0.999265, 253, 127, 268, 142
-0.999265, 85, 65, 116, 320
-0.999266, 141, 193, 156, 208
-0.999266, 227, 211, 242, 226
-0.999266, 143, 81, 158, 208
-0.999267, 157, 211, 172, 226
-0.99927, 281, 129, 312, 375
-0.999271, 461, 161, 476, 176
-0.999272, 91, 179, 106, 194
-0.999276, 245, 123, 260, 138
-0.999277, 279, 57, 294, 72
-0.999277, 71, 189, 86, 204
-0.999279, 225, 195, 240, 210
-0.999279, 309, 97, 340, 352
-0.999279, 111, 97, 126, 224
-0.99928, 145, 161, 160, 288
-0.999282, 141, 309, 156, 324
-0.999284, 161, 305, 176, 320
-0.999284, 131, 33, 146, 160
-0.999284, 155, 97, 170, 224
-0.999286, 53, 357, 68, 372
-0.999286, 191, 129, 206, 256
-0.999287, 303, 85, 318, 100
-0.99929, 169, 213, 184, 228
-0.999291, 97, 97, 112, 112
-0.999291, 91, 69, 106, 84
-0.999291, 213, 183, 228, 198
-0.999292, 157, 161, 172, 288
-0.999294, 229, 201, 244, 216
-0.999294, 185, 81, 200, 208
-0.9993, 223, 121, 238, 136
-0.999302, 143, 175, 158, 190
-0.999302, 179, 185, 194, 200
-0.999304, 449, 129, 480, 375
-0.999304, 303, 49, 318, 176
-0.999304, 173, 65, 188, 192
-0.999305, 101, 65, 116, 192
-0.999306, 165, 145, 180, 272
-0.999307, 235, 113, 250, 128
-0.999307, 285, 85, 300, 100
-0.999311, 189, 179, 204, 194
-0.999312, 129, 131, 144, 146
-0.999312, 219, 189, 234, 204
-0.999313, 119, 129, 134, 256
-0.999314, 251, 33, 266, 160
-0.999314, 305, 103, 320, 118
-0.999314, 201, 65, 216, 192
-0.999316, 109, 177, 124, 192
-0.999319, 91, 113, 106, 240
-0.99932, 113, 147, 128, 162
-0.999321, 247, 241, 262, 368
-0.999322, 155, 173, 170, 188
-0.999323, 115, 177, 130, 192
-0.999325, 97, 103, 112, 118
-0.999325, 301, 177, 316, 304
-0.999326, 211, 81, 226, 208
-0.999327, 189, 309, 204, 324
-0.999327, 59, 351, 74, 366
-0.999328, 191, 189, 206, 204
-0.999328, 225, 177, 240, 304
-0.999328, 237, 81, 252, 208
-0.99933, 95, 65, 110, 192
-0.99933, 261, 145, 276, 160
-0.999334, 183, 307, 198, 322
-0.999335, 481, 157, 496, 172
-0.999336, 207, 145, 222, 272
-0.999337, 223, 319, 238, 334
-0.999338, 179, 81, 194, 208
-0.999338, 217, 209, 232, 336
-0.999338, 109, 105, 124, 120
-0.999341, 233, 241, 248, 368
-0.999344, 213, 161, 228, 288
-0.999344, 219, 145, 234, 272
-0.999346, 245, 181, 260, 196
-0.999346, 201, 161, 216, 288
-0.999347, 253, 355, 268, 370
-0.999348, 195, 81, 210, 208
-0.999349, 117, 155, 132, 170
-0.99935, 65, 347, 80, 362
-0.999354, 239, 145, 254, 272
-0.999354, 263, 113, 278, 240
-0.999356, 151, 209, 166, 224
-0.99936, 307, 177, 322, 304
-0.999361, 235, 189, 250, 204
-0.999361, 119, 147, 134, 162
-0.999363, 249, 113, 264, 240
-0.999367, 125, 151, 140, 166
-0.999372, 79, 185, 94, 200
-0.999373, 229, 183, 244, 198
-0.999376, 73, 341, 88, 356
-0.999379, 243, 175, 258, 190
-0.999379, 175, 145, 190, 272
-0.999382, 283, 73, 298, 88
-0.999383, 221, 219, 236, 234
-0.999383, 133, 309, 148, 324
-0.999386, 261, 33, 276, 160
-0.999386, 149, 307, 164, 322
-0.999388, 89, 127, 104, 142
-0.999389, 255, 129, 270, 256
-0.99939, 267, 147, 282, 162
-0.99939, 119, 315, 134, 330
-0.999391, 171, 307, 186, 322
-0.999391, 237, 197, 252, 212
-0.999393, 93, 241, 124, 368
-0.999394, 195, 309, 210, 324
-0.999395, 191, 197, 206, 212
-0.999398, 243, 305, 258, 320
-0.999398, 185, 209, 200, 336
-0.999398, 241, 241, 256, 368
-0.999402, 171, 241, 186, 368
-0.999404, 245, 349, 260, 364
-0.999404, 259, 133, 274, 148
-0.999406, 123, 81, 138, 208
-0.999407, 79, 129, 94, 144
-0.999408, 199, 209, 214, 336
-0.999409, 303, 97, 318, 224
-0.999411, 209, 1, 336, 64
-0.999415, 193, 209, 208, 336
-0.999417, 177, 307, 192, 322
-0.999418, 177, 241, 192, 368
-0.99942, 453, 145, 468, 272
-0.99942, 209, 241, 224, 368
-0.99942, 85, 65, 100, 192
-0.999422, 219, 175, 234, 190
-0.999423, 217, 317, 232, 332
-0.999426, 81, 335, 96, 350
-0.999429, 121, 141, 136, 156
-0.99943, 207, 193, 222, 320
-0.99943, 275, 97, 290, 224
-0.999431, 309, 49, 324, 176
-0.999435, 181, 207, 196, 222
-0.99944, 161, 241, 176, 368
-0.999441, 127, 241, 142, 368
-0.999442, 113, 317, 128, 332
-0.999442, 293, 177, 308, 304
-0.999443, 165, 189, 180, 204
-0.999444, 201, 313, 216, 328
-0.999445, 137, 145, 152, 272
-0.999447, 271, 145, 286, 272
-0.99945, 233, 193, 248, 320
-0.99945, 253, 241, 268, 368
-0.999451, 153, 179, 168, 194
-0.999452, 245, 299, 260, 314
-0.999454, 149, 113, 164, 240
-0.999454, 127, 311, 142, 326
-0.999457, 287, 81, 302, 208
-0.999458, 313, 209, 328, 336
-0.99946, 137, 81, 152, 208
-0.999461, 467, 159, 482, 174
-0.999469, 275, 1, 290, 128
-0.999471, 297, 97, 312, 224
-0.999471, 103, 321, 118, 336
-0.999475, 89, 329, 104, 344
-0.999479, 123, 135, 138, 150
-0.99948, 151, 185, 166, 200
-0.999482, 255, 81, 270, 208
-0.999483, 245, 161, 260, 288
-0.999483, 211, 315, 226, 330
-0.999487, 139, 241, 154, 368
-0.999488, 117, 241, 132, 368
-0.999489, 103, 107, 118, 122
-0.999489, 105, 113, 120, 240
-0.999489, 125, 129, 140, 256
-0.999495, 83, 113, 98, 240
-0.999497, 153, 241, 168, 368
-0.999498, 283, 129, 298, 256
-0.999499, 261, 139, 276, 154
-0.999499, 95, 325, 110, 340
-0.9995, 133, 241, 148, 368
-0.999501, 297, 1, 312, 128
-0.999501, 145, 241, 160, 368
-0.999501, 129, 81, 144, 208
-0.999502, 291, 81, 306, 96
-0.999503, 447, 129, 462, 256
-0.999504, 295, 241, 310, 368
-0.999507, 267, 1, 282, 128
-0.999507, 131, 145, 146, 272
-0.999507, 95, 119, 110, 134
-0.999508, 283, 79, 298, 94
-0.99951, 227, 225, 242, 352
-0.999512, 111, 145, 126, 272
-0.999514, 241, 117, 256, 132
-0.999518, 317, 161, 332, 288
-0.999525, 269, 97, 284, 224
-0.999529, 301, 241, 316, 368
-0.999533, 321, 209, 336, 336
-0.999536, 291, 129, 306, 256
-0.999539, 473, 129, 488, 256
-0.99954, 309, 97, 324, 224
-0.999541, 291, 75, 306, 90
-0.999543, 139, 193, 154, 320
-0.99955, 333, 49, 348, 176
-0.99955, 463, 97, 478, 224
-0.999553, 97, 129, 128, 375
-0.999554, 183, 179, 198, 194
-0.999556, 481, 97, 496, 224
-0.999557, 175, 211, 190, 226
-0.999559, 175, 193, 190, 320
-0.999559, 239, 193, 254, 320
-0.999563, 283, 177, 298, 304
-0.999566, 441, 1, 472, 256
-0.999571, 77, 97, 92, 224
-0.999595, 231, 195, 246, 210
-0.999606, 115, 141, 130, 156
-0.999612, 99, 113, 114, 128
-0.999637, 83, 121, 98, 136
-0.999643, 433, 49, 496, 176
-0.999691, 325, 65, 356, 320
-0.999747, 337, 33, 368, 288
-0.999749, 91, 109, 106, 124
-0.999774, 87, 115, 102, 130
-0.999782, 225, 189, 240, 204
-0.999796, 437, 129, 468, 375
-0.999867, 269, 129, 300, 375
-0.999935, 337, 209, 368, 336
-0.999946, 457, 1, 488, 128
-0.999947, 429, 1, 460, 256
-0.99997, 393, 17, 424, 144
-1.00001, 413, 1, 444, 256
-1.00004, 361, 97, 392, 352
-1.00018, 353, 209, 480, 272
-1.00023, 401, 1, 432, 256
-1.00031, 381, 1, 412, 256
-1.00035, 381, 97, 412, 352
-1.00042, 373, 1, 404, 128
-1.00042, 333, 161, 364, 288
-1.00043, 369, 1, 400, 256
-1.00043, 73, 33, 104, 288
-1.00046, 425, 97, 456, 352
-1.0006, 349, 97, 380, 352
-1.0007, 337, 129, 368, 375
-1.00075, 401, 97, 432, 352
-1.00083, 445, 1, 476, 128
-1.00085, 321, 49, 352, 176
-1.00086, 5, 1, 36, 256
-1.00088, 349, 1, 380, 256
-1.0009, 413, 129, 444, 375
-1.00092, 25, 1, 56, 256
-1.00094, 469, 1, 500, 128
-1.00098, 445, 97, 476, 224
-1.00098, 361, 129, 424, 256
-1.00106, 261, 193, 292, 320
-1.0011, 73, 129, 104, 375
-1.00115, 61, 33, 92, 288
-1.00118, 457, 65, 488, 192
-1.00122, 37, 1, 68, 256
-1.00129, 429, 161, 460, 288
-1.00131, 25, 1, 88, 128
-1.00136, 353, 193, 384, 320
-1.00138, 405, 49, 436, 176
-1.00139, 61, 113, 92, 240
-1.00147, 49, 1, 80, 256
-1.00147, 17, 265, 144, 328
-1.00148, 25, 97, 56, 352
-1.00155, 377, 49, 408, 176
-1.00167, 5, 129, 36, 375
-1.00169, 337, 1, 368, 128
-1.00173, 45, 97, 76, 352
-1.00175, 405, 1, 436, 128
-1.00181, 417, 145, 448, 272
-1.00193, 353, 313, 480, 375
-1.00193, 61, 129, 92, 375
-1.00196, 353, 233, 480, 296
-1.00197, 417, 1, 448, 128
-1.00212, 321, 289, 448, 352
-1.00216, 349, 129, 380, 256
-1.00227, 389, 177, 420, 304
-1.00228, 369, 193, 400, 320
-1.00232, 425, 193, 488, 320
-1.00233, 41, 241, 104, 368
-1.00235, 73, 17, 104, 144
-1.00238, 369, 273, 496, 336
-1.00238, 321, 97, 352, 224
-1.00243, 33, 97, 96, 224
-1.00246, 345, 49, 376, 176
-1.00246, 361, 129, 392, 256
-1.00249, 325, 1, 356, 128
-1.00253, 1, 313, 128, 375
-1.00256, 361, 1, 392, 128
-1.00292, 377, 145, 408, 272
-1.00298, 429, 1, 460, 128
-1.00302, 405, 161, 436, 288
-1.00304, 393, 65, 424, 192
-1.0031, 25, 49, 88, 176
-1.00333, 61, 65, 92, 192
-1.00337, 57, 177, 88, 304
-1.00338, 417, 49, 448, 176
-1.00357, 1, 17, 64, 144
-1.00362, 17, 241, 80, 368
-1.00383, 373, 97, 404, 224
-1.00448, 405, 113, 436, 240
-1.00452, 81, 241, 112, 368
-1.00454, 389, 129, 420, 256
-1.00454, 369, 241, 496, 368
-1.00514, 1, 177, 64, 304
-1.00521, 9, 113, 72, 240
-1.00523, 401, 241, 464, 368
-1.00565, 41, 193, 104, 320
-1.00641, 377, 225, 440, 352
-1.0073, 433, 241, 496, 368
-1.00845, 1, 65, 64, 192
-1.00936, 353, 241, 416, 368
