1967
-0.314917, 1, 33, 500, 288
-0.400364, 1, 1, 500, 375
-0.462948, 1, 1, 256, 375
-0.498013, 225, 1, 480, 375
-0.526486, 1, 129, 500, 375
-0.563252, 97, 1, 352, 375
-0.596936, 33, 1, 288, 256
-0.643216, 161, 1, 416, 256
-0.647599, 257, 1, 500, 256
-0.736545, 33, 97, 288, 352
-0.737741, 225, 97, 480, 352
-0.766518, 129, 129, 384, 375
-0.857579, 113, 1, 240, 256
-0.862544, 1, 1, 128, 375
-0.864336, 1, 1, 500, 128
-0.86777, 321, 1, 448, 375
-0.870096, 177, 33, 304, 288
-0.872934, 289, 1, 416, 256
-0.87416, 33, 1, 160, 256
-0.876081, 369, 1, 496, 256
-0.876581, 1, 49, 500, 176
-0.87935, 97, 1, 224, 375
-0.879732, 273, 1, 400, 375
-0.88464, 49, 1, 176, 375
-0.8861, 1, 113, 500, 240
-0.889972, 257, 129, 384, 375
-0.892464, 193, 1, 320, 375
-0.892678, 145, 1, 272, 375
-0.899868, 97, 17, 352, 144
-0.90067, 369, 1, 496, 375
-0.901943, 1, 1, 256, 128
-0.905773, 193, 33, 448, 160
-0.906474, 113, 97, 240, 352
-0.907771, 337, 97, 464, 352
-0.911328, 161, 129, 288, 375
-0.914856, 1, 129, 128, 375
-0.915195, 209, 129, 336, 375
-0.916128, 241, 33, 368, 288
-0.923007, 153, 1, 216, 128
-0.924508, 113, 1, 240, 128
-0.925917, 65, 97, 192, 352
-0.927198, 1, 209, 500, 336
-0.927496, 33, 129, 288, 256
-0.928185, 193, 241, 448, 368
-0.930656, 425, 1, 488, 128
-0.930689, 193, 81, 448, 208
-0.931247, 337, 241, 464, 368
-0.931929, 321, 33, 448, 160
-0.932142, 65, 1, 192, 128
-0.932571, 1, 49, 256, 176
-0.932573, 193, 1, 320, 128
-0.93285, 97, 1, 160, 128
-0.933922, 401, 49, 464, 176
-0.935099, 401, 1, 464, 128
-0.936398, 193, 33, 256, 160
-0.93651, 337, 241, 400, 368
-0.936894, 273, 33, 336, 160
-0.937091, 433, 49, 496, 176
-0.937335, 97, 65, 352, 192
-0.937733, 329, 1, 392, 128
-0.938575, 1, 161, 500, 288
-0.93877, 121, 1, 184, 128
-0.93928, 369, 1, 496, 128
-0.939685, 361, 49, 424, 176
-0.939699, 249, 33, 312, 160
-0.940042, 273, 33, 400, 160
-0.941833, 17, 129, 144, 256
-0.941883, 305, 17, 368, 144
-0.942409, 369, 1, 432, 128
-0.942412, 129, 49, 256, 176
-0.942758, 225, 65, 288, 192
-0.944688, 273, 241, 400, 368
-0.944689, 17, 129, 80, 256
-0.944844, 129, 129, 384, 256
-0.945603, 193, 193, 448, 320
-0.946766, 17, 1, 144, 128
-0.94716, 225, 17, 288, 144
-0.947475, 17, 1, 80, 128
-0.948588, 193, 65, 320, 192
-0.949249, 393, 241, 456, 368
-0.949517, 305, 65, 368, 192
-0.950298, 65, 129, 192, 256
-0.950917, 73, 129, 136, 256
-0.950926, 225, 225, 352, 352
-0.950988, 41, 129, 104, 256
-0.951639, 177, 113, 304, 240
-0.95206, 337, 65, 400, 192
-0.952958, 169, 49, 232, 176
-0.953571, 369, 241, 432, 368
-0.954117, 65, 49, 192, 176
-0.954264, 145, 81, 208, 208
-0.95492, 161, 25, 224, 88
-0.955438, 369, 49, 496, 176
-0.956129, 193, 129, 256, 256
-0.956446, 257, 81, 384, 208
-0.956632, 129, 129, 256, 256
-0.957509, 233, 129, 296, 256
-0.958265, 409, 41, 472, 104
-0.958743, 97, 209, 352, 336
-0.958828, 249, 209, 312, 336
-0.958948, 377, 41, 440, 104
-0.959093, 233, 33, 296, 96
-0.959263, 193, 81, 256, 208
-0.959561, 433, 225, 496, 352
-0.959768, 137, 33, 200, 96
-0.959816, 265, 33, 328, 96
-0.959875, 273, 81, 336, 208
-0.960269, 129, 129, 192, 256
-0.960349, 385, 17, 448, 80
-0.960359, 49, 33, 112, 160
-0.960945, 9, 17, 72, 80
-0.961119, 129, 33, 256, 96
-0.961696, 49, 33, 112, 96
-0.961707, 1, 145, 64, 208
-0.961715, 433, 49, 496, 112
-0.961771, 337, 17, 400, 80
-0.962381, 209, 33, 272, 96
-0.96246, 177, 225, 304, 352
-0.962721, 273, 57, 336, 120
-0.962771, 97, 137, 160, 200
-0.962851, 121, 49, 184, 176
-0.96295, 345, 257, 408, 320
-0.962963, 97, 113, 160, 240
-0.963131, 305, 81, 432, 208
-0.963155, 177, 129, 240, 192
-0.963161, 257, 129, 500, 256
-0.963736, 433, 25, 496, 88
-0.963859, 297, 57, 360, 120
-0.963871, 305, 33, 368, 96
-0.963896, 97, 1, 160, 64
-0.963902, 113, 33, 176, 96
-0.964066, 329, 281, 392, 344
-0.964187, 273, 209, 336, 336
-0.964197, 369, 113, 432, 240
-0.964299, 289, 121, 352, 184
-0.96433, 369, 281, 432, 344
-0.964479, 353, 97, 480, 224
-0.964487, 1, 17, 128, 80
-0.96458, 193, 177, 320, 304
-0.964602, 73, 1, 136, 128
-0.964664, 145, 137, 208, 200
-0.964778, 225, 129, 288, 192
-0.964828, 361, 9, 424, 72
-0.964875, 297, 305, 360, 368
-0.964946, 321, 17, 448, 80
-0.964998, 49, 1, 176, 64
-0.965019, 433, 1, 464, 128
-0.965186, 177, 41, 304, 104
-0.965237, 177, 49, 240, 112
-0.965494, 25, 41, 88, 104
-0.965661, 353, 241, 384, 368
-0.965855, 369, 113, 432, 176
-0.965859, 73, 49, 136, 176
-0.965901, 137, 1, 200, 64
-0.965951, 249, 129, 312, 192
-0.966002, 257, 129, 320, 256
-0.966116, 89, 41, 152, 104
-0.966131, 121, 137, 184, 200
-0.966166, 33, 1, 96, 64
-0.966178, 297, 209, 360, 336
-0.96622, 273, 193, 400, 320
-0.966229, 165, 1, 196, 128
-0.966287, 345, 41, 408, 104
-0.966339, 41, 145, 104, 208
-0.966789, 337, 121, 400, 184
-0.966814, 349, 1, 380, 128
-0.96682, 169, 129, 232, 256
-0.966897, 177, 1, 240, 64
-0.966921, 225, 193, 288, 320
-0.966927, 249, 81, 312, 208
-0.966933, 321, 265, 448, 328
-0.966938, 241, 57, 304, 120
-0.967055, 469, 49, 500, 176
-0.96729, 393, 97, 456, 224
-0.967461, 409, 241, 472, 304
-0.967553, 149, 33, 180, 160
-0.967719, 201, 129, 264, 192
-0.96781, 273, 289, 336, 352
-0.967922, 65, 145, 128, 208
-0.967941, 469, 1, 500, 128
-0.96798, 321, 57, 384, 120
-0.968013, 233, 297, 296, 360
-0.968069, 337, 193, 464, 320
-0.968279, 149, 41, 180, 104
-0.968282, 393, 33, 424, 160
-0.96865, 201, 209, 264, 336
-0.968731, 81, 49, 208, 112
-0.968739, 33, 145, 160, 208
-0.968789, 409, 9, 472, 72
-0.968797, 201, 9, 264, 72
-0.9688, 369, 257, 432, 320
-0.968943, 457, 1, 488, 128
-0.969006, 385, 41, 416, 104
-0.969073, 133, 1, 164, 128
-0.96913, 437, 41, 468, 104
-0.969244, 297, 281, 360, 344
-0.969312, 257, 313, 320, 375
-0.969343, 409, 1, 440, 128
-0.969386, 161, 25, 192, 88
-0.969454, 413, 49, 444, 176
-0.969564, 313, 121, 376, 184
-0.969686, 257, 209, 320, 272
-0.969761, 405, 41, 436, 104
-0.969766, 453, 17, 484, 80
-0.969939, 225, 129, 352, 256
-0.970034, 173, 25, 204, 88
-0.970051, 73, 17, 136, 80
-0.970091, 393, 113, 456, 176
-0.970113, 209, 305, 272, 368
-0.970238, 1, 41, 64, 104
-0.970371, 137, 57, 200, 120
-0.970446, 161, 129, 288, 192
-0.970477, 241, 1, 304, 64
-0.970487, 417, 281, 480, 344
-0.970567, 37, 25, 68, 88
-0.970581, 305, 113, 368, 240
-0.970713, 217, 201, 280, 264
-0.970775, 1, 49, 128, 176
-0.970903, 345, 1, 408, 256
-0.970943, 169, 305, 232, 368
-0.970946, 345, 305, 408, 368
-0.971111, 321, 33, 352, 160
-0.971112, 305, 9, 368, 72
-0.971145, 257, 49, 384, 112
-0.971162, 201, 57, 264, 120
-0.971207, 209, 33, 240, 96
-0.971217, 229, 17, 260, 144
-0.971277, 17, 25, 48, 88
-0.971345, 33, 41, 160, 104
-0.971378, 269, 33, 300, 96
-0.971537, 241, 281, 368, 344
-0.971552, 369, 249, 496, 312
-0.971668, 417, 25, 448, 88
-0.97172, 265, 9, 328, 72
-0.971738, 393, 265, 456, 328
-0.971892, 321, 289, 448, 352
-0.971905, 97, 65, 160, 192
-0.971906, 329, 41, 360, 104
-0.971967, 1, 177, 256, 304
-0.972023, 321, 257, 384, 320
-0.972024, 177, 33, 208, 160
-0.972188, 25, 49, 88, 176
-0.97221, 189, 33, 220, 160
-0.97225, 345, 113, 408, 240
-0.972259, 381, 1, 412, 128
-0.972301, 417, 113, 480, 176
-0.972305, 277, 33, 308, 160
-0.972359, 433, 233, 496, 296
-0.972365, 449, 49, 480, 176
-0.97238, 145, 313, 208, 375
-0.972402, 17, 169, 80, 232
-0.972459, 465, 41, 496, 104
-0.972566, 145, 1, 272, 64
-0.972664, 393, 65, 456, 128
-0.972673, 97, 137, 224, 200
-0.972839, 25, 1, 56, 128
-0.972899, 393, 297, 456, 360
-0.97294, 257, 121, 384, 184
-0.97298, 65, 169, 128, 232
-0.973066, 321, 305, 384, 368
-0.97321, 249, 33, 280, 96
-0.973309, 225, 9, 352, 72
-0.973371, 49, 17, 80, 80
-0.973441, 177, 1, 240, 256
-0.973534, 369, 281, 496, 344
-0.973534, 73, 1, 136, 256
-0.973555, 197, 33, 228, 96
-0.973604, 369, 9, 496, 72
-0.973732, 69, 33, 100, 96
-0.973801, 29, 1, 60, 64
-0.973972, 113, 1, 176, 256
-0.974063, 409, 1, 472, 256
-0.974094, 369, 17, 400, 80
-0.974096, 405, 17, 436, 80
-0.974252, 253, 1, 284, 128
-0.974266, 33, 1, 96, 256
-0.97431, 377, 1, 440, 256
-0.974326, 369, 305, 432, 368
-0.974344, 53, 1, 84, 128
-0.974356, 229, 25, 260, 88
-0.974368, 41, 169, 104, 232
-0.974381, 309, 33, 340, 160
-0.974411, 113, 57, 176, 120
-0.974419, 209, 33, 240, 160
-0.97458, 433, 1, 496, 256
-0.97462, 129, 57, 256, 120
-0.974703, 321, 113, 448, 176
-0.974723, 81, 17, 112, 80
-0.974736, 353, 257, 384, 320
-0.974752, 97, 9, 224, 72
-0.974845, 361, 65, 424, 128
-0.974977, 225, 49, 256, 112
-0.975208, 189, 57, 220, 120
-0.975318, 297, 1, 328, 128
-0.975391, 265, 33, 296, 160
-0.975438, 25, 129, 56, 256
-0.975526, 281, 209, 344, 272
-0.975555, 369, 193, 432, 320
-0.975607, 97, 161, 160, 224
-0.975614, 445, 1, 476, 128
-0.975733, 313, 41, 344, 104
-0.975739, 185, 33, 216, 96
-0.975765, 57, 57, 120, 120
-0.975789, 49, 81, 112, 208
-0.975789, 209, 129, 336, 192
-0.975861, 69, 1, 100, 64
-0.975891, 161, 305, 288, 368
-0.975894, 153, 1, 184, 64
-0.975928, 321, 1, 384, 256
-0.975943, 369, 113, 496, 176
-0.97597, 13, 145, 44, 208
-0.976015, 297, 257, 360, 320
-0.976097, 133, 33, 164, 96
-0.976103, 365, 33, 396, 160
-0.976131, 337, 1, 368, 128
-0.97614, 137, 161, 200, 224
-0.976222, 269, 57, 300, 120
-0.976239, 137, 1, 200, 256
-0.976328, 37, 129, 68, 256
-0.976339, 281, 129, 344, 256
-0.976447, 385, 113, 416, 176
-0.976605, 437, 49, 468, 176
-0.976615, 333, 49, 364, 176
-0.976617, 125, 137, 156, 200
-0.976728, 289, 57, 320, 120
-0.976825, 213, 129, 244, 192
-0.976825, 233, 233, 296, 296
-0.976835, 241, 305, 368, 368
-0.97689, 281, 33, 312, 96
-0.976929, 245, 65, 276, 192
-0.976943, 433, 257, 496, 320
-0.976949, 369, 41, 496, 104
-0.976992, 321, 41, 448, 104
-0.977061, 121, 313, 184, 375
-0.977099, 193, 217, 256, 280
-0.977139, 349, 9, 380, 72
-0.977194, 209, 281, 272, 344
-0.977307, 393, 9, 424, 72
-0.977512, 417, 89, 480, 152
-0.977528, 37, 145, 68, 208
-0.977566, 121, 1, 152, 128
-0.977607, 377, 89, 440, 152
-0.977628, 409, 193, 472, 320
-0.977647, 57, 121, 120, 184
-0.977741, 349, 33, 380, 96
-0.977886, 301, 41, 332, 104
-0.977921, 261, 129, 292, 192
-0.977963, 233, 1, 296, 256
-0.977985, 305, 81, 368, 144
-0.977997, 197, 129, 228, 192
-0.978005, 273, 129, 400, 256
-0.978037, 241, 17, 272, 144
-0.978097, 193, 153, 256, 216
-0.978112, 381, 49, 412, 176
-0.97812, 101, 137, 132, 200
-0.97812, 385, 233, 448, 296
-0.978166, 153, 209, 216, 272
-0.978188, 297, 121, 328, 184
-0.978204, 201, 1, 264, 256
-0.978207, 221, 65, 252, 192
-0.978229, 425, 49, 456, 176
-0.978235, 13, 1, 44, 128
-0.978419, 373, 297, 404, 360
-0.978504, 17, 1, 48, 64
-0.978517, 353, 65, 480, 128
-0.978543, 249, 105, 312, 168
-0.978556, 57, 41, 88, 104
-0.978574, 237, 49, 268, 112
-0.978598, 161, 49, 192, 112
-0.97861, 177, 73, 240, 136
-0.978653, 37, 49, 68, 112
-0.978705, 5, 33, 36, 96
-0.978772, 25, 145, 56, 208
-0.978795, 57, 129, 88, 256
-0.978849, 165, 137, 196, 200
-0.978932, 113, 313, 240, 375
-0.978958, 209, 105, 272, 168
-0.978965, 469, 9, 500, 72
-0.978982, 429, 9, 460, 72
-0.979139, 265, 265, 328, 328
-0.979253, 129, 113, 192, 176
-0.979348, 77, 1, 108, 128
-0.979354, 321, 313, 448, 375
-0.979365, 273, 145, 336, 208
-0.979367, 413, 113, 444, 176
-0.979377, 421, 225, 452, 352
-0.979391, 13, 129, 44, 256
-0.979399, 381, 9, 412, 72
-0.979429, 305, 233, 368, 296
-0.979438, 377, 257, 408, 320
-0.979447, 57, 145, 88, 208
-0.979489, 189, 1, 220, 64
-0.979502, 1, 145, 32, 208
-0.979509, 209, 209, 336, 272
-0.979516, 329, 81, 392, 144
-0.979531, 273, 257, 400, 320
-0.979537, 421, 1, 452, 128
-0.979571, 369, 137, 432, 200
-0.979583, 305, 297, 336, 360
-0.979596, 77, 145, 108, 208
-0.979604, 213, 113, 244, 240
-0.979604, 289, 65, 320, 192
-0.979615, 1, 145, 32, 272
-0.979693, 241, 185, 304, 248
-0.979709, 169, 1, 200, 64
-0.979729, 121, 41, 152, 104
-0.979738, 233, 273, 296, 336
-0.979791, 177, 137, 208, 200
-0.979803, 349, 121, 380, 184
-0.979812, 417, 49, 448, 112
-0.979847, 373, 41, 404, 104
-0.979851, 1, 1, 64, 256
-0.979914, 129, 1, 160, 64
-0.97993, 329, 297, 360, 360
-0.979975, 273, 17, 400, 80
-0.979991, 145, 137, 176, 200
-0.980004, 97, 313, 160, 375
-0.980005, 85, 129, 116, 256
-0.980024, 225, 241, 288, 368
-0.980083, 281, 297, 312, 360
-0.9801, 265, 1, 328, 256
-0.98015, 305, 145, 368, 208
-0.980229, 385, 281, 416, 344
-0.980254, 365, 241, 396, 368
-0.980286, 333, 121, 364, 184
-0.980419, 97, 129, 128, 256
-0.980535, 1, 177, 64, 304
-0.980622, 401, 241, 432, 368
-0.980641, 169, 153, 232, 216
-0.980678, 433, 1, 496, 64
-0.980699, 1, 121, 64, 184
-0.980756, 373, 121, 404, 184
-0.980828, 217, 1, 248, 64
-0.980853, 361, 233, 424, 296
-0.980955, 329, 233, 392, 296
-0.981013, 425, 305, 488, 368
-0.981033, 417, 265, 448, 328
-0.981094, 105, 49, 136, 112
-0.981112, 345, 97, 408, 352
-0.981282, 229, 1, 260, 64
-0.981348, 253, 209, 284, 336
-0.981364, 137, 129, 168, 256
-0.981394, 105, 1, 136, 128
-0.981439, 309, 121, 340, 184
-0.981452, 285, 121, 316, 184
-0.981524, 389, 241, 420, 368
-0.981535, 141, 1, 172, 64
-0.98155, 305, 209, 368, 272
-0.9816, 437, 241, 468, 368
-0.98162, 257, 201, 288, 264
-0.981648, 257, 217, 384, 280
-0.98169, 397, 281, 428, 344
-0.981708, 249, 129, 280, 192
-0.981743, 417, 97, 480, 224
-0.981795, 201, 57, 232, 120
-0.981901, 65, 1, 96, 128
-0.981902, 369, 65, 400, 128
-0.981904, 449, 65, 480, 128
-0.981983, 429, 241, 460, 304
-0.982017, 233, 153, 296, 216
-0.98202, 89, 145, 120, 208
-0.982072, 177, 225, 240, 352
-0.982113, 273, 185, 336, 248
-0.982144, 449, 225, 480, 352
-0.982195, 265, 113, 296, 240
-0.982199, 237, 129, 268, 192
-0.982239, 5, 169, 36, 232
-0.982332, 289, 1, 352, 256
-0.982337, 5, 1, 36, 64
-0.982365, 25, 49, 56, 112
-0.982377, 9, 65, 72, 128
-0.982394, 113, 137, 144, 200
-0.982436, 129, 209, 256, 336
-0.982437, 265, 129, 328, 375
-0.982459, 353, 89, 416, 152
-0.982511, 57, 193, 120, 256
-0.982542, 17, 169, 144, 232
-0.982553, 257, 305, 288, 368
-0.982555, 193, 241, 256, 304
-0.982594, 345, 65, 376, 192
-0.982721, 225, 129, 256, 256
-0.982781, 33, 65, 96, 128
-0.982855, 201, 129, 264, 375
-0.98291, 105, 113, 168, 176
-0.982964, 73, 129, 104, 256
-0.982997, 273, 241, 336, 304
-0.983018, 153, 113, 216, 176
-0.983021, 157, 81, 188, 208
-0.98308, 249, 81, 312, 144
-0.983138, 465, 65, 496, 128
-0.983191, 245, 305, 276, 368
-0.983213, 209, 65, 336, 128
-0.983241, 161, 209, 288, 272
-0.983249, 249, 9, 280, 72
-0.983298, 397, 113, 428, 176
-0.983341, 157, 313, 188, 375
-0.983468, 137, 1, 200, 375
-0.983492, 341, 241, 372, 368
-0.983538, 389, 97, 420, 224
-0.983553, 321, 121, 352, 184
-0.983553, 273, 129, 304, 192
-0.98361, 449, 273, 480, 336
-0.98362, 233, 65, 264, 192
-0.983636, 37, 1, 68, 128
-0.983676, 269, 217, 300, 280
-0.983682, 297, 129, 360, 375
-0.983745, 397, 65, 428, 128
-0.983763, 429, 281, 460, 344
-0.9838, 317, 297, 348, 360
-0.983813, 257, 57, 288, 120
-0.983883, 293, 313, 324, 375
-0.983908, 241, 97, 304, 352
-0.983982, 225, 129, 256, 192
-0.984014, 321, 129, 384, 375
-0.984017, 377, 241, 408, 368
-0.984025, 93, 41, 124, 104
-0.984062, 269, 9, 300, 72
-0.984141, 269, 313, 300, 375
-0.984166, 1, 1, 64, 375
-0.984189, 377, 97, 440, 352
-0.984326, 417, 241, 448, 304
-0.984359, 213, 57, 244, 120
-0.98447, 329, 17, 360, 80
-0.984472, 469, 225, 500, 352
-0.984478, 401, 81, 432, 208
-0.984483, 265, 281, 296, 344
-0.984507, 137, 49, 168, 176
-0.984649, 93, 1, 124, 64
-0.984666, 25, 97, 88, 352
-0.984682, 1, 129, 64, 375
-0.984776, 405, 257, 436, 320
-0.984831, 257, 193, 384, 256
-0.98487, 361, 41, 392, 104
-0.984893, 273, 73, 400, 136
-0.98493, 193, 81, 224, 208
-0.984952, 1, 177, 128, 304
-0.984975, 289, 273, 320, 336
-0.985043, 277, 113, 308, 240
-0.985108, 313, 273, 344, 336
-0.985109, 25, 1, 88, 375
-0.985115, 313, 17, 344, 80
-0.985154, 413, 73, 444, 136
-0.985215, 441, 17, 472, 80
-0.985231, 81, 97, 144, 352
-0.98533, 89, 33, 120, 160
-0.985465, 193, 281, 320, 344
-0.98548, 121, 113, 152, 240
-0.985615, 65, 169, 192, 232
-0.985691, 1, 81, 64, 208
-0.985782, 345, 193, 408, 320
-0.985809, 337, 225, 464, 288
-0.985864, 169, 81, 200, 208
-0.985867, 197, 129, 228, 256
-0.985924, 105, 161, 168, 288
-0.98614, 309, 81, 340, 208
-0.986199, 65, 49, 96, 176
-0.986514, 109, 129, 140, 256
-0.986642, 169, 97, 232, 352
-0.986738, 25, 177, 88, 304
-0.986871, 401, 1, 464, 375
-0.986902, 337, 1, 400, 375
-0.98705, 49, 129, 112, 375
-0.987074, 137, 33, 200, 64
-0.987153, 369, 305, 496, 368
-0.987205, 305, 1, 368, 375
-0.987258, 281, 241, 312, 368
-0.987297, 105, 1, 168, 375
-0.987372, 433, 49, 496, 80
-0.987405, 49, 121, 176, 184
-0.987429, 129, 33, 384, 96
-0.987476, 433, 177, 496, 304
-0.987498, 345, 29, 408, 60
-0.987523, 265, 193, 296, 320
-0.987599, 329, 241, 360, 368
-0.987648, 57, 41, 120, 72
-0.987671, 225, 41, 288, 72
-0.987773, 433, 1, 496, 375
-0.987789, 181, 81, 212, 208
-0.987886, 293, 241, 324, 368
-0.987904, 425, 33, 488, 64
-0.987917, 377, 1, 440, 375
-0.987948, 245, 113, 276, 240
-0.987967, 393, 49, 456, 80
-0.987979, 169, 41, 232, 72
-0.987998, 377, 113, 408, 240
-0.988006, 213, 209, 244, 336
-0.988033, 241, 209, 272, 336
-0.988164, 105, 49, 168, 80
-0.988166, 137, 21, 200, 52
-0.988222, 177, 29, 240, 60
-0.988272, 385, 33, 448, 64
-0.988311, 433, 97, 496, 352
-0.988357, 49, 1, 112, 375
-0.98846, 25, 41, 88, 72
-0.988482, 49, 177, 112, 304
-0.988496, 281, 193, 312, 320
-0.98856, 153, 53, 216, 84
-0.988564, 409, 61, 472, 92
-0.988568, 225, 241, 352, 304
-0.988587, 97, 149, 160, 180
-0.98865, 217, 1, 280, 375
-0.988682, 117, 65, 148, 192
-0.988682, 225, 209, 256, 336
-0.988695, 1, 225, 256, 352
-0.988709, 265, 33, 328, 64
-0.988709, 289, 65, 352, 96
-0.988735, 193, 41, 256, 72
-0.988744, 369, 121, 432, 152
-0.988779, 401, 97, 464, 352
-0.988854, 161, 1, 224, 375
-0.988934, 345, 41, 408, 72
-0.989037, 361, 53, 424, 84
-0.989094, 1, 41, 64, 72
-0.989112, 73, 1, 136, 375
-0.989116, 309, 225, 340, 352
-0.989116, 329, 261, 392, 292
-0.989171, 33, 25, 288, 88
-0.989175, 321, 89, 448, 152
-0.989207, 105, 97, 168, 352
-0.989207, 269, 241, 300, 368
-0.989235, 273, 1, 336, 375
-0.989271, 193, 53, 256, 84
-0.989273, 337, 293, 400, 324
-0.989287, 177, 105, 304, 168
-0.989302, 193, 1, 256, 375
-0.989305, 137, 141, 200, 172
-0.989312, 81, 41, 144, 72
-0.989322, 177, 137, 240, 168
-0.989349, 433, 241, 496, 272
-0.989355, 345, 13, 408, 44
-0.989355, 25, 29, 88, 60
-0.989367, 185, 129, 216, 256
-0.989384, 313, 125, 376, 156
-0.989384, 73, 157, 136, 188
-0.98941, 321, 49, 384, 80
-0.989442, 113, 113, 240, 176
-0.989452, 161, 329, 224, 360
-0.989507, 345, 121, 408, 152
-0.98954, 41, 165, 104, 196
-0.989562, 321, 137, 448, 200
-0.989564, 33, 53, 96, 84
-0.989583, 321, 29, 384, 60
-0.989603, 57, 145, 120, 176
-0.989614, 177, 185, 304, 248
-0.989615, 97, 161, 160, 192
-0.989623, 369, 297, 432, 328
-0.989633, 113, 37, 176, 68
-0.989638, 409, 193, 440, 320
-0.989643, 273, 129, 336, 160
-0.989648, 273, 325, 336, 356
-0.989669, 393, 117, 456, 148
-0.989682, 305, 309, 368, 340
-0.989703, 369, 277, 432, 308
-0.989705, 209, 29, 272, 60
-0.989727, 33, 149, 96, 180
-0.989744, 1, 97, 32, 224
-0.989791, 305, 277, 368, 308
-0.989821, 1, 29, 64, 60
-0.989824, 129, 161, 256, 224
-0.989836, 249, 1, 312, 375
-0.989848, 337, 305, 400, 336
-0.989853, 209, 137, 272, 168
-0.989858, 57, 29, 120, 60
-0.989866, 177, 233, 304, 296
-0.989883, 337, 277, 400, 308
-0.989912, 17, 17, 80, 48
-0.989916, 1, 1, 256, 64
-0.989963, 201, 317, 264, 348
-0.989968, 437, 193, 468, 320
-0.989977, 365, 81, 396, 208
-0.989996, 217, 329, 280, 360
-0.990003, 289, 113, 320, 240
-0.990049, 129, 157, 192, 188
-0.990049, 401, 245, 464, 276
-0.990056, 369, 261, 432, 292
-0.99011, 265, 205, 328, 236
-0.990123, 1, 17, 32, 144
-0.990125, 193, 245, 256, 276
-0.990135, 225, 233, 288, 264
-0.990136, 297, 289, 360, 320
-0.990161, 1, 177, 64, 208
-0.990164, 369, 89, 496, 152
-0.990174, 433, 61, 496, 92
-0.990179, 433, 281, 496, 312
-0.990196, 257, 145, 384, 208
-0.9902, 257, 25, 500, 88
-0.990215, 249, 129, 312, 160
-0.990223, 9, 153, 72, 184
-0.990225, 409, 17, 472, 48
-0.99025, 193, 337, 256, 368
-0.990277, 417, 117, 480, 148
-0.990282, 337, 69, 400, 100
-0.990302, 249, 329, 312, 360
-0.990308, 177, 317, 240, 348
-0.990323, 1, 121, 128, 184
-0.990326, 101, 49, 132, 176
-0.990327, 401, 293, 464, 324
-0.990336, 265, 61, 328, 92
-0.990342, 81, 57, 144, 88
-0.990345, 297, 193, 328, 320
-0.990362, 145, 129, 208, 375
-0.990389, 57, 53, 120, 84
-0.990407, 129, 305, 384, 368
-0.990418, 321, 81, 352, 208
-0.990429, 1, 33, 500, 96
-0.99046, 17, 165, 80, 196
-0.99049, 1, 137, 256, 200
-0.990499, 257, 313, 320, 344
-0.990504, 321, 321, 384, 352
-0.990518, 97, 209, 224, 272
-0.990533, 225, 345, 288, 375
-0.990608, 161, 345, 224, 375
-0.99061, 241, 289, 304, 320
-0.990616, 153, 153, 216, 184
-0.990618, 233, 53, 296, 84
-0.990622, 121, 61, 184, 92
-0.990628, 217, 305, 280, 336
-0.990633, 113, 325, 176, 356
-0.990633, 121, 341, 184, 372
-0.990642, 225, 205, 288, 236
-0.99065, 369, 309, 432, 340
-0.990651, 289, 53, 352, 84
-0.990674, 401, 269, 464, 300
-0.99069, 321, 193, 384, 320
-0.9907, 289, 37, 352, 68
-0.990758, 73, 169, 136, 200
-0.990788, 129, 1, 384, 64
-0.990825, 209, 153, 272, 184
-0.990847, 137, 317, 200, 348
-0.990852, 225, 121, 480, 184
-0.990878, 137, 329, 200, 360
-0.990906, 241, 301, 304, 332
-0.99091, 369, 13, 432, 44
-0.990922, 281, 309, 344, 340
-0.99093, 345, 113, 376, 240
-0.990935, 433, 253, 496, 284
-0.990945, 361, 65, 424, 96
-0.990952, 401, 257, 464, 288
-0.990965, 321, 17, 384, 48
-0.990977, 265, 289, 328, 320
-0.990991, 9, 53, 72, 84
-0.99101, 233, 29, 296, 60
-0.991017, 377, 133, 440, 164
-0.991025, 449, 29, 480, 60
-0.99104, 149, 41, 180, 72
-0.991049, 73, 337, 136, 368
-0.991066, 297, 321, 360, 352
-0.991067, 281, 277, 344, 308
-0.991102, 209, 153, 336, 216
-0.991105, 249, 149, 312, 180
-0.991125, 201, 65, 264, 96
-0.991126, 177, 65, 240, 96
-0.991166, 97, 341, 160, 372
-0.991166, 1, 49, 256, 112
-0.991178, 433, 265, 496, 296
-0.99118, 353, 133, 416, 164
-0.991184, 257, 341, 320, 372
-0.991214, 313, 69, 376, 100
-0.991219, 193, 281, 448, 344
-0.991232, 177, 305, 240, 336
-0.991246, 385, 69, 448, 100
-0.991258, 257, 217, 320, 248
-0.991261, 177, 157, 240, 188
-0.991275, 41, 17, 104, 48
-0.991393, 329, 49, 360, 80
-0.991433, 153, 129, 184, 256
-0.991485, 133, 41, 164, 72
-0.991493, 97, 137, 352, 200
-0.991527, 257, 57, 500, 120
-0.991531, 369, 29, 400, 60
-0.991537, 161, 25, 192, 56
-0.991543, 173, 29, 204, 60
-0.99157, 417, 41, 448, 72
-0.991602, 253, 45, 284, 76
-0.991609, 161, 41, 192, 72
-0.991615, 385, 37, 416, 68
-0.991651, 65, 21, 96, 52
-0.991698, 33, 17, 64, 48
-0.991703, 49, 33, 80, 64
-0.99173, 1, 37, 32, 68
-0.991747, 25, 33, 56, 64
-0.991747, 201, 241, 232, 368
-0.991792, 437, 41, 468, 72
-0.991829, 273, 97, 400, 160
-0.991834, 225, 305, 480, 368
-0.991856, 405, 29, 436, 60
-0.991869, 85, 33, 116, 64
-0.991871, 469, 37, 500, 68
-0.99188, 53, 21, 84, 52
-0.991884, 153, 57, 184, 88
-0.991906, 73, 33, 104, 64
-0.99192, 229, 41, 260, 72
-0.991926, 273, 33, 304, 64
-0.991963, 465, 61, 496, 92
-0.991977, 353, 193, 384, 320
-0.991982, 405, 45, 436, 76
-0.992006, 209, 33, 240, 64
-0.992038, 109, 41, 140, 72
-0.992052, 1, 9, 500, 72
-0.992053, 329, 61, 360, 92
-0.992055, 329, 33, 360, 64
-0.992056, 401, 117, 432, 148
-0.992099, 353, 257, 384, 288
-0.9921, 25, 45, 56, 76
-0.992117, 73, 45, 104, 76
-0.992124, 237, 161, 268, 288
-0.992133, 385, 49, 416, 80
-0.992135, 149, 29, 180, 60
-0.99217, 349, 37, 380, 68
-0.9922, 129, 57, 384, 120
-0.992203, 349, 13, 380, 44
-0.992216, 197, 49, 228, 80
-0.992221, 77, 21, 108, 52
-0.992221, 265, 53, 296, 84
-0.992232, 437, 53, 468, 84
-0.992237, 301, 129, 332, 256
-0.992248, 277, 65, 308, 96
-0.992255, 141, 53, 172, 84
-0.992279, 37, 41, 68, 72
-0.99228, 37, 29, 68, 60
-0.992282, 217, 245, 248, 276
-0.992304, 213, 53, 244, 84
-0.992313, 93, 157, 124, 188
-0.992313, 417, 29, 448, 60
-0.992319, 333, 309, 364, 340
-0.992331, 273, 201, 304, 232
-0.992359, 305, 33, 336, 64
-0.992364, 21, 21, 52, 52
-0.992419, 281, 33, 296, 96
-0.992432, 65, 313, 192, 375
-0.992437, 361, 121, 392, 152
-0.992447, 21, 177, 52, 208
-0.992462, 245, 33, 276, 64
-0.992462, 201, 193, 232, 320
-0.992465, 405, 57, 436, 88
-0.992469, 317, 49, 348, 80
-0.992483, 321, 125, 352, 156
-0.992485, 401, 285, 432, 316
-0.992499, 317, 33, 348, 64
-0.9925, 413, 97, 444, 224
-0.992502, 129, 153, 160, 184
-0.992515, 129, 33, 256, 64
-0.992529, 125, 141, 156, 172
-0.992539, 121, 45, 152, 76
-0.992541, 61, 161, 92, 192
-0.992559, 171, 17, 186, 80
-0.992567, 93, 145, 124, 176
-0.992569, 285, 33, 316, 64
-0.992581, 177, 177, 240, 304
-0.992589, 77, 65, 108, 192
-0.992593, 169, 61, 200, 92
-0.992595, 289, 65, 320, 96
-0.992603, 181, 61, 212, 92
-0.99261, 373, 285, 404, 316
-0.992631, 271, 41, 286, 104
-0.992632, 173, 41, 204, 72
-0.99265, 211, 33, 226, 96
-0.992652, 37, 81, 68, 208
-0.992662, 245, 57, 276, 88
-0.99267, 113, 161, 144, 192
-0.992676, 93, 49, 124, 80
-0.992676, 57, 45, 88, 76
-0.992677, 9, 53, 40, 84
-0.992685, 299, 33, 314, 96
-0.992693, 417, 53, 448, 84
-0.992693, 333, 289, 364, 320
-0.992694, 221, 29, 252, 60
-0.992702, 329, 269, 360, 300
-0.992704, 331, 41, 346, 104
-0.992711, 49, 149, 80, 180
-0.992719, 353, 293, 384, 324
-0.992724, 105, 149, 136, 180
-0.992725, 261, 213, 292, 244
-0.992729, 185, 29, 216, 60
-0.992733, 437, 29, 468, 60
-0.992736, 13, 33, 44, 64
-0.992749, 73, 169, 104, 200
-0.99276, 53, 49, 84, 176
-0.99276, 389, 121, 420, 152
-0.992766, 265, 337, 296, 368
-0.992768, 309, 33, 324, 96
-0.99278, 1, 173, 32, 204
-0.992782, 197, 37, 228, 68
-0.992795, 377, 257, 408, 288
-0.992799, 457, 45, 488, 76
-0.9928, 257, 201, 288, 232
-0.992806, 333, 321, 364, 352
-0.99283, 293, 33, 308, 96
-0.992833, 61, 33, 92, 64
-0.992835, 389, 293, 420, 324
-0.992836, 1, 153, 32, 184
-0.992836, 437, 241, 468, 272
-0.992845, 49, 193, 176, 256
-0.992846, 129, 57, 160, 88
-0.992852, 309, 65, 340, 96
-0.992859, 373, 45, 404, 76
-0.99287, 9, 185, 40, 216
-0.992874, 17, 177, 48, 304
-0.992875, 349, 125, 380, 156
-0.992892, 37, 53, 68, 84
-0.992897, 377, 297, 408, 328
-0.992906, 265, 65, 296, 96
-0.992908, 61, 149, 92, 180
-0.992915, 289, 329, 320, 360
-0.992916, 457, 17, 488, 48
-0.992921, 233, 333, 264, 364
-0.992922, 199, 33, 214, 96
-0.992935, 241, 345, 272, 375
-0.992936, 205, 241, 236, 272
-0.992942, 285, 201, 316, 232
-0.992948, 281, 129, 312, 160
-0.992951, 309, 317, 340, 348
-0.992952, 225, 53, 256, 84
-0.992956, 233, 133, 264, 164
-0.99296, 1, 33, 128, 64
-0.99297, 273, 213, 304, 244
-0.992975, 417, 121, 448, 152
-0.992977, 81, 145, 112, 176
-0.992978, 113, 57, 144, 88
-0.992978, 257, 33, 288, 64
-0.992981, 181, 25, 196, 88
-0.992983, 373, 273, 404, 304
-0.992987, 417, 41, 432, 104
-0.993021, 425, 245, 456, 276
-0.993023, 341, 25, 372, 56
-0.993076, 239, 33, 254, 96
-0.993094, 471, 41, 486, 104
-0.993138, 321, 29, 448, 60
-0.993149, 165, 25, 180, 88
-0.993149, 315, 41, 330, 104
-0.993177, 377, 193, 408, 320
-0.993223, 173, 129, 204, 256
-0.993243, 377, 17, 392, 80
-0.993247, 53, 17, 68, 80
-0.993263, 33, 161, 288, 224
-0.9933, 49, 177, 176, 304
-0.993352, 191, 33, 206, 96
-0.993371, 29, 17, 44, 80
-0.993405, 193, 217, 448, 280
-0.993412, 67, 17, 82, 80
-0.993424, 221, 25, 236, 88
-0.993424, 17, 65, 144, 128
-0.993426, 21, 25, 36, 88
-0.993428, 41, 17, 56, 80
-0.993438, 429, 25, 444, 88
-0.993442, 229, 33, 244, 96
-0.99347, 407, 17, 422, 80
-0.993479, 225, 37, 352, 68
-0.99352, 459, 25, 474, 88
-0.993697, 1, 145, 500, 208
-0.993702, 89, 81, 120, 208
-0.993715, 177, 49, 304, 80
-0.993761, 341, 33, 356, 96
-0.993807, 65, 49, 192, 80
-0.993831, 81, 73, 208, 136
-0.993832, 225, 1, 480, 64
-0.993862, 449, 97, 480, 224
-0.993882, 89, 17, 104, 80
-0.993891, 321, 41, 336, 104
-0.993904, 79, 25, 94, 88
-0.993928, 205, 33, 220, 96
-0.993938, 333, 97, 364, 224
-0.993942, 61, 17, 76, 80
-0.993981, 97, 141, 224, 172
-0.994007, 289, 273, 416, 304
-0.994035, 1, 45, 128, 76
-0.994046, 321, 301, 448, 332
-0.994063, 65, 21, 192, 52
-0.994076, 429, 97, 460, 224
-0.994101, 249, 41, 264, 104
-0.994124, 1, 33, 16, 96
-0.994124, 307, 57, 322, 120
-0.994144, 369, 29, 496, 60
-0.994151, 321, 41, 448, 72
-0.994159, 153, 177, 216, 304
-0.994201, 49, 145, 176, 176
-0.994206, 129, 241, 384, 304
-0.994248, 173, 49, 188, 112
-0.994255, 287, 33, 302, 96
-0.994261, 129, 57, 256, 88
-0.994303, 225, 65, 352, 96
-0.994303, 127, 41, 142, 104
-0.994312, 47, 25, 62, 88
-0.994321, 65, 41, 80, 104
-0.994325, 161, 81, 288, 144
-0.994326, 321, 117, 448, 148
-0.994332, 321, 285, 448, 316
-0.994348, 257, 257, 500, 320
-0.994365, 219, 49, 234, 112
-0.994387, 35, 1, 50, 64
-0.994403, 35, 25, 50, 88
-0.994425, 167, 49, 182, 112
-0.994451, 1, 21, 128, 52
-0.994453, 135, 49, 150, 112
-0.994476, 289, 57, 304, 120
-0.994486, 485, 41, 500, 104
-0.994494, 71, 41, 86, 104
-0.994507, 11, 41, 26, 104
-0.99451, 321, 261, 448, 292
-0.994527, 155, 33, 170, 96
-0.994528, 369, 17, 496, 48
-0.99454, 369, 257, 496, 288
-0.994555, 417, 17, 432, 80
-0.99458, 193, 133, 320, 164
-0.994606, 439, 9, 454, 72
-0.994622, 97, 329, 224, 360
-0.994626, 181, 49, 196, 112
-0.994627, 113, 45, 240, 76
-0.994631, 461, 97, 492, 224
-0.99464, 447, 41, 462, 104
-0.994657, 145, 137, 272, 168
-0.994671, 299, 57, 314, 120
-0.994683, 155, 1, 170, 64
-0.99469, 377, 289, 392, 352
-0.994699, 241, 289, 368, 320
-0.994702, 113, 41, 128, 104
-0.994741, 205, 57, 220, 120
-0.994748, 481, 9, 496, 72
-0.994756, 279, 57, 294, 120
-0.994768, 387, 41, 402, 104
-0.994787, 33, 313, 288, 375
-0.994794, 47, 1, 62, 64
-0.994826, 209, 129, 224, 192
-0.994828, 191, 57, 206, 120
-0.994841, 49, 9, 176, 40
-0.994848, 469, 9, 484, 72
-0.994849, 49, 345, 176, 375
-0.994884, 81, 61, 208, 92
-0.994895, 225, 129, 240, 192
-0.994907, 321, 13, 448, 44
-0.994912, 21, 145, 36, 208
-0.994912, 161, 345, 288, 375
-0.994921, 417, 113, 432, 176
-0.994922, 451, 9, 466, 72
-0.994926, 59, 41, 74, 104
-0.994929, 177, 29, 304, 60
-0.994931, 45, 145, 60, 208
-0.994941, 199, 57, 214, 120
-0.994943, 133, 137, 148, 200
-0.994952, 411, 49, 426, 112
-0.994966, 321, 313, 448, 344
-0.994982, 41, 41, 56, 104
-0.994986, 213, 57, 228, 120
-0.994996, 51, 145, 66, 208
-0.995001, 367, 9, 382, 72
-0.995003, 83, 1, 98, 64
-0.995003, 1, 173, 128, 204
-0.995004, 119, 41, 134, 104
-0.995007, 97, 33, 112, 96
-0.99501, 397, 9, 412, 72
-0.995017, 343, 121, 358, 184
-0.995018, 321, 69, 448, 100
-0.99502, 387, 9, 402, 72
-0.995027, 369, 137, 496, 200
-0.995035, 33, 201, 288, 264
-0.995049, 247, 17, 262, 80
-0.995056, 177, 209, 304, 240
-0.995058, 273, 305, 400, 336
-0.99506, 345, 281, 360, 344
-0.995067, 73, 1, 88, 64
-0.995091, 161, 313, 288, 344
-0.995099, 161, 49, 176, 112
-0.995105, 385, 113, 400, 176
-0.995111, 305, 121, 320, 184
-0.995119, 369, 269, 496, 300
-0.995133, 129, 113, 384, 176
-0.995133, 273, 125, 400, 156
-0.99514, 1, 57, 500, 120
-0.995146, 1, 145, 16, 208
-0.995148, 213, 161, 244, 288
-0.995149, 429, 65, 444, 128
-0.995162, 369, 297, 496, 328
-0.995166, 1, 121, 500, 184
-0.995168, 405, 65, 420, 128
-0.995183, 109, 137, 124, 200
-0.995189, 1, 145, 128, 176
-0.995198, 341, 57, 356, 120
-0.995201, 423, 49, 438, 112
-0.995207, 133, 1, 164, 256
-0.995218, 181, 1, 196, 64
-0.995218, 21, 1, 36, 64
-0.995222, 29, 145, 44, 208
-0.995232, 13, 153, 28, 216
-0.995235, 265, 129, 280, 192
-0.995237, 219, 129, 234, 192
-0.995242, 367, 41, 382, 104
-0.995245, 273, 29, 400, 60
-0.995274, 235, 57, 250, 120
-0.995283, 49, 37, 176, 68
-0.995286, 249, 161, 280, 288
-0.995293, 173, 137, 188, 200
-0.995329, 103, 41, 118, 104
-0.99533, 193, 145, 448, 208
-0.995332, 233, 9, 248, 72
-0.995333, 187, 137, 202, 200
-0.995346, 299, 121, 314, 184
-0.99535, 243, 57, 258, 120
-0.995355, 241, 317, 368, 348
-0.995361, 145, 33, 160, 96
-0.995361, 221, 1, 236, 64
-0.995361, 225, 97, 480, 160
-0.995373, 401, 129, 432, 256
-0.995374, 265, 57, 280, 120
-0.995379, 337, 201, 464, 264
-0.99538, 273, 17, 288, 80
-0.9954, 179, 137, 194, 200
-0.995415, 193, 325, 320, 356
-0.995421, 145, 1, 160, 64
-0.995424, 381, 1, 412, 256
-0.995433, 355, 257, 370, 320
-0.995462, 275, 129, 290, 192
-0.995463, 259, 305, 274, 368
-0.995465, 259, 129, 274, 192
-0.995481, 273, 69, 400, 100
-0.995482, 423, 9, 438, 72
-0.995486, 311, 121, 326, 184
-0.995493, 377, 65, 392, 128
-0.995516, 197, 1, 228, 256
-0.995519, 33, 161, 160, 192
-0.995545, 241, 213, 368, 244
-0.995546, 89, 49, 104, 112
-0.995547, 51, 49, 66, 112
-0.995556, 29, 41, 44, 104
-0.995567, 177, 61, 304, 92
-0.995573, 57, 145, 72, 208
-0.99558, 73, 177, 136, 304
-0.995583, 353, 121, 368, 184
-0.995591, 97, 345, 224, 375
-0.995592, 29, 177, 60, 304
-0.995613, 257, 53, 384, 84
-0.995631, 225, 201, 352, 232
-0.99566, 129, 193, 384, 256
-0.995682, 289, 329, 416, 360
-0.995685, 369, 129, 496, 160
-0.995697, 349, 1, 380, 256
-0.995718, 369, 245, 496, 276
-0.995736, 369, 1, 400, 256
-0.995742, 193, 301, 320, 332
-0.995743, 369, 285, 496, 316
-0.995783, 369, 117, 496, 148
-0.995813, 129, 9, 256, 40
-0.995816, 209, 1, 240, 256
-0.995864, 209, 345, 336, 375
-0.995871, 1, 305, 500, 368
-0.995886, 465, 1, 496, 256
-0.995892, 33, 113, 288, 176
-0.995892, 145, 333, 272, 364
-0.995977, 81, 161, 208, 192
-0.996014, 129, 73, 256, 104
-0.996019, 193, 233, 320, 264
-0.996036, 413, 1, 444, 256
-0.996113, 369, 309, 496, 340
-0.996135, 129, 21, 256, 52
-0.996155, 153, 1, 184, 256
-0.996158, 241, 277, 368, 308
-0.9962, 17, 57, 144, 88
-0.99621, 65, 1, 96, 256
-0.996216, 305, 53, 432, 84
-0.99623, 5, 1, 36, 256
-0.996234, 393, 1, 424, 256
-0.99627, 273, 17, 400, 48
-0.996272, 321, 137, 448, 168
-0.996275, 177, 77, 304, 108
-0.996286, 273, 41, 400, 72
-0.99629, 181, 1, 212, 256
-0.996294, 433, 1, 464, 256
-0.996304, 117, 1, 148, 256
-0.996313, 177, 257, 304, 320
-0.996321, 257, 81, 384, 112
-0.996338, 1, 201, 128, 264
-0.996344, 145, 157, 272, 188
-0.9964, 33, 73, 288, 136
-0.996422, 37, 1, 68, 256
-0.996502, 77, 177, 108, 304
-0.996515, 449, 177, 480, 304
-0.996516, 1, 217, 500, 280
-0.99654, 257, 149, 384, 180
-0.996583, 289, 237, 416, 268
-0.996616, 169, 1, 200, 256
-0.996634, 337, 229, 464, 260
-0.996637, 241, 333, 368, 364
-0.996645, 445, 1, 476, 256
-0.996686, 177, 197, 304, 228
-0.9967, 25, 33, 56, 288
-0.996713, 113, 317, 240, 348
-0.996719, 337, 145, 464, 272
-0.996745, 369, 41, 496, 72
-0.996748, 257, 249, 384, 280
-0.9968, 81, 1, 112, 256
-0.996816, 49, 173, 176, 204
-0.996831, 81, 73, 208, 104
-0.996852, 83, 21, 98, 52
-0.996865, 97, 209, 224, 240
-0.996866, 271, 33, 286, 64
-0.996883, 1, 281, 500, 344
-0.996906, 333, 33, 348, 64
-0.996913, 329, 1, 360, 256
-0.996922, 177, 245, 304, 276
-0.996929, 271, 45, 286, 76
-0.996954, 93, 1, 124, 256
-0.996959, 221, 1, 252, 256
-0.996964, 49, 333, 176, 364
-0.996974, 105, 1, 136, 256
-0.996977, 129, 81, 384, 144
-0.996979, 49, 205, 176, 236
-0.99699, 1, 201, 128, 232
-0.997007, 127, 45, 142, 76
-0.997009, 277, 45, 292, 76
-0.997013, 257, 225, 384, 256
-0.997013, 1, 249, 500, 312
-0.997016, 15, 37, 30, 68
-0.997017, 257, 345, 384, 375
-0.997024, 193, 145, 320, 176
-0.997027, 243, 41, 258, 72
-0.997065, 305, 81, 432, 112
-0.99707, 53, 33, 68, 64
-0.997075, 273, 261, 400, 292
-0.997075, 93, 33, 108, 64
-0.997078, 417, 41, 432, 72
-0.997079, 181, 41, 196, 72
-0.997082, 87, 33, 102, 64
-0.997085, 23, 45, 38, 76
-0.997088, 73, 41, 88, 72
-0.997101, 129, 185, 256, 248
-0.997102, 225, 25, 352, 56
-0.997106, 171, 33, 186, 64
-0.997114, 47, 17, 62, 48
-0.997116, 197, 29, 212, 60
-0.997122, 369, 61, 496, 92
-0.997136, 187, 29, 202, 60
-0.997141, 217, 33, 232, 64
-0.997149, 237, 1, 268, 256
-0.997151, 237, 45, 252, 76
-0.997155, 1, 5, 128, 36
-0.997156, 227, 41, 242, 72
-0.997169, 103, 45, 118, 76
-0.997175, 331, 49, 346, 80
-0.997177, 97, 45, 112, 76
-0.9972, 221, 241, 236, 272
-0.997206, 297, 41, 312, 72
-0.997207, 163, 41, 178, 72
-0.997222, 1, 37, 16, 68
-0.997222, 177, 221, 304, 252
-0.997228, 135, 45, 150, 76
-0.997232, 145, 301, 272, 332
-0.997238, 241, 5, 368, 36
-0.997245, 173, 49, 188, 80
-0.997251, 167, 21, 182, 52
-0.997253, 109, 45, 124, 76
-0.997254, 237, 33, 252, 64
-0.997261, 325, 53, 340, 84
-0.997264, 59, 41, 74, 72
-0.997271, 193, 289, 320, 320
-0.997278, 317, 33, 332, 64
-0.997282, 303, 33, 318, 64
-0.997283, 275, 57, 290, 88
-0.997304, 31, 33, 46, 64
-0.997309, 27, 13, 42, 44
-0.997312, 79, 45, 94, 76
-0.997315, 21, 33, 36, 64
-0.997319, 189, 41, 204, 72
-0.997329, 193, 157, 320, 188
-0.997329, 181, 29, 196, 60
-0.997342, 287, 33, 302, 64
-0.997351, 305, 49, 320, 80
-0.997355, 37, 17, 52, 48
-0.997366, 63, 21, 78, 52
-0.997373, 341, 37, 356, 68
-0.997374, 65, 41, 80, 72
-0.997382, 289, 45, 304, 76
-0.997387, 143, 45, 158, 76
-0.997389, 121, 45, 136, 76
-0.997395, 173, 21, 188, 52
-0.997397, 49, 133, 176, 164
-0.997413, 275, 205, 290, 236
-0.997428, 53, 21, 68, 52
-0.997439, 407, 29, 422, 60
-0.997444, 269, 57, 284, 88
-0.997446, 39, 41, 54, 72
-0.997447, 187, 53, 202, 84
-0.997449, 449, 29, 464, 60
-0.99745, 207, 33, 222, 64
-0.997451, 319, 45, 334, 76
-0.997451, 45, 41, 60, 72
-0.997451, 153, 49, 168, 80
-0.997455, 311, 45, 326, 76
-0.997457, 361, 97, 392, 352
-0.997461, 33, 265, 288, 328
-0.997469, 1, 81, 500, 144
-0.997471, 89, 21, 104, 52
-0.997475, 225, 193, 480, 256
-0.997485, 215, 45, 230, 76
-0.997493, 43, 29, 58, 60
-0.997493, 201, 53, 216, 84
-0.997508, 289, 57, 304, 88
-0.997508, 327, 37, 342, 68
-0.997511, 277, 33, 292, 64
-0.997514, 195, 41, 210, 72
-0.997521, 1, 69, 128, 100
-0.997522, 53, 33, 84, 288
-0.997531, 79, 33, 94, 64
-0.997559, 209, 53, 224, 84
-0.997566, 7, 37, 22, 68
-0.997573, 295, 53, 310, 84
-0.997573, 247, 29, 262, 60
-0.997577, 447, 41, 462, 72
-0.997578, 381, 97, 412, 352
-0.997579, 85, 45, 100, 76
-0.997593, 429, 33, 444, 64
-0.997598, 311, 33, 326, 64
-0.997603, 227, 241, 242, 272
-0.997608, 129, 245, 256, 276
-0.997624, 353, 85, 480, 116
-0.997636, 223, 29, 238, 60
-0.997643, 387, 29, 402, 60
-0.997647, 367, 25, 382, 56
-0.997656, 225, 121, 352, 152
-0.997657, 389, 41, 404, 72
-0.997666, 29, 45, 44, 76
-0.99767, 1, 185, 128, 216
-0.997685, 339, 53, 354, 84
-0.997695, 193, 53, 208, 84
-0.997699, 61, 53, 76, 84
-0.997701, 69, 21, 84, 52
-0.997715, 369, 73, 496, 104
-0.997717, 321, 345, 448, 375
-0.997722, 471, 41, 486, 72
-0.997724, 1, 169, 500, 232
-0.997728, 283, 45, 298, 76
-0.997731, 415, 117, 430, 148
-0.997732, 417, 57, 432, 88
-0.99774, 365, 37, 380, 68
-0.997742, 379, 297, 394, 328
-0.997744, 471, 29, 486, 60
-0.997745, 97, 129, 224, 160
-0.997747, 269, 129, 300, 375
-0.99775, 333, 61, 348, 92
-0.997755, 281, 65, 296, 96
-0.997757, 121, 51, 184, 66
-0.997762, 109, 145, 124, 176
-0.997769, 129, 169, 384, 232
-0.99777, 193, 257, 320, 288
-0.997772, 395, 29, 410, 60
-0.997776, 345, 293, 360, 324
-0.99778, 313, 57, 328, 88
-0.997783, 307, 61, 322, 92
-0.997787, 321, 1, 448, 32
-0.997799, 353, 325, 480, 356
-0.997812, 377, 29, 392, 60
-0.997813, 461, 29, 476, 60
-0.997813, 163, 61, 178, 92
-0.997823, 37, 29, 52, 60
-0.997827, 33, 289, 288, 352
-0.997832, 245, 65, 260, 96
-0.997835, 247, 53, 262, 84
-0.997835, 91, 49, 106, 80
-0.997837, 181, 61, 196, 92
-0.997838, 31, 1, 46, 32
-0.997842, 301, 61, 316, 92
-0.997846, 237, 57, 252, 88
-0.997848, 485, 57, 500, 88
-0.997848, 249, 41, 264, 72
-0.997854, 143, 141, 158, 172
-0.997856, 17, 173, 32, 204
-0.997857, 115, 45, 130, 76
-0.997859, 137, 25, 200, 40
-0.997859, 469, 17, 484, 48
-0.997859, 433, 51, 496, 66
-0.99786, 113, 289, 240, 352
-0.997866, 113, 57, 128, 88
-0.997871, 265, 33, 296, 288
-0.997874, 319, 61, 334, 92
-0.997875, 3, 153, 18, 184
-0.997878, 225, 97, 352, 160
-0.997882, 273, 197, 400, 228
-0.997885, 53, 45, 68, 76
-0.99789, 201, 41, 216, 72
-0.997896, 145, 233, 272, 264
-0.997899, 249, 1, 280, 256
-0.997905, 1, 341, 128, 372
-0.997937, 417, 67, 480, 82
-0.997943, 241, 137, 368, 168
-0.997948, 425, 45, 488, 60
-0.997951, 113, 221, 240, 252
-0.997954, 369, 287, 432, 302
-0.997969, 433, 57, 496, 72
-0.997998, 137, 57, 200, 72
-0.998002, 49, 51, 112, 66
-0.998008, 369, 5, 496, 36
-0.998013, 425, 33, 488, 48
-0.998015, 1, 133, 128, 164
-0.998017, 393, 57, 456, 72
-0.998026, 49, 43, 112, 58
-0.998033, 137, 41, 200, 56
-0.998037, 345, 41, 408, 56
-0.998042, 33, 225, 288, 288
-0.998052, 361, 29, 424, 44
-0.998053, 81, 45, 144, 60
-0.998056, 177, 121, 304, 152
-0.998066, 225, 47, 288, 62
-0.998071, 25, 43, 88, 58
-0.998077, 289, 129, 320, 375
-0.998085, 305, 289, 368, 304
-0.998089, 137, 31, 200, 46
-0.998092, 209, 39, 272, 54
-0.9981, 393, 45, 456, 60
-0.998107, 177, 33, 240, 48
-0.998114, 161, 55, 224, 70
-0.998124, 209, 339, 272, 354
-0.998125, 345, 297, 408, 312
-0.998126, 321, 49, 384, 64
-0.998128, 193, 49, 256, 64
-0.998128, 393, 51, 456, 66
-0.998138, 349, 97, 380, 352
-0.99815, 241, 237, 368, 268
-0.998154, 361, 55, 424, 70
-0.99816, 369, 301, 432, 316
-0.998165, 297, 313, 360, 328
-0.998169, 97, 55, 160, 70
-0.998173, 289, 209, 416, 240
-0.998177, 33, 19, 96, 34
-0.998178, 345, 263, 408, 278
-0.998183, 265, 35, 328, 50
-0.998185, 329, 303, 392, 318
-0.998196, 281, 1, 312, 256
-0.99821, 321, 249, 448, 280
-0.99822, 305, 325, 368, 340
-0.99823, 385, 31, 448, 46
-0.998232, 321, 33, 384, 48
-0.998233, 345, 289, 408, 304
-0.998249, 177, 17, 304, 48
-0.998255, 329, 309, 392, 324
-0.998255, 57, 149, 120, 164
-0.998257, 377, 121, 440, 136
-0.99826, 17, 51, 80, 66
-0.998261, 73, 51, 136, 66
-0.998263, 201, 359, 264, 374
-0.998266, 201, 29, 264, 44
-0.998269, 361, 49, 424, 64
-0.998276, 233, 41, 296, 56
-0.998278, 393, 281, 456, 296
-0.998279, 217, 353, 280, 368
-0.99829, 337, 281, 400, 296
-0.998291, 209, 55, 272, 70
-0.998293, 369, 269, 432, 284
-0.998296, 317, 1, 348, 256
-0.99831, 97, 145, 160, 160
-0.99831, 385, 39, 448, 54
-0.998319, 361, 65, 424, 80
-0.998321, 393, 287, 456, 302
-0.998325, 345, 15, 408, 30
-0.998326, 241, 201, 304, 216
-0.998331, 193, 247, 256, 262
-0.998331, 273, 329, 336, 344
-0.998337, 49, 25, 112, 40
-0.998339, 9, 19, 72, 34
-0.998344, 1, 41, 64, 56
-0.998345, 185, 347, 248, 362
-0.998346, 57, 171, 120, 186
-0.998347, 153, 361, 216, 375
-0.998347, 161, 23, 224, 38
-0.998349, 377, 129, 440, 144
-0.99835, 17, 153, 80, 168
-0.998353, 385, 263, 448, 278
-0.998354, 169, 43, 232, 58
-0.99836, 369, 295, 432, 310
-0.998363, 33, 175, 96, 190
-0.998366, 177, 321, 240, 336
-0.998367, 265, 207, 328, 222
-0.998369, 369, 281, 432, 296
-0.99837, 249, 327, 312, 342
-0.998384, 273, 109, 400, 140
-0.998385, 169, 353, 232, 368
-0.998385, 233, 35, 296, 50
-0.998386, 233, 343, 296, 358
-0.998389, 369, 307, 432, 322
-0.998389, 121, 143, 184, 158
-0.998395, 417, 255, 480, 270
-0.998397, 241, 361, 304, 375
-0.998399, 161, 49, 224, 64
-0.998404, 217, 315, 280, 330
-0.998404, 273, 319, 336, 334
-0.998406, 369, 275, 432, 290
-0.998407, 65, 355, 128, 370
-0.998407, 113, 45, 176, 60
-0.99841, 321, 127, 384, 142
-0.99841, 329, 269, 392, 284
-0.998413, 9, 25, 72, 40
-0.998416, 113, 167, 176, 182
-0.998416, 281, 295, 344, 310
-0.998416, 305, 307, 368, 322
-0.998416, 393, 97, 424, 352
-0.998417, 321, 63, 384, 78
-0.998419, 241, 133, 304, 148
-0.998421, 217, 135, 280, 150
-0.998422, 185, 159, 248, 174
-0.998422, 433, 239, 496, 254
-0.998423, 145, 161, 208, 176
-0.998427, 297, 319, 360, 334
-0.998427, 409, 245, 472, 260
-0.998429, 249, 59, 312, 74
-0.998429, 257, 335, 320, 350
-0.998429, 361, 35, 424, 50
-0.99843, 273, 215, 336, 230
-0.998432, 33, 165, 96, 180
-0.998433, 305, 295, 368, 310
-0.998437, 233, 211, 296, 226
-0.998438, 1, 183, 64, 198
-0.998442, 153, 333, 216, 348
-0.998442, 241, 305, 304, 320
-0.998445, 81, 171, 144, 186
-0.998453, 345, 123, 408, 138
-0.998456, 289, 65, 352, 80
-0.998457, 281, 129, 344, 144
-0.998458, 425, 39, 488, 54
-0.998459, 241, 153, 304, 168
-0.998462, 9, 167, 72, 182
-0.998465, 193, 137, 256, 152
-0.998469, 233, 333, 296, 348
-0.998477, 169, 139, 232, 154
-0.998479, 305, 1, 336, 256
-0.99848, 145, 141, 208, 156
-0.998489, 201, 153, 264, 168
-0.998491, 417, 281, 480, 296
-0.998548, 237, 129, 268, 375
-0.998554, 105, 45, 136, 60
-0.998554, 385, 287, 416, 302
-0.998555, 85, 359, 116, 374
-0.998555, 465, 55, 496, 70
-0.998555, 353, 297, 384, 312
-0.998555, 1, 155, 32, 170
-0.998558, 53, 151, 84, 166
-0.998558, 201, 53, 232, 68
-0.998559, 457, 63, 488, 78
-0.99856, 213, 359, 244, 374
-0.99856, 161, 55, 192, 70
-0.99856, 289, 297, 320, 312
-0.99856, 221, 341, 252, 356
-0.998561, 69, 31, 100, 46
-0.998561, 453, 253, 484, 268
-0.998562, 29, 181, 60, 196
-0.998562, 85, 43, 116, 58
-0.998563, 377, 267, 408, 282
-0.998563, 317, 309, 348, 324
-0.998563, 173, 57, 204, 72
-0.998564, 321, 323, 352, 338
-0.998565, 253, 53, 284, 68
-0.998565, 281, 213, 312, 228
-0.998566, 221, 251, 252, 266
-0.998566, 93, 147, 124, 162
-0.998567, 469, 279, 500, 294
-0.998567, 377, 305, 408, 320
-0.998567, 393, 35, 424, 50
-0.998567, 465, 49, 496, 64
-0.998569, 285, 341, 316, 356
-0.998569, 77, 173, 108, 188
-0.998571, 49, 29, 80, 44
-0.998572, 377, 277, 408, 292
-0.998573, 245, 331, 276, 346
-0.998574, 13, 47, 44, 62
-0.998575, 97, 355, 128, 370
-0.998576, 57, 175, 88, 190
-0.998577, 321, 329, 352, 344
-0.998577, 113, 233, 240, 296
-0.998577, 257, 207, 288, 222
-0.99858, 109, 145, 140, 160
-0.99858, 385, 53, 416, 68
-0.998581, 245, 39, 276, 54
-0.998582, 21, 153, 52, 168
-0.998583, 305, 329, 336, 344
-0.998583, 229, 353, 260, 368
-0.998584, 385, 47, 416, 62
-0.998584, 257, 129, 288, 375
-0.998584, 405, 119, 436, 134
-0.998586, 373, 287, 404, 302
-0.998586, 405, 59, 436, 74
-0.998586, 281, 35, 312, 50
-0.998586, 101, 53, 132, 68
-0.998586, 333, 281, 364, 296
-0.998587, 177, 327, 208, 342
-0.99859, 161, 41, 192, 56
-0.99859, 265, 59, 296, 74
-0.998591, 25, 25, 56, 40
-0.998592, 69, 19, 100, 34
-0.998592, 305, 335, 336, 350
-0.998594, 321, 55, 352, 70
-0.998594, 437, 59, 468, 74
-0.998596, 449, 33, 480, 48
-0.998597, 349, 41, 380, 56
-0.998599, 329, 37, 360, 52
-0.998599, 437, 49, 468, 64
-0.9986, 41, 177, 72, 192
-0.9986, 149, 37, 180, 52
-0.998601, 293, 333, 324, 348
-0.998602, 341, 33, 372, 48
-0.998602, 81, 23, 112, 38
-0.998605, 143, 1, 158, 128
-0.998606, 221, 33, 252, 48
-0.998606, 153, 61, 184, 76
-0.998607, 237, 361, 268, 375
-0.998607, 241, 353, 272, 368
-0.998611, 353, 261, 384, 276
-0.998611, 417, 57, 448, 72
-0.998614, 245, 59, 276, 74
-0.998614, 329, 305, 360, 320
-0.998614, 65, 147, 96, 162
-0.998614, 469, 249, 500, 264
-0.998617, 209, 33, 240, 48
-0.998617, 237, 33, 268, 48
-0.998617, 409, 31, 440, 46
-0.998618, 213, 53, 244, 68
-0.998622, 433, 65, 464, 80
-0.998623, 269, 35, 300, 50
-0.998623, 49, 17, 80, 32
-0.998625, 65, 43, 96, 58
-0.998625, 1, 47, 32, 62
-0.998626, 385, 63, 416, 78
-0.998628, 21, 19, 52, 34
-0.998628, 409, 285, 440, 300
-0.998629, 233, 45, 264, 60
-0.99863, 5, 129, 36, 375
-0.998634, 377, 297, 408, 312
-0.998635, 257, 35, 288, 50
-0.998635, 149, 29, 180, 44
-0.998636, 177, 31, 208, 46
-0.998636, 249, 359, 280, 374
-0.998638, 365, 29, 396, 44
-0.998645, 161, 29, 192, 44
-0.998647, 161, 23, 192, 38
-0.998649, 45, 43, 76, 58
-0.99865, 53, 51, 84, 66
-0.998651, 329, 289, 360, 304
-0.998652, 133, 51, 164, 66
-0.998652, 401, 53, 432, 68
-0.998656, 245, 47, 276, 62
-0.998656, 329, 63, 360, 78
-0.998659, 153, 49, 184, 64
-0.998659, 417, 51, 448, 66
-0.99866, 233, 55, 264, 70
-0.998664, 465, 69, 496, 84
-0.998664, 437, 43, 468, 58
-0.998667, 333, 325, 364, 340
-0.998667, 37, 27, 68, 42
-0.99867, 405, 45, 436, 60
-0.99867, 49, 23, 80, 38
-0.998671, 9, 39, 40, 54
-0.998674, 417, 43, 448, 58
-0.998674, 145, 55, 176, 70
-0.998676, 161, 35, 192, 50
-0.998682, 29, 47, 60, 62
-0.998684, 469, 43, 500, 58
-0.998693, 69, 25, 100, 40
-0.998694, 385, 41, 416, 56
-0.998699, 29, 41, 60, 56
-0.998702, 149, 43, 180, 58
-0.998703, 405, 129, 436, 375
-0.998706, 37, 19, 68, 34
-0.998711, 17, 129, 48, 375
-0.998711, 329, 49, 360, 64
-0.998714, 217, 245, 248, 260
-0.998715, 133, 45, 164, 60
-0.998715, 337, 129, 368, 375
-0.998733, 293, 1, 324, 256
-0.998734, 405, 33, 420, 160
-0.998742, 459, 1, 474, 128
-0.998743, 429, 33, 444, 160
-0.998745, 169, 1, 184, 128
-0.998757, 481, 1, 496, 128
-0.998766, 235, 33, 250, 160
-0.998771, 483, 49, 498, 176
-0.998776, 197, 33, 212, 160
-0.998787, 183, 33, 198, 160
-0.998794, 339, 1, 354, 128
-0.998796, 155, 1, 170, 128
-0.998797, 27, 1, 42, 128
-0.998797, 291, 33, 306, 160
-0.998797, 323, 33, 338, 160
-0.998798, 307, 33, 322, 160
-0.998808, 205, 1, 220, 128
-0.998814, 191, 33, 206, 160
-0.998814, 377, 33, 392, 160
-0.998822, 161, 33, 176, 160
-0.998826, 297, 33, 312, 160
-0.998829, 213, 1, 228, 128
-0.998831, 243, 1, 258, 128
-0.998835, 439, 1, 454, 128
-0.998836, 135, 1, 150, 128
-0.998838, 275, 33, 290, 160
-0.998843, 127, 1, 142, 128
-0.998844, 269, 33, 284, 160
-0.99885, 449, 49, 464, 176
-0.998858, 397, 1, 412, 128
-0.998866, 471, 1, 486, 128
-0.998867, 329, 33, 344, 160
-0.99887, 77, 129, 108, 375
-0.998873, 313, 33, 328, 160
-0.998874, 283, 33, 298, 160
-0.998886, 355, 241, 370, 368
-0.998891, 225, 17, 240, 144
-0.998901, 469, 49, 484, 176
-0.998902, 249, 33, 264, 160
-0.998902, 417, 1, 432, 128
-0.998906, 53, 1, 68, 128
-0.99891, 411, 49, 426, 176
-0.998918, 61, 1, 76, 128
-0.998919, 33, 129, 48, 256
-0.998925, 177, 1, 192, 128
-0.998953, 351, 1, 366, 128
-0.998958, 385, 1, 400, 128
-0.998962, 225, 65, 240, 192
-0.998965, 345, 17, 360, 144
-0.998966, 219, 1, 234, 128
-0.99897, 81, 1, 96, 128
-0.998982, 197, 97, 228, 352
-0.998985, 463, 49, 478, 176
-0.998995, 3, 145, 18, 272
-0.998997, 257, 169, 500, 232
-0.998998, 335, 49, 350, 176
-0.998998, 387, 49, 402, 176
-0.999001, 39, 129, 54, 256
-0.999004, 455, 65, 470, 192
-0.999014, 369, 241, 384, 368
-0.99902, 87, 1, 102, 128
-0.999022, 447, 1, 462, 128
-0.999022, 411, 1, 426, 128
-0.999026, 87, 129, 102, 256
-0.999026, 25, 129, 40, 256
-0.999034, 371, 1, 386, 128
-0.999036, 67, 1, 82, 128
-0.999036, 53, 129, 68, 256
-0.999038, 423, 1, 438, 128
-0.999044, 341, 65, 356, 192
-0.999044, 93, 33, 108, 160
-0.999046, 423, 49, 438, 176
-0.999049, 215, 49, 230, 176
-0.99905, 477, 49, 492, 176
-0.999053, 233, 113, 248, 240
-0.999057, 465, 1, 480, 128
-0.999058, 149, 1, 164, 128
-0.999059, 121, 1, 136, 128
-0.999068, 149, 65, 164, 192
-0.999072, 367, 49, 382, 176
-0.999074, 225, 97, 256, 352
-0.999074, 435, 49, 450, 176
-0.999076, 399, 49, 414, 176
-0.999076, 275, 113, 290, 240
-0.999077, 263, 65, 278, 192
-0.999081, 45, 129, 60, 256
-0.999081, 37, 97, 68, 352
-0.999081, 59, 129, 74, 256
-0.999087, 185, 97, 216, 352
-0.999089, 115, 1, 130, 128
-0.999098, 405, 241, 420, 368
-0.9991, 309, 129, 340, 375
-0.999102, 109, 1, 124, 128
-0.999102, 37, 1, 52, 128
-0.999108, 93, 129, 108, 256
-0.999112, 347, 65, 362, 192
-0.999112, 365, 1, 380, 128
-0.999114, 155, 81, 170, 208
-0.999115, 43, 1, 58, 128
-0.999119, 81, 129, 96, 256
-0.99912, 379, 241, 394, 368
-0.999122, 453, 1, 468, 128
-0.999128, 241, 65, 256, 192
-0.999131, 391, 1, 406, 128
-0.999135, 255, 65, 270, 192
-0.999138, 281, 113, 296, 240
-0.999141, 405, 81, 420, 208
-0.999145, 99, 33, 114, 160
-0.999147, 435, 225, 450, 352
-0.999148, 113, 97, 144, 352
-0.999151, 209, 65, 224, 192
-0.999154, 137, 49, 152, 176
-0.999156, 417, 241, 432, 368
-0.999164, 239, 113, 254, 240
-0.999166, 269, 97, 284, 224
-0.999171, 417, 49, 432, 176
-0.999174, 257, 1, 272, 128
-0.999175, 427, 241, 442, 368
-0.999175, 21, 1, 36, 128
-0.999178, 65, 129, 80, 256
-0.999179, 357, 1, 372, 128
-0.999183, 441, 225, 456, 352
-0.999185, 9, 129, 24, 256
-0.999186, 263, 1, 278, 128
-0.999189, 83, 49, 98, 176
-0.999191, 227, 113, 242, 240
-0.999191, 15, 129, 30, 256
-0.999195, 393, 65, 408, 192
-0.999198, 145, 113, 160, 240
-0.999198, 343, 241, 358, 368
-0.999204, 139, 129, 154, 256
-0.999205, 99, 113, 114, 240
-0.999206, 73, 33, 88, 160
-0.999213, 265, 209, 280, 336
-0.999221, 133, 129, 148, 256
-0.999223, 221, 113, 236, 240
-0.999223, 355, 65, 370, 192
-0.999233, 203, 49, 218, 176
-0.999255, 209, 129, 240, 375
-0.999275, 93, 97, 124, 352
-0.999277, 65, 97, 96, 352
-0.999325, 49, 129, 80, 375
-0.99938, 321, 129, 352, 375
-0.999478, 1, 193, 500, 256
-0.999598, 417, 97, 448, 352
-0.999698, 125, 97, 156, 352
-0.999767, 461, 97, 492, 352
-0.99984, 17, 305, 144, 368
-0.999877, 429, 97, 460, 352
-0.999882, 175, 57, 190, 72
-0.999886, 309, 61, 324, 76
-0.999888, 327, 39, 342, 54
-0.999895, 227, 41, 242, 56
-0.999896, 191, 33, 206, 48
-0.999898, 325, 63, 340, 78
-0.999902, 279, 35, 294, 50
-0.999908, 257, 357, 272, 372
-0.99991, 415, 283, 430, 298
-0.999911, 219, 53, 234, 68
-0.999911, 187, 45, 202, 60
-0.999914, 259, 207, 274, 222
-0.999916, 195, 51, 210, 66
-0.999919, 401, 287, 416, 302
-0.999929, 29, 51, 44, 66
-0.999931, 301, 51, 316, 66
-0.999932, 331, 45, 346, 60
-0.999935, 145, 55, 160, 70
-0.999936, 221, 43, 236, 58
-0.999937, 27, 15, 42, 30
-0.99994, 471, 45, 486, 60
-0.99994, 79, 53, 94, 68
-0.99995, 409, 285, 424, 300
-0.999957, 21, 43, 36, 58
-0.999961, 171, 23, 186, 38
-0.999964, 137, 53, 152, 68
-0.999967, 277, 41, 292, 56
-0.999976, 103, 45, 118, 60
-0.999976, 187, 51, 202, 66
-0.999977, 59, 51, 74, 66
-0.999979, 15, 39, 30, 54
-0.99998, 389, 41, 404, 56
-0.999983, 277, 207, 292, 222
-0.999985, 205, 53, 220, 68
-0.999985, 311, 37, 326, 52
-0.999994, 161, 51, 176, 66
-0.999994, 317, 35, 332, 50
-0.999995, 321, 51, 336, 66
-0.999996, 45, 51, 60, 66
-0.999996, 247, 33, 262, 48
-0.999996, 295, 37, 310, 52
-0.999998, 287, 61, 302, 76
-1.00001, 341, 61, 356, 76
-1.00001, 1, 39, 16, 54
-1.00001, 309, 55, 324, 70
-1.00002, 123, 51, 138, 66
-1.00002, 341, 39, 356, 54
-1.00002, 197, 57, 212, 72
-1.00003, 315, 61, 330, 76
-1.00003, 7, 43, 22, 58
-1.00003, 367, 29, 382, 44
-1.00003, 51, 43, 66, 58
-1.00004, 63, 19, 78, 34
-1.00004, 227, 47, 242, 62
-1.00004, 53, 25, 68, 40
-1.00005, 131, 51, 146, 66
-1.00005, 165, 29, 180, 44
-1.00005, 181, 43, 196, 58
-1.00005, 123, 45, 138, 60
-1.00006, 293, 59, 308, 74
-1.00006, 345, 301, 360, 316
-1.00006, 145, 49, 160, 64
-1.00007, 311, 43, 326, 58
-1.00007, 441, 97, 472, 352
-1.00008, 7, 49, 22, 64
-1.00008, 243, 49, 258, 64
-1.00008, 43, 17, 58, 32
-1.00008, 43, 41, 58, 56
-1.00008, 73, 27, 88, 42
-1.00008, 81, 23, 96, 38
-1.00009, 187, 57, 202, 72
-1.00009, 217, 37, 232, 52
-1.00009, 87, 45, 102, 60
-1.0001, 1, 47, 16, 62
-1.0001, 333, 51, 348, 66
-1.00011, 51, 49, 66, 64
-1.00011, 153, 55, 168, 70
-1.00012, 303, 61, 318, 76
-1.00012, 137, 97, 168, 352
-1.00012, 163, 41, 178, 56
-1.00013, 135, 45, 150, 60
-1.00013, 113, 45, 128, 60
-1.00013, 237, 33, 252, 48
-1.00013, 13, 51, 28, 66
-1.00013, 29, 45, 44, 60
-1.00014, 63, 25, 78, 40
-1.00014, 281, 55, 296, 70
-1.00014, 325, 57, 340, 72
-1.00014, 285, 35, 300, 50
-1.00014, 97, 47, 112, 62
-1.00015, 35, 47, 50, 62
-1.00015, 97, 53, 112, 68
-1.00015, 243, 55, 258, 70
-1.00015, 245, 39, 260, 54
-1.00015, 197, 33, 212, 48
-1.00016, 303, 37, 318, 52
-1.00016, 89, 25, 104, 40
-1.00017, 185, 31, 200, 46
-1.00017, 341, 45, 356, 60
-1.00018, 73, 43, 88, 58
-1.00018, 53, 19, 68, 34
-1.00019, 239, 41, 254, 56
-1.00019, 335, 37, 350, 52
-1.00019, 29, 27, 44, 42
-1.00019, 13, 45, 28, 60
-1.0002, 37, 25, 52, 40
-1.0002, 215, 47, 230, 62
-1.00021, 211, 57, 226, 72
-1.00021, 59, 43, 74, 58
-1.00022, 211, 33, 226, 48
-1.00022, 271, 43, 286, 58
-1.00023, 25, 21, 40, 36
-1.00023, 237, 49, 252, 64
-1.00023, 221, 245, 236, 260
-1.00024, 171, 35, 186, 50
-1.00024, 271, 49, 286, 64
-1.00024, 223, 33, 238, 48
-1.00025, 177, 51, 192, 66
-1.00027, 237, 55, 252, 70
-1.00027, 23, 49, 38, 64
-1.00028, 277, 47, 292, 62
-1.00029, 393, 145, 456, 272
-1.00029, 225, 53, 240, 68
-1.00029, 269, 59, 284, 74
-1.00029, 275, 57, 290, 72
-1.00031, 271, 35, 286, 50
-1.00031, 231, 245, 246, 260
-1.00031, 233, 43, 248, 58
-1.00035, 31, 21, 46, 36
-1.00036, 417, 43, 432, 58
-1.00039, 169, 45, 184, 60
-1.00041, 43, 23, 58, 38
-1.00041, 37, 19, 52, 34
-1.00049, 173, 129, 204, 375
-1.00051, 65, 289, 192, 352
-1.00071, 153, 129, 184, 375
-1.00103, 289, 169, 416, 232
-1.00132, 49, 217, 176, 280
-1.00188, 129, 257, 256, 320
-1.0027, 65, 97, 192, 160
-1.00321, 129, 177, 192, 304
-1.0034, 145, 225, 208, 352
-1.00344, 337, 169, 464, 232
-1.00379, 17, 257, 144, 320
-1.0038, 65, 265, 192, 328
-1.00399, 65, 241, 192, 304
-1.00437, 1, 97, 128, 160
-1.00468, 1, 233, 128, 296
-1.00509, 65, 241, 192, 368
-1.00578, 17, 281, 144, 344
-1.00775, 105, 241, 168, 368
-1.00879, 81, 225, 144, 352
-1.00936, 1, 225, 128, 352
-1.01162, 49, 241, 112, 368
-1.0127, 25, 225, 88, 352
-1.01273, 1, 225, 64, 352
