1988
-0.725865, 1, 97, 375, 352
-0.738468, 97, 1, 352, 500
-0.762097, 1, 1, 256, 500
-0.768993, 1, 1, 375, 500
-0.787064, 1, 193, 375, 448
-0.809308, 1, 161, 256, 416
-0.814312, 97, 129, 352, 384
-0.867902, 1, 1, 375, 256
-0.878716, 97, 33, 352, 288
-0.879502, 1, 257, 256, 500
-0.883793, 1, 65, 256, 320
-0.887837, 97, 225, 352, 480
-0.904022, 65, 1, 192, 500
-0.90449, 81, 161, 208, 416
-0.914572, 113, 1, 240, 500
-0.920414, 65, 65, 192, 320
-0.926193, 17, 1, 144, 500
-0.926494, 81, 257, 208, 500
-0.931816, 17, 97, 144, 352
-0.932749, 113, 33, 240, 288
-0.933065, 129, 129, 256, 384
-0.937745, 1, 369, 375, 496
-0.937814, 161, 1, 288, 500
-0.941762, 33, 193, 160, 448
-0.942821, 129, 257, 256, 500
-0.943688, 225, 1, 352, 500
-0.952349, 1, 289, 375, 416
-0.954631, 1, 81, 375, 208
-0.957028, 1, 129, 375, 256
-0.959109, 17, 1, 144, 256
-0.959632, 1, 177, 375, 304
-0.960033, 1, 369, 256, 496
-0.960947, 1, 161, 256, 288
-0.96116, 1, 225, 375, 352
-0.961475, 81, 161, 208, 288
-0.962834, 161, 33, 288, 288
-0.963781, 97, 145, 352, 272
-0.964755, 305, 433, 368, 496
-0.965364, 177, 129, 304, 384
-0.965586, 137, 289, 200, 416
-0.966376, 129, 161, 192, 288
-0.966452, 105, 129, 168, 256
-0.967071, 177, 257, 304, 500
-0.968559, 153, 369, 216, 496
-0.969707, 105, 369, 168, 496
-0.969757, 113, 273, 176, 400
-0.971133, 89, 177, 152, 304
-0.971484, 241, 161, 368, 416
-0.971744, 105, 153, 168, 216
-0.971926, 241, 257, 368, 500
-0.971927, 241, 65, 368, 320
-0.972521, 281, 433, 344, 496
-0.973089, 113, 81, 176, 208
-0.973318, 113, 129, 176, 192
-0.974094, 113, 377, 176, 440
-0.974127, 65, 113, 192, 240
-0.974323, 17, 369, 144, 496
-0.974737, 121, 417, 184, 480
-0.975192, 81, 97, 144, 224
-0.975594, 113, 73, 176, 136
-0.976124, 129, 153, 192, 216
-0.976193, 81, 369, 208, 496
-0.976198, 113, 297, 176, 360
-0.976244, 185, 425, 248, 488
-0.976259, 129, 225, 192, 288
-0.97649, 313, 433, 344, 496
-0.977062, 113, 33, 176, 160
-0.977093, 1, 33, 375, 160
-0.977184, 137, 297, 200, 360
-0.977196, 145, 361, 208, 424
-0.977396, 145, 417, 208, 480
-0.977555, 105, 273, 168, 336
-0.977723, 97, 305, 224, 432
-0.977831, 145, 241, 208, 368
-0.977946, 1, 433, 64, 496
-0.977975, 145, 273, 208, 336
-0.978159, 65, 65, 192, 192
-0.978435, 153, 385, 216, 448
-0.978446, 97, 425, 160, 488
-0.978997, 97, 153, 224, 216
-0.979037, 113, 105, 176, 168
-0.979099, 105, 193, 168, 256
-0.9794, 81, 121, 144, 184
-0.979655, 105, 225, 168, 352
-0.979749, 129, 201, 192, 264
-0.980218, 105, 161, 136, 224
-0.98028, 145, 249, 208, 312
-0.980332, 73, 161, 136, 224
-0.980357, 73, 433, 136, 496
-0.980413, 145, 305, 272, 432
-0.98049, 313, 409, 375, 472
-0.980501, 149, 145, 180, 272
-0.98056, 137, 113, 168, 240
-0.980593, 1, 209, 256, 336
-0.98071, 141, 121, 172, 184
-0.980797, 325, 433, 356, 496
-0.980799, 25, 433, 88, 496
-0.980957, 137, 121, 200, 184
-0.980992, 129, 177, 192, 240
-0.981301, 73, 81, 136, 144
-0.981327, 97, 193, 352, 320
-0.981486, 105, 225, 168, 288
-0.981497, 153, 161, 216, 224
-0.981734, 113, 113, 240, 240
-0.981829, 129, 353, 192, 480
-0.981883, 81, 193, 144, 256
-0.981914, 73, 305, 136, 368
-0.982153, 137, 81, 200, 208
-0.982163, 113, 321, 176, 384
-0.982167, 257, 425, 320, 488
-0.982362, 129, 97, 375, 224
-0.982371, 117, 145, 148, 272
-0.982428, 113, 49, 176, 112
-0.982487, 117, 153, 148, 216
-0.982596, 153, 225, 216, 288
-0.98296, 97, 401, 160, 464
-0.982968, 145, 337, 208, 400
-0.982979, 153, 401, 184, 464
-0.983014, 105, 161, 168, 416
-0.983145, 129, 369, 256, 496
-0.983163, 233, 433, 296, 496
-0.983256, 209, 433, 272, 496
-0.983262, 129, 129, 192, 384
-0.983352, 137, 81, 200, 144
-0.983412, 105, 249, 168, 312
-0.983415, 129, 369, 375, 496
-0.983804, 97, 353, 160, 416
-0.983805, 1, 113, 256, 240
-0.984183, 153, 193, 184, 320
-0.984248, 1, 409, 64, 472
-0.984271, 65, 161, 128, 288
-0.984369, 129, 353, 160, 480
-0.984381, 137, 257, 200, 500
-0.984403, 17, 129, 144, 256
-0.984651, 161, 137, 224, 200
-0.984713, 177, 401, 240, 464
-0.984927, 49, 433, 112, 496
-0.985005, 173, 369, 204, 496
-0.985016, 89, 377, 152, 440
-0.98511, 149, 169, 180, 232
-0.985151, 49, 161, 112, 224
-0.985201, 105, 145, 136, 272
-0.985202, 137, 145, 168, 208
-0.985224, 81, 257, 208, 384
-0.985245, 241, 433, 368, 496
-0.985314, 17, 81, 144, 208
-0.985334, 185, 369, 248, 432
-0.985399, 129, 161, 256, 288
-0.985403, 157, 241, 188, 304
-0.985627, 105, 65, 168, 320
-0.985667, 301, 433, 332, 496
-0.985672, 121, 353, 184, 416
-0.985688, 81, 249, 144, 312
-0.985692, 81, 289, 208, 352
-0.985778, 97, 321, 352, 448
-0.985842, 81, 193, 144, 448
-0.985859, 345, 433, 375, 496
-0.985861, 161, 313, 224, 376
-0.985954, 281, 409, 344, 472
-0.98611, 169, 201, 232, 264
-0.986157, 121, 129, 152, 192
-0.986162, 25, 409, 88, 472
-0.986316, 13, 433, 44, 496
-0.986371, 73, 409, 136, 472
-0.986421, 113, 257, 176, 500
-0.986429, 49, 153, 176, 216
-0.986531, 81, 217, 144, 280
-0.986579, 177, 345, 240, 408
-0.986731, 1, 417, 128, 480
-0.986737, 153, 49, 216, 112
-0.986743, 161, 89, 224, 152
-0.986753, 89, 57, 152, 120
-0.986843, 113, 417, 240, 480
-0.986889, 1, 257, 256, 384
-0.986898, 57, 185, 120, 248
-0.986986, 73, 345, 136, 408
-0.987016, 89, 305, 152, 432
-0.987025, 177, 289, 240, 352
-0.987076, 109, 425, 140, 488
-0.987119, 97, 241, 352, 368
-0.987231, 125, 361, 156, 424
-0.987361, 81, 97, 144, 352
-0.987385, 177, 369, 240, 496
-0.987411, 81, 281, 144, 344
-0.987425, 81, 177, 208, 240
-0.987436, 121, 433, 152, 496
-0.987612, 177, 241, 240, 304
-0.987629, 153, 425, 184, 488
-0.98766, 209, 409, 272, 472
-0.987797, 81, 209, 208, 336
-0.987843, 113, 25, 176, 88
-0.987942, 57, 137, 120, 200
-0.987977, 113, 1, 176, 500
-0.988168, 161, 113, 224, 176
-0.988177, 153, 201, 184, 264
-0.988369, 29, 417, 60, 480
-0.988395, 177, 265, 240, 328
-0.988404, 89, 177, 120, 304
-0.98858, 57, 281, 120, 344
-0.9886, 65, 49, 320, 176
-0.988686, 1, 433, 32, 496
-0.988691, 81, 377, 208, 440
-0.988707, 169, 321, 200, 448
-0.98871, 49, 409, 112, 472
-0.988716, 133, 385, 164, 448
-0.988755, 153, 145, 216, 272
-0.988777, 121, 97, 152, 224
-0.988779, 137, 25, 200, 88
-0.988779, 65, 377, 128, 440
-0.988839, 57, 257, 120, 320
-0.988874, 153, 113, 184, 176
-0.988895, 313, 445, 375, 476
-0.988896, 57, 81, 120, 208
-0.988944, 153, 161, 216, 416
-0.988962, 89, 49, 152, 176
-0.989256, 137, 1, 200, 500
-0.989315, 137, 25, 168, 88
-0.989358, 185, 313, 248, 376
-0.989419, 129, 33, 192, 288
-0.989476, 149, 145, 180, 208
-0.989495, 41, 105, 104, 168
-0.989659, 41, 65, 104, 128
-0.989706, 49, 305, 112, 368
-0.989732, 65, 425, 192, 488
-0.989754, 193, 417, 224, 480
-0.989882, 65, 209, 128, 336
-0.990061, 141, 257, 172, 384
-0.990088, 145, 377, 176, 440
-0.990125, 289, 445, 352, 476
-0.990132, 41, 233, 104, 296
-0.990165, 33, 369, 96, 496
-0.990169, 145, 369, 176, 496
-0.990219, 93, 169, 124, 232
-0.990225, 141, 89, 172, 152
-0.990256, 33, 129, 96, 192
-0.990367, 177, 401, 208, 464
-0.990383, 149, 97, 180, 224
-0.990388, 101, 97, 132, 224
-0.990455, 233, 409, 296, 472
-0.990478, 145, 1, 208, 64
-0.990606, 105, 157, 168, 188
-0.990613, 133, 161, 164, 288
-0.99069, 141, 65, 172, 128
-0.990754, 177, 257, 240, 500
-0.990756, 89, 33, 152, 96
-0.990848, 225, 433, 256, 496
-0.99086, 49, 129, 176, 192
-0.990895, 157, 241, 188, 368
-0.990929, 129, 161, 192, 192
-0.990953, 145, 305, 272, 368
-0.990985, 113, 293, 176, 324
-0.991023, 105, 401, 136, 464
-0.991031, 97, 469, 160, 500
-0.991051, 1, 445, 64, 476
-0.991073, 105, 193, 136, 320
-0.99109, 65, 313, 192, 376
-0.991092, 101, 97, 132, 160
-0.991095, 49, 105, 176, 168
-0.991097, 193, 433, 320, 496
-0.991116, 89, 9, 152, 72
-0.991155, 33, 273, 96, 336
-0.991217, 161, 257, 288, 384
-0.991254, 133, 409, 164, 472
-0.991285, 105, 169, 168, 200
-0.99129, 57, 209, 120, 272
-0.991326, 141, 289, 172, 352
-0.99139, 89, 1, 152, 500
-0.991401, 113, 305, 176, 336
-0.991441, 33, 177, 160, 304
-0.991471, 137, 469, 200, 500
-0.991474, 133, 209, 164, 336
-0.991479, 153, 305, 184, 432
-0.991481, 117, 177, 148, 240
-0.991543, 137, 381, 200, 412
-0.991561, 113, 457, 176, 488
-0.991569, 305, 433, 368, 464
-0.991626, 185, 437, 248, 468
-0.991652, 65, 81, 192, 144
-0.991701, 105, 381, 168, 412
-0.991704, 97, 425, 128, 488
-0.991754, 85, 81, 116, 144
-0.99179, 265, 449, 328, 480
-0.991791, 33, 393, 160, 456
-0.9918, 49, 353, 112, 416
-0.991819, 57, 65, 120, 320
-0.99182, 173, 377, 204, 440
-0.991846, 137, 201, 168, 264
-0.991854, 177, 289, 240, 416
-0.991907, 1, 425, 64, 456
-0.991924, 81, 369, 144, 496
-0.991927, 93, 193, 124, 256
-0.991993, 49, 329, 112, 392
-0.991999, 137, 289, 200, 320
-0.992014, 113, 1, 176, 64
-0.992015, 105, 197, 168, 228
-0.992023, 289, 457, 352, 488
-0.99208, 113, 33, 240, 160
-0.99208, 153, 393, 216, 424
-0.992099, 41, 385, 104, 448
-0.992122, 305, 445, 336, 476
-0.992137, 137, 301, 200, 332
-0.99217, 25, 449, 88, 480
-0.992242, 65, 57, 128, 120
-0.992252, 257, 401, 320, 464
-0.992263, 201, 345, 264, 408
-0.99227, 137, 457, 200, 488
-0.992277, 121, 421, 184, 452
-0.992298, 113, 101, 176, 132
-0.992311, 169, 449, 232, 480
-0.992324, 137, 237, 200, 268
-0.992343, 113, 133, 176, 164
-0.992345, 81, 173, 144, 204
-0.992356, 113, 145, 176, 176
-0.992358, 161, 425, 224, 456
-0.992367, 129, 437, 192, 468
-0.992369, 65, 33, 128, 96
-0.992385, 97, 77, 160, 108
-0.992416, 113, 377, 144, 440
-0.992433, 1, 385, 64, 448
-0.992441, 121, 85, 184, 116
-0.992458, 145, 369, 208, 400
-0.992461, 73, 465, 136, 496
-0.992477, 121, 409, 184, 440
-0.992478, 81, 201, 144, 232
-0.992487, 185, 129, 248, 192
-0.992512, 165, 305, 196, 368
-0.992519, 129, 173, 192, 204
-0.992534, 145, 405, 208, 436
-0.992551, 145, 277, 208, 308
-0.992561, 153, 165, 216, 196
-0.992578, 113, 281, 176, 312
-0.992613, 81, 201, 208, 264
-0.992628, 41, 417, 72, 480
-0.992629, 113, 117, 176, 148
-0.992643, 153, 353, 184, 416
-0.992646, 109, 305, 140, 432
-0.992683, 317, 441, 348, 472
-0.992705, 185, 369, 216, 496
-0.992713, 97, 445, 160, 476
-0.992748, 105, 393, 168, 424
-0.992764, 49, 449, 112, 480
-0.992774, 81, 161, 144, 192
-0.992775, 81, 121, 144, 152
-0.992803, 41, 41, 104, 104
-0.99282, 113, 353, 240, 416
-0.992839, 25, 437, 88, 468
-0.992847, 145, 313, 208, 344
-0.992852, 145, 225, 208, 256
-0.992855, 97, 433, 352, 496
-0.992873, 105, 225, 168, 256
-0.992877, 201, 449, 264, 480
-0.992902, 201, 1, 264, 64
-0.992902, 225, 1, 288, 64
-0.992905, 341, 445, 372, 476
-0.992921, 185, 105, 248, 168
-0.992923, 105, 169, 136, 200
-0.992927, 113, 129, 240, 192
-0.99295, 25, 313, 88, 376
-0.992952, 125, 373, 156, 404
-0.992954, 1, 457, 64, 488
-0.992981, 1, 369, 64, 496
-0.992984, 133, 433, 164, 496
-0.993008, 185, 161, 248, 224
-0.993008, 209, 313, 272, 376
-0.993017, 137, 149, 200, 180
-0.993035, 33, 209, 96, 272
-0.993037, 193, 217, 256, 280
-0.993038, 177, 469, 240, 500
-0.993044, 93, 369, 124, 496
-0.993056, 305, 369, 368, 432
-0.99306, 209, 417, 240, 480
-0.993066, 177, 49, 240, 112
-0.993066, 209, 193, 272, 256
-0.993066, 241, 289, 304, 352
-0.993066, 233, 313, 296, 376
-0.993069, 113, 65, 176, 96
-0.993072, 161, 437, 224, 468
-0.993075, 225, 377, 288, 440
-0.993082, 89, 185, 152, 216
-0.993093, 113, 321, 176, 352
-0.993106, 113, 157, 144, 188
-0.993118, 97, 369, 160, 400
-0.993129, 141, 129, 172, 160
-0.99313, 313, 409, 344, 472
-0.993132, 153, 65, 216, 320
-0.993157, 293, 445, 324, 476
-0.993161, 233, 469, 296, 500
-0.993165, 125, 165, 156, 196
-0.993172, 169, 17, 232, 80
-0.993172, 185, 73, 248, 136
-0.993172, 9, 353, 72, 416
-0.993172, 273, 361, 336, 424
-0.993175, 313, 457, 375, 488
-0.99318, 17, 445, 48, 476
-0.99319, 145, 253, 208, 284
-0.993194, 81, 89, 144, 120
-0.993201, 209, 169, 272, 232
-0.993201, 201, 265, 264, 328
-0.993201, 241, 265, 304, 328
-0.993201, 201, 289, 264, 352
-0.993201, 249, 369, 312, 432
-0.993204, 81, 225, 208, 288
-0.993212, 137, 49, 168, 176
-0.993217, 105, 185, 136, 248
-0.99323, 225, 337, 288, 400
-0.99323, 289, 337, 352, 400
-0.99323, 249, 345, 312, 408
-0.99323, 313, 345, 375, 408
-0.993231, 21, 433, 52, 464
-0.993231, 73, 309, 136, 340
-0.993232, 329, 441, 360, 472
-0.993249, 185, 417, 248, 448
-0.993256, 145, 121, 208, 152
-0.993258, 121, 457, 152, 488
-0.993267, 113, 237, 176, 268
-0.993287, 129, 201, 192, 232
-0.993293, 177, 385, 240, 416
-0.993298, 145, 85, 208, 116
-0.993302, 161, 89, 192, 152
-0.993332, 5, 445, 36, 476
-0.993342, 209, 465, 272, 496
-0.993345, 57, 193, 120, 448
-0.993348, 73, 453, 136, 484
-0.993353, 161, 273, 192, 336
-0.993357, 1, 417, 256, 480
-0.993361, 65, 189, 128, 220
-0.993361, 105, 249, 168, 280
-0.993363, 21, 421, 52, 452
-0.993363, 117, 369, 148, 496
-0.993371, 157, 241, 188, 272
-0.993377, 129, 265, 192, 296
-0.993379, 133, 385, 164, 416
-0.993386, 81, 101, 144, 132
-0.993393, 117, 469, 148, 500
-0.993398, 225, 453, 288, 484
-0.993437, 281, 433, 344, 464
-0.993482, 89, 289, 152, 320
-0.993489, 141, 157, 172, 188
-0.993491, 73, 145, 136, 176
-0.9935, 317, 453, 348, 484
-0.993501, 81, 229, 144, 260
-0.993511, 137, 185, 200, 216
-0.993522, 113, 33, 176, 64
-0.993528, 145, 405, 176, 436
-0.993542, 25, 421, 88, 452
-0.993545, 65, 1, 128, 500
-0.993545, 17, 409, 48, 472
-0.993552, 105, 137, 136, 200
-0.993554, 9, 433, 40, 464
-0.993557, 101, 469, 132, 500
-0.993561, 97, 409, 160, 440
-0.993568, 137, 29, 168, 60
-0.993593, 57, 177, 120, 208
-0.993602, 145, 417, 176, 448
-0.993607, 145, 325, 208, 356
-0.993618, 93, 169, 124, 200
-0.99362, 105, 433, 168, 464
-0.993622, 137, 469, 168, 500
-0.99363, 113, 333, 176, 364
-0.993635, 113, 185, 176, 216
-0.993649, 145, 341, 208, 372
-0.993665, 33, 445, 64, 476
-0.993693, 153, 165, 184, 196
-0.993693, 265, 461, 328, 492
-0.993695, 25, 461, 88, 492
-0.993725, 105, 265, 168, 296
-0.993726, 305, 457, 336, 488
-0.993729, 177, 373, 240, 404
-0.993759, 137, 137, 200, 168
-0.993765, 153, 33, 216, 160
-0.993766, 93, 197, 124, 228
-0.993766, 73, 77, 136, 108
-0.993769, 105, 209, 168, 240
-0.993769, 73, 437, 136, 468
-0.99378, 1, 469, 64, 500
-0.993791, 97, 421, 160, 452
-0.993797, 157, 229, 188, 260
-0.993808, 33, 433, 64, 464
-0.993811, 153, 429, 184, 460
-0.993817, 145, 357, 208, 388
-0.993836, 101, 453, 132, 484
-0.993845, 169, 273, 200, 400
-0.993862, 153, 109, 216, 140
-0.993874, 145, 97, 208, 128
-0.993875, 257, 437, 320, 468
-0.993875, 105, 369, 136, 496
-0.99389, 133, 285, 164, 316
-0.993901, 49, 305, 176, 432
-0.993912, 133, 201, 164, 232
-0.993916, 161, 137, 192, 200
-0.99392, 81, 213, 144, 244
-0.993933, 141, 93, 172, 124
-0.993937, 137, 145, 168, 176
-0.993942, 121, 369, 184, 400
-0.993949, 225, 441, 288, 472
-0.993958, 209, 409, 336, 472
-0.993959, 121, 285, 152, 316
-0.993967, 161, 153, 224, 184
-0.993983, 73, 133, 136, 164
-0.993984, 173, 425, 204, 488
-0.993984, 81, 381, 144, 412
-0.994001, 305, 433, 336, 464
-0.994018, 153, 185, 184, 216
-0.994036, 153, 121, 184, 152
-0.994064, 105, 181, 136, 212
-0.994065, 153, 197, 184, 228
-0.994076, 169, 221, 232, 252
-0.994079, 113, 377, 144, 408
-0.994084, 1, 457, 32, 488
-0.994084, 113, 53, 176, 84
-0.994087, 149, 321, 180, 384
-0.9941, 81, 253, 144, 284
-0.9941, 49, 437, 112, 468
-0.994114, 137, 373, 168, 404
-0.994125, 153, 153, 184, 184
-0.994139, 121, 345, 184, 376
-0.99414, 121, 141, 152, 172
-0.994155, 141, 457, 172, 488
-0.994158, 153, 73, 216, 104
-0.994159, 145, 213, 208, 244
-0.99416, 57, 161, 120, 192
-0.994167, 89, 277, 152, 308
-0.994172, 57, 93, 120, 124
-0.994174, 145, 393, 176, 424
-0.994177, 225, 449, 256, 480
-0.994179, 161, 237, 224, 268
-0.994186, 85, 181, 116, 212
-0.994189, 157, 253, 188, 284
-0.994193, 137, 29, 200, 60
-0.994201, 81, 393, 144, 424
-0.994203, 45, 445, 76, 476
-0.994204, 149, 141, 180, 172
-0.994205, 137, 237, 168, 268
-0.994211, 293, 457, 324, 488
-0.994217, 153, 265, 216, 296
-0.99422, 85, 297, 116, 360
-0.994222, 81, 241, 144, 272
-0.994228, 209, 449, 240, 480
-0.99425, 125, 105, 156, 168
-0.994251, 125, 445, 156, 476
-0.994255, 81, 1, 144, 256
-0.99426, 137, 169, 168, 200
-0.994263, 113, 97, 144, 128
-0.994271, 125, 177, 156, 208
-0.994288, 105, 393, 136, 424
-0.994295, 177, 161, 240, 416
-0.994299, 105, 413, 136, 444
-0.994324, 85, 85, 116, 116
-0.99433, 209, 469, 240, 500
-0.994338, 169, 341, 200, 372
-0.994344, 177, 393, 208, 424
-0.994352, 193, 437, 224, 468
-0.994362, 149, 25, 180, 56
-0.994364, 121, 129, 152, 160
-0.994368, 13, 457, 44, 488
-0.994375, 217, 437, 248, 468
-0.994375, 25, 457, 56, 488
-0.994385, 137, 117, 168, 148
-0.994389, 105, 193, 136, 224
-0.994393, 245, 461, 276, 492
-0.994398, 137, 81, 168, 112
-0.994402, 101, 101, 132, 132
-0.99441, 197, 449, 228, 480
-0.99441, 289, 433, 320, 496
-0.994413, 133, 417, 164, 448
-0.994418, 125, 153, 156, 184
-0.994418, 153, 209, 184, 240
-0.994423, 121, 197, 152, 228
-0.994427, 137, 297, 168, 328
-0.994432, 281, 449, 312, 480
-0.994434, 81, 177, 112, 240
-0.994438, 137, 57, 168, 88
-0.994442, 153, 265, 184, 296
-0.994446, 133, 429, 164, 460
-0.994446, 137, 249, 168, 280
-0.994446, 173, 357, 204, 388
-0.99445, 157, 109, 188, 140
-0.994451, 153, 373, 184, 404
-0.994462, 133, 401, 164, 432
-0.994465, 153, 441, 184, 472
-0.994469, 177, 433, 208, 464
-0.994477, 141, 69, 172, 100
-0.994479, 185, 417, 216, 448
-0.994484, 33, 421, 64, 452
-0.994488, 149, 469, 180, 500
-0.994501, 125, 361, 156, 392
-0.994504, 105, 309, 136, 340
-0.994506, 177, 449, 208, 480
-0.994508, 141, 181, 172, 212
-0.994525, 65, 57, 192, 120
-0.99453, 329, 457, 360, 488
-0.994534, 169, 345, 200, 408
-0.994537, 117, 409, 148, 440
-0.99454, 105, 365, 136, 396
-0.994554, 165, 397, 196, 428
-0.994557, 65, 17, 192, 144
-0.994561, 169, 325, 200, 356
-0.994568, 177, 405, 208, 436
-0.994572, 105, 205, 136, 236
-0.994595, 165, 309, 196, 340
-0.994597, 37, 457, 68, 488
-0.9946, 165, 457, 196, 488
-0.994601, 145, 105, 176, 136
-0.994614, 85, 305, 116, 336
-0.99463, 133, 273, 164, 304
-0.994633, 1, 321, 256, 448
-0.994646, 85, 97, 116, 128
-0.994648, 161, 141, 192, 172
-0.994649, 101, 121, 132, 152
-0.99465, 109, 425, 140, 456
-0.994654, 197, 465, 228, 496
-0.994659, 205, 437, 236, 468
-0.994659, 173, 417, 204, 448
-0.994665, 161, 385, 192, 416
-0.994665, 93, 385, 124, 448
-0.994668, 265, 457, 296, 488
-0.994672, 141, 317, 172, 348
-0.994677, 209, 425, 240, 456
-0.994759, 129, 409, 375, 472
-0.994772, 161, 97, 192, 224
-0.994801, 105, 289, 136, 352
-0.994822, 159, 121, 174, 184
-0.994837, 315, 425, 330, 488
-0.994901, 137, 233, 168, 296
-0.994908, 117, 81, 148, 144
-0.994992, 113, 73, 240, 136
-0.995004, 137, 177, 168, 240
-0.995007, 1, 425, 375, 488
-0.995061, 331, 433, 346, 496
-0.99512, 117, 161, 132, 224
-0.995152, 89, 145, 120, 208
-0.995196, 323, 433, 338, 496
-0.9952, 41, 161, 104, 288
-0.995249, 113, 209, 144, 272
-0.995275, 85, 81, 116, 208
-0.995317, 145, 329, 272, 392
-0.995342, 177, 241, 240, 368
-0.995408, 141, 265, 172, 328
-0.995458, 81, 165, 208, 196
-0.995503, 1, 449, 128, 480
-0.995549, 169, 193, 232, 320
-0.995563, 123, 433, 138, 496
-0.995569, 33, 177, 160, 240
-0.99566, 309, 433, 324, 496
-0.995661, 101, 73, 132, 136
-0.995817, 141, 305, 172, 432
-0.995856, 97, 161, 352, 224
-0.995872, 161, 145, 176, 208
-0.995904, 329, 409, 360, 472
-0.995929, 151, 113, 166, 176
-0.995949, 169, 1, 232, 500
-0.995989, 113, 353, 144, 416
-0.996048, 149, 17, 180, 80
-0.99605, 33, 129, 96, 384
-0.996089, 97, 225, 128, 288
-0.996093, 337, 433, 352, 496
-0.996122, 161, 377, 192, 440
-0.996164, 13, 433, 28, 496
-0.996261, 353, 433, 368, 496
-0.996275, 81, 177, 208, 208
-0.996313, 97, 1, 352, 128
-0.996322, 1, 161, 256, 224
-0.996339, 19, 433, 34, 496
-0.996367, 33, 361, 160, 424
-0.996386, 117, 401, 148, 464
-0.996403, 5, 433, 20, 496
-0.996446, 117, 425, 132, 488
-0.9965, 113, 33, 240, 96
-0.996504, 121, 289, 152, 352
-0.996506, 153, 385, 168, 448
-0.996554, 121, 137, 136, 200
-0.996568, 129, 145, 144, 208
-0.996572, 111, 161, 126, 224
-0.996584, 1, 185, 256, 248
-0.996611, 125, 337, 156, 400
-0.996624, 1, 421, 128, 452
-0.99664, 17, 369, 48, 496
-0.996657, 137, 145, 152, 208
-0.996667, 241, 453, 368, 484
-0.996701, 129, 161, 256, 192
-0.996705, 161, 97, 176, 160
-0.99672, 129, 177, 256, 240
-0.996721, 113, 469, 240, 500
-0.996722, 1, 145, 128, 208
-0.996798, 113, 417, 240, 448
-0.996799, 347, 433, 362, 496
-0.996799, 125, 305, 156, 432
-0.9968, 113, 185, 128, 248
-0.996811, 81, 153, 208, 184
-0.996924, 149, 153, 164, 216
-0.996925, 193, 449, 320, 480
-0.996941, 137, 353, 168, 416
-0.99695, 341, 409, 372, 472
-0.996952, 121, 257, 152, 320
-0.996958, 149, 25, 164, 88
-0.99697, 17, 465, 144, 496
-0.996989, 65, 337, 192, 400
-0.996995, 143, 129, 158, 192
-0.997003, 147, 185, 162, 248
-0.997004, 151, 281, 166, 344
-0.997009, 81, 453, 208, 484
-0.997038, 361, 433, 375, 496
-0.997055, 197, 417, 212, 480
-0.997058, 33, 33, 96, 288
-0.997077, 155, 81, 170, 144
-0.997096, 161, 161, 192, 224
-0.997097, 81, 381, 208, 412
-0.997099, 111, 89, 126, 152
-0.997122, 113, 429, 240, 460
-0.997135, 143, 369, 158, 432
-0.997141, 33, 1, 96, 500
-0.997155, 105, 169, 120, 232
-0.997165, 81, 293, 208, 324
-0.997174, 97, 137, 352, 200
-0.997177, 33, 437, 160, 468
-0.997183, 151, 49, 166, 112
-0.997191, 113, 129, 144, 384
-0.997196, 115, 401, 130, 464
-0.997199, 33, 409, 48, 472
-0.997208, 173, 209, 204, 272
-0.99721, 17, 161, 144, 192
-0.997215, 189, 377, 204, 440
-0.997221, 169, 217, 184, 280
-0.99724, 123, 161, 138, 224
-0.99724, 1, 409, 32, 472
-0.997261, 65, 313, 192, 344
-0.997264, 125, 201, 156, 264
-0.997269, 193, 1, 256, 500
-0.99727, 167, 417, 182, 480
-0.997275, 105, 265, 136, 328
-0.997281, 99, 177, 114, 240
-0.997283, 181, 337, 196, 400
-0.997319, 177, 65, 240, 320
-0.997333, 33, 225, 160, 352
-0.997336, 25, 425, 40, 488
-0.99735, 155, 169, 170, 232
-0.997353, 81, 265, 208, 328
-0.997369, 145, 393, 272, 456
-0.997372, 149, 97, 180, 352
-0.997378, 241, 441, 368, 472
-0.997398, 143, 433, 158, 496
-0.997402, 229, 425, 244, 488
-0.997412, 113, 441, 240, 472
-0.997421, 65, 97, 192, 128
-0.997424, 33, 409, 160, 440
-0.997425, 81, 189, 208, 220
-0.997429, 97, 105, 224, 168
-0.997436, 203, 425, 218, 488
-0.997438, 193, 437, 320, 468
-0.997444, 97, 185, 352, 248
-0.997457, 81, 405, 208, 436
-0.997463, 217, 1, 280, 500
-0.997467, 113, 105, 144, 168
-0.997473, 201, 225, 264, 480
-0.997501, 121, 209, 152, 336
-0.997501, 143, 161, 158, 224
-0.997502, 185, 369, 216, 432
-0.997509, 303, 433, 318, 496
-0.997518, 281, 1, 344, 500
-0.997521, 65, 469, 192, 500
-0.997521, 65, 33, 192, 96
-0.997536, 65, 109, 192, 140
-0.997546, 97, 273, 352, 336
-0.997553, 81, 201, 208, 232
-0.997555, 249, 1, 312, 500
-0.997556, 119, 161, 134, 192
-0.997559, 1, 225, 256, 288
-0.99756, 89, 129, 120, 256
-0.997571, 157, 353, 188, 480
-0.997572, 173, 177, 204, 240
-0.997583, 111, 425, 126, 488
-0.997611, 191, 401, 206, 464
-0.997611, 49, 133, 176, 164
-0.997619, 147, 209, 162, 272
-0.997624, 305, 1, 368, 500
-0.997641, 177, 297, 192, 360
-0.997644, 165, 177, 196, 304
-0.99766, 171, 241, 186, 304
-0.997661, 39, 433, 54, 496
-0.997666, 77, 161, 108, 288
-0.997669, 97, 225, 352, 288
-0.997685, 145, 309, 272, 340
-0.997697, 149, 361, 164, 424
-0.997699, 157, 125, 172, 156
-0.997716, 1, 393, 256, 456
-0.997725, 121, 257, 152, 384
-0.997731, 155, 249, 170, 312
-0.997735, 107, 65, 122, 128
-0.997739, 1, 297, 256, 360
-0.99774, 165, 185, 180, 248
-0.997744, 145, 457, 272, 488
-0.997751, 105, 329, 136, 392
-0.997759, 113, 393, 240, 424
-0.997768, 161, 401, 176, 464
-0.997772, 145, 321, 272, 352
-0.997774, 65, 85, 192, 116
-0.997774, 309, 445, 324, 476
-0.997793, 161, 469, 288, 500
-0.997795, 101, 161, 132, 416
-0.997807, 321, 445, 336, 476
-0.997832, 115, 121, 130, 184
-0.997833, 113, 369, 240, 400
-0.997844, 121, 193, 136, 256
-0.997854, 151, 433, 166, 496
-0.997854, 355, 441, 370, 472
-0.997867, 173, 265, 188, 328
-0.997868, 155, 217, 170, 280
-0.997896, 137, 433, 152, 496
-0.997899, 187, 353, 202, 416
-0.9979, 241, 257, 304, 500
-0.997908, 145, 257, 160, 320
-0.997915, 137, 1, 168, 256
-0.99792, 315, 441, 330, 472
-0.997926, 121, 465, 136, 496
-0.997928, 17, 297, 144, 360
-0.997929, 197, 393, 212, 456
-0.997954, 1, 137, 256, 200
-0.997957, 65, 421, 192, 452
-0.997959, 129, 149, 256, 180
-0.997972, 223, 433, 238, 496
-0.997974, 237, 433, 268, 496
-0.997976, 97, 305, 352, 368
-0.997985, 129, 173, 256, 204
-0.997988, 139, 465, 154, 496
-0.998, 157, 193, 188, 448
-0.998004, 65, 325, 192, 356
-0.998006, 33, 225, 96, 480
-0.998012, 39, 409, 54, 472
-0.998017, 107, 193, 122, 256
-0.998022, 1, 1, 64, 500
-0.998022, 33, 177, 160, 208
-0.998036, 137, 169, 152, 232
-0.998041, 297, 449, 360, 464
-0.998045, 117, 89, 132, 152
-0.998052, 65, 81, 320, 144
-0.998059, 33, 393, 160, 424
-0.998061, 5, 369, 36, 496
-0.99807, 9, 161, 72, 416
-0.998079, 217, 129, 280, 384
-0.998088, 161, 281, 288, 344
-0.998092, 125, 449, 140, 480
-0.998098, 113, 161, 128, 192
-0.998101, 77, 153, 108, 216
-0.998101, 189, 393, 220, 456
-0.998104, 9, 1, 72, 256
-0.998104, 201, 1, 264, 256
-0.998105, 261, 433, 292, 496
-0.998113, 173, 433, 188, 496
-0.998123, 81, 221, 208, 252
-0.998131, 151, 121, 166, 152
-0.998134, 191, 425, 206, 488
-0.998134, 129, 281, 256, 312
-0.998149, 155, 305, 170, 368
-0.998152, 107, 169, 122, 200
-0.998153, 133, 153, 148, 184
-0.998156, 361, 441, 375, 472
-0.998159, 97, 249, 352, 312
-0.99816, 33, 369, 160, 400
-0.998169, 241, 161, 304, 416
-0.998175, 303, 445, 318, 476
-0.998187, 327, 441, 342, 472
-0.998191, 145, 281, 160, 344
-0.998192, 155, 145, 170, 208
-0.998205, 129, 433, 144, 496
-0.998211, 153, 393, 168, 424
-0.998213, 15, 433, 30, 464
-0.998219, 281, 161, 344, 416
-0.998219, 305, 161, 368, 416
-0.998225, 327, 409, 342, 472
-0.998227, 125, 161, 140, 192
-0.99823, 1, 457, 16, 488
-0.99823, 33, 189, 160, 220
-0.998232, 49, 121, 176, 152
-0.998239, 93, 177, 108, 240
-0.998239, 115, 209, 130, 272
-0.998239, 35, 437, 50, 468
-0.99824, 81, 233, 208, 264
-0.998241, 9, 445, 24, 476
-0.998242, 65, 69, 192, 100
-0.998243, 241, 33, 304, 288
-0.998243, 265, 65, 328, 320
-0.998243, 289, 65, 352, 320
-0.998243, 313, 65, 375, 320
-0.998252, 123, 149, 138, 180
-0.998258, 117, 437, 132, 468
-0.998262, 33, 105, 288, 168
-0.998267, 181, 345, 212, 408
-0.998273, 153, 57, 184, 120
-0.99828, 121, 313, 152, 376
-0.998289, 321, 409, 336, 472
-0.998293, 1, 273, 256, 336
-0.998295, 149, 89, 164, 152
-0.998297, 1, 445, 16, 476
-0.998297, 13, 409, 28, 472
-0.998298, 45, 417, 60, 480
-0.998302, 97, 189, 112, 220
-0.998303, 145, 341, 272, 372
-0.99831, 139, 161, 154, 192
-0.998317, 143, 345, 158, 408
-0.998319, 115, 377, 130, 440
-0.998322, 137, 485, 200, 500
-0.998323, 119, 173, 134, 204
-0.998329, 143, 105, 158, 168
-0.998334, 133, 469, 148, 500
-0.998335, 349, 445, 364, 476
-0.998337, 145, 469, 160, 500
-0.998354, 297, 443, 360, 458
-0.998355, 17, 149, 144, 180
-0.998358, 39, 425, 54, 456
-0.99836, 237, 433, 252, 496
-0.998361, 113, 45, 240, 76
-0.998361, 147, 29, 162, 60
-0.998368, 115, 465, 130, 496
-0.99837, 107, 77, 122, 108
-0.998378, 127, 121, 142, 184
-0.99838, 33, 201, 160, 264
-0.998381, 143, 373, 158, 404
-0.998383, 149, 165, 164, 196
-0.998387, 145, 393, 176, 408
-0.998387, 169, 463, 200, 478
-0.998387, 273, 457, 304, 472
-0.998388, 125, 459, 156, 474
-0.998388, 313, 437, 344, 452
-0.99839, 93, 191, 124, 206
-0.99839, 169, 225, 200, 480
-0.998391, 133, 443, 164, 458
-0.998392, 93, 203, 124, 218
-0.998392, 17, 101, 144, 132
-0.998392, 97, 125, 128, 140
-0.998392, 173, 433, 204, 448
-0.998392, 149, 469, 180, 484
-0.998394, 101, 65, 132, 320
-0.998394, 85, 309, 116, 324
-0.998394, 159, 145, 174, 176
-0.998394, 113, 453, 144, 468
-0.998394, 105, 395, 136, 410
-0.998395, 225, 447, 256, 462
-0.998395, 141, 65, 172, 80
-0.998395, 33, 435, 64, 450
-0.998396, 13, 463, 44, 478
-0.998396, 137, 241, 168, 256
-0.998397, 157, 137, 188, 152
-0.998398, 125, 453, 156, 468
-0.998398, 105, 311, 136, 326
-0.998398, 117, 139, 148, 154
-0.998399, 117, 149, 148, 164
-0.998399, 229, 483, 260, 498
-0.9984, 105, 401, 136, 416
-0.9984, 149, 149, 180, 164
-0.9984, 133, 401, 164, 416
-0.9984, 113, 199, 144, 214
-0.9984, 145, 123, 176, 138
-0.998401, 1, 453, 32, 468
-0.998401, 113, 383, 144, 398
-0.998402, 105, 481, 136, 496
-0.998405, 137, 27, 168, 42
-0.998405, 105, 193, 136, 208
-0.998405, 141, 477, 172, 492
-0.998407, 113, 125, 240, 156
-0.998407, 157, 229, 188, 244
-0.998407, 137, 247, 168, 262
-0.998408, 177, 393, 208, 408
-0.998408, 109, 177, 140, 192
-0.998409, 205, 463, 236, 478
-0.99841, 161, 81, 224, 208
-0.99841, 149, 205, 180, 220
-0.99841, 113, 377, 144, 392
-0.998412, 121, 293, 152, 308
-0.998412, 153, 159, 184, 174
-0.998412, 29, 445, 44, 476
-0.998412, 149, 27, 180, 42
-0.998414, 205, 469, 236, 484
-0.998414, 33, 381, 160, 412
-0.998415, 185, 401, 200, 464
-0.998415, 293, 459, 324, 474
-0.998416, 125, 133, 156, 148
-0.998416, 217, 485, 248, 500
-0.998416, 41, 445, 56, 476
-0.998416, 25, 449, 56, 464
-0.998417, 129, 485, 160, 500
-0.99842, 157, 253, 188, 268
-0.99842, 1, 459, 32, 474
-0.99842, 169, 473, 200, 488
-0.99842, 133, 293, 164, 308
-0.998422, 113, 33, 240, 64
-0.998422, 129, 165, 160, 180
-0.998422, 153, 185, 184, 200
-0.998422, 113, 99, 144, 114
-0.998422, 137, 361, 152, 424
-0.998422, 185, 469, 216, 484
-0.998424, 125, 197, 156, 212
-0.998425, 5, 447, 36, 462
-0.998425, 153, 197, 184, 212
-0.998426, 149, 173, 180, 188
-0.998426, 109, 469, 140, 484
-0.998427, 217, 433, 232, 496
-0.998428, 133, 177, 164, 192
-0.99843, 153, 179, 184, 194
-0.99843, 161, 161, 176, 192
-0.998431, 21, 437, 52, 452
-0.998432, 153, 425, 184, 440
-0.998432, 65, 337, 192, 368
-0.998433, 341, 445, 356, 476
-0.998434, 113, 93, 240, 124
-0.998436, 37, 449, 68, 464
-0.998436, 105, 415, 136, 430
-0.998437, 145, 399, 176, 414
-0.998437, 145, 115, 176, 130
-0.998438, 21, 421, 52, 436
-0.998439, 315, 453, 330, 484
-0.998441, 37, 443, 68, 458
-0.998443, 153, 433, 184, 448
-0.998444, 121, 287, 152, 302
-0.998445, 141, 485, 172, 500
-0.998445, 23, 425, 38, 456
-0.998445, 33, 417, 48, 448
-0.998446, 141, 155, 172, 170
-0.998446, 113, 57, 240, 88
-0.998447, 51, 445, 66, 476
-0.998447, 65, 337, 320, 400
-0.998447, 113, 453, 128, 484
-0.99845, 93, 197, 124, 212
-0.99845, 153, 439, 184, 454
-0.99845, 171, 193, 186, 256
-0.998452, 125, 383, 156, 398
-0.998452, 145, 405, 176, 420
-0.998452, 77, 433, 108, 496
-0.998455, 143, 449, 158, 480
-0.998456, 129, 471, 160, 486
-0.998457, 341, 443, 372, 458
-0.998457, 145, 137, 176, 152
-0.998458, 163, 125, 178, 156
-0.998459, 193, 485, 224, 500
-0.998459, 133, 203, 164, 218
-0.99846, 1, 465, 32, 480
-0.99846, 145, 411, 176, 426
-0.998462, 89, 179, 120, 194
-0.998463, 141, 95, 172, 110
-0.998464, 129, 185, 256, 216
-0.998464, 115, 353, 130, 416
-0.998465, 145, 419, 176, 434
-0.998466, 101, 461, 132, 476
-0.998467, 137, 33, 168, 48
-0.998469, 23, 445, 38, 476
-0.998471, 121, 157, 152, 172
-0.998472, 153, 193, 168, 256
-0.998472, 157, 247, 188, 262
-0.998472, 157, 241, 188, 256
-0.998472, 313, 455, 375, 470
-0.998473, 157, 235, 188, 250
-0.998474, 133, 287, 164, 302
-0.998476, 307, 457, 322, 488
-0.998478, 141, 167, 172, 182
-0.998478, 33, 429, 64, 444
-0.99848, 99, 73, 114, 136
-0.998482, 149, 129, 180, 144
-0.998483, 165, 113, 196, 176
-0.998486, 281, 455, 344, 470
-0.998487, 1, 441, 32, 456
-0.998489, 181, 485, 212, 500
-0.99849, 205, 485, 236, 500
-0.998492, 107, 393, 122, 456
-0.998493, 97, 173, 128, 188
-0.998494, 17, 427, 48, 442
-0.998494, 169, 485, 200, 500
-0.998496, 1, 447, 64, 462
-0.998496, 325, 455, 356, 470
-0.998496, 193, 425, 320, 456
-0.998497, 285, 453, 316, 468
-0.998501, 301, 445, 332, 460
-0.998504, 337, 455, 368, 470
-0.998504, 187, 385, 202, 416
-0.998505, 129, 377, 160, 392
-0.998507, 121, 171, 152, 186
-0.998509, 149, 381, 164, 412
-0.998511, 73, 257, 136, 384
-0.998512, 121, 465, 152, 480
-0.998514, 93, 361, 124, 424
-0.998516, 157, 485, 188, 500
-0.998518, 1, 249, 256, 312
-0.998519, 25, 443, 56, 458
-0.99852, 143, 25, 158, 88
-0.998522, 305, 457, 336, 472
-0.998525, 141, 161, 172, 176
-0.998525, 15, 445, 30, 476
-0.998527, 137, 131, 168, 146
-0.998531, 117, 481, 148, 496
-0.998535, 109, 469, 124, 500
-0.998535, 333, 441, 348, 472
-0.998537, 65, 57, 192, 88
-0.99854, 149, 289, 164, 320
-0.998541, 109, 171, 140, 186
-0.998546, 329, 443, 360, 458
-0.998552, 137, 97, 168, 352
-0.998553, 155, 93, 170, 124
-0.998554, 117, 65, 132, 128
-0.998555, 177, 217, 192, 280
-0.998555, 121, 233, 152, 296
-0.998559, 65, 45, 192, 76
-0.998562, 121, 113, 136, 176
-0.998563, 129, 169, 144, 232
-0.998567, 143, 385, 158, 416
-0.998574, 297, 433, 312, 496
-0.998578, 145, 305, 160, 368
-0.998579, 201, 429, 216, 460
-0.99858, 105, 433, 120, 496
-0.998583, 301, 451, 332, 466
-0.998585, 169, 145, 184, 208
-0.998585, 297, 453, 312, 484
-0.998587, 161, 137, 288, 200
-0.998589, 149, 449, 164, 480
-0.998589, 65, 33, 192, 64
-0.99859, 361, 453, 375, 484
-0.998591, 135, 373, 150, 404
-0.998591, 185, 313, 200, 376
-0.998594, 1, 433, 16, 464
-0.998595, 113, 165, 144, 180
-0.998599, 113, 233, 128, 296
-0.998599, 139, 273, 154, 336
-0.998601, 141, 193, 156, 256
-0.998602, 145, 233, 160, 296
-0.998603, 133, 165, 148, 196
-0.998607, 91, 177, 106, 208
-0.998608, 153, 137, 168, 168
-0.998608, 125, 361, 140, 424
-0.998608, 177, 485, 240, 500
-0.998609, 313, 451, 344, 466
-0.998611, 29, 429, 44, 460
-0.998611, 147, 201, 162, 232
-0.998612, 159, 113, 174, 144
-0.998612, 345, 449, 375, 464
-0.998616, 137, 121, 152, 184
-0.998617, 101, 177, 116, 208
-0.998618, 327, 453, 342, 484
-0.998618, 97, 361, 352, 424
-0.998622, 17, 305, 144, 336
-0.998624, 45, 433, 60, 464
-0.998624, 343, 409, 358, 472
-0.998626, 113, 77, 240, 108
-0.998627, 35, 449, 50, 480
-0.998629, 31, 433, 46, 496
-0.998637, 151, 57, 166, 88
-0.998644, 161, 173, 176, 204
-0.998644, 161, 313, 176, 376
-0.998647, 113, 309, 176, 324
-0.998649, 129, 201, 256, 264
-0.998649, 97, 171, 160, 186
-0.998657, 113, 357, 240, 388
-0.998659, 313, 443, 344, 458
-0.998662, 105, 203, 168, 218
-0.998664, 105, 193, 120, 224
-0.998665, 1, 429, 64, 444
-0.998666, 105, 157, 168, 172
-0.99867, 129, 201, 256, 232
-0.998673, 127, 461, 142, 492
-0.998674, 145, 153, 160, 184
-0.998675, 353, 409, 368, 472
-0.998676, 329, 449, 360, 464
-0.998676, 167, 121, 182, 184
-0.998679, 161, 297, 288, 328
-0.998681, 179, 265, 194, 328
-0.998682, 151, 177, 166, 208
-0.998683, 7, 465, 22, 496
-0.998684, 113, 383, 176, 398
-0.998685, 65, 349, 192, 380
-0.998688, 169, 229, 184, 260
-0.998693, 87, 169, 102, 232
-0.998694, 117, 189, 132, 220
-0.998694, 115, 201, 130, 232
-0.998696, 209, 465, 336, 496
-0.998697, 97, 467, 160, 482
-0.998698, 195, 409, 210, 440
-0.998705, 111, 189, 126, 220
-0.998709, 309, 409, 324, 472
-0.998711, 33, 201, 160, 232
-0.998712, 151, 81, 166, 112
-0.998714, 321, 433, 336, 464
-0.998717, 113, 293, 176, 308
-0.99872, 123, 81, 138, 144
-0.998723, 151, 109, 166, 140
-0.998732, 97, 483, 160, 498
-0.998733, 49, 281, 176, 312
-0.998734, 107, 457, 122, 488
-0.998735, 229, 449, 244, 480
-0.998736, 99, 297, 114, 360
-0.998736, 129, 163, 192, 178
-0.998739, 17, 89, 144, 120
-0.99874, 211, 433, 226, 496
-0.998741, 129, 171, 192, 186
-0.998741, 105, 163, 168, 178
-0.998747, 189, 397, 204, 428
-0.998751, 149, 41, 164, 72
-0.998753, 137, 383, 200, 398
-0.998754, 229, 437, 244, 468
-0.998754, 113, 303, 176, 318
-0.998761, 125, 161, 156, 416
-0.998765, 161, 57, 176, 120
-0.998767, 65, 57, 320, 120
-0.998775, 121, 33, 152, 288
-0.998778, 97, 377, 160, 392
-0.998778, 125, 25, 156, 88
-0.998778, 185, 443, 248, 458
-0.998778, 121, 49, 152, 176
-0.998779, 121, 97, 184, 112
-0.99879, 1, 97, 375, 160
-0.998793, 333, 409, 348, 472
-0.998798, 153, 405, 168, 436
-0.998799, 129, 233, 256, 264
-0.998802, 141, 285, 156, 316
-0.998804, 97, 137, 224, 168
-0.998811, 105, 257, 136, 384
-0.998811, 335, 453, 350, 484
-0.998813, 81, 245, 208, 276
-0.998814, 149, 225, 164, 256
-0.998816, 129, 287, 192, 302
-0.998819, 17, 457, 32, 488
-0.998819, 241, 429, 368, 460
-0.998819, 137, 377, 200, 392
-0.99882, 135, 285, 150, 316
-0.998825, 149, 49, 180, 176
-0.99883, 117, 425, 132, 456
-0.998832, 169, 437, 232, 452
-0.998833, 111, 105, 126, 136
-0.998837, 113, 105, 240, 136
-0.998838, 151, 469, 166, 500
-0.998839, 147, 277, 162, 308
-0.998842, 225, 483, 288, 498
-0.998843, 127, 137, 142, 168
-0.998843, 177, 249, 208, 312
-0.998847, 81, 257, 208, 288
-0.998847, 121, 463, 184, 478
-0.998848, 151, 69, 166, 100
-0.998848, 159, 229, 174, 260
-0.99885, 193, 369, 320, 496
-0.998851, 113, 177, 176, 192
-0.998852, 129, 21, 256, 52
-0.998853, 273, 449, 336, 464
-0.998853, 57, 445, 72, 476
-0.998854, 169, 241, 184, 272
-0.99886, 103, 469, 118, 500
-0.998863, 23, 457, 38, 488
-0.998863, 129, 469, 192, 484
-0.998865, 145, 405, 272, 436
-0.998866, 161, 129, 176, 256
-0.998866, 315, 429, 330, 460
-0.998867, 199, 445, 214, 476
-0.998867, 223, 453, 238, 484
-0.998868, 117, 89, 132, 120
-0.99887, 105, 287, 168, 302
-0.998871, 201, 485, 264, 500
-0.998876, 153, 29, 168, 60
-0.998878, 139, 149, 154, 180
-0.998884, 135, 453, 150, 484
-0.998886, 137, 303, 200, 318
-0.998886, 145, 445, 208, 460
-0.99889, 129, 373, 144, 404
-0.998894, 121, 201, 136, 232
-0.998894, 155, 217, 170, 248
-0.998895, 137, 391, 200, 406
-0.998897, 129, 157, 192, 172
-0.998901, 115, 385, 130, 416
-0.998901, 145, 129, 160, 160
-0.998905, 1, 439, 64, 454
-0.998905, 145, 293, 208, 308
-0.998906, 111, 93, 126, 124
-0.99891, 155, 165, 170, 196
-0.998912, 181, 337, 196, 368
-0.998913, 9, 433, 24, 464
-0.998916, 175, 281, 190, 312
-0.998917, 113, 149, 128, 180
-0.998924, 105, 123, 168, 138
-0.998924, 181, 281, 212, 344
-0.998929, 121, 417, 184, 432
-0.998932, 129, 203, 192, 218
-0.998938, 161, 469, 224, 484
-0.998943, 161, 221, 288, 252
-0.998944, 129, 479, 192, 494
-0.998949, 113, 133, 176, 148
-0.998953, 153, 397, 216, 412
-0.998956, 313, 437, 375, 452
-0.998961, 121, 423, 184, 438
-0.998962, 129, 281, 192, 296
-0.998962, 73, 311, 136, 326
-0.998965, 105, 91, 168, 106
-0.998968, 73, 465, 136, 480
-0.998971, 137, 239, 200, 254
-0.998976, 121, 85, 184, 100
-0.99898, 121, 405, 184, 420
-0.99898, 89, 197, 152, 212
-0.998982, 113, 317, 176, 332
-0.998987, 145, 313, 208, 328
-0.998987, 81, 177, 144, 192
-0.998988, 177, 449, 240, 464
-0.998989, 145, 423, 208, 438
-0.998991, 81, 203, 144, 218
-0.998993, 33, 233, 160, 264
-0.998996, 97, 473, 160, 488
-0.998998, 129, 269, 256, 300
-0.998999, 97, 461, 160, 476
-0.999, 121, 411, 184, 426
-0.999001, 161, 415, 224, 430
-0.999001, 1, 463, 64, 478
-0.999004, 129, 151, 192, 166
-0.999006, 161, 479, 224, 494
-0.999008, 153, 159, 216, 174
-0.999009, 105, 229, 168, 244
-0.999015, 117, 145, 132, 272
-0.999015, 145, 319, 208, 334
-0.999018, 145, 463, 208, 478
-0.999019, 113, 117, 176, 132
-0.999027, 153, 167, 216, 182
-0.999028, 49, 21, 176, 52
-0.999031, 185, 417, 248, 432
-0.999035, 145, 93, 208, 108
-0.999035, 105, 151, 168, 166
-0.999039, 129, 261, 192, 276
-0.999039, 161, 429, 224, 444
-0.999039, 25, 441, 88, 456
-0.99904, 129, 233, 192, 248
-0.99904, 129, 439, 192, 454
-0.99904, 145, 409, 208, 424
-0.999041, 9, 423, 72, 438
-0.999043, 257, 455, 320, 470
-0.999043, 137, 131, 200, 146
-0.999046, 169, 459, 232, 474
-0.999047, 113, 79, 176, 94
-0.99905, 145, 451, 208, 466
-0.999051, 33, 449, 96, 464
-0.999057, 105, 431, 168, 446
-0.999057, 193, 469, 256, 484
-0.999057, 185, 479, 248, 494
-0.999059, 145, 253, 208, 268
-0.999061, 113, 247, 176, 262
-0.999062, 177, 385, 304, 416
-0.999064, 121, 399, 184, 414
-0.999067, 153, 175, 216, 190
-0.999068, 177, 389, 240, 404
-0.999073, 89, 83, 152, 98
-0.999073, 193, 405, 320, 436
-0.999074, 89, 383, 152, 398
-0.999076, 81, 129, 144, 144
-0.999076, 49, 269, 176, 300
-0.99908, 113, 103, 176, 118
-0.999081, 85, 121, 116, 184
-0.999087, 97, 97, 160, 112
-0.999087, 113, 323, 176, 338
-0.999089, 121, 143, 184, 158
-0.999089, 81, 91, 144, 106
-0.999091, 25, 463, 88, 478
-0.999093, 1, 455, 64, 470
-0.999095, 97, 447, 160, 462
-0.999096, 297, 257, 360, 500
-0.999097, 73, 483, 136, 498
-0.999099, 81, 123, 144, 138
-0.9991, 73, 151, 136, 166
-0.999103, 25, 429, 88, 444
-0.999104, 113, 239, 176, 254
-0.999105, 129, 183, 192, 198
-0.999107, 201, 453, 264, 468
-0.999108, 145, 87, 208, 102
-0.999113, 153, 403, 216, 418
-0.999114, 129, 381, 256, 412
-0.999121, 205, 393, 236, 456
-0.999125, 113, 389, 176, 404
-0.999129, 105, 255, 168, 270
-0.999131, 129, 269, 192, 284
-0.999131, 137, 245, 200, 260
-0.999132, 121, 457, 184, 472
-0.999133, 121, 223, 184, 238
-0.999137, 145, 125, 208, 140
-0.999137, 73, 171, 136, 186
-0.99914, 145, 197, 208, 212
-0.999141, 193, 463, 256, 478
-0.999183, 161, 253, 288, 284
-0.999192, 137, 193, 168, 448
-0.999204, 151, 113, 166, 240
-0.999209, 33, 213, 160, 244
-0.99923, 89, 65, 120, 320
-0.999233, 129, 113, 375, 176
-0.999245, 123, 129, 138, 256
-0.999252, 159, 81, 174, 208
-0.999253, 177, 273, 192, 400
-0.999258, 129, 1, 160, 64
-0.999261, 1, 113, 128, 144
-0.999262, 13, 467, 28, 482
-0.999262, 1, 293, 128, 324
-0.999267, 307, 443, 322, 458
-0.999269, 21, 431, 36, 446
-0.99927, 153, 369, 168, 496
-0.99927, 197, 425, 212, 440
-0.999271, 149, 461, 164, 476
-0.999273, 137, 169, 152, 184
-0.999274, 115, 207, 130, 222
-0.999274, 149, 231, 164, 246
-0.999276, 155, 223, 170, 238
-0.999279, 117, 145, 132, 160
-0.999279, 25, 445, 40, 460
-0.999279, 57, 443, 72, 458
-0.999281, 155, 109, 170, 124
-0.999282, 325, 437, 340, 452
-0.999283, 279, 457, 294, 472
-0.999284, 227, 443, 242, 458
-0.999285, 125, 451, 140, 466
-0.999285, 151, 471, 166, 486
-0.999286, 149, 89, 164, 104
-0.999286, 177, 373, 304, 404
-0.999289, 119, 483, 134, 498
-0.999292, 1, 325, 128, 356
-0.999292, 193, 417, 208, 432
-0.999294, 1, 357, 128, 388
-0.999295, 133, 287, 148, 302
-0.999297, 133, 145, 148, 272
-0.999298, 143, 289, 158, 304
-0.999299, 125, 479, 140, 494
-0.999299, 125, 457, 140, 472
-0.999302, 65, 33, 320, 96
-0.999303, 341, 443, 356, 458
-0.999303, 111, 145, 126, 272
-0.999303, 91, 181, 106, 196
-0.999303, 149, 225, 164, 240
-0.999305, 229, 485, 244, 500
-0.999305, 151, 33, 166, 160
-0.999307, 187, 391, 202, 406
-0.999307, 151, 57, 166, 72
-0.999308, 301, 459, 316, 474
-0.999311, 171, 209, 186, 336
-0.999311, 329, 457, 344, 472
-0.999311, 161, 171, 176, 186
-0.999312, 1, 125, 128, 156
-0.999314, 123, 445, 138, 460
-0.999315, 105, 195, 120, 210
-0.999319, 137, 201, 152, 216
-0.999326, 129, 171, 144, 186
-0.999326, 117, 443, 132, 458
-0.999327, 97, 177, 112, 304
-0.999328, 147, 385, 162, 400
-0.999329, 45, 437, 60, 452
-0.99933, 361, 455, 375, 470
-0.999331, 195, 485, 210, 500
-0.999335, 199, 431, 214, 446
-0.999337, 143, 459, 158, 474
-0.999339, 125, 287, 140, 302
-0.999341, 151, 177, 166, 192
-0.999342, 19, 443, 34, 458
-0.999343, 153, 401, 168, 416
-0.999343, 115, 459, 130, 474
-0.999347, 115, 97, 130, 224
-0.999347, 221, 485, 236, 500
-0.999348, 159, 143, 174, 158
-0.999348, 1, 161, 375, 224
-0.999349, 161, 163, 176, 178
-0.999351, 149, 291, 164, 306
-0.999352, 25, 439, 40, 454
-0.999354, 177, 353, 304, 384
-0.999354, 165, 177, 180, 304
-0.999362, 109, 77, 124, 92
-0.999362, 33, 443, 48, 458
-0.999364, 147, 131, 162, 146
-0.999364, 149, 117, 164, 132
-0.999364, 157, 193, 172, 320
-0.999371, 183, 485, 198, 500
-0.999371, 187, 353, 202, 480
-0.999371, 35, 435, 50, 450
-0.999372, 145, 193, 160, 320
-0.999373, 3, 445, 18, 460
-0.999375, 129, 97, 144, 224
-0.999376, 33, 257, 160, 288
-0.999379, 153, 257, 168, 384
-0.99938, 125, 153, 140, 168
-0.999384, 115, 289, 130, 416
-0.999384, 149, 393, 164, 408
-0.999388, 161, 485, 176, 500
-0.99939, 181, 321, 196, 448
-0.99939, 9, 447, 24, 462
-0.999391, 1, 369, 256, 432
-0.999392, 33, 423, 48, 438
-0.999395, 315, 457, 330, 472
-0.999395, 125, 257, 156, 500
-0.999396, 117, 453, 132, 468
-0.9994, 141, 97, 156, 224
-0.9994, 115, 369, 130, 496
-0.999401, 115, 193, 130, 320
-0.999402, 103, 161, 118, 288
-0.999402, 151, 161, 166, 288
-0.999404, 151, 167, 166, 182
-0.999405, 143, 377, 158, 392
-0.999406, 145, 203, 160, 218
-0.999406, 143, 337, 158, 464
-0.999409, 111, 201, 126, 216
-0.999409, 133, 163, 148, 178
-0.999416, 343, 455, 358, 470
-0.999424, 145, 161, 160, 176
-0.999431, 185, 313, 216, 376
-0.999434, 143, 29, 158, 44
-0.999437, 129, 209, 256, 336
-0.999438, 145, 467, 160, 482
-0.999438, 13, 441, 28, 456
-0.99944, 1, 439, 16, 454
-0.99944, 33, 429, 48, 444
-0.999441, 315, 439, 330, 454
-0.999446, 51, 445, 66, 460
-0.999447, 297, 453, 312, 468
-0.99945, 109, 193, 124, 320
-0.999456, 215, 485, 230, 500
-0.999459, 125, 159, 140, 174
-0.99946, 167, 485, 182, 500
-0.999461, 1, 345, 128, 376
-0.999463, 149, 29, 164, 44
-0.999466, 91, 177, 106, 304
-0.999472, 17, 73, 144, 104
-0.999475, 159, 137, 174, 152
-0.999478, 1, 451, 16, 466
-0.999482, 285, 457, 300, 472
-0.999483, 107, 97, 122, 224
-0.999484, 155, 95, 170, 110
-0.999485, 1, 465, 16, 480
-0.999487, 31, 369, 46, 496
-0.999499, 171, 353, 186, 480
-0.9995, 17, 37, 144, 68
-0.9995, 23, 425, 38, 440
-0.999501, 53, 433, 84, 496
-0.999505, 107, 369, 122, 496
-0.99951, 145, 137, 272, 168
-0.999511, 177, 225, 192, 352
-0.999512, 139, 473, 154, 488
-0.999513, 125, 463, 140, 478
-0.999514, 45, 443, 60, 458
-0.999514, 205, 485, 220, 500
-0.999515, 145, 289, 160, 416
-0.999518, 129, 257, 256, 320
-0.99952, 139, 161, 154, 288
-0.999521, 131, 481, 146, 496
-0.999522, 165, 337, 180, 464
-0.999524, 135, 157, 150, 172
-0.999526, 1, 245, 128, 276
-0.999527, 151, 209, 166, 336
-0.99953, 193, 369, 208, 496
-0.999535, 307, 457, 322, 472
-0.999536, 1, 305, 375, 368
-0.999537, 121, 369, 136, 496
-0.999541, 119, 173, 134, 188
-0.999544, 159, 123, 174, 138
-0.999549, 85, 257, 116, 320
-0.99955, 17, 61, 144, 92
-0.99955, 39, 443, 54, 458
-0.999555, 129, 1, 375, 64
-0.999558, 129, 385, 375, 448
-0.999559, 137, 353, 152, 480
-0.999562, 313, 451, 328, 466
-0.999562, 177, 485, 192, 500
-0.999562, 39, 429, 54, 444
-0.999564, 49, 9, 176, 40
-0.999572, 171, 97, 186, 224
-0.999574, 125, 177, 140, 304
-0.999577, 121, 305, 136, 432
-0.999578, 99, 193, 114, 208
-0.999578, 1, 401, 375, 464
-0.999579, 155, 305, 170, 432
-0.999582, 1, 129, 375, 192
-0.999583, 177, 285, 304, 316
-0.999583, 65, 305, 128, 432
-0.999586, 177, 369, 192, 496
-0.999589, 103, 209, 118, 336
-0.999591, 9, 257, 72, 500
-0.999592, 135, 97, 150, 224
-0.999593, 101, 81, 116, 208
-0.999599, 153, 131, 168, 146
-0.999599, 89, 225, 120, 480
-0.9996, 21, 369, 36, 496
-0.9996, 123, 81, 138, 208
-0.9996, 145, 241, 160, 368
-0.9996, 1, 277, 128, 308
-0.999603, 119, 465, 134, 480
-0.999604, 113, 241, 128, 368
-0.999607, 349, 451, 364, 466
-0.99961, 139, 465, 154, 480
-0.99961, 125, 257, 140, 384
-0.999613, 41, 369, 56, 496
-0.999614, 177, 161, 192, 288
-0.999615, 109, 171, 124, 186
-0.999626, 323, 455, 338, 470
-0.999627, 145, 33, 160, 160
-0.999629, 137, 483, 152, 498
-0.99963, 13, 369, 28, 496
-0.999634, 3, 369, 18, 496
-0.999635, 177, 149, 304, 180
-0.999638, 183, 273, 198, 400
-0.999638, 131, 353, 146, 480
-0.999646, 129, 9, 256, 40
-0.999649, 89, 81, 104, 208
-0.999649, 109, 289, 124, 416
-0.999649, 171, 257, 186, 384
-0.999651, 359, 443, 374, 458
-0.999657, 145, 145, 160, 272
-0.99966, 165, 65, 180, 192
-0.999666, 91, 129, 106, 256
-0.999669, 183, 209, 198, 336
-0.99967, 135, 305, 150, 432
-0.999673, 171, 161, 186, 288
-0.999674, 85, 145, 100, 272
-0.999675, 109, 49, 124, 176
-0.999676, 139, 17, 154, 144
-0.999677, 125, 165, 140, 180
-0.999677, 199, 369, 214, 496
-0.999678, 17, 81, 144, 144
-0.999679, 159, 131, 174, 146
-0.999682, 47, 369, 62, 496
-0.999682, 161, 37, 288, 68
-0.999699, 289, 409, 320, 472
-0.999702, 317, 445, 332, 460
-0.999702, 1, 137, 128, 168
-0.999705, 161, 289, 176, 416
-0.999707, 85, 193, 100, 320
-0.999709, 17, 49, 144, 80
-0.999713, 177, 161, 304, 192
-0.999713, 161, 241, 176, 368
-0.999713, 119, 241, 134, 368
-0.999716, 317, 369, 332, 496
-0.999718, 103, 273, 118, 400
-0.999718, 359, 449, 374, 464
-0.999723, 97, 129, 112, 256
-0.999724, 189, 257, 204, 384
-0.999727, 193, 321, 208, 448
-0.999728, 161, 65, 288, 96
-0.999732, 161, 17, 176, 144
-0.999734, 159, 369, 174, 496
-0.999736, 161, 117, 288, 148
-0.999736, 97, 225, 112, 352
-0.999737, 193, 309, 320, 340
-0.999739, 161, 89, 288, 120
-0.99974, 95, 65, 110, 192
-0.999743, 139, 225, 154, 352
-0.999746, 1, 337, 375, 400
-0.999752, 117, 49, 132, 176
-0.999752, 131, 193, 146, 320
-0.999753, 327, 443, 342, 458
-0.999754, 125, 17, 140, 144
-0.999754, 307, 369, 322, 496
-0.999758, 89, 33, 104, 160
-0.999766, 103, 321, 118, 448
-0.999772, 1, 225, 375, 288
-0.999773, 133, 49, 148, 176
-0.999775, 323, 369, 338, 496
-0.999777, 1, 25, 128, 56
-0.999777, 79, 113, 94, 240
-0.999779, 113, 225, 144, 480
-0.999785, 229, 369, 244, 496
-0.999786, 101, 369, 116, 496
-0.99979, 79, 161, 94, 288
-0.999791, 173, 129, 204, 256
-0.999794, 193, 209, 320, 240
-0.999796, 359, 369, 374, 496
-0.999798, 133, 1, 148, 128
-0.999799, 127, 305, 142, 432
-0.999801, 61, 369, 76, 496
-0.999802, 343, 449, 358, 464
-0.999803, 55, 369, 70, 496
-0.999806, 133, 257, 148, 384
-0.999808, 29, 369, 60, 496
-0.99981, 353, 445, 368, 460
-0.999811, 117, 57, 148, 120
-0.999811, 83, 65, 98, 192
-0.999812, 225, 393, 352, 424
-0.999816, 241, 417, 368, 448
-0.999818, 87, 241, 102, 368
-0.999818, 103, 33, 118, 160
-0.999819, 171, 305, 186, 432
-0.99982, 91, 369, 106, 496
-0.999822, 149, 1, 180, 256
-0.999824, 95, 17, 110, 144
-0.999828, 219, 353, 234, 480
-0.999831, 119, 161, 134, 176
-0.999832, 299, 369, 314, 496
-0.999834, 177, 193, 304, 224
-0.999834, 335, 369, 350, 496
-0.999836, 193, 337, 320, 368
-0.999839, 117, 1, 132, 128
-0.999839, 177, 269, 304, 300
-0.999843, 329, 369, 344, 496
-0.999844, 327, 449, 342, 464
-0.999846, 77, 49, 92, 176
-0.999848, 109, 233, 140, 296
-0.999851, 177, 53, 304, 84
-0.999851, 193, 173, 320, 204
-0.999851, 209, 221, 336, 252
-0.999854, 85, 353, 100, 480
-0.999854, 293, 369, 308, 496
-0.999854, 67, 369, 82, 496
-0.999857, 241, 381, 368, 412
-0.999858, 275, 369, 290, 496
-0.999858, 265, 369, 280, 496
-0.999865, 345, 369, 360, 496
-0.99987, 199, 321, 214, 448
-0.999871, 75, 369, 90, 496
-0.999872, 109, 1, 124, 128
-0.999875, 79, 225, 94, 352
-0.999875, 79, 289, 94, 416
-0.999879, 115, 167, 130, 182
-0.999883, 181, 321, 212, 448
-0.999885, 165, 401, 196, 464
-0.99989, 1, 9, 256, 72
-0.999907, 333, 451, 348, 466
-0.999909, 307, 449, 322, 464
-0.999956, 153, 125, 168, 140
-0.999984, 333, 445, 348, 460
-0.999997, 101, 257, 132, 500
-1.00001, 129, 225, 256, 288
-1.00002, 161, 97, 192, 352
-1.00003, 265, 257, 328, 500
-1.00003, 161, 113, 288, 240
-1.00003, 57, 369, 120, 496
-1.00004, 277, 433, 308, 496
-1.00005, 33, 257, 160, 320
-1.00011, 1, 201, 375, 264
-1.00012, 1, 249, 375, 312
-1.00013, 129, 73, 160, 136
-1.00017, 1, 73, 375, 136
-1.0002, 1, 281, 375, 344
-1.00021, 221, 409, 252, 472
-1.00025, 249, 433, 280, 496
-1.00026, 173, 97, 204, 352
-1.00028, 65, 145, 96, 208
-1.00034, 77, 129, 108, 384
-1.00036, 129, 9, 256, 72
-1.00042, 109, 49, 140, 176
-1.00045, 181, 257, 212, 500
-1.00045, 1, 361, 375, 424
-1.00046, 161, 1, 192, 256
-1.00047, 89, 241, 120, 368
-1.00066, 33, 393, 64, 456
-1.00071, 65, 433, 96, 496
-1.00087, 1, 1, 256, 128
-1.00092, 173, 153, 204, 216
-1.00099, 65, 129, 96, 384
-1.00099, 41, 369, 72, 496
-1.00099, 33, 9, 160, 72
-1.00099, 185, 161, 216, 416
-1.00101, 77, 225, 108, 480
-1.00101, 301, 409, 332, 472
-1.00107, 41, 33, 104, 160
-1.00109, 1, 321, 128, 448
-1.0011, 65, 97, 96, 160
-1.00112, 65, 33, 96, 288
-1.00119, 85, 217, 116, 280
-1.0012, 201, 353, 232, 480
-1.0012, 177, 353, 304, 416
-1.0012, 193, 257, 224, 500
-1.00128, 69, 177, 100, 240
-1.00144, 77, 33, 108, 288
-1.00146, 1, 49, 375, 112
-1.00152, 233, 409, 264, 472
-1.00152, 1, 25, 375, 88
-1.00164, 1, 1, 375, 64
-1.00164, 205, 257, 236, 500
-1.00166, 137, 1, 168, 128
-1.00168, 221, 257, 252, 500
-1.0017, 65, 225, 96, 480
-1.0017, 173, 1, 204, 256
-1.0017, 193, 345, 224, 408
-1.00172, 97, 321, 128, 448
-1.00173, 73, 289, 104, 352
-1.00174, 213, 161, 244, 416
-1.00174, 73, 249, 104, 312
-1.00176, 185, 1, 216, 256
-1.00178, 305, 369, 368, 496
-1.00179, 225, 129, 256, 384
-1.0018, 201, 1, 232, 256
-1.00183, 25, 161, 56, 416
-1.00184, 217, 1, 248, 256
-1.00184, 237, 1, 268, 256
-1.00184, 269, 1, 300, 256
-1.00184, 281, 1, 312, 256
-1.00184, 201, 129, 232, 384
-1.00186, 237, 97, 268, 352
-1.00186, 253, 161, 284, 416
-1.00187, 265, 161, 296, 416
-1.00188, 17, 33, 48, 288
-1.00188, 41, 33, 72, 288
-1.00188, 1, 65, 32, 320
-1.00188, 29, 65, 60, 320
-1.00188, 53, 65, 84, 320
-1.00188, 257, 65, 288, 320
-1.00188, 297, 65, 328, 320
-1.00188, 309, 65, 340, 320
-1.00188, 321, 65, 352, 320
-1.00188, 333, 65, 364, 320
-1.00188, 345, 65, 375, 320
-1.00188, 13, 129, 44, 384
-1.00188, 41, 129, 72, 384
-1.00188, 1, 161, 32, 416
-1.00188, 53, 161, 84, 416
-1.00188, 285, 161, 316, 416
-1.00188, 297, 161, 328, 416
-1.00188, 309, 161, 340, 416
-1.00188, 321, 161, 352, 416
-1.00188, 333, 161, 364, 416
-1.00188, 345, 161, 375, 416
-1.00188, 249, 257, 280, 500
-1.00189, 193, 305, 224, 432
-1.00195, 33, 225, 160, 288
-1.00196, 17, 17, 144, 144
-1.00197, 297, 257, 328, 500
-1.00199, 277, 257, 308, 500
-1.00199, 37, 225, 68, 480
-1.002, 237, 193, 268, 448
-1.00208, 17, 257, 48, 500
-1.00208, 265, 257, 296, 500
-1.00208, 181, 257, 212, 384
-1.00211, 49, 257, 80, 500
-1.00212, 73, 113, 104, 240
-1.00214, 337, 257, 368, 500
-1.00218, 1, 329, 128, 392
-1.0023, 177, 177, 208, 304
-1.0023, 325, 257, 356, 500
-1.00231, 309, 257, 340, 500
-1.00233, 1, 257, 32, 500
-1.00261, 85, 33, 116, 160
-1.00271, 161, 49, 192, 176
-1.00278, 1, 273, 128, 400
-1.00291, 17, 41, 144, 104
-1.00294, 77, 209, 108, 336
-1.00303, 1, 113, 128, 176
-1.00309, 313, 369, 344, 496
-1.00315, 169, 225, 200, 352
-1.00333, 161, 113, 288, 176
-1.00349, 265, 369, 328, 496
-1.00368, 193, 385, 320, 448
-1.0038, 157, 1, 188, 128
-1.00403, 97, 49, 128, 176
-1.00403, 193, 329, 320, 392
-1.00419, 89, 1, 152, 128
-1.00441, 333, 369, 364, 496
-1.0045, 177, 257, 304, 320
-1.00461, 161, 65, 288, 128
-1.00463, 161, 33, 288, 96
-1.00491, 41, 225, 104, 352
-1.00492, 81, 9, 208, 72
-1.00495, 177, 209, 304, 272
-1.00501, 201, 353, 264, 480
-1.00504, 177, 129, 240, 256
-1.00509, 65, 161, 96, 288
-1.00517, 177, 185, 304, 248
-1.00517, 53, 369, 84, 496
-1.00518, 209, 1, 336, 64
-1.00518, 241, 273, 368, 336
-1.00518, 225, 297, 352, 360
-1.00521, 225, 361, 352, 424
-1.00533, 289, 369, 320, 496
-1.00535, 193, 89, 320, 152
-1.00535, 241, 249, 368, 312
-1.00538, 241, 33, 368, 96
-1.00538, 241, 57, 368, 120
-1.00538, 241, 81, 368, 144
-1.00538, 241, 105, 368, 168
-1.00538, 241, 129, 368, 192
-1.00538, 241, 153, 368, 216
-1.00538, 241, 177, 368, 240
-1.00538, 241, 201, 368, 264
-1.00538, 241, 225, 368, 288
-1.00538, 193, 233, 320, 296
-1.00538, 241, 337, 368, 400
-1.00542, 85, 321, 116, 448
-1.00558, 193, 161, 320, 224
-1.0058, 65, 33, 96, 160
-1.00598, 277, 369, 308, 496
-1.00608, 81, 369, 112, 496
-1.00617, 229, 353, 260, 480
-1.00617, 33, 81, 96, 208
-1.00625, 301, 369, 332, 496
-1.00642, 345, 369, 375, 496
-1.00646, 125, 1, 156, 128
-1.00656, 109, 1, 140, 128
-1.00659, 241, 369, 368, 496
-1.00683, 65, 33, 128, 160
-1.00693, 61, 97, 92, 224
-1.00714, 257, 369, 288, 496
-1.00722, 233, 369, 296, 496
-1.00739, 69, 305, 100, 432
-1.00782, 65, 369, 96, 496
-1.00791, 213, 369, 244, 496
-1.00791, 161, 17, 288, 144
-1.00796, 241, 385, 368, 448
-1.00814, 61, 257, 92, 384
-1.00835, 225, 305, 352, 432
-1.0084, 221, 305, 252, 432
-1.00856, 245, 353, 276, 480
-1.00864, 41, 273, 104, 400
-1.00888, 217, 273, 280, 400
-1.0089, 205, 241, 236, 368
-1.00891, 161, 65, 288, 192
-1.00896, 173, 81, 204, 208
-1.00897, 245, 305, 276, 432
-1.00915, 197, 193, 228, 320
-1.00919, 77, 257, 108, 384
-1.00925, 241, 17, 368, 144
-1.00925, 241, 65, 368, 192
-1.00925, 241, 113, 368, 240
-1.00925, 193, 161, 320, 288
-1.00925, 241, 161, 368, 288
-1.00925, 241, 209, 368, 336
-1.00925, 241, 257, 368, 384
-1.00929, 185, 81, 216, 208
-1.0093, 61, 209, 92, 336
-1.00936, 217, 225, 248, 352
-1.00941, 193, 257, 224, 384
-1.00941, 177, 209, 304, 336
-1.00944, 229, 257, 260, 384
-1.00945, 33, 321, 96, 448
-1.00961, 185, 129, 216, 256
-1.00961, 221, 177, 252, 304
-1.00962, 21, 321, 52, 448
-1.00975, 245, 257, 276, 384
-1.00981, 345, 305, 375, 432
-1.00986, 37, 321, 68, 448
-1.00987, 181, 33, 212, 160
-1.00987, 201, 145, 232, 272
-1.00987, 97, 1, 128, 128
-1.0099, 9, 321, 40, 448
-1.00993, 261, 305, 292, 432
-1.00994, 225, 225, 288, 352
-1.00994, 209, 289, 240, 416
-1.01, 213, 129, 244, 256
-1.01, 237, 209, 268, 336
-1.01004, 193, 33, 224, 160
-1.01004, 201, 97, 232, 224
-1.01008, 281, 305, 312, 432
-1.01012, 13, 225, 44, 352
-1.01012, 25, 225, 56, 352
-1.01012, 37, 225, 68, 352
-1.01012, 49, 225, 80, 352
-1.01012, 297, 241, 328, 368
-1.01012, 309, 241, 340, 368
-1.01012, 321, 241, 352, 368
-1.01012, 333, 241, 364, 368
-1.01012, 261, 257, 292, 384
-1.01012, 273, 257, 304, 384
-1.01012, 285, 257, 316, 384
-1.01012, 345, 257, 375, 384
-1.01012, 1, 273, 32, 400
-1.01012, 13, 273, 44, 400
-1.01012, 25, 273, 56, 400
-1.01012, 37, 273, 68, 400
-1.01012, 49, 273, 80, 400
-1.01012, 297, 289, 328, 416
-1.01012, 309, 289, 340, 416
-1.01012, 321, 289, 352, 416
-1.01012, 333, 289, 364, 416
-1.01048, 209, 177, 272, 304
-1.01048, 241, 273, 304, 400
-1.01085, 9, 289, 72, 416
-1.01095, 185, 1, 248, 128
-1.01113, 289, 305, 352, 432
-1.0112, 193, 81, 256, 208
-1.01123, 201, 225, 264, 352
-1.01128, 209, 129, 272, 256
-1.01135, 265, 289, 328, 416
-1.01142, 17, 1, 80, 128
-1.01142, 265, 1, 328, 128
-1.01142, 313, 1, 375, 128
-1.01142, 241, 17, 304, 144
-1.01142, 289, 17, 352, 144
-1.01142, 217, 33, 280, 160
-1.01142, 9, 49, 72, 176
-1.01142, 265, 49, 328, 176
-1.01142, 313, 49, 375, 176
-1.01142, 241, 65, 304, 192
-1.01142, 289, 65, 352, 192
-1.01142, 217, 81, 280, 208
-1.01142, 9, 97, 72, 224
-1.01142, 265, 97, 328, 224
-1.01142, 313, 97, 375, 224
-1.01142, 241, 113, 304, 240
-1.01142, 289, 113, 352, 240
-1.01142, 17, 145, 80, 272
-1.01142, 265, 145, 328, 272
-1.01142, 313, 145, 375, 272
-1.01142, 241, 161, 304, 288
-1.01142, 289, 161, 352, 288
-1.01142, 17, 193, 80, 320
-1.01142, 265, 193, 328, 320
-1.01142, 313, 193, 375, 320
-1.01142, 289, 209, 352, 336
-1.01142, 17, 241, 80, 368
-1.01142, 265, 241, 328, 368
-1.01142, 313, 241, 375, 368
-1.01142, 289, 257, 352, 384
-1.01142, 313, 289, 375, 416
-1.01367, 233, 321, 296, 448
