2008
-0.211147, 1, 1, 500, 401
-0.279351, 1, 65, 500, 320
-0.377237, 1, 161, 500, 401
-0.393673, 1, 1, 256, 401
-0.456619, 97, 1, 352, 401
-0.487977, 1, 33, 256, 288
-0.567768, 193, 1, 448, 401
-0.576588, 97, 129, 352, 384
-0.644955, 97, 33, 352, 288
-0.645743, 1, 129, 256, 384
-0.682224, 257, 161, 500, 401
-0.801376, 193, 65, 448, 320
-0.811576, 129, 65, 256, 320
-0.828275, 145, 1, 272, 401
-0.830219, 33, 97, 160, 352
-0.847831, 17, 1, 144, 401
-0.858857, 81, 65, 208, 320
-0.863614, 1, 177, 500, 304
-0.864701, 65, 1, 192, 401
-0.872255, 1, 225, 500, 352
-0.876359, 177, 33, 304, 288
-0.881282, 369, 161, 496, 401
-0.886656, 193, 161, 320, 401
-0.887959, 33, 1, 160, 256
-0.889672, 145, 161, 272, 401
-0.890857, 81, 161, 208, 401
-0.891223, 1, 113, 500, 240
-0.898467, 1, 65, 500, 192
-0.900333, 193, 1, 320, 401
-0.903516, 1, 49, 256, 176
-0.91034, 273, 161, 400, 401
-0.911271, 97, 145, 352, 272
-0.911772, 289, 1, 416, 401
-0.913072, 241, 1, 368, 401
-0.914331, 369, 1, 496, 401
-0.915456, 321, 129, 448, 384
-0.91626, 1, 129, 256, 256
-0.918311, 1, 225, 256, 352
-0.919223, 257, 177, 500, 304
-0.923221, 1, 1, 256, 128
-0.923246, 161, 193, 416, 320
-0.927169, 177, 81, 240, 208
-0.927676, 145, 145, 272, 272
-0.929231, 273, 65, 400, 320
-0.92962, 97, 49, 352, 176
-0.930601, 1, 177, 256, 304
-0.931069, 97, 97, 352, 224
-0.935492, 1, 209, 64, 336
-0.936497, 257, 241, 500, 368
-0.936825, 177, 33, 240, 160
-0.937388, 1, 17, 500, 144
-0.937487, 129, 65, 256, 192
-0.937488, 97, 241, 352, 368
-0.938075, 1, 161, 64, 288
-0.940225, 17, 161, 144, 288
-0.940874, 25, 81, 88, 208
-0.941856, 193, 97, 448, 224
-0.942141, 121, 225, 184, 352
-0.942666, 1, 209, 128, 336
-0.942951, 161, 129, 224, 256
-0.943233, 33, 161, 96, 288
-0.943515, 33, 81, 160, 208
-0.943661, 153, 65, 216, 192
-0.944291, 65, 193, 192, 320
-0.944528, 177, 49, 304, 176
-0.944528, 193, 161, 320, 288
-0.944641, 33, 33, 160, 160
-0.945039, 97, 129, 224, 256
-0.946174, 217, 161, 280, 288
-0.946772, 177, 57, 240, 120
-0.946868, 81, 65, 208, 192
-0.947428, 129, 129, 192, 256
-0.94762, 97, 241, 224, 368
-0.947835, 25, 209, 88, 336
-0.947947, 89, 161, 152, 288
-0.948501, 369, 161, 496, 288
-0.949588, 129, 177, 192, 304
-0.949775, 193, 145, 256, 272
-0.950751, 225, 33, 352, 288
-0.951203, 369, 65, 496, 320
-0.95149, 65, 161, 128, 288
-0.95254, 1, 273, 64, 336
-0.952869, 121, 233, 184, 296
-0.953001, 177, 81, 240, 144
-0.953217, 113, 17, 240, 144
-0.953762, 49, 17, 112, 144
-0.953865, 49, 97, 112, 224
-0.954741, 49, 241, 176, 368
-0.954817, 1, 273, 256, 400
-0.954846, 145, 241, 208, 368
-0.95519, 249, 177, 312, 304
-0.955448, 121, 65, 184, 192
-0.956, 273, 177, 336, 304
-0.956054, 193, 153, 256, 216
-0.956273, 321, 241, 448, 368
-0.956756, 201, 97, 264, 224
-0.957154, 177, 97, 304, 224
-0.957275, 25, 33, 88, 160
-0.957488, 1, 233, 64, 296
-0.957649, 377, 161, 440, 288
-0.957664, 145, 217, 208, 280
-0.957755, 193, 33, 448, 160
-0.958093, 1, 113, 64, 240
-0.958167, 273, 177, 400, 304
-0.958577, 177, 105, 240, 168
-0.958592, 73, 81, 136, 208
-0.958839, 225, 209, 352, 336
-0.959214, 105, 73, 168, 136
-0.959255, 145, 249, 208, 312
-0.959472, 361, 241, 424, 368
-0.959603, 265, 193, 328, 256
-0.959626, 49, 209, 112, 336
-0.959954, 1, 65, 64, 192
-0.960153, 9, 257, 72, 384
-0.96019, 169, 145, 232, 208
-0.960303, 153, 177, 216, 304
-0.960363, 17, 97, 80, 160
-0.960427, 369, 209, 496, 336
-0.960554, 1, 145, 64, 208
-0.960739, 97, 209, 160, 336
-0.96076, 433, 161, 496, 288
-0.960785, 201, 33, 264, 160
-0.961091, 65, 161, 128, 224
-0.961107, 193, 49, 224, 112
-0.961131, 105, 209, 168, 272
-0.961279, 49, 57, 112, 120
-0.961396, 321, 161, 448, 288
-0.961997, 97, 81, 160, 208
-0.962064, 273, 273, 400, 400
-0.962149, 17, 65, 80, 320
-0.962173, 1, 273, 500, 400
-0.962575, 233, 169, 296, 232
-0.963228, 17, 73, 80, 136
-0.963306, 153, 273, 216, 336
-0.963702, 25, 169, 88, 232
-0.963723, 177, 33, 240, 288
-0.963991, 169, 257, 232, 384
-0.964332, 177, 209, 304, 336
-0.964819, 113, 145, 176, 208
-0.964929, 89, 161, 152, 224
-0.964972, 33, 217, 96, 280
-0.965007, 1, 257, 128, 384
-0.965045, 49, 33, 112, 96
-0.965104, 145, 81, 208, 144
-0.965321, 81, 193, 144, 256
-0.965619, 105, 265, 168, 328
-0.96591, 337, 209, 400, 336
-0.96593, 297, 193, 360, 320
-0.966188, 409, 225, 472, 352
-0.966716, 97, 257, 160, 384
-0.966953, 129, 73, 256, 136
-0.967099, 113, 145, 240, 208
-0.967116, 81, 65, 144, 128
-0.967201, 209, 65, 272, 128
-0.967245, 41, 81, 104, 144
-0.967247, 145, 257, 272, 384
-0.967421, 401, 161, 464, 288
-0.967528, 273, 129, 400, 256
-0.96755, 81, 33, 144, 160
-0.967753, 145, 57, 208, 120
-0.967866, 113, 193, 240, 320
-0.967872, 369, 161, 432, 224
-0.96802, 25, 273, 88, 336
-0.968064, 113, 33, 176, 288
-0.968321, 41, 145, 104, 208
-0.968385, 73, 209, 136, 336
-0.96839, 161, 161, 288, 224
-0.968457, 49, 65, 112, 320
-0.968622, 121, 177, 184, 240
-0.968713, 17, 49, 80, 112
-0.969039, 1, 185, 64, 248
-0.969067, 193, 49, 224, 176
-0.969121, 169, 169, 232, 232
-0.969166, 129, 49, 256, 112
-0.969182, 337, 161, 400, 288
-0.969235, 1, 161, 64, 401
-0.969565, 65, 241, 192, 304
-0.969762, 17, 161, 144, 224
-0.969796, 41, 105, 104, 168
-0.969824, 313, 265, 376, 328
-0.969924, 193, 177, 256, 240
-0.970308, 249, 225, 312, 352
-0.970367, 193, 1, 320, 128
-0.97043, 97, 1, 352, 128
-0.970561, 41, 257, 104, 384
-0.970702, 433, 209, 496, 336
-0.970827, 89, 129, 152, 384
-0.9709, 177, 57, 304, 120
-0.970947, 185, 33, 248, 96
-0.971002, 313, 257, 376, 384
-0.971117, 25, 193, 88, 256
-0.971274, 145, 177, 208, 240
-0.97135, 121, 273, 184, 400
-0.971547, 153, 105, 216, 168
-0.971746, 49, 209, 176, 272
-0.971801, 33, 49, 160, 112
-0.971823, 145, 137, 208, 200
-0.971893, 121, 65, 152, 128
-0.971944, 137, 17, 200, 144
-0.971948, 73, 137, 136, 200
-0.972112, 49, 9, 112, 72
-0.972112, 205, 81, 236, 208
-0.972143, 393, 217, 456, 280
-0.972203, 201, 81, 232, 144
-0.972259, 1, 209, 64, 272
-0.972272, 369, 209, 432, 272
-0.972371, 161, 249, 192, 312
-0.972498, 33, 249, 96, 312
-0.972554, 361, 249, 424, 312
-0.972567, 177, 193, 240, 320
-0.972688, 225, 33, 288, 160
-0.972726, 153, 97, 216, 352
-0.972771, 1, 17, 64, 144
-0.9728, 73, 257, 136, 384
-0.972836, 289, 201, 352, 264
-0.97305, 433, 201, 496, 264
-0.973053, 329, 177, 392, 240
-0.973191, 209, 49, 240, 112
-0.973339, 193, 97, 224, 224
-0.973477, 241, 161, 272, 224
-0.973587, 177, 281, 240, 344
-0.97369, 49, 161, 112, 401
-0.973717, 137, 225, 168, 288
-0.973858, 217, 153, 248, 216
-0.973936, 97, 265, 224, 328
-0.974024, 129, 97, 256, 160
-0.974042, 225, 113, 352, 240
-0.974119, 113, 169, 240, 232
-0.974149, 189, 73, 220, 136
-0.974191, 225, 257, 352, 384
-0.974227, 97, 233, 160, 296
-0.974287, 225, 209, 288, 336
-0.974352, 41, 33, 72, 96
-0.974388, 181, 65, 212, 192
-0.974404, 129, 129, 192, 384
-0.974498, 133, 65, 164, 128
-0.974499, 385, 241, 448, 368
-0.974511, 25, 161, 88, 401
-0.974697, 73, 89, 136, 152
-0.97474, 1, 145, 32, 208
-0.974744, 129, 273, 192, 336
-0.974827, 289, 273, 352, 400
-0.974832, 5, 265, 36, 328
-0.974842, 149, 217, 180, 280
-0.97495, 205, 153, 236, 216
-0.974983, 337, 233, 400, 296
-0.975146, 337, 257, 400, 320
-0.975297, 57, 185, 120, 248
-0.975306, 205, 33, 236, 160
-0.975343, 193, 185, 320, 248
-0.975385, 81, 73, 208, 136
-0.975415, 29, 209, 60, 336
-0.975431, 1, 201, 128, 264
-0.975501, 121, 121, 184, 184
-0.975551, 433, 161, 496, 224
-0.975623, 81, 257, 144, 320
-0.975733, 89, 41, 152, 104
-0.975814, 41, 73, 72, 136
-0.975865, 1, 225, 128, 288
-0.975956, 121, 49, 184, 112
-0.975981, 113, 17, 176, 144
-0.976144, 17, 1, 80, 64
-0.976296, 169, 129, 200, 256
-0.976308, 1, 217, 32, 280
-0.976318, 273, 225, 400, 352
-0.976331, 269, 185, 300, 248
-0.976348, 25, 297, 88, 360
-0.976391, 1, 209, 32, 336
-0.97643, 425, 225, 488, 288
-0.97659, 13, 145, 44, 272
-0.976661, 181, 265, 212, 328
-0.976728, 17, 121, 80, 184
-0.976735, 193, 145, 224, 208
-0.976773, 33, 73, 160, 136
-0.976774, 377, 129, 440, 384
-0.976913, 113, 225, 240, 288
-0.976941, 49, 281, 112, 344
-0.976943, 1, 137, 128, 200
-0.976955, 1, 257, 128, 320
-0.976988, 97, 121, 160, 184
-0.977019, 57, 225, 120, 288
-0.977061, 353, 169, 480, 232
-0.977071, 65, 161, 192, 224
-0.977079, 225, 193, 288, 256
-0.977111, 249, 113, 312, 240
-0.977216, 17, 225, 48, 352
-0.977222, 273, 273, 400, 336
-0.977271, 201, 89, 264, 152
-0.977386, 149, 249, 180, 312
-0.977405, 289, 273, 352, 336
-0.977439, 25, 241, 56, 304
-0.977454, 149, 177, 180, 304
-0.977714, 369, 257, 496, 384
-0.977739, 109, 81, 140, 144
-0.977753, 41, 9, 72, 72
-0.977769, 257, 177, 288, 240
-0.977854, 249, 217, 312, 280
-0.97788, 21, 273, 52, 336
-0.977909, 49, 185, 176, 248
-0.978046, 65, 97, 192, 160
-0.978046, 241, 201, 368, 264
-0.97806, 165, 209, 196, 272
-0.978181, 209, 129, 272, 192
-0.978203, 337, 257, 400, 384
-0.978216, 221, 145, 252, 272
-0.978221, 109, 161, 140, 224
-0.978262, 17, 25, 80, 88
-0.978284, 121, 217, 152, 280
-0.978311, 201, 65, 264, 320
-0.978448, 225, 97, 288, 224
-0.978498, 17, 153, 48, 216
-0.978507, 41, 17, 72, 144
-0.978588, 1, 257, 32, 384
-0.978598, 213, 73, 244, 136
-0.978669, 169, 81, 200, 144
-0.978672, 205, 105, 236, 168
-0.978687, 177, 81, 304, 144
-0.978818, 273, 225, 336, 352
-0.978833, 121, 97, 184, 160
-0.978859, 217, 65, 248, 192
-0.978912, 1, 297, 64, 360
-0.978949, 65, 137, 192, 200
-0.978969, 277, 177, 308, 304
-0.979046, 1, 161, 32, 288
-0.979212, 37, 265, 68, 328
-0.979256, 133, 209, 164, 336
-0.979279, 117, 257, 148, 320
-0.979316, 117, 145, 148, 272
-0.979362, 137, 265, 168, 328
-0.979379, 369, 193, 496, 256
-0.979394, 89, 33, 152, 288
-0.979452, 89, 161, 120, 288
-0.979479, 45, 161, 76, 288
-0.979519, 173, 241, 204, 368
-0.979521, 73, 281, 136, 344
-0.97953, 369, 185, 432, 248
-0.979579, 81, 153, 112, 216
-0.979601, 185, 1, 248, 401
-0.979639, 241, 161, 272, 288
-0.979677, 177, 233, 240, 296
-0.979706, 57, 97, 88, 224
-0.97977, 25, 161, 56, 288
-0.979821, 137, 1, 200, 256
-0.979826, 133, 193, 164, 256
-0.979851, 13, 225, 44, 288
-0.979955, 381, 161, 412, 288
-0.979959, 125, 65, 156, 192
-0.980004, 41, 65, 72, 192
-0.980026, 217, 41, 280, 104
-0.980041, 113, 185, 144, 248
-0.980056, 101, 161, 132, 288
-0.980056, 121, 209, 152, 336
-0.980188, 165, 137, 196, 200
-0.980194, 157, 113, 188, 240
-0.980257, 321, 257, 448, 320
-0.980295, 145, 225, 176, 352
-0.980296, 369, 113, 432, 240
-0.980572, 169, 209, 232, 272
-0.980613, 393, 185, 456, 248
-0.980739, 253, 177, 284, 304
-0.980798, 281, 185, 312, 248
-0.980933, 177, 113, 304, 176
-0.980954, 41, 209, 72, 336
-0.980963, 449, 161, 480, 288
-0.980974, 25, 1, 88, 401
-0.980981, 145, 281, 272, 344
-0.980999, 29, 169, 60, 232
-0.981011, 97, 97, 160, 160
-0.981046, 177, 257, 240, 320
-0.98106, 209, 145, 240, 272
-0.981186, 61, 145, 92, 208
-0.981202, 169, 81, 200, 208
-0.981334, 249, 161, 312, 401
-0.98135, 337, 201, 400, 264
-0.98135, 201, 297, 264, 360
-0.981357, 149, 177, 180, 240
-0.98145, 137, 129, 168, 256
-0.98147, 45, 145, 76, 208
-0.981479, 37, 241, 68, 304
-0.98165, 353, 161, 416, 401
-0.981676, 33, 25, 160, 88
-0.981801, 1, 113, 128, 176
-0.981802, 29, 81, 60, 208
-0.981821, 225, 177, 256, 240
-0.981836, 385, 249, 448, 312
-0.981851, 125, 89, 156, 152
-0.981961, 1, 281, 128, 344
-0.98198, 97, 201, 224, 264
-0.982012, 49, 105, 80, 168
-0.982081, 157, 225, 188, 352
-0.982116, 393, 161, 456, 224
-0.982128, 273, 129, 336, 256
-0.982161, 265, 177, 296, 304
-0.982206, 101, 81, 132, 208
-0.982238, 381, 161, 412, 224
-0.982326, 169, 273, 200, 336
-0.98234, 289, 209, 416, 272
-0.982433, 153, 33, 216, 96
-0.982501, 181, 113, 212, 240
-0.982512, 289, 169, 416, 232
-0.98255, 401, 161, 464, 401
-0.982587, 61, 161, 92, 288
-0.982722, 109, 209, 140, 336
-0.982731, 225, 217, 288, 280
-0.982731, 241, 305, 304, 368
-0.98279, 353, 217, 480, 280
-0.982837, 77, 145, 108, 272
-0.982855, 61, 225, 92, 352
-0.982859, 325, 273, 356, 336
-0.982887, 177, 105, 208, 168
-0.982897, 425, 249, 488, 312
-0.982906, 93, 169, 124, 232
-0.982964, 121, 1, 184, 401
-0.98301, 145, 65, 176, 128
-0.983074, 113, 81, 144, 208
-0.983139, 73, 113, 136, 176
-0.983171, 21, 201, 52, 264
-0.983196, 433, 161, 496, 401
-0.983208, 1, 177, 32, 240
-0.983217, 49, 1, 112, 401
-0.983252, 61, 121, 92, 184
-0.983257, 145, 257, 272, 320
-0.98329, 161, 225, 288, 288
-0.983319, 225, 49, 352, 176
-0.983353, 181, 145, 212, 208
-0.983366, 145, 193, 272, 256
-0.983412, 69, 97, 100, 224
-0.983457, 57, 1, 88, 128
-0.983472, 369, 113, 496, 240
-0.983473, 133, 257, 164, 384
-0.983498, 161, 177, 192, 304
-0.98353, 437, 161, 468, 288
-0.983569, 209, 161, 272, 401
-0.983602, 469, 161, 500, 288
-0.983633, 121, 153, 152, 216
-0.983766, 417, 161, 448, 288
-0.983806, 113, 129, 144, 192
-0.983902, 5, 97, 36, 224
-0.984001, 313, 145, 376, 272
-0.984037, 97, 81, 128, 144
-0.984136, 241, 185, 272, 248
-0.984253, 193, 145, 224, 272
-0.984305, 61, 169, 92, 232
-0.984363, 81, 49, 208, 112
-0.984403, 53, 49, 84, 176
-0.984462, 321, 33, 448, 288
-0.984547, 161, 177, 192, 240
-0.984588, 85, 65, 116, 192
-0.984591, 133, 169, 164, 232
-0.984632, 105, 249, 136, 312
-0.984646, 41, 289, 72, 352
-0.984698, 225, 281, 288, 344
-0.984702, 29, 137, 60, 200
-0.984752, 97, 209, 128, 336
-0.984756, 45, 113, 76, 240
-0.984877, 41, 169, 72, 232
-0.984912, 157, 273, 188, 336
-0.984952, 161, 137, 288, 200
-0.984982, 13, 273, 44, 400
-0.985023, 293, 193, 324, 256
-0.985096, 33, 1, 160, 64
-0.985165, 77, 225, 108, 352
-0.985196, 469, 201, 500, 264
-0.985208, 289, 233, 416, 296
-0.985247, 229, 153, 260, 216
-0.985248, 153, 273, 184, 400
-0.98525, 177, 129, 240, 384
-0.985323, 177, 217, 208, 280
-0.98533, 337, 113, 400, 240
-0.985344, 189, 113, 220, 176
-0.985346, 57, 33, 88, 96
-0.985348, 289, 169, 352, 232
-0.985376, 1, 1, 64, 401
-0.985445, 121, 257, 152, 384
-0.985448, 265, 273, 328, 336
-0.98549, 293, 177, 324, 304
-0.985493, 193, 33, 320, 96
-0.985519, 173, 177, 204, 304
-0.985521, 57, 1, 88, 64
-0.985524, 109, 57, 140, 120
-0.985551, 37, 217, 68, 280
-0.985609, 149, 49, 180, 176
-0.985667, 93, 145, 124, 208
-0.985776, 433, 209, 464, 336
-0.985805, 461, 177, 492, 240
-0.985819, 153, 1, 216, 401
-0.985847, 449, 169, 480, 232
-0.985905, 441, 201, 472, 264
-0.985957, 425, 273, 488, 400
-0.985977, 369, 249, 496, 312
-0.986011, 225, 137, 352, 200
-0.986053, 97, 1, 160, 401
-0.986057, 377, 257, 408, 320
-0.986057, 337, 281, 400, 344
-0.986087, 405, 161, 436, 288
-0.9861, 209, 1, 272, 401
-0.986135, 365, 209, 396, 336
-0.986225, 21, 33, 52, 160
-0.986231, 193, 241, 256, 368
-0.986258, 281, 297, 344, 360
-0.986283, 369, 137, 432, 200
-0.986324, 193, 1, 224, 128
-0.986332, 221, 49, 252, 112
-0.986396, 65, 281, 96, 344
-0.986431, 313, 217, 376, 280
-0.986436, 113, 25, 240, 88
-0.986565, 209, 129, 240, 192
-0.986625, 181, 49, 212, 112
-0.986644, 137, 81, 168, 208
-0.986647, 329, 241, 360, 368
-0.986662, 49, 225, 80, 288
-0.986669, 61, 57, 92, 120
-0.986672, 305, 241, 368, 304
-0.986678, 73, 49, 104, 176
-0.986715, 137, 33, 168, 160
-0.986723, 329, 129, 392, 384
-0.986766, 265, 169, 328, 232
-0.986796, 17, 129, 48, 192
-0.986816, 217, 17, 248, 144
-0.986842, 457, 209, 488, 272
-0.986848, 377, 241, 408, 368
-0.986867, 105, 289, 168, 352
-0.98695, 101, 193, 132, 256
-0.986954, 265, 273, 328, 400
-0.986994, 125, 121, 156, 184
-0.987014, 57, 257, 120, 320
-0.987024, 233, 145, 296, 208
-0.98704, 193, 169, 224, 232
-0.987042, 465, 209, 496, 336
-0.987055, 289, 161, 352, 401
-0.987216, 49, 257, 80, 320
-0.987244, 149, 137, 180, 200
-0.987287, 305, 201, 336, 264
-0.987339, 229, 97, 260, 224
-0.98738, 25, 73, 56, 136
-0.98741, 113, 25, 176, 88
-0.987426, 125, 41, 156, 104
-0.987444, 73, 129, 104, 192
-0.987448, 409, 113, 472, 240
-0.987472, 361, 273, 424, 336
-0.987521, 469, 225, 500, 288
-0.987567, 113, 121, 240, 184
-0.987603, 89, 113, 120, 240
-0.987619, 265, 225, 296, 352
-0.987634, 213, 25, 244, 88
-0.98769, 241, 233, 368, 296
-0.9877, 257, 297, 384, 360
-0.987726, 217, 273, 280, 400
-0.987729, 177, 77, 240, 108
-0.987738, 1, 289, 32, 352
-0.987749, 29, 113, 60, 176
-0.987786, 241, 177, 368, 240
-0.987809, 337, 257, 368, 320
-0.98782, 17, 81, 48, 208
-0.987823, 185, 61, 248, 92
-0.987824, 329, 153, 392, 216
-0.987824, 201, 201, 264, 264
-0.987862, 445, 209, 476, 336
-0.987869, 33, 257, 64, 384
-0.987917, 389, 241, 420, 368
-0.987964, 45, 257, 76, 384
-0.98798, 145, 41, 176, 104
-0.988009, 385, 273, 448, 336
-0.98805, 309, 193, 340, 320
-0.988057, 73, 1, 136, 401
-0.988059, 341, 241, 372, 368
-0.988088, 65, 297, 192, 360
-0.988119, 313, 273, 344, 336
-0.988199, 101, 33, 132, 160
-0.988273, 213, 177, 244, 240
-0.988279, 153, 9, 216, 72
-0.988345, 105, 105, 136, 168
-0.988364, 97, 177, 352, 240
-0.988416, 221, 129, 252, 192
-0.988432, 1, 65, 256, 128
-0.988439, 365, 241, 396, 304
-0.988458, 393, 161, 424, 288
-0.988595, 321, 113, 448, 240
-0.988643, 17, 177, 48, 240
-0.988693, 21, 49, 52, 112
-0.988729, 317, 241, 348, 368
-0.988778, 109, 257, 140, 384
-0.988823, 349, 257, 380, 320
-0.988862, 193, 265, 224, 328
-0.988885, 261, 209, 292, 272
-0.988934, 381, 225, 412, 288
-0.988945, 173, 177, 204, 240
-0.988946, 197, 57, 228, 88
-0.988973, 57, 193, 88, 256
-0.989006, 93, 257, 124, 384
-0.989012, 321, 281, 448, 344
-0.989014, 81, 177, 112, 240
-0.989037, 469, 153, 500, 216
-0.989057, 65, 153, 320, 216
-0.989092, 305, 297, 368, 360
-0.989114, 201, 257, 264, 320
-0.989134, 401, 209, 432, 336
-0.989143, 121, 17, 152, 144
-0.989154, 153, 305, 216, 368
-0.989169, 133, 145, 164, 208
-0.989213, 185, 257, 216, 384
-0.98924, 137, 217, 200, 248
-0.989245, 101, 281, 132, 344
-0.989285, 169, 17, 200, 144
-0.989285, 177, 101, 240, 132
-0.989292, 273, 49, 336, 176
-0.989349, 317, 209, 348, 272
-0.98935, 249, 49, 312, 176
-0.989374, 265, 201, 328, 232
-0.989399, 233, 181, 296, 212
-0.989435, 121, 245, 184, 276
-0.989506, 49, 273, 176, 336
-0.989539, 193, 161, 256, 192
-0.989546, 1, 41, 256, 104
-0.989547, 325, 193, 356, 320
-0.98959, 361, 161, 392, 288
-0.989627, 177, 89, 240, 120
-0.989653, 145, 93, 208, 124
-0.989681, 269, 289, 300, 352
-0.989686, 241, 169, 272, 200
-0.989741, 93, 49, 124, 112
-0.989768, 249, 65, 312, 320
-0.989803, 105, 85, 168, 116
-0.989806, 1, 113, 32, 176
-0.989889, 49, 305, 112, 368
-0.989903, 1, 285, 64, 316
-0.989913, 321, 269, 384, 300
-0.989951, 281, 233, 344, 296
-0.989956, 49, 57, 112, 88
-0.989987, 421, 225, 452, 352
-0.990004, 209, 173, 272, 204
-0.990005, 121, 73, 184, 104
-0.990034, 1, 241, 64, 272
-0.990059, 137, 257, 200, 288
-0.990123, 113, 221, 176, 252
-0.990125, 1, 249, 256, 312
-0.990137, 65, 161, 128, 192
-0.990138, 17, 97, 80, 128
-0.990142, 185, 49, 248, 80
-0.990209, 49, 69, 112, 100
-0.990227, 121, 205, 184, 236
-0.990266, 169, 165, 232, 196
-0.990278, 145, 229, 208, 260
-0.990282, 1, 149, 64, 180
-0.990288, 145, 81, 208, 112
-0.990308, 225, 257, 352, 320
-0.990309, 1, 253, 64, 284
-0.990345, 169, 153, 232, 184
-0.990359, 85, 17, 116, 144
-0.990361, 105, 265, 168, 296
-0.990367, 211, 49, 226, 112
-0.990387, 289, 213, 352, 244
-0.990426, 17, 165, 80, 196
-0.990435, 193, 305, 320, 368
-0.990439, 17, 81, 80, 112
-0.990504, 49, 93, 112, 124
-0.990556, 145, 69, 208, 100
-0.990577, 209, 65, 272, 96
-0.990602, 109, 77, 140, 108
-0.990616, 33, 89, 288, 152
-0.990622, 153, 269, 216, 300
-0.990654, 17, 69, 80, 100
-0.990661, 193, 281, 320, 344
-0.990675, 49, 289, 112, 320
-0.990675, 49, 45, 112, 76
-0.990689, 41, 81, 104, 112
-0.990693, 25, 221, 88, 252
-0.990735, 1, 225, 64, 256
-0.990738, 161, 217, 224, 248
-0.990738, 105, 185, 168, 216
-0.990782, 189, 77, 220, 108
-0.990785, 129, 145, 192, 176
-0.990794, 5, 49, 36, 176
-0.990817, 25, 153, 88, 184
-0.990817, 81, 77, 144, 108
-0.990828, 213, 65, 244, 96
-0.990834, 201, 77, 264, 108
-0.990849, 217, 17, 280, 80
-0.990864, 17, 57, 80, 88
-0.99091, 257, 213, 320, 244
-0.990912, 1, 209, 256, 272
-0.990918, 329, 1, 392, 401
-0.990923, 433, 201, 496, 232
-0.990949, 289, 201, 352, 232
-0.990973, 89, 161, 152, 192
-0.990975, 213, 157, 244, 188
-0.990989, 1, 129, 256, 192
-0.990992, 97, 209, 160, 240
-0.991006, 129, 297, 192, 360
-0.991011, 129, 173, 192, 204
-0.991021, 169, 177, 232, 208
-0.99104, 365, 257, 396, 384
-0.991042, 89, 137, 152, 168
-0.991059, 329, 145, 360, 272
-0.991076, 49, 217, 112, 248
-0.991081, 233, 169, 296, 200
-0.991085, 193, 149, 256, 180
-0.991087, 153, 105, 216, 136
-0.991107, 1, 273, 64, 304
-0.991119, 1, 153, 32, 184
-0.991121, 305, 273, 336, 400
-0.991131, 273, 81, 336, 144
-0.991135, 81, 197, 144, 228
-0.991146, 433, 213, 496, 244
-0.991148, 113, 233, 176, 264
-0.991151, 205, 49, 220, 112
-0.991156, 137, 57, 200, 88
-0.991161, 105, 97, 168, 128
-0.991172, 125, 77, 156, 108
-0.991172, 369, 165, 432, 196
-0.991176, 73, 173, 136, 204
-0.991176, 273, 81, 400, 208
-0.991203, 41, 53, 72, 84
-0.991207, 265, 129, 296, 256
-0.991213, 409, 273, 472, 336
-0.991235, 25, 289, 88, 320
-0.991235, 213, 73, 228, 136
-0.991237, 329, 201, 392, 232
-0.991238, 129, 273, 192, 304
-0.99124, 49, 149, 112, 180
-0.991245, 369, 209, 432, 240
-0.991268, 293, 257, 324, 384
-0.991268, 329, 177, 392, 208
-0.991269, 9, 277, 40, 308
-0.99127, 41, 105, 104, 136
-0.991301, 329, 281, 392, 312
-0.991311, 425, 225, 488, 256
-0.991318, 265, 189, 328, 220
-0.991318, 49, 33, 112, 64
-0.99133, 185, 65, 216, 96
-0.991332, 81, 65, 144, 96
-0.991345, 241, 193, 304, 224
-0.991348, 17, 45, 80, 76
-0.99135, 105, 149, 168, 180
-0.991354, 217, 301, 280, 332
-0.991367, 165, 213, 196, 244
-0.991386, 121, 133, 184, 164
-0.991413, 17, 109, 80, 140
-0.991413, 305, 281, 368, 312
-0.991425, 169, 289, 232, 320
-0.991429, 265, 1, 328, 401
-0.991445, 361, 261, 424, 292
-0.991451, 105, 173, 168, 204
-0.991451, 65, 185, 128, 216
-0.991454, 137, 69, 168, 100
-0.991474, 81, 261, 144, 292
-0.991479, 41, 65, 72, 96
-0.991487, 153, 45, 216, 76
-0.991505, 49, 13, 112, 44
-0.991508, 1, 225, 32, 256
-0.99153, 113, 49, 176, 80
-0.991532, 89, 49, 152, 80
-0.991555, 369, 189, 432, 220
-0.991559, 17, 137, 80, 168
-0.991563, 41, 165, 104, 196
-0.991564, 141, 217, 172, 248
-0.991565, 217, 53, 280, 84
-0.991578, 41, 41, 72, 72
-0.991578, 113, 161, 176, 192
-0.99159, 177, 113, 240, 144
-0.991607, 49, 1, 112, 32
-0.991616, 369, 221, 432, 252
-0.991625, 89, 221, 152, 252
-0.991633, 393, 221, 456, 252
-0.991634, 25, 193, 88, 224
-0.991638, 161, 57, 224, 88
-0.991642, 17, 1, 80, 32
-0.991643, 73, 289, 136, 320
-0.991643, 277, 225, 308, 352
-0.991658, 17, 209, 80, 240
-0.991663, 249, 301, 312, 332
-0.991664, 81, 89, 144, 120
-0.991697, 195, 57, 210, 120
-0.991714, 17, 33, 80, 64
-0.991719, 201, 89, 264, 120
-0.991723, 261, 181, 292, 212
-0.991728, 17, 13, 80, 44
-0.991736, 117, 253, 148, 284
-0.991757, 201, 77, 232, 108
-0.99177, 277, 189, 308, 220
-0.991778, 25, 269, 88, 300
-0.991779, 9, 301, 72, 332
-0.991815, 117, 89, 148, 120
-0.991833, 41, 233, 104, 264
-0.991837, 353, 1, 416, 401
-0.991839, 181, 17, 212, 144
-0.991842, 129, 201, 384, 264
-0.991843, 289, 145, 416, 208
-0.991844, 41, 205, 104, 236
-0.991846, 253, 225, 284, 352
-0.99185, 97, 249, 160, 280
-0.99186, 25, 177, 88, 208
-0.991884, 161, 253, 192, 284
-0.991886, 1, 177, 256, 240
-0.9919, 381, 113, 412, 240
-0.991901, 97, 293, 160, 324
-0.991906, 425, 165, 488, 196
-0.991907, 233, 209, 296, 240
-0.991921, 73, 101, 136, 132
-0.991925, 185, 273, 248, 304
-0.991933, 41, 29, 72, 60
-0.991978, 197, 153, 228, 184
-0.991984, 129, 57, 384, 120
-0.992017, 185, 149, 216, 180
-0.992033, 41, 77, 72, 108
-0.992051, 25, 161, 56, 192
-0.992062, 253, 129, 284, 256
-0.992082, 185, 1, 248, 64
-0.992085, 385, 1, 448, 401
-0.992121, 105, 89, 136, 120
-0.992145, 193, 165, 224, 196
-0.992159, 129, 217, 160, 248
-0.99217, 1, 161, 500, 224
-0.992246, 41, 17, 72, 48
-0.992247, 97, 265, 352, 328
-0.992274, 17, 233, 48, 264
-0.992288, 229, 49, 260, 176
-0.992324, 337, 193, 368, 320
-0.992327, 77, 161, 108, 192
-0.992328, 241, 273, 304, 400
-0.992355, 221, 169, 252, 200
-0.992407, 5, 289, 36, 320
-0.992413, 345, 269, 376, 300
-0.992419, 241, 113, 272, 240
-0.992434, 409, 1, 472, 401
-0.992452, 173, 261, 204, 292
-0.992458, 305, 205, 336, 236
-0.992476, 13, 161, 44, 192
-0.992478, 225, 193, 480, 256
-0.992483, 1, 17, 256, 80
-0.992491, 25, 285, 56, 316
-0.992504, 189, 101, 220, 132
-0.992509, 369, 145, 496, 208
-0.99251, 219, 153, 234, 216
-0.992514, 169, 85, 200, 116
-0.99253, 289, 197, 320, 228
-0.992537, 305, 89, 368, 152
-0.992544, 129, 73, 256, 104
-0.992559, 89, 161, 120, 192
-0.992572, 353, 273, 384, 400
-0.992636, 137, 229, 168, 260
-0.99269, 121, 265, 152, 296
-0.992696, 137, 81, 168, 112
-0.99272, 117, 213, 148, 244
-0.99273, 139, 73, 154, 136
-0.992731, 1, 65, 500, 128
-0.992732, 433, 1, 496, 401
-0.992766, 125, 65, 156, 96
-0.992774, 207, 73, 222, 136
-0.992782, 133, 205, 164, 236
-0.992792, 141, 245, 172, 276
-0.992855, 113, 189, 144, 220
-0.99287, 185, 193, 216, 320
-0.992884, 205, 105, 236, 136
-0.992892, 1, 273, 256, 336
-0.992893, 105, 257, 136, 288
-0.992922, 153, 217, 184, 248
-0.992942, 41, 5, 72, 36
-0.992975, 213, 53, 244, 84
-0.992979, 273, 65, 336, 320
-0.992985, 185, 257, 200, 320
-0.993006, 145, 205, 176, 236
-0.993038, 41, 165, 72, 196
-0.993059, 313, 145, 344, 272
-0.993061, 177, 69, 304, 100
-0.993069, 9, 265, 24, 328
-0.993076, 289, 1, 352, 401
-0.99309, 247, 161, 262, 224
-0.9931, 33, 241, 64, 272
-0.993102, 1, 257, 500, 320
-0.993107, 213, 77, 244, 108
-0.993111, 277, 129, 308, 256
-0.993132, 29, 273, 60, 304
-0.993139, 225, 65, 288, 320
-0.993184, 317, 213, 348, 244
-0.993206, 233, 1, 296, 401
-0.99321, 261, 209, 292, 240
-0.993235, 97, 113, 352, 176
-0.993251, 93, 93, 124, 124
-0.993264, 401, 65, 464, 320
-0.993274, 377, 161, 408, 192
-0.993284, 65, 289, 96, 320
-0.993289, 33, 145, 64, 176
-0.993294, 185, 89, 216, 120
-0.993295, 437, 205, 468, 236
-0.993297, 37, 289, 68, 320
-0.993306, 453, 173, 484, 204
-0.993306, 161, 233, 416, 296
-0.993315, 41, 89, 72, 120
-0.993318, 401, 257, 432, 384
-0.993319, 177, 217, 208, 248
-0.993334, 333, 269, 364, 300
-0.993375, 297, 97, 360, 224
-0.993381, 165, 145, 196, 176
-0.993382, 5, 1, 36, 128
-0.993384, 197, 273, 228, 400
-0.993403, 81, 289, 112, 320
-0.993404, 61, 149, 92, 180
-0.993406, 229, 1, 260, 128
-0.993412, 113, 61, 144, 92
-0.993422, 257, 161, 500, 224
-0.993434, 1, 209, 500, 272
-0.993438, 9, 257, 40, 288
-0.993441, 151, 217, 166, 280
-0.993456, 197, 89, 228, 120
-0.993463, 129, 57, 256, 88
-0.993477, 133, 265, 164, 296
-0.993488, 393, 113, 424, 240
-0.993488, 9, 173, 40, 204
-0.993492, 157, 229, 188, 260
-0.993505, 149, 65, 180, 96
-0.993526, 297, 129, 328, 256
-0.99354, 73, 149, 104, 180
-0.993559, 257, 217, 500, 280
-0.993572, 173, 289, 204, 320
-0.993584, 17, 137, 48, 168
-0.993602, 13, 149, 44, 180
-0.993616, 25, 173, 56, 204
-0.993642, 225, 65, 352, 128
-0.993647, 269, 301, 300, 332
-0.993665, 433, 113, 496, 240
-0.993692, 61, 165, 92, 196
-0.993698, 225, 181, 256, 212
-0.993707, 325, 281, 356, 312
-0.993712, 49, 289, 80, 320
-0.993719, 101, 201, 132, 232
-0.993727, 469, 165, 500, 196
-0.993765, 113, 201, 144, 232
-0.993769, 257, 273, 500, 336
-0.993782, 93, 81, 124, 112
-0.993782, 109, 169, 140, 200
-0.993783, 57, 9, 88, 40
-0.993787, 125, 237, 156, 268
-0.993788, 157, 301, 188, 332
-0.993793, 45, 153, 76, 184
-0.99384, 129, 305, 256, 368
-0.993845, 33, 253, 64, 284
-0.993847, 57, 25, 88, 56
-0.993855, 229, 193, 260, 320
-0.993859, 159, 233, 174, 296
-0.993868, 241, 213, 368, 244
-0.993871, 57, 53, 88, 84
-0.993873, 205, 169, 236, 200
-0.993875, 197, 209, 228, 336
-0.993878, 149, 93, 180, 124
-0.99391, 45, 101, 76, 132
-0.993924, 1, 233, 500, 296
-0.993928, 329, 221, 360, 252
-0.993928, 453, 185, 484, 216
-0.993939, 121, 137, 152, 168
-0.993943, 249, 181, 280, 212
-0.993957, 21, 261, 52, 292
-0.993968, 1, 281, 16, 344
-0.993972, 421, 221, 452, 252
-0.993985, 97, 173, 128, 204
-0.993988, 61, 97, 92, 128
-0.993997, 175, 249, 190, 312
-0.994012, 93, 189, 124, 220
-0.994024, 161, 173, 192, 204
-0.994034, 45, 301, 76, 332
-0.994035, 57, 41, 88, 72
-0.994061, 45, 265, 60, 328
-0.99408, 257, 301, 288, 332
-0.994083, 57, 65, 88, 96
-0.994087, 169, 73, 200, 104
-0.994094, 169, 249, 184, 312
-0.994108, 185, 269, 216, 300
-0.994109, 225, 153, 256, 184
-0.994119, 1, 185, 500, 248
-0.99412, 205, 145, 220, 208
-0.99412, 129, 73, 144, 136
-0.994134, 1, 153, 16, 216
-0.994141, 229, 153, 244, 216
-0.994155, 29, 185, 60, 216
-0.994159, 161, 169, 288, 200
-0.994159, 113, 101, 144, 132
-0.994167, 257, 241, 500, 304
-0.994237, 1, 257, 16, 320
-0.994239, 129, 201, 144, 264
-0.994252, 165, 225, 180, 288
-0.994255, 189, 73, 204, 136
-0.994267, 121, 73, 136, 136
-0.994331, 5, 217, 20, 280
-0.994349, 113, 149, 240, 180
-0.994377, 129, 85, 256, 116
-0.994392, 17, 161, 144, 192
-0.9944, 177, 57, 304, 88
-0.994412, 33, 53, 160, 84
-0.994449, 81, 253, 208, 284
-0.994478, 437, 113, 468, 240
-0.994514, 161, 153, 416, 216
-0.994515, 7, 145, 22, 208
-0.994543, 129, 81, 384, 144
-0.994547, 21, 225, 36, 288
-0.99462, 33, 81, 160, 112
-0.994628, 13, 145, 28, 208
-0.994647, 109, 169, 124, 232
-0.994651, 19, 273, 34, 336
-0.994671, 425, 65, 488, 320
-0.994674, 135, 209, 150, 272
-0.994676, 253, 169, 268, 232
-0.994749, 131, 177, 146, 240
-0.994783, 63, 113, 78, 176
-0.994806, 217, 49, 232, 112
-0.994915, 283, 185, 298, 248
-0.99493, 81, 85, 208, 116
-0.994962, 33, 233, 48, 296
-0.99501, 157, 209, 172, 272
-0.995021, 33, 205, 160, 236
-0.995022, 199, 33, 214, 96
-0.995044, 97, 265, 224, 296
-0.995044, 213, 153, 228, 216
-0.995077, 193, 33, 224, 288
-0.995087, 193, 189, 320, 220
-0.995116, 33, 257, 160, 288
-0.995117, 305, 273, 432, 304
-0.995118, 127, 129, 142, 192
-0.995119, 115, 73, 130, 136
-0.995136, 193, 265, 208, 328
-0.995137, 41, 241, 56, 304
-0.995172, 129, 101, 256, 132
-0.995185, 193, 81, 320, 112
-0.995241, 65, 97, 96, 352
-0.995267, 55, 73, 70, 136
-0.995281, 33, 233, 160, 264
-0.995319, 199, 145, 214, 208
-0.99533, 33, 69, 160, 100
-0.995347, 81, 73, 208, 104
-0.995351, 485, 209, 500, 272
-0.995387, 85, 137, 100, 200
-0.995421, 1, 89, 500, 152
-0.995424, 63, 137, 78, 200
-0.995425, 121, 153, 136, 216
-0.995438, 27, 233, 42, 296
-0.995473, 17, 185, 144, 216
-0.995503, 17, 245, 144, 276
-0.995504, 129, 49, 144, 112
-0.99552, 205, 33, 236, 288
-0.99555, 145, 73, 160, 136
-0.995561, 33, 93, 160, 124
-0.995564, 35, 49, 50, 112
-0.995588, 271, 177, 286, 240
-0.995604, 289, 209, 416, 240
-0.995605, 369, 273, 496, 336
-0.995607, 145, 217, 272, 248
-0.995608, 369, 33, 432, 288
-0.995628, 81, 209, 208, 240
-0.995642, 17, 289, 144, 320
-0.995657, 29, 161, 60, 401
-0.995667, 209, 201, 336, 232
-0.995706, 171, 137, 186, 200
-0.995711, 65, 221, 192, 252
-0.995728, 51, 137, 66, 200
-0.995733, 1, 41, 500, 104
-0.995752, 241, 161, 256, 224
-0.99577, 47, 241, 62, 304
-0.995807, 125, 177, 140, 240
-0.995812, 17, 173, 144, 204
-0.995823, 5, 97, 36, 352
-0.995824, 121, 97, 152, 352
-0.995837, 73, 145, 88, 208
-0.995845, 37, 265, 52, 328
-0.995859, 51, 265, 66, 328
-0.995862, 171, 209, 186, 272
-0.99588, 153, 241, 168, 304
-0.995892, 161, 205, 288, 236
-0.995914, 137, 33, 168, 288
-0.995921, 353, 221, 480, 252
-0.995928, 295, 193, 310, 256
-0.99593, 225, 113, 352, 176
-0.995932, 1, 149, 128, 180
-0.995946, 17, 221, 144, 252
-0.995953, 193, 129, 448, 192
-0.99597, 113, 161, 240, 192
-0.99597, 49, 133, 176, 164
-0.995975, 223, 41, 238, 104
-0.995976, 369, 201, 496, 232
-0.996008, 53, 65, 84, 320
-0.996037, 1, 281, 500, 344
-0.996046, 57, 113, 72, 176
-0.996056, 31, 169, 46, 232
-0.996076, 57, 145, 72, 208
-0.996077, 329, 33, 392, 288
-0.996092, 187, 97, 202, 160
-0.996098, 121, 49, 136, 112
-0.996105, 19, 145, 34, 208
-0.996128, 41, 33, 72, 288
-0.996144, 273, 197, 400, 228
-0.996149, 81, 129, 112, 384
-0.996149, 219, 73, 234, 136
-0.996156, 145, 193, 160, 256
-0.99616, 145, 225, 160, 288
-0.996171, 131, 257, 146, 320
-0.996181, 235, 169, 250, 232
-0.996182, 25, 153, 40, 216
-0.996182, 165, 97, 196, 352
-0.996183, 11, 217, 26, 280
-0.996183, 17, 129, 48, 384
-0.996202, 97, 241, 224, 272
-0.996222, 37, 169, 52, 232
-0.996231, 133, 137, 148, 200
-0.996238, 457, 161, 472, 224
-0.99624, 353, 181, 480, 212
-0.996273, 181, 33, 212, 288
-0.996279, 257, 1, 384, 128
-0.996287, 81, 101, 208, 132
-0.996287, 17, 305, 144, 368
-0.996298, 1, 137, 500, 200
-0.996298, 161, 33, 416, 96
-0.996298, 113, 229, 240, 260
-0.99631, 265, 177, 280, 240
-0.996331, 161, 177, 176, 240
-0.996374, 97, 197, 224, 228
-0.996389, 277, 185, 292, 248
-0.996392, 329, 273, 344, 336
-0.996401, 139, 233, 154, 296
-0.996408, 305, 221, 432, 252
-0.996415, 383, 161, 398, 224
-0.996419, 109, 73, 124, 136
-0.996428, 65, 169, 192, 200
-0.996432, 353, 169, 480, 200
-0.996446, 105, 65, 136, 320
-0.996453, 141, 265, 156, 328
-0.996455, 93, 97, 124, 352
-0.99646, 337, 65, 464, 192
-0.996474, 91, 153, 106, 216
-0.996514, 153, 97, 184, 352
-0.99652, 45, 209, 60, 272
-0.996551, 121, 129, 136, 192
-0.996563, 65, 293, 192, 324
-0.996563, 167, 273, 182, 336
-0.996566, 257, 269, 384, 300
-0.996575, 193, 9, 320, 72
-0.996576, 161, 265, 176, 328
-0.996584, 3, 177, 18, 240
-0.996584, 79, 145, 94, 208
-0.996586, 135, 49, 150, 112
-0.996606, 337, 261, 464, 292
-0.996608, 257, 281, 384, 312
-0.996613, 69, 121, 84, 184
-0.996613, 177, 301, 304, 332
-0.996616, 59, 1, 74, 64
-0.996617, 147, 265, 162, 328
-0.996624, 215, 97, 230, 160
-0.996624, 145, 181, 272, 212
-0.996637, 41, 161, 72, 401
-0.99664, 209, 173, 336, 204
-0.996643, 55, 289, 70, 352
-0.996675, 33, 105, 160, 136
-0.996676, 29, 33, 60, 288
-0.99668, 127, 153, 142, 216
-0.996684, 25, 281, 40, 344
-0.996684, 97, 277, 224, 308
-0.996687, 179, 81, 194, 144
-0.996698, 133, 161, 164, 401
-0.996701, 1, 297, 256, 360
-0.996704, 33, 41, 160, 72
-0.996712, 129, 233, 144, 296
-0.996716, 289, 193, 304, 256
-0.99672, 297, 65, 360, 320
-0.99672, 221, 129, 236, 192
-0.996722, 33, 9, 160, 40
-0.996723, 353, 233, 480, 264
-0.996724, 177, 225, 192, 288
-0.996739, 105, 161, 136, 401
-0.996759, 463, 177, 478, 240
-0.996765, 207, 113, 222, 176
-0.996768, 33, 25, 160, 56
-0.996771, 129, 113, 256, 144
-0.996787, 145, 1, 272, 64
-0.996813, 53, 161, 84, 401
-0.996815, 479, 209, 494, 272
-0.996824, 33, 209, 48, 272
-0.996833, 135, 97, 150, 160
-0.996838, 173, 273, 188, 336
-0.996875, 161, 157, 288, 188
-0.996883, 1, 133, 128, 164
-0.996901, 1, 17, 500, 80
-0.996909, 113, 297, 240, 328
-0.996911, 43, 137, 58, 200
-0.996912, 197, 113, 212, 176
-0.996915, 229, 113, 244, 176
-0.996915, 177, 105, 304, 136
-0.996919, 137, 177, 152, 240
-0.996927, 201, 73, 216, 136
-0.99693, 97, 153, 112, 216
-0.996952, 1, 277, 128, 308
-0.996971, 389, 129, 420, 384
-0.996975, 259, 169, 274, 232
-0.996979, 289, 185, 416, 216
-0.996985, 115, 161, 130, 224
-0.996987, 145, 45, 272, 76
-0.996994, 187, 281, 202, 344
-0.996996, 129, 253, 256, 284
-0.997019, 49, 269, 176, 300
-0.997026, 153, 177, 168, 240
-0.997052, 123, 217, 138, 280
-0.997056, 97, 181, 224, 212
-0.997077, 81, 61, 208, 92
-0.997095, 153, 273, 168, 336
-0.997106, 305, 285, 432, 316
-0.997123, 217, 65, 248, 320
-0.997136, 225, 301, 352, 332
-0.997146, 345, 65, 408, 192
-0.997164, 377, 129, 408, 384
-0.997166, 81, 33, 112, 288
-0.997173, 177, 93, 304, 124
-0.997253, 273, 173, 400, 204
-0.997269, 409, 161, 440, 401
-0.99729, 113, 137, 240, 168
-0.997303, 65, 157, 192, 188
-0.997326, 281, 161, 312, 401
-0.99734, 145, 281, 272, 312
-0.997383, 1, 113, 500, 176
-0.997389, 353, 245, 480, 276
-0.997407, 193, 141, 320, 172
-0.997431, 193, 221, 320, 252
-0.997442, 193, 45, 320, 76
-0.997505, 429, 161, 460, 401
-0.997518, 445, 161, 476, 401
-0.997541, 17, 301, 144, 332
-0.997544, 65, 145, 192, 176
-0.997546, 211, 61, 226, 92
-0.997578, 225, 153, 352, 184
-0.997587, 97, 45, 224, 76
-0.997596, 145, 265, 272, 296
-0.997612, 193, 289, 320, 320
-0.997613, 121, 77, 136, 108
-0.997624, 195, 65, 210, 96
-0.997645, 115, 77, 130, 108
-0.997649, 219, 161, 234, 192
-0.99765, 321, 197, 448, 228
-0.997671, 193, 105, 448, 168
-0.997673, 139, 69, 154, 100
-0.997676, 125, 1, 156, 256
-0.997677, 205, 53, 220, 84
-0.997681, 129, 77, 144, 108
-0.997699, 97, 289, 352, 352
-0.997708, 353, 277, 480, 308
-0.997721, 1, 117, 128, 148
-0.997723, 211, 77, 226, 108
-0.997733, 289, 233, 416, 264
-0.997739, 127, 209, 142, 240
-0.99774, 213, 153, 228, 184
-0.997746, 15, 277, 30, 308
-0.997748, 65, 141, 80, 172
-0.997754, 137, 221, 152, 252
-0.997755, 197, 149, 212, 180
-0.997756, 3, 157, 18, 188
-0.997756, 145, 241, 272, 272
-0.997762, 179, 213, 194, 244
-0.997765, 165, 217, 180, 248
-0.997767, 289, 245, 416, 276
-0.99777, 281, 189, 296, 220
-0.997773, 189, 73, 204, 104
-0.997778, 185, 217, 200, 248
-0.99778, 119, 257, 134, 288
-0.997785, 209, 169, 224, 200
-0.997787, 127, 133, 142, 164
-0.997787, 221, 69, 236, 100
-0.997788, 245, 169, 260, 200
-0.997789, 125, 89, 140, 120
-0.997795, 177, 129, 208, 384
-0.997798, 9, 273, 24, 304
-0.997801, 173, 213, 188, 244
-0.997807, 11, 149, 26, 180
-0.997808, 9, 289, 24, 320
-0.997808, 167, 253, 182, 284
-0.99781, 25, 161, 40, 192
-0.997811, 137, 81, 152, 112
-0.997811, 191, 149, 206, 180
-0.997816, 135, 209, 150, 240
-0.997818, 255, 173, 270, 204
-0.997818, 27, 285, 42, 316
-0.997821, 19, 229, 34, 260
-0.997826, 229, 169, 244, 200
-0.997827, 25, 233, 40, 264
-0.997828, 311, 205, 326, 236
-0.997829, 357, 269, 372, 300
-0.99783, 143, 81, 158, 112
-0.997831, 43, 289, 58, 320
-0.997831, 75, 149, 90, 180
-0.997836, 151, 221, 166, 252
-0.997838, 19, 153, 34, 184
-0.997839, 145, 205, 160, 236
-0.997839, 177, 257, 192, 288
-0.997842, 131, 89, 146, 120
-0.997843, 161, 9, 416, 72
-0.997846, 71, 137, 86, 168
-0.997847, 199, 53, 214, 84
-0.997847, 207, 153, 222, 184
-0.997848, 143, 217, 158, 248
-0.997852, 117, 89, 132, 120
-0.997854, 109, 85, 124, 116
-0.997855, 113, 253, 128, 284
-0.997858, 321, 213, 336, 244
-0.997858, 185, 265, 200, 296
-0.997858, 31, 169, 46, 200
-0.997859, 191, 269, 206, 300
-0.997861, 191, 101, 206, 132
-0.997864, 293, 197, 308, 228
-0.997864, 7, 225, 22, 256
-0.997865, 235, 177, 250, 208
-0.997867, 87, 289, 102, 320
-0.997868, 3, 285, 18, 316
-0.997869, 267, 213, 282, 244
-0.997869, 133, 253, 148, 284
-0.997873, 459, 173, 474, 204
-0.997873, 163, 233, 178, 264
-0.997873, 15, 289, 30, 320
-0.997873, 131, 177, 146, 208
-0.997876, 35, 241, 50, 272
-0.997876, 303, 201, 318, 232
-0.997879, 261, 177, 276, 208
-0.997879, 43, 249, 58, 280
-0.997881, 437, 209, 452, 240
-0.997888, 157, 221, 172, 252
-0.997888, 201, 161, 216, 192
-0.997889, 137, 97, 152, 128
-0.997889, 127, 249, 142, 280
-0.997891, 107, 177, 122, 208
-0.997891, 435, 221, 450, 252
-0.997892, 21, 281, 36, 312
-0.997893, 183, 85, 198, 116
-0.997894, 239, 165, 254, 196
-0.997894, 59, 1, 74, 32
-0.997894, 131, 221, 146, 252
-0.997895, 351, 269, 366, 300
-0.997895, 55, 153, 70, 184
-0.997895, 205, 77, 220, 108
-0.997897, 83, 161, 98, 192
-0.997899, 131, 65, 146, 96
-0.997903, 133, 137, 148, 168
-0.997903, 287, 193, 302, 224
-0.997905, 465, 177, 480, 208
-0.997908, 339, 269, 354, 300
-0.997908, 327, 209, 342, 240
-0.99791, 81, 149, 96, 180
-0.997911, 485, 213, 500, 244
-0.997913, 89, 161, 104, 192
-0.997914, 53, 289, 68, 320
-0.997914, 33, 153, 48, 184
-0.997914, 55, 77, 70, 108
-0.997914, 183, 145, 198, 176
-0.997914, 135, 197, 150, 228
-0.997916, 223, 57, 238, 88
-0.997916, 3, 241, 18, 272
-0.997916, 97, 313, 352, 376
-0.997917, 271, 181, 286, 212
-0.997922, 379, 161, 394, 192
-0.997922, 479, 205, 494, 236
-0.997922, 345, 269, 360, 300
-0.997923, 59, 13, 74, 44
-0.997923, 35, 69, 50, 100
-0.997924, 161, 253, 176, 284
-0.997924, 97, 161, 112, 192
-0.997926, 467, 165, 482, 196
-0.997927, 61, 165, 76, 196
-0.997928, 105, 161, 120, 192
-0.997929, 13, 225, 28, 256
-0.997929, 289, 305, 304, 336
-0.99793, 195, 77, 210, 108
-0.99793, 45, 149, 60, 180
-0.99793, 197, 105, 212, 136
-0.997932, 165, 173, 180, 204
-0.997932, 19, 141, 34, 172
-0.997935, 189, 89, 204, 120
-0.997935, 55, 93, 70, 124
-0.99794, 469, 161, 500, 401
-0.997996, 241, 225, 368, 256
-0.998045, 457, 161, 488, 401
-0.998068, 273, 297, 400, 328
-0.998069, 365, 161, 396, 401
-0.99808, 305, 17, 432, 144
-0.99809, 189, 129, 220, 384
-0.998091, 269, 161, 300, 401
-0.998128, 145, 125, 272, 156
-0.998134, 5, 1, 36, 256
-0.998153, 253, 161, 284, 401
-0.998165, 141, 217, 172, 232
-0.99817, 61, 99, 92, 114
-0.998172, 161, 259, 192, 274
-0.998172, 105, 193, 136, 208
-0.998173, 5, 261, 36, 276
-0.998176, 165, 103, 196, 118
-0.998183, 201, 85, 232, 100
-0.998186, 81, 159, 112, 174
-0.998198, 193, 115, 224, 130
-0.998207, 17, 33, 48, 288
-0.998213, 393, 65, 456, 192
-0.998216, 461, 175, 492, 190
-0.99822, 37, 263, 68, 278
-0.998227, 117, 99, 148, 114
-0.998234, 257, 89, 384, 152
-0.998234, 241, 185, 368, 216
-0.998234, 185, 105, 216, 120
-0.998237, 125, 209, 156, 224
-0.99824, 129, 261, 160, 276
-0.99824, 101, 261, 132, 276
-0.99825, 61, 105, 92, 120
-0.998251, 301, 213, 332, 228
-0.99826, 21, 279, 52, 294
-0.99826, 157, 303, 188, 318
-0.998262, 17, 147, 48, 162
-0.998268, 25, 247, 56, 262
-0.99827, 253, 181, 284, 196
-0.998281, 13, 159, 44, 174
-0.998282, 225, 167, 256, 182
-0.998292, 173, 223, 204, 238
-0.998294, 293, 161, 324, 401
-0.998299, 141, 229, 172, 244
-0.998299, 9, 279, 40, 294
-0.998301, 185, 91, 216, 106
-0.998303, 181, 275, 212, 290
-0.998312, 141, 235, 172, 250
-0.998316, 161, 179, 192, 194
-0.998319, 417, 221, 448, 236
-0.998322, 13, 173, 44, 188
-0.998326, 449, 177, 480, 192
-0.998326, 121, 189, 152, 204
-0.99833, 117, 223, 148, 238
-0.998335, 45, 95, 76, 110
-0.998343, 145, 193, 272, 224
-0.998346, 211, 33, 226, 160
-0.998347, 305, 305, 432, 368
-0.998347, 149, 1, 180, 256
-0.998349, 49, 121, 176, 152
-0.99835, 25, 287, 56, 302
-0.998365, 9, 165, 40, 180
-0.998365, 125, 299, 156, 314
-0.998368, 197, 33, 212, 160
-0.998368, 229, 129, 260, 384
-0.99837, 469, 211, 500, 226
-0.998371, 213, 159, 244, 174
-0.998378, 177, 81, 240, 96
-0.998381, 169, 83, 200, 98
-0.998387, 205, 33, 220, 160
-0.998387, 105, 97, 136, 112
-0.998396, 177, 65, 240, 80
-0.998397, 193, 67, 224, 82
-0.998407, 325, 223, 356, 238
-0.998414, 41, 3, 72, 18
-0.998426, 133, 255, 164, 270
-0.998431, 129, 227, 160, 242
-0.998435, 177, 75, 240, 90
-0.998436, 1, 287, 32, 302
-0.998436, 193, 173, 224, 188
-0.998442, 185, 59, 248, 74
-0.998444, 149, 309, 180, 324
-0.998451, 205, 115, 236, 130
-0.998458, 177, 87, 240, 102
-0.998469, 217, 179, 248, 194
-0.998472, 121, 215, 152, 230
-0.998474, 141, 247, 172, 262
-0.998474, 145, 219, 208, 234
-0.998478, 177, 93, 240, 108
-0.998479, 209, 161, 240, 401
-0.998486, 289, 157, 416, 188
-0.998489, 177, 101, 240, 116
-0.99849, 109, 253, 140, 268
-0.998491, 73, 163, 136, 178
-0.998497, 233, 185, 296, 200
-0.998497, 41, 89, 72, 104
-0.998497, 33, 165, 96, 180
-0.998498, 265, 205, 328, 220
-0.998502, 121, 253, 184, 268
-0.998503, 209, 173, 272, 188
-0.998503, 189, 99, 220, 114
-0.998504, 193, 165, 256, 180
-0.998509, 49, 77, 112, 92
-0.998509, 113, 247, 176, 262
-0.998509, 145, 97, 208, 112
-0.99851, 93, 163, 124, 178
-0.998515, 41, 9, 72, 24
-0.998516, 241, 193, 304, 208
-0.998518, 201, 103, 232, 118
-0.998518, 189, 85, 220, 100
-0.998519, 333, 161, 364, 401
-0.998519, 121, 221, 184, 236
-0.99852, 177, 107, 240, 122
-0.998524, 313, 271, 376, 286
-0.998524, 37, 165, 68, 180
-0.998526, 165, 309, 196, 324
-0.998528, 157, 235, 188, 250
-0.99853, 25, 177, 88, 192
-0.99853, 25, 165, 56, 180
-0.99853, 1, 165, 64, 180
-0.99853, 9, 271, 72, 286
-0.998533, 257, 297, 500, 360
-0.998533, 65, 1, 96, 256
-0.998533, 49, 55, 112, 70
-0.998533, 49, 63, 112, 78
-0.998535, 57, 169, 120, 184
-0.998537, 261, 65, 292, 320
-0.998538, 137, 259, 200, 274
-0.998539, 145, 69, 208, 84
-0.99854, 49, 95, 112, 110
-0.99854, 49, 71, 112, 86
-0.99854, 137, 85, 200, 100
-0.998543, 9, 263, 72, 278
-0.998545, 145, 75, 208, 90
-0.998545, 17, 101, 80, 116
-0.998547, 17, 107, 80, 122
-0.998548, 1, 157, 64, 172
-0.998548, 1, 171, 64, 186
-0.998549, 41, 107, 104, 122
-0.998549, 5, 255, 36, 270
-0.99855, 289, 215, 352, 230
-0.99855, 17, 83, 80, 98
-0.99855, 121, 227, 184, 242
-0.99855, 217, 65, 232, 192
-0.998551, 185, 173, 248, 188
-0.998552, 153, 149, 216, 164
-0.998555, 265, 211, 328, 226
-0.998555, 17, 95, 80, 110
-0.998555, 13, 273, 44, 288
-0.998556, 49, 83, 112, 98
-0.998556, 17, 77, 80, 92
-0.998556, 105, 189, 168, 204
-0.998556, 185, 115, 248, 130
-0.998556, 113, 91, 176, 106
-0.998558, 153, 59, 216, 74
-0.998558, 1, 251, 64, 266
-0.998559, 41, 89, 104, 104
-0.998559, 433, 205, 496, 220
-0.99856, 145, 103, 208, 118
-0.998561, 209, 179, 272, 194
-0.998561, 209, 73, 272, 88
-0.998561, 9, 147, 72, 162
-0.998561, 121, 211, 184, 226
-0.998562, 185, 53, 248, 68
-0.998563, 17, 67, 80, 82
-0.998564, 145, 91, 208, 106
-0.998564, 1, 287, 64, 302
-0.998565, 129, 145, 192, 160
-0.998566, 41, 219, 104, 234
-0.998566, 105, 195, 168, 210
-0.998566, 1, 233, 64, 248
-0.998567, 17, 61, 80, 76
-0.998568, 169, 157, 232, 172
-0.998569, 273, 193, 304, 208
-0.998569, 49, 301, 112, 316
-0.998569, 153, 273, 216, 288
-0.998569, 41, 101, 104, 116
-0.99857, 121, 69, 184, 84
-0.99857, 129, 233, 192, 248
-0.998571, 17, 89, 80, 104
-0.998573, 105, 79, 168, 94
-0.998573, 193, 155, 256, 170
-0.998573, 1, 281, 64, 296
-0.998574, 49, 49, 112, 64
-0.998574, 321, 277, 384, 292
-0.998574, 201, 79, 264, 94
-0.998574, 161, 175, 224, 190
-0.998576, 137, 265, 200, 280
-0.998576, 1, 241, 64, 256
-0.998577, 89, 295, 152, 310
-0.998578, 9, 221, 72, 236
-0.998578, 81, 81, 144, 96
-0.99858, 209, 67, 272, 82
-0.99858, 257, 199, 320, 214
-0.99858, 187, 65, 202, 192
-0.998581, 17, 55, 80, 70
-0.998581, 89, 215, 152, 230
-0.998581, 217, 303, 280, 318
-0.998583, 33, 171, 96, 186
-0.998584, 257, 305, 320, 320
-0.998584, 153, 53, 216, 68
-0.998585, 105, 267, 168, 282
-0.998585, 1, 177, 64, 192
-0.998586, 25, 195, 88, 210
-0.998586, 153, 231, 216, 246
-0.998587, 289, 205, 352, 220
-0.998588, 1, 161, 16, 288
-0.998588, 73, 107, 136, 122
-0.998588, 9, 257, 72, 272
-0.998589, 21, 241, 52, 256
-0.99859, 153, 225, 216, 240
-0.99859, 113, 85, 176, 100
-0.99859, 33, 143, 96, 158
-0.99859, 89, 209, 152, 224
-0.998592, 145, 307, 208, 322
-0.998593, 425, 211, 488, 226
-0.998593, 17, 113, 80, 128
-0.998594, 17, 47, 80, 62
-0.998595, 73, 87, 136, 102
-0.998598, 233, 179, 296, 194
-0.998598, 113, 301, 176, 316
-0.998598, 169, 163, 232, 178
-0.998598, 45, 301, 76, 316
-0.998598, 49, 43, 112, 58
-0.998599, 25, 159, 88, 174
-0.998599, 49, 291, 112, 306
-0.998599, 97, 257, 160, 272
-0.9986, 97, 163, 160, 178
-0.9986, 17, 183, 80, 198
-0.9986, 113, 51, 176, 66
-0.998601, 369, 217, 432, 232
-0.998603, 113, 241, 176, 256
-0.998604, 201, 85, 264, 100
-0.998604, 369, 223, 432, 238
-0.998605, 49, 31, 112, 46
-0.998605, 233, 201, 296, 216
-0.998605, 337, 225, 400, 240
-0.998609, 197, 55, 228, 70
-0.998617, 5, 209, 20, 336
-0.998636, 211, 81, 226, 208
-0.998643, 41, 15, 72, 30
-0.998644, 53, 167, 84, 182
-0.998646, 177, 253, 304, 284
-0.998648, 241, 177, 272, 192
-0.99865, 273, 307, 304, 322
-0.998658, 197, 97, 212, 224
-0.998659, 25, 173, 56, 188
-0.99866, 273, 65, 304, 320
-0.998672, 225, 57, 480, 120
-0.998674, 29, 161, 44, 288
-0.998676, 345, 271, 376, 286
-0.99868, 25, 181, 56, 196
-0.998691, 19, 225, 34, 352
-0.998694, 169, 1, 200, 256
-0.9987, 369, 17, 496, 144
-0.9987, 133, 69, 164, 84
-0.998705, 7, 161, 22, 288
-0.998708, 213, 67, 244, 82
-0.998712, 241, 161, 272, 401
-0.998723, 209, 277, 336, 308
-0.998726, 213, 173, 244, 188
-0.998727, 5, 179, 36, 194
-0.998734, 153, 253, 184, 268
-0.998736, 209, 265, 336, 296
-0.998739, 221, 129, 236, 256
-0.998742, 213, 57, 244, 72
-0.998752, 169, 113, 184, 240
-0.998759, 137, 177, 152, 304
-0.998767, 169, 97, 200, 112
-0.998769, 1, 227, 32, 242
-0.99877, 125, 81, 140, 208
-0.998771, 7, 257, 22, 384
-0.998774, 37, 161, 52, 288
-0.998777, 169, 89, 200, 104
-0.998778, 297, 207, 328, 222
-0.998783, 175, 241, 190, 368
-0.998792, 61, 81, 76, 208
-0.998798, 13, 209, 28, 336
-0.998808, 129, 129, 144, 256
-0.998815, 31, 209, 46, 336
-0.998827, 129, 309, 256, 340
-0.998829, 213, 165, 244, 180
-0.998832, 43, 161, 58, 288
-0.998834, 185, 151, 216, 166
-0.998835, 41, 21, 72, 36
-0.998837, 281, 199, 312, 214
-0.998845, 205, 81, 220, 208
-0.998847, 55, 49, 70, 176
-0.998855, 77, 165, 108, 180
-0.998861, 23, 145, 38, 272
-0.998863, 175, 161, 190, 288
-0.998875, 25, 225, 40, 352
-0.998875, 189, 73, 220, 88
-0.998875, 67, 97, 82, 224
-0.998876, 227, 129, 242, 256
-0.99888, 145, 33, 272, 64
-0.998888, 121, 249, 152, 264
-0.998892, 125, 209, 140, 336
-0.998904, 73, 97, 88, 224
-0.998907, 129, 83, 160, 98
-0.998908, 41, 83, 72, 98
-0.998911, 181, 129, 196, 256
-0.998915, 289, 257, 416, 288
-0.998916, 33, 33, 48, 160
-0.998918, 321, 161, 352, 401
-0.99892, 117, 91, 148, 106
-0.998925, 55, 145, 70, 272
-0.998925, 213, 73, 244, 88
-0.998927, 249, 145, 264, 272
-0.998929, 65, 165, 96, 180
-0.998939, 131, 209, 146, 336
-0.99894, 13, 161, 28, 288
-0.998944, 105, 161, 120, 288
-0.99895, 175, 113, 190, 240
-0.99896, 77, 145, 92, 272
-0.998965, 13, 285, 44, 300
-0.998967, 161, 129, 176, 256
-0.99897, 189, 167, 220, 182
-0.998973, 145, 223, 176, 238
-0.998976, 135, 49, 150, 176
-0.998978, 129, 221, 160, 236
-0.998979, 201, 79, 232, 94
-0.99898, 187, 113, 202, 240
-0.998985, 213, 129, 228, 256
-0.998986, 41, 27, 72, 42
-0.998987, 129, 75, 160, 90
-0.998987, 259, 161, 274, 288
-0.99899, 169, 225, 184, 352
-0.998992, 241, 237, 368, 268
-0.998997, 277, 177, 292, 304
-0.999006, 147, 225, 162, 352
-0.999008, 485, 193, 500, 320
-0.99901, 41, 209, 56, 336
-0.999014, 41, 35, 72, 50
-0.999014, 293, 177, 308, 304
-0.999016, 41, 41, 72, 56
-0.999023, 13, 257, 28, 384
-0.999024, 99, 129, 114, 256
-0.999028, 1, 257, 16, 384
-0.999028, 475, 193, 490, 320
-0.999029, 229, 33, 260, 288
-0.999029, 167, 161, 182, 288
-0.99903, 227, 81, 242, 208
-0.999031, 1, 305, 500, 368
-0.999031, 273, 1, 336, 128
-0.999036, 155, 113, 170, 240
-0.999038, 193, 33, 320, 64
-0.999041, 449, 161, 464, 288
-0.999047, 271, 177, 286, 304
-0.99905, 63, 145, 78, 272
-0.999052, 137, 225, 152, 352
-0.99906, 41, 47, 72, 62
-0.999062, 123, 129, 138, 256
-0.999065, 145, 21, 272, 52
-0.999072, 49, 145, 64, 272
-0.999073, 185, 241, 200, 368
-0.999074, 73, 209, 88, 336
-0.999076, 385, 145, 400, 272
-0.999082, 163, 257, 178, 384
-0.999089, 9, 233, 40, 248
-0.999091, 151, 177, 166, 304
-0.999092, 261, 187, 292, 202
-0.999093, 287, 177, 302, 304
-0.999121, 71, 145, 86, 272
-0.999124, 55, 209, 70, 336
-0.999124, 65, 305, 192, 336
-0.999134, 137, 129, 152, 256
-0.999136, 193, 117, 320, 148
-0.999138, 143, 177, 158, 304
-0.999139, 79, 97, 94, 224
-0.99914, 201, 157, 232, 172
-0.99914, 47, 225, 62, 352
-0.999142, 241, 77, 368, 108
-0.999145, 265, 177, 280, 304
-0.999145, 157, 33, 172, 160
-0.99915, 469, 161, 484, 288
-0.99916, 161, 177, 176, 304
-0.999161, 193, 233, 320, 264
-0.999162, 85, 145, 100, 272
-0.999164, 461, 161, 476, 288
-0.99917, 7, 97, 22, 224
-0.99917, 39, 65, 54, 192
-0.999173, 225, 81, 480, 144
-0.999173, 145, 9, 272, 40
-0.999174, 41, 75, 72, 90
-0.999174, 439, 161, 454, 288
-0.999174, 41, 53, 72, 68
-0.999178, 181, 81, 196, 208
-0.999183, 143, 129, 158, 256
-0.999186, 41, 113, 56, 240
-0.999186, 129, 33, 144, 160
-0.999191, 113, 161, 128, 288
-0.999192, 109, 85, 140, 100
-0.999198, 67, 209, 82, 336
-0.999204, 221, 17, 236, 144
-0.999209, 53, 97, 68, 224
-0.999211, 95, 65, 110, 192
-0.999211, 111, 209, 126, 336
-0.999212, 61, 225, 76, 352
-0.999225, 243, 161, 258, 288
-0.999229, 31, 257, 46, 384
-0.999233, 369, 157, 496, 188
-0.999235, 185, 193, 200, 320
-0.999236, 91, 161, 106, 288
-0.999239, 87, 49, 102, 176
-0.999243, 1, 153, 32, 168
-0.999248, 205, 129, 220, 256
-0.999251, 419, 161, 434, 288
-0.999257, 193, 145, 208, 272
-0.999262, 31, 81, 46, 208
-0.999262, 313, 217, 344, 232
-0.999263, 413, 161, 428, 288
-0.999264, 225, 57, 352, 88
-0.999265, 81, 225, 96, 352
-0.999268, 153, 225, 168, 352
-0.999269, 117, 265, 148, 280
-0.999269, 375, 177, 390, 304
-0.999272, 23, 273, 38, 400
-0.99928, 41, 61, 72, 76
-0.999282, 163, 81, 178, 208
-0.999283, 439, 225, 454, 352
-0.999283, 447, 209, 462, 336
-0.99929, 93, 113, 108, 240
-0.999291, 383, 241, 398, 368
-0.999291, 47, 97, 62, 224
-0.999295, 191, 241, 206, 368
-0.999296, 61, 1, 76, 128
-0.999297, 117, 209, 132, 336
-0.999299, 105, 81, 120, 208
-0.9993, 13, 97, 28, 224
-0.999302, 271, 225, 286, 352
-0.999312, 429, 161, 444, 288
-0.999315, 119, 81, 134, 208
-0.99932, 41, 67, 72, 82
-0.999323, 113, 113, 128, 240
-0.999326, 353, 65, 384, 320
-0.999328, 193, 129, 320, 160
-0.999331, 19, 97, 34, 224
-0.999333, 191, 17, 206, 144
-0.999337, 169, 217, 200, 232
-0.99934, 335, 241, 350, 368
-0.999356, 209, 313, 336, 344
-0.999364, 93, 1, 124, 256
-0.99943, 117, 259, 148, 274
-0.999482, 305, 97, 336, 352
-0.999524, 117, 79, 148, 94
-0.999541, 241, 141, 368, 172
-0.99955, 353, 289, 480, 320
-0.999551, 413, 65, 444, 320
-0.999568, 377, 33, 408, 288
-0.999575, 425, 65, 456, 320
-0.999607, 185, 79, 216, 94
-0.999609, 237, 171, 268, 186
-0.999713, 245, 65, 276, 320
-0.999722, 345, 161, 376, 401
-0.999755, 35, 179, 50, 194
-0.999755, 29, 185, 44, 200
-0.999755, 21, 291, 36, 306
-0.999755, 265, 215, 280, 230
-0.999755, 63, 167, 78, 182
-0.999755, 229, 159, 244, 174
-0.999755, 43, 165, 58, 180
-0.999755, 57, 205, 72, 220
-0.999755, 95, 161, 110, 176
-0.999755, 191, 273, 206, 288
-0.999755, 59, 13, 74, 28
-0.999755, 277, 187, 292, 202
-0.999756, 339, 223, 354, 238
-0.999756, 81, 163, 96, 178
-0.999756, 435, 223, 450, 238
-0.999756, 25, 165, 40, 180
-0.999756, 135, 301, 150, 316
-0.999756, 33, 159, 48, 174
-0.999756, 149, 223, 164, 238
-0.999756, 25, 271, 40, 286
-0.999756, 119, 265, 134, 280
-0.999756, 465, 175, 480, 190
-0.999757, 243, 169, 258, 184
-0.999757, 9, 165, 24, 180
-0.999757, 201, 153, 216, 168
-0.999757, 475, 211, 490, 226
-0.999757, 79, 141, 94, 156
-0.999757, 1, 243, 16, 258
-0.999757, 31, 167, 46, 182
-0.999757, 59, 7, 74, 22
-0.999757, 165, 219, 180, 234
-0.999757, 135, 79, 150, 94
-0.999758, 121, 91, 136, 106
-0.999758, 223, 167, 238, 182
-0.999758, 289, 195, 304, 210
-0.999758, 89, 163, 104, 178
-0.999758, 137, 295, 152, 310
-0.999758, 265, 181, 280, 196
-0.999758, 185, 83, 200, 98
-0.999758, 11, 251, 26, 266
-0.999758, 15, 229, 30, 244
-0.999758, 485, 215, 500, 230
-0.999758, 165, 233, 180, 248
-0.999758, 59, 1, 74, 16
-0.999758, 129, 185, 144, 200
-0.999759, 129, 299, 144, 314
-0.999759, 289, 305, 304, 320
-0.999759, 17, 271, 32, 286
-0.999759, 129, 247, 144, 262
-0.999759, 135, 227, 150, 242
-0.999759, 125, 221, 140, 236
-0.99976, 181, 263, 196, 278
-0.99976, 227, 117, 242, 132
-0.99976, 355, 271, 370, 286
-0.99976, 127, 213, 142, 228
-0.99976, 43, 249, 58, 264
-0.99976, 75, 163, 90, 178
-0.99976, 249, 171, 264, 186
-0.99976, 133, 221, 148, 236
-0.99976, 165, 255, 180, 270
-0.99976, 69, 133, 84, 148
-0.99976, 189, 103, 204, 118
-0.99976, 125, 253, 140, 268
-0.99976, 205, 167, 220, 182
-0.99976, 11, 281, 26, 296
-0.999761, 199, 163, 214, 178
-0.999761, 99, 295, 114, 310
-0.999761, 305, 205, 320, 220
-0.999761, 197, 57, 212, 72
-0.999761, 457, 177, 472, 192
-0.999761, 141, 257, 156, 272
-0.999761, 131, 263, 146, 278
-0.999761, 111, 85, 126, 100
-0.999762, 207, 155, 222, 170
-0.999762, 89, 297, 104, 312
-0.999762, 463, 181, 478, 196
-0.999762, 1, 237, 16, 252
-0.999762, 131, 141, 146, 156
-0.999762, 361, 273, 376, 288
-0.999762, 331, 219, 346, 234
-0.999763, 27, 237, 42, 252
-0.999763, 113, 91, 128, 106
-0.999763, 279, 305, 294, 320
-0.999763, 227, 173, 242, 188
-0.999763, 219, 161, 234, 176
-0.999763, 133, 253, 148, 268
-0.999763, 37, 243, 52, 258
-0.999763, 27, 287, 42, 302
-0.999764, 221, 71, 236, 86
-0.999764, 21, 233, 36, 248
-0.999764, 7, 153, 22, 168
-0.999764, 179, 217, 194, 232
-0.999764, 175, 259, 190, 274
-0.999764, 117, 85, 132, 100
-0.999764, 255, 173, 270, 188
-0.999764, 185, 89, 200, 104
-0.999764, 237, 169, 252, 184
-0.999764, 55, 299, 70, 314
-0.999764, 67, 139, 82, 154
-0.999765, 73, 147, 88, 162
-0.999765, 271, 185, 286, 200
-0.999765, 67, 145, 82, 160
-0.999765, 119, 253, 134, 268
-0.999766, 213, 157, 228, 172
-0.999766, 27, 177, 42, 192
-0.999766, 185, 219, 200, 234
-0.999767, 311, 207, 326, 222
-0.999767, 1, 163, 16, 178
-0.999767, 295, 199, 310, 214
-0.999767, 137, 85, 152, 100
-0.999767, 119, 99, 134, 114
-0.999768, 321, 213, 336, 228
-0.999768, 73, 139, 88, 154
-0.99977, 139, 69, 154, 84
-0.99977, 481, 209, 496, 224
-0.99977, 129, 81, 144, 96
-0.99977, 113, 257, 128, 272
-0.99977, 123, 259, 138, 274
-0.999771, 17, 285, 32, 300
-0.999771, 283, 191, 298, 206
-0.999773, 139, 221, 154, 236
-0.999774, 127, 135, 142, 150
-0.999775, 187, 77, 202, 92
-0.999776, 213, 77, 228, 92
-0.999776, 123, 81, 138, 96
-0.999778, 213, 65, 228, 80
-0.99978, 127, 91, 142, 106
-0.999781, 195, 65, 210, 80
-0.999782, 117, 77, 132, 92
-0.999786, 205, 59, 220, 74
-0.999792, 401, 65, 432, 320
-0.999815, 97, 33, 224, 64
-0.999819, 97, 125, 224, 156
-0.999878, 241, 253, 368, 284
-0.999879, 445, 65, 476, 320
-0.999925, 225, 105, 352, 136
-0.999968, 293, 65, 324, 320
-0.999999, 385, 17, 448, 144
-1.00001, 457, 65, 488, 320
-1.00004, 257, 345, 384, 376
-1.00004, 1, 321, 256, 384
-1.00005, 193, 321, 448, 384
-1.00006, 273, 61, 400, 92
-1.00013, 273, 65, 400, 128
-1.00014, 197, 61, 228, 76
-1.00016, 257, 33, 500, 96
-1.0002, 469, 65, 500, 320
-1.0002, 389, 33, 420, 288
-1.00029, 325, 65, 356, 320
-1.00037, 365, 65, 396, 320
-1.00037, 297, 49, 360, 176
-1.00042, 341, 65, 372, 320
-1.00045, 97, 337, 352, 400
-1.00051, 369, 297, 496, 360
-1.00053, 305, 89, 432, 152
-1.00058, 321, 121, 448, 184
-1.00087, 257, 9, 500, 72
-1.00093, 305, 1, 336, 256
-1.00116, 369, 65, 432, 192
-1.00116, 241, 41, 368, 104
-1.00119, 1, 329, 500, 392
-1.00159, 321, 49, 384, 176
-1.00183, 97, 1, 224, 64
-1.00201, 65, 321, 192, 384
-1.00228, 345, 17, 408, 144
-1.00249, 305, 1, 368, 128
-1.00252, 273, 121, 400, 184
-1.00262, 369, 121, 496, 184
-1.00268, 273, 329, 400, 392
-1.00306, 249, 1, 312, 128
-1.00313, 209, 329, 336, 392
-1.00323, 417, 49, 480, 176
-1.00364, 353, 73, 480, 136
-1.0038, 305, 41, 432, 104
-1.00391, 353, 97, 480, 160
-1.00402, 425, 1, 488, 128
-1.00422, 241, 17, 368, 80
-1.0044, 17, 337, 144, 400
-1.00471, 321, 17, 448, 80
-1.00473, 353, 49, 480, 112
-1.00477, 113, 329, 240, 392
-1.00481, 161, 329, 288, 392
-1.005, 369, 337, 496, 400
-1.00517, 369, 25, 496, 88
-1.00583, 321, 329, 448, 392
-1.00591, 369, 1, 496, 64
