1968
-0.142442, 1, 1, 500, 375
-0.197221, 1, 33, 500, 288
-0.414221, 65, 1, 320, 375
-0.422591, 161, 1, 416, 375
-0.532668, 1, 129, 500, 375
-0.551069, 257, 1, 500, 375
-0.563432, 65, 33, 320, 288
-0.573864, 225, 33, 480, 288
-0.715259, 225, 129, 480, 375
-0.751641, 97, 129, 352, 375
-0.779855, 1, 129, 256, 375
-0.831656, 1, 49, 500, 176
-0.841567, 177, 1, 304, 375
-0.848746, 273, 1, 400, 375
-0.849013, 241, 1, 368, 256
-0.851321, 129, 1, 256, 375
-0.855207, 161, 65, 288, 320
-0.859664, 225, 1, 352, 375
-0.869025, 289, 65, 416, 320
-0.874351, 81, 1, 208, 375
-0.874967, 1, 97, 500, 224
-0.878492, 65, 33, 192, 288
-0.885336, 1, 161, 500, 288
-0.898144, 321, 1, 448, 375
-0.900797, 225, 129, 352, 375
-0.90685, 113, 33, 240, 288
-0.914234, 193, 33, 448, 160
-0.915348, 17, 97, 144, 352
-0.916881, 65, 49, 320, 176
-0.91901, 337, 65, 464, 320
-0.919676, 33, 97, 288, 224
-0.920992, 113, 129, 240, 375
-0.922871, 193, 145, 448, 272
-0.928433, 33, 1, 160, 375
-0.931988, 65, 129, 192, 375
-0.932805, 369, 1, 496, 375
-0.932918, 225, 193, 480, 320
-0.933451, 225, 81, 480, 208
-0.94103, 241, 17, 368, 144
-0.943941, 97, 145, 352, 272
-0.944804, 129, 97, 384, 224
-0.944857, 257, 17, 320, 144
-0.945123, 289, 49, 416, 176
-0.945911, 97, 49, 224, 176
-0.948943, 321, 193, 448, 320
-0.949116, 49, 113, 176, 240
-0.951918, 81, 65, 144, 192
-0.951986, 1, 209, 500, 336
-0.953062, 97, 1, 352, 128
-0.953446, 337, 49, 400, 176
-0.9536, 233, 129, 296, 256
-0.953737, 369, 193, 432, 320
-0.954034, 177, 145, 304, 272
-0.954098, 281, 17, 344, 144
-0.954183, 161, 49, 288, 176
-0.954263, 305, 145, 432, 272
-0.954275, 49, 65, 176, 192
-0.955184, 225, 129, 352, 256
-0.955186, 1, 145, 256, 272
-0.955336, 57, 113, 120, 240
-0.955847, 113, 49, 176, 176
-0.95752, 209, 49, 272, 176
-0.957749, 313, 33, 376, 160
-0.95943, 257, 177, 384, 304
-0.960407, 393, 209, 456, 336
-0.960624, 129, 193, 384, 320
-0.961673, 233, 33, 296, 160
-0.961746, 161, 97, 288, 224
-0.962553, 361, 193, 424, 256
-0.963212, 265, 33, 328, 96
-0.963422, 153, 49, 216, 176
-0.963957, 33, 193, 288, 320
-0.964139, 225, 81, 352, 208
-0.964605, 193, 57, 256, 120
-0.964963, 353, 97, 416, 224
-0.965067, 257, 97, 320, 224
-0.965179, 337, 145, 400, 272
-0.965401, 369, 209, 496, 336
-0.965626, 369, 113, 496, 240
-0.966127, 241, 41, 304, 104
-0.966369, 313, 49, 376, 112
-0.96667, 241, 153, 304, 216
-0.966861, 345, 193, 408, 320
-0.966933, 97, 113, 224, 240
-0.967662, 329, 153, 392, 216
-0.967779, 1, 1, 500, 128
-0.968038, 105, 65, 168, 128
-0.968148, 201, 161, 264, 288
-0.968162, 225, 33, 352, 96
-0.968173, 137, 57, 200, 120
-0.968188, 33, 161, 160, 288
-0.968252, 385, 209, 448, 272
-0.968859, 129, 177, 256, 304
-0.968961, 337, 57, 400, 120
-0.969658, 257, 1, 320, 256
-0.969692, 73, 97, 136, 160
-0.969727, 361, 145, 424, 272
-0.96983, 369, 113, 432, 176
-0.970299, 1, 1, 128, 256
-0.970462, 233, 81, 296, 208
-0.970489, 225, 241, 480, 368
-0.97052, 145, 1, 272, 128
-0.970582, 185, 49, 248, 176
-0.970586, 313, 129, 376, 256
-0.970596, 209, 193, 336, 320
-0.970669, 241, 177, 304, 304
-0.971151, 361, 49, 424, 176
-0.971202, 145, 57, 272, 120
-0.971346, 217, 41, 280, 104
-0.971901, 241, 177, 304, 240
-0.971939, 289, 41, 352, 104
-0.972044, 273, 97, 400, 224
-0.972125, 65, 241, 320, 368
-0.972259, 161, 57, 224, 120
-0.972284, 57, 129, 120, 192
-0.972538, 217, 153, 280, 216
-0.972862, 393, 113, 456, 240
-0.972893, 217, 73, 280, 136
-0.973111, 33, 129, 96, 256
-0.973228, 313, 193, 376, 320
-0.973307, 81, 161, 208, 288
-0.973467, 321, 97, 448, 224
-0.973481, 193, 97, 256, 224
-0.973485, 57, 65, 120, 192
-0.97369, 81, 73, 144, 136
-0.973946, 281, 113, 344, 240
-0.97397, 193, 1, 320, 128
-0.974175, 265, 177, 328, 304
-0.974206, 1, 1, 256, 128
-0.974252, 337, 185, 400, 248
-0.974278, 97, 113, 160, 240
-0.9747, 217, 65, 280, 320
-0.974788, 377, 137, 440, 200
-0.974793, 57, 177, 120, 304
-0.97556, 65, 97, 128, 352
-0.975626, 305, 129, 368, 192
-0.975629, 321, 209, 448, 272
-0.976191, 289, 49, 416, 112
-0.976229, 361, 217, 424, 280
-0.97633, 193, 1, 256, 128
-0.976335, 393, 201, 424, 264
-0.976358, 81, 81, 208, 144
-0.976393, 225, 153, 352, 216
-0.97668, 1, 113, 128, 240
-0.976954, 337, 33, 400, 288
-0.977126, 97, 57, 224, 120
-0.977151, 265, 153, 328, 216
-0.977239, 369, 161, 496, 288
-0.97731, 89, 161, 152, 288
-0.977352, 329, 209, 392, 272
-0.977365, 233, 49, 264, 112
-0.977427, 177, 161, 240, 288
-0.977514, 121, 97, 184, 224
-0.97753, 145, 177, 208, 304
-0.977685, 393, 233, 456, 296
-0.977707, 201, 185, 264, 248
-0.978091, 193, 33, 256, 288
-0.978128, 285, 17, 316, 144
-0.97814, 369, 17, 496, 144
-0.978256, 353, 161, 416, 224
-0.978685, 289, 193, 352, 320
-0.978689, 161, 97, 224, 224
-0.978791, 273, 161, 400, 224
-0.978874, 241, 65, 304, 128
-0.978912, 241, 129, 304, 375
-0.979105, 249, 129, 280, 256
-0.979151, 177, 177, 304, 240
-0.979316, 49, 129, 176, 192
-0.979353, 289, 185, 416, 248
-0.979387, 249, 41, 280, 104
-0.979424, 121, 177, 184, 304
-0.979475, 97, 1, 224, 128
-0.979614, 245, 153, 276, 216
-0.979693, 369, 49, 400, 176
-0.979856, 273, 113, 336, 176
-0.979946, 369, 65, 432, 320
-0.980007, 65, 129, 96, 256
-0.980051, 281, 1, 344, 256
-0.980115, 297, 17, 328, 144
-0.980139, 345, 113, 408, 176
-0.980206, 105, 33, 168, 288
-0.980396, 137, 81, 200, 144
-0.980489, 237, 33, 268, 160
-0.980503, 169, 33, 232, 288
-0.980796, 381, 193, 412, 256
-0.98099, 389, 177, 420, 304
-0.981079, 257, 129, 384, 192
-0.981397, 249, 97, 312, 160
-0.981412, 325, 33, 356, 160
-0.981531, 81, 81, 112, 208
-0.981607, 265, 65, 328, 128
-0.98165, 273, 33, 304, 96
-0.981686, 201, 1, 264, 375
-0.981731, 365, 161, 396, 224
-0.981748, 125, 49, 156, 176
-0.981843, 305, 105, 432, 168
-0.98187, 169, 1, 232, 128
-0.98188, 129, 105, 192, 168
-0.981897, 293, 33, 324, 96
-0.98195, 241, 73, 272, 136
-0.98205, 225, 1, 288, 375
-0.982078, 265, 193, 328, 256
-0.982271, 405, 217, 436, 280
-0.98241, 289, 65, 352, 192
-0.982552, 261, 41, 292, 104
-0.982563, 289, 73, 416, 136
-0.982598, 249, 81, 280, 208
-0.9826, 269, 17, 300, 144
-0.982622, 61, 137, 92, 200
-0.982646, 305, 33, 368, 288
-0.9827, 85, 89, 116, 152
-0.982797, 385, 17, 448, 144
-0.982825, 17, 161, 80, 224
-0.982851, 81, 17, 144, 144
-0.982877, 33, 17, 160, 144
-0.982878, 221, 57, 252, 120
-0.982912, 313, 33, 344, 160
-0.98309, 177, 97, 304, 160
-0.98309, 305, 33, 336, 96
-0.983215, 369, 65, 400, 128
-0.983326, 369, 185, 400, 248
-0.983365, 289, 161, 352, 224
-0.983515, 153, 57, 184, 120
-0.983525, 177, 1, 240, 375
-0.98356, 65, 209, 192, 336
-0.983584, 257, 17, 288, 144
-0.983619, 337, 49, 368, 112
-0.983633, 397, 113, 428, 176
-0.983709, 145, 225, 272, 352
-0.98382, 325, 49, 356, 112
-0.983957, 249, 1, 312, 375
-0.983977, 417, 217, 448, 280
-0.984007, 305, 137, 432, 200
-0.984072, 129, 1, 192, 375
-0.98408, 153, 105, 216, 168
-0.984125, 377, 177, 408, 304
-0.98415, 97, 65, 128, 192
-0.984199, 377, 169, 440, 232
-0.984238, 129, 1, 192, 128
-0.984294, 225, 97, 288, 160
-0.984393, 153, 1, 216, 375
-0.984404, 177, 153, 304, 216
-0.984416, 25, 177, 88, 304
-0.984418, 389, 97, 420, 224
-0.984454, 49, 97, 112, 160
-0.98453, 225, 177, 352, 240
-0.984539, 329, 1, 392, 375
-0.984548, 49, 153, 112, 216
-0.984618, 321, 1, 448, 128
-0.984758, 377, 73, 440, 136
-0.984762, 181, 57, 212, 120
-0.984829, 225, 33, 256, 160
-0.984851, 401, 209, 432, 336
-0.984857, 273, 1, 336, 375
-0.984871, 273, 209, 400, 272
-0.984872, 145, 33, 208, 288
-0.984973, 113, 49, 144, 176
-0.985014, 425, 161, 488, 288
-0.985115, 257, 145, 288, 208
-0.9852, 345, 129, 408, 375
-0.985248, 105, 121, 168, 184
-0.985268, 313, 81, 376, 208
-0.985273, 305, 201, 368, 264
-0.985346, 1, 65, 128, 192
-0.985392, 337, 1, 400, 128
-0.98547, 65, 105, 192, 168
-0.985473, 353, 121, 480, 184
-0.985518, 369, 65, 496, 192
-0.985531, 357, 57, 388, 120
-0.985535, 201, 57, 232, 120
-0.985558, 417, 209, 480, 336
-0.985583, 185, 97, 248, 160
-0.985686, 341, 33, 372, 160
-0.985713, 137, 49, 168, 176
-0.985715, 409, 193, 472, 256
-0.985758, 225, 65, 352, 128
-0.985768, 193, 241, 320, 368
-0.985787, 97, 97, 160, 160
-0.985812, 369, 201, 496, 264
-0.985812, 169, 57, 200, 120
-0.985833, 185, 225, 248, 352
-0.985864, 33, 129, 96, 375
-0.985929, 157, 49, 188, 176
-0.985972, 177, 33, 240, 96
-0.986018, 169, 49, 200, 176
-0.986211, 353, 137, 416, 200
-0.986217, 345, 81, 408, 144
-0.986223, 97, 81, 128, 144
-0.986319, 257, 225, 384, 352
-0.986336, 181, 49, 212, 176
-0.986343, 253, 65, 284, 128
-0.986544, 233, 17, 296, 80
-0.986624, 261, 129, 292, 256
-0.98666, 121, 65, 152, 128
-0.986737, 321, 241, 448, 368
-0.986742, 9, 97, 72, 224
-0.986771, 357, 49, 388, 176
-0.986801, 161, 81, 224, 144
-0.986842, 193, 161, 256, 224
-0.986863, 353, 153, 384, 216
-0.986946, 109, 73, 140, 136
-0.986955, 389, 225, 420, 288
-0.987061, 225, 129, 288, 192
-0.987074, 401, 65, 464, 192
-0.987141, 353, 161, 384, 288
-0.987166, 365, 209, 396, 336
-0.987215, 413, 193, 444, 320
-0.987228, 269, 177, 300, 304
-0.987237, 105, 41, 168, 104
-0.987251, 261, 81, 292, 208
-0.987278, 297, 1, 360, 375
-0.987357, 385, 113, 416, 176
-0.987463, 25, 185, 88, 248
-0.987502, 369, 169, 496, 232
-0.987516, 49, 185, 112, 248
-0.98752, 205, 49, 236, 176
-0.98754, 237, 81, 268, 208
-0.98756, 417, 225, 480, 288
-0.987588, 141, 57, 172, 120
-0.987626, 137, 185, 200, 248
-0.987627, 393, 161, 456, 288
-0.98766, 129, 129, 192, 375
-0.987689, 73, 177, 136, 240
-0.987824, 401, 129, 464, 192
-0.987865, 237, 145, 268, 272
-0.987891, 17, 209, 144, 336
-0.987918, 177, 185, 240, 248
-0.987953, 377, 41, 440, 104
-0.988032, 353, 233, 480, 296
-0.988125, 153, 33, 216, 96
-0.988153, 353, 1, 416, 375
-0.98816, 321, 161, 448, 224
-0.988183, 113, 105, 240, 168
-0.988254, 81, 209, 144, 336
-0.988276, 313, 177, 376, 240
-0.988332, 61, 177, 92, 304
-0.988369, 129, 81, 256, 144
-0.988385, 33, 73, 160, 136
-0.988399, 89, 129, 152, 375
-0.988471, 369, 129, 400, 256
-0.988478, 225, 201, 352, 264
-0.988487, 33, 153, 160, 216
-0.988508, 409, 105, 472, 168
-0.988594, 389, 137, 420, 200
-0.988609, 193, 49, 224, 176
-0.988825, 373, 217, 404, 280
-0.988852, 209, 241, 272, 368
-0.988877, 49, 145, 80, 272
-0.988948, 193, 153, 448, 216
-0.988979, 401, 113, 432, 240
-0.989002, 369, 241, 432, 368
-0.989054, 81, 121, 144, 184
-0.989091, 117, 113, 148, 240
-0.989093, 105, 1, 168, 128
-0.989106, 105, 1, 168, 375
-0.989167, 113, 177, 176, 240
-0.989255, 265, 225, 328, 352
-0.989271, 381, 169, 412, 232
-0.989281, 369, 81, 496, 144
-0.989337, 273, 129, 304, 256
-0.989421, 129, 185, 256, 248
-0.989423, 281, 177, 312, 304
-0.989484, 381, 49, 412, 176
-0.989527, 333, 137, 364, 200
-0.989541, 269, 145, 300, 208
-0.989568, 225, 161, 256, 288
-0.989573, 269, 185, 300, 248
-0.989582, 265, 37, 328, 68
-0.989709, 193, 129, 256, 375
-0.989736, 81, 1, 144, 256
-0.989741, 353, 209, 384, 336
-0.989864, 289, 65, 352, 128
-0.989931, 349, 209, 380, 272
-0.989934, 313, 129, 376, 375
-0.989939, 249, 129, 312, 192
-0.989956, 273, 81, 304, 208
-0.990031, 161, 225, 224, 352
-0.990049, 73, 121, 104, 184
-0.990285, 285, 97, 316, 224
-0.990296, 313, 53, 376, 84
-0.990348, 173, 177, 204, 304
-0.990389, 105, 113, 136, 240
-0.990434, 193, 49, 448, 112
-0.990451, 321, 129, 352, 256
-0.990457, 153, 129, 216, 375
-0.990476, 201, 129, 264, 192
-0.990542, 209, 161, 240, 288
-0.990556, 97, 57, 352, 120
-0.990565, 321, 193, 352, 320
-0.990582, 265, 129, 328, 375
-0.990607, 129, 113, 160, 240
-0.990679, 33, 65, 96, 192
-0.990712, 361, 205, 424, 236
-0.990723, 201, 289, 264, 352
-0.990749, 225, 105, 352, 168
-0.990768, 381, 225, 412, 352
-0.990776, 257, 153, 320, 184
-0.990798, 145, 25, 272, 88
-0.990805, 257, 9, 320, 72
-0.990912, 33, 241, 96, 368
-0.990917, 185, 61, 248, 92
-0.990966, 113, 65, 176, 96
-0.990978, 209, 17, 272, 80
-0.991, 65, 1, 128, 375
-0.991006, 305, 17, 368, 80
-0.991006, 225, 265, 288, 328
-0.99103, 385, 229, 448, 260
-0.991051, 65, 177, 192, 240
-0.991052, 93, 113, 124, 240
-0.991073, 65, 133, 128, 164
-0.991081, 69, 81, 100, 208
-0.991099, 393, 129, 456, 375
-0.99114, 341, 161, 372, 288
-0.991145, 137, 65, 200, 96
-0.991198, 253, 97, 284, 160
-0.991219, 337, 61, 400, 92
-0.991231, 217, 49, 280, 80
-0.991245, 345, 193, 408, 224
-0.991252, 257, 177, 288, 304
-0.991294, 289, 45, 352, 76
-0.99132, 413, 145, 444, 272
-0.99134, 1, 105, 500, 168
-0.99135, 89, 77, 152, 108
-0.991371, 321, 145, 384, 176
-0.991399, 337, 157, 400, 188
-0.991411, 361, 141, 424, 172
-0.991442, 369, 117, 432, 148
-0.99146, 361, 1, 424, 128
-0.991473, 17, 121, 80, 184
-0.991512, 361, 217, 392, 280
-0.99152, 233, 153, 296, 184
-0.991521, 309, 129, 340, 256
-0.991521, 389, 81, 420, 144
-0.991527, 157, 177, 188, 304
-0.991561, 225, 177, 288, 208
-0.991573, 241, 41, 304, 72
-0.991575, 321, 129, 352, 192
-0.991589, 225, 97, 256, 224
-0.991615, 153, 313, 216, 375
-0.991624, 197, 161, 228, 288
-0.991639, 225, 209, 480, 272
-0.991644, 49, 177, 80, 240
-0.991667, 225, 101, 288, 132
-0.991689, 121, 225, 184, 352
-0.991754, 81, 89, 144, 120
-0.991757, 173, 97, 204, 224
-0.991782, 229, 185, 260, 248
-0.991801, 73, 117, 136, 148
-0.991815, 345, 73, 408, 104
-0.991821, 93, 161, 124, 288
-0.991855, 377, 217, 440, 248
-0.991862, 409, 229, 472, 260
-0.991889, 377, 137, 408, 200
-0.991891, 233, 165, 296, 196
-0.991892, 417, 225, 448, 256
-0.9919, 233, 189, 296, 220
-0.991917, 81, 101, 144, 132
-0.99193, 1, 57, 500, 120
-0.991942, 109, 161, 140, 288
-0.991949, 17, 97, 144, 160
-0.991952, 185, 177, 216, 304
-0.991967, 77, 129, 108, 256
-0.991985, 185, 97, 216, 224
-0.991985, 73, 97, 104, 160
-0.992002, 193, 185, 448, 248
-0.992019, 341, 209, 372, 336
-0.992031, 161, 65, 224, 96
-0.992035, 129, 153, 256, 216
-0.992046, 145, 97, 176, 224
-0.992046, 161, 97, 192, 224
-0.992073, 297, 145, 328, 272
-0.992101, 57, 145, 120, 176
-0.992119, 369, 41, 496, 104
-0.992175, 337, 241, 400, 368
-0.992222, 345, 217, 408, 248
-0.992249, 137, 109, 200, 140
-0.992276, 401, 217, 464, 248
-0.992287, 249, 65, 312, 96
-0.992319, 345, 113, 376, 240
-0.99235, 33, 129, 288, 192
-0.992375, 301, 65, 332, 192
-0.992382, 409, 241, 472, 272
-0.992393, 241, 201, 304, 264
-0.992399, 161, 105, 224, 136
-0.992415, 129, 33, 192, 96
-0.992415, 49, 65, 112, 128
-0.992428, 145, 177, 176, 304
-0.992432, 329, 181, 392, 212
-0.992435, 201, 189, 264, 220
-0.992436, 225, 81, 288, 112
-0.992438, 209, 69, 272, 100
-0.992446, 369, 241, 432, 304
-0.99245, 265, 65, 296, 128
-0.992463, 345, 85, 408, 116
-0.992465, 233, 225, 296, 352
-0.992482, 301, 193, 332, 320
-0.992487, 169, 265, 232, 328
-0.992498, 337, 169, 400, 200
-0.99251, 369, 165, 432, 196
-0.992519, 201, 97, 264, 128
-0.992528, 249, 105, 312, 136
-0.992553, 365, 161, 396, 192
-0.992564, 257, 165, 320, 196
-0.992574, 369, 177, 432, 208
-0.99258, 201, 173, 264, 204
-0.992592, 213, 1, 244, 128
-0.992605, 281, 157, 344, 188
-0.992631, 361, 229, 424, 260
-0.992648, 145, 81, 176, 144
-0.992652, 113, 117, 176, 148
-0.992653, 225, 73, 480, 136
-0.99266, 57, 241, 120, 368
-0.992668, 401, 125, 464, 156
-0.99267, 377, 153, 440, 184
-0.992672, 353, 33, 416, 96
-0.992678, 321, 213, 384, 244
-0.992687, 429, 233, 460, 296
-0.992724, 209, 161, 272, 192
-0.992732, 305, 133, 368, 164
-0.992752, 401, 161, 432, 288
-0.992761, 377, 57, 440, 88
-0.992766, 17, 161, 80, 192
-0.992814, 49, 161, 112, 192
-0.992826, 97, 97, 352, 160
-0.992863, 345, 105, 408, 136
-0.992876, 425, 209, 456, 336
-0.99288, 25, 189, 88, 220
-0.992883, 201, 85, 264, 116
-0.9929, 393, 193, 456, 224
-0.9929, 385, 137, 448, 168
-0.992906, 265, 117, 328, 148
-0.992914, 297, 25, 360, 56
-0.992915, 385, 241, 448, 272
-0.992921, 241, 201, 304, 232
-0.992925, 425, 97, 488, 352
-0.992925, 305, 233, 432, 296
-0.992932, 57, 177, 120, 208
-0.992944, 273, 65, 336, 96
-0.992947, 365, 65, 396, 96
-0.992957, 153, 53, 216, 84
-0.992957, 409, 113, 472, 144
-0.99296, 297, 201, 360, 232
-0.992961, 153, 93, 216, 124
-0.992961, 49, 101, 112, 132
-0.992964, 237, 25, 268, 88
-0.992965, 289, 37, 320, 68
-0.992966, 201, 1, 232, 128
-0.992968, 405, 217, 436, 248
-0.992986, 113, 97, 176, 128
-0.992991, 397, 121, 428, 152
-0.993011, 201, 225, 264, 288
-0.993015, 377, 85, 440, 116
-0.993025, 377, 73, 440, 104
-0.99304, 209, 149, 272, 180
-0.993048, 73, 193, 104, 320
-0.993051, 353, 57, 384, 88
-0.99306, 305, 161, 368, 192
-0.993064, 1, 177, 128, 240
-0.993067, 225, 113, 480, 176
-0.993079, 265, 193, 328, 224
-0.993081, 177, 49, 240, 80
-0.993094, 409, 205, 472, 236
-0.993107, 265, 141, 328, 172
-0.993128, 253, 17, 284, 80
-0.993151, 121, 161, 152, 288
-0.993152, 249, 149, 280, 180
-0.993158, 61, 193, 92, 256
-0.993159, 169, 161, 232, 224
-0.993159, 377, 97, 440, 128
-0.99316, 17, 149, 80, 180
-0.993161, 229, 81, 260, 144
-0.993184, 353, 153, 384, 184
-0.993199, 297, 73, 360, 104
-0.993205, 429, 233, 460, 264
-0.993209, 33, 201, 96, 232
-0.993209, 369, 193, 432, 224
-0.993217, 1, 145, 500, 208
-0.993232, 257, 181, 320, 212
-0.993237, 257, 25, 320, 56
-0.993242, 17, 173, 80, 204
-0.993254, 281, 129, 344, 160
-0.993257, 241, 141, 304, 172
-0.993257, 385, 205, 448, 236
-0.993265, 345, 129, 408, 160
-0.993268, 1, 81, 500, 144
-0.993286, 333, 53, 364, 84
-0.9933, 105, 181, 168, 212
-0.993301, 313, 153, 344, 216
-0.993309, 433, 201, 496, 264
-0.993329, 289, 241, 352, 368
-0.99333, 121, 53, 184, 84
-0.993333, 217, 33, 280, 64
-0.993341, 1, 193, 500, 256
-0.993343, 369, 145, 496, 208
-0.993345, 137, 193, 200, 224
-0.993347, 89, 133, 152, 164
-0.993349, 57, 85, 120, 116
-0.993355, 185, 273, 248, 304
-0.993358, 65, 189, 128, 220
-0.993361, 389, 205, 420, 236
-0.993362, 225, 265, 288, 296
-0.993367, 289, 189, 352, 220
-0.993375, 253, 177, 284, 240
-0.993376, 17, 133, 80, 164
-0.99338, 433, 221, 496, 252
-0.99339, 49, 121, 112, 152
-0.993407, 433, 237, 496, 268
-0.993415, 201, 257, 264, 288
-0.993422, 169, 209, 232, 272
-0.993422, 409, 297, 472, 360
-0.993432, 41, 209, 104, 272
-0.993433, 177, 89, 240, 120
-0.993446, 289, 129, 352, 375
-0.993456, 273, 205, 336, 236
-0.993466, 309, 45, 340, 76
-0.993482, 137, 65, 168, 96
-0.993486, 45, 153, 76, 216
-0.993492, 49, 285, 112, 316
-0.993501, 133, 177, 164, 304
-0.993503, 353, 1, 384, 128
-0.993504, 337, 41, 400, 72
-0.993507, 273, 265, 336, 328
-0.993512, 361, 45, 424, 76
-0.993513, 213, 61, 244, 92
-0.993516, 105, 233, 168, 296
-0.993524, 197, 97, 228, 224
-0.993544, 85, 33, 116, 160
-0.993546, 241, 97, 272, 160
-0.993548, 249, 265, 312, 328
-0.993551, 209, 285, 272, 316
-0.993555, 245, 169, 276, 200
-0.993573, 281, 169, 344, 200
-0.993574, 225, 53, 256, 84
-0.993578, 357, 113, 388, 240
-0.993583, 49, 73, 112, 104
-0.993596, 365, 1, 396, 128
-0.993596, 393, 329, 456, 360
-0.9936, 89, 65, 152, 96
-0.993611, 121, 273, 184, 336
-0.993612, 209, 201, 272, 232
-0.993617, 161, 317, 224, 348
-0.993632, 433, 325, 496, 356
-0.993632, 65, 209, 128, 272
-0.993653, 185, 285, 248, 316
-0.993661, 153, 285, 216, 316
-0.993662, 289, 269, 352, 300
-0.993674, 41, 133, 104, 164
-0.993686, 141, 1, 172, 128
-0.993687, 273, 105, 304, 168
-0.993688, 237, 49, 268, 80
-0.993701, 289, 113, 320, 176
-0.993725, 109, 73, 140, 104
-0.993757, 93, 81, 124, 112
-0.993761, 265, 153, 296, 184
-0.993768, 289, 9, 416, 72
-0.993774, 225, 41, 352, 72
-0.993781, 273, 37, 304, 68
-0.993792, 73, 49, 136, 112
-0.993823, 357, 185, 388, 248
-0.99383, 305, 297, 368, 360
-0.993843, 89, 257, 152, 320
-0.993899, 409, 121, 440, 184
-0.993916, 377, 197, 408, 228
-0.993929, 409, 209, 424, 272
-0.993948, 333, 113, 364, 240
-0.993975, 129, 1, 160, 128
-0.993979, 321, 49, 352, 80
-0.993993, 145, 129, 272, 192
-0.994, 201, 257, 264, 320
-0.994022, 145, 289, 208, 352
-0.994024, 181, 1, 212, 128
-0.994035, 197, 61, 228, 92
-0.99405, 397, 201, 412, 264
-0.994087, 41, 1, 104, 375
-0.994088, 77, 129, 108, 160
-0.99409, 121, 69, 152, 100
-0.994097, 235, 49, 250, 112
-0.9941, 133, 113, 164, 176
-0.994116, 365, 137, 396, 200
-0.994139, 125, 89, 156, 152
-0.994154, 17, 1, 80, 375
-0.994155, 341, 145, 372, 176
-0.994169, 313, 73, 376, 136
-0.994175, 249, 45, 280, 76
-0.994178, 129, 233, 192, 296
-0.994187, 109, 1, 140, 128
-0.994188, 305, 121, 336, 184
-0.994235, 401, 169, 464, 232
-0.994285, 121, 313, 184, 375
-0.994316, 393, 1, 456, 375
-0.994323, 57, 1, 120, 256
-0.994327, 61, 145, 92, 176
-0.99433, 57, 17, 120, 144
-0.994345, 233, 77, 264, 108
-0.994367, 241, 289, 304, 352
-0.99437, 33, 177, 288, 240
-0.99438, 205, 33, 236, 96
-0.994384, 153, 65, 184, 96
-0.994411, 257, 225, 320, 288
-0.994442, 145, 161, 208, 224
-0.994472, 89, 93, 120, 124
-0.994495, 417, 241, 448, 304
-0.994505, 345, 265, 408, 328
-0.994533, 409, 237, 440, 268
-0.994581, 389, 1, 420, 128
-0.994592, 33, 153, 288, 216
-0.994636, 329, 201, 360, 264
-0.994662, 177, 305, 240, 368
-0.994668, 365, 189, 396, 220
-0.994671, 169, 81, 200, 144
-0.994684, 221, 33, 252, 96
-0.994708, 165, 65, 196, 96
-0.994717, 373, 173, 404, 204
-0.994731, 385, 113, 416, 144
-0.994733, 397, 233, 428, 264
-0.994736, 249, 73, 280, 104
-0.994739, 157, 1, 188, 128
-0.99476, 69, 169, 100, 232
-0.994765, 117, 121, 148, 184
-0.994795, 373, 145, 404, 176
-0.994808, 185, 65, 216, 96
-0.994812, 317, 81, 348, 208
-0.994819, 25, 297, 88, 360
-0.994831, 177, 241, 240, 304
-0.994836, 97, 313, 224, 375
-0.994856, 233, 89, 264, 120
-0.994873, 261, 41, 292, 72
-0.994887, 401, 137, 432, 168
-0.994889, 373, 81, 404, 112
-0.994897, 249, 101, 280, 132
-0.994899, 9, 225, 72, 352
-0.994903, 345, 305, 408, 368
-0.994906, 321, 177, 352, 240
-0.994915, 225, 161, 256, 224
-0.994957, 337, 241, 400, 304
-0.994966, 145, 209, 208, 272
-0.994969, 247, 41, 262, 104
-0.994985, 177, 201, 304, 264
-0.994994, 1, 169, 500, 232
-0.995015, 385, 225, 416, 256
-0.995036, 417, 217, 432, 280
-0.995041, 225, 241, 288, 304
-0.995046, 57, 81, 88, 208
-0.995056, 389, 93, 420, 124
-0.99506, 121, 153, 184, 216
-0.995075, 169, 1, 200, 128
-0.995077, 257, 185, 288, 216
-0.995079, 225, 153, 352, 184
-0.995079, 1, 81, 256, 144
-0.99509, 245, 89, 276, 120
-0.995114, 329, 25, 392, 88
-0.995125, 41, 97, 72, 224
-0.995134, 85, 105, 116, 136
-0.995147, 403, 201, 418, 264
-0.995188, 413, 241, 444, 368
-0.99519, 437, 161, 468, 288
-0.995195, 281, 9, 344, 72
-0.995209, 81, 117, 112, 148
-0.995221, 209, 129, 336, 192
-0.995227, 289, 161, 416, 192
-0.995247, 369, 221, 400, 252
-0.995252, 129, 61, 256, 92
-0.995273, 97, 105, 128, 168
-0.99528, 373, 105, 404, 168
-0.995285, 205, 225, 236, 352
-0.995302, 385, 297, 448, 360
-0.995317, 65, 133, 96, 164
-0.995324, 265, 305, 328, 368
-0.995331, 277, 109, 308, 140
-0.995333, 337, 161, 368, 224
-0.995333, 369, 265, 432, 328
-0.995356, 129, 25, 384, 88
-0.995357, 277, 153, 308, 184
-0.995361, 153, 105, 184, 168
-0.995414, 265, 105, 296, 136
-0.995415, 57, 157, 88, 188
-0.995426, 241, 49, 256, 112
-0.995463, 259, 145, 274, 208
-0.995471, 377, 69, 408, 100
-0.995473, 337, 225, 464, 256
-0.995474, 217, 97, 248, 160
-0.99549, 57, 265, 120, 328
-0.99549, 261, 41, 276, 104
-0.995504, 413, 125, 444, 156
-0.99552, 253, 41, 268, 104
-0.99554, 385, 181, 416, 212
-0.995541, 329, 137, 360, 168
-0.995549, 277, 33, 292, 96
-0.995553, 105, 201, 168, 264
-0.995556, 45, 181, 76, 212
-0.995573, 377, 161, 408, 192
-0.995574, 437, 225, 468, 352
-0.995575, 269, 193, 300, 224
-0.995614, 33, 201, 160, 264
-0.995615, 305, 205, 432, 236
-0.995623, 153, 241, 184, 368
-0.995624, 153, 109, 184, 140
-0.995638, 133, 117, 164, 148
-0.995641, 441, 237, 472, 268
-0.995645, 317, 41, 332, 104
-0.995663, 125, 41, 156, 104
-0.995674, 309, 157, 340, 188
-0.995676, 121, 121, 152, 152
-0.995707, 173, 105, 204, 168
-0.995713, 257, 141, 384, 172
-0.995719, 361, 177, 392, 208
-0.995723, 357, 213, 388, 244
-0.99573, 373, 105, 404, 136
-0.995735, 313, 273, 376, 336
-0.99574, 245, 73, 260, 136
-0.995761, 393, 1, 456, 256
-0.995775, 307, 33, 322, 96
-0.995781, 255, 65, 270, 128
-0.995797, 41, 157, 72, 188
-0.995804, 313, 241, 376, 368
-0.995809, 53, 193, 84, 224
-0.995843, 63, 145, 78, 208
-0.995862, 221, 97, 252, 128
-0.995862, 325, 25, 356, 88
-0.995869, 181, 81, 212, 144
-0.995889, 213, 97, 244, 224
-0.995897, 345, 209, 376, 240
-0.995899, 205, 49, 236, 80
-0.995905, 387, 193, 402, 256
-0.995919, 189, 105, 220, 136
-0.995939, 245, 33, 276, 64
-0.995943, 277, 65, 308, 128
-0.995947, 261, 65, 292, 96
-0.99596, 173, 105, 204, 136
-0.995977, 305, 113, 432, 144
-0.995978, 41, 169, 72, 200
-0.995985, 389, 81, 420, 112
-0.995998, 267, 41, 282, 104
-0.995998, 285, 25, 316, 56
-0.996, 193, 97, 224, 160
-0.996009, 153, 53, 184, 84
-0.996013, 385, 169, 400, 232
-0.996013, 265, 165, 296, 196
-0.996015, 317, 129, 348, 160
-0.996016, 341, 185, 372, 248
-0.996025, 225, 189, 256, 220
-0.996027, 33, 265, 96, 328
-0.996036, 393, 49, 424, 176
-0.996037, 289, 73, 416, 104
-0.996043, 289, 117, 320, 148
-0.996046, 237, 101, 268, 132
-0.99605, 133, 241, 164, 368
-0.996052, 289, 193, 416, 224
-0.996056, 189, 193, 220, 256
-0.996059, 1, 33, 500, 96
-0.996065, 301, 145, 332, 208
-0.996066, 237, 149, 268, 180
-0.996067, 265, 1, 296, 256
-0.996072, 261, 29, 292, 60
-0.996074, 17, 49, 144, 112
-0.996084, 185, 53, 216, 84
-0.99609, 97, 33, 224, 96
-0.996096, 361, 137, 392, 168
-0.996097, 69, 181, 100, 212
-0.996103, 65, 117, 96, 148
-0.996121, 389, 153, 420, 184
-0.996124, 201, 101, 232, 132
-0.99614, 389, 61, 420, 92
-0.996142, 385, 141, 416, 172
-0.996148, 417, 113, 448, 144
-0.996149, 65, 197, 96, 228
-0.996151, 189, 225, 220, 352
-0.996158, 233, 65, 264, 96
-0.996165, 281, 65, 312, 96
-0.996171, 113, 97, 144, 160
-0.996171, 321, 161, 352, 192
-0.996174, 9, 249, 72, 312
-0.996181, 145, 97, 176, 128
-0.996189, 217, 241, 248, 368
-0.996189, 257, 233, 500, 296
-0.996195, 413, 137, 444, 168
-0.996196, 61, 169, 92, 200
-0.996197, 109, 129, 140, 160
-0.996211, 117, 57, 148, 88
-0.996226, 233, 177, 264, 208
-0.996238, 201, 57, 216, 120
-0.99625, 1, 105, 256, 168
-0.996252, 245, 65, 276, 320
-0.996262, 177, 185, 304, 216
-0.996274, 333, 205, 364, 236
-0.99628, 245, 181, 276, 212
-0.996284, 273, 25, 304, 56
-0.996287, 379, 153, 394, 216
-0.996298, 305, 125, 336, 156
-0.996299, 77, 93, 108, 124
-0.996309, 41, 145, 72, 176
-0.996316, 333, 165, 364, 196
-0.996324, 249, 61, 280, 92
-0.996325, 141, 53, 172, 84
-0.996325, 225, 25, 480, 88
-0.996339, 177, 101, 304, 132
-0.99634, 49, 129, 176, 160
-0.996346, 389, 49, 420, 112
-0.996354, 429, 245, 460, 276
-0.996359, 289, 157, 320, 188
-0.996374, 245, 193, 276, 320
-0.996379, 89, 97, 104, 160
-0.996385, 97, 289, 224, 352
-0.996393, 129, 53, 160, 84
-0.996403, 173, 53, 204, 84
-0.996411, 1, 129, 128, 192
-0.996413, 97, 133, 128, 164
-0.996413, 285, 193, 316, 256
-0.996423, 437, 221, 468, 252
-0.996433, 229, 49, 244, 112
-0.996433, 293, 33, 308, 96
-0.996434, 313, 33, 344, 64
-0.996444, 65, 97, 192, 128
-0.996449, 233, 33, 264, 288
-0.996451, 353, 45, 384, 76
-0.996457, 33, 1, 96, 256
-0.996461, 81, 69, 208, 100
-0.996467, 283, 33, 298, 96
-0.996477, 289, 1, 320, 256
-0.996478, 193, 273, 320, 336
-0.996481, 353, 49, 368, 112
-0.996501, 405, 49, 436, 176
-0.996542, 73, 97, 104, 352
-0.996573, 169, 33, 200, 96
-0.996582, 213, 185, 244, 248
-0.996584, 113, 209, 144, 336
-0.996604, 69, 33, 100, 160
-0.996627, 265, 225, 296, 352
-0.996636, 301, 33, 316, 96
-0.996663, 229, 209, 260, 336
-0.996665, 157, 81, 188, 144
-0.99668, 373, 153, 388, 216
-0.996684, 273, 53, 400, 84
-0.996688, 417, 193, 448, 256
-0.996691, 1, 57, 256, 120
-0.996697, 405, 241, 436, 304
-0.9967, 85, 113, 116, 176
-0.996724, 97, 17, 128, 144
-0.996725, 393, 177, 424, 240
-0.996755, 155, 57, 170, 120
-0.996791, 225, 9, 352, 72
-0.996798, 225, 165, 352, 196
-0.996813, 185, 33, 216, 96
-0.996814, 195, 57, 210, 120
-0.996832, 277, 225, 308, 352
-0.996849, 325, 49, 340, 112
-0.996889, 145, 225, 272, 288
-0.996898, 129, 105, 256, 136
-0.996906, 187, 57, 202, 120
-0.996914, 337, 49, 352, 112
-0.996923, 269, 145, 284, 208
-0.996931, 81, 177, 112, 240
-0.996938, 373, 65, 404, 320
-0.996942, 423, 217, 438, 280
-0.996973, 81, 85, 208, 116
-0.996976, 381, 193, 396, 256
-0.996988, 345, 49, 360, 112
-0.997005, 221, 33, 252, 288
-0.997019, 177, 153, 304, 184
-0.997035, 281, 9, 312, 72
-0.997064, 331, 49, 346, 112
-0.997067, 177, 53, 304, 84
-0.997069, 129, 121, 384, 184
-0.99707, 337, 133, 464, 164
-0.99707, 411, 121, 426, 184
-0.997075, 405, 113, 420, 176
-0.99708, 177, 57, 192, 120
-0.997089, 77, 129, 92, 192
-0.997093, 257, 177, 384, 208
-0.9971, 371, 57, 386, 120
-0.997105, 9, 97, 72, 352
-0.997125, 101, 49, 132, 112
-0.997133, 169, 57, 184, 120
-0.997134, 289, 145, 320, 208
-0.997137, 305, 265, 432, 328
-0.997138, 57, 205, 88, 220
-0.99714, 425, 221, 456, 236
-0.99715, 229, 77, 260, 92
-0.997157, 237, 163, 268, 178
-0.997158, 241, 201, 368, 232
-0.99716, 273, 35, 304, 50
-0.997165, 285, 115, 316, 130
-0.997169, 57, 169, 88, 184
-0.997175, 277, 1, 308, 256
-0.997177, 209, 249, 336, 312
-0.99718, 289, 225, 320, 352
-0.997182, 253, 71, 284, 86
-0.997182, 197, 59, 228, 74
-0.997189, 313, 53, 344, 68
-0.997192, 413, 127, 444, 142
-0.997192, 65, 113, 192, 144
-0.997194, 33, 33, 288, 96
-0.997196, 223, 57, 238, 120
-0.997206, 265, 167, 296, 182
-0.997215, 125, 121, 156, 136
-0.997222, 373, 83, 404, 98
-0.997227, 185, 59, 216, 74
-0.997227, 65, 119, 96, 134
-0.997228, 253, 185, 284, 200
-0.997228, 381, 175, 412, 190
-0.997231, 69, 101, 100, 116
-0.997231, 413, 117, 444, 132
-0.997231, 89, 65, 120, 320
-0.997236, 123, 65, 138, 128
-0.997241, 41, 169, 72, 184
-0.997242, 433, 227, 464, 242
-0.997247, 233, 93, 264, 108
-0.997247, 49, 141, 176, 172
-0.997253, 49, 197, 80, 212
-0.997261, 353, 237, 480, 268
-0.997261, 209, 55, 240, 70
-0.997265, 349, 215, 380, 230
-0.997267, 381, 157, 412, 172
-0.99727, 33, 201, 288, 264
-0.99727, 241, 241, 272, 368
-0.997271, 257, 129, 288, 375
-0.997273, 353, 153, 384, 168
-0.997279, 169, 185, 200, 248
-0.99728, 373, 169, 404, 184
-0.997289, 413, 211, 444, 226
-0.997297, 71, 137, 86, 200
-0.997302, 405, 235, 436, 250
-0.997304, 249, 91, 280, 106
-0.997306, 173, 225, 204, 352
-0.997307, 401, 201, 432, 216
-0.997309, 289, 101, 416, 132
-0.997313, 193, 197, 320, 228
-0.997314, 389, 101, 420, 116
-0.997315, 321, 145, 448, 176
-0.997321, 369, 221, 400, 236
-0.997325, 197, 105, 228, 120
-0.997331, 369, 111, 400, 126
-0.997332, 81, 113, 112, 128
-0.997332, 433, 243, 464, 258
-0.997337, 161, 109, 192, 124
-0.997339, 229, 265, 260, 328
-0.997342, 101, 209, 132, 336
-0.997343, 269, 161, 300, 176
-0.997345, 101, 81, 116, 144
-0.997346, 357, 143, 388, 158
-0.99735, 149, 57, 164, 120
-0.997363, 273, 197, 304, 212
-0.997363, 161, 313, 288, 375
-0.997371, 57, 159, 88, 174
-0.997376, 205, 97, 236, 160
-0.997377, 225, 69, 352, 100
-0.997382, 309, 159, 340, 174
-0.997386, 193, 225, 320, 288
-0.997391, 257, 191, 288, 206
-0.997393, 65, 125, 96, 140
-0.997398, 397, 147, 428, 162
-0.9974, 261, 105, 292, 120
-0.997401, 383, 65, 398, 128
-0.997406, 81, 119, 112, 134
-0.997412, 137, 115, 168, 130
-0.99742, 273, 111, 304, 126
-0.99742, 281, 157, 312, 172
-0.997423, 369, 209, 496, 240
-0.997425, 333, 143, 364, 158
-0.997429, 389, 81, 420, 96
-0.99744, 229, 85, 260, 100
-0.99744, 393, 231, 424, 246
-0.997443, 209, 103, 240, 118
-0.997456, 149, 111, 180, 126
-0.997457, 377, 183, 408, 198
-0.997465, 41, 159, 72, 174
-0.997469, 157, 33, 188, 96
-0.997472, 421, 241, 452, 256
-0.997485, 369, 77, 400, 92
-0.997489, 85, 101, 116, 116
-0.997513, 209, 33, 240, 288
-0.997517, 73, 209, 104, 272
-0.997518, 289, 221, 416, 252
-0.997526, 85, 107, 116, 122
-0.99753, 163, 57, 178, 120
-0.997531, 217, 57, 232, 120
-0.997532, 355, 145, 370, 208
-0.997539, 397, 127, 428, 142
-0.997554, 369, 101, 400, 116
-0.997571, 221, 101, 252, 116
-0.997572, 201, 185, 232, 248
-0.997577, 353, 165, 480, 196
-0.997589, 245, 179, 276, 194
-0.997593, 353, 33, 384, 288
-0.997595, 381, 227, 412, 242
-0.997597, 369, 97, 496, 128
-0.9976, 389, 107, 420, 122
-0.997604, 1, 313, 128, 375
-0.997608, 365, 193, 396, 208
-0.99761, 65, 147, 96, 162
-0.997612, 365, 153, 380, 216
-0.997613, 81, 127, 112, 142
-0.997625, 207, 57, 222, 120
-0.997627, 289, 289, 416, 352
-0.997629, 113, 33, 144, 288
-0.997637, 177, 65, 208, 80
-0.997639, 61, 153, 92, 168
-0.997643, 145, 173, 272, 204
-0.997652, 101, 65, 132, 320
-0.997656, 353, 33, 384, 96
-0.997665, 433, 113, 496, 240
-0.997671, 257, 45, 288, 60
-0.997678, 69, 141, 100, 156
-0.997683, 189, 33, 220, 288
-0.997687, 373, 89, 404, 104
-0.997688, 105, 79, 136, 94
-0.997691, 369, 71, 400, 86
-0.997697, 209, 297, 336, 360
-0.997702, 341, 151, 372, 166
-0.997709, 129, 209, 384, 272
-0.997715, 409, 139, 440, 154
-0.997718, 341, 33, 372, 288
-0.997721, 107, 73, 122, 136
-0.997723, 425, 161, 456, 288
-0.997727, 389, 65, 420, 320
-0.997729, 401, 133, 432, 148
-0.997734, 399, 113, 414, 176
-0.997737, 249, 161, 280, 176
-0.997753, 293, 43, 324, 58
-0.997759, 253, 241, 284, 368
-0.997759, 425, 1, 488, 375
-0.99776, 389, 95, 420, 110
-0.997761, 169, 33, 200, 288
-0.997766, 1, 217, 500, 280
-0.99778, 389, 169, 420, 184
-0.997781, 429, 229, 444, 260
-0.997782, 253, 145, 268, 208
-0.997787, 421, 225, 436, 256
-0.997792, 345, 129, 376, 192
-0.997793, 85, 209, 116, 336
-0.997801, 381, 117, 412, 132
-0.997809, 249, 103, 280, 118
-0.997833, 301, 65, 332, 128
-0.99784, 97, 85, 128, 100
-0.997841, 433, 237, 464, 252
-0.997843, 89, 95, 120, 110
-0.997845, 393, 215, 424, 230
-0.997845, 221, 59, 252, 74
-0.997847, 375, 161, 390, 192
-0.997851, 369, 81, 496, 112
-0.99786, 249, 167, 280, 182
-0.997861, 417, 133, 448, 148
-0.997861, 95, 89, 110, 152
-0.997865, 237, 101, 268, 116
-0.997868, 415, 217, 430, 248
-0.99787, 83, 105, 98, 168
-0.997871, 409, 213, 424, 244
-0.997879, 383, 165, 398, 196
-0.997881, 369, 61, 384, 92
-0.997881, 229, 57, 244, 88
-0.997886, 365, 157, 380, 188
-0.997888, 359, 57, 374, 88
-0.997893, 63, 149, 78, 180
-0.997903, 403, 225, 418, 288
-0.997906, 313, 45, 328, 76
-0.997906, 379, 65, 394, 96
-0.99791, 435, 233, 450, 264
-0.997917, 33, 225, 288, 288
-0.997919, 259, 149, 274, 180
-0.997919, 223, 61, 238, 92
-0.99792, 413, 125, 428, 156
-0.997922, 345, 53, 360, 84
-0.997922, 251, 73, 266, 104
-0.997923, 303, 37, 318, 68
-0.997927, 353, 177, 480, 208
-0.997932, 117, 65, 132, 128
-0.997935, 105, 129, 136, 192
-0.997935, 403, 209, 418, 240
-0.997936, 1, 313, 256, 375
-0.997938, 91, 93, 106, 124
-0.99794, 297, 33, 312, 64
-0.99794, 393, 141, 424, 156
-0.997943, 441, 233, 456, 264
-0.997944, 305, 181, 432, 212
-0.997945, 359, 153, 374, 184
-0.997945, 237, 53, 252, 84
-0.997947, 259, 45, 274, 76
-0.997947, 103, 81, 118, 112
-0.997949, 49, 225, 80, 352
-0.997953, 247, 49, 262, 80
-0.997954, 353, 57, 368, 88
-0.997955, 245, 173, 276, 188
-0.997955, 369, 175, 400, 190
-0.997956, 269, 149, 284, 180
-0.997959, 209, 61, 224, 92
-0.99796, 361, 57, 376, 120
-0.99796, 153, 65, 168, 96
-0.997961, 397, 205, 412, 236
-0.997961, 273, 41, 288, 72
-0.997962, 385, 73, 400, 104
-0.997962, 153, 65, 184, 80
-0.997965, 325, 49, 340, 80
-0.997967, 77, 133, 92, 164
-0.997968, 407, 121, 422, 152
-0.997969, 389, 209, 420, 224
-0.99797, 189, 65, 220, 80
-0.997971, 245, 85, 260, 116
-0.997974, 391, 201, 406, 232
-0.997974, 161, 297, 416, 360
-0.997976, 285, 37, 300, 68
-0.997978, 147, 65, 162, 96
-0.99798, 417, 65, 448, 192
-0.99798, 165, 65, 196, 80
-0.997983, 241, 273, 368, 336
-0.997984, 71, 141, 86, 172
-0.997985, 141, 65, 156, 96
-0.997985, 145, 265, 272, 328
-0.997989, 339, 53, 354, 84
-0.99799, 289, 65, 320, 128
-0.997997, 117, 73, 132, 104
-0.997997, 319, 45, 334, 76
-0.998002, 97, 85, 112, 116
-0.998002, 331, 49, 346, 80
-0.998003, 383, 193, 398, 224
-0.998004, 377, 201, 408, 216
-0.998004, 217, 61, 232, 92
-0.998006, 241, 73, 256, 104
-0.998008, 279, 37, 294, 68
-0.998014, 409, 233, 424, 264
-0.998014, 169, 61, 184, 92
-0.998015, 141, 33, 172, 288
-0.998016, 131, 69, 146, 100
-0.998018, 65, 193, 80, 224
-0.998019, 253, 45, 268, 76
-0.998019, 125, 69, 140, 100
-0.998025, 175, 65, 190, 96
-0.998025, 265, 45, 280, 76
-0.998026, 325, 33, 356, 288
-0.998026, 159, 65, 174, 96
-0.998027, 109, 77, 124, 108
-0.998027, 271, 185, 286, 216
-0.998027, 275, 149, 290, 180
-0.998028, 87, 113, 102, 144
-0.998031, 191, 65, 206, 96
-0.998033, 197, 65, 212, 96
-0.998033, 353, 159, 384, 174
-0.998033, 365, 151, 396, 166
-0.998035, 397, 117, 412, 148
-0.998036, 417, 237, 432, 268
-0.998037, 393, 97, 408, 128
-0.998038, 185, 65, 200, 96
-0.998039, 203, 61, 218, 92
-0.99804, 269, 161, 284, 192
-0.99804, 251, 89, 266, 120
-0.998041, 387, 181, 402, 212
-0.998041, 125, 69, 156, 84
-0.998042, 291, 33, 306, 64
-0.998043, 137, 177, 168, 240
-0.998046, 351, 145, 366, 176
-0.998047, 49, 181, 176, 212
-0.99805, 377, 189, 392, 220
-0.998055, 53, 165, 68, 196
-0.99806, 61, 97, 92, 352
-0.998061, 375, 149, 390, 180
-0.998062, 109, 73, 140, 88
-0.998062, 81, 201, 208, 264
-0.998067, 393, 85, 408, 116
-0.998067, 387, 109, 402, 140
-0.998069, 377, 177, 392, 208
-0.998075, 241, 77, 272, 92
-0.998075, 393, 121, 424, 136
-0.998076, 89, 57, 120, 120
-0.998076, 289, 169, 320, 232
-0.998078, 411, 137, 426, 168
-0.998082, 423, 237, 438, 268
-0.998082, 265, 181, 280, 212
-0.998083, 233, 53, 264, 68
-0.998084, 83, 129, 98, 160
-0.998085, 389, 169, 404, 200
-0.998085, 33, 153, 160, 184
-0.998085, 257, 69, 272, 100
-0.998088, 399, 229, 414, 260
-0.998089, 419, 129, 434, 160
-0.998092, 367, 145, 382, 176
-0.998092, 137, 67, 168, 82
-0.998092, 261, 101, 276, 132
-0.998093, 59, 185, 74, 216
-0.998093, 71, 201, 86, 232
-0.998093, 281, 153, 296, 184
-0.998094, 257, 161, 272, 192
-0.998098, 383, 221, 398, 252
-0.998098, 391, 225, 406, 256
-0.998102, 385, 85, 400, 116
-0.998105, 247, 177, 262, 208
-0.998108, 253, 149, 268, 180
-0.998111, 255, 101, 270, 132
-0.998113, 85, 101, 100, 132
-0.998114, 361, 213, 376, 244
-0.998117, 77, 121, 92, 152
-0.998118, 371, 177, 386, 208
-0.99812, 369, 313, 496, 375
-0.998122, 377, 221, 392, 252
-0.998123, 153, 97, 184, 352
-0.998124, 383, 145, 398, 176
-0.998125, 361, 65, 392, 80
-0.998126, 249, 101, 264, 132
-0.998128, 219, 49, 234, 80
-0.998129, 337, 55, 368, 70
-0.99813, 161, 109, 176, 140
-0.998131, 239, 97, 254, 128
-0.998132, 319, 157, 334, 188
-0.998136, 371, 217, 386, 248
-0.998136, 239, 73, 254, 136
-0.99814, 257, 81, 272, 112
-0.99814, 235, 69, 250, 100
-0.998142, 287, 153, 302, 184
-0.998143, 265, 33, 280, 64
-0.998145, 345, 141, 360, 172
-0.998145, 63, 161, 78, 192
-0.998146, 233, 97, 248, 128
-0.998147, 241, 41, 256, 72
-0.998148, 435, 221, 450, 252
-0.998148, 247, 149, 262, 180
-0.99815, 277, 193, 292, 224
-0.99815, 313, 153, 328, 184
-0.998151, 247, 37, 262, 68
-0.998175, 157, 177, 188, 240
-0.998175, 317, 201, 348, 264
-0.998182, 401, 221, 432, 236
-0.998198, 437, 201, 468, 264
-0.998217, 321, 61, 448, 92
-0.99822, 301, 1, 332, 256
-0.998223, 241, 189, 368, 220
-0.998225, 337, 193, 464, 224
-0.998233, 409, 227, 440, 242
-0.998241, 49, 289, 176, 352
-0.998244, 117, 177, 148, 240
-0.998263, 369, 145, 496, 176
-0.998264, 269, 129, 300, 375
-0.998268, 369, 65, 496, 96
-0.998279, 289, 85, 416, 116
-0.998282, 245, 49, 276, 64
-0.998285, 269, 155, 300, 170
-0.998287, 1, 89, 128, 120
-0.998296, 143, 57, 158, 120
-0.998308, 33, 169, 160, 200
-0.998312, 257, 281, 500, 344
-0.998322, 375, 177, 390, 240
-0.99833, 391, 113, 406, 176
-0.998343, 409, 129, 440, 375
-0.998343, 269, 41, 300, 56
-0.998344, 129, 33, 160, 288
-0.998355, 413, 97, 444, 160
-0.998362, 233, 137, 264, 200
-0.998398, 61, 177, 76, 240
-0.998404, 137, 65, 152, 128
-0.998409, 437, 113, 468, 240
-0.998425, 61, 241, 92, 368
-0.998433, 77, 133, 108, 148
-0.998456, 233, 129, 264, 375
-0.998473, 405, 193, 436, 256
-0.998473, 241, 129, 368, 160
-0.99848, 365, 209, 380, 272
-0.99848, 257, 39, 320, 54
-0.998486, 145, 197, 272, 228
-0.998497, 421, 233, 452, 248
-0.998501, 177, 65, 304, 96
-0.998508, 305, 47, 336, 62
-0.998515, 81, 225, 208, 288
-0.998516, 271, 185, 286, 248
-0.998542, 393, 235, 456, 250
-0.998547, 249, 155, 312, 170
-0.998554, 305, 201, 336, 264
-0.998561, 209, 101, 272, 116
-0.998567, 253, 153, 284, 168
-0.998571, 385, 229, 448, 244
-0.998578, 353, 49, 480, 80
-0.99858, 325, 53, 356, 68
-0.998582, 205, 65, 236, 80
-0.998584, 121, 67, 184, 82
-0.998584, 305, 53, 368, 68
-0.998585, 321, 155, 384, 170
-0.998591, 177, 65, 240, 80
-0.998591, 65, 137, 128, 152
-0.998597, 409, 241, 472, 256
-0.998598, 129, 65, 144, 128
-0.998602, 233, 49, 296, 64
-0.998602, 161, 89, 288, 120
-0.998603, 337, 161, 400, 176
-0.998605, 369, 215, 432, 230
-0.998606, 225, 153, 288, 168
-0.998607, 361, 209, 424, 224
-0.998608, 281, 47, 344, 62
-0.998612, 349, 59, 380, 74
-0.998613, 321, 59, 384, 74
-0.998617, 257, 45, 320, 60
-0.998618, 97, 77, 160, 92
-0.998621, 73, 131, 136, 146
-0.998622, 241, 163, 304, 178
-0.998624, 273, 157, 336, 172
-0.998624, 369, 223, 432, 238
-0.998624, 345, 201, 408, 216
-0.998625, 337, 69, 400, 84
-0.998625, 145, 65, 208, 80
-0.998626, 369, 123, 432, 138
-0.998628, 81, 95, 144, 110
-0.998629, 429, 217, 444, 280
-0.998629, 89, 89, 152, 104
-0.998629, 241, 197, 304, 212
-0.998631, 337, 167, 400, 182
-0.998632, 225, 177, 288, 192
-0.998632, 393, 223, 456, 238
-0.998634, 217, 55, 280, 70
-0.998636, 145, 109, 208, 124
-0.998637, 81, 101, 144, 116
-0.998638, 377, 141, 440, 156
-0.998639, 97, 83, 160, 98
-0.998641, 225, 185, 288, 200
-0.998641, 401, 135, 464, 150
-0.998641, 345, 77, 408, 92
-0.998642, 369, 163, 400, 178
-0.998643, 57, 143, 120, 158
-0.998643, 371, 217, 386, 280
-0.998643, 201, 61, 264, 76
-0.998645, 313, 149, 376, 164
-0.998645, 353, 143, 416, 158
-0.998645, 73, 125, 136, 140
-0.998646, 129, 265, 384, 328
-0.998646, 185, 103, 248, 118
-0.998647, 49, 153, 112, 168
-0.998648, 113, 117, 240, 148
-0.998648, 409, 229, 472, 244
-0.998649, 177, 77, 304, 108
-0.998649, 353, 117, 416, 132
-0.998651, 425, 235, 488, 250
-0.998652, 345, 225, 408, 240
-0.998652, 345, 87, 408, 102
-0.998652, 217, 163, 280, 178
-0.998654, 233, 191, 296, 206
-0.998656, 337, 195, 400, 210
-0.998656, 361, 149, 424, 164
-0.998658, 257, 69, 320, 84
-0.998658, 361, 231, 424, 246
-0.99866, 17, 155, 80, 170
-0.998661, 233, 105, 296, 120
-0.998661, 217, 169, 280, 184
-0.998662, 377, 169, 440, 184
-0.998662, 209, 29, 336, 60
-0.998662, 281, 37, 344, 52
-0.998664, 433, 229, 496, 244
-0.998665, 49, 159, 112, 174
-0.998665, 369, 131, 432, 146
-0.998665, 17, 161, 80, 176
-0.998666, 97, 71, 160, 86
-0.998666, 25, 145, 88, 160
-0.998666, 409, 127, 472, 142
-0.998666, 377, 107, 440, 122
-0.998667, 281, 199, 344, 214
-0.998668, 233, 77, 296, 92
-0.99867, 345, 111, 408, 126
-0.99867, 49, 165, 112, 180
-0.99867, 17, 169, 80, 184
-0.99867, 369, 59, 432, 74
-0.998671, 73, 119, 136, 134
-0.998671, 73, 107, 136, 122
-0.998672, 345, 173, 408, 188
-0.998672, 129, 45, 256, 76
-0.998672, 41, 105, 104, 120
-0.998673, 129, 115, 192, 130
-0.998675, 209, 77, 272, 92
-0.998675, 345, 61, 408, 76
-0.998676, 241, 205, 304, 220
-0.998676, 241, 171, 304, 186
-0.998676, 369, 237, 432, 252
-0.998676, 321, 213, 384, 228
-0.998677, 17, 225, 144, 288
-0.998677, 233, 43, 296, 58
-0.998678, 369, 157, 432, 172
-0.998681, 257, 183, 320, 198
-0.998681, 393, 113, 456, 128
-0.998681, 49, 179, 112, 194
-0.998682, 385, 195, 448, 210
-0.998682, 329, 219, 392, 234
-0.998682, 433, 241, 496, 256
-0.998682, 377, 83, 440, 98
-0.998682, 329, 189, 392, 204
-0.998683, 169, 59, 232, 74
-0.998683, 49, 95, 112, 110
-0.998684, 305, 143, 368, 158
-0.998684, 345, 93, 408, 108
-0.998684, 337, 149, 400, 164
-0.998685, 409, 119, 472, 134
-0.998685, 73, 113, 136, 128
-0.998685, 297, 161, 360, 176
-0.998686, 377, 75, 440, 90
-0.998686, 217, 83, 280, 98
-0.998686, 201, 175, 264, 190
-0.998686, 257, 177, 320, 192
-0.998687, 25, 197, 88, 212
-0.998688, 361, 163, 424, 178
-0.998688, 33, 137, 96, 152
-0.998688, 345, 101, 408, 116
-0.998688, 201, 189, 264, 204
-0.99869, 233, 71, 296, 86
-0.99869, 401, 205, 464, 220
-0.99869, 225, 93, 288, 108
-0.99869, 121, 121, 184, 136
-0.998691, 25, 189, 88, 204
-0.998691, 209, 113, 336, 144
-0.998691, 369, 203, 432, 218
-0.998691, 377, 91, 440, 106
-0.998691, 345, 51, 408, 66
-0.998692, 17, 183, 80, 198
-0.998693, 411, 233, 426, 296
-0.998693, 153, 1, 184, 256
-0.998694, 377, 97, 440, 112
-0.998694, 369, 181, 432, 196
-0.998695, 345, 155, 408, 170
-0.998695, 401, 141, 464, 156
-0.998707, 33, 73, 160, 104
-0.998722, 289, 29, 416, 60
-0.99873, 313, 33, 344, 288
-0.998743, 1, 297, 500, 360
-0.998747, 97, 129, 224, 192
-0.998748, 369, 121, 496, 152
-0.998754, 389, 89, 404, 152
-0.998761, 257, 1, 500, 64
-0.998761, 225, 213, 352, 244
-0.998767, 1, 249, 256, 312
-0.998773, 17, 105, 144, 136
-0.998781, 221, 129, 252, 375
-0.998791, 133, 129, 164, 375
-0.998822, 261, 65, 276, 128
-0.998835, 387, 217, 402, 280
-0.998851, 361, 129, 392, 375
-0.998856, 287, 17, 302, 144
-0.998863, 33, 289, 288, 352
-0.998875, 303, 17, 318, 144
-0.998889, 297, 17, 312, 144
-0.998893, 129, 185, 256, 216
-0.998909, 65, 129, 80, 256
-0.998931, 381, 49, 396, 176
-0.998942, 113, 129, 144, 375
-0.998952, 239, 33, 254, 160
-0.998954, 393, 225, 408, 288
-0.998956, 97, 1, 352, 64
-0.99896, 391, 177, 406, 304
-0.998961, 79, 113, 94, 240
-0.998965, 81, 153, 208, 216
-0.998986, 339, 33, 354, 160
-0.998999, 435, 225, 450, 288
-0.999021, 259, 81, 274, 208
-0.999029, 257, 313, 500, 375
-0.999045, 127, 49, 142, 176
-0.999046, 255, 97, 270, 160
-0.999051, 407, 193, 422, 320
-0.999056, 321, 33, 336, 160
-0.999058, 253, 33, 268, 160
-0.999061, 341, 129, 372, 375
-0.999061, 147, 81, 162, 144
-0.999064, 329, 33, 344, 160
-0.999071, 261, 129, 276, 256
-0.999072, 353, 257, 480, 320
-0.999074, 49, 313, 176, 375
-0.999082, 255, 129, 270, 256
-0.99909, 391, 169, 406, 232
-0.999094, 73, 129, 88, 256
-0.999099, 281, 129, 312, 375
-0.999102, 281, 17, 296, 144
-0.999111, 257, 233, 384, 296
-0.999122, 245, 33, 260, 160
-0.999123, 263, 33, 278, 160
-0.999125, 253, 81, 268, 208
-0.999127, 55, 161, 70, 224
-0.999131, 345, 33, 360, 160
-0.999138, 401, 177, 416, 304
-0.999143, 265, 81, 280, 208
-0.999149, 315, 33, 330, 160
-0.999151, 1, 265, 128, 328
-0.999155, 391, 81, 406, 208
-0.999169, 309, 17, 324, 144
-0.999175, 17, 61, 144, 92
-0.99918, 201, 129, 232, 375
-0.999187, 49, 197, 176, 228
-0.999191, 385, 177, 400, 304
-0.999197, 321, 313, 448, 375
-0.999197, 133, 49, 148, 176
-0.999203, 269, 33, 284, 160
-0.999203, 413, 193, 428, 320
-0.999206, 161, 141, 288, 172
-0.999209, 285, 37, 316, 52
-0.999211, 233, 33, 248, 160
-0.999215, 103, 65, 118, 192
-0.999217, 87, 81, 102, 208
-0.999222, 81, 57, 208, 88
-0.999233, 377, 57, 392, 120
-0.999236, 365, 49, 380, 176
-0.999243, 121, 49, 136, 176
-0.999245, 241, 253, 368, 284
-0.999248, 275, 33, 290, 160
-0.999254, 139, 49, 154, 176
-0.999265, 399, 97, 414, 224
-0.999273, 173, 49, 188, 176
-0.999282, 161, 209, 288, 240
-0.999288, 337, 17, 464, 80
-0.999288, 65, 177, 80, 304
-0.999293, 247, 145, 262, 208
-0.999296, 267, 129, 282, 256
-0.999299, 1, 129, 128, 160
-0.999299, 93, 81, 108, 208
-0.999301, 375, 49, 390, 176
-0.999304, 365, 161, 380, 288
-0.999306, 241, 81, 368, 112
-0.999312, 377, 193, 392, 320
-0.999315, 289, 129, 416, 160
-0.999319, 275, 145, 290, 208
-0.999322, 155, 49, 170, 176
-0.999324, 369, 109, 496, 140
-0.999325, 195, 49, 210, 176
-0.999328, 225, 257, 480, 320
-0.999331, 161, 49, 176, 176
-0.999334, 247, 81, 262, 208
-0.999335, 185, 49, 200, 176
-0.999342, 359, 49, 374, 176
-0.999345, 167, 49, 182, 176
-0.999355, 233, 73, 248, 136
-0.999355, 271, 177, 286, 304
-0.999356, 347, 137, 362, 200
-0.999359, 1, 273, 500, 336
-0.999366, 249, 129, 264, 256
-0.999371, 165, 129, 196, 375
-0.999372, 179, 49, 194, 176
-0.999374, 149, 33, 164, 160
-0.999375, 273, 129, 288, 256
-0.999383, 417, 1, 480, 256
-0.999384, 381, 129, 396, 256
-0.999393, 49, 97, 80, 352
-0.99941, 389, 137, 404, 200
-0.99941, 109, 65, 124, 192
-0.999411, 161, 261, 288, 292
-0.999411, 129, 337, 256, 368
-0.999414, 69, 193, 84, 256
-0.999416, 297, 97, 328, 352
-0.999421, 425, 193, 440, 320
-0.999423, 337, 289, 464, 352
-0.999432, 371, 209, 386, 336
-0.999438, 127, 113, 142, 240
-0.999439, 65, 265, 192, 328
-0.999439, 161, 29, 288, 60
-0.999441, 129, 77, 256, 108
-0.999445, 77, 1, 108, 256
-0.99945, 283, 177, 298, 304
-0.999452, 351, 49, 366, 176
-0.999465, 433, 193, 448, 320
-0.999466, 121, 113, 136, 240
-0.999466, 371, 161, 386, 288
-0.999467, 377, 217, 392, 280
-0.999472, 243, 177, 258, 240
-0.999473, 201, 49, 216, 176
-0.999485, 1, 189, 128, 220
-0.999486, 329, 129, 360, 375
-0.999487, 17, 117, 144, 148
-0.999488, 399, 225, 414, 352
-0.999488, 393, 129, 408, 256
-0.999499, 115, 49, 130, 176
-0.999502, 359, 209, 374, 272
-0.999502, 59, 129, 74, 256
-0.999507, 419, 193, 434, 320
-0.999508, 407, 145, 422, 272
-0.999508, 223, 49, 238, 176
-0.999512, 277, 177, 292, 304
-0.999521, 405, 97, 420, 224
-0.999522, 207, 49, 222, 176
-0.999523, 273, 81, 288, 208
-0.999531, 189, 129, 220, 375
-0.999536, 129, 233, 384, 296
-0.99954, 115, 113, 130, 240
-0.999542, 243, 145, 258, 272
-0.99955, 217, 49, 232, 176
-0.999559, 277, 185, 292, 248
-0.99956, 281, 129, 296, 256
-0.999563, 225, 265, 352, 296
-0.999563, 337, 297, 464, 328
-0.999568, 177, 129, 208, 375
-0.999578, 133, 113, 148, 240
-0.99958, 71, 177, 86, 304
-0.999589, 211, 161, 226, 288
-0.99959, 359, 145, 374, 272
-0.999594, 273, 65, 288, 128
-0.999595, 393, 225, 408, 352
-0.999596, 331, 129, 346, 256
-0.999604, 351, 161, 366, 288
-0.999605, 221, 161, 236, 288
-0.999612, 205, 161, 220, 288
-0.999617, 241, 25, 256, 88
-0.999618, 345, 161, 360, 288
-0.999623, 177, 177, 192, 304
-0.999625, 97, 205, 224, 236
-0.999626, 61, 1, 92, 256
-0.999628, 195, 177, 210, 304
-0.999628, 289, 177, 304, 304
-0.99963, 187, 177, 202, 304
-0.999632, 321, 273, 448, 304
-0.999634, 209, 141, 336, 172
-0.999634, 385, 225, 400, 352
-0.999635, 101, 129, 116, 256
-0.999639, 109, 113, 124, 240
-0.999639, 305, 237, 432, 268
-0.99964, 309, 65, 324, 192
-0.999642, 339, 161, 354, 288
-0.999645, 357, 193, 372, 320
-0.999646, 325, 129, 340, 256
-0.999651, 387, 129, 402, 256
-0.999654, 313, 129, 344, 375
-0.999662, 161, 177, 176, 304
-0.999664, 369, 277, 496, 308
-0.999664, 229, 161, 244, 288
-0.999666, 111, 161, 126, 288
-0.999666, 71, 81, 86, 208
-0.999667, 171, 177, 186, 304
-0.999672, 365, 209, 380, 336
-0.999673, 123, 161, 138, 288
-0.999673, 365, 113, 380, 240
-0.999674, 417, 145, 432, 272
-0.999678, 195, 97, 210, 224
-0.99968, 297, 97, 312, 224
-0.999682, 323, 193, 338, 320
-0.999685, 1, 209, 128, 240
-0.999686, 351, 209, 366, 336
-0.999689, 95, 161, 110, 288
-0.999691, 291, 97, 306, 224
-0.999692, 117, 161, 132, 288
-0.999694, 189, 97, 204, 224
-0.999695, 177, 41, 304, 72
-0.999699, 237, 161, 252, 288
-0.999702, 81, 161, 96, 288
-0.999702, 153, 177, 168, 304
-0.999703, 439, 225, 454, 352
-0.999705, 329, 193, 344, 320
-0.999707, 153, 97, 168, 224
-0.999731, 1, 141, 128, 172
-0.999735, 279, 109, 294, 124
-0.999735, 385, 179, 400, 194
-0.999735, 237, 101, 252, 116
-0.999735, 421, 239, 436, 254
-0.999735, 87, 121, 102, 136
-0.999735, 53, 175, 68, 190
-0.999735, 247, 87, 262, 102
-0.999735, 67, 203, 82, 218
-0.999735, 283, 155, 298, 170
-0.999736, 395, 83, 410, 98
-0.999736, 391, 227, 406, 242
-0.999736, 73, 143, 88, 158
-0.999736, 55, 183, 70, 198
-0.999736, 263, 105, 278, 120
-0.999737, 395, 141, 410, 156
-0.999737, 271, 159, 286, 174
-0.999737, 263, 183, 278, 198
-0.999737, 215, 59, 230, 74
-0.999737, 369, 151, 384, 166
-0.999737, 239, 77, 254, 92
-0.999737, 231, 101, 246, 116
-0.999737, 415, 127, 430, 142
-0.999738, 403, 141, 418, 156
-0.999738, 249, 93, 264, 108
-0.999738, 257, 169, 272, 184
-0.999738, 399, 231, 414, 246
-0.999738, 287, 113, 302, 128
-0.999738, 393, 171, 408, 186
-0.999738, 431, 241, 446, 256
-0.999738, 61, 159, 76, 174
-0.999739, 377, 193, 392, 208
-0.999739, 257, 161, 272, 176
-0.999739, 87, 109, 102, 124
-0.99974, 257, 103, 272, 118
-0.99974, 415, 239, 430, 254
-0.99974, 383, 101, 398, 116
-0.99974, 89, 103, 104, 118
-0.99974, 385, 113, 400, 128
-0.99974, 259, 153, 274, 168
-0.99974, 267, 189, 282, 204
-0.999741, 391, 105, 406, 120
-0.999741, 383, 71, 398, 86
-0.999741, 265, 177, 280, 240
-0.999741, 393, 91, 408, 106
-0.999741, 405, 233, 420, 248
-0.999741, 247, 101, 262, 116
-0.999741, 347, 145, 362, 160
-0.999741, 87, 129, 102, 144
-0.999741, 87, 115, 102, 130
-0.999742, 189, 65, 204, 80
-0.999742, 441, 243, 456, 258
-0.999742, 385, 87, 400, 102
-0.999742, 163, 65, 178, 80
-0.999743, 95, 91, 110, 106
-0.999743, 119, 73, 134, 88
-0.999743, 137, 69, 152, 84
-0.999743, 447, 239, 462, 254
-0.999743, 397, 119, 412, 134
-0.999744, 241, 83, 256, 98
-0.999745, 387, 167, 402, 182
-0.999745, 153, 67, 168, 82
-0.999745, 183, 65, 198, 80
-0.999745, 75, 137, 90, 152
-0.999746, 281, 39, 296, 54
-0.999746, 309, 45, 324, 60
-0.999746, 383, 199, 398, 214
-0.999746, 419, 133, 434, 148
-0.999746, 63, 153, 78, 168
-0.999746, 355, 151, 370, 166
-0.999746, 385, 77, 400, 92
-0.999746, 197, 65, 212, 80
-0.999747, 67, 145, 82, 160
-0.999747, 263, 47, 278, 62
-0.999747, 409, 141, 424, 156
-0.999747, 277, 155, 292, 170
-0.999747, 403, 121, 418, 136
-0.999747, 81, 133, 96, 148
-0.999748, 393, 97, 408, 112
-0.999748, 269, 43, 284, 58
-0.999748, 125, 71, 140, 86
-0.999748, 91, 97, 106, 112
-0.999748, 147, 67, 162, 82
-0.999748, 419, 225, 434, 240
-0.999748, 177, 65, 192, 80
-0.999749, 321, 51, 336, 66
-0.999749, 361, 155, 376, 170
-0.999749, 385, 173, 400, 188
-0.99975, 245, 77, 260, 92
-0.99975, 407, 213, 422, 228
-0.99975, 351, 57, 366, 72
-0.99975, 131, 69, 146, 84
-0.99975, 169, 65, 184, 80
-0.99975, 391, 117, 406, 132
-0.99975, 265, 153, 280, 168
-0.99975, 235, 55, 250, 70
-0.999751, 287, 37, 302, 52
-0.999751, 413, 221, 428, 236
-0.999751, 327, 53, 342, 68
-0.999752, 209, 65, 224, 80
-0.999752, 271, 153, 286, 168
-0.999752, 413, 133, 428, 148
-0.999752, 103, 83, 118, 98
-0.999752, 243, 51, 258, 66
-0.999753, 253, 49, 268, 64
-0.999753, 275, 41, 290, 56
-0.999753, 415, 139, 430, 154
-0.999753, 113, 77, 128, 92
-0.999753, 401, 209, 416, 224
-0.999754, 161, 273, 288, 304
-0.999754, 219, 65, 234, 80
-0.999754, 293, 37, 308, 52
-0.999754, 225, 61, 240, 76
-0.999754, 203, 65, 218, 80
-0.999754, 333, 53, 348, 68
-0.999755, 357, 59, 372, 74
-0.999755, 367, 159, 382, 174
-0.999755, 343, 55, 358, 70
-0.999756, 409, 123, 424, 138
-0.999757, 305, 39, 320, 54
-0.999757, 389, 201, 404, 216
-0.999757, 395, 205, 410, 220
-0.999757, 251, 77, 266, 92
-0.999757, 371, 65, 386, 80
-0.999758, 381, 167, 396, 182
-0.999758, 425, 229, 440, 244
-0.999759, 377, 67, 392, 82
-0.999759, 113, 289, 240, 320
-0.999759, 365, 61, 380, 76
-0.99976, 315, 47, 330, 62
-0.999762, 433, 233, 448, 248
-0.999762, 299, 37, 314, 52
-0.999762, 373, 163, 388, 178
-0.999766, 353, 333, 480, 364
-0.999767, 249, 169, 264, 232
-0.999768, 441, 237, 456, 252
-0.999775, 285, 185, 300, 248
-0.999779, 129, 325, 256, 356
-0.999787, 225, 101, 352, 132
-0.999791, 321, 249, 448, 280
-0.999814, 129, 153, 256, 184
-0.999815, 249, 97, 264, 160
-0.999815, 323, 153, 338, 216
-0.999843, 1, 241, 500, 304
-0.999845, 145, 249, 272, 280
-0.999845, 369, 265, 496, 296
-0.999845, 263, 97, 278, 160
-0.999847, 65, 305, 192, 336
-0.999848, 233, 97, 248, 160
-0.999852, 365, 129, 380, 192
-0.999863, 65, 337, 192, 368
-0.999866, 1, 305, 128, 336
-0.999873, 433, 97, 464, 352
-0.999886, 225, 53, 352, 84
-0.999887, 145, 289, 272, 352
-0.999894, 385, 113, 400, 176
-0.999896, 17, 285, 144, 316
-0.999907, 369, 321, 496, 352
-0.999914, 177, 305, 304, 336
-0.999925, 257, 17, 272, 80
-0.999925, 113, 313, 240, 344
-0.999927, 241, 277, 368, 308
-0.999953, 143, 113, 158, 176
-0.999956, 289, 293, 416, 324
-0.999959, 267, 65, 282, 128
-0.999963, 113, 217, 240, 248
-0.999969, 97, 129, 224, 160
-0.999978, 305, 261, 432, 292
-0.999989, 193, 285, 320, 316
-0.999989, 129, 301, 256, 332
-1, 305, 329, 432, 360
-1, 363, 185, 378, 248
-1, 177, 317, 304, 348
-1, 321, 309, 448, 340
-1.00001, 209, 225, 336, 256
-1.00001, 289, 41, 416, 72
-1.00001, 161, 229, 288, 260
-1.00001, 341, 137, 356, 200
-1.00004, 241, 241, 368, 272
-1.00005, 239, 97, 254, 160
-1.00008, 369, 309, 496, 340
-1.00008, 257, 117, 384, 148
-1.00009, 193, 241, 320, 272
-1.00011, 1, 261, 128, 292
-1.00012, 49, 209, 176, 240
-1.00012, 65, 289, 192, 320
-1.00013, 113, 261, 240, 292
-1.00013, 325, 129, 340, 192
-1.00013, 369, 249, 496, 280
-1.00014, 421, 97, 452, 352
-1.00014, 331, 129, 346, 192
-1.00015, 409, 185, 424, 248
-1.0002, 319, 129, 334, 192
-1.0002, 401, 33, 432, 288
-1.0002, 417, 1, 448, 256
-1.00021, 257, 313, 384, 375
-1.00021, 395, 137, 410, 200
-1.00021, 181, 81, 196, 144
-1.00022, 153, 81, 168, 144
-1.00023, 429, 241, 444, 304
-1.00024, 375, 129, 390, 192
-1.00026, 327, 25, 342, 88
-1.00026, 271, 17, 286, 80
-1.00028, 339, 201, 354, 264
-1.00028, 1, 1, 500, 64
-1.00029, 279, 65, 294, 128
-1.00032, 311, 145, 326, 208
-1.00033, 405, 137, 420, 200
-1.00034, 311, 121, 326, 184
-1.00034, 353, 209, 368, 272
-1.00034, 227, 97, 242, 160
-1.00037, 37, 97, 68, 352
-1.00045, 1, 9, 256, 72
-1.00047, 33, 17, 96, 144
-1.00065, 41, 1, 72, 256
-1.00069, 457, 97, 488, 352
-1.0008, 177, 1, 304, 64
-1.00084, 1, 289, 128, 352
-1.00092, 469, 129, 500, 375
-1.00094, 445, 97, 476, 352
-1.00104, 465, 1, 496, 256
-1.00109, 29, 1, 60, 256
-1.00112, 449, 1, 480, 256
-1.0012, 21, 97, 52, 352
-1.00125, 5, 65, 36, 320
-1.00134, 437, 1, 468, 256
-1.00141, 409, 17, 472, 144
-1.00147, 1, 17, 64, 144
-1.00148, 17, 1, 48, 256
-1.002, 433, 65, 496, 192
-1.00261, 9, 1, 72, 256
-1.00288, 1, 177, 64, 304
-1.00288, 49, 25, 176, 88
-1.004, 433, 1, 496, 128
-1.00411, 1, 1, 128, 64
-1.00459, 129, 1, 256, 64
-1.00486, 81, 1, 208, 64
-1.00609, 1, 25, 128, 88
