1969
-0.610887, 161, 1, 416, 375
-0.618064, 1, 1, 256, 375
-0.620204, 257, 1, 500, 375
-0.63453, 1, 1, 500, 375
-0.647401, 1, 129, 500, 375
-0.746981, 1, 33, 500, 288
-0.781173, 225, 1, 480, 256
-0.787853, 225, 129, 480, 375
-0.793743, 1, 97, 256, 352
-0.794893, 33, 1, 288, 256
-0.82439, 97, 97, 352, 352
-0.856689, 129, 1, 384, 256
-0.893703, 369, 1, 496, 375
-0.896536, 353, 1, 480, 256
-0.900815, 321, 1, 448, 375
-0.903055, 161, 1, 288, 375
-0.906991, 273, 1, 400, 375
-0.91272, 225, 1, 352, 375
-0.912893, 1, 1, 128, 375
-0.914753, 369, 97, 496, 352
-0.914774, 113, 1, 240, 375
-0.919378, 161, 97, 288, 352
-0.920114, 241, 129, 368, 375
-0.920691, 1, 193, 500, 320
-0.923236, 65, 1, 192, 375
-0.92481, 305, 33, 432, 288
-0.92806, 321, 129, 448, 375
-0.936876, 161, 1, 288, 256
-0.937991, 1, 145, 500, 272
-0.938117, 17, 129, 144, 375
-0.938959, 1, 65, 500, 192
-0.939251, 1, 241, 500, 368
-0.93946, 113, 129, 240, 375
-0.941035, 97, 1, 224, 256
-0.943391, 209, 1, 336, 256
-0.943684, 49, 1, 176, 256
-0.947301, 1, 1, 500, 128
-0.951875, 65, 97, 192, 352
-0.952025, 1, 1, 128, 256
-0.952966, 257, 33, 384, 288
-0.953476, 225, 209, 480, 336
-0.95573, 33, 177, 288, 304
-0.95709, 225, 97, 480, 224
-0.957234, 353, 1, 480, 128
-0.958045, 385, 1, 448, 128
-0.960307, 1, 225, 256, 352
-0.961323, 161, 145, 416, 272
-0.962881, 225, 1, 480, 128
-0.96336, 225, 49, 480, 176
-0.965224, 129, 193, 384, 320
-0.965966, 353, 225, 480, 352
-0.968691, 33, 129, 288, 256
-0.968863, 409, 225, 472, 352
-0.969333, 249, 225, 312, 352
-0.970025, 257, 161, 500, 288
-0.970122, 249, 145, 312, 272
-0.971021, 225, 177, 352, 304
-0.971778, 177, 129, 304, 256
-0.972292, 33, 65, 288, 192
-0.972432, 433, 225, 496, 352
-0.972725, 417, 145, 480, 272
-0.973615, 433, 1, 496, 128
-0.973772, 177, 241, 240, 368
-0.97408, 33, 17, 288, 144
-0.974206, 409, 1, 472, 128
-0.97497, 393, 9, 456, 72
-0.975767, 1, 241, 128, 368
-0.975862, 129, 241, 384, 368
-0.975926, 433, 33, 496, 96
-0.976239, 377, 225, 440, 352
-0.976306, 193, 241, 320, 368
-0.976344, 393, 129, 456, 256
-0.9764, 225, 241, 288, 368
-0.976577, 113, 49, 240, 176
-0.976653, 417, 145, 480, 208
-0.976867, 369, 1, 432, 64
-0.976971, 353, 113, 480, 240
-0.977216, 273, 161, 400, 288
-0.977744, 201, 305, 264, 368
-0.977829, 145, 177, 272, 304
-0.977902, 81, 313, 144, 375
-0.978022, 169, 313, 232, 375
-0.97811, 249, 217, 312, 280
-0.978184, 249, 169, 312, 232
-0.97834, 417, 201, 480, 264
-0.978438, 393, 233, 456, 296
-0.978508, 345, 1, 408, 128
-0.97889, 417, 225, 480, 288
-0.979056, 249, 145, 312, 208
-0.979064, 393, 121, 456, 184
-0.979093, 225, 289, 288, 352
-0.979183, 1, 241, 64, 304
-0.979193, 65, 209, 192, 336
-0.979334, 353, 41, 416, 104
-0.979409, 209, 257, 272, 320
-0.979417, 257, 241, 320, 304
-0.979558, 377, 169, 440, 232
-0.979666, 241, 265, 304, 328
-0.97967, 377, 209, 440, 272
-0.979741, 417, 177, 480, 240
-0.979816, 49, 1, 176, 128
-0.979942, 41, 241, 104, 304
-0.980141, 305, 49, 432, 176
-0.980298, 353, 65, 416, 192
-0.980392, 145, 313, 208, 375
-0.980413, 249, 193, 312, 256
-0.980436, 377, 145, 440, 208
-0.980449, 273, 193, 336, 320
-0.980551, 193, 81, 320, 208
-0.980577, 217, 105, 280, 168
-0.980585, 1, 193, 64, 256
-0.980839, 17, 161, 80, 288
-0.980899, 225, 193, 288, 320
-0.980936, 225, 233, 288, 296
-0.980996, 169, 177, 232, 240
-0.981059, 409, 257, 472, 320
-0.98107, 409, 1, 472, 256
-0.981071, 369, 129, 432, 256
-0.981122, 393, 177, 456, 304
-0.981264, 385, 41, 448, 104
-0.981383, 161, 1, 288, 128
-0.981404, 17, 193, 144, 320
-0.981511, 353, 65, 480, 192
-0.981521, 1, 217, 64, 280
-0.981532, 41, 193, 104, 256
-0.981623, 185, 1, 248, 64
-0.981781, 417, 121, 480, 184
-0.981853, 177, 105, 240, 168
-0.981897, 377, 265, 440, 328
-0.981949, 225, 169, 288, 232
-0.981958, 305, 225, 432, 352
-0.982006, 97, 1, 224, 128
-0.982073, 281, 177, 344, 240
-0.98209, 209, 209, 272, 272
-0.982098, 161, 289, 224, 352
-0.982115, 385, 1, 448, 256
-0.982142, 225, 145, 288, 208
-0.982154, 209, 1, 272, 64
-0.982181, 257, 113, 320, 176
-0.982229, 17, 169, 80, 232
-0.982258, 57, 313, 120, 375
-0.982285, 377, 97, 440, 160
-0.982358, 241, 225, 368, 352
-0.982364, 353, 73, 416, 136
-0.982462, 353, 145, 416, 208
-0.982549, 185, 281, 248, 344
-0.982565, 41, 217, 104, 280
-0.982586, 353, 121, 416, 184
-0.982592, 345, 1, 408, 64
-0.982617, 193, 81, 256, 144
-0.982657, 81, 241, 144, 304
-0.982709, 273, 113, 400, 240
-0.982729, 1, 273, 64, 336
-0.982789, 121, 201, 184, 264
-0.982943, 353, 97, 416, 160
-0.982954, 369, 161, 496, 288
-0.983067, 105, 225, 168, 288
-0.983128, 353, 185, 416, 248
-0.983128, 145, 193, 208, 256
-0.983149, 105, 1, 168, 64
-0.983155, 65, 209, 128, 272
-0.98329, 273, 145, 336, 208
-0.98329, 417, 97, 480, 224
-0.983292, 281, 225, 344, 288
-0.983369, 417, 129, 480, 375
-0.983493, 409, 33, 472, 96
-0.983503, 145, 313, 272, 375
-0.983558, 377, 81, 440, 208
-0.983568, 201, 145, 264, 208
-0.98359, 433, 249, 496, 312
-0.983752, 417, 9, 480, 72
-0.983827, 433, 273, 496, 336
-0.983848, 41, 169, 104, 232
-0.983873, 105, 313, 168, 375
-0.983887, 201, 97, 264, 224
-0.983897, 113, 241, 240, 368
-0.983907, 129, 49, 384, 176
-0.983912, 369, 177, 432, 304
-0.98395, 305, 1, 432, 128
-0.983979, 353, 257, 416, 320
-0.983988, 433, 1, 496, 256
-0.984084, 201, 241, 264, 368
-0.984103, 297, 281, 360, 344
-0.984131, 225, 129, 352, 256
-0.984132, 81, 265, 144, 328
-0.984199, 289, 201, 352, 264
-0.984217, 433, 297, 496, 360
-0.98423, 273, 289, 336, 352
-0.984369, 377, 65, 440, 128
-0.98439, 393, 129, 456, 375
-0.9844, 41, 265, 104, 328
-0.984498, 41, 193, 104, 320
-0.984543, 41, 145, 104, 208
-0.984556, 137, 81, 200, 144
-0.984593, 265, 129, 328, 375
-0.984673, 129, 1, 384, 128
-0.984707, 281, 121, 344, 184
-0.984711, 321, 281, 384, 344
-0.984717, 169, 65, 232, 128
-0.984755, 1, 137, 64, 200
-0.984883, 393, 289, 456, 352
-0.984931, 353, 225, 416, 288
-0.984991, 25, 313, 88, 375
-0.985043, 353, 17, 480, 80
-0.985072, 193, 177, 256, 240
-0.98517, 249, 289, 312, 352
-0.98529, 369, 289, 432, 352
-0.985354, 329, 41, 392, 104
-0.985425, 185, 217, 248, 280
-0.985439, 185, 257, 248, 320
-0.985489, 153, 225, 216, 288
-0.985535, 129, 97, 384, 224
-0.985585, 273, 113, 336, 240
-0.985599, 97, 289, 160, 352
-0.985676, 153, 177, 216, 304
-0.985749, 41, 121, 104, 184
-0.985791, 209, 129, 272, 375
-0.985843, 177, 129, 240, 256
-0.985952, 193, 297, 320, 360
-0.986108, 241, 81, 304, 144
-0.986116, 73, 185, 136, 248
-0.986156, 153, 121, 216, 184
-0.986192, 353, 241, 480, 304
-0.986234, 113, 65, 176, 128
-0.986293, 105, 1, 168, 128
-0.986364, 145, 185, 272, 248
-0.986484, 225, 201, 352, 264
-0.986499, 369, 129, 432, 375
-0.986608, 217, 81, 280, 144
-0.986631, 73, 33, 136, 96
-0.986631, 249, 97, 312, 224
-0.986682, 225, 97, 288, 224
-0.986688, 353, 1, 416, 256
-0.986722, 1, 241, 64, 368
-0.986745, 345, 281, 408, 344
-0.986753, 321, 1, 384, 64
-0.986772, 57, 289, 120, 352
-0.986788, 397, 1, 428, 64
-0.98683, 289, 97, 352, 160
-0.986853, 49, 1, 112, 64
-0.986864, 209, 145, 272, 272
-0.986878, 41, 89, 104, 152
-0.986917, 161, 153, 224, 216
-0.986957, 137, 33, 200, 96
-0.986965, 193, 57, 256, 120
-0.987025, 153, 1, 216, 64
-0.987062, 433, 57, 496, 120
-0.987067, 177, 129, 240, 192
-0.987129, 329, 185, 392, 248
-0.98717, 313, 161, 376, 224
-0.987237, 129, 1, 192, 64
-0.987239, 353, 225, 416, 352
-0.987276, 113, 41, 176, 104
-0.987322, 329, 81, 392, 144
-0.987337, 313, 257, 376, 320
-0.987365, 321, 177, 448, 304
-0.98738, 65, 161, 128, 224
-0.987401, 161, 41, 224, 104
-0.987426, 1, 297, 64, 360
-0.98743, 177, 161, 304, 224
-0.98744, 73, 1, 136, 64
-0.987507, 25, 17, 88, 80
-0.98754, 265, 265, 328, 328
-0.987541, 97, 225, 160, 352
-0.987582, 129, 1, 192, 128
-0.987956, 113, 177, 176, 304
-0.988116, 409, 1, 472, 375
-0.988327, 241, 129, 304, 375
-0.988331, 253, 241, 284, 368
-0.988335, 169, 49, 232, 176
-0.988466, 225, 177, 352, 240
-0.98855, 277, 193, 308, 320
-0.988573, 65, 177, 128, 304
-0.988587, 249, 281, 280, 344
-0.988631, 417, 209, 448, 336
-0.988675, 89, 313, 120, 375
-0.988876, 433, 1, 496, 375
-0.989175, 353, 129, 480, 192
-0.989182, 161, 257, 288, 320
-0.989203, 65, 305, 192, 368
-0.98927, 17, 313, 144, 375
-0.989352, 129, 129, 256, 256
-0.989415, 193, 1, 256, 256
-0.989589, 201, 193, 264, 320
-0.989672, 65, 161, 192, 288
-0.989712, 465, 41, 496, 104
-0.989752, 65, 49, 192, 176
-0.989844, 273, 177, 400, 240
-0.989882, 433, 49, 496, 176
-0.989901, 49, 241, 112, 368
-0.98994, 217, 1, 280, 256
-0.989946, 201, 297, 232, 360
-0.98999, 193, 1, 256, 375
-0.989997, 1, 145, 128, 272
-0.990014, 289, 129, 352, 375
-0.990092, 1, 129, 64, 375
-0.990094, 41, 129, 104, 375
-0.990129, 409, 1, 440, 64
-0.990169, 453, 33, 484, 96
-0.990232, 277, 217, 308, 280
-0.99024, 177, 97, 240, 352
-0.990274, 265, 161, 296, 288
-0.9903, 369, 1, 432, 375
-0.990413, 297, 225, 360, 352
-0.990418, 413, 1, 444, 128
-0.990431, 385, 9, 448, 40
-0.990586, 441, 25, 472, 88
-0.990604, 161, 1, 224, 256
-0.990645, 129, 1, 192, 256
-0.990671, 81, 341, 144, 372
-0.990922, 417, 233, 448, 296
-0.990952, 169, 321, 232, 352
-0.990992, 1, 177, 128, 240
-0.991004, 129, 241, 192, 368
-0.991033, 153, 129, 216, 375
-0.991053, 249, 33, 312, 288
-0.99107, 345, 1, 408, 375
-0.991137, 105, 1, 168, 256
-0.991154, 429, 17, 460, 80
-0.991208, 261, 265, 292, 328
-0.991224, 433, 41, 496, 72
-0.991235, 353, 265, 480, 328
-0.991254, 57, 1, 120, 256
-0.991262, 393, 25, 456, 56
-0.991383, 329, 49, 392, 176
-0.991411, 193, 313, 256, 344
-0.991412, 369, 41, 496, 104
-0.991418, 137, 329, 200, 360
-0.991459, 273, 241, 336, 368
-0.991509, 257, 281, 384, 344
-0.991536, 397, 1, 428, 128
-0.991536, 345, 97, 408, 352
-0.991578, 113, 337, 176, 368
-0.991649, 273, 145, 304, 208
-0.991663, 169, 1, 232, 375
-0.991666, 41, 129, 104, 256
-0.991685, 257, 229, 320, 260
-0.991741, 181, 297, 212, 360
-0.991753, 401, 129, 432, 256
-0.991753, 441, 225, 472, 352
-0.991774, 409, 245, 472, 276
-0.991777, 329, 1, 392, 256
-0.991813, 257, 161, 288, 224
-0.991871, 417, 29, 480, 60
-0.991871, 97, 281, 224, 344
-0.991889, 217, 17, 280, 144
-0.991997, 265, 225, 296, 288
-0.992014, 417, 141, 480, 172
-0.992086, 405, 217, 436, 280
-0.992123, 305, 25, 432, 88
-0.992193, 129, 1, 256, 64
-0.992199, 81, 329, 144, 360
-0.992226, 353, 217, 480, 280
-0.992243, 41, 233, 104, 264
-0.992275, 405, 177, 436, 304
-0.992289, 417, 229, 480, 260
-0.992308, 305, 89, 432, 152
-0.992331, 269, 177, 300, 240
-0.992331, 249, 217, 312, 248
-0.992335, 401, 225, 432, 352
-0.99235, 41, 333, 104, 364
-0.992355, 393, 133, 456, 164
-0.992356, 417, 205, 480, 236
-0.992359, 169, 313, 200, 375
-0.992372, 417, 177, 480, 208
-0.9924, 461, 33, 492, 160
-0.992404, 321, 129, 384, 375
-0.992409, 361, 1, 424, 32
-0.992438, 177, 1, 304, 64
-0.992442, 1, 205, 64, 236
-0.992462, 457, 241, 488, 368
-0.992466, 433, 249, 496, 280
-0.992491, 217, 1, 280, 375
-0.992491, 249, 201, 312, 232
-0.992493, 225, 145, 352, 208
-0.992495, 353, 65, 480, 128
-0.992514, 417, 165, 480, 196
-0.992516, 81, 97, 208, 224
-0.992529, 9, 341, 72, 372
-0.992531, 65, 129, 128, 375
-0.992564, 353, 45, 416, 76
-0.992567, 241, 177, 304, 208
-0.992568, 305, 265, 432, 328
-0.992587, 257, 1, 320, 375
-0.992595, 265, 189, 328, 220
-0.992618, 417, 189, 480, 220
-0.992623, 353, 105, 480, 168
-0.992633, 393, 233, 456, 264
-0.992635, 161, 105, 288, 168
-0.992636, 369, 21, 432, 52
-0.992637, 397, 113, 428, 176
-0.992642, 9, 1, 72, 375
-0.992645, 377, 193, 440, 224
-0.992655, 377, 173, 440, 204
-0.992656, 193, 169, 224, 232
-0.992656, 417, 153, 480, 184
-0.992656, 25, 1, 88, 256
-0.992659, 417, 217, 480, 248
-0.992665, 377, 1, 408, 64
-0.992666, 233, 229, 296, 260
-0.992676, 289, 1, 352, 375
-0.992678, 153, 241, 216, 368
-0.992686, 385, 41, 448, 72
-0.992693, 177, 209, 304, 272
-0.992696, 201, 101, 264, 132
-0.992703, 249, 149, 312, 180
-0.992727, 281, 233, 344, 264
-0.992728, 193, 49, 256, 176
-0.992734, 1, 221, 64, 252
-0.992734, 49, 345, 112, 375
-0.99275, 209, 217, 272, 248
-0.992774, 353, 73, 416, 104
-0.992782, 1, 269, 64, 300
-0.992785, 241, 113, 368, 176
-0.992788, 377, 161, 440, 192
-0.992795, 97, 209, 224, 272
-0.992831, 429, 233, 460, 296
-0.992832, 17, 189, 80, 220
-0.992853, 397, 1, 428, 32
-0.992883, 433, 53, 496, 84
-0.992893, 177, 109, 240, 140
-0.992905, 353, 57, 416, 88
-0.992918, 249, 245, 312, 276
-0.99293, 185, 177, 248, 208
-0.992943, 289, 33, 352, 288
-0.992944, 241, 297, 304, 328
-0.992962, 417, 1, 480, 32
-0.992964, 377, 145, 440, 176
-0.99299, 1, 281, 32, 344
-0.993017, 377, 205, 440, 236
-0.99303, 1, 165, 64, 196
-0.993071, 377, 33, 408, 96
-0.993081, 241, 189, 304, 220
-0.993081, 209, 257, 272, 288
-0.9931, 249, 165, 312, 196
-0.993107, 377, 221, 440, 252
-0.993115, 5, 185, 36, 248
-0.993115, 9, 237, 72, 268
-0.993117, 1, 257, 64, 288
-0.993118, 353, 33, 416, 64
-0.993129, 289, 185, 352, 216
-0.993129, 33, 1, 96, 375
-0.993132, 217, 305, 280, 336
-0.993133, 453, 37, 484, 68
-0.993134, 201, 157, 264, 188
-0.993152, 193, 89, 256, 120
-0.993155, 441, 29, 472, 60
-0.993155, 449, 17, 480, 144
-0.993161, 41, 245, 104, 276
-0.993162, 153, 193, 216, 224
-0.993163, 265, 225, 296, 352
-0.993167, 17, 217, 144, 280
-0.993171, 465, 45, 496, 76
-0.993174, 397, 137, 428, 200
-0.993212, 257, 129, 320, 160
-0.993216, 429, 21, 460, 52
-0.993235, 217, 205, 280, 236
-0.99324, 265, 177, 328, 208
-0.993267, 289, 169, 352, 200
-0.993278, 393, 53, 456, 84
-0.993281, 329, 1, 392, 32
-0.993283, 137, 1, 200, 375
-0.993284, 225, 225, 352, 288
-0.993285, 41, 221, 104, 252
-0.993287, 237, 289, 268, 352
-0.993292, 65, 229, 128, 260
-0.993299, 225, 149, 288, 180
-0.993301, 345, 21, 408, 52
-0.993302, 353, 185, 416, 216
-0.993307, 417, 129, 448, 192
-0.993308, 145, 109, 208, 140
-0.993309, 353, 109, 416, 140
-0.993316, 353, 137, 416, 168
-0.993318, 417, 13, 448, 44
-0.993321, 217, 137, 280, 168
-0.993322, 377, 249, 440, 280
-0.993325, 369, 233, 432, 264
-0.993341, 41, 165, 104, 196
-0.993347, 17, 177, 80, 208
-0.993348, 105, 321, 168, 352
-0.993348, 249, 261, 312, 292
-0.993353, 249, 281, 312, 312
-0.993359, 353, 149, 416, 180
-0.993361, 57, 261, 120, 292
-0.993365, 1, 289, 64, 320
-0.993376, 305, 285, 368, 316
-0.99338, 377, 121, 440, 152
-0.993386, 209, 269, 272, 300
-0.993389, 209, 89, 336, 152
-0.993393, 81, 33, 144, 288
-0.993399, 425, 1, 456, 128
-0.993405, 353, 85, 416, 116
-0.993405, 169, 1, 232, 128
-0.993406, 281, 289, 344, 320
-0.993422, 93, 337, 124, 368
-0.993431, 81, 269, 144, 300
-0.993433, 353, 201, 416, 232
-0.993441, 41, 273, 104, 304
-0.993442, 353, 281, 416, 312
-0.993464, 321, 1, 384, 375
-0.993465, 41, 205, 104, 236
-0.993468, 169, 293, 232, 324
-0.993474, 113, 229, 176, 260
-0.993478, 285, 145, 316, 272
-0.993479, 433, 13, 496, 44
-0.993482, 201, 285, 264, 316
-0.993499, 353, 121, 416, 152
-0.993506, 257, 117, 320, 148
-0.993527, 65, 241, 128, 272
-0.993548, 249, 193, 280, 320
-0.993549, 209, 229, 272, 260
-0.993549, 273, 201, 400, 264
-0.993553, 189, 161, 220, 288
-0.993559, 393, 269, 456, 300
-0.993559, 209, 245, 272, 276
-0.993568, 353, 165, 416, 196
-0.993583, 417, 129, 480, 160
-0.993586, 9, 317, 72, 348
-0.993589, 377, 69, 440, 100
-0.993622, 305, 225, 368, 256
-0.993626, 393, 297, 456, 328
-0.99363, 377, 97, 440, 128
-0.993634, 57, 317, 120, 348
-0.993651, 217, 121, 280, 152
-0.993651, 353, 249, 416, 280
-0.993655, 433, 301, 496, 332
-0.993662, 353, 97, 416, 128
-0.993665, 377, 109, 440, 140
-0.993671, 201, 193, 264, 224
-0.993698, 405, 193, 436, 256
-0.993711, 453, 233, 484, 296
-0.993726, 305, 49, 432, 112
-0.993735, 437, 17, 468, 144
-0.993802, 241, 241, 272, 368
-0.993804, 305, 113, 432, 176
-0.993805, 193, 321, 224, 352
-0.993816, 305, 225, 432, 288
-0.993831, 369, 297, 496, 360
-0.993847, 1, 1, 64, 256
-0.993853, 429, 245, 460, 276
-0.993867, 257, 229, 288, 260
-0.993875, 397, 161, 428, 224
-0.99391, 469, 57, 500, 88
-0.993937, 277, 225, 308, 256
-0.993964, 49, 169, 80, 232
-0.993964, 261, 201, 292, 264
-0.993986, 213, 305, 244, 368
-0.993994, 177, 325, 208, 356
-0.994001, 193, 173, 224, 204
-0.994003, 201, 113, 232, 240
-0.994039, 253, 233, 284, 296
-0.994041, 381, 1, 412, 128
-0.994056, 377, 65, 408, 128
-0.994064, 121, 341, 152, 372
-0.99407, 205, 317, 236, 348
-0.994098, 253, 137, 284, 200
-0.994105, 81, 1, 144, 375
-0.994112, 185, 109, 216, 140
-0.994112, 73, 345, 104, 375
-0.994131, 17, 265, 144, 328
-0.994133, 257, 217, 288, 248
-0.994136, 405, 13, 436, 44
-0.994136, 137, 337, 168, 368
-0.994151, 441, 245, 472, 276
-0.994156, 57, 1, 120, 375
-0.994156, 277, 213, 308, 244
-0.994158, 193, 281, 448, 344
-0.994184, 129, 129, 192, 375
-0.994187, 1, 241, 32, 304
-0.994188, 377, 41, 408, 72
-0.994192, 149, 333, 180, 364
-0.994209, 441, 249, 472, 312
-0.994215, 409, 241, 440, 272
-0.994218, 105, 313, 136, 375
-0.994219, 261, 265, 292, 296
-0.994227, 257, 241, 288, 272
-0.994227, 165, 325, 196, 356
-0.994232, 385, 1, 416, 32
-0.994251, 105, 1, 168, 375
-0.994277, 245, 217, 276, 248
-0.99428, 57, 17, 120, 144
-0.994281, 225, 297, 256, 360
-0.994288, 257, 277, 288, 308
-0.994305, 249, 289, 280, 320
-0.99432, 289, 177, 320, 240
-0.994325, 305, 1, 432, 64
-0.994331, 109, 345, 140, 375
-0.994342, 5, 201, 36, 232
-0.99435, 289, 181, 320, 212
-0.99435, 225, 249, 352, 312
-0.994367, 397, 25, 428, 56
-0.99437, 277, 237, 308, 268
-0.99438, 21, 217, 52, 248
-0.994383, 397, 153, 428, 184
-0.994384, 421, 233, 452, 264
-0.994387, 17, 49, 144, 176
-0.994388, 33, 17, 160, 80
-0.994391, 105, 129, 168, 375
-0.994393, 453, 249, 484, 280
-0.994397, 213, 1, 244, 64
-0.994403, 245, 257, 276, 320
-0.994407, 273, 177, 304, 208
-0.994417, 245, 257, 276, 288
-0.994422, 397, 137, 428, 168
-0.994422, 293, 229, 324, 260
-0.994428, 209, 97, 240, 128
-0.994432, 269, 157, 300, 188
-0.994442, 377, 21, 408, 52
-0.994442, 177, 177, 240, 304
-0.994442, 257, 149, 288, 180
-0.994444, 25, 345, 56, 375
-0.994445, 257, 201, 288, 232
-0.99445, 273, 153, 400, 216
-0.994462, 89, 325, 120, 356
-0.994466, 273, 189, 304, 220
-0.994466, 409, 229, 440, 260
-0.994468, 377, 53, 408, 84
-0.994475, 409, 1, 440, 32
-0.994479, 441, 137, 472, 168
-0.994482, 73, 241, 136, 368
-0.994483, 109, 329, 140, 360
-0.994496, 397, 165, 428, 196
-0.9945, 417, 209, 448, 272
-0.994502, 457, 237, 488, 268
-0.994502, 401, 265, 432, 328
-0.994503, 229, 101, 260, 132
-0.994514, 29, 205, 60, 236
-0.994515, 181, 185, 212, 216
-0.994517, 17, 189, 48, 220
-0.994525, 293, 169, 324, 200
-0.994532, 457, 273, 488, 336
-0.994539, 73, 329, 104, 360
-0.99454, 265, 253, 296, 284
-0.994542, 41, 177, 72, 208
-0.994544, 49, 197, 80, 228
-0.994545, 381, 117, 412, 148
-0.994551, 41, 221, 72, 252
-0.994552, 397, 125, 428, 156
-0.994552, 5, 213, 36, 244
-0.994553, 197, 109, 228, 140
-0.994557, 245, 237, 276, 268
-0.99456, 401, 217, 432, 248
-0.994564, 397, 229, 428, 260
-0.994568, 417, 213, 448, 244
-0.994569, 381, 65, 412, 192
-0.99458, 185, 121, 216, 152
-0.994582, 201, 161, 232, 192
-0.994582, 5, 185, 36, 216
-0.994583, 405, 201, 436, 232
-0.994585, 221, 89, 252, 120
-0.994588, 221, 309, 252, 340
-0.99459, 397, 185, 428, 216
-0.994592, 281, 165, 312, 196
-0.994603, 261, 137, 292, 168
-0.994605, 113, 57, 240, 120
-0.994605, 5, 297, 36, 328
-0.994611, 65, 313, 320, 375
-0.994611, 381, 129, 412, 160
-0.99462, 237, 297, 268, 328
-0.994624, 377, 65, 408, 96
-0.994625, 453, 137, 484, 168
-0.994631, 397, 81, 428, 208
-0.994631, 373, 1, 404, 32
-0.994632, 1, 269, 32, 300
-0.994642, 61, 345, 92, 375
-0.99466, 261, 169, 292, 200
-0.994664, 173, 109, 204, 140
-0.994669, 1, 169, 256, 232
-0.994675, 393, 13, 424, 44
-0.994679, 397, 37, 428, 68
-0.99468, 229, 281, 260, 312
-0.994683, 417, 141, 448, 172
-0.994687, 25, 245, 56, 276
-0.994694, 425, 1, 456, 32
-0.994699, 217, 297, 248, 328
-0.9947, 277, 137, 308, 168
-0.994701, 425, 129, 456, 160
-0.994706, 277, 201, 308, 232
-0.994709, 417, 197, 448, 228
-0.994714, 5, 341, 36, 372
-0.994726, 45, 345, 76, 375
-0.994726, 241, 141, 272, 172
-0.994728, 69, 233, 100, 264
-0.994731, 381, 145, 412, 176
-0.994731, 241, 273, 272, 304
-0.994734, 169, 313, 200, 344
-0.994739, 429, 225, 460, 352
-0.994753, 245, 177, 276, 208
-0.994762, 377, 77, 408, 108
-0.994764, 1, 253, 32, 284
-0.994766, 13, 245, 44, 276
-0.994769, 45, 165, 76, 196
-0.994776, 89, 249, 120, 280
-0.994777, 265, 113, 296, 176
-0.994778, 381, 105, 412, 136
-0.994779, 441, 257, 472, 288
-0.994784, 313, 169, 344, 200
-0.994786, 381, 281, 412, 312
-0.994796, 441, 41, 472, 72
-0.994796, 381, 173, 412, 204
-0.9948, 197, 305, 228, 336
-0.9948, 21, 165, 52, 196
-0.994831, 253, 145, 284, 272
-0.994832, 161, 233, 288, 296
-0.994862, 397, 41, 428, 104
-0.994867, 81, 1, 144, 128
-0.994899, 21, 169, 52, 232
-0.994937, 353, 193, 480, 256
-0.994939, 149, 305, 180, 368
-0.994945, 33, 57, 160, 120
-0.99498, 209, 273, 240, 336
-0.994982, 209, 129, 240, 192
-0.994983, 145, 129, 208, 256
-0.994984, 441, 137, 472, 200
-0.994989, 65, 249, 192, 312
-0.995024, 145, 281, 272, 344
-0.995028, 389, 265, 420, 328
-0.995042, 269, 113, 300, 240
-0.995065, 33, 209, 64, 272
-0.995083, 225, 121, 480, 184
-0.995135, 329, 225, 392, 352
-0.995147, 129, 177, 384, 240
-0.995155, 189, 105, 220, 168
-0.995157, 453, 137, 484, 200
-0.995172, 121, 313, 152, 375
-0.995175, 297, 97, 360, 224
-0.995183, 429, 121, 460, 184
-0.995184, 369, 161, 496, 224
-0.995185, 161, 305, 416, 368
-0.995186, 453, 129, 484, 256
-0.995189, 385, 225, 416, 352
-0.995207, 17, 225, 48, 288
-0.995216, 221, 105, 252, 168
-0.995218, 181, 185, 212, 248
-0.995241, 1, 113, 64, 240
-0.995244, 209, 17, 336, 144
-0.995244, 65, 341, 192, 372
-0.995272, 441, 129, 472, 256
-0.995286, 17, 201, 48, 264
-0.995289, 97, 209, 352, 272
-0.995297, 221, 273, 252, 336
-0.995338, 33, 185, 64, 248
-0.995355, 233, 257, 264, 320
-0.995358, 225, 233, 480, 296
-0.995436, 209, 73, 240, 136
-0.995439, 293, 113, 324, 176
-0.99544, 197, 241, 228, 368
-0.995478, 401, 241, 432, 304
-0.995519, 17, 265, 48, 328
-0.995549, 289, 193, 320, 320
-0.995549, 297, 145, 360, 272
-0.995588, 209, 273, 336, 336
-0.995623, 225, 97, 480, 160
-0.995627, 209, 65, 240, 192
-0.995686, 161, 81, 288, 144
-0.995704, 1, 289, 256, 352
-0.995742, 381, 97, 412, 160
-0.99577, 241, 233, 272, 296
-0.995792, 129, 1, 160, 128
-0.995823, 81, 9, 208, 72
-0.995853, 421, 257, 452, 320
-0.995862, 161, 193, 288, 224
-0.995863, 233, 97, 264, 224
-0.995878, 193, 1, 224, 64
-0.995884, 249, 209, 280, 272
-0.995913, 17, 289, 144, 352
-0.995931, 225, 177, 480, 240
-0.995936, 69, 217, 100, 280
-0.995952, 417, 177, 448, 240
-0.995969, 257, 25, 500, 88
-0.99599, 177, 137, 304, 200
-0.995993, 225, 65, 480, 128
-0.996017, 245, 161, 276, 224
-0.996022, 225, 209, 480, 272
-0.996067, 381, 137, 412, 200
-0.99607, 109, 233, 140, 296
-0.996076, 277, 121, 308, 184
-0.996098, 89, 225, 120, 288
-0.996113, 113, 33, 240, 96
-0.996114, 353, 33, 480, 64
-0.996144, 225, 241, 256, 368
-0.996201, 41, 81, 104, 208
-0.996217, 361, 1, 392, 128
-0.996219, 225, 1, 480, 64
-0.996223, 209, 241, 240, 368
-0.996238, 225, 153, 480, 216
-0.99624, 293, 153, 324, 216
-0.996323, 289, 209, 320, 272
-0.996327, 33, 1, 288, 64
-0.996345, 33, 281, 64, 344
-0.996345, 457, 297, 488, 360
-0.996395, 241, 65, 368, 192
-0.996399, 417, 129, 448, 256
-0.996402, 65, 177, 192, 240
-0.99642, 321, 289, 448, 352
-0.996432, 237, 105, 268, 168
-0.996478, 193, 257, 448, 320
-0.996486, 1, 193, 256, 256
-0.996496, 5, 209, 36, 272
-0.996515, 33, 249, 64, 312
-0.996529, 105, 241, 136, 368
-0.996546, 145, 317, 272, 348
-0.996549, 241, 201, 368, 232
-0.996557, 197, 145, 228, 208
-0.99657, 33, 89, 160, 152
-0.996592, 69, 313, 100, 375
-0.99662, 353, 21, 480, 52
-0.99663, 65, 265, 320, 328
-0.996633, 17, 329, 144, 360
-0.996681, 401, 289, 432, 352
-0.996707, 221, 81, 252, 144
-0.996715, 65, 105, 320, 168
-0.996727, 441, 225, 472, 288
-0.99673, 1, 185, 500, 248
-0.996743, 33, 145, 288, 208
-0.996749, 197, 81, 228, 144
-0.996751, 113, 329, 240, 360
-0.996751, 225, 1, 256, 64
-0.996758, 177, 181, 304, 212
-0.996773, 33, 73, 288, 136
-0.996815, 469, 305, 500, 368
-0.996826, 1, 217, 256, 280
-0.996833, 137, 81, 200, 208
-0.996845, 1, 177, 32, 304
-0.99686, 273, 249, 304, 312
-0.996863, 441, 1, 472, 64
-0.99688, 65, 317, 192, 348
-0.996882, 369, 45, 496, 76
-0.996883, 297, 113, 328, 240
-0.996894, 225, 185, 352, 216
-0.996902, 169, 193, 200, 256
-0.996908, 129, 153, 384, 216
-0.996959, 445, 273, 476, 336
-0.996962, 97, 97, 224, 160
-0.996969, 65, 177, 96, 240
-0.996977, 33, 153, 160, 216
-0.997006, 369, 249, 496, 280
-0.997015, 49, 193, 80, 256
-0.997026, 377, 265, 408, 328
-0.997035, 457, 9, 488, 72
-0.997046, 221, 81, 252, 208
-0.997057, 417, 153, 448, 216
-0.997067, 353, 1, 480, 32
-0.997071, 193, 309, 320, 340
-0.997081, 353, 133, 480, 164
-0.997085, 469, 17, 500, 80
-0.997118, 1, 225, 500, 288
-0.997123, 259, 265, 274, 328
-0.997125, 385, 185, 416, 248
-0.997127, 313, 281, 344, 344
-0.997128, 193, 213, 320, 244
-0.997136, 33, 241, 288, 304
-0.99714, 33, 25, 288, 88
-0.997166, 205, 193, 236, 256
-0.997167, 241, 49, 304, 176
-0.997197, 397, 65, 428, 128
-0.997202, 401, 49, 464, 176
-0.997204, 241, 229, 368, 260
-0.997218, 129, 1, 384, 64
-0.997223, 5, 313, 36, 375
-0.997267, 113, 1, 144, 64
-0.997267, 237, 185, 268, 248
-0.99728, 349, 281, 380, 344
-0.997295, 241, 129, 272, 192
-0.997297, 165, 289, 196, 352
-0.997306, 253, 113, 284, 176
-0.997311, 1, 185, 128, 216
-0.997318, 251, 289, 266, 352
-0.997325, 33, 161, 64, 224
-0.997346, 161, 25, 416, 88
-0.997352, 1, 201, 128, 232
-0.997362, 205, 297, 220, 360
-0.997373, 33, 49, 288, 112
-0.997382, 305, 285, 432, 316
-0.997389, 279, 209, 294, 272
-0.997391, 177, 285, 304, 316
-0.997408, 457, 209, 488, 272
-0.997413, 1, 1, 128, 128
-0.997428, 197, 257, 228, 320
-0.997438, 129, 81, 384, 144
-0.997444, 97, 305, 224, 336
-0.997459, 441, 113, 472, 176
-0.99746, 455, 233, 470, 296
-0.997461, 177, 153, 304, 184
-0.997469, 305, 1, 432, 32
-0.99747, 265, 137, 280, 200
-0.997471, 17, 241, 144, 304
-0.997476, 33, 97, 160, 224
-0.997483, 453, 177, 484, 240
-0.997515, 145, 205, 272, 236
-0.997525, 381, 145, 412, 272
-0.997527, 353, 61, 480, 92
-0.997533, 429, 129, 460, 256
-0.997538, 353, 265, 480, 296
-0.997541, 25, 241, 88, 368
-0.997548, 1, 313, 500, 375
-0.997557, 89, 289, 120, 352
-0.997557, 409, 1, 424, 64
-0.997561, 265, 265, 280, 328
-0.997566, 241, 213, 368, 244
-0.997567, 421, 1, 452, 256
-0.99757, 229, 161, 260, 224
-0.997571, 17, 1, 80, 128
-0.997592, 389, 241, 420, 304
-0.997605, 269, 297, 300, 360
-0.99761, 209, 297, 336, 328
-0.997616, 225, 173, 352, 204
-0.997619, 353, 233, 480, 264
-0.99762, 225, 149, 352, 180
-0.997633, 53, 233, 84, 296
-0.997641, 273, 181, 400, 212
-0.997641, 199, 313, 214, 375
-0.997656, 97, 145, 224, 208
-0.997657, 177, 101, 304, 132
-0.997682, 453, 137, 468, 200
-0.997696, 17, 341, 144, 372
-0.997698, 353, 293, 480, 324
-0.9977, 65, 329, 192, 360
-0.997703, 285, 177, 300, 240
-0.997705, 419, 137, 434, 200
-0.997708, 177, 165, 304, 196
-0.997733, 89, 177, 152, 304
-0.997734, 129, 129, 384, 192
-0.997738, 455, 33, 470, 96
-0.997741, 1, 213, 128, 244
-0.997742, 457, 1, 488, 256
-0.997755, 353, 121, 480, 152
-0.997761, 305, 117, 432, 148
-0.997774, 305, 25, 432, 56
-0.997778, 225, 273, 352, 304
-0.997786, 17, 269, 144, 300
-0.997795, 321, 169, 448, 232
-0.997801, 193, 297, 208, 360
-0.997809, 17, 281, 144, 312
-0.997814, 177, 129, 304, 160
-0.997815, 305, 77, 432, 108
-0.997826, 17, 249, 144, 280
-0.997827, 469, 41, 484, 104
-0.997831, 11, 209, 26, 272
-0.997833, 1, 129, 500, 192
-0.997839, 305, 65, 432, 96
-0.997842, 145, 297, 272, 328
-0.997849, 1, 249, 500, 312
-0.997855, 129, 57, 384, 120
-0.997859, 1, 1, 500, 64
-0.99786, 49, 197, 176, 228
-0.997866, 427, 233, 442, 296
-0.997869, 89, 193, 120, 320
-0.997869, 337, 113, 400, 240
-0.99787, 353, 77, 480, 108
-0.997878, 65, 277, 192, 308
-0.997882, 419, 161, 434, 224
-0.997884, 275, 153, 290, 216
-0.997886, 419, 193, 434, 256
-0.997907, 189, 113, 220, 240
-0.997909, 237, 193, 268, 320
-0.997911, 257, 285, 384, 316
-0.997911, 305, 101, 432, 132
-0.997911, 459, 137, 474, 200
-0.997934, 1, 229, 128, 260
-0.997935, 305, 45, 432, 76
-0.997938, 481, 49, 496, 112
-0.99794, 447, 17, 462, 80
-0.997959, 145, 89, 272, 120
-0.997961, 421, 233, 436, 296
-0.997967, 353, 109, 480, 140
-0.997968, 15, 185, 30, 248
-0.997974, 175, 313, 190, 375
-0.997991, 113, 65, 240, 96
-0.997993, 475, 41, 490, 104
-0.997999, 195, 169, 210, 232
-0.998, 353, 145, 480, 176
-0.998005, 289, 221, 416, 252
-0.998017, 33, 61, 160, 92
-0.998021, 33, 209, 64, 336
-0.998023, 313, 225, 344, 352
-0.99803, 225, 241, 352, 272
-0.998041, 193, 225, 320, 256
-0.998041, 321, 1, 384, 128
-0.998047, 423, 1, 438, 64
-0.99805, 211, 305, 226, 368
-0.998051, 1, 281, 16, 344
-0.998056, 177, 273, 304, 304
-0.998056, 129, 9, 256, 40
-0.99806, 293, 161, 308, 224
-0.998061, 463, 33, 478, 96
-0.998064, 449, 233, 464, 296
-0.998066, 1, 73, 500, 136
-0.998073, 455, 209, 470, 272
-0.998075, 273, 169, 400, 200
-0.998077, 241, 133, 368, 164
-0.998079, 43, 177, 58, 240
-0.998079, 431, 17, 446, 80
-0.998082, 49, 21, 176, 52
-0.998082, 177, 113, 304, 144
-0.998085, 177, 237, 304, 268
-0.998089, 305, 13, 432, 44
-0.998089, 405, 129, 436, 375
-0.998096, 101, 313, 116, 375
-0.9981, 161, 57, 288, 120
-0.998107, 177, 129, 208, 256
-0.998107, 129, 181, 256, 212
-0.998108, 177, 249, 304, 280
-0.998111, 271, 177, 286, 240
-0.998119, 65, 213, 192, 244
-0.99813, 305, 89, 432, 120
-0.998133, 353, 189, 480, 220
-0.998141, 417, 1, 432, 64
-0.998141, 273, 233, 288, 296
-0.998142, 23, 193, 38, 256
-0.998142, 187, 297, 202, 360
-0.998151, 353, 221, 480, 252
-0.998163, 305, 245, 432, 276
-0.998164, 201, 97, 216, 160
-0.998167, 353, 93, 480, 124
-0.998168, 289, 193, 416, 224
-0.998173, 23, 225, 38, 288
-0.998177, 441, 233, 456, 296
-0.998177, 253, 97, 284, 224
-0.998182, 65, 237, 192, 268
-0.998186, 1, 97, 500, 160
-0.998188, 455, 177, 470, 240
-0.99819, 437, 1, 452, 64
-0.998194, 13, 161, 44, 288
-0.9982, 145, 225, 272, 256
-0.998207, 173, 1, 204, 128
-0.99821, 177, 1, 304, 32
-0.998214, 435, 233, 450, 296
-0.998215, 161, 261, 288, 292
-0.998222, 289, 153, 416, 184
-0.998232, 165, 241, 196, 368
-0.998234, 33, 89, 160, 120
-0.998239, 29, 185, 44, 248
-0.998239, 337, 201, 464, 232
-0.998251, 217, 305, 232, 368
-0.998256, 225, 161, 352, 192
-0.998261, 289, 129, 416, 160
-0.998264, 461, 233, 476, 296
-0.998264, 201, 153, 216, 216
-0.998269, 225, 1, 240, 64
-0.998271, 33, 33, 160, 64
-0.998272, 21, 169, 36, 232
-0.998275, 241, 113, 368, 144
-0.998278, 65, 225, 192, 256
-0.998281, 9, 185, 24, 248
-0.998282, 97, 293, 224, 324
-0.998284, 199, 1, 214, 64
-0.998288, 113, 193, 240, 224
-0.998292, 305, 257, 432, 288
-0.998303, 97, 249, 224, 280
-0.998303, 17, 317, 144, 348
-0.998309, 181, 297, 196, 360
-0.998311, 29, 249, 44, 312
-0.998312, 441, 25, 456, 88
-0.998325, 437, 1, 468, 256
-0.99833, 1, 177, 16, 240
-0.998334, 337, 161, 464, 192
-0.998336, 65, 265, 192, 296
-0.998338, 453, 257, 468, 320
-0.998343, 455, 37, 470, 68
-0.998343, 97, 105, 224, 136
-0.99835, 129, 77, 256, 108
-0.998351, 33, 49, 160, 80
-0.998352, 245, 289, 260, 352
-0.998354, 407, 1, 422, 32
-0.998357, 225, 97, 352, 128
-0.998359, 273, 197, 304, 212
-0.99836, 393, 37, 424, 52
-0.99836, 377, 83, 408, 98
-0.998361, 37, 197, 68, 212
-0.998361, 393, 19, 424, 34
-0.998362, 1, 259, 32, 274
-0.998362, 25, 293, 56, 308
-0.998363, 397, 183, 428, 198
-0.998363, 277, 219, 308, 234
-0.998363, 257, 279, 288, 294
-0.998364, 405, 213, 436, 228
-0.998364, 129, 233, 384, 296
-0.998364, 233, 309, 264, 324
-0.998364, 409, 5, 440, 20
-0.998364, 249, 297, 280, 312
-0.998364, 33, 243, 64, 258
-0.998365, 449, 33, 480, 48
-0.998365, 185, 121, 216, 136
-0.998365, 397, 177, 428, 192
-0.998365, 257, 161, 288, 176
-0.998366, 129, 25, 160, 40
-0.998366, 1, 339, 32, 354
-0.998367, 401, 223, 432, 238
-0.998367, 261, 267, 292, 282
-0.998367, 461, 41, 476, 72
-0.998367, 377, 67, 408, 82
-0.998367, 9, 177, 40, 192
-0.998367, 265, 261, 296, 276
-0.998367, 113, 53, 240, 84
-0.998368, 281, 185, 312, 200
-0.998368, 1, 311, 32, 326
-0.998368, 429, 135, 460, 150
-0.998368, 405, 195, 436, 210
-0.998368, 417, 141, 448, 156
-0.998369, 293, 191, 324, 206
-0.99837, 273, 205, 304, 220
-0.998371, 377, 49, 408, 64
-0.998371, 13, 229, 44, 244
-0.998372, 461, 41, 492, 56
-0.998372, 113, 341, 240, 372
-0.998372, 193, 179, 224, 194
-0.998372, 13, 195, 44, 210
-0.998372, 469, 59, 500, 74
-0.998373, 461, 35, 492, 50
-0.998373, 277, 157, 308, 172
-0.998373, 1, 291, 32, 306
-0.998373, 17, 305, 144, 336
-0.998374, 13, 297, 44, 312
-0.998374, 261, 175, 292, 190
-0.998374, 397, 13, 428, 28
-0.998375, 377, 3, 408, 18
-0.998375, 9, 183, 40, 198
-0.998375, 377, 21, 408, 36
-0.998376, 9, 241, 40, 256
-0.998376, 397, 171, 428, 186
-0.998376, 1, 281, 32, 296
-0.998377, 277, 211, 308, 226
-0.998378, 397, 161, 428, 176
-0.998378, 401, 233, 432, 248
-0.998378, 229, 103, 260, 118
-0.998379, 381, 75, 412, 90
-0.998379, 449, 33, 464, 64
-0.998379, 253, 261, 284, 276
-0.998379, 17, 225, 32, 288
-0.99838, 1, 173, 128, 204
-0.99838, 53, 353, 84, 368
-0.99838, 273, 191, 304, 206
-0.998381, 377, 55, 408, 70
-0.998381, 25, 347, 56, 362
-0.998381, 253, 255, 284, 270
-0.998381, 209, 99, 240, 114
-0.998381, 21, 183, 52, 198
-0.998382, 293, 171, 324, 186
-0.998382, 73, 343, 104, 358
-0.998383, 377, 35, 408, 50
-0.998383, 29, 209, 60, 224
-0.998383, 377, 61, 408, 76
-0.998384, 197, 109, 228, 124
-0.998384, 397, 27, 428, 42
-0.998384, 265, 249, 296, 264
-0.998384, 401, 247, 432, 262
-0.998384, 417, 135, 448, 150
-0.998384, 245, 217, 276, 232
-0.998385, 397, 143, 428, 158
-0.998385, 5, 221, 36, 236
-0.998386, 377, 15, 408, 30
-0.998386, 397, 149, 428, 164
-0.998387, 453, 251, 484, 266
-0.998387, 293, 185, 324, 200
-0.998387, 257, 227, 288, 242
-0.998388, 377, 29, 408, 44
-0.998388, 397, 155, 428, 170
-0.998388, 399, 1, 414, 64
-0.998389, 441, 137, 472, 152
-0.998389, 397, 137, 428, 152
-0.99839, 265, 215, 296, 230
-0.99839, 409, 239, 440, 254
-0.998392, 257, 221, 288, 236
-0.998392, 9, 211, 40, 226
-0.998393, 261, 153, 292, 168
-0.998396, 425, 29, 456, 44
-0.998396, 5, 217, 20, 280
-0.998397, 377, 43, 408, 58
-0.998397, 297, 231, 328, 246
-0.9984, 65, 185, 192, 216
-0.998403, 265, 233, 280, 296
-0.998404, 257, 241, 288, 256
-0.998406, 77, 349, 108, 364
-0.998407, 109, 337, 140, 352
-0.998408, 257, 289, 272, 352
-0.998408, 41, 351, 72, 366
-0.998409, 469, 273, 484, 336
-0.99841, 21, 189, 52, 204
-0.998412, 221, 313, 252, 328
-0.998413, 277, 233, 308, 248
-0.998414, 277, 225, 308, 240
-0.998417, 257, 209, 288, 224
-0.998418, 259, 121, 274, 184
-0.998419, 53, 361, 84, 375
-0.998422, 17, 293, 144, 324
-0.998422, 449, 45, 480, 60
-0.998423, 33, 73, 160, 104
-0.998424, 437, 37, 468, 52
-0.998427, 301, 225, 332, 352
-0.998427, 67, 193, 82, 256
-0.99843, 429, 129, 444, 192
-0.99843, 257, 233, 288, 248
-0.998431, 409, 11, 440, 26
-0.998438, 353, 177, 480, 208
-0.998439, 417, 17, 448, 32
-0.998442, 421, 245, 452, 260
-0.998446, 1, 289, 500, 352
-0.998447, 109, 345, 140, 360
-0.998448, 425, 23, 456, 38
-0.99845, 437, 247, 468, 262
-0.99845, 93, 343, 124, 358
-0.998452, 161, 331, 192, 346
-0.998452, 49, 9, 176, 40
-0.998454, 185, 111, 216, 126
-0.998455, 113, 21, 240, 52
-0.998458, 89, 351, 120, 366
-0.998459, 145, 335, 176, 350
-0.99846, 443, 29, 458, 60
-0.998464, 225, 253, 352, 284
-0.998465, 469, 45, 484, 76
-0.998466, 111, 313, 126, 375
-0.998466, 209, 317, 240, 332
-0.99847, 215, 1, 230, 64
-0.998471, 7, 249, 22, 312
-0.998472, 437, 31, 468, 46
-0.998475, 397, 7, 428, 22
-0.998475, 69, 357, 100, 372
-0.998476, 181, 325, 212, 340
-0.998476, 469, 53, 500, 68
-0.998479, 449, 39, 480, 54
-0.99848, 461, 47, 492, 62
-0.998481, 125, 341, 156, 356
-0.998484, 177, 141, 304, 172
-0.998488, 35, 161, 50, 224
-0.99849, 295, 185, 310, 248
-0.998491, 253, 265, 268, 328
-0.998493, 479, 53, 494, 84
-0.998494, 453, 193, 484, 320
-0.998498, 197, 321, 228, 336
-0.998501, 37, 281, 52, 344
-0.998503, 89, 345, 104, 375
-0.998509, 89, 337, 120, 352
-0.99851, 289, 205, 416, 236
-0.99851, 17, 121, 144, 184
-0.99851, 399, 33, 414, 96
-0.99851, 451, 245, 466, 276
-0.998516, 25, 273, 40, 336
-0.998518, 287, 137, 302, 200
-0.99852, 409, 265, 424, 328
-0.998525, 485, 57, 500, 88
-0.998531, 211, 81, 226, 144
-0.998531, 251, 129, 266, 192
-0.998532, 293, 217, 308, 280
-0.998532, 257, 161, 272, 224
-0.998534, 437, 25, 452, 56
-0.998536, 431, 21, 446, 52
-0.998536, 305, 273, 432, 304
-0.99854, 101, 337, 116, 368
-0.998542, 1, 17, 128, 48
-0.998543, 459, 9, 474, 72
-0.998543, 199, 289, 214, 352
-0.998547, 393, 1, 424, 16
-0.99856, 209, 273, 224, 336
-0.99856, 1, 157, 128, 188
-0.99856, 289, 233, 416, 264
-0.998562, 65, 1, 96, 128
-0.998563, 33, 101, 160, 132
-0.998566, 89, 345, 152, 360
-0.998571, 463, 273, 478, 336
-0.998573, 349, 1, 380, 128
-0.998579, 165, 305, 180, 368
-0.99858, 207, 233, 222, 296
-0.998581, 265, 113, 280, 176
-0.998584, 51, 161, 66, 224
-0.998586, 137, 1, 152, 64
-0.998587, 225, 305, 240, 368
-0.998597, 81, 173, 208, 204
-0.998598, 257, 297, 384, 328
-0.998599, 113, 121, 240, 184
-0.998601, 229, 97, 244, 160
-0.998602, 1, 113, 128, 144
-0.998605, 215, 257, 230, 320
-0.998606, 11, 289, 26, 352
-0.998607, 195, 321, 210, 352
-0.998609, 483, 25, 498, 88
-0.998614, 239, 89, 254, 152
-0.998617, 401, 1, 416, 32
-0.998624, 1, 161, 500, 224
-0.998624, 443, 257, 458, 320
-0.998625, 29, 225, 44, 288
-0.998627, 421, 13, 436, 44
-0.998629, 223, 81, 238, 144
-0.998632, 269, 201, 284, 264
-0.998638, 369, 7, 432, 22
-0.998639, 415, 9, 430, 40
-0.998642, 271, 257, 286, 320
-0.998644, 129, 117, 256, 148
-0.998649, 177, 241, 208, 368
-0.99865, 1, 5, 128, 36
-0.998651, 57, 355, 120, 370
-0.998653, 461, 209, 476, 272
-0.998653, 287, 225, 302, 288
-0.998653, 225, 85, 352, 116
-0.998654, 435, 257, 450, 320
-0.998655, 279, 233, 294, 296
-0.998659, 265, 161, 280, 224
-0.998664, 195, 217, 210, 280
-0.998667, 41, 225, 56, 288
-0.99867, 109, 241, 124, 304
-0.998672, 237, 273, 252, 336
-0.998675, 445, 245, 460, 276
-0.998681, 269, 225, 284, 256
-0.998689, 417, 245, 480, 260
-0.998689, 429, 209, 444, 272
-0.99869, 429, 257, 444, 320
-0.998696, 315, 217, 330, 280
-0.998697, 309, 177, 340, 304
-0.998698, 207, 317, 222, 348
-0.998698, 189, 153, 204, 216
-0.998699, 11, 209, 26, 240
-0.998701, 301, 177, 316, 240
-0.998707, 453, 133, 468, 164
-0.998709, 215, 281, 230, 344
-0.998709, 281, 153, 296, 216
-0.99871, 247, 169, 262, 232
-0.998711, 17, 205, 32, 236
-0.998712, 147, 313, 162, 375
-0.998717, 471, 17, 486, 80
-0.998718, 41, 233, 56, 264
-0.998719, 81, 337, 144, 352
-0.998722, 17, 225, 48, 352
-0.998724, 403, 265, 418, 328
-0.998732, 393, 25, 456, 40
-0.998733, 455, 233, 470, 264
-0.998736, 463, 161, 478, 224
-0.998736, 427, 241, 442, 272
-0.998738, 41, 201, 56, 264
-0.998738, 49, 345, 112, 360
-0.998738, 201, 321, 216, 352
-0.99874, 447, 121, 462, 184
-0.998742, 273, 149, 288, 180
-0.998749, 177, 321, 240, 336
-0.998753, 257, 231, 320, 246
-0.998754, 125, 341, 140, 372
-0.998758, 427, 9, 442, 40
-0.998761, 385, 17, 448, 32
-0.998761, 255, 217, 270, 248
-0.998762, 421, 233, 436, 264
-0.998763, 265, 265, 280, 296
-0.998765, 185, 325, 200, 356
-0.998775, 197, 109, 212, 140
-0.998775, 437, 245, 452, 276
-0.998793, 199, 173, 214, 204
-0.998799, 417, 129, 448, 375
-0.9988, 433, 49, 496, 64
-0.998806, 189, 105, 204, 136
-0.998806, 267, 141, 282, 172
-0.998806, 251, 293, 266, 324
-0.998817, 275, 209, 290, 240
-0.998818, 193, 177, 208, 208
-0.998819, 129, 335, 192, 350
-0.998819, 137, 337, 152, 368
-0.998821, 17, 353, 80, 368
-0.998824, 95, 341, 110, 372
-0.998835, 193, 1, 256, 128
-0.998837, 419, 189, 434, 220
-0.998837, 419, 201, 434, 232
-0.998838, 361, 49, 392, 176
-0.99884, 213, 317, 228, 348
-0.99884, 419, 169, 434, 200
-0.998853, 393, 247, 456, 262
-0.998855, 201, 315, 264, 330
-0.998855, 111, 345, 126, 375
-0.998857, 453, 145, 468, 176
-0.998858, 161, 327, 224, 342
-0.998859, 281, 229, 296, 260
-0.998864, 21, 229, 36, 260
-0.998867, 475, 41, 490, 72
-0.998869, 419, 137, 434, 168
-0.998869, 293, 225, 308, 256
-0.998872, 295, 185, 310, 216
-0.998878, 131, 341, 146, 372
-0.998883, 283, 173, 298, 204
-0.998883, 11, 197, 26, 228
-0.998883, 393, 135, 456, 150
-0.998885, 239, 101, 254, 132
-0.998888, 33, 209, 48, 240
-0.998888, 81, 351, 144, 366
-0.998893, 421, 213, 436, 244
-0.998893, 61, 193, 76, 224
-0.998894, 167, 329, 182, 360
-0.998895, 393, 11, 456, 26
-0.998895, 455, 201, 470, 232
-0.998897, 41, 361, 104, 375
-0.998902, 417, 41, 480, 56
-0.998905, 393, 253, 456, 268
-0.998906, 419, 157, 434, 188
-0.998908, 441, 177, 472, 304
-0.998911, 97, 49, 160, 176
-0.998911, 259, 265, 274, 296
-0.998915, 153, 333, 168, 364
-0.998915, 449, 21, 464, 52
-0.998917, 249, 237, 312, 252
-0.998919, 19, 193, 34, 224
-0.998919, 417, 207, 480, 222
-0.99892, 281, 209, 296, 240
-0.998921, 259, 277, 274, 308
-0.998922, 293, 169, 308, 200
-0.998922, 417, 141, 480, 156
-0.998923, 9, 205, 72, 220
-0.998926, 179, 325, 194, 356
-0.998927, 3, 273, 18, 304
-0.998928, 249, 209, 312, 224
-0.998929, 267, 153, 282, 184
-0.99893, 23, 205, 38, 236
-0.99893, 263, 221, 278, 252
-0.998931, 409, 33, 472, 48
-0.998934, 5, 209, 20, 240
-0.998936, 85, 333, 100, 364
-0.998936, 443, 17, 458, 48
-0.998938, 253, 129, 284, 375
-0.998938, 369, 1, 432, 16
-0.998945, 455, 189, 470, 220
-0.998946, 329, 177, 392, 304
-0.998946, 259, 173, 274, 204
-0.998947, 113, 341, 176, 356
-0.998948, 369, 25, 432, 40
-0.998949, 141, 1, 172, 128
-0.99895, 393, 241, 456, 256
-0.998951, 417, 213, 480, 228
-0.998953, 281, 153, 296, 184
-0.998955, 249, 203, 312, 218
-0.998956, 457, 245, 472, 276
-0.998956, 97, 331, 160, 346
-0.998956, 203, 109, 218, 140
-0.998957, 143, 337, 158, 368
-0.998957, 23, 261, 38, 292
-0.998959, 259, 237, 274, 268
-0.998959, 231, 105, 246, 136
-0.998959, 65, 121, 192, 184
-0.998959, 459, 137, 474, 168
-0.998961, 417, 177, 480, 192
-0.998961, 83, 345, 98, 375
-0.998963, 369, 41, 432, 56
-0.998963, 285, 197, 300, 228
-0.998964, 17, 245, 32, 276
-0.998964, 459, 153, 474, 184
-0.998964, 17, 177, 32, 208
-0.998965, 417, 183, 480, 198
-0.998966, 417, 199, 480, 214
-0.998967, 417, 193, 480, 208
-0.998968, 455, 25, 470, 56
-0.998969, 11, 185, 26, 216
-0.998969, 267, 253, 282, 284
-0.998971, 161, 333, 176, 364
-0.998971, 47, 217, 62, 248
-0.998972, 5, 181, 20, 212
-0.998974, 249, 215, 312, 230
-0.998976, 461, 81, 492, 208
-0.998977, 309, 229, 324, 260
-0.998978, 11, 169, 26, 200
-0.998981, 417, 239, 480, 254
-0.998981, 237, 89, 252, 120
-0.998981, 377, 171, 440, 186
-0.998981, 119, 341, 134, 372
-0.998982, 417, 171, 480, 186
-0.998983, 377, 191, 440, 206
-0.998984, 291, 129, 306, 160
-0.998986, 65, 229, 80, 260
-0.998987, 305, 287, 368, 302
-0.998987, 461, 29, 476, 60
-0.998987, 421, 1, 436, 32
-0.998989, 39, 193, 54, 224
-0.998989, 1, 345, 64, 360
-0.998989, 255, 253, 270, 284
-0.99899, 433, 55, 496, 70
-0.99899, 261, 209, 276, 240
-0.998992, 377, 165, 440, 180
-0.998993, 271, 197, 286, 228
-0.998993, 7, 297, 22, 328
-0.998993, 249, 169, 312, 184
-0.998993, 417, 219, 480, 234
-0.998993, 249, 195, 312, 210
-0.998994, 377, 183, 440, 198
-0.998994, 417, 227, 480, 242
-0.998996, 377, 197, 440, 212
-0.998997, 213, 305, 228, 336
-0.998999, 273, 237, 336, 252
-0.998999, 417, 165, 480, 180
-0.999001, 53, 161, 84, 288
-0.999001, 113, 333, 128, 364
-0.999002, 299, 229, 314, 260
-0.999008, 185, 183, 248, 198
-0.999009, 377, 177, 440, 192
-0.999009, 393, 141, 456, 156
-0.999011, 377, 203, 440, 218
-0.999011, 455, 213, 470, 244
-0.999011, 1, 361, 64, 375
-0.999012, 249, 221, 312, 236
-0.999013, 417, 157, 480, 172
-0.999013, 453, 157, 468, 188
-0.999013, 29, 225, 44, 256
-0.999014, 455, 177, 470, 208
-0.999014, 353, 35, 416, 50
-0.999016, 41, 233, 104, 248
-0.999018, 193, 105, 256, 120
-0.999018, 353, 47, 416, 62
-0.999018, 417, 233, 480, 248
-0.999019, 177, 25, 304, 88
-0.999019, 353, 65, 416, 80
-0.999019, 287, 217, 302, 248
-0.99902, 277, 241, 292, 272
-0.999021, 241, 249, 304, 264
-0.999021, 57, 339, 120, 354
-0.999023, 29, 197, 44, 228
-0.999025, 459, 165, 474, 196
-0.999026, 353, 53, 416, 68
-0.999026, 61, 181, 76, 212
-0.999027, 433, 251, 496, 266
-0.999027, 193, 165, 208, 196
-0.99903, 29, 237, 44, 268
-0.999031, 437, 13, 452, 44
-0.999034, 1, 211, 64, 226
-0.999036, 217, 233, 280, 248
-0.999036, 281, 231, 344, 246
-0.999037, 417, 151, 480, 166
-0.99904, 385, 31, 448, 46
-0.99904, 345, 3, 408, 18
-0.999043, 217, 213, 280, 228
-0.999044, 453, 129, 484, 375
-0.999046, 1, 235, 64, 250
-0.999048, 353, 73, 416, 88
-0.99905, 1, 279, 64, 294
-0.999051, 233, 243, 296, 258
-0.999052, 241, 189, 304, 204
-0.999055, 41, 239, 104, 254
-0.999056, 17, 199, 80, 214
-0.999057, 153, 333, 216, 348
-0.999059, 257, 175, 320, 190
-0.999059, 377, 159, 440, 174
-0.999059, 345, 41, 408, 56
-0.99906, 353, 79, 416, 94
-0.999061, 283, 199, 298, 214
-0.999061, 29, 201, 44, 216
-0.999063, 455, 237, 470, 252
-0.999063, 33, 211, 96, 226
-0.999064, 37, 349, 52, 364
-0.999064, 377, 219, 440, 234
-0.999065, 353, 85, 416, 100
-0.999065, 417, 135, 480, 150
-0.999065, 7, 339, 22, 354
-0.999066, 251, 215, 266, 230
-0.999067, 377, 225, 440, 240
-0.999067, 243, 141, 258, 156
-0.999068, 217, 299, 280, 314
-0.999068, 251, 295, 266, 310
-0.999068, 1, 219, 16, 234
-0.999068, 443, 135, 458, 150
-0.999068, 19, 293, 34, 308
-0.99907, 9, 301, 24, 316
-0.99907, 23, 263, 38, 278
-0.999071, 205, 109, 220, 124
-0.999072, 267, 255, 282, 270
-0.999074, 41, 219, 104, 234
-0.999074, 43, 185, 58, 200
-0.999074, 423, 245, 438, 260
-0.999074, 281, 187, 344, 202
-0.999075, 459, 155, 474, 170
-0.999075, 13, 237, 28, 252
-0.999075, 31, 211, 46, 226
-0.999075, 385, 49, 448, 64
-0.999075, 111, 347, 126, 362
-0.999075, 203, 173, 218, 188
-0.999076, 177, 111, 240, 126
-0.999077, 425, 25, 488, 40
-0.999078, 305, 231, 320, 246
-0.999078, 197, 175, 212, 190
-0.999078, 255, 261, 270, 276
-0.999079, 209, 269, 272, 284
-0.999079, 269, 235, 284, 250
-0.99908, 377, 211, 440, 226
-0.99908, 353, 19, 416, 34
-0.99908, 69, 193, 84, 208
-0.999081, 419, 225, 434, 240
-0.999082, 353, 107, 416, 122
-0.999083, 257, 219, 272, 234
-0.999084, 217, 309, 280, 324
-0.999084, 393, 5, 456, 20
-0.999085, 455, 195, 470, 210
-0.999086, 249, 181, 312, 196
-0.999086, 377, 153, 440, 168
-0.999087, 279, 231, 294, 246
-0.999087, 19, 247, 34, 262
-0.999088, 241, 303, 304, 318
-0.999088, 161, 197, 224, 212
-0.999089, 353, 13, 416, 28
-0.999089, 1, 255, 64, 270
-0.999089, 485, 59, 500, 74
-0.999089, 53, 351, 68, 366
-0.99909, 217, 103, 280, 118
-0.99909, 377, 235, 440, 250
-0.999091, 275, 161, 290, 176
-0.999091, 279, 225, 294, 240
-0.999093, 209, 261, 272, 276
-0.999093, 261, 277, 276, 292
-0.999095, 193, 111, 208, 126
-0.999097, 47, 347, 62, 362
-0.999098, 261, 255, 276, 270
-0.999098, 9, 289, 24, 304
-0.999099, 185, 99, 248, 114
-0.9991, 187, 113, 202, 128
-0.999101, 169, 311, 232, 326
-0.999101, 33, 181, 48, 196
-0.999101, 101, 335, 116, 350
-0.999102, 35, 225, 50, 240
-0.999102, 397, 33, 428, 288
-0.999102, 19, 207, 34, 222
-0.999102, 269, 157, 284, 172
-0.999103, 453, 143, 468, 158
-0.999103, 57, 333, 120, 348
-0.999105, 33, 189, 48, 204
-0.999106, 399, 21, 414, 36
-0.999107, 1, 269, 64, 284
-0.999108, 177, 189, 240, 204
-0.999111, 201, 195, 264, 210
-0.999111, 265, 267, 280, 282
-0.999112, 291, 133, 306, 148
-0.999112, 353, 291, 416, 306
-0.999112, 289, 171, 352, 186
-0.999112, 233, 105, 248, 120
-0.999112, 261, 261, 276, 276
-0.999113, 401, 299, 464, 314
-0.999113, 265, 145, 280, 160
-0.999114, 353, 59, 416, 74
-0.999115, 41, 227, 104, 242
-0.999117, 179, 329, 194, 344
-0.999117, 455, 203, 470, 218
-0.999118, 111, 341, 126, 356
-0.999119, 419, 219, 434, 234
-0.999123, 21, 227, 36, 242
-0.999123, 295, 229, 310, 244
-0.999124, 277, 153, 292, 168
-0.999124, 63, 359, 78, 374
-0.999125, 13, 209, 28, 224
-0.999129, 113, 233, 240, 296
-0.999129, 267, 261, 282, 276
-0.99913, 23, 221, 38, 236
-0.999131, 419, 209, 434, 224
-0.999131, 455, 209, 470, 224
-0.999133, 419, 159, 434, 174
-0.999136, 419, 181, 434, 196
-0.99914, 419, 199, 434, 214
-0.999141, 65, 211, 80, 226
-0.999141, 437, 97, 468, 352
-0.999144, 469, 241, 500, 368
-0.999146, 283, 157, 298, 172
-0.999147, 79, 357, 94, 372
-0.999148, 117, 347, 132, 362
-0.999152, 61, 353, 76, 368
-0.999155, 419, 173, 434, 188
-0.999158, 169, 331, 184, 346
-0.999158, 419, 187, 434, 202
-0.99916, 419, 165, 434, 180
-0.999162, 149, 337, 164, 352
-0.999167, 293, 97, 324, 352
-0.999167, 219, 317, 234, 332
-0.99917, 419, 193, 434, 208
-0.999174, 189, 49, 220, 176
-0.999177, 141, 339, 156, 354
-0.999177, 271, 151, 286, 166
-0.999182, 261, 177, 276, 192
-0.999182, 455, 243, 470, 258
-0.999185, 7, 213, 22, 228
-0.999187, 103, 341, 118, 356
-0.999188, 437, 247, 452, 262
-0.999189, 71, 355, 86, 370
-0.999192, 421, 239, 436, 254
-0.999193, 287, 181, 302, 196
-0.999199, 23, 215, 38, 230
-0.9992, 123, 345, 138, 360
-0.999212, 157, 335, 172, 350
-0.999216, 271, 229, 286, 244
-0.999218, 163, 333, 178, 348
-0.999219, 185, 327, 200, 342
-0.999236, 429, 245, 444, 260
-0.999237, 87, 349, 102, 364
-0.999238, 453, 137, 468, 152
-0.99924, 277, 129, 308, 375
-0.99924, 3, 277, 18, 292
-0.999244, 213, 319, 228, 334
-0.999246, 293, 185, 308, 200
-0.999246, 233, 129, 264, 375
-0.999248, 443, 247, 458, 262
-0.999248, 3, 285, 18, 300
-0.999249, 453, 249, 468, 264
-0.999249, 129, 343, 144, 358
-0.999259, 135, 341, 150, 356
-0.999269, 87, 355, 102, 370
-0.999279, 193, 325, 208, 340
-0.999319, 469, 33, 500, 288
-0.999322, 205, 321, 220, 336
-0.999323, 421, 225, 436, 352
-0.999329, 199, 323, 214, 338
-0.999341, 225, 1, 256, 256
-0.99935, 199, 109, 214, 124
-0.999359, 457, 225, 472, 352
-0.999366, 401, 1, 416, 16
-0.99937, 419, 129, 434, 256
-0.999378, 429, 1, 444, 128
-0.999382, 271, 161, 286, 288
-0.999396, 269, 241, 284, 368
-0.999412, 453, 145, 468, 272
-0.999415, 189, 129, 220, 375
-0.999418, 279, 193, 294, 320
-0.999419, 261, 241, 276, 368
-0.999425, 463, 1, 478, 128
-0.999429, 459, 129, 474, 256
-0.999432, 381, 1, 412, 256
-0.999433, 427, 225, 442, 352
-0.999434, 295, 129, 310, 256
-0.999438, 255, 241, 270, 368
-0.999439, 415, 1, 430, 128
-0.999441, 413, 7, 428, 22
-0.999444, 451, 225, 466, 352
-0.999445, 287, 161, 302, 288
-0.99946, 93, 349, 108, 364
-0.999465, 421, 13, 436, 28
-0.999468, 415, 225, 430, 352
-0.999472, 427, 17, 442, 32
-0.999475, 423, 1, 438, 128
-0.999475, 265, 129, 296, 375
-0.999477, 435, 1, 450, 128
-0.999478, 265, 161, 280, 288
-0.99948, 469, 1, 484, 128
-0.999481, 381, 129, 412, 375
-0.999486, 443, 225, 458, 352
-0.999487, 407, 3, 422, 18
-0.999489, 453, 17, 468, 144
-0.99949, 281, 145, 296, 272
-0.999498, 463, 241, 478, 368
-0.999501, 421, 177, 436, 304
-0.999507, 107, 241, 122, 368
-0.999508, 485, 33, 500, 160
-0.999519, 437, 225, 452, 352
-0.999521, 211, 241, 226, 368
-0.999521, 459, 177, 474, 304
-0.999522, 193, 129, 208, 256
-0.999529, 145, 1, 160, 128
-0.999538, 477, 1, 492, 128
-0.999541, 293, 193, 308, 320
-0.999543, 25, 193, 40, 320
-0.999546, 199, 161, 214, 288
-0.999546, 19, 161, 34, 288
-0.999548, 287, 113, 302, 240
-0.999553, 445, 17, 460, 144
-0.999554, 139, 1, 154, 128
-0.999555, 43, 177, 58, 304
-0.999557, 7, 225, 22, 352
-0.99956, 301, 113, 316, 240
-0.99956, 179, 241, 194, 368
-0.999561, 471, 241, 486, 368
-0.999561, 249, 225, 264, 352
-0.999563, 239, 97, 254, 224
-0.999565, 245, 97, 260, 224
-0.99957, 285, 209, 300, 336
-0.999573, 13, 209, 28, 336
-0.999574, 311, 129, 326, 256
-0.999574, 433, 21, 448, 36
-0.999575, 239, 241, 254, 368
-0.999577, 429, 145, 444, 272
-0.999577, 315, 193, 330, 320
-0.999579, 217, 241, 232, 368
-0.99958, 5, 177, 20, 304
-0.99958, 439, 25, 454, 40
-0.999582, 199, 97, 214, 224
-0.999582, 275, 241, 290, 368
-0.999584, 451, 97, 466, 224
-0.999584, 391, 1, 406, 128
-0.999589, 399, 1, 414, 128
-0.99959, 233, 81, 248, 208
-0.99959, 445, 29, 460, 44
-0.99959, 137, 1, 168, 256
-0.99959, 301, 161, 316, 288
-0.999592, 53, 145, 68, 272
-0.999595, 33, 177, 48, 304
-0.999596, 209, 113, 224, 240
-0.999596, 407, 241, 422, 368
-0.999596, 309, 209, 324, 336
-0.999597, 377, 1, 392, 128
-0.999598, 371, 1, 386, 128
-0.999599, 225, 241, 240, 368
-0.9996, 271, 113, 286, 240
-0.999601, 117, 1, 132, 128
-0.999603, 259, 193, 274, 320
-0.999604, 187, 113, 202, 240
-0.999606, 261, 113, 276, 240
-0.999606, 479, 49, 494, 176
-0.999607, 313, 129, 344, 256
-0.999608, 477, 241, 492, 368
-0.999608, 429, 97, 444, 224
-0.999613, 37, 225, 52, 352
-0.999613, 185, 241, 200, 368
-0.999613, 211, 65, 226, 192
-0.999614, 409, 1, 424, 128
-0.999614, 399, 49, 414, 176
-0.999614, 253, 161, 268, 288
-0.999614, 1, 49, 500, 112
-0.999617, 465, 113, 480, 240
-0.999617, 55, 193, 70, 320
-0.999617, 217, 65, 232, 192
-0.999618, 227, 97, 242, 224
-0.999619, 21, 241, 36, 368
-0.99962, 451, 33, 466, 48
-0.999623, 205, 225, 220, 352
-0.999623, 233, 241, 248, 368
-0.999624, 253, 97, 268, 224
-0.999627, 245, 145, 260, 272
-0.999632, 299, 241, 314, 368
-0.999635, 401, 209, 416, 336
-0.999637, 321, 225, 336, 352
-0.999639, 319, 145, 334, 272
-0.99964, 241, 145, 272, 272
-0.99964, 329, 225, 344, 352
-0.999644, 363, 1, 378, 128
-0.999646, 173, 241, 188, 368
-0.999647, 459, 49, 474, 176
-0.999648, 465, 161, 480, 288
-0.999649, 473, 49, 488, 176
-0.99965, 71, 161, 86, 288
-0.999651, 193, 81, 208, 208
-0.999651, 411, 177, 426, 304
-0.999652, 391, 113, 406, 240
-0.999652, 221, 113, 236, 240
-0.999654, 391, 49, 406, 176
-0.999657, 33, 129, 48, 256
-0.999657, 233, 129, 248, 256
-0.999659, 151, 177, 166, 304
-0.999662, 81, 193, 96, 320
-0.999663, 47, 225, 62, 352
-0.999664, 31, 225, 46, 352
-0.999664, 475, 49, 490, 64
-0.999665, 187, 161, 202, 288
-0.999667, 119, 193, 134, 320
-0.999668, 45, 97, 60, 224
-0.999668, 205, 49, 220, 176
-0.999669, 289, 241, 320, 368
-0.99967, 165, 49, 180, 176
-0.999671, 469, 45, 484, 60
-0.999671, 127, 1, 142, 128
-0.999671, 155, 241, 170, 368
-0.999672, 463, 41, 478, 56
-0.999673, 319, 97, 334, 224
-0.999675, 125, 193, 140, 320
-0.999676, 193, 241, 208, 368
-0.999676, 13, 161, 28, 288
-0.999677, 193, 177, 208, 304
-0.999692, 457, 37, 472, 52
-0.999709, 481, 53, 496, 68
-0.999745, 257, 65, 384, 128
-0.999782, 1, 25, 500, 88
-0.999798, 257, 305, 500, 368
-0.999798, 409, 1, 440, 256
-0.999815, 309, 129, 340, 375
-0.999818, 221, 17, 252, 144
-0.999829, 417, 81, 448, 208
-0.999837, 125, 1, 156, 256
-0.999866, 73, 129, 136, 256
-0.99988, 185, 1, 216, 256
-0.999893, 213, 129, 244, 375
-0.999929, 205, 33, 236, 288
-1.00001, 273, 1, 336, 128
-1.00002, 1, 129, 32, 375
-1.00003, 137, 177, 168, 304
-1.00006, 113, 193, 144, 320
-1.00008, 393, 129, 424, 375
-1.0001, 149, 1, 180, 256
-1.00012, 241, 1, 272, 256
-1.00015, 229, 145, 260, 272
-1.00015, 105, 97, 168, 224
-1.00017, 213, 177, 244, 304
-1.00018, 17, 129, 48, 375
-1.00018, 465, 129, 496, 375
-1.00019, 201, 129, 232, 375
-1.0002, 109, 1, 140, 128
-1.00021, 253, 33, 284, 288
-1.00022, 57, 65, 88, 320
-1.00024, 161, 177, 192, 304
-1.00025, 1, 225, 32, 352
-1.00027, 365, 1, 396, 256
-1.00029, 13, 1, 44, 256
-1.0003, 177, 177, 208, 304
-1.0003, 69, 129, 100, 375
-1.00032, 89, 241, 120, 368
-1.00034, 209, 65, 336, 128
-1.00037, 33, 129, 64, 375
-1.00037, 201, 161, 232, 288
-1.00038, 1, 1, 32, 256
-1.00039, 169, 97, 200, 352
-1.00039, 429, 177, 460, 304
-1.00041, 173, 1, 204, 256
-1.00043, 273, 33, 304, 288
-1.00046, 45, 65, 76, 320
-1.00048, 69, 209, 100, 336
-1.0005, 33, 1, 64, 256
-1.00052, 349, 49, 380, 176
-1.00054, 85, 65, 116, 320
-1.00056, 285, 97, 316, 224
-1.00057, 369, 241, 400, 368
-1.00062, 321, 97, 352, 352
-1.00066, 293, 1, 324, 256
-1.00066, 437, 65, 468, 192
-1.00066, 73, 1, 104, 256
-1.00073, 149, 49, 180, 176
-1.00078, 37, 113, 68, 240
-1.00078, 105, 1, 136, 256
-1.0008, 161, 1, 192, 256
-1.00082, 313, 1, 344, 256
-1.00085, 125, 65, 156, 192
-1.00086, 305, 49, 368, 176
-1.00086, 241, 49, 272, 176
-1.00088, 365, 97, 396, 352
-1.00092, 69, 161, 100, 288
-1.00094, 97, 97, 128, 352
-1.00094, 345, 1, 376, 256
-1.00099, 25, 161, 56, 288
-1.00099, 325, 1, 356, 256
-1.00103, 149, 97, 180, 352
-1.00105, 333, 129, 364, 375
-1.00109, 109, 129, 140, 375
-1.00111, 113, 257, 240, 320
-1.00115, 145, 241, 176, 368
-1.00121, 121, 129, 152, 375
-1.00121, 329, 225, 360, 352
-1.00124, 353, 97, 384, 352
-1.00127, 137, 97, 168, 352
-1.0013, 41, 161, 72, 288
-1.00134, 161, 33, 192, 160
-1.0014, 241, 1, 304, 128
-1.00147, 277, 241, 308, 368
-1.00149, 241, 1, 368, 64
-1.00161, 49, 209, 80, 336
-1.00163, 49, 97, 80, 224
-1.00166, 125, 193, 156, 320
-1.00168, 297, 1, 360, 128
-1.00171, 257, 17, 384, 144
-1.00172, 465, 193, 496, 320
-1.00175, 465, 145, 496, 272
-1.00186, 213, 129, 244, 256
-1.00194, 257, 89, 384, 152
-1.00212, 149, 177, 180, 304
-1.00214, 205, 17, 236, 144
-1.00215, 357, 241, 388, 368
-1.00219, 393, 177, 424, 304
-1.0025, 73, 81, 136, 208
-1.00255, 337, 17, 368, 144
-1.00259, 241, 41, 368, 104
-1.00282, 53, 1, 84, 128
-1.00285, 345, 241, 376, 368
-1.00288, 253, 49, 284, 176
-1.00289, 97, 33, 128, 160
-1.00302, 241, 305, 368, 368
-1.00302, 269, 65, 300, 192
-1.00314, 89, 145, 120, 272
-1.00324, 61, 113, 92, 240
-1.00326, 13, 113, 44, 240
-1.00328, 73, 113, 104, 240
-1.00342, 189, 1, 220, 128
-1.00345, 17, 49, 80, 176
-1.00349, 177, 81, 208, 208
-1.00351, 85, 17, 116, 144
-1.00353, 369, 193, 400, 320
-1.00356, 305, 313, 432, 375
-1.00358, 317, 81, 348, 208
-1.0036, 129, 241, 160, 368
-1.00363, 113, 49, 144, 176
-1.00364, 301, 65, 332, 192
-1.00379, 165, 97, 196, 224
-1.00486, 265, 49, 328, 176
