1961
-0.239989, 1, 1, 500, 375
-0.321225, 1, 33, 500, 288
-0.428413, 193, 1, 448, 375
-0.443074, 1, 129, 500, 375
-0.460093, 1, 1, 256, 375
-0.528789, 1, 129, 256, 375
-0.537864, 97, 1, 352, 375
-0.561464, 161, 33, 416, 288
-0.628027, 257, 33, 500, 288
-0.633932, 1, 33, 256, 288
-0.642954, 97, 129, 352, 375
-0.804693, 1, 97, 128, 352
-0.815194, 81, 97, 208, 352
-0.829357, 129, 97, 256, 352
-0.839362, 1, 65, 500, 192
-0.853373, 257, 129, 500, 375
-0.855051, 49, 1, 176, 375
-0.858427, 241, 33, 368, 288
-0.859703, 193, 1, 320, 375
-0.861485, 1, 241, 500, 368
-0.862287, 241, 1, 368, 375
-0.863337, 289, 1, 416, 375
-0.864476, 129, 1, 256, 375
-0.866881, 177, 65, 304, 320
-0.869219, 369, 97, 496, 352
-0.87176, 1, 1, 128, 375
-0.87427, 289, 33, 416, 288
-0.877447, 33, 1, 160, 256
-0.889525, 1, 193, 500, 320
-0.89971, 1, 177, 256, 304
-0.902338, 1, 129, 256, 256
-0.902603, 337, 1, 464, 375
-0.903778, 33, 225, 288, 352
-0.905483, 193, 49, 448, 176
-0.912106, 81, 1, 208, 256
-0.918332, 225, 129, 352, 375
-0.91847, 1, 129, 500, 256
-0.91978, 1, 81, 256, 208
-0.920784, 1, 129, 128, 256
-0.923566, 129, 1, 256, 256
-0.925315, 113, 225, 240, 352
-0.9262, 49, 177, 176, 304
-0.926913, 97, 129, 352, 256
-0.927323, 97, 81, 352, 208
-0.927382, 49, 129, 176, 256
-0.93121, 97, 129, 160, 256
-0.932149, 97, 177, 352, 304
-0.932296, 97, 113, 224, 240
-0.932472, 81, 209, 144, 336
-0.933639, 57, 129, 120, 256
-0.934582, 161, 113, 224, 240
-0.935064, 137, 193, 200, 320
-0.935163, 257, 33, 384, 160
-0.936713, 1, 145, 64, 272
-0.936972, 49, 241, 176, 368
-0.937103, 57, 193, 120, 320
-0.938328, 25, 129, 88, 256
-0.938464, 49, 81, 176, 208
-0.938561, 161, 81, 288, 208
-0.93887, 1, 241, 128, 368
-0.938903, 289, 129, 416, 375
-0.938959, 1, 177, 128, 304
-0.94019, 161, 225, 416, 352
-0.940351, 9, 225, 72, 352
-0.940484, 33, 225, 96, 352
-0.940704, 193, 81, 256, 208
-0.94115, 97, 177, 224, 304
-0.941202, 65, 81, 128, 208
-0.942021, 1, 97, 64, 224
-0.942187, 113, 225, 176, 352
-0.943146, 113, 177, 176, 304
-0.943631, 257, 97, 500, 224
-0.943694, 129, 129, 192, 256
-0.945002, 1, 81, 128, 208
-0.94536, 161, 225, 224, 352
-0.945709, 113, 81, 176, 208
-0.945733, 89, 81, 152, 208
-0.946168, 161, 129, 288, 256
-0.946834, 137, 81, 200, 208
-0.947283, 161, 161, 224, 288
-0.947302, 369, 97, 496, 224
-0.948389, 1, 17, 500, 144
-0.948424, 161, 209, 288, 336
-0.948678, 57, 241, 120, 368
-0.948752, 161, 129, 224, 192
-0.948815, 89, 249, 152, 312
-0.949116, 1, 153, 64, 216
-0.95035, 97, 33, 352, 160
-0.950377, 137, 241, 200, 368
-0.950481, 121, 233, 184, 296
-0.950986, 193, 177, 448, 304
-0.951802, 89, 137, 152, 200
-0.951991, 113, 65, 240, 192
-0.952607, 33, 177, 96, 304
-0.953923, 201, 129, 264, 256
-0.954364, 41, 81, 104, 208
-0.954426, 321, 33, 384, 160
-0.954535, 113, 185, 176, 248
-0.954598, 121, 257, 184, 320
-0.954854, 417, 97, 480, 224
-0.955572, 249, 49, 312, 176
-0.955634, 41, 145, 104, 208
-0.95565, 209, 49, 336, 176
-0.956042, 49, 265, 112, 328
-0.956173, 169, 249, 232, 312
-0.956409, 41, 193, 104, 256
-0.957058, 89, 193, 152, 256
-0.957187, 49, 241, 112, 304
-0.957265, 65, 145, 128, 208
-0.957391, 193, 209, 256, 336
-0.957612, 193, 1, 448, 128
-0.957639, 81, 273, 144, 336
-0.957667, 145, 225, 208, 288
-0.958144, 1, 33, 256, 160
-0.958282, 89, 225, 152, 288
-0.958935, 137, 129, 200, 192
-0.95936, 161, 65, 224, 192
-0.959453, 337, 1, 464, 256
-0.95982, 17, 193, 80, 256
-0.960278, 9, 217, 72, 280
-0.960369, 121, 209, 184, 272
-0.960786, 113, 137, 176, 200
-0.960896, 201, 145, 264, 208
-0.961047, 25, 257, 88, 320
-0.961223, 305, 49, 432, 176
-0.961832, 257, 225, 500, 352
-0.962497, 65, 201, 128, 264
-0.962641, 369, 241, 432, 368
-0.962852, 209, 113, 336, 240
-0.96297, 321, 49, 384, 112
-0.963576, 297, 33, 360, 160
-0.96358, 337, 241, 464, 368
-0.963767, 377, 81, 440, 208
-0.963817, 393, 241, 456, 368
-0.964072, 97, 161, 160, 224
-0.964144, 161, 169, 224, 232
-0.964287, 89, 249, 120, 312
-0.964314, 1, 153, 32, 216
-0.9644, 369, 161, 496, 288
-0.96474, 169, 217, 232, 280
-0.96478, 353, 65, 416, 192
-0.96521, 17, 97, 80, 352
-0.965236, 193, 225, 256, 288
-0.96554, 233, 97, 296, 224
-0.965649, 161, 129, 224, 375
-0.965829, 41, 217, 104, 280
-0.965847, 273, 33, 336, 160
-0.966058, 137, 177, 200, 240
-0.966065, 145, 201, 208, 264
-0.966135, 129, 129, 256, 192
-0.966163, 49, 241, 176, 304
-0.966165, 17, 145, 144, 208
-0.966233, 161, 33, 288, 160
-0.96637, 113, 201, 240, 264
-0.966526, 193, 97, 256, 160
-0.966538, 1, 273, 64, 336
-0.966579, 105, 97, 168, 352
-0.966745, 209, 121, 272, 184
-0.966797, 113, 257, 240, 320
-0.967235, 225, 225, 288, 352
-0.967279, 145, 249, 208, 312
-0.967394, 81, 137, 208, 200
-0.967565, 257, 57, 320, 120
-0.967721, 425, 113, 488, 176
-0.967766, 141, 249, 172, 312
-0.968216, 101, 249, 132, 312
-0.968598, 129, 97, 192, 352
-0.968657, 13, 145, 44, 272
-0.968669, 201, 65, 264, 320
-0.968685, 385, 289, 448, 352
-0.968912, 1, 201, 128, 264
-0.969134, 25, 281, 88, 344
-0.969206, 81, 97, 144, 352
-0.969224, 225, 145, 288, 272
-0.969282, 209, 209, 336, 336
-0.969297, 289, 41, 352, 104
-0.969381, 25, 169, 88, 232
-0.969469, 49, 97, 112, 352
-0.969486, 225, 49, 288, 176
-0.969569, 125, 233, 156, 296
-0.969579, 225, 161, 352, 288
-0.969596, 113, 137, 144, 200
-0.969749, 257, 49, 384, 112
-0.969969, 65, 217, 192, 280
-0.970103, 369, 265, 432, 328
-0.970413, 1, 233, 128, 296
-0.970662, 1, 241, 64, 304
-0.970797, 57, 121, 120, 184
-0.971018, 93, 137, 124, 200
-0.971136, 17, 217, 48, 280
-0.971233, 101, 129, 132, 256
-0.971458, 113, 233, 240, 296
-0.971481, 73, 169, 136, 232
-0.971945, 121, 129, 152, 256
-0.972261, 81, 129, 112, 256
-0.972267, 101, 225, 132, 288
-0.972314, 21, 153, 52, 216
-0.972615, 65, 33, 192, 160
-0.972624, 1, 281, 128, 344
-0.97269, 213, 81, 244, 208
-0.972715, 129, 209, 160, 272
-0.972738, 129, 137, 160, 200
-0.972783, 401, 265, 464, 328
-0.972958, 65, 169, 192, 232
-0.972978, 169, 193, 232, 256
-0.973039, 85, 81, 116, 208
-0.973052, 113, 233, 144, 296
-0.973116, 137, 153, 200, 216
-0.973214, 161, 233, 192, 296
-0.97327, 105, 209, 136, 336
-0.973276, 113, 113, 176, 176
-0.973403, 89, 209, 120, 336
-0.973446, 137, 225, 168, 352
-0.973452, 161, 193, 192, 320
-0.973463, 1, 145, 32, 272
-0.973477, 201, 201, 264, 264
-0.973535, 117, 185, 148, 248
-0.973664, 425, 209, 488, 336
-0.973798, 189, 129, 220, 192
-0.973856, 233, 129, 296, 192
-0.97393, 169, 129, 200, 192
-0.973979, 361, 81, 424, 144
-0.974023, 193, 249, 256, 312
-0.974082, 129, 161, 256, 224
-0.974104, 393, 97, 456, 160
-0.974169, 189, 113, 220, 240
-0.974313, 53, 145, 84, 208
-0.974318, 193, 225, 224, 288
-0.974516, 13, 193, 44, 256
-0.974523, 157, 129, 188, 192
-0.974531, 1, 129, 64, 192
-0.974541, 177, 249, 208, 312
-0.974636, 89, 225, 120, 288
-0.974754, 117, 265, 148, 328
-0.97477, 169, 113, 200, 240
-0.974787, 125, 225, 156, 352
-0.974846, 33, 257, 64, 320
-0.974857, 41, 97, 104, 160
-0.974913, 149, 201, 180, 264
-0.974925, 77, 249, 108, 312
-0.974934, 249, 33, 312, 288
-0.974955, 17, 33, 144, 160
-0.975005, 185, 121, 248, 184
-0.97504, 177, 209, 208, 336
-0.975091, 77, 145, 108, 208
-0.975127, 201, 289, 264, 352
-0.975204, 161, 225, 288, 288
-0.975221, 425, 97, 488, 352
-0.975236, 65, 225, 96, 352
-0.975239, 153, 97, 184, 224
-0.975288, 401, 193, 464, 320
-0.975306, 141, 129, 172, 256
-0.975547, 5, 97, 36, 224
-0.975573, 57, 241, 88, 304
-0.975599, 77, 209, 108, 336
-0.975651, 361, 289, 424, 352
-0.975703, 409, 281, 440, 344
-0.97573, 65, 129, 96, 256
-0.97573, 45, 265, 76, 328
-0.975736, 33, 121, 96, 184
-0.975737, 109, 81, 140, 208
-0.975811, 29, 97, 60, 224
-0.975834, 137, 177, 168, 240
-0.975957, 105, 273, 136, 336
-0.976006, 225, 73, 288, 136
-0.976035, 49, 273, 176, 336
-0.976047, 425, 209, 488, 272
-0.976073, 17, 97, 48, 224
-0.976102, 65, 193, 192, 256
-0.976114, 1, 169, 128, 232
-0.976242, 289, 225, 416, 352
-0.976259, 93, 185, 124, 248
-0.97628, 45, 129, 76, 256
-0.976481, 77, 209, 108, 272
-0.976501, 33, 145, 64, 208
-0.976585, 137, 177, 168, 304
-0.976619, 129, 257, 160, 320
-0.976652, 1, 193, 32, 256
-0.976875, 141, 137, 172, 200
-0.976899, 329, 33, 392, 288
-0.977055, 145, 225, 176, 288
-0.977085, 49, 289, 112, 352
-0.977143, 65, 145, 96, 208
-0.977321, 81, 113, 144, 176
-0.977337, 289, 233, 352, 296
-0.977368, 97, 81, 128, 208
-0.977421, 49, 169, 112, 232
-0.977421, 161, 89, 288, 152
-0.977497, 425, 161, 488, 288
-0.977512, 25, 145, 56, 272
-0.977816, 149, 193, 180, 320
-0.977848, 49, 225, 80, 352
-0.977867, 41, 33, 104, 160
-0.977907, 289, 113, 416, 240
-0.977948, 193, 161, 224, 288
-0.978011, 125, 161, 156, 224
-0.978171, 29, 233, 60, 296
-0.978187, 77, 273, 108, 336
-0.978243, 265, 225, 328, 288
-0.978337, 149, 241, 180, 368
-0.978505, 121, 81, 152, 208
-0.978714, 133, 81, 164, 208
-0.978714, 225, 97, 288, 160
-0.978811, 169, 89, 232, 152
-0.978859, 153, 33, 216, 288
-0.97899, 145, 89, 208, 152
-0.979009, 117, 209, 148, 272
-0.979122, 193, 209, 224, 336
-0.979169, 153, 297, 216, 360
-0.97917, 1, 257, 128, 320
-0.979198, 305, 33, 368, 288
-0.97921, 337, 73, 400, 136
-0.979263, 1, 105, 64, 168
-0.979344, 25, 225, 56, 352
-0.979392, 105, 161, 136, 224
-0.979407, 13, 209, 44, 336
-0.979484, 125, 177, 156, 304
-0.979558, 297, 17, 360, 80
-0.979575, 209, 1, 336, 128
-0.979594, 249, 193, 312, 320
-0.979632, 57, 273, 88, 336
-0.979634, 353, 313, 416, 375
-0.97969, 105, 185, 136, 248
-0.979701, 173, 225, 204, 288
-0.979761, 73, 81, 104, 208
-0.979768, 401, 241, 464, 304
-0.979807, 469, 201, 500, 264
-0.97981, 61, 177, 92, 304
-0.979862, 273, 33, 336, 288
-0.979903, 177, 313, 240, 375
-0.979914, 453, 217, 484, 280
-0.979981, 249, 1, 312, 128
-0.979992, 213, 97, 244, 160
-0.980106, 161, 249, 288, 312
-0.980178, 193, 129, 320, 192
-0.980335, 89, 1, 152, 256
-0.98035, 89, 273, 120, 336
-0.980359, 17, 121, 144, 184
-0.980433, 57, 1, 120, 256
-0.980462, 209, 169, 272, 232
-0.98076, 1, 193, 32, 320
-0.980869, 65, 33, 128, 160
-0.980945, 233, 217, 296, 280
-0.981002, 433, 169, 496, 232
-0.981069, 153, 145, 184, 272
-0.981137, 89, 161, 120, 224
-0.981154, 401, 97, 464, 352
-0.981163, 153, 257, 184, 320
-0.981165, 121, 89, 184, 152
-0.981257, 193, 257, 224, 320
-0.98127, 161, 241, 192, 368
-0.981337, 177, 161, 208, 288
-0.981396, 341, 41, 372, 104
-0.981455, 37, 225, 68, 352
-0.98155, 377, 65, 440, 320
-0.981558, 177, 65, 208, 192
-0.981567, 337, 89, 464, 152
-0.981588, 261, 49, 292, 176
-0.981636, 369, 241, 432, 304
-0.981651, 61, 81, 92, 208
-0.981723, 225, 249, 288, 312
-0.981736, 193, 153, 320, 216
-0.98179, 209, 217, 336, 280
-0.981821, 397, 257, 428, 320
-0.981852, 369, 113, 496, 176
-0.98186, 29, 193, 60, 256
-0.981885, 61, 185, 92, 248
-0.982037, 237, 161, 268, 288
-0.982054, 337, 33, 368, 160
-0.982171, 237, 217, 268, 280
-0.98227, 73, 89, 136, 152
-0.982398, 97, 33, 160, 160
-0.982426, 257, 33, 320, 96
-0.982451, 153, 177, 184, 240
-0.982479, 49, 81, 80, 208
-0.982519, 353, 1, 480, 128
-0.982523, 289, 161, 352, 288
-0.982562, 41, 289, 72, 352
-0.982585, 353, 57, 384, 120
-0.982674, 81, 113, 208, 176
-0.982684, 249, 145, 312, 272
-0.982765, 249, 81, 312, 144
-0.982766, 177, 33, 240, 288
-0.982846, 137, 33, 200, 160
-0.982908, 165, 257, 196, 320
-0.983142, 249, 105, 312, 168
-0.983157, 409, 257, 440, 320
-0.983241, 469, 145, 500, 272
-0.983407, 45, 217, 76, 280
-0.983438, 209, 65, 336, 128
-0.9836, 81, 1, 144, 375
-0.983646, 225, 129, 288, 375
-0.983661, 61, 209, 92, 272
-0.983669, 189, 65, 220, 192
-0.983669, 33, 1, 96, 256
-0.983713, 289, 177, 416, 304
-0.983751, 5, 217, 36, 280
-0.983778, 297, 41, 328, 104
-0.983784, 401, 241, 432, 368
-0.983875, 81, 185, 112, 248
-0.983901, 81, 121, 112, 184
-0.983983, 449, 97, 480, 224
-0.984003, 249, 1, 312, 375
-0.984009, 345, 241, 408, 368
-0.984023, 21, 265, 52, 328
-0.984065, 1, 1, 64, 256
-0.984076, 397, 281, 428, 344
-0.984091, 201, 81, 232, 208
-0.984177, 325, 33, 356, 160
-0.984219, 421, 273, 452, 336
-0.984265, 173, 169, 204, 232
-0.984379, 185, 33, 248, 160
-0.98447, 233, 225, 264, 352
-0.984472, 433, 249, 496, 312
-0.984481, 165, 65, 196, 192
-0.984484, 357, 49, 388, 176
-0.984502, 137, 1, 200, 375
-0.984511, 37, 177, 68, 304
-0.984512, 1, 49, 64, 176
-0.984585, 401, 209, 464, 272
-0.984698, 353, 49, 480, 176
-0.984711, 185, 1, 248, 375
-0.984721, 469, 209, 500, 336
-0.984762, 1, 97, 128, 160
-0.984764, 161, 201, 288, 264
-0.984769, 65, 89, 192, 152
-0.984928, 205, 209, 236, 336
-0.98494, 41, 193, 72, 256
-0.984949, 453, 121, 484, 184
-0.984959, 241, 153, 304, 216
-0.985034, 297, 33, 328, 160
-0.985057, 369, 169, 496, 232
-0.985102, 369, 193, 432, 320
-0.98512, 465, 177, 496, 240
-0.985153, 97, 89, 160, 152
-0.985153, 305, 209, 368, 272
-0.985173, 113, 17, 240, 144
-0.985185, 113, 89, 240, 152
-0.985253, 369, 65, 400, 192
-0.985277, 141, 113, 172, 176
-0.985362, 265, 57, 296, 120
-0.985423, 249, 193, 312, 256
-0.985442, 289, 209, 352, 336
-0.985468, 129, 113, 160, 176
-0.98548, 413, 241, 444, 368
-0.985555, 97, 297, 160, 360
-0.985584, 25, 1, 88, 375
-0.985605, 313, 33, 344, 160
-0.985608, 161, 1, 224, 375
-0.985635, 337, 289, 464, 352
-0.985667, 233, 161, 264, 224
-0.985668, 161, 273, 224, 336
-0.98567, 113, 1, 176, 375
-0.985779, 321, 1, 384, 375
-0.985898, 161, 153, 192, 216
-0.985986, 369, 225, 496, 288
-0.985997, 161, 209, 192, 272
-0.986045, 5, 129, 36, 192
-0.986078, 65, 121, 96, 184
-0.986089, 405, 81, 436, 208
-0.986147, 233, 129, 264, 192
-0.986161, 233, 249, 264, 312
-0.986248, 41, 169, 72, 232
-0.986265, 193, 201, 224, 264
-0.986285, 225, 1, 288, 128
-0.986285, 9, 265, 40, 328
-0.986299, 9, 241, 40, 304
-0.986352, 33, 73, 96, 136
-0.986406, 109, 113, 140, 176
-0.986406, 209, 105, 336, 168
-0.986482, 325, 41, 356, 104
-0.986558, 469, 153, 500, 216
-0.986576, 45, 241, 76, 304
-0.986623, 57, 1, 120, 375
-0.986696, 229, 273, 260, 336
-0.986805, 65, 97, 96, 160
-0.986823, 409, 289, 472, 352
-0.986837, 289, 1, 352, 375
-0.986864, 225, 273, 288, 336
-0.986954, 453, 209, 484, 336
-0.986999, 181, 201, 212, 264
-0.98708, 337, 265, 464, 328
-0.98709, 217, 49, 280, 112
-0.987099, 385, 313, 448, 375
-0.98712, 49, 177, 80, 304
-0.987221, 353, 65, 416, 320
-0.987231, 289, 185, 352, 248
-0.987257, 21, 129, 52, 192
-0.987274, 17, 1, 80, 128
-0.987369, 389, 81, 420, 208
-0.987411, 237, 81, 268, 208
-0.987472, 193, 313, 224, 375
-0.987479, 273, 49, 304, 176
-0.987544, 289, 73, 416, 136
-0.987657, 373, 81, 404, 144
-0.98766, 289, 113, 352, 240
-0.987668, 385, 241, 416, 368
-0.987678, 193, 161, 224, 224
-0.987745, 437, 97, 468, 224
-0.987853, 233, 105, 264, 168
-0.987915, 205, 241, 236, 304
-0.987927, 45, 121, 76, 184
-0.987955, 241, 241, 368, 304
-0.987968, 421, 97, 452, 224
-0.987987, 225, 297, 288, 360
-0.988008, 81, 261, 144, 292
-0.98802, 337, 313, 464, 375
-0.988026, 409, 97, 440, 160
-0.988045, 209, 281, 240, 344
-0.988049, 213, 129, 244, 192
-0.988097, 121, 281, 184, 344
-0.988142, 137, 253, 200, 284
-0.988257, 173, 105, 204, 168
-0.988288, 81, 145, 144, 176
-0.988379, 465, 225, 496, 288
-0.988393, 297, 225, 328, 288
-0.988405, 161, 105, 192, 168
-0.988423, 81, 273, 144, 304
-0.988458, 425, 105, 456, 168
-0.98846, 1, 1, 64, 375
-0.988492, 285, 33, 316, 160
-0.988514, 409, 313, 472, 375
-0.988555, 1, 233, 256, 296
-0.988574, 425, 137, 488, 200
-0.988596, 289, 241, 416, 304
-0.988596, 113, 249, 176, 280
-0.988616, 249, 113, 280, 240
-0.98862, 169, 133, 232, 164
-0.988626, 49, 273, 112, 304
-0.988636, 33, 213, 96, 244
-0.988644, 121, 265, 184, 296
-0.988677, 309, 41, 340, 104
-0.988714, 441, 113, 472, 176
-0.988738, 33, 149, 96, 180
-0.988738, 225, 1, 288, 256
-0.98874, 145, 297, 272, 360
-0.988763, 213, 209, 244, 272
-0.988763, 25, 289, 56, 352
-0.988767, 93, 113, 124, 176
-0.988781, 153, 49, 184, 176
-0.988827, 421, 249, 452, 312
-0.988839, 97, 229, 160, 260
-0.988842, 209, 1, 272, 375
-0.988853, 161, 253, 224, 284
-0.988866, 1, 313, 64, 375
-0.988882, 73, 197, 136, 228
-0.989023, 329, 313, 392, 375
-0.989056, 113, 205, 176, 236
-0.989059, 1, 145, 256, 208
-0.989092, 137, 241, 200, 272
-0.989161, 345, 1, 408, 375
-0.989198, 305, 1, 432, 128
-0.989203, 193, 65, 448, 128
-0.989228, 137, 217, 200, 248
-0.98923, 89, 241, 152, 272
-0.98925, 1, 153, 64, 184
-0.989253, 1, 257, 256, 320
-0.989257, 393, 89, 424, 152
-0.989263, 105, 141, 168, 172
-0.989268, 89, 145, 120, 176
-0.989281, 1, 193, 256, 256
-0.989323, 137, 229, 200, 260
-0.989338, 417, 49, 480, 176
-0.989374, 129, 137, 192, 168
-0.989377, 41, 261, 104, 292
-0.989394, 161, 233, 224, 264
-0.989402, 105, 217, 168, 248
-0.989439, 41, 285, 104, 316
-0.989452, 201, 149, 264, 180
-0.989459, 113, 1, 176, 256
-0.989481, 241, 129, 368, 192
-0.989497, 17, 273, 80, 304
-0.989563, 141, 253, 172, 284
-0.989596, 85, 265, 116, 296
-0.989598, 97, 265, 128, 296
-0.989611, 161, 221, 224, 252
-0.989613, 57, 241, 120, 272
-0.989635, 9, 197, 72, 228
-0.989687, 425, 241, 456, 368
-0.989688, 1, 157, 32, 188
-0.989702, 309, 217, 340, 280
-0.989702, 17, 245, 80, 276
-0.989708, 57, 149, 120, 180
-0.989715, 113, 185, 176, 216
-0.989719, 361, 33, 424, 96
-0.989763, 11, 153, 26, 216
-0.989771, 305, 45, 368, 76
-0.989783, 161, 205, 224, 236
-0.989789, 201, 137, 264, 168
-0.989803, 169, 249, 200, 280
-0.989806, 457, 161, 488, 288
-0.989814, 201, 225, 264, 256
-0.989815, 113, 141, 144, 172
-0.989818, 73, 229, 136, 260
-0.989823, 9, 225, 72, 256
-0.989828, 73, 185, 136, 216
-0.989829, 369, 201, 496, 264
-0.989857, 57, 209, 120, 240
-0.989915, 161, 65, 288, 128
-0.989951, 201, 245, 264, 276
-0.989986, 253, 129, 284, 192
-0.990009, 249, 129, 312, 375
-0.990012, 97, 173, 160, 204
-0.99006, 145, 89, 176, 152
-0.990061, 369, 17, 432, 144
-0.990061, 245, 241, 276, 368
-0.990068, 177, 177, 304, 240
-0.990071, 81, 201, 112, 232
-0.990074, 185, 105, 216, 168
-0.990086, 153, 253, 184, 284
-0.990111, 125, 141, 156, 172
-0.99012, 217, 129, 248, 256
-0.99017, 405, 193, 436, 320
-0.990177, 433, 273, 496, 336
-0.990192, 125, 269, 156, 300
-0.990211, 49, 197, 112, 228
-0.990212, 53, 97, 84, 160
-0.990213, 161, 193, 224, 224
-0.990214, 145, 265, 208, 296
-0.990246, 205, 129, 236, 256
-0.990278, 145, 137, 176, 168
-0.990282, 181, 253, 212, 284
-0.990284, 281, 137, 344, 200
-0.990317, 201, 161, 264, 192
-0.990328, 377, 285, 440, 316
-0.990337, 137, 205, 200, 236
-0.990344, 81, 209, 144, 240
-0.990346, 161, 145, 224, 176
-0.99039, 73, 273, 104, 304
-0.990427, 197, 89, 228, 152
-0.990439, 365, 305, 396, 368
-0.990463, 209, 125, 272, 156
-0.990469, 109, 269, 140, 300
-0.990477, 65, 297, 192, 360
-0.990552, 353, 325, 416, 356
-0.990573, 129, 241, 160, 272
-0.990612, 81, 157, 144, 188
-0.990612, 309, 177, 340, 304
-0.990613, 1, 213, 64, 244
-0.99067, 385, 265, 416, 328
-0.990695, 17, 289, 80, 320
-0.9907, 169, 161, 232, 192
-0.990729, 149, 237, 180, 268
-0.990745, 57, 161, 120, 192
-0.990749, 145, 177, 208, 208
-0.990763, 393, 1, 456, 375
-0.990769, 93, 249, 108, 312
-0.990772, 77, 145, 108, 176
-0.990798, 5, 189, 36, 220
-0.99085, 33, 281, 64, 312
-0.990851, 101, 145, 132, 176
-0.990903, 1, 241, 500, 304
-0.99091, 121, 157, 184, 188
-0.990921, 241, 25, 368, 88
-0.990925, 33, 233, 96, 264
-0.990964, 1, 165, 64, 196
-0.990982, 193, 241, 224, 272
-0.990983, 49, 277, 80, 308
-0.990991, 185, 257, 248, 288
-0.990997, 225, 193, 352, 256
-0.990998, 409, 273, 472, 304
-0.991016, 249, 69, 312, 100
-0.991023, 369, 273, 432, 304
-0.991027, 89, 245, 120, 276
-0.991032, 345, 113, 408, 240
-0.991099, 369, 137, 496, 200
-0.991101, 201, 213, 264, 244
-0.991101, 437, 225, 468, 352
-0.991125, 65, 285, 128, 316
-0.991136, 103, 249, 118, 312
-0.991151, 61, 149, 92, 180
-0.991172, 85, 277, 116, 308
-0.991215, 101, 185, 132, 216
-0.991262, 1, 81, 500, 144
-0.991263, 117, 245, 148, 276
-0.991269, 193, 129, 224, 160
-0.991272, 121, 169, 184, 200
-0.991301, 17, 225, 48, 256
-0.991321, 321, 61, 384, 92
-0.991326, 377, 297, 440, 328
-0.991331, 25, 181, 88, 212
-0.991342, 57, 209, 88, 240
-0.991345, 225, 145, 288, 176
-0.991345, 105, 277, 168, 308
-0.991349, 133, 225, 164, 256
-0.991351, 217, 177, 248, 304
-0.991351, 401, 285, 464, 316
-0.991361, 17, 249, 48, 280
-0.991367, 249, 161, 280, 288
-0.991369, 157, 221, 188, 252
-0.991378, 93, 233, 124, 264
-0.991393, 57, 173, 120, 204
-0.991413, 97, 201, 352, 264
-0.991451, 21, 209, 36, 272
-0.991461, 385, 261, 448, 292
-0.991462, 1, 185, 64, 216
-0.991467, 57, 65, 120, 128
-0.991471, 305, 129, 336, 256
-0.991482, 109, 257, 140, 288
-0.991489, 289, 241, 352, 272
-0.991492, 257, 129, 320, 192
-0.991505, 345, 81, 408, 112
-0.991527, 241, 153, 368, 216
-0.991562, 225, 113, 288, 144
-0.991571, 409, 185, 472, 248
-0.991574, 49, 149, 80, 180
-0.991577, 185, 93, 248, 124
-0.99158, 145, 161, 208, 192
-0.991593, 257, 97, 320, 224
-0.991611, 65, 33, 96, 160
-0.991611, 169, 173, 232, 204
-0.991615, 109, 157, 140, 188
-0.991618, 57, 313, 120, 375
-0.991624, 165, 261, 196, 292
-0.99163, 425, 213, 488, 244
-0.991635, 87, 241, 102, 304
-0.991636, 17, 261, 80, 292
-0.991647, 157, 241, 172, 304
-0.991655, 137, 265, 168, 296
-0.991659, 425, 121, 488, 152
-0.991686, 257, 53, 320, 84
-0.991696, 369, 93, 432, 124
-0.991706, 33, 169, 96, 200
-0.991742, 161, 17, 224, 144
-0.991749, 81, 33, 112, 160
-0.991754, 97, 213, 128, 244
-0.99176, 117, 225, 148, 256
-0.991766, 225, 89, 288, 120
-0.991784, 233, 133, 296, 164
-0.991785, 61, 273, 92, 304
-0.991789, 29, 269, 60, 300
-0.991794, 65, 197, 96, 228
-0.991796, 23, 153, 38, 216
-0.991803, 137, 193, 200, 224
-0.991809, 313, 177, 376, 304
-0.991809, 433, 225, 496, 256
-0.991812, 177, 133, 208, 164
-0.991814, 241, 157, 304, 188
-0.991822, 81, 133, 144, 164
-0.991857, 401, 261, 432, 292
-0.991897, 121, 305, 184, 368
-0.991898, 17, 185, 32, 248
-0.991928, 1, 169, 256, 232
-0.991933, 149, 233, 164, 296
-0.991953, 225, 101, 288, 132
-0.991955, 329, 337, 392, 368
-0.991956, 9, 213, 40, 244
-0.991956, 281, 49, 344, 80
-0.991956, 201, 197, 264, 228
-0.99198, 85, 189, 116, 220
-0.991992, 237, 33, 268, 160
-0.991995, 97, 197, 128, 228
-0.991995, 193, 113, 256, 144
-0.992004, 21, 153, 52, 184
-0.992009, 393, 105, 456, 136
-0.992017, 149, 265, 180, 296
-0.992021, 225, 169, 288, 200
-0.992029, 103, 137, 118, 200
-0.992049, 225, 229, 288, 260
-0.992086, 5, 153, 20, 216
-0.992101, 193, 253, 224, 284
-0.992107, 193, 73, 256, 136
-0.992121, 97, 225, 352, 288
-0.99213, 305, 229, 368, 260
-0.992149, 153, 313, 216, 344
-0.992169, 385, 321, 448, 352
-0.99219, 265, 233, 328, 264
-0.992201, 165, 133, 196, 164
-0.992223, 49, 185, 112, 216
-0.992227, 353, 341, 416, 372
-0.992239, 397, 285, 428, 316
-0.992244, 145, 213, 176, 244
-0.992258, 145, 125, 208, 156
-0.992263, 417, 1, 480, 375
-0.992276, 225, 245, 288, 276
-0.99228, 9, 81, 72, 144
-0.992281, 57, 137, 120, 168
-0.992287, 313, 81, 376, 208
-0.992295, 57, 97, 120, 128
-0.992308, 217, 225, 248, 352
-0.992333, 281, 37, 344, 68
-0.992338, 129, 281, 192, 312
-0.992342, 249, 221, 312, 252
-0.992342, 177, 317, 240, 348
-0.992347, 201, 173, 264, 204
-0.992363, 131, 137, 146, 200
-0.992366, 105, 237, 136, 268
-0.992369, 51, 273, 66, 336
-0.992371, 145, 225, 176, 256
-0.992372, 353, 285, 416, 316
-0.992392, 113, 137, 240, 168
-0.992393, 289, 217, 352, 248
-0.992397, 117, 189, 148, 220
-0.992434, 137, 65, 200, 128
-0.99245, 161, 297, 224, 328
-0.992465, 433, 305, 496, 368
-0.99247, 193, 305, 256, 336
-0.992474, 121, 293, 184, 324
-0.992476, 129, 253, 160, 284
-0.992477, 261, 1, 292, 128
-0.992479, 209, 281, 272, 312
-0.992499, 61, 285, 92, 316
-0.99253, 73, 157, 104, 188
-0.992533, 127, 241, 142, 304
-0.992543, 111, 249, 126, 312
-0.992561, 131, 265, 146, 328
-0.99258, 249, 145, 312, 176
-0.992582, 33, 153, 64, 184
-0.992587, 89, 93, 152, 124
-0.992588, 117, 137, 132, 200
-0.99259, 81, 249, 208, 280
-0.992594, 1, 169, 32, 200
-0.992603, 105, 225, 136, 256
-0.992605, 9, 105, 72, 136
-0.992606, 233, 265, 296, 296
-0.992607, 297, 345, 360, 375
-0.992625, 1, 265, 500, 328
-0.99263, 205, 33, 236, 160
-0.992635, 257, 305, 320, 368
-0.992639, 321, 177, 352, 304
-0.99264, 469, 209, 500, 240
-0.992641, 81, 265, 96, 328
-0.992645, 141, 137, 156, 200
-0.992655, 129, 257, 256, 288
-0.992661, 77, 253, 108, 284
-0.99267, 119, 249, 134, 312
-0.99268, 13, 201, 44, 232
-0.992683, 87, 265, 102, 328
-0.992698, 453, 221, 484, 252
-0.992702, 413, 285, 444, 316
-0.992707, 161, 65, 224, 128
-0.992718, 49, 289, 80, 320
-0.992739, 85, 213, 116, 244
-0.992739, 65, 65, 192, 128
-0.99274, 165, 205, 196, 236
-0.992748, 117, 209, 148, 240
-0.992755, 1, 121, 256, 184
-0.992768, 393, 33, 456, 160
-0.992769, 7, 193, 22, 256
-0.992771, 33, 261, 160, 292
-0.992773, 249, 65, 280, 192
-0.992774, 153, 201, 168, 264
-0.992782, 233, 153, 264, 184
-0.992789, 249, 241, 312, 368
-0.992791, 105, 65, 168, 128
-0.9928, 65, 213, 192, 244
-0.992801, 97, 169, 352, 232
-0.992803, 121, 177, 152, 208
-0.992832, 289, 313, 416, 375
-0.99284, 369, 1, 432, 375
-0.992865, 17, 153, 32, 216
-0.992867, 69, 209, 100, 240
-0.992875, 27, 225, 42, 288
-0.992883, 97, 277, 128, 308
-0.992887, 1, 241, 32, 368
-0.992891, 97, 257, 352, 320
-0.992892, 419, 273, 434, 336
-0.992894, 77, 225, 108, 256
-0.992897, 101, 33, 132, 160
-0.992911, 29, 221, 60, 252
-0.992918, 17, 237, 48, 268
-0.992924, 89, 173, 120, 204
-0.992928, 197, 229, 228, 260
-0.992939, 237, 225, 268, 256
-0.992966, 337, 45, 368, 76
-0.992969, 165, 241, 180, 304
-0.99297, 249, 249, 312, 312
-0.99297, 45, 213, 76, 244
-0.992971, 69, 237, 100, 268
-0.992972, 123, 137, 138, 200
-0.992973, 281, 161, 344, 224
-0.992992, 111, 137, 126, 200
-0.992997, 197, 217, 228, 248
-0.993002, 169, 221, 200, 252
-0.993031, 1, 209, 500, 272
-0.993036, 285, 209, 316, 336
-0.993043, 173, 233, 188, 296
-0.993081, 97, 157, 128, 188
-0.993086, 161, 129, 176, 192
-0.993092, 33, 257, 64, 288
-0.993102, 97, 137, 112, 200
-0.993105, 169, 237, 200, 268
-0.993152, 87, 209, 102, 272
-0.993157, 421, 273, 452, 304
-0.993187, 209, 265, 336, 328
-0.993197, 193, 141, 224, 172
-0.993212, 73, 285, 104, 316
-0.993284, 329, 113, 392, 176
-0.993292, 1, 73, 128, 136
-0.99331, 233, 265, 264, 296
-0.993311, 225, 81, 256, 208
-0.993319, 345, 265, 408, 328
-0.993319, 33, 149, 160, 180
-0.99332, 109, 281, 140, 312
-0.99333, 457, 125, 488, 156
-0.993332, 113, 225, 240, 256
-0.993341, 273, 1, 304, 128
-0.993342, 149, 137, 164, 200
-0.993348, 137, 181, 168, 212
-0.993353, 125, 157, 156, 188
-0.993366, 193, 189, 224, 220
-0.993368, 181, 237, 212, 268
-0.993375, 321, 25, 384, 88
-0.993421, 469, 225, 500, 256
-0.993429, 193, 153, 224, 184
-0.993432, 127, 185, 142, 248
-0.993441, 1, 213, 128, 244
-0.993453, 33, 277, 160, 308
-0.99346, 85, 145, 100, 208
-0.993471, 289, 217, 416, 280
-0.993483, 81, 269, 208, 300
-0.993493, 145, 201, 176, 232
-0.993493, 141, 249, 156, 312
-0.993496, 105, 169, 136, 200
-0.993498, 107, 225, 122, 288
-0.9935, 149, 181, 180, 212
-0.993505, 217, 229, 248, 260
-0.993539, 1, 177, 16, 240
-0.993559, 45, 265, 60, 328
-0.99356, 185, 221, 216, 252
-0.993567, 101, 225, 116, 288
-0.993574, 185, 129, 200, 192
-0.993582, 125, 265, 140, 328
-0.993589, 133, 205, 164, 236
-0.993591, 37, 237, 68, 268
-0.9936, 149, 177, 164, 240
-0.993607, 175, 129, 190, 192
-0.993626, 81, 241, 96, 304
-0.993637, 25, 293, 56, 324
-0.99364, 361, 325, 392, 356
-0.993641, 213, 241, 244, 272
-0.993642, 353, 41, 480, 104
-0.99366, 85, 157, 116, 188
-0.993675, 469, 97, 500, 224
-0.993698, 273, 9, 336, 72
-0.993702, 113, 225, 128, 288
-0.993707, 61, 261, 92, 292
-0.993709, 113, 237, 240, 268
-0.993715, 185, 209, 216, 240
-0.993716, 409, 273, 440, 304
-0.993726, 97, 129, 352, 192
-0.99373, 45, 249, 76, 280
-0.993788, 65, 201, 192, 232
-0.993802, 165, 177, 196, 208
-0.993812, 21, 49, 52, 176
-0.993833, 373, 241, 404, 368
-0.993834, 181, 161, 212, 192
-0.993855, 233, 169, 264, 200
-0.993858, 237, 241, 268, 272
-0.99386, 261, 61, 292, 92
-0.993873, 49, 265, 80, 296
-0.993891, 21, 281, 52, 312
-0.993911, 213, 137, 244, 168
-0.993917, 5, 229, 36, 260
-0.993917, 301, 241, 332, 272
-0.993919, 189, 313, 220, 344
-0.99392, 65, 185, 192, 216
-0.993931, 139, 201, 154, 264
-0.993954, 59, 145, 74, 208
-0.994038, 1, 201, 128, 232
-0.994038, 181, 249, 196, 312
-0.994046, 41, 145, 56, 208
-0.994075, 115, 169, 130, 232
-0.99409, 91, 145, 106, 208
-0.994097, 47, 145, 62, 208
-0.994104, 161, 133, 288, 164
-0.994118, 313, 241, 376, 368
-0.994139, 293, 129, 324, 256
-0.994151, 145, 201, 160, 264
-0.994152, 161, 245, 288, 276
-0.994165, 1, 225, 128, 256
-0.994184, 167, 129, 182, 192
-0.994186, 199, 225, 214, 288
-0.994188, 33, 241, 160, 272
-0.9942, 65, 89, 320, 152
-0.994214, 161, 41, 416, 104
-0.994229, 425, 193, 456, 320
-0.994244, 53, 145, 68, 208
-0.994251, 207, 225, 222, 288
-0.994256, 143, 177, 158, 240
-0.994271, 121, 225, 136, 288
-0.99428, 93, 217, 108, 280
-0.994297, 413, 281, 428, 344
-0.994365, 1, 173, 128, 204
-0.99437, 131, 209, 146, 272
-0.994373, 273, 49, 400, 80
-0.994399, 77, 145, 92, 208
-0.9944, 121, 185, 136, 248
-0.994407, 55, 249, 70, 312
-0.994425, 289, 25, 416, 88
-0.994431, 113, 189, 240, 220
-0.994466, 93, 273, 108, 336
-0.994507, 205, 129, 220, 192
-0.994516, 297, 225, 328, 352
-0.994521, 141, 33, 172, 160
-0.994529, 37, 49, 68, 176
-0.994534, 1, 281, 256, 344
-0.994553, 193, 289, 320, 352
-0.994568, 389, 33, 420, 160
-0.994572, 113, 201, 240, 232
-0.994581, 1, 145, 500, 208
-0.994587, 257, 97, 500, 160
-0.994602, 191, 241, 206, 304
-0.994614, 75, 273, 90, 336
-0.994616, 161, 105, 416, 168
-0.994626, 57, 273, 72, 336
-0.994627, 53, 1, 84, 128
-0.994642, 191, 129, 206, 192
-0.994645, 425, 49, 456, 176
-0.994657, 193, 41, 320, 104
-0.994661, 105, 193, 120, 256
-0.994676, 289, 121, 416, 184
-0.994727, 181, 129, 212, 375
-0.994816, 133, 233, 148, 296
-0.994823, 163, 193, 178, 256
-0.994842, 77, 129, 108, 375
-0.99485, 65, 145, 80, 208
-0.99486, 425, 1, 488, 256
-0.994864, 29, 153, 44, 216
-0.994866, 125, 97, 156, 352
-0.994883, 137, 97, 168, 352
-0.994886, 155, 129, 170, 192
-0.994915, 1, 189, 128, 220
-0.994917, 193, 233, 448, 296
-0.994922, 1, 57, 500, 120
-0.99493, 119, 273, 134, 336
-0.994946, 31, 249, 46, 312
-0.994963, 13, 209, 28, 272
-0.994974, 71, 145, 86, 208
-0.995023, 257, 41, 500, 104
-0.995025, 161, 145, 288, 176
-0.99504, 385, 145, 448, 272
-0.995082, 143, 225, 158, 288
-0.9951, 261, 113, 292, 240
-0.99511, 23, 185, 38, 248
-0.995175, 65, 161, 192, 192
-0.99518, 25, 97, 56, 352
-0.995188, 349, 1, 380, 128
-0.995188, 95, 177, 110, 240
-0.995201, 35, 145, 50, 208
-0.995203, 113, 149, 240, 180
-0.995276, 477, 201, 492, 264
-0.995277, 133, 161, 148, 224
-0.995299, 65, 225, 192, 256
-0.995312, 1, 177, 500, 240
-0.995321, 111, 201, 126, 264
-0.995328, 159, 265, 174, 328
-0.995368, 23, 265, 38, 328
-0.995408, 101, 273, 116, 336
-0.995423, 167, 265, 182, 328
-0.995426, 345, 1, 408, 128
-0.995436, 225, 281, 480, 344
-0.995454, 101, 97, 132, 352
-0.995483, 161, 233, 288, 264
-0.995492, 155, 177, 170, 240
-0.995544, 213, 65, 244, 320
-0.99556, 129, 213, 256, 244
-0.99557, 13, 97, 44, 352
-0.995575, 113, 177, 240, 208
-0.995584, 63, 265, 78, 328
-0.995599, 65, 137, 192, 168
-0.995613, 71, 241, 86, 304
-0.995617, 161, 157, 288, 188
-0.995618, 257, 201, 500, 264
-0.995632, 159, 217, 174, 280
-0.995638, 149, 265, 164, 328
-0.99566, 257, 209, 288, 336
-0.995665, 289, 193, 416, 256
-0.995676, 273, 69, 400, 100
-0.995677, 407, 281, 422, 344
-0.995679, 185, 225, 200, 288
-0.995681, 37, 97, 68, 352
-0.995689, 69, 281, 84, 344
-0.995695, 1, 313, 128, 375
-0.9957, 33, 1, 160, 64
-0.995709, 81, 209, 96, 272
-0.995762, 113, 97, 144, 352
-0.995783, 113, 161, 240, 192
-0.995836, 297, 129, 360, 375
-0.995838, 9, 49, 40, 176
-0.995846, 1, 289, 128, 320
-0.995856, 113, 33, 144, 160
-0.995885, 41, 1, 72, 128
-0.995886, 357, 49, 372, 112
-0.995888, 337, 65, 464, 128
-0.995891, 197, 249, 212, 312
-0.995902, 33, 193, 48, 256
-0.995913, 207, 257, 222, 320
-0.995916, 89, 129, 120, 375
-0.995922, 405, 257, 420, 320
-0.995925, 57, 97, 88, 352
-0.995928, 107, 273, 122, 336
-0.995937, 227, 97, 242, 160
-0.995941, 413, 257, 428, 320
-0.995979, 33, 65, 288, 128
-0.995984, 193, 129, 224, 375
-0.995987, 401, 33, 432, 160
-0.996002, 273, 129, 336, 375
-0.996004, 399, 265, 414, 328
-0.996036, 365, 57, 380, 120
-0.996048, 157, 97, 188, 352
-0.996068, 401, 1, 464, 256
-0.996118, 65, 241, 80, 304
-0.996119, 13, 233, 28, 296
-0.996151, 257, 121, 500, 184
-0.996178, 313, 129, 376, 256
-0.996192, 209, 229, 336, 260
-0.996214, 197, 129, 212, 192
-0.996251, 369, 261, 496, 292
-0.996266, 129, 33, 160, 160
-0.99627, 137, 273, 152, 336
-0.996304, 125, 161, 140, 224
-0.996314, 465, 209, 480, 272
-0.996323, 471, 201, 486, 264
-0.996325, 85, 177, 100, 240
-0.996343, 33, 217, 48, 280
-0.996351, 169, 97, 200, 352
-0.996353, 133, 185, 148, 248
-0.99637, 107, 161, 122, 224
-0.996372, 437, 49, 468, 176
-0.996437, 351, 41, 366, 104
-0.996454, 177, 257, 304, 288
-0.996459, 193, 257, 448, 320
-0.996466, 73, 185, 88, 248
-0.996492, 1, 161, 128, 192
-0.996493, 175, 257, 190, 320
-0.996507, 193, 121, 320, 152
-0.996524, 305, 153, 432, 216
-0.996527, 1, 105, 500, 168
-0.996544, 217, 33, 248, 160
-0.996544, 385, 193, 416, 320
-0.996568, 441, 161, 472, 288
-0.99662, 179, 225, 194, 288
-0.996623, 341, 41, 356, 104
-0.996639, 39, 249, 54, 312
-0.996645, 97, 281, 352, 344
-0.996648, 361, 1, 392, 128
-0.996654, 177, 169, 304, 200
-0.996658, 321, 93, 448, 124
-0.996692, 337, 17, 464, 80
-0.996711, 337, 329, 464, 360
-0.996724, 49, 173, 176, 204
-0.996741, 161, 93, 288, 124
-0.996753, 193, 17, 224, 144
-0.996777, 1, 129, 32, 375
-0.996781, 317, 225, 348, 352
-0.996789, 257, 313, 500, 375
-0.996799, 377, 17, 408, 144
-0.996821, 317, 1, 348, 256
-0.996899, 177, 209, 304, 240
-0.996908, 453, 97, 484, 352
-0.996912, 321, 261, 448, 292
-0.996915, 193, 189, 320, 220
-0.996969, 337, 293, 464, 324
-0.997021, 289, 265, 416, 328
-0.997063, 209, 133, 336, 164
-0.997095, 209, 149, 336, 180
-0.997096, 257, 33, 288, 288
-0.997125, 289, 81, 416, 112
-0.997141, 97, 305, 352, 368
-0.997212, 357, 33, 388, 288
-0.997232, 369, 221, 496, 252
-0.997241, 1, 305, 256, 368
-0.997242, 353, 109, 480, 140
-0.997249, 1, 289, 500, 352
-0.997258, 129, 269, 256, 300
-0.997262, 193, 33, 224, 288
-0.997278, 465, 129, 496, 375
-0.99729, 369, 281, 496, 312
-0.997291, 321, 341, 448, 372
-0.997324, 369, 121, 496, 152
-0.997345, 1, 101, 128, 132
-0.99737, 233, 129, 264, 375
-0.99738, 301, 1, 332, 256
-0.997406, 77, 33, 108, 288
-0.997412, 209, 85, 336, 116
-0.997435, 113, 65, 240, 128
-0.99746, 209, 241, 336, 272
-0.99747, 225, 69, 352, 100
-0.997473, 437, 97, 468, 352
-0.997487, 329, 33, 360, 288
-0.997497, 83, 265, 98, 296
-0.997503, 91, 265, 106, 296
-0.997506, 285, 33, 316, 288
-0.99755, 65, 41, 320, 104
-0.997557, 161, 105, 288, 136
-0.997564, 77, 273, 92, 304
-0.997567, 169, 253, 184, 284
-0.997569, 3, 157, 18, 188
-0.997571, 135, 265, 150, 296
-0.997574, 127, 141, 142, 172
-0.997576, 257, 145, 500, 208
-0.997577, 97, 265, 112, 296
-0.997588, 145, 317, 272, 348
-0.99759, 91, 145, 106, 176
-0.997591, 413, 65, 444, 320
-0.997593, 85, 145, 100, 176
-0.997598, 321, 281, 448, 312
-0.9976, 151, 253, 166, 284
-0.997602, 103, 261, 118, 292
-0.997605, 159, 257, 174, 288
-0.997621, 83, 277, 98, 308
-0.997631, 83, 201, 98, 232
-0.997635, 145, 257, 160, 288
-0.99764, 31, 249, 46, 280
-0.997642, 117, 141, 132, 172
-0.997649, 51, 277, 66, 308
-0.997654, 183, 249, 198, 280
-0.997654, 97, 245, 112, 276
-0.997655, 205, 129, 220, 160
-0.997659, 91, 245, 106, 276
-0.997661, 99, 145, 114, 176
-0.997665, 129, 269, 144, 300
-0.997666, 113, 269, 128, 300
-0.997668, 417, 281, 432, 312
-0.997669, 105, 145, 120, 176
-0.99767, 147, 137, 162, 168
-0.997672, 177, 257, 192, 288
-0.997672, 133, 141, 148, 172
-0.997674, 91, 205, 106, 236
-0.997677, 159, 237, 174, 268
-0.997681, 141, 137, 156, 168
-0.997683, 71, 149, 86, 180
-0.997684, 49, 93, 176, 124
-0.997686, 101, 213, 116, 244
-0.997689, 113, 125, 240, 156
-0.99769, 121, 269, 136, 300
-0.99769, 25, 225, 40, 256
-0.997693, 103, 233, 118, 264
-0.997696, 61, 281, 76, 312
-0.9977, 119, 257, 134, 288
-0.997702, 111, 257, 126, 288
-0.997706, 17, 189, 32, 220
-0.997707, 165, 217, 180, 248
-0.997707, 175, 245, 190, 276
-0.997707, 89, 277, 104, 308
-0.997709, 153, 233, 168, 264
-0.997709, 167, 241, 182, 272
-0.997712, 73, 205, 88, 236
-0.997713, 25, 245, 40, 276
-0.997716, 411, 285, 426, 316
-0.997722, 111, 141, 126, 172
-0.997723, 155, 137, 170, 168
-0.997724, 191, 257, 206, 288
-0.997729, 125, 229, 140, 260
-0.997729, 79, 145, 94, 176
-0.99773, 109, 225, 124, 256
-0.99773, 207, 241, 222, 272
-0.997733, 57, 269, 72, 300
-0.997734, 85, 253, 100, 284
-0.997735, 9, 157, 24, 188
-0.997736, 143, 245, 158, 276
-0.997737, 103, 273, 118, 304
-0.997738, 89, 33, 120, 288
-0.997739, 19, 217, 34, 248
-0.997741, 71, 273, 86, 304
-0.997743, 401, 65, 432, 320
-0.997746, 127, 245, 142, 276
-0.997746, 57, 149, 72, 180
-0.997751, 159, 221, 174, 252
-0.997756, 97, 233, 112, 264
-0.997758, 121, 189, 136, 220
-0.997758, 101, 201, 116, 232
-0.997759, 91, 189, 106, 220
-0.997762, 43, 285, 58, 316
-0.997764, 173, 133, 188, 164
-0.997768, 7, 189, 22, 220
-0.99777, 345, 33, 376, 288
-0.99777, 33, 273, 48, 304
-0.997772, 27, 261, 42, 292
-0.997774, 185, 133, 200, 164
-0.997774, 119, 237, 134, 268
-0.997774, 23, 153, 38, 184
-0.997775, 137, 237, 152, 268
-0.997778, 65, 149, 80, 180
-0.997778, 29, 1, 60, 256
-0.99778, 95, 277, 110, 308
-0.99778, 141, 269, 156, 300
-0.997783, 113, 241, 128, 272
-0.997784, 179, 133, 194, 164
-0.997786, 101, 185, 116, 216
-0.997788, 105, 249, 120, 280
-0.99779, 151, 265, 166, 296
-0.99779, 113, 93, 240, 124
-0.997791, 423, 277, 438, 308
-0.997791, 161, 137, 176, 168
-0.997792, 137, 225, 152, 256
-0.997796, 19, 201, 34, 232
-0.9978, 37, 153, 52, 184
-0.997809, 401, 265, 416, 296
-0.99781, 207, 213, 222, 244
-0.997814, 113, 181, 128, 212
-0.997816, 83, 157, 98, 188
-0.997817, 139, 185, 154, 216
-0.997818, 193, 133, 208, 164
-0.997821, 137, 249, 152, 280
-0.997821, 17, 241, 32, 272
-0.997821, 17, 177, 32, 208
-0.997823, 25, 213, 40, 244
-0.997824, 75, 193, 90, 224
-0.997826, 165, 229, 180, 260
-0.997829, 207, 225, 222, 256
-0.99783, 119, 221, 134, 252
-0.99783, 83, 189, 98, 220
-0.997831, 29, 153, 44, 184
-0.997832, 67, 209, 82, 240
-0.997833, 461, 213, 476, 244
-0.997834, 33, 261, 48, 292
-0.997834, 171, 221, 186, 252
-0.997835, 177, 229, 192, 260
-0.997835, 131, 225, 146, 256
-0.997837, 81, 217, 96, 248
-0.997837, 125, 257, 140, 288
-0.997838, 17, 229, 32, 260
-0.997838, 365, 61, 380, 92
-0.997839, 11, 209, 26, 240
-0.99784, 113, 213, 128, 244
-0.99784, 145, 229, 160, 260
-0.997841, 1, 177, 16, 208
-0.997842, 37, 285, 52, 316
-0.997844, 91, 229, 106, 260
-0.997845, 155, 205, 170, 236
-0.997845, 185, 261, 200, 292
-0.997846, 75, 285, 90, 316
-0.997847, 167, 137, 182, 168
-0.997852, 181, 33, 212, 288
-0.997863, 193, 177, 448, 240
-0.997885, 65, 1, 96, 256
-0.997888, 289, 329, 416, 360
-0.997921, 269, 33, 300, 288
-0.997943, 225, 161, 352, 192
-0.99795, 353, 317, 480, 348
-0.997969, 337, 53, 464, 84
-0.997971, 17, 137, 144, 168
-0.998031, 257, 97, 384, 160
-0.998047, 113, 293, 240, 324
-0.998061, 209, 109, 336, 140
-0.998081, 15, 145, 30, 272
-0.998086, 241, 217, 368, 248
-0.998106, 377, 65, 408, 320
-0.998114, 225, 53, 352, 84
-0.998142, 245, 129, 276, 375
-0.998178, 209, 97, 336, 128
-0.998183, 425, 97, 456, 352
-0.998189, 107, 129, 122, 256
-0.998203, 21, 145, 36, 272
-0.998204, 257, 9, 500, 72
-0.998208, 369, 249, 496, 280
-0.998258, 161, 17, 416, 80
-0.998275, 17, 329, 144, 360
-0.998288, 161, 81, 288, 112
-0.998339, 113, 129, 128, 256
-0.998346, 41, 1, 72, 256
-0.998357, 81, 281, 208, 312
-0.998364, 117, 1, 148, 256
-0.998365, 389, 65, 420, 320
-0.998372, 113, 305, 240, 336
-0.998374, 77, 241, 92, 368
-0.998378, 29, 225, 44, 352
-0.998392, 369, 137, 496, 168
-0.998398, 273, 37, 400, 68
-0.9984, 237, 1, 268, 256
-0.9984, 1, 313, 500, 375
-0.998409, 17, 1, 48, 256
-0.998423, 123, 129, 138, 256
-0.99843, 169, 259, 232, 274
-0.998437, 105, 273, 168, 288
-0.998439, 121, 247, 184, 262
-0.998444, 73, 277, 136, 292
-0.998447, 129, 265, 192, 280
-0.998452, 161, 135, 224, 150
-0.998453, 77, 129, 92, 256
-0.998455, 153, 253, 216, 268
-0.998455, 81, 267, 144, 282
-0.998456, 49, 275, 112, 290
-0.998459, 105, 209, 120, 336
-0.99846, 73, 149, 136, 164
-0.998462, 105, 267, 168, 282
-0.998468, 57, 285, 120, 300
-0.998468, 161, 239, 224, 254
-0.998471, 257, 241, 384, 272
-0.998473, 161, 229, 224, 244
-0.998475, 201, 227, 264, 242
-0.998476, 105, 225, 168, 240
-0.998477, 149, 129, 164, 256
-0.998479, 81, 241, 144, 256
-0.998481, 9, 145, 24, 272
-0.998481, 201, 247, 264, 262
-0.998481, 145, 223, 208, 238
-0.998482, 113, 141, 176, 156
-0.998483, 65, 205, 128, 220
-0.998484, 33, 287, 96, 302
-0.998486, 137, 259, 200, 274
-0.998487, 33, 151, 96, 166
-0.998489, 161, 69, 288, 100
-0.998493, 153, 265, 216, 280
-0.998494, 1, 33, 500, 96
-0.998496, 101, 1, 132, 256
-0.998496, 305, 47, 368, 62
-0.998498, 85, 129, 100, 256
-0.998499, 201, 161, 264, 176
-0.998499, 193, 167, 256, 182
-0.9985, 81, 247, 144, 262
-0.9985, 17, 281, 80, 296
-0.998502, 41, 215, 104, 230
-0.998505, 17, 269, 80, 284
-0.998506, 201, 155, 264, 170
-0.998506, 159, 193, 174, 320
-0.998506, 81, 197, 144, 212
-0.998507, 137, 239, 200, 254
-0.998509, 97, 257, 160, 272
-0.998515, 97, 279, 160, 294
-0.998515, 169, 165, 232, 180
-0.998515, 169, 199, 232, 214
-0.998517, 193, 253, 256, 268
-0.998518, 201, 149, 264, 164
-0.998518, 29, 145, 44, 272
-0.998522, 201, 139, 264, 154
-0.998522, 89, 191, 152, 206
-0.998523, 89, 209, 104, 336
-0.998523, 161, 215, 224, 230
-0.998523, 57, 241, 120, 256
-0.998525, 113, 219, 176, 234
-0.998525, 169, 247, 232, 262
-0.998525, 89, 235, 152, 250
-0.998525, 97, 129, 112, 256
-0.998526, 81, 143, 144, 158
-0.998527, 137, 137, 200, 152
-0.998527, 129, 271, 192, 286
-0.998527, 49, 247, 112, 262
-0.998529, 129, 129, 144, 256
-0.998529, 169, 171, 232, 186
-0.998529, 193, 133, 256, 148
-0.99853, 145, 169, 208, 184
-0.99853, 129, 229, 192, 244
-0.998532, 89, 155, 152, 170
-0.998532, 1, 233, 64, 248
-0.998532, 241, 121, 368, 152
-0.998532, 113, 213, 176, 228
-0.998532, 73, 227, 136, 242
-0.998532, 145, 203, 208, 218
-0.998534, 173, 113, 188, 240
-0.998535, 353, 331, 416, 346
-0.998536, 41, 263, 104, 278
-0.998536, 25, 97, 40, 224
-0.99854, 1, 209, 64, 224
-0.99854, 89, 169, 152, 184
-0.998542, 65, 157, 128, 172
-0.998542, 105, 149, 168, 164
-0.998543, 9, 217, 72, 232
-0.998543, 49, 165, 112, 180
-0.998543, 9, 155, 72, 170
-0.998544, 9, 225, 72, 240
-0.998544, 201, 233, 264, 248
-0.998545, 65, 221, 128, 236
-0.998545, 65, 171, 128, 186
-0.998546, 9, 247, 72, 262
-0.998547, 41, 269, 104, 284
-0.998548, 113, 237, 176, 252
-0.998548, 17, 239, 80, 254
-0.99855, 89, 177, 152, 192
-0.998551, 121, 253, 184, 268
-0.998551, 125, 225, 140, 352
-0.998551, 193, 301, 320, 332
-0.998552, 17, 293, 80, 308
-0.998552, 25, 275, 88, 290
-0.998553, 1, 197, 64, 212
-0.998553, 57, 195, 120, 210
-0.998554, 143, 129, 158, 256
-0.998555, 7, 97, 22, 224
-0.998556, 161, 193, 224, 208
-0.998556, 385, 293, 448, 308
-0.998558, 41, 221, 104, 236
-0.998559, 193, 259, 256, 274
-0.998559, 167, 113, 182, 240
-0.998559, 49, 253, 112, 268
-0.99856, 95, 193, 110, 320
-0.99856, 153, 225, 168, 352
-0.998561, 81, 185, 144, 200
-0.998562, 209, 127, 272, 142
-0.998562, 169, 141, 232, 156
-0.998563, 121, 185, 184, 200
-0.998563, 401, 287, 464, 302
-0.998563, 65, 235, 128, 250
-0.998565, 169, 223, 232, 238
-0.998565, 65, 259, 128, 274
-0.998566, 1, 171, 64, 186
-0.998568, 25, 233, 88, 248
-0.998568, 289, 229, 416, 260
-0.998568, 113, 205, 176, 220
-0.998569, 9, 257, 72, 272
-0.998569, 53, 1, 84, 256
-0.99857, 377, 287, 440, 302
-0.998573, 145, 247, 208, 262
-0.998574, 65, 215, 128, 230
-0.998576, 89, 203, 152, 218
-0.998576, 1, 179, 64, 194
-0.998577, 169, 159, 232, 174
-0.998577, 17, 155, 48, 170
-0.998578, 129, 281, 256, 312
-0.998578, 385, 269, 448, 284
-0.998579, 161, 147, 224, 162
-0.998579, 175, 209, 190, 336
-0.99858, 97, 161, 160, 176
-0.99858, 181, 167, 212, 182
-0.998581, 141, 223, 172, 238
-0.998581, 41, 209, 104, 224
-0.998581, 233, 157, 264, 172
-0.998582, 3, 145, 18, 272
-0.998583, 17, 203, 80, 218
-0.998583, 73, 253, 136, 268
-0.998584, 393, 263, 456, 278
-0.998584, 289, 357, 352, 372
-0.998586, 137, 211, 200, 226
-0.998586, 113, 257, 144, 272
-0.998586, 147, 225, 162, 352
-0.998588, 161, 209, 224, 224
-0.998589, 469, 211, 500, 226
-0.99859, 201, 241, 264, 256
-0.998592, 41, 203, 104, 218
-0.998593, 237, 245, 268, 260
-0.998593, 89, 219, 152, 234
-0.998595, 41, 175, 104, 190
-0.998595, 121, 171, 184, 186
-0.998597, 137, 197, 200, 212
-0.998597, 65, 177, 128, 192
-0.998597, 193, 169, 224, 184
-0.998599, 113, 177, 176, 192
-0.998601, 15, 97, 30, 224
-0.998601, 193, 221, 256, 236
-0.998601, 249, 69, 312, 84
-0.998602, 1, 185, 64, 200
-0.998602, 61, 165, 92, 180
-0.998602, 137, 229, 168, 244
-0.998602, 225, 137, 288, 152
-0.998602, 281, 239, 344, 254
-0.998609, 117, 231, 148, 246
-0.998611, 111, 81, 126, 208
-0.998625, 73, 253, 104, 268
-0.998633, 179, 113, 194, 240
-0.998637, 199, 81, 214, 208
-0.998638, 93, 213, 124, 228
-0.99864, 87, 81, 102, 208
-0.998642, 85, 193, 116, 208
-0.998643, 109, 251, 140, 266
-0.998643, 185, 81, 200, 208
-0.998645, 117, 279, 148, 294
-0.998647, 137, 225, 152, 352
-0.998648, 141, 211, 172, 226
-0.998648, 337, 65, 464, 96
-0.998649, 125, 81, 140, 208
-0.998651, 191, 113, 206, 240
-0.998653, 345, 193, 408, 320
-0.998654, 241, 313, 368, 375
-0.998656, 193, 289, 320, 320
-0.998657, 173, 215, 204, 230
-0.998661, 103, 81, 118, 208
-0.998661, 159, 113, 174, 240
-0.998663, 85, 167, 116, 182
-0.998665, 71, 129, 86, 256
-0.99867, 169, 193, 184, 320
-0.998671, 117, 81, 132, 208
-0.998671, 33, 97, 48, 224
-0.998672, 169, 223, 200, 238
-0.998673, 81, 81, 96, 208
-0.998675, 205, 113, 220, 240
-0.998676, 83, 241, 98, 368
-0.998678, 109, 161, 140, 176
-0.99868, 153, 177, 168, 304
-0.99868, 95, 81, 110, 208
-0.998681, 197, 251, 228, 266
-0.998681, 101, 195, 132, 210
-0.998684, 35, 145, 50, 272
-0.998687, 409, 289, 440, 304
-0.998688, 119, 209, 134, 336
-0.998689, 23, 193, 38, 320
-0.99869, 131, 225, 146, 352
-0.998692, 105, 221, 136, 236
-0.998696, 69, 225, 84, 352
-0.998697, 181, 209, 196, 336
-0.998698, 193, 163, 224, 178
-0.9987, 149, 231, 180, 246
-0.9987, 97, 241, 112, 368
-0.998706, 129, 159, 160, 174
-0.998706, 137, 129, 152, 256
-0.998708, 113, 193, 128, 320
-0.998726, 191, 209, 206, 336
-0.998732, 41, 97, 56, 224
-0.998735, 143, 177, 158, 304
-0.998735, 49, 121, 176, 152
-0.998736, 369, 149, 496, 180
-0.998757, 57, 151, 88, 166
-0.998758, 117, 189, 148, 204
-0.998761, 153, 81, 168, 208
-0.998764, 129, 241, 160, 256
-0.998775, 369, 201, 496, 232
-0.998775, 51, 129, 66, 256
-0.998778, 137, 81, 152, 208
-0.998779, 77, 157, 108, 172
-0.99878, 369, 177, 496, 208
-0.99878, 21, 271, 52, 286
-0.998788, 161, 259, 192, 274
-0.998789, 225, 173, 352, 204
-0.998793, 77, 193, 92, 320
-0.998801, 9, 193, 24, 320
-0.998809, 91, 129, 106, 256
-0.99881, 131, 81, 146, 208
-0.998811, 161, 241, 176, 368
-0.998816, 33, 25, 160, 88
-0.998818, 77, 247, 108, 262
-0.998821, 57, 241, 72, 368
-0.998826, 65, 129, 80, 256
-0.998833, 73, 165, 104, 180
-0.998833, 173, 231, 204, 246
-0.998839, 161, 247, 192, 262
-0.998844, 51, 225, 66, 352
-0.998847, 93, 227, 124, 242
-0.998852, 13, 219, 44, 234
-0.998853, 83, 193, 98, 320
-0.998856, 145, 81, 160, 208
-0.99886, 121, 267, 152, 282
-0.998864, 29, 285, 60, 300
-0.998864, 59, 129, 74, 256
-0.998865, 197, 243, 228, 258
-0.998868, 207, 209, 222, 336
-0.998872, 17, 253, 48, 268
-0.998886, 15, 225, 30, 352
-0.998889, 113, 241, 128, 368
-0.998891, 199, 161, 214, 288
-0.998895, 465, 229, 496, 244
-0.998895, 361, 331, 392, 346
-0.998904, 409, 283, 440, 298
-0.998904, 109, 239, 140, 254
-0.998905, 405, 261, 436, 276
-0.998906, 77, 219, 108, 234
-0.998909, 177, 237, 208, 252
-0.998914, 85, 255, 116, 270
-0.998925, 185, 161, 200, 288
-0.998931, 175, 65, 190, 192
-0.998933, 1, 33, 32, 288
-0.998935, 97, 151, 128, 166
-0.998938, 77, 211, 108, 226
-0.998942, 137, 273, 168, 288
-0.998942, 193, 227, 224, 242
-0.998948, 245, 161, 260, 288
-0.99895, 201, 241, 216, 368
-0.998959, 33, 269, 64, 284
-0.99896, 125, 147, 156, 162
-0.998962, 129, 1, 160, 256
-0.998968, 1, 179, 32, 194
-0.998969, 53, 279, 84, 294
-0.99897, 305, 129, 336, 375
-0.99897, 215, 81, 230, 208
-0.998972, 65, 207, 96, 222
-0.998974, 75, 81, 90, 208
-0.998975, 101, 187, 132, 202
-0.998976, 63, 241, 78, 368
-0.998979, 197, 235, 228, 250
-0.99898, 17, 245, 48, 260
-0.998983, 21, 265, 52, 280
-0.998985, 227, 81, 242, 208
-0.998989, 51, 81, 66, 208
-0.998993, 41, 283, 72, 298
-0.998998, 69, 149, 100, 164
-0.999, 193, 17, 320, 80
-0.999, 177, 135, 208, 150
-0.999007, 71, 177, 86, 304
-0.99901, 137, 177, 152, 304
-0.999012, 191, 161, 206, 288
-0.999018, 141, 1, 172, 256
-0.999019, 35, 241, 50, 368
-0.99902, 167, 241, 182, 368
-0.99903, 209, 37, 336, 68
-0.999032, 193, 315, 224, 330
-0.999035, 337, 49, 368, 64
-0.999036, 81, 199, 112, 214
-0.999041, 337, 305, 464, 336
-0.999042, 353, 33, 368, 160
-0.999047, 337, 37, 464, 68
-0.999048, 289, 217, 416, 248
-0.999048, 5, 189, 36, 204
-0.999048, 1, 1, 256, 64
-0.999054, 157, 137, 188, 152
-0.999056, 89, 221, 120, 236
-0.999057, 97, 233, 128, 248
-0.999066, 81, 261, 112, 276
-0.999069, 305, 133, 432, 164
-0.99907, 65, 321, 192, 352
-0.999072, 1, 97, 16, 224
-0.999076, 369, 165, 496, 196
-0.999081, 423, 241, 438, 368
-0.999083, 169, 65, 184, 192
-0.999086, 45, 241, 60, 368
-0.999086, 257, 197, 384, 228
-0.99909, 49, 81, 176, 112
-0.999099, 163, 65, 178, 192
-0.9991, 353, 237, 480, 268
-0.999101, 127, 177, 142, 304
-0.999109, 105, 267, 136, 282
-0.99911, 193, 65, 208, 192
-0.999111, 337, 77, 464, 108
-0.999116, 341, 33, 356, 160
-0.999121, 149, 239, 180, 254
-0.999123, 331, 33, 346, 160
-0.999123, 61, 213, 92, 228
-0.999123, 137, 141, 168, 156
-0.999125, 205, 65, 220, 192
-0.999126, 415, 241, 430, 368
-0.999136, 175, 161, 190, 288
-0.999137, 59, 81, 74, 208
-0.999148, 237, 227, 268, 242
-0.999155, 237, 209, 252, 336
-0.999156, 41, 193, 56, 320
-0.999158, 347, 33, 362, 160
-0.999163, 169, 1, 200, 256
-0.999164, 273, 345, 400, 375
-0.999169, 197, 257, 228, 272
-0.999169, 403, 241, 418, 368
-0.99918, 41, 145, 56, 272
-0.999184, 237, 161, 252, 288
-0.999186, 257, 289, 384, 352
-0.999191, 463, 113, 478, 240
-0.999194, 69, 81, 84, 208
-0.999195, 321, 129, 384, 375
-0.9992, 273, 145, 400, 176
-0.999202, 367, 49, 382, 176
-0.999202, 257, 317, 384, 348
-0.999214, 9, 207, 40, 222
-0.999215, 153, 253, 184, 268
-0.999219, 65, 177, 80, 304
-0.999227, 305, 249, 432, 280
-0.999232, 397, 291, 428, 306
-0.999245, 207, 161, 222, 288
-0.999251, 251, 161, 266, 288
-0.999252, 305, 33, 320, 160
-0.999266, 77, 205, 108, 220
-0.999267, 261, 49, 276, 176
-0.999269, 369, 97, 496, 128
-0.999276, 153, 219, 184, 234
-0.99928, 471, 129, 486, 256
-0.999281, 453, 227, 484, 242
-0.999281, 59, 177, 74, 304
-0.999283, 161, 231, 192, 246
-0.999284, 193, 269, 320, 300
-0.99929, 289, 1, 416, 64
-0.999296, 311, 33, 326, 160
-0.999299, 21, 241, 36, 368
-0.9993, 89, 161, 120, 176
-0.999301, 277, 49, 292, 176
-0.999304, 485, 209, 500, 336
-0.999306, 177, 263, 208, 278
-0.999314, 321, 1, 336, 128
-0.999318, 109, 155, 140, 170
-0.99932, 383, 65, 398, 192
-0.99932, 397, 241, 412, 368
-0.999323, 17, 239, 48, 254
-0.999331, 149, 267, 180, 282
-0.999332, 417, 81, 432, 208
-0.999356, 65, 333, 192, 364
-0.999364, 97, 255, 128, 270
-0.999374, 105, 279, 136, 294
-0.999374, 109, 245, 140, 260
-0.999376, 125, 225, 156, 240
-0.999379, 1, 159, 32, 174
-0.999382, 225, 345, 352, 375
-0.999391, 5, 199, 36, 214
-0.999397, 161, 57, 288, 88
-0.999417, 61, 285, 92, 300
-0.999422, 9, 213, 40, 228
-0.999433, 81, 269, 112, 284
-0.999439, 289, 121, 416, 152
-0.999451, 273, 161, 400, 192
-0.999452, 1, 125, 128, 156
-0.999455, 113, 329, 240, 360
-0.999456, 73, 283, 104, 298
-0.99946, 149, 261, 180, 276
-0.999462, 125, 273, 156, 288
-0.999465, 17, 345, 144, 375
-0.999478, 65, 297, 192, 328
-0.99948, 97, 81, 224, 112
-0.999493, 13, 233, 44, 248
-0.999496, 1, 89, 128, 120
-0.999506, 153, 225, 184, 240
-0.999531, 369, 189, 496, 220
-0.999534, 89, 247, 120, 262
-0.999538, 173, 257, 204, 272
-0.999543, 33, 291, 64, 306
-0.999547, 13, 227, 44, 242
-0.999555, 305, 185, 432, 216
-0.999557, 45, 289, 76, 304
-0.999568, 225, 253, 352, 284
-0.999582, 125, 141, 156, 156
-0.999595, 153, 1, 184, 256
-0.999627, 1, 49, 128, 112
-0.999667, 161, 265, 192, 280
-0.999681, 93, 241, 124, 256
-0.999687, 65, 309, 192, 340
-0.999688, 113, 145, 144, 160
-0.999696, 81, 149, 112, 164
-0.999712, 257, 129, 288, 375
-0.999721, 125, 247, 156, 262
-0.999748, 185, 255, 216, 270
-0.999766, 193, 133, 224, 148
-0.999767, 31, 259, 46, 274
-0.999767, 179, 229, 194, 244
-0.999767, 185, 135, 200, 150
-0.999767, 115, 191, 130, 206
-0.999767, 111, 279, 126, 294
-0.999768, 39, 269, 54, 284
-0.999768, 129, 161, 144, 176
-0.999768, 111, 143, 126, 158
-0.999768, 423, 277, 438, 292
-0.999768, 85, 245, 100, 260
-0.999768, 149, 251, 164, 266
-0.999768, 5, 179, 20, 194
-0.999768, 133, 149, 148, 164
-0.999768, 103, 167, 118, 182
-0.999769, 409, 289, 424, 304
-0.999769, 193, 133, 208, 148
-0.999769, 123, 223, 138, 238
-0.999769, 155, 225, 170, 240
-0.999769, 133, 155, 148, 170
-0.999769, 129, 277, 144, 292
-0.999769, 89, 253, 104, 268
-0.999769, 99, 147, 114, 162
-0.99977, 155, 237, 170, 252
-0.99977, 117, 257, 132, 272
-0.99977, 207, 237, 222, 252
-0.99977, 123, 229, 138, 244
-0.99977, 29, 291, 44, 306
-0.99977, 53, 281, 68, 296
-0.99977, 149, 229, 164, 244
-0.99977, 139, 243, 154, 258
-0.99977, 173, 233, 188, 248
-0.999771, 45, 267, 60, 282
-0.999771, 73, 149, 88, 164
-0.999771, 147, 265, 162, 280
-0.999771, 109, 269, 124, 284
-0.999771, 155, 269, 170, 284
-0.999771, 147, 245, 162, 260
-0.999771, 121, 277, 136, 292
-0.999771, 25, 253, 40, 268
-0.999771, 145, 271, 160, 286
-0.999772, 107, 239, 122, 254
-0.999772, 155, 231, 170, 246
-0.999772, 163, 253, 178, 268
-0.999772, 151, 139, 166, 154
-0.999772, 95, 213, 110, 228
-0.999772, 137, 273, 152, 288
-0.999772, 127, 149, 142, 164
-0.999772, 163, 227, 178, 242
-0.999772, 97, 273, 112, 288
-0.999772, 73, 207, 88, 222
-0.999772, 179, 135, 194, 150
-0.999772, 115, 265, 130, 280
-0.999773, 85, 159, 100, 174
-0.999773, 77, 275, 92, 290
-0.999773, 115, 249, 130, 264
-0.999773, 165, 137, 180, 152
-0.999774, 183, 253, 198, 268
-0.999774, 81, 203, 96, 218
-0.999774, 161, 219, 176, 234
-0.999774, 41, 291, 56, 306
-0.999774, 9, 199, 24, 214
-0.999774, 97, 261, 112, 276
-0.999774, 93, 199, 108, 214
-0.999775, 95, 247, 110, 262
-0.999775, 141, 265, 156, 280
-0.999775, 171, 137, 186, 152
-0.999775, 7, 189, 22, 204
-0.999775, 85, 265, 100, 280
-0.999775, 123, 253, 138, 268
-0.999775, 23, 229, 38, 244
-0.999775, 97, 267, 112, 282
-0.999775, 23, 217, 38, 232
-0.999776, 101, 237, 116, 252
-0.999776, 205, 131, 220, 146
-0.999776, 17, 227, 32, 242
-0.999776, 127, 247, 142, 262
-0.999777, 25, 235, 40, 250
-0.999777, 73, 277, 104, 292
-0.999777, 19, 209, 34, 224
-0.999777, 199, 259, 214, 274
-0.999777, 117, 145, 132, 160
-0.999778, 207, 255, 222, 270
-0.999778, 93, 269, 124, 284
-0.999778, 117, 227, 132, 242
-0.999778, 157, 243, 172, 258
-0.999778, 167, 221, 182, 236
-0.999778, 19, 201, 34, 216
-0.999779, 155, 251, 170, 266
-0.999779, 17, 193, 32, 208
-0.999779, 29, 265, 44, 280
-0.999779, 173, 255, 188, 270
-0.99978, 79, 149, 94, 164
-0.99978, 415, 289, 430, 304
-0.99978, 29, 271, 44, 286
-0.99978, 91, 259, 106, 274
-0.99978, 85, 215, 100, 230
-0.999781, 57, 287, 72, 302
-0.999781, 85, 209, 100, 224
-0.999781, 35, 291, 50, 306
-0.999781, 93, 279, 108, 294
-0.999781, 149, 247, 180, 262
-0.999781, 109, 227, 124, 242
-0.999781, 87, 149, 102, 164
-0.999782, 47, 289, 62, 304
-0.999782, 91, 273, 106, 288
-0.999782, 99, 279, 114, 294
-0.999782, 165, 247, 180, 262
-0.999782, 139, 141, 154, 156
-0.999782, 173, 265, 188, 280
-0.999782, 105, 259, 120, 274
-0.999782, 105, 145, 120, 160
-0.999782, 133, 243, 148, 258
-0.999783, 67, 285, 82, 300
-0.999783, 91, 205, 106, 220
-0.999783, 131, 269, 146, 284
-0.999784, 153, 261, 168, 276
-0.999784, 91, 241, 106, 256
-0.999784, 1, 159, 16, 174
-0.999785, 189, 257, 204, 272
-0.999785, 419, 283, 434, 298
-0.999785, 179, 259, 194, 274
-0.999785, 133, 141, 148, 156
-0.999785, 99, 255, 114, 270
-0.999786, 105, 251, 120, 266
-0.999786, 93, 147, 108, 162
-0.999787, 125, 271, 140, 286
-0.999788, 83, 271, 98, 286
-0.999788, 123, 143, 138, 158
-0.999788, 163, 265, 178, 280
-0.999789, 105, 275, 120, 290
-0.999789, 115, 273, 130, 288
-0.999793, 77, 281, 92, 296
-0.999794, 93, 261, 124, 276
-0.999795, 87, 279, 102, 294
-0.999814, 93, 279, 124, 294
-0.999819, 105, 227, 136, 242
-0.999856, 133, 265, 164, 280
-0.999871, 101, 145, 132, 160
-0.999906, 433, 1, 464, 256
-0.999907, 293, 129, 324, 375
-0.999909, 445, 1, 476, 256
-0.999913, 225, 33, 256, 288
-0.999929, 469, 33, 500, 288
-1.00004, 113, 273, 144, 288
-1.00012, 325, 129, 356, 375
-1.00041, 457, 1, 488, 256
-1.0005, 281, 129, 312, 375
-1.00055, 1, 9, 500, 72
-1.00112, 357, 129, 388, 375
-1.00113, 269, 129, 300, 375
-1.00122, 337, 129, 368, 375
-1.00123, 129, 41, 256, 104
-1.00135, 241, 1, 368, 64
-1.00199, 81, 25, 208, 88
-1.00286, 81, 1, 208, 64
-1.00307, 193, 313, 320, 375
-1.00397, 129, 1, 256, 64
-1.00485, 433, 1, 496, 128
