1902
-0.397665, 1, 161, 318, 416
-0.572637, 65, 161, 318, 416
-0.613686, 1, 1, 256, 480
-0.657688, 1, 1, 318, 480
-0.779832, 65, 65, 318, 320
-0.810943, 1, 65, 318, 320
-0.830324, 97, 129, 224, 384
-0.858544, 1, 225, 318, 352
-0.876096, 145, 193, 272, 448
-0.883684, 97, 1, 224, 480
-0.885403, 97, 225, 224, 480
-0.888921, 49, 225, 176, 480
-0.890755, 193, 225, 318, 480
-0.892229, 1, 177, 318, 304
-0.892511, 49, 129, 176, 384
-0.900587, 1, 353, 318, 480
-0.901594, 1, 273, 318, 400
-0.90265, 17, 1, 144, 480
-0.906018, 193, 1, 318, 480
-0.906559, 65, 225, 318, 352
-0.908623, 145, 1, 272, 480
-0.91132, 1, 225, 128, 480
-0.91265, 193, 129, 318, 384
-0.920338, 65, 177, 318, 304
-0.921133, 1, 129, 128, 384
-0.922145, 81, 33, 208, 288
-0.925237, 81, 193, 208, 320
-0.925347, 145, 97, 272, 352
-0.929031, 193, 257, 318, 384
-0.929723, 81, 145, 208, 272
-0.930726, 1, 273, 256, 400
-0.934305, 113, 97, 176, 224
-0.936076, 17, 33, 144, 288
-0.937374, 81, 257, 208, 384
-0.937501, 249, 257, 312, 384
-0.940565, 33, 257, 160, 384
-0.940825, 145, 241, 272, 368
-0.941565, 217, 241, 280, 368
-0.941817, 33, 353, 288, 480
-0.942227, 89, 193, 152, 320
-0.942424, 145, 177, 208, 304
-0.945415, 129, 1, 256, 256
-0.945801, 153, 225, 216, 352
-0.94609, 193, 257, 256, 384
-0.947187, 97, 321, 224, 448
-0.947555, 65, 257, 128, 384
-0.949977, 105, 145, 168, 272
-0.95074, 97, 337, 160, 464
-0.951261, 129, 321, 192, 448
-0.951541, 65, 129, 318, 256
-0.951917, 97, 97, 224, 224
-0.952715, 161, 305, 288, 432
-0.953469, 129, 353, 192, 416
-0.955289, 129, 177, 256, 304
-0.955501, 129, 225, 192, 352
-0.955704, 129, 329, 192, 392
-0.955939, 33, 209, 160, 336
-0.956801, 137, 129, 200, 256
-0.956847, 105, 273, 168, 400
-0.957995, 33, 305, 160, 432
-0.960391, 145, 417, 208, 480
-0.960592, 105, 337, 168, 400
-0.960611, 113, 417, 176, 480
-0.960858, 169, 353, 232, 416
-0.961632, 73, 417, 136, 480
-0.961955, 161, 329, 224, 392
-0.962624, 73, 305, 136, 432
-0.96269, 129, 377, 192, 440
-0.963089, 169, 305, 232, 432
-0.963184, 89, 209, 152, 272
-0.963273, 1, 81, 318, 208
-0.963273, 105, 105, 168, 168
-0.963306, 145, 353, 272, 480
-0.963773, 105, 145, 168, 208
-0.963921, 65, 289, 128, 352
-0.964199, 233, 417, 296, 480
-0.964267, 97, 417, 224, 480
-0.964273, 81, 337, 144, 400
-0.964531, 25, 257, 88, 384
-0.964749, 49, 353, 176, 480
-0.964888, 257, 417, 318, 480
-0.964921, 81, 209, 208, 272
-0.965008, 169, 417, 232, 480
-0.965101, 97, 329, 224, 392
-0.965183, 113, 233, 240, 296
-0.965216, 105, 393, 168, 456
-0.965297, 153, 233, 216, 296
-0.96558, 97, 353, 224, 416
-0.965587, 97, 361, 160, 424
-0.965633, 81, 153, 208, 216
-0.965961, 217, 289, 280, 416
-0.965967, 201, 417, 264, 480
-0.966188, 165, 337, 196, 400
-0.966203, 185, 313, 248, 376
-0.966212, 25, 401, 88, 464
-0.966262, 81, 257, 144, 320
-0.966297, 137, 137, 200, 200
-0.966519, 137, 209, 200, 272
-0.966881, 257, 209, 318, 336
-0.967291, 1, 377, 64, 440
-0.967377, 49, 97, 176, 224
-0.967475, 177, 353, 208, 416
-0.967527, 141, 329, 172, 392
-0.967598, 145, 353, 272, 416
-0.967781, 1, 129, 318, 256
-0.967785, 177, 417, 304, 480
-0.967845, 169, 377, 232, 440
-0.967862, 97, 185, 160, 248
-0.967934, 257, 273, 318, 336
-0.96832, 137, 161, 200, 224
-0.968628, 193, 33, 318, 288
-0.968634, 65, 81, 318, 208
-0.968665, 89, 313, 152, 376
-0.969125, 49, 409, 112, 472
-0.96915, 225, 337, 288, 400
-0.969159, 201, 353, 264, 416
-0.969225, 217, 249, 280, 312
-0.969447, 125, 353, 156, 416
-0.969587, 33, 337, 160, 400
-0.969884, 169, 417, 200, 480
-0.970043, 121, 241, 184, 304
-0.970064, 249, 353, 312, 416
-0.970086, 25, 337, 88, 400
-0.970162, 1, 241, 64, 368
-0.970166, 193, 305, 256, 432
-0.970188, 193, 249, 256, 312
-0.970229, 109, 113, 140, 240
-0.970277, 137, 353, 168, 416
-0.970481, 145, 185, 208, 248
-0.970501, 193, 289, 256, 352
-0.970611, 153, 353, 216, 480
-0.970834, 113, 97, 176, 352
-0.970917, 49, 337, 112, 400
-0.971026, 257, 249, 318, 312
-0.971217, 193, 209, 318, 336
-0.971236, 249, 305, 312, 368
-0.971365, 145, 329, 272, 392
-0.971505, 145, 129, 208, 384
-0.971532, 17, 409, 144, 472
-0.971533, 1, 329, 64, 392
-0.971557, 177, 209, 240, 336
-0.971618, 129, 273, 192, 400
-0.971647, 73, 361, 136, 424
-0.971697, 1, 353, 64, 416
-0.971896, 65, 249, 192, 312
-0.97196, 41, 377, 104, 440
-0.972037, 1, 401, 64, 464
-0.972245, 157, 417, 188, 480
-0.972284, 129, 329, 160, 392
-0.97239, 217, 313, 280, 376
-0.972413, 81, 185, 208, 248
-0.972427, 121, 185, 184, 248
-0.972557, 153, 353, 184, 416
-0.972587, 105, 265, 168, 328
-0.972646, 153, 329, 184, 392
-0.972928, 161, 145, 192, 272
-0.972996, 65, 313, 128, 376
-0.973022, 161, 305, 288, 368
-0.973166, 49, 265, 112, 328
-0.97329, 177, 353, 240, 480
-0.973328, 161, 305, 224, 368
-0.973539, 97, 129, 224, 192
-0.973542, 177, 329, 208, 392
-0.973618, 133, 97, 164, 224
-0.973699, 85, 417, 116, 480
-0.973722, 249, 329, 312, 392
-0.973795, 161, 161, 192, 224
-0.973832, 165, 361, 196, 424
-0.973844, 193, 249, 318, 312
-0.973926, 41, 313, 104, 376
-0.973996, 217, 273, 280, 336
-0.974048, 145, 129, 176, 192
-0.974216, 177, 225, 208, 352
-0.97426, 81, 193, 144, 448
-0.97433, 129, 97, 160, 160
-0.974546, 193, 313, 224, 376
-0.974585, 81, 145, 144, 272
-0.974598, 89, 233, 152, 296
-0.974605, 33, 313, 160, 376
-0.974746, 177, 225, 240, 288
-0.974808, 289, 417, 318, 480
-0.974839, 233, 377, 296, 440
-0.974841, 97, 409, 128, 472
-0.974848, 113, 337, 144, 400
-0.974888, 241, 305, 304, 432
-0.975119, 161, 161, 224, 224
-0.975181, 145, 257, 208, 320
-0.975183, 81, 385, 144, 448
-0.975356, 113, 241, 144, 368
-0.975479, 1, 1, 318, 128
-0.975546, 149, 129, 180, 256
-0.975549, 169, 257, 232, 320
-0.975571, 197, 257, 228, 384
-0.975611, 65, 209, 128, 336
-0.975734, 137, 409, 168, 472
-0.975758, 193, 377, 256, 440
-0.975787, 41, 289, 104, 352
-0.975884, 25, 305, 88, 432
-0.976043, 257, 377, 318, 440
-0.976103, 105, 289, 168, 352
-0.976274, 93, 193, 124, 320
-0.976318, 213, 417, 244, 480
-0.976368, 109, 121, 140, 184
-0.976393, 81, 129, 144, 192
-0.976487, 81, 289, 208, 352
-0.976662, 113, 337, 144, 464
-0.976818, 73, 417, 104, 480
-0.976832, 165, 193, 196, 320
-0.976918, 37, 401, 68, 464
-0.976949, 113, 361, 144, 424
-0.977016, 25, 257, 88, 320
-0.977016, 169, 161, 232, 288
-0.977058, 177, 225, 208, 288
-0.977281, 105, 193, 136, 320
-0.977311, 49, 361, 176, 424
-0.977381, 129, 113, 192, 176
-0.977412, 109, 409, 140, 472
-0.977535, 125, 305, 156, 432
-0.977562, 101, 329, 132, 392
-0.977619, 181, 417, 212, 480
-0.977674, 105, 185, 136, 248
-0.977682, 17, 305, 80, 368
-0.977772, 125, 409, 156, 472
-0.977864, 49, 401, 80, 464
-0.977903, 177, 281, 304, 344
-0.978065, 273, 417, 304, 480
-0.9781, 261, 417, 292, 480
-0.978148, 165, 393, 196, 456
-0.978257, 1, 377, 32, 440
-0.978259, 125, 377, 156, 440
-0.978264, 73, 241, 104, 368
-0.978265, 137, 305, 200, 368
-0.978416, 165, 185, 196, 248
-0.97849, 33, 289, 160, 352
-0.978505, 1, 161, 128, 288
-0.97851, 113, 225, 176, 480
-0.97853, 73, 273, 104, 336
-0.978643, 81, 153, 144, 216
-0.978697, 97, 377, 224, 440
-0.978742, 177, 377, 208, 440
-0.978827, 93, 289, 124, 416
-0.978884, 241, 241, 272, 368
-0.97919, 185, 225, 248, 480
-0.979226, 41, 233, 104, 296
-0.979255, 289, 225, 318, 352
-0.979264, 21, 377, 52, 440
-0.979268, 177, 185, 240, 248
-0.9794, 233, 225, 296, 288
-0.979413, 49, 305, 112, 432
-0.979416, 193, 345, 318, 408
-0.979426, 109, 153, 140, 216
-0.979443, 137, 377, 168, 440
-0.979478, 89, 209, 120, 272
-0.979631, 113, 313, 144, 376
-0.979679, 189, 353, 220, 416
-0.979716, 129, 241, 160, 304
-0.979864, 277, 225, 308, 352
-0.979878, 201, 417, 232, 480
-0.980045, 25, 401, 56, 464
-0.980116, 65, 233, 128, 296
-0.980188, 153, 225, 216, 480
-0.980222, 193, 377, 318, 440
-0.980282, 113, 257, 240, 320
-0.980398, 89, 241, 120, 368
-0.980405, 1, 241, 64, 304
-0.980437, 97, 105, 224, 168
-0.980439, 177, 161, 304, 288
-0.980455, 73, 177, 136, 240
-0.980467, 145, 385, 272, 448
-0.980571, 149, 321, 180, 448
-0.980581, 225, 417, 256, 480
-0.980607, 89, 97, 152, 352
-0.980666, 201, 353, 264, 480
-0.980675, 33, 377, 64, 440
-0.980679, 217, 353, 248, 416
-0.980769, 1, 377, 128, 440
-0.980922, 257, 225, 318, 288
-0.98098, 121, 81, 152, 208
-0.981055, 245, 353, 276, 416
-0.981208, 233, 353, 264, 416
-0.981289, 205, 353, 236, 416
-0.981301, 113, 209, 176, 272
-0.981367, 113, 289, 144, 352
-0.981428, 121, 265, 152, 328
-0.981489, 93, 297, 124, 360
-0.981505, 1, 241, 128, 304
-0.981631, 61, 417, 92, 480
-0.981683, 265, 241, 296, 368
-0.981697, 249, 353, 312, 480
-0.981704, 261, 353, 292, 416
-0.981808, 1, 353, 32, 416
-0.982017, 153, 281, 216, 344
-0.98203, 129, 225, 160, 352
-0.982193, 121, 145, 152, 272
-0.982214, 81, 329, 112, 392
-0.98226, 45, 377, 76, 440
-0.982289, 89, 97, 152, 224
-0.982349, 1, 265, 64, 328
-0.982359, 13, 353, 44, 416
-0.982407, 209, 241, 240, 368
-0.982407, 237, 417, 268, 480
-0.982428, 201, 225, 264, 288
-0.98252, 285, 329, 316, 392
-0.982553, 137, 273, 168, 400
-0.98257, 61, 289, 92, 352
-0.98259, 49, 337, 80, 400
-0.982599, 121, 121, 152, 184
-0.98265, 177, 177, 208, 304
-0.982677, 257, 193, 318, 448
-0.982727, 289, 361, 318, 424
-0.98276, 277, 249, 308, 312
-0.982824, 65, 337, 96, 400
-0.982837, 189, 305, 220, 432
-0.982837, 149, 185, 180, 248
-0.982864, 57, 193, 120, 448
-0.982924, 141, 161, 172, 224
-0.982951, 277, 353, 308, 416
-0.983086, 125, 353, 156, 480
-0.983092, 81, 249, 112, 312
-0.983127, 25, 337, 56, 400
-0.983165, 153, 105, 216, 168
-0.983199, 37, 337, 68, 400
-0.983201, 161, 137, 192, 200
-0.983341, 233, 329, 264, 392
-0.983359, 145, 81, 272, 208
-0.983371, 57, 257, 88, 384
-0.983383, 53, 313, 84, 376
-0.983413, 217, 225, 280, 480
-0.983442, 249, 313, 280, 376
-0.983505, 289, 273, 318, 336
-0.98355, 33, 217, 160, 280
-0.983695, 289, 273, 318, 400
-0.98372, 193, 225, 318, 288
-0.983899, 225, 241, 256, 368
-0.983909, 9, 329, 40, 392
-0.983955, 113, 385, 144, 448
-0.983958, 65, 209, 128, 272
-0.98402, 129, 145, 160, 208
-0.984112, 217, 329, 248, 392
-0.984138, 73, 353, 136, 480
-0.984142, 145, 177, 176, 304
-0.984304, 1, 225, 32, 352
-0.984309, 109, 265, 140, 328
-0.984339, 165, 305, 196, 432
-0.984381, 13, 401, 44, 464
-0.984534, 93, 353, 124, 416
-0.984658, 57, 361, 88, 424
-0.984667, 145, 81, 208, 144
-0.984726, 17, 265, 144, 328
-0.984752, 149, 377, 180, 440
-0.984772, 73, 361, 104, 424
-0.984871, 169, 129, 232, 384
-0.984925, 57, 129, 120, 192
-0.984935, 65, 105, 128, 168
-0.984997, 117, 177, 148, 240
-0.985021, 253, 289, 284, 352
-0.985105, 49, 385, 176, 448
-0.985149, 177, 137, 240, 200
-0.985286, 249, 201, 312, 264
-0.985331, 137, 217, 168, 280
-0.985361, 85, 273, 116, 336
-0.985412, 205, 329, 236, 392
-0.985494, 165, 313, 196, 376
-0.98561, 113, 1, 176, 256
-0.985663, 249, 417, 280, 480
-0.985722, 193, 257, 224, 320
-0.985779, 289, 225, 318, 288
-0.985859, 277, 305, 308, 368
-0.985909, 1, 321, 64, 448
-0.98596, 273, 329, 304, 392
-0.986006, 257, 177, 318, 240
-0.986012, 129, 281, 192, 344
-0.986089, 145, 161, 272, 224
-0.986113, 105, 289, 136, 416
-0.986215, 113, 1, 176, 480
-0.986216, 133, 145, 164, 272
-0.986248, 189, 377, 220, 440
-0.986416, 177, 353, 208, 480
-0.986434, 49, 129, 176, 192
-0.986445, 161, 209, 192, 272
-0.986492, 101, 337, 132, 464
-0.986516, 249, 289, 280, 416
-0.986517, 101, 209, 132, 272
-0.986543, 277, 377, 308, 440
-0.986589, 261, 313, 292, 376
-0.986628, 181, 305, 212, 368
-0.986673, 129, 209, 256, 272
-0.986674, 81, 81, 144, 144
-0.986742, 201, 289, 232, 352
-0.986742, 61, 385, 92, 448
-0.986747, 153, 257, 184, 384
-0.986751, 49, 185, 112, 248
-0.986812, 65, 313, 96, 376
-0.986896, 49, 105, 176, 168
-0.986947, 285, 321, 316, 448
-0.986963, 121, 81, 184, 144
-0.986985, 153, 81, 216, 208
-0.98724, 93, 249, 124, 312
-0.987264, 137, 33, 200, 288
-0.987342, 181, 249, 212, 312
-0.987532, 129, 381, 192, 412
-0.987573, 145, 1, 208, 480
-0.987624, 253, 377, 284, 440
-0.98771, 65, 417, 318, 480
-0.987711, 137, 321, 168, 448
-0.987716, 41, 209, 104, 272
-0.98776, 57, 153, 120, 216
-0.987762, 149, 249, 180, 312
-0.98786, 233, 305, 264, 368
-0.987866, 57, 265, 88, 328
-0.987918, 193, 353, 318, 480
-0.987966, 65, 97, 128, 224
-0.987993, 113, 209, 144, 272
-0.988004, 265, 377, 296, 440
-0.988024, 129, 437, 192, 468
-0.988054, 177, 289, 208, 416
-0.988087, 129, 185, 256, 248
-0.9881, 141, 105, 172, 168
-0.988166, 289, 305, 318, 368
-0.988169, 17, 169, 144, 232
-0.988216, 201, 129, 264, 384
-0.988349, 213, 249, 244, 312
-0.98839, 1, 401, 32, 464
-0.988423, 13, 225, 44, 352
-0.988436, 229, 377, 260, 440
-0.988445, 105, 125, 168, 156
-0.988456, 85, 377, 116, 440
-0.988483, 129, 369, 192, 400
-0.988523, 137, 353, 200, 384
-0.988578, 177, 201, 208, 264
-0.988627, 89, 441, 152, 472
-0.988658, 57, 445, 120, 476
-0.988762, 105, 145, 168, 176
-0.988777, 129, 289, 160, 352
-0.988783, 185, 161, 248, 224
-0.988805, 41, 193, 104, 320
-0.988812, 121, 337, 184, 368
-0.988851, 145, 425, 208, 456
-0.988986, 137, 205, 200, 236
-0.988992, 33, 257, 64, 384
-0.989035, 45, 257, 76, 384
-0.989061, 141, 225, 172, 352
-0.989108, 33, 449, 96, 480
-0.989135, 113, 421, 176, 452
-0.989152, 257, 441, 318, 472
-0.989157, 97, 201, 160, 232
-0.989271, 105, 369, 168, 400
-0.989331, 201, 193, 264, 320
-0.989412, 97, 337, 160, 368
-0.989451, 1, 405, 64, 436
-0.989463, 113, 357, 176, 388
-0.989483, 33, 409, 96, 440
-0.989493, 169, 369, 232, 400
-0.989502, 1, 353, 256, 416
-0.98957, 153, 337, 216, 368
-0.989629, 81, 257, 144, 288
-0.989658, 113, 253, 176, 284
-0.989695, 65, 293, 128, 324
-0.989713, 9, 449, 72, 480
-0.989753, 185, 441, 248, 472
-0.989785, 209, 421, 272, 452
-0.989785, 17, 217, 80, 280
-0.989817, 169, 381, 232, 412
-0.989821, 161, 357, 224, 388
-0.989835, 249, 417, 312, 448
-0.989875, 89, 429, 152, 460
-0.989893, 129, 141, 192, 172
-0.989897, 81, 269, 144, 300
-0.989898, 113, 105, 176, 136
-0.989915, 65, 329, 318, 392
-0.98992, 89, 417, 152, 448
-0.98994, 169, 425, 232, 456
-0.989953, 137, 181, 200, 212
-0.989985, 153, 437, 216, 468
-0.990009, 257, 429, 318, 460
-0.990018, 257, 97, 318, 352
-0.99002, 57, 413, 120, 444
-0.990093, 161, 245, 224, 276
-0.990142, 261, 289, 292, 416
-0.990159, 177, 337, 240, 368
-0.990246, 233, 129, 296, 384
-0.990267, 233, 297, 296, 328
-0.99032, 65, 305, 96, 432
-0.990334, 233, 433, 296, 464
-0.990347, 177, 257, 240, 288
-0.990388, 145, 137, 272, 200
-0.990448, 233, 193, 296, 320
-0.990462, 257, 269, 318, 300
-0.990497, 185, 325, 248, 356
-0.990505, 81, 369, 144, 400
-0.990547, 201, 249, 264, 280
-0.990557, 65, 201, 318, 264
-0.990576, 65, 305, 128, 336
-0.990583, 13, 273, 44, 400
-0.990586, 129, 449, 192, 480
-0.990589, 73, 333, 136, 364
-0.990592, 49, 281, 112, 312
-0.990605, 89, 381, 152, 412
-0.990607, 65, 429, 128, 460
-0.990621, 257, 285, 318, 316
-0.990652, 185, 349, 248, 380
-0.99066, 225, 353, 288, 480
-0.990669, 129, 153, 192, 184
-0.990693, 145, 413, 208, 444
-0.990697, 225, 337, 288, 368
-0.990705, 89, 213, 152, 244
-0.990729, 113, 189, 176, 220
-0.990745, 249, 257, 312, 288
-0.990747, 49, 97, 112, 352
-0.990771, 49, 353, 112, 480
-0.990777, 169, 1, 232, 480
-0.99078, 137, 165, 200, 196
-0.990806, 73, 349, 136, 380
-0.990816, 153, 233, 216, 264
-0.990828, 257, 337, 318, 368
-0.990888, 25, 337, 88, 368
-0.990889, 189, 209, 220, 336
-0.990897, 81, 237, 144, 268
-0.990902, 65, 305, 318, 368
-0.990911, 129, 393, 192, 424
-0.990911, 201, 321, 232, 448
-0.990919, 137, 217, 200, 248
-0.990925, 225, 449, 288, 480
-0.990934, 169, 413, 232, 444
-0.990935, 137, 193, 200, 224
-0.990938, 53, 305, 84, 432
-0.990954, 257, 369, 318, 400
-0.99098, 249, 309, 312, 340
-0.990987, 193, 313, 256, 344
-0.990991, 1, 225, 64, 480
-0.991021, 201, 337, 264, 368
-0.991036, 193, 301, 256, 332
-0.991039, 1, 233, 256, 296
-0.991053, 201, 369, 264, 400
-0.991054, 101, 241, 132, 368
-0.991066, 105, 169, 168, 200
-0.991071, 9, 369, 72, 400
-0.991113, 33, 369, 96, 400
-0.99112, 177, 113, 240, 240
-0.991129, 233, 369, 296, 400
-0.99114, 57, 369, 120, 400
-0.991151, 161, 325, 224, 356
-0.991194, 33, 421, 96, 452
-0.991196, 145, 265, 208, 296
-0.991216, 49, 337, 112, 368
-0.991233, 161, 177, 224, 208
-0.991241, 65, 385, 318, 448
-0.991261, 73, 317, 136, 348
-0.991273, 1, 337, 64, 368
-0.991308, 213, 289, 244, 416
-0.991332, 249, 325, 312, 356
-0.991338, 81, 225, 144, 256
-0.991376, 129, 129, 192, 160
-0.991398, 277, 273, 308, 400
-0.991398, 105, 325, 168, 356
-0.991403, 89, 1, 152, 480
-0.99148, 217, 273, 280, 304
-0.991488, 1, 417, 64, 448
-0.991491, 73, 1, 136, 256
-0.991525, 105, 157, 168, 188
-0.991539, 1, 273, 32, 400
-0.991552, 209, 437, 272, 468
-0.991552, 105, 405, 168, 436
-0.99156, 217, 309, 280, 340
-0.991566, 105, 305, 168, 336
-0.991567, 73, 281, 136, 312
-0.991602, 129, 237, 192, 268
-0.991646, 25, 353, 88, 480
-0.991707, 125, 353, 156, 384
-0.991725, 289, 177, 318, 304
-0.991745, 97, 145, 128, 272
-0.991765, 105, 393, 168, 424
-0.991766, 129, 281, 256, 344
-0.991786, 161, 189, 224, 220
-0.991807, 217, 285, 280, 316
-0.991808, 137, 353, 152, 416
-0.991824, 257, 1, 318, 480
-0.991831, 153, 81, 184, 208
-0.991849, 257, 245, 318, 276
-0.99186, 41, 305, 104, 336
-0.99187, 177, 353, 192, 416
-0.991871, 105, 293, 168, 324
-0.99188, 165, 241, 196, 368
-0.991887, 173, 425, 204, 456
-0.991888, 189, 353, 220, 480
-0.991897, 193, 273, 256, 304
-0.991918, 225, 325, 288, 356
-0.991918, 117, 441, 148, 472
-0.991926, 33, 257, 288, 320
-0.991932, 273, 337, 304, 464
-0.991935, 121, 265, 184, 296
-0.991937, 17, 301, 80, 332
-0.991948, 161, 213, 224, 244
-0.991993, 165, 353, 196, 384
-0.992003, 133, 433, 164, 464
-0.992013, 161, 165, 224, 196
-0.992016, 169, 337, 200, 368
-0.992021, 17, 49, 144, 176
-0.992023, 157, 337, 188, 368
-0.992027, 125, 369, 156, 400
-0.992037, 209, 349, 272, 380
-0.99206, 1, 349, 64, 380
-0.992083, 225, 249, 288, 280
-0.992085, 1, 417, 318, 480
-0.992089, 169, 369, 200, 400
-0.992091, 161, 33, 224, 288
-0.992129, 257, 349, 318, 380
-0.99213, 153, 313, 216, 344
-0.992131, 137, 253, 200, 284
-0.992145, 137, 57, 200, 120
-0.992152, 81, 189, 144, 220
-0.992154, 25, 349, 88, 380
-0.992161, 161, 353, 192, 480
-0.992167, 73, 133, 136, 164
-0.992174, 165, 173, 196, 204
-0.992176, 257, 297, 318, 328
-0.992182, 153, 437, 184, 468
-0.992203, 81, 57, 144, 120
-0.992209, 177, 113, 240, 176
-0.992217, 17, 265, 80, 296
-0.992228, 171, 337, 186, 400
-0.992229, 129, 445, 160, 476
-0.99223, 49, 253, 112, 284
-0.992239, 37, 449, 68, 480
-0.992241, 101, 441, 132, 472
-0.992245, 193, 317, 224, 348
-0.992264, 81, 445, 112, 476
-0.992271, 153, 189, 184, 220
-0.992271, 113, 57, 176, 120
-0.992276, 113, 145, 144, 176
-0.992284, 129, 337, 160, 368
-0.992292, 105, 129, 136, 160
-0.992293, 25, 193, 88, 448
-0.992294, 133, 101, 164, 132
-0.992324, 131, 337, 146, 400
-0.992335, 145, 337, 176, 368
-0.99234, 145, 349, 176, 380
-0.99235, 145, 113, 272, 176
-0.992353, 105, 197, 136, 228
-0.992361, 69, 445, 100, 476
-0.992393, 161, 425, 192, 456
-0.992394, 149, 137, 180, 168
-0.992399, 281, 441, 312, 472
-0.992402, 157, 369, 188, 400
-0.992417, 129, 421, 160, 452
-0.992422, 57, 1, 120, 480
-0.992429, 173, 441, 204, 472
-0.992471, 141, 421, 172, 452
-0.992483, 1, 329, 318, 392
-0.992483, 129, 381, 160, 412
-0.992488, 265, 441, 296, 472
-0.99249, 57, 449, 88, 480
-0.9925, 1, 113, 128, 240
-0.992517, 193, 201, 318, 264
-0.992534, 113, 369, 144, 400
-0.992562, 189, 441, 220, 472
-0.992567, 177, 381, 208, 412
-0.992572, 125, 145, 156, 176
-0.992575, 117, 337, 148, 368
-0.992576, 257, 153, 318, 216
-0.992584, 273, 429, 304, 460
-0.992595, 1, 353, 318, 416
-0.992619, 1, 225, 318, 288
-0.992635, 269, 317, 300, 348
-0.99264, 249, 353, 280, 480
-0.992645, 77, 281, 108, 312
-0.992646, 253, 417, 284, 448
-0.992661, 109, 429, 140, 460
-0.992671, 189, 429, 220, 460
-0.992674, 1, 385, 318, 448
-0.992676, 109, 185, 140, 216
-0.992682, 177, 357, 208, 388
-0.992705, 177, 225, 208, 256
-0.992717, 181, 369, 212, 400
-0.992731, 201, 1, 264, 480
-0.992733, 261, 429, 292, 460
-0.992743, 269, 417, 300, 448
-0.992746, 9, 405, 40, 436
-0.992753, 185, 353, 200, 416
-0.992756, 185, 329, 216, 360
-0.992763, 101, 209, 132, 240
-0.992766, 125, 353, 140, 416
-0.992784, 179, 329, 194, 392
-0.992789, 143, 337, 158, 400
-0.992804, 73, 413, 104, 444
-0.992808, 37, 409, 68, 440
-0.992816, 281, 413, 312, 444
-0.992834, 141, 369, 172, 400
-0.99284, 201, 201, 264, 264
-0.992854, 165, 353, 180, 416
-0.992858, 49, 409, 80, 440
-0.992859, 25, 405, 56, 436
-0.992869, 65, 281, 318, 344
-0.992874, 189, 349, 220, 380
-0.992879, 117, 133, 148, 164
-0.992886, 25, 449, 56, 480
-0.992902, 1, 1, 64, 64
-0.992924, 97, 429, 128, 460
-0.992927, 277, 329, 308, 360
-0.992935, 165, 197, 196, 228
-0.992951, 179, 417, 194, 480
-0.992966, 105, 337, 136, 368
-0.992973, 89, 221, 120, 252
-0.992978, 149, 381, 180, 412
-0.99298, 61, 409, 92, 440
-0.992982, 161, 381, 192, 412
-0.992991, 101, 417, 132, 448
-0.993007, 141, 449, 172, 480
-0.993011, 89, 413, 120, 444
-0.993049, 177, 237, 208, 268
-0.99305, 117, 417, 148, 448
-0.993057, 109, 289, 140, 320
-0.993066, 233, 1, 296, 64
-0.993066, 257, 1, 318, 64
-0.993074, 261, 337, 292, 464
-0.993092, 129, 289, 160, 320
-0.993097, 165, 413, 196, 444
-0.993119, 109, 157, 140, 188
-0.993131, 125, 253, 156, 284
-0.993133, 229, 337, 260, 368
-0.993137, 93, 129, 124, 160
-0.993137, 269, 369, 300, 400
-0.993138, 249, 433, 280, 464
-0.993147, 201, 425, 232, 456
-0.993152, 257, 337, 288, 368
-0.993152, 159, 329, 174, 392
-0.993154, 169, 209, 200, 240
-0.993155, 137, 409, 168, 440
-0.993165, 165, 329, 180, 392
-0.993172, 133, 241, 164, 272
-0.993174, 65, 281, 96, 312
-0.993176, 117, 325, 148, 356
-0.993177, 289, 369, 318, 400
-0.99318, 245, 449, 276, 480
-0.993205, 217, 337, 248, 368
-0.993216, 137, 329, 152, 392
-0.993219, 89, 337, 120, 368
-0.993221, 121, 201, 152, 232
-0.993221, 145, 205, 176, 236
-0.993228, 13, 449, 44, 480
-0.993229, 281, 245, 312, 276
-0.99323, 185, 89, 248, 152
-0.99323, 17, 97, 80, 160
-0.99323, 41, 97, 104, 160
-0.99323, 209, 105, 272, 168
-0.99323, 233, 105, 296, 168
-0.99323, 257, 105, 318, 168
-0.99323, 9, 121, 72, 184
-0.99323, 33, 121, 96, 184
-0.99323, 201, 129, 264, 192
-0.99323, 225, 129, 288, 192
-0.99323, 249, 129, 312, 192
-0.99323, 9, 145, 72, 208
-0.99323, 33, 145, 96, 208
-0.99323, 209, 153, 272, 216
-0.99323, 233, 153, 296, 216
-0.99323, 1, 169, 64, 232
-0.99323, 25, 169, 88, 232
-0.99323, 225, 177, 288, 240
-0.993243, 73, 293, 104, 324
-0.993244, 93, 297, 124, 328
-0.993249, 229, 369, 260, 400
-0.99325, 241, 337, 272, 368
-0.993258, 113, 357, 144, 388
-0.993267, 289, 337, 318, 368
-0.99327, 45, 337, 76, 368
-0.9933, 241, 369, 272, 400
-0.993303, 33, 337, 64, 368
-0.993309, 201, 337, 232, 368
-0.993309, 137, 133, 168, 164
-0.993319, 89, 261, 120, 292
-0.993323, 9, 369, 40, 400
-0.993325, 257, 325, 288, 356
-0.993327, 77, 425, 108, 456
-0.993329, 57, 337, 88, 368
-0.99333, 229, 421, 260, 452
-0.99333, 105, 173, 136, 204
-0.99333, 209, 369, 240, 400
-0.993332, 121, 277, 152, 308
-0.993333, 137, 377, 152, 440
-0.993338, 37, 369, 68, 400
-0.99334, 65, 169, 318, 232
-0.993348, 285, 429, 316, 460
-0.993349, 113, 309, 144, 340
-0.993353, 93, 369, 124, 400
-0.993361, 25, 369, 56, 400
-0.993363, 257, 369, 288, 400
-0.993364, 289, 305, 318, 336
-0.99337, 181, 249, 212, 280
-0.993374, 73, 337, 104, 368
-0.993419, 129, 81, 256, 144
-0.993451, 153, 329, 168, 392
-0.993457, 185, 329, 200, 392
-0.993468, 65, 145, 318, 208
-0.993561, 77, 289, 108, 416
-0.993576, 175, 377, 190, 440
-0.993587, 113, 245, 240, 276
-0.993588, 229, 305, 260, 432
-0.993599, 253, 241, 284, 368
-0.993626, 229, 353, 260, 480
-0.993709, 113, 437, 240, 468
-0.99375, 171, 417, 186, 480
-0.993782, 1, 289, 318, 352
-0.993794, 33, 1, 96, 480
-0.993801, 1, 1, 64, 480
-0.993843, 117, 193, 148, 320
-0.993864, 177, 421, 304, 452
-0.993876, 81, 213, 208, 244
-0.993893, 33, 193, 160, 256
-0.993895, 81, 157, 208, 188
-0.993967, 81, 49, 144, 176
-0.993984, 139, 409, 154, 472
-0.993991, 195, 305, 210, 368
-0.994009, 65, 105, 318, 168
-0.994043, 233, 1, 296, 480
-0.994047, 1, 129, 64, 384
-0.994069, 65, 445, 192, 476
-0.994075, 107, 409, 122, 472
-0.994099, 165, 417, 180, 480
-0.994118, 159, 353, 174, 416
-0.994196, 113, 129, 128, 192
-0.994203, 97, 333, 224, 364
-0.994239, 97, 197, 224, 228
-0.994244, 101, 417, 116, 480
-0.994245, 1, 265, 318, 328
-0.994253, 97, 181, 224, 212
-0.994283, 97, 357, 224, 388
-0.994292, 95, 417, 110, 480
-0.994297, 97, 421, 224, 452
-0.994335, 105, 49, 168, 176
-0.994342, 131, 361, 146, 424
-0.994407, 193, 317, 318, 348
-0.994436, 113, 409, 128, 472
-0.994439, 161, 445, 288, 476
-0.99446, 219, 417, 234, 480
-0.994473, 149, 353, 164, 416
-0.994476, 85, 417, 100, 480
-0.994483, 81, 141, 208, 172
-0.994484, 97, 369, 224, 400
-0.99453, 301, 417, 316, 480
-0.994564, 291, 417, 306, 480
-0.994566, 65, 253, 192, 284
-0.994606, 45, 401, 60, 464
-0.994608, 181, 201, 196, 264
-0.994625, 39, 401, 54, 464
-0.994626, 159, 417, 174, 480
-0.994628, 117, 329, 132, 392
-0.994643, 213, 417, 228, 480
-0.994646, 65, 33, 318, 160
-0.994696, 79, 417, 94, 480
-0.994697, 51, 401, 66, 464
-0.994703, 97, 169, 224, 200
-0.994732, 185, 417, 200, 480
-0.994752, 1, 445, 128, 476
-0.994763, 285, 417, 300, 480
-0.994781, 145, 417, 160, 480
-0.994786, 65, 433, 192, 464
-0.994789, 225, 417, 240, 480
-0.994793, 91, 217, 106, 280
-0.994827, 127, 249, 142, 312
-0.994839, 1, 409, 128, 440
-0.994869, 65, 265, 192, 296
-0.994892, 115, 177, 130, 240
-0.994903, 111, 153, 126, 216
-0.994932, 145, 145, 160, 208
-0.994953, 193, 257, 318, 288
-0.994965, 151, 417, 166, 480
-0.994971, 277, 417, 292, 480
-0.995008, 1, 201, 318, 264
-0.995012, 113, 233, 240, 264
-0.995026, 193, 245, 318, 276
-0.995046, 109, 185, 124, 248
-0.995062, 1, 377, 16, 440
-0.995076, 33, 401, 48, 464
-0.99508, 25, 305, 56, 432
-0.995096, 45, 377, 60, 440
-0.995117, 149, 121, 164, 184
-0.995126, 131, 385, 146, 448
-0.995135, 35, 377, 50, 440
-0.995143, 169, 377, 184, 440
-0.995144, 119, 409, 134, 472
-0.99515, 49, 413, 176, 444
-0.995151, 231, 417, 246, 480
-0.995159, 191, 329, 206, 392
-0.995172, 59, 417, 74, 480
-0.995174, 187, 209, 202, 272
-0.995177, 185, 377, 200, 440
-0.995179, 193, 433, 318, 464
-0.99519, 127, 97, 142, 160
-0.995196, 97, 317, 224, 348
-0.995208, 271, 417, 286, 480
-0.995214, 33, 317, 160, 348
-0.995236, 145, 337, 272, 368
-0.995264, 143, 361, 158, 424
-0.995276, 129, 49, 192, 176
-0.995276, 145, 369, 272, 400
-0.995291, 41, 305, 72, 432
-0.995304, 193, 305, 318, 336
-0.99531, 29, 377, 44, 440
-0.995327, 73, 417, 88, 480
-0.995345, 191, 353, 206, 416
-0.995352, 97, 129, 224, 160
-0.995356, 219, 353, 234, 416
-0.995373, 145, 97, 160, 160
-0.995382, 237, 417, 252, 480
-0.995384, 21, 377, 36, 440
-0.995401, 5, 353, 20, 416
-0.995412, 7, 377, 22, 440
-0.995421, 113, 97, 144, 352
-0.995436, 161, 177, 176, 240
-0.995439, 145, 349, 272, 380
-0.995443, 271, 337, 286, 400
-0.995447, 125, 329, 140, 392
-0.995451, 247, 353, 262, 416
-0.995454, 81, 301, 208, 332
-0.995457, 33, 337, 160, 368
-0.995458, 237, 353, 252, 416
-0.995459, 11, 353, 26, 416
-0.995463, 51, 377, 66, 440
-0.995467, 107, 337, 122, 400
-0.995484, 229, 353, 244, 416
-0.995494, 203, 417, 218, 480
-0.995504, 107, 305, 122, 368
-0.995519, 133, 49, 164, 176
-0.99557, 13, 377, 28, 440
-0.995584, 295, 337, 310, 400
-0.995591, 27, 401, 42, 464
-0.995609, 213, 353, 228, 416
-0.995614, 33, 369, 160, 400
-0.995616, 167, 145, 182, 208
-0.995628, 283, 241, 298, 304
-0.995641, 173, 193, 204, 448
-0.995646, 121, 161, 136, 224
-0.995658, 117, 289, 132, 352
-0.995677, 113, 257, 240, 288
-0.995678, 95, 337, 110, 400
-0.99568, 261, 337, 276, 400
-0.995682, 277, 337, 292, 400
-0.995686, 65, 277, 192, 308
-0.995687, 21, 353, 36, 416
-0.995701, 193, 233, 208, 296
-0.995703, 93, 249, 108, 312
-0.995705, 65, 417, 80, 480
-0.995708, 145, 325, 272, 356
-0.995712, 65, 237, 192, 268
-0.995731, 297, 281, 312, 344
-0.995772, 85, 329, 100, 392
-0.995774, 17, 257, 144, 288
-0.99578, 207, 353, 222, 416
-0.99579, 133, 409, 148, 472
-0.995791, 101, 337, 116, 400
-0.995807, 201, 305, 216, 368
-0.995807, 157, 129, 188, 384
-0.995825, 27, 353, 42, 416
-0.995827, 65, 337, 80, 400
-0.995829, 185, 33, 248, 288
-0.995831, 49, 337, 64, 400
-0.995834, 119, 353, 134, 416
-0.995853, 255, 337, 270, 400
-0.995857, 59, 337, 74, 400
-0.995862, 57, 313, 72, 376
-0.995863, 303, 337, 318, 400
-0.995865, 155, 129, 170, 192
-0.99587, 41, 337, 56, 400
-0.995874, 175, 153, 190, 216
-0.995874, 237, 329, 252, 392
-0.995899, 97, 209, 112, 272
-0.9959, 253, 297, 268, 360
-0.9959, 247, 329, 262, 392
-0.995915, 153, 169, 168, 232
-0.995915, 193, 417, 208, 480
-0.995932, 1, 245, 128, 276
-0.995933, 57, 377, 72, 440
-0.995936, 71, 337, 86, 400
-0.995936, 77, 337, 92, 400
-0.995951, 1, 421, 128, 452
-0.995988, 33, 293, 160, 324
-0.996006, 65, 225, 192, 256
-0.996024, 125, 65, 156, 320
-0.99607, 193, 273, 318, 304
-0.996144, 161, 293, 288, 324
-0.99617, 145, 381, 272, 412
-0.996189, 97, 117, 224, 148
-0.996226, 1, 193, 64, 320
-0.996227, 81, 345, 208, 376
-0.996248, 97, 409, 224, 440
-0.99628, 97, 381, 224, 412
-0.996282, 193, 337, 318, 368
-0.996288, 17, 349, 144, 380
-0.996295, 137, 97, 168, 352
-0.996302, 193, 369, 318, 400
-0.996307, 145, 409, 272, 440
-0.996318, 113, 449, 240, 480
-0.99633, 1, 353, 128, 480
-0.996348, 57, 145, 120, 272
-0.996361, 49, 129, 176, 160
-0.996362, 1, 145, 128, 208
-0.996462, 1, 269, 128, 300
-0.996464, 97, 105, 224, 136
-0.996515, 97, 161, 128, 416
-0.99652, 217, 353, 248, 480
-0.996524, 33, 305, 160, 336
-0.996528, 193, 349, 318, 380
-0.996553, 81, 337, 112, 464
-0.996559, 33, 81, 160, 144
-0.996565, 249, 145, 312, 272
-0.996618, 129, 141, 256, 172
-0.996666, 1, 233, 128, 264
-0.996685, 193, 229, 318, 260
-0.996694, 201, 193, 232, 320
-0.996695, 145, 173, 272, 204
-0.996807, 49, 105, 176, 136
-0.996865, 49, 117, 176, 148
-0.996907, 49, 177, 176, 208
-0.996908, 289, 193, 318, 448
-0.996915, 129, 213, 256, 244
-0.996974, 1, 381, 128, 412
-0.996995, 97, 289, 224, 320
-0.997018, 49, 189, 176, 220
-0.997038, 17, 141, 144, 172
-0.997041, 175, 369, 190, 400
-0.997072, 25, 97, 88, 352
-0.997088, 113, 269, 240, 300
-0.997089, 145, 193, 272, 224
-0.997106, 129, 157, 256, 188
-0.997111, 49, 201, 176, 232
-0.997141, 189, 225, 220, 480
-0.997149, 137, 381, 152, 412
-0.997167, 81, 193, 112, 320
-0.997191, 125, 225, 156, 480
-0.997206, 175, 381, 190, 412
-0.997225, 135, 369, 150, 400
-0.997238, 193, 381, 318, 412
-0.997241, 127, 369, 142, 400
-0.997247, 97, 393, 224, 424
-0.997284, 33, 213, 160, 244
-0.997306, 113, 193, 144, 448
-0.997315, 185, 217, 200, 248
-0.997362, 135, 337, 150, 368
-0.997366, 131, 441, 146, 472
-0.997368, 17, 165, 144, 196
-0.997402, 149, 329, 164, 360
-0.997405, 183, 425, 198, 456
-0.997406, 115, 197, 130, 228
-0.997415, 167, 337, 182, 368
-0.997439, 181, 337, 196, 368
-0.997444, 1, 281, 128, 312
-0.99745, 85, 193, 116, 448
-0.997473, 17, 433, 144, 464
-0.997478, 179, 349, 194, 380
-0.997489, 173, 337, 188, 368
-0.997504, 125, 433, 140, 464
-0.997524, 137, 193, 168, 448
-0.997529, 115, 133, 130, 164
-0.997535, 117, 441, 132, 472
-0.99754, 141, 433, 156, 464
-0.997543, 177, 393, 304, 424
-0.997544, 177, 425, 192, 456
-0.997554, 157, 337, 172, 368
-0.997566, 143, 337, 158, 368
-0.997585, 49, 381, 176, 412
-0.997591, 127, 353, 142, 384
-0.997592, 109, 197, 124, 228
-0.997595, 141, 421, 156, 452
-0.997603, 161, 181, 176, 212
-0.997615, 45, 449, 60, 480
-0.997616, 183, 369, 198, 400
-0.997635, 169, 369, 184, 400
-0.997643, 79, 445, 94, 476
-0.997647, 193, 409, 318, 440
-0.997652, 17, 153, 144, 184
-0.997658, 95, 213, 110, 244
-0.997658, 49, 401, 176, 432
-0.997663, 133, 349, 148, 380
-0.997666, 195, 313, 210, 344
-0.997673, 71, 445, 86, 476
-0.997675, 193, 217, 318, 248
-0.997679, 85, 445, 100, 476
-0.99768, 61, 449, 76, 480
-0.997683, 103, 441, 118, 472
-0.997689, 171, 425, 186, 456
-0.997696, 179, 441, 194, 472
-0.997698, 51, 449, 66, 480
-0.997708, 301, 445, 316, 476
-0.997721, 137, 445, 152, 476
-0.997727, 193, 325, 208, 356
-0.997735, 145, 305, 272, 336
-0.997742, 91, 445, 106, 476
-0.997746, 111, 441, 126, 472
-0.997754, 285, 441, 300, 472
-0.997762, 135, 421, 150, 452
-0.997766, 127, 105, 142, 136
-0.997793, 163, 369, 178, 400
-0.997805, 129, 337, 144, 368
-0.997808, 275, 441, 290, 472
-0.997812, 141, 369, 156, 400
-0.997815, 37, 449, 52, 480
-0.997818, 107, 129, 122, 160
-0.997821, 273, 417, 288, 448
-0.997822, 155, 185, 170, 216
-0.997823, 109, 173, 124, 204
-0.997825, 271, 429, 286, 460
-0.99783, 1, 397, 128, 428
-0.997831, 187, 337, 202, 368
-0.997837, 287, 325, 302, 356
-0.997837, 97, 441, 112, 472
-0.997841, 191, 429, 206, 460
-0.99785, 293, 441, 308, 472
-0.99785, 261, 417, 276, 448
-0.997858, 89, 97, 120, 224
-0.997868, 177, 209, 192, 240
-0.997868, 125, 445, 140, 476
-0.99787, 113, 145, 128, 176
-0.997871, 117, 333, 132, 364
-0.997872, 129, 249, 144, 280
-0.997883, 147, 421, 162, 452
-0.997888, 77, 281, 92, 312
-0.997891, 113, 185, 128, 216
-0.997894, 127, 145, 142, 176
-0.997901, 5, 321, 36, 448
-0.997903, 277, 429, 292, 460
-0.997912, 165, 349, 180, 380
-0.997921, 117, 293, 132, 324
-0.997922, 119, 429, 134, 460
-0.997924, 121, 369, 136, 400
-0.997931, 113, 429, 128, 460
-0.997931, 269, 441, 284, 472
-0.997934, 143, 349, 158, 380
-0.997939, 197, 429, 212, 460
-0.997945, 107, 301, 122, 332
-0.997948, 145, 125, 272, 156
-0.99795, 173, 353, 188, 384
-0.997952, 267, 417, 282, 448
-0.997953, 29, 405, 44, 436
-0.997958, 303, 413, 318, 444
-0.997961, 167, 437, 182, 468
-0.997963, 279, 417, 294, 448
-0.997965, 179, 413, 194, 444
-0.997967, 15, 405, 30, 436
-0.997968, 163, 425, 178, 456
-0.997972, 155, 421, 170, 452
-0.997973, 265, 429, 280, 460
-0.997976, 147, 433, 162, 464
-0.997976, 3, 401, 18, 432
-0.99798, 193, 441, 208, 472
-0.99798, 103, 205, 118, 236
-0.997989, 23, 405, 38, 436
-0.997993, 71, 281, 86, 312
-0.997994, 95, 261, 110, 292
-0.998, 53, 409, 68, 440
-0.998003, 255, 417, 270, 448
-0.998003, 147, 369, 162, 400
-0.998004, 119, 185, 134, 216
-0.998008, 191, 349, 206, 380
-0.998011, 47, 409, 62, 440
-0.998012, 89, 455, 152, 470
-0.998017, 85, 413, 100, 444
-0.998026, 1, 33, 64, 288
-0.998032, 79, 413, 94, 444
-0.998032, 297, 413, 312, 444
-0.998036, 283, 429, 298, 460
-0.998039, 67, 409, 82, 440
-0.998041, 151, 197, 166, 228
-0.998042, 185, 381, 200, 412
-0.998043, 31, 449, 46, 480
-0.998047, 113, 417, 128, 448
-0.998047, 137, 409, 152, 440
-0.998049, 145, 113, 272, 144
-0.998053, 161, 193, 176, 224
-0.998053, 61, 409, 76, 440
-0.998055, 143, 445, 158, 476
-0.998057, 1, 153, 318, 216
-0.998058, 185, 357, 200, 388
-0.998058, 157, 369, 172, 400
-0.99807, 185, 441, 200, 472
-0.998074, 35, 405, 50, 436
-0.998077, 147, 105, 162, 136
-0.998092, 121, 133, 136, 164
-0.998095, 107, 429, 122, 460
-0.998095, 147, 133, 162, 164
-0.998099, 233, 337, 248, 368
-0.998102, 107, 417, 122, 448
-0.99811, 65, 81, 318, 144
-0.998124, 129, 387, 192, 402
-0.998137, 201, 193, 232, 448
-0.998146, 257, 1, 318, 256
-0.998153, 105, 131, 168, 146
-0.998156, 149, 225, 180, 480
-0.998161, 1, 201, 128, 232
-0.998162, 105, 151, 168, 166
-0.998168, 145, 439, 208, 454
-0.998187, 121, 363, 184, 378
-0.998213, 1, 177, 318, 240
-0.998221, 69, 193, 100, 320
-0.998229, 173, 97, 204, 352
-0.998256, 97, 209, 160, 224
-0.998268, 137, 213, 200, 228
-0.998272, 113, 335, 176, 350
-0.998282, 105, 137, 168, 152
-0.99829, 25, 451, 88, 466
-0.998298, 137, 353, 200, 368
-0.998317, 129, 93, 256, 124
-0.998323, 49, 461, 112, 476
-0.998329, 185, 445, 248, 460
-0.998352, 17, 465, 80, 480
-0.998359, 1, 177, 128, 208
-0.998363, 113, 123, 176, 138
-0.998363, 81, 263, 144, 278
-0.998368, 1, 455, 64, 470
-0.998374, 57, 447, 120, 462
-0.998387, 105, 145, 168, 160
-0.998391, 113, 435, 176, 450
-0.998392, 217, 423, 280, 438
-0.998396, 33, 93, 160, 124
-0.998398, 129, 451, 192, 466
-0.998398, 129, 393, 192, 408
-0.998402, 153, 33, 184, 288
-0.998408, 177, 205, 304, 236
-0.998411, 129, 153, 192, 168
-0.998417, 257, 417, 318, 432
-0.998418, 129, 145, 192, 160
-0.998421, 237, 193, 268, 448
-0.998427, 121, 253, 184, 268
-0.998432, 105, 65, 136, 192
-0.998433, 113, 109, 176, 124
-0.998437, 129, 423, 192, 438
-0.998438, 129, 381, 192, 396
-0.998451, 89, 443, 152, 458
-0.998455, 217, 1, 280, 256
-0.998456, 121, 183, 184, 198
-0.99847, 149, 191, 180, 206
-0.99847, 81, 257, 144, 272
-0.998471, 93, 255, 124, 270
-0.998471, 145, 199, 176, 214
-0.998472, 129, 391, 160, 406
-0.998473, 261, 419, 292, 434
-0.998473, 285, 415, 316, 430
-0.998473, 181, 249, 212, 264
-0.998473, 125, 159, 156, 174
-0.998474, 113, 433, 144, 448
-0.998474, 245, 421, 276, 436
-0.998475, 57, 277, 88, 292
-0.998475, 265, 455, 296, 470
-0.998475, 125, 349, 156, 364
-0.998476, 213, 447, 244, 462
-0.998476, 149, 169, 180, 184
-0.998476, 265, 315, 296, 330
-0.998477, 137, 147, 168, 162
-0.998477, 185, 383, 216, 398
-0.998477, 57, 449, 88, 464
-0.998477, 93, 217, 124, 232
-0.998478, 129, 141, 160, 156
-0.998478, 233, 449, 264, 464
-0.998479, 89, 457, 120, 472
-0.998479, 173, 449, 204, 464
-0.998479, 81, 445, 112, 460
-0.99848, 105, 173, 136, 188
-0.99848, 181, 423, 212, 438
-0.99848, 105, 419, 168, 434
-0.998481, 217, 425, 248, 440
-0.998481, 109, 167, 140, 182
-0.998482, 285, 307, 316, 322
-0.998482, 137, 291, 168, 306
-0.998483, 125, 131, 156, 146
-0.998484, 145, 281, 272, 312
-0.998484, 253, 453, 284, 468
-0.998485, 281, 457, 312, 472
-0.998486, 229, 423, 260, 438
-0.998486, 173, 219, 204, 234
-0.998487, 125, 435, 156, 450
-0.998487, 57, 461, 88, 476
-0.998488, 181, 255, 212, 270
-0.998489, 41, 451, 72, 466
-0.99849, 217, 449, 280, 464
-0.99849, 145, 207, 176, 222
-0.998491, 121, 281, 152, 296
-0.998491, 161, 165, 192, 180
-0.998491, 65, 311, 128, 326
-0.998491, 141, 363, 172, 378
-0.998492, 125, 153, 156, 168
-0.998492, 113, 347, 144, 362
-0.998492, 173, 337, 204, 352
-0.998492, 165, 365, 196, 380
-0.998493, 69, 447, 100, 462
-0.998495, 285, 245, 316, 260
-0.998497, 1, 457, 32, 472
-0.998497, 165, 201, 196, 216
-0.998498, 145, 185, 176, 200
-0.998499, 29, 465, 60, 480
-0.998499, 93, 305, 124, 320
-0.9985, 133, 203, 164, 218
-0.998501, 249, 435, 280, 450
-0.998502, 137, 335, 200, 350
-0.998503, 177, 237, 208, 252
-0.998503, 129, 461, 160, 476
-0.998504, 109, 155, 140, 170
-0.998504, 109, 137, 140, 152
-0.998505, 17, 455, 48, 470
-0.998506, 193, 327, 224, 342
-0.998507, 113, 259, 176, 274
-0.998507, 149, 383, 180, 398
-0.998507, 161, 207, 192, 222
-0.998508, 93, 267, 124, 282
-0.998509, 105, 123, 136, 138
-0.998509, 73, 273, 104, 288
-0.99851, 29, 453, 60, 468
-0.99851, 137, 207, 200, 222
-0.99851, 85, 295, 116, 310
-0.998511, 93, 273, 124, 288
-0.998512, 125, 369, 156, 384
-0.998513, 105, 179, 136, 194
-0.998513, 113, 115, 176, 130
-0.998513, 141, 449, 172, 464
-0.998513, 145, 455, 176, 470
-0.998516, 125, 415, 156, 430
-0.998516, 121, 289, 152, 304
-0.998516, 125, 363, 156, 378
-0.998517, 165, 175, 196, 190
-0.998517, 93, 311, 124, 326
-0.998519, 105, 195, 136, 210
-0.998519, 169, 421, 232, 436
-0.998519, 181, 243, 212, 258
-0.99852, 45, 463, 76, 478
-0.998521, 257, 455, 318, 470
-0.998521, 145, 183, 208, 198
-0.998522, 89, 223, 120, 238
-0.998523, 77, 459, 108, 474
-0.998523, 177, 365, 208, 380
-0.998524, 57, 285, 88, 300
-0.998524, 145, 351, 176, 366
-0.998525, 193, 315, 224, 330
-0.998526, 125, 257, 156, 272
-0.998528, 225, 225, 256, 480
-0.998529, 173, 227, 204, 242
-0.99853, 261, 433, 292, 448
-0.998531, 65, 283, 128, 298
-0.998531, 257, 431, 318, 446
-0.998533, 137, 417, 168, 432
-0.998534, 113, 307, 144, 322
-0.998534, 97, 203, 160, 218
-0.998535, 73, 293, 104, 308
-0.998536, 189, 333, 220, 348
-0.998536, 161, 187, 192, 202
-0.998536, 169, 441, 200, 456
-0.998536, 101, 457, 132, 472
-0.998538, 81, 271, 144, 286
-0.998539, 241, 439, 304, 454
-0.99854, 97, 189, 160, 204
-0.99854, 157, 439, 188, 454
-0.998541, 65, 303, 128, 318
-0.998541, 109, 293, 140, 308
-0.998542, 233, 309, 296, 324
-0.998543, 189, 443, 220, 458
-0.998543, 173, 385, 204, 400
-0.998546, 113, 313, 144, 328
-0.998546, 165, 213, 196, 228
-0.998547, 161, 365, 224, 380
-0.998547, 109, 161, 140, 176
-0.998548, 137, 189, 200, 204
-0.998548, 161, 193, 192, 208
-0.998549, 177, 333, 240, 348
-0.99855, 113, 355, 176, 370
-0.998551, 101, 211, 132, 226
-0.998551, 137, 437, 168, 452
-0.998552, 129, 445, 160, 460
-0.998554, 57, 293, 120, 308
-0.998555, 193, 321, 224, 336
-0.998556, 113, 335, 144, 350
-0.998556, 109, 201, 140, 216
-0.998558, 177, 161, 304, 192
-0.998558, 125, 147, 156, 162
-0.99856, 129, 385, 160, 400
-0.998562, 273, 323, 304, 338
-0.998568, 185, 313, 248, 328
-0.998571, 129, 451, 160, 466
-0.998571, 145, 137, 176, 152
-0.998573, 169, 423, 200, 438
-0.998573, 73, 279, 104, 294
-0.99858, 137, 335, 168, 350
-0.99858, 165, 181, 196, 196
-0.998581, 81, 251, 144, 266
-0.998582, 161, 255, 224, 270
-0.998584, 105, 185, 136, 200
-0.998584, 129, 457, 192, 472
-0.998585, 249, 315, 312, 330
-0.998585, 113, 103, 176, 118
-0.998592, 257, 273, 318, 288
-0.998592, 169, 353, 200, 368
-0.9986, 145, 417, 208, 432
-0.998604, 149, 333, 180, 348
-0.998604, 117, 453, 148, 468
-0.998607, 89, 333, 152, 348
-0.998607, 129, 139, 192, 154
-0.998608, 217, 193, 248, 320
-0.998609, 1, 121, 128, 152
-0.998611, 169, 385, 232, 400
-0.998611, 249, 321, 312, 336
-0.998611, 81, 245, 144, 260
-0.998613, 1, 189, 128, 220
-0.998614, 9, 407, 72, 422
-0.99862, 97, 365, 160, 380
-0.998623, 153, 249, 216, 264
-0.998623, 129, 445, 192, 460
-0.998627, 129, 103, 160, 118
-0.998633, 105, 387, 168, 402
-0.998636, 105, 131, 136, 146
-0.998639, 129, 399, 192, 414
-0.99864, 65, 415, 128, 430
-0.99864, 41, 411, 104, 426
-0.998641, 73, 429, 136, 444
-0.998642, 41, 425, 104, 440
-0.998645, 249, 301, 312, 316
-0.998646, 217, 291, 280, 306
-0.998646, 125, 355, 156, 370
-0.998648, 137, 195, 200, 210
-0.998652, 17, 421, 80, 436
-0.998665, 137, 201, 200, 216
-0.998676, 113, 147, 144, 162
-0.998684, 185, 319, 248, 334
-0.998691, 201, 253, 264, 268
-0.998693, 153, 427, 216, 442
-0.998693, 105, 197, 168, 212
-0.998695, 129, 411, 192, 426
-0.998697, 161, 177, 224, 192
-0.998699, 249, 255, 312, 270
-0.9987, 257, 285, 318, 300
-0.9987, 97, 157, 160, 172
-0.9987, 153, 235, 216, 250
-0.998702, 257, 295, 318, 310
-0.998703, 65, 277, 128, 292
-0.998703, 105, 449, 168, 464
-0.998706, 161, 261, 224, 276
-0.998708, 161, 353, 224, 368
-0.998712, 193, 279, 256, 294
-0.998712, 73, 317, 136, 332
-0.998713, 49, 1, 112, 256
-0.998716, 213, 193, 244, 448
-0.998717, 249, 263, 312, 278
-0.998718, 137, 165, 200, 180
-0.998731, 145, 171, 208, 186
-0.998734, 89, 217, 152, 232
-0.998739, 121, 369, 184, 384
-0.998741, 185, 327, 248, 342
-0.998744, 177, 247, 240, 262
-0.998748, 217, 303, 280, 318
-0.998751, 129, 159, 192, 174
-0.998766, 81, 351, 144, 366
-0.998766, 97, 169, 160, 184
-0.998767, 81, 339, 144, 354
-0.998768, 89, 381, 152, 396
-0.998781, 193, 425, 256, 440
-0.998783, 137, 219, 200, 234
-0.998788, 105, 397, 168, 412
-0.998792, 145, 359, 208, 374
-0.998793, 105, 309, 168, 324
-0.998793, 129, 233, 192, 248
-0.998793, 97, 163, 160, 178
-0.998794, 277, 225, 308, 480
-0.998795, 193, 285, 256, 300
-0.998798, 185, 351, 248, 366
-0.998799, 153, 243, 216, 258
-0.998799, 153, 229, 216, 244
-0.998803, 41, 305, 104, 320
-0.998806, 89, 239, 152, 254
-0.998809, 193, 307, 256, 322
-0.998813, 217, 321, 280, 336
-0.998876, 127, 97, 142, 224
-0.998908, 177, 161, 192, 288
-0.998914, 109, 113, 124, 240
-0.998924, 197, 241, 212, 368
-0.998944, 185, 113, 216, 240
-0.998954, 185, 129, 216, 384
-0.998956, 109, 161, 124, 288
-0.998976, 171, 145, 186, 272
-0.998978, 191, 225, 206, 352
-0.998981, 149, 113, 164, 240
-0.998992, 137, 1, 168, 256
-0.998996, 141, 81, 156, 208
-0.998997, 177, 149, 304, 180
-0.999006, 291, 225, 306, 352
-0.999012, 193, 289, 208, 416
-0.999016, 185, 209, 200, 336
-0.999023, 91, 209, 106, 336
-0.999029, 127, 241, 142, 368
-0.999047, 161, 129, 176, 256
-0.999062, 253, 241, 268, 368
-0.999062, 285, 225, 300, 352
-0.999065, 297, 193, 312, 320
-0.999076, 107, 289, 122, 416
-0.999076, 173, 129, 204, 256
-0.999077, 117, 337, 132, 464
-0.999079, 121, 113, 136, 240
-0.999085, 123, 337, 138, 464
-0.999086, 117, 257, 132, 384
-0.99909, 99, 193, 114, 320
-0.9991, 115, 113, 130, 240
-0.999101, 133, 305, 148, 432
-0.999101, 133, 225, 148, 352
-0.999106, 149, 161, 164, 288
-0.999123, 147, 321, 162, 448
-0.999133, 135, 81, 150, 208
-0.999133, 203, 257, 218, 384
-0.999137, 143, 273, 158, 400
-0.999137, 155, 145, 170, 272
-0.999138, 69, 353, 100, 480
-0.999143, 291, 273, 306, 400
-0.999145, 187, 321, 202, 448
-0.999154, 103, 241, 118, 368
-0.999157, 139, 225, 154, 352
-0.999161, 65, 257, 80, 384
-0.999162, 193, 189, 318, 220
-0.999164, 115, 193, 130, 320
-0.999168, 209, 241, 224, 368
-0.999182, 71, 257, 86, 384
-0.999182, 183, 161, 198, 288
-0.999183, 137, 353, 152, 480
-0.999189, 259, 257, 274, 384
-0.999195, 219, 241, 234, 368
-0.999212, 297, 305, 312, 432
-0.999221, 303, 257, 318, 384
-0.999222, 247, 241, 262, 368
-0.999222, 297, 257, 312, 384
-0.999224, 279, 241, 294, 368
-0.999225, 155, 321, 170, 448
-0.999231, 97, 241, 112, 368
-0.999233, 235, 241, 250, 368
-0.999235, 177, 321, 192, 448
-0.999237, 163, 193, 178, 320
-0.99924, 101, 65, 132, 320
-0.999244, 85, 241, 100, 368
-0.999247, 149, 273, 164, 400
-0.999256, 303, 305, 318, 432
-0.999259, 161, 321, 176, 448
-0.999259, 303, 193, 318, 320
-0.999263, 129, 353, 144, 480
-0.999266, 289, 321, 304, 448
-0.999269, 17, 225, 32, 352
-0.999269, 225, 241, 240, 368
-0.999281, 3, 225, 18, 352
-0.999282, 185, 257, 200, 384
-0.999286, 241, 241, 256, 368
-0.999288, 169, 321, 184, 448
-0.999291, 101, 289, 116, 416
-0.999292, 143, 129, 158, 256
-0.999296, 249, 225, 280, 480
-0.999298, 123, 289, 138, 416
-0.999301, 111, 337, 126, 464
-0.999305, 9, 225, 24, 352
-0.999305, 137, 145, 152, 272
-0.999319, 175, 241, 190, 368
-0.999326, 283, 305, 298, 432
-0.99933, 95, 289, 110, 416
-0.999334, 59, 257, 74, 384
-0.999341, 123, 177, 138, 304
-0.999344, 153, 225, 168, 352
-0.99935, 25, 273, 40, 400
-0.99935, 155, 97, 170, 224
-0.99935, 199, 305, 214, 432
-0.999351, 169, 193, 184, 320
-0.999359, 103, 145, 118, 272
-0.999363, 69, 305, 84, 432
-0.999377, 233, 193, 264, 320
-0.999382, 131, 145, 146, 272
-0.999382, 23, 225, 38, 352
-0.999386, 143, 177, 158, 304
-0.999389, 257, 305, 272, 432
-0.999392, 225, 289, 240, 416
-0.999396, 249, 353, 264, 480
-0.9994, 255, 353, 270, 480
-0.999404, 145, 225, 160, 352
-0.999407, 165, 257, 180, 384
-0.999409, 9, 273, 24, 400
-0.999412, 161, 225, 192, 480
-0.999414, 77, 257, 92, 384
-0.999416, 159, 273, 174, 400
-0.999418, 265, 337, 280, 464
-0.999424, 265, 257, 280, 384
-0.999429, 15, 273, 30, 400
-0.999431, 35, 465, 50, 480
-0.999433, 147, 137, 162, 152
-0.999434, 35, 241, 50, 368
-0.999434, 161, 139, 176, 154
-0.999435, 235, 321, 250, 448
-0.999435, 123, 453, 138, 468
-0.999436, 65, 461, 80, 476
-0.999438, 243, 353, 258, 480
-0.999442, 1, 273, 16, 400
-0.999443, 171, 159, 186, 174
-0.999448, 251, 289, 266, 416
-0.999449, 129, 433, 144, 448
-0.99945, 213, 321, 228, 448
-0.999452, 271, 337, 286, 464
-0.999452, 121, 365, 136, 380
-0.999455, 105, 125, 120, 140
-0.999455, 123, 289, 138, 304
-0.999456, 121, 281, 136, 296
-0.999458, 109, 209, 124, 336
-0.999459, 207, 321, 222, 448
-0.999463, 75, 305, 90, 432
-0.999464, 149, 437, 164, 452
-0.999464, 89, 457, 104, 472
-0.999466, 245, 289, 260, 416
-0.999466, 111, 455, 126, 470
-0.999466, 149, 205, 164, 220
-0.999466, 45, 257, 60, 384
-0.999467, 277, 337, 292, 464
-0.99947, 117, 335, 132, 350
-0.999471, 219, 321, 234, 448
-0.999475, 95, 273, 110, 288
-0.999476, 147, 445, 162, 460
-0.999477, 73, 193, 104, 448
-0.999477, 175, 369, 190, 384
-0.999478, 57, 463, 72, 478
-0.999483, 45, 465, 60, 480
-0.999484, 129, 249, 144, 264
-0.999485, 61, 279, 76, 294
-0.999485, 287, 331, 302, 346
-0.999487, 135, 415, 150, 430
-0.999488, 167, 97, 182, 224
-0.99949, 121, 163, 136, 178
-0.999492, 195, 323, 210, 338
-0.999492, 161, 209, 176, 224
-0.999493, 175, 353, 190, 368
-0.999494, 183, 211, 198, 226
-0.999494, 73, 291, 88, 306
-0.999496, 117, 65, 132, 192
-0.999496, 51, 463, 66, 478
-0.999498, 147, 417, 162, 432
-0.999499, 191, 177, 206, 304
-0.999501, 175, 441, 190, 456
-0.999504, 165, 353, 180, 368
-0.999504, 169, 439, 184, 454
-0.999505, 63, 305, 78, 432
-0.999506, 53, 289, 68, 416
-0.999507, 117, 349, 132, 364
-0.999509, 99, 337, 114, 464
-0.99951, 267, 433, 282, 448
-0.99951, 173, 191, 188, 206
-0.999511, 105, 337, 120, 464
-0.999511, 81, 305, 96, 432
-0.999511, 103, 457, 118, 472
-0.999513, 149, 451, 164, 466
-0.999513, 89, 289, 104, 416
-0.999514, 177, 199, 192, 214
-0.999515, 143, 103, 158, 118
-0.999515, 25, 1, 88, 256
-0.999516, 41, 305, 56, 432
-0.999517, 95, 257, 110, 272
-0.999518, 273, 257, 288, 384
-0.999521, 127, 369, 142, 384
-0.999521, 29, 225, 44, 352
-0.999524, 155, 131, 170, 146
-0.999524, 203, 209, 218, 336
-0.999525, 67, 287, 82, 302
-0.999529, 143, 365, 158, 380
-0.999532, 149, 65, 164, 192
-0.999533, 89, 337, 104, 464
-0.999533, 135, 435, 150, 450
-0.999536, 87, 265, 102, 280
-0.999541, 111, 203, 126, 218
-0.999543, 255, 433, 270, 448
-0.999544, 105, 305, 120, 320
-0.999546, 157, 203, 172, 218
-0.999549, 125, 131, 140, 146
-0.999549, 117, 127, 132, 142
-0.999549, 189, 363, 204, 378
-0.999552, 135, 369, 150, 384
-0.999553, 147, 143, 162, 158
-0.999553, 141, 435, 156, 450
-0.999557, 107, 311, 122, 326
-0.999557, 137, 101, 152, 116
-0.999559, 183, 365, 198, 380
-0.999559, 133, 445, 148, 460
-0.999562, 105, 139, 120, 154
-0.999563, 143, 351, 158, 366
-0.999564, 159, 191, 174, 206
-0.999565, 167, 365, 182, 380
-0.999567, 193, 443, 208, 458
-0.999571, 141, 203, 156, 218
-0.999575, 5, 225, 36, 480
-0.999577, 187, 335, 202, 350
-0.999581, 113, 151, 128, 166
-0.999582, 185, 423, 200, 438
-0.999583, 153, 137, 168, 152
-0.999585, 173, 423, 188, 438
-0.99959, 127, 109, 142, 124
-0.999594, 97, 293, 112, 308
-0.999595, 141, 289, 156, 304
-0.999595, 137, 145, 152, 160
-0.999606, 183, 441, 198, 456
-0.999608, 149, 199, 164, 214
-0.999609, 261, 433, 276, 448
-0.999617, 111, 159, 126, 174
-0.99962, 185, 229, 200, 244
-0.999624, 281, 313, 296, 328
-0.999627, 285, 321, 300, 336
-0.999628, 133, 353, 148, 368
-0.999629, 177, 137, 304, 168
-0.999632, 95, 219, 110, 234
-0.999644, 159, 333, 174, 348
-0.999644, 119, 187, 134, 202
-0.999659, 139, 445, 154, 460
-0.99966, 71, 277, 86, 292
-0.999663, 117, 303, 132, 318
-0.999666, 195, 317, 210, 332
-0.999671, 155, 185, 170, 200
-0.999674, 143, 451, 158, 466
-0.999679, 117, 197, 132, 212
-0.99969, 65, 57, 318, 120
-0.999697, 129, 103, 144, 118
-0.999699, 143, 335, 158, 350
-0.9997, 181, 217, 196, 232
-0.999707, 115, 135, 130, 150
-0.999717, 141, 417, 156, 432
-0.999722, 181, 353, 196, 368
-0.999733, 115, 145, 130, 160
-0.999737, 137, 151, 152, 166
-0.999737, 141, 461, 156, 476
-0.999739, 111, 189, 126, 204
-0.999745, 97, 81, 224, 112
-0.999746, 125, 147, 140, 162
-0.999754, 133, 339, 148, 354
-0.999766, 127, 353, 142, 368
-0.999767, 133, 451, 148, 466
-0.999769, 193, 329, 208, 344
-0.999774, 161, 183, 176, 198
-0.999778, 97, 267, 112, 282
-0.99978, 143, 149, 158, 164
-0.999784, 127, 255, 142, 270
-0.999787, 183, 223, 198, 238
-0.999789, 1, 121, 318, 184
-0.999803, 137, 385, 152, 400
-0.999806, 131, 149, 146, 164
-0.99981, 257, 193, 288, 320
-0.999815, 109, 179, 124, 194
-0.999825, 103, 209, 118, 224
-0.999836, 97, 213, 112, 228
-0.999848, 49, 81, 176, 112
-0.999857, 85, 97, 116, 352
-0.999857, 145, 33, 272, 64
-0.999857, 1, 37, 128, 68
-0.999857, 193, 41, 318, 72
-0.999857, 49, 45, 176, 76
-0.999857, 97, 45, 224, 76
-0.999857, 145, 45, 272, 76
-0.999857, 1, 49, 128, 80
-0.999857, 193, 53, 318, 84
-0.999857, 49, 57, 176, 88
-0.999857, 97, 57, 224, 88
-0.999857, 145, 57, 272, 88
-0.999857, 1, 61, 128, 92
-0.999857, 193, 65, 318, 96
-0.999857, 49, 69, 176, 100
-0.999857, 97, 69, 224, 100
-0.999857, 145, 69, 272, 100
-0.999857, 1, 73, 128, 104
-0.999857, 193, 77, 318, 108
-0.999857, 193, 89, 318, 120
-0.999857, 193, 101, 318, 132
-0.999857, 193, 113, 318, 144
-0.999857, 193, 125, 318, 156
-0.999871, 65, 1, 318, 64
-0.999873, 73, 283, 88, 298
-0.999881, 65, 33, 318, 96
-0.999891, 179, 419, 194, 434
-0.999896, 111, 197, 126, 212
-0.999905, 177, 211, 192, 226
-0.999924, 197, 311, 212, 326
-0.999971, 261, 193, 292, 448
-1.00001, 225, 129, 256, 384
-1.00001, 113, 1, 144, 256
-1.00002, 109, 131, 124, 146
-1.00002, 149, 333, 164, 348
-1.00006, 189, 161, 220, 288
-1.00009, 129, 33, 256, 160
-1.00013, 289, 97, 318, 352
-1.00015, 277, 129, 308, 384
-1.00018, 175, 385, 190, 400
-1.00023, 17, 225, 48, 480
-1.00037, 53, 353, 84, 480
-1.00039, 1, 129, 32, 384
-1.00054, 41, 225, 72, 480
-1.00058, 53, 225, 84, 480
-1.00068, 249, 129, 280, 384
-1.00068, 29, 193, 60, 448
-1.00073, 165, 1, 196, 256
-1.00077, 13, 129, 44, 384
-1.00082, 1, 113, 128, 176
-1.00082, 73, 97, 104, 352
-1.00093, 89, 1, 120, 256
-1.00096, 1, 97, 318, 160
-1.00096, 197, 97, 228, 352
-1.00096, 61, 129, 92, 384
-1.00105, 237, 97, 268, 352
-1.00119, 41, 129, 72, 384
-1.00125, 209, 97, 240, 352
-1.00127, 185, 33, 216, 288
-1.00128, 33, 209, 64, 336
-1.00139, 193, 177, 318, 240
-1.00143, 265, 97, 296, 352
-1.00147, 25, 97, 56, 352
-1.00155, 1, 1, 318, 64
-1.00157, 1, 57, 318, 120
-1.00162, 1, 33, 318, 96
-1.00172, 69, 1, 100, 256
-1.00173, 285, 1, 316, 256
-1.00179, 53, 1, 84, 256
-1.00179, 41, 1, 72, 256
-1.00183, 13, 33, 44, 288
-1.00197, 29, 1, 60, 256
-1.00199, 273, 177, 304, 304
-1.00199, 1, 33, 32, 288
-1.00201, 245, 1, 276, 256
-1.00205, 273, 1, 304, 256
-1.00209, 257, 1, 288, 256
-1.00211, 225, 1, 256, 256
-1.00216, 209, 1, 240, 256
-1.0022, 41, 353, 72, 480
-1.00228, 197, 1, 228, 256
-1.00233, 5, 177, 36, 304
-1.0027, 81, 145, 112, 272
-1.00296, 49, 209, 80, 336
-1.00323, 29, 353, 60, 480
-1.0036, 245, 193, 276, 320
-1.0036, 121, 33, 152, 160
-1.00431, 165, 81, 196, 208
-1.00453, 21, 177, 52, 304
-1.00468, 97, 57, 224, 120
-1.00475, 193, 1, 318, 64
-1.00482, 193, 153, 318, 216
-1.00518, 17, 1, 144, 64
-1.00525, 49, 57, 176, 120
-1.00538, 97, 9, 224, 72
-1.00538, 145, 9, 272, 72
-1.00538, 193, 25, 318, 88
-1.00538, 49, 33, 176, 96
-1.00538, 97, 33, 224, 96
-1.00538, 145, 33, 272, 96
-1.00538, 1, 41, 128, 104
-1.00538, 193, 49, 318, 112
-1.00538, 193, 73, 318, 136
-1.00538, 193, 97, 318, 160
-1.00558, 17, 353, 48, 480
-1.00598, 145, 57, 272, 120
-1.00601, 81, 81, 208, 144
-1.0062, 193, 121, 318, 184
-1.00628, 145, 33, 176, 160
-1.00636, 89, 49, 120, 176
-1.00716, 65, 1, 192, 128
-1.0075, 285, 113, 316, 240
-1.00768, 105, 17, 136, 144
-1.00778, 69, 145, 100, 272
-1.00798, 65, 49, 192, 176
-1.00834, 137, 1, 200, 128
-1.00862, 273, 129, 304, 256
-1.0089, 89, 1, 152, 128
-1.00925, 193, 33, 318, 160
-1.00933, 177, 49, 208, 176
-1.00969, 289, 1, 318, 128
-1.00976, 25, 145, 88, 272
-1.00987, 1, 1, 32, 128
-1.0099, 277, 1, 308, 128
-1.01012, 265, 49, 296, 176
-1.01012, 289, 49, 318, 176
-1.01012, 45, 65, 76, 192
-1.01012, 201, 65, 232, 192
-1.01012, 213, 65, 244, 192
-1.01012, 277, 65, 308, 192
-1.01012, 57, 81, 88, 208
-1.01012, 69, 81, 100, 208
-1.01012, 9, 97, 40, 224
-1.01012, 21, 97, 52, 224
-1.01012, 33, 97, 64, 224
-1.01012, 225, 97, 256, 224
-1.01012, 237, 97, 268, 224
-1.01012, 249, 97, 280, 224
-1.01012, 261, 97, 292, 224
-1.01012, 45, 113, 76, 240
-1.01012, 205, 113, 236, 240
-1.01012, 57, 129, 88, 256
-1.01095, 257, 1, 318, 128
-1.01098, 257, 97, 318, 224
-1.011, 177, 65, 240, 192
-1.01113, 217, 113, 280, 240
-1.01123, 193, 113, 318, 240
-1.01135, 1, 1, 64, 128
-1.01142, 25, 1, 88, 128
-1.01142, 49, 1, 112, 128
-1.01142, 185, 17, 248, 144
-1.01142, 209, 17, 272, 144
-1.01142, 233, 17, 296, 144
-1.01142, 17, 49, 80, 176
-1.01142, 41, 49, 104, 176
-1.01142, 257, 49, 318, 176
-1.01142, 209, 65, 272, 192
-1.01142, 233, 65, 296, 192
-1.01142, 1, 97, 64, 224
-1.01142, 25, 97, 88, 224
-1.01268, 17, 1, 144, 128
-1.01336, 1, 145, 64, 272
-1.01553, 113, 1, 176, 128
-1.01581, 161, 1, 224, 128
