1674
-0.41228, 1, 1, 432, 256
-0.480113, 1, 1, 432, 256
-0.544375, 97, 1, 352, 256
-0.560709, 1, 1, 256, 256
-0.569721, 193, 1, 432, 256
-0.70896, 97, 1, 352, 256
-0.725577, 1, 1, 256, 256
-0.734745, 193, 1, 432, 256
-0.856955, 1, 49, 432, 176
-0.877649, 33, 1, 160, 256
-0.885739, 113, 1, 240, 256
-0.885849, 305, 1, 432, 256
-0.887933, 33, 1, 160, 256
-0.891341, 193, 1, 320, 256
-0.895271, 257, 1, 384, 256
-0.897937, 1, 113, 432, 240
-0.898986, 113, 1, 240, 256
-0.899136, 305, 1, 432, 256
-0.90664, 193, 1, 320, 256
-0.912009, 257, 1, 384, 256
-0.913008, 33, 49, 288, 176
-0.925648, 1, 81, 128, 208
-0.930107, 97, 33, 224, 160
-0.934186, 129, 49, 384, 176
-0.935322, 49, 49, 176, 176
-0.936613, 1, 97, 256, 224
-0.939941, 49, 97, 176, 224
-0.940796, 121, 113, 184, 240
-0.943303, 73, 49, 136, 176
-0.943528, 193, 129, 432, 256
-0.944457, 1, 97, 64, 224
-0.944795, 49, 65, 112, 192
-0.945649, 1, 1, 432, 128
-0.946352, 185, 97, 248, 224
-0.946918, 97, 113, 352, 240
-0.947894, 113, 33, 176, 160
-0.949089, 305, 129, 432, 256
-0.949491, 97, 113, 160, 240
-0.95042, 129, 97, 256, 224
-0.95121, 153, 65, 216, 192
-0.951299, 305, 65, 432, 192
-0.951448, 145, 49, 272, 176
-0.951468, 145, 113, 208, 240
-0.951867, 369, 65, 432, 192
-0.952818, 329, 113, 392, 240
-0.953328, 337, 65, 400, 192
-0.954085, 209, 129, 336, 256
-0.954344, 369, 129, 432, 256
-0.955032, 25, 81, 88, 208
-0.958368, 297, 65, 360, 192
-0.959524, 1, 129, 128, 256
-0.961502, 209, 49, 272, 176
-0.961648, 273, 57, 336, 120
-0.962609, 73, 129, 136, 256
-0.963792, 257, 113, 384, 240
-0.964337, 129, 1, 384, 128
-0.965309, 113, 129, 176, 192
-0.965322, 209, 73, 272, 136
-0.966146, 25, 89, 88, 152
-0.966284, 105, 41, 168, 104
-0.966336, 217, 153, 280, 216
-0.966455, 193, 161, 256, 224
-0.966472, 177, 49, 240, 176
-0.966855, 257, 49, 384, 176
-0.966965, 73, 49, 136, 112
-0.96721, 369, 73, 432, 136
-0.967452, 209, 113, 272, 240
-0.967499, 241, 57, 304, 120
-0.967596, 305, 169, 368, 232
-0.967659, 49, 113, 112, 240
-0.967781, 49, 81, 112, 144
-0.968377, 273, 129, 336, 256
-0.96843, 89, 97, 152, 160
-0.968499, 297, 113, 360, 240
-0.968542, 169, 153, 232, 216
-0.968657, 177, 49, 240, 112
-0.968777, 193, 49, 320, 176
-0.9688, 369, 145, 432, 208
-0.968974, 233, 81, 296, 208
-0.969242, 153, 73, 216, 136
-0.969281, 89, 137, 152, 200
-0.969335, 65, 49, 192, 112
-0.969373, 201, 49, 264, 112
-0.969617, 177, 57, 304, 120
-0.969775, 217, 177, 280, 240
-0.970226, 1, 105, 64, 168
-0.970288, 153, 105, 216, 168
-0.970338, 193, 137, 256, 200
-0.970968, 337, 145, 400, 208
-0.970989, 177, 81, 240, 144
-0.971134, 1, 137, 64, 200
-0.971363, 337, 113, 400, 176
-0.971428, 101, 33, 132, 160
-0.971428, 13, 97, 44, 224
-0.97145, 281, 177, 344, 240
-0.971674, 113, 97, 176, 160
-0.971846, 137, 153, 200, 216
-0.9719, 153, 49, 216, 112
-0.972112, 313, 145, 376, 208
-0.972166, 273, 65, 400, 128
-0.972276, 17, 81, 144, 144
-0.972551, 129, 145, 256, 208
-0.972787, 249, 81, 312, 144
-0.973002, 353, 169, 416, 232
-0.973311, 169, 129, 232, 192
-0.973349, 305, 153, 432, 216
-0.973534, 193, 185, 256, 248
-0.973556, 385, 65, 416, 192
-0.97361, 49, 57, 112, 120
-0.973859, 369, 97, 432, 160
-0.974333, 133, 113, 164, 240
-0.97437, 265, 153, 328, 216
-0.974384, 397, 65, 428, 192
-0.974393, 233, 129, 296, 256
-0.97457, 33, 137, 160, 200
-0.974842, 113, 81, 144, 208
-0.974876, 241, 177, 304, 240
-0.974914, 169, 177, 232, 240
-0.974995, 225, 57, 352, 120
-0.975177, 81, 121, 208, 184
-0.975193, 257, 65, 288, 128
-0.975254, 129, 57, 256, 120
-0.975287, 329, 65, 392, 128
-0.975362, 153, 17, 216, 144
-0.975395, 297, 57, 360, 120
-0.975427, 33, 1, 288, 128
-0.975635, 89, 49, 120, 176
-0.975879, 129, 73, 192, 136
-0.975926, 113, 153, 176, 216
-0.975978, 209, 153, 336, 216
-0.976042, 13, 113, 44, 176
-0.976144, 305, 121, 368, 184
-0.976185, 189, 113, 220, 240
-0.976215, 193, 113, 256, 176
-0.976363, 1, 113, 128, 176
-0.976775, 33, 81, 64, 208
-0.97691, 193, 81, 320, 144
-0.976997, 65, 137, 128, 200
-0.977078, 385, 73, 416, 136
-0.977084, 121, 129, 152, 192
-0.977349, 69, 65, 100, 128
-0.977375, 129, 185, 192, 248
-0.977441, 137, 129, 200, 192
-0.977516, 73, 73, 136, 136
-0.977587, 145, 113, 176, 240
-0.977674, 329, 169, 392, 232
-0.977701, 129, 49, 192, 112
-0.977785, 337, 113, 368, 240
-0.977806, 125, 33, 156, 160
-0.977844, 81, 185, 144, 248
-0.977941, 9, 177, 72, 240
-0.977952, 241, 153, 304, 216
-0.977973, 65, 113, 128, 176
-0.97811, 101, 81, 132, 208
-0.978329, 293, 57, 324, 120
-0.978652, 37, 89, 68, 152
-0.978659, 193, 137, 224, 200
-0.978859, 33, 153, 96, 216
-0.979063, 269, 57, 300, 120
-0.979158, 233, 129, 296, 192
-0.979192, 25, 129, 56, 192
-0.979351, 197, 49, 228, 112
-0.979359, 273, 129, 336, 192
-0.979419, 305, 193, 368, 256
-0.979472, 69, 49, 100, 176
-0.979474, 241, 177, 368, 240
-0.979502, 385, 129, 416, 256
-0.979542, 325, 129, 356, 256
-0.979591, 161, 177, 288, 240
-0.979702, 157, 97, 188, 224
-0.979743, 401, 113, 432, 240
-0.97981, 161, 33, 192, 160
-0.979858, 9, 137, 40, 200
-0.979967, 317, 153, 348, 216
-0.979971, 305, 17, 432, 144
-0.979996, 249, 33, 312, 96
-0.98017, 57, 193, 120, 256
-0.980307, 257, 49, 320, 176
-0.980389, 105, 1, 168, 256
-0.98042, 129, 121, 256, 184
-0.980426, 369, 145, 400, 208
-0.980487, 133, 121, 164, 184
-0.980565, 369, 121, 432, 184
-0.980603, 245, 65, 276, 128
-0.980631, 25, 129, 88, 256
-0.980697, 341, 145, 372, 208
-0.980787, 297, 97, 360, 160
-0.980811, 81, 97, 208, 160
-0.980899, 185, 49, 216, 176
-0.980944, 137, 49, 168, 176
-0.981044, 105, 177, 168, 240
-0.981048, 225, 169, 256, 232
-0.981073, 33, 185, 96, 248
-0.98109, 145, 25, 208, 88
-0.981223, 113, 33, 144, 160
-0.981234, 161, 81, 192, 144
-0.981251, 201, 129, 232, 256
-0.981329, 49, 81, 80, 208
-0.981333, 89, 1, 152, 128
-0.981359, 273, 81, 336, 144
-0.981368, 329, 193, 392, 256
-0.981384, 337, 89, 400, 152
-0.981413, 397, 145, 428, 208
-0.981426, 129, 89, 256, 152
-0.981435, 337, 17, 400, 144
-0.981527, 129, 1, 192, 256
-0.981615, 225, 33, 288, 96
-0.981662, 365, 113, 396, 240
-0.981723, 145, 1, 272, 128
-0.981903, 57, 1, 120, 256
-0.982019, 113, 129, 144, 256
-0.982041, 205, 81, 236, 208
-0.982167, 25, 113, 88, 176
-0.982289, 97, 73, 160, 136
-0.982431, 137, 153, 168, 216
-0.982507, 33, 193, 160, 256
-0.982572, 153, 1, 216, 256
-0.982586, 81, 49, 112, 112
-0.982664, 109, 129, 140, 192
-0.982686, 281, 49, 312, 112
-0.982699, 205, 153, 236, 216
-0.982704, 133, 41, 164, 104
-0.982805, 313, 17, 376, 144
-0.982874, 361, 193, 424, 256
-0.982907, 225, 49, 256, 112
-0.982929, 369, 1, 432, 256
-0.982943, 81, 153, 208, 216
-0.982986, 317, 65, 348, 192
-0.983016, 217, 1, 280, 256
-0.983169, 329, 145, 360, 208
-0.983169, 37, 121, 68, 184
-0.983208, 225, 145, 256, 208
-0.983223, 209, 81, 240, 144
-0.983238, 305, 113, 432, 176
-0.983298, 197, 81, 228, 144
-0.983339, 337, 169, 368, 232
-0.983342, 385, 169, 416, 232
-0.983344, 169, 153, 200, 216
-0.983364, 81, 1, 144, 256
-0.983458, 369, 49, 432, 112
-0.983606, 373, 65, 404, 192
-0.983652, 1, 97, 32, 224
-0.983663, 25, 97, 56, 160
-0.983688, 97, 17, 160, 80
-0.983698, 217, 105, 280, 168
-0.983774, 53, 81, 84, 144
-0.983785, 101, 81, 132, 144
-0.983837, 173, 49, 204, 112
-0.983865, 1, 169, 128, 232
-0.983913, 193, 1, 256, 256
-0.983918, 1, 105, 32, 168
-0.983966, 321, 41, 384, 104
-0.983995, 289, 33, 352, 96
-0.98408, 397, 73, 428, 136
-0.984169, 113, 177, 240, 240
-0.984241, 305, 177, 336, 240
-0.984342, 341, 49, 372, 176
-0.984387, 241, 129, 368, 192
-0.984412, 241, 105, 304, 168
-0.984581, 329, 1, 392, 256
-0.984597, 353, 169, 384, 232
-0.984785, 237, 169, 268, 232
-0.984829, 249, 161, 280, 224
-0.984939, 17, 57, 80, 120
-0.984984, 257, 1, 320, 256
-0.985078, 105, 41, 136, 104
-0.985209, 177, 25, 240, 88
-0.985236, 33, 33, 96, 96
-0.985285, 185, 73, 216, 136
-0.985374, 89, 113, 120, 240
-0.985388, 65, 73, 192, 136
-0.985567, 173, 73, 204, 136
-0.985591, 213, 177, 244, 240
-0.985632, 209, 57, 240, 120
-0.985663, 281, 73, 312, 136
-0.985678, 81, 161, 144, 224
-0.985712, 177, 129, 208, 256
-0.985726, 233, 33, 296, 160
-0.985779, 149, 153, 180, 216
-0.985859, 229, 129, 260, 256
-0.985873, 321, 193, 352, 256
-0.985986, 153, 49, 184, 112
-0.986006, 1, 33, 128, 160
-0.986034, 181, 137, 212, 200
-0.986039, 85, 81, 116, 144
-0.986116, 149, 33, 180, 160
-0.986129, 173, 33, 204, 160
-0.986135, 57, 161, 120, 224
-0.9862, 145, 121, 176, 184
-0.986248, 205, 129, 236, 192
-0.986252, 317, 129, 348, 192
-0.986326, 273, 105, 336, 168
-0.986332, 25, 129, 56, 256
-0.98648, 121, 105, 152, 168
-0.986661, 49, 137, 80, 200
-0.986679, 85, 113, 116, 176
-0.986712, 1, 81, 64, 144
-0.986792, 185, 113, 216, 176
-0.986794, 361, 17, 424, 144
-0.986861, 105, 1, 168, 256
-0.986912, 357, 65, 388, 192
-0.98696, 329, 121, 360, 184
-0.987011, 193, 1, 256, 128
-0.987037, 237, 145, 268, 208
-0.98723, 281, 1, 344, 256
-0.987244, 293, 161, 324, 224
-0.987257, 89, 145, 120, 208
-0.987282, 73, 25, 136, 88
-0.987315, 289, 177, 416, 240
-0.987406, 37, 153, 68, 216
-0.987407, 249, 49, 280, 176
-0.987497, 129, 1, 192, 256
-0.987506, 353, 113, 384, 176
-0.987511, 341, 113, 372, 176
-0.987576, 121, 41, 152, 104
-0.987608, 349, 113, 380, 240
-0.987697, 17, 57, 144, 120
-0.987707, 57, 1, 120, 256
-0.987731, 97, 113, 128, 176
-0.987781, 261, 177, 292, 240
-0.987822, 253, 129, 284, 256
-0.987871, 389, 121, 420, 184
-0.987878, 269, 81, 300, 144
-0.987888, 185, 49, 216, 112
-0.987897, 217, 129, 248, 256
-0.987927, 273, 41, 400, 104
-0.987949, 197, 33, 228, 160
-0.987954, 257, 153, 384, 216
-0.987957, 173, 81, 204, 208
-0.987984, 305, 89, 432, 152
-0.988054, 129, 33, 256, 96
-0.988081, 153, 1, 216, 256
-0.988098, 365, 113, 396, 176
-0.988212, 345, 41, 408, 104
-0.988266, 121, 17, 184, 80
-0.988274, 9, 1, 72, 256
-0.98828, 369, 1, 432, 256
-0.98831, 281, 177, 312, 240
-0.988312, 373, 73, 404, 136
-0.988327, 361, 65, 392, 128
-0.988328, 217, 1, 280, 256
-0.988402, 309, 57, 340, 120
-0.988472, 1, 161, 32, 224
-0.988523, 81, 1, 144, 256
-0.988541, 77, 129, 108, 256
-0.988543, 193, 33, 320, 96
-0.988673, 201, 25, 264, 88
-0.988803, 401, 105, 432, 168
-0.988829, 193, 1, 256, 256
-0.98884, 93, 41, 124, 104
-0.988867, 1, 185, 32, 248
-0.988891, 97, 45, 160, 76
-0.988911, 25, 33, 88, 160
-0.98894, 101, 129, 132, 256
-0.989013, 333, 193, 364, 256
-0.989081, 221, 73, 252, 136
-0.989111, 145, 177, 176, 240
-0.989164, 125, 153, 156, 216
-0.989168, 305, 153, 336, 216
-0.989202, 329, 1, 392, 256
-0.989205, 153, 53, 216, 84
-0.989214, 305, 1, 368, 256
-0.989268, 65, 49, 320, 112
-0.989298, 41, 85, 104, 116
-0.989427, 257, 1, 320, 256
-0.989432, 329, 65, 360, 192
-0.989455, 193, 157, 256, 188
-0.989457, 305, 129, 336, 256
-0.989472, 185, 53, 248, 84
-0.989498, 1, 65, 432, 128
-0.989503, 89, 89, 152, 120
-0.989519, 249, 57, 312, 88
-0.989519, 281, 65, 344, 96
-0.989537, 25, 177, 56, 240
-0.989566, 109, 105, 140, 168
-0.989569, 33, 1, 96, 256
-0.989603, 13, 193, 44, 256
-0.989679, 353, 145, 384, 208
-0.989712, 161, 109, 224, 140
-0.989738, 1, 153, 64, 184
-0.989742, 1, 113, 64, 144
-0.989799, 225, 193, 256, 256
-0.98981, 217, 169, 280, 200
-0.989885, 81, 141, 144, 172
-0.989895, 369, 77, 432, 108
-0.989928, 185, 177, 216, 240
-0.989954, 93, 193, 124, 256
-0.989981, 157, 105, 188, 168
-0.989983, 89, 117, 152, 148
-0.989985, 121, 129, 184, 160
-0.990007, 217, 69, 280, 100
-0.990038, 241, 73, 304, 104
-0.990044, 217, 157, 280, 188
-0.990044, 177, 129, 304, 192
-0.990076, 313, 173, 376, 204
-0.99012, 105, 149, 168, 180
-0.990138, 401, 185, 432, 248
-0.990208, 249, 185, 280, 248
-0.990239, 153, 81, 216, 112
-0.990294, 265, 97, 296, 224
-0.990308, 241, 89, 368, 152
-0.990347, 193, 65, 432, 128
-0.990352, 121, 101, 184, 132
-0.990407, 157, 177, 188, 240
-0.990411, 133, 193, 164, 256
-0.990453, 313, 153, 376, 184
-0.990472, 217, 57, 280, 88
-0.990517, 65, 77, 128, 108
-0.99054, 281, 129, 312, 256
-0.990544, 197, 105, 228, 168
-0.990557, 41, 149, 104, 180
-0.990568, 345, 169, 408, 200
-0.990603, 197, 193, 228, 256
-0.990649, 337, 69, 400, 100
-0.99065, 193, 145, 256, 176
-0.99065, 305, 65, 368, 96
-0.990682, 281, 1, 344, 256
-0.990694, 209, 81, 272, 112
-0.990699, 113, 81, 144, 144
-0.990742, 273, 169, 336, 200
-0.990746, 153, 121, 216, 152
-0.990759, 345, 145, 408, 176
-0.990773, 13, 169, 44, 232
-0.990787, 65, 1, 128, 128
-0.990798, 193, 169, 432, 232
-0.990808, 81, 153, 144, 184
-0.990814, 1, 137, 64, 168
-0.990829, 81, 129, 144, 160
-0.990833, 329, 117, 392, 148
-0.990894, 1, 101, 64, 132
-0.990901, 161, 97, 224, 128
-0.990904, 369, 177, 432, 208
-0.990925, 129, 161, 192, 192
-0.990928, 121, 45, 184, 76
-0.990934, 17, 89, 80, 120
-0.990953, 345, 157, 408, 188
-0.990972, 105, 161, 168, 192
-0.990985, 137, 65, 168, 128
-0.990994, 273, 185, 336, 216
-0.991003, 149, 81, 180, 144
-0.991032, 273, 157, 336, 188
-0.991089, 121, 113, 184, 144
-0.991099, 49, 9, 112, 72
-0.991135, 369, 145, 432, 176
-0.991148, 185, 97, 248, 128
-0.991203, 153, 161, 216, 192
-0.991223, 65, 121, 96, 184
-0.991254, 381, 145, 412, 208
-0.991265, 9, 1, 72, 256
-0.991277, 1, 145, 256, 208
-0.991313, 73, 1, 136, 64
-0.991326, 365, 169, 396, 232
-0.991327, 337, 189, 400, 220
-0.991341, 9, 177, 72, 208
-0.991346, 261, 153, 292, 216
-0.991416, 169, 193, 200, 256
-0.991417, 193, 117, 256, 148
-0.991451, 369, 133, 432, 164
-0.991461, 49, 1, 176, 128
-0.991462, 193, 1, 320, 128
-0.991478, 193, 65, 256, 96
-0.991479, 281, 77, 344, 108
-0.99149, 237, 49, 268, 176
-0.991529, 377, 121, 408, 184
-0.991531, 25, 101, 88, 132
-0.991555, 237, 41, 268, 104
-0.991556, 73, 53, 136, 84
-0.99157, 1, 81, 256, 144
-0.99159, 193, 185, 256, 216
-0.991614, 217, 185, 280, 216
-0.99162, 57, 137, 120, 168
-0.991647, 193, 173, 256, 204
-0.991655, 369, 105, 432, 136
-0.991655, 37, 129, 68, 256
-0.991676, 89, 105, 152, 136
-0.991686, 241, 1, 368, 128
-0.991688, 297, 141, 360, 172
-0.991715, 169, 65, 232, 96
-0.991718, 65, 89, 128, 120
-0.991739, 113, 185, 144, 248
-0.991771, 89, 201, 152, 232
-0.99179, 305, 1, 368, 256
-0.991809, 241, 169, 304, 200
-0.991818, 297, 185, 360, 216
-0.991824, 345, 193, 376, 256
-0.991842, 369, 157, 432, 188
-0.99185, 233, 73, 264, 136
-0.99185, 185, 81, 248, 112
-0.99186, 217, 145, 280, 176
-0.991878, 113, 153, 144, 184
-0.99192, 281, 53, 344, 84
-0.991926, 241, 157, 304, 188
-0.991927, 241, 85, 304, 116
-0.99194, 257, 41, 288, 104
-0.991949, 161, 145, 416, 208
-0.991974, 1, 165, 64, 196
-0.991978, 145, 65, 208, 96
-0.991986, 65, 65, 128, 96
-0.991988, 33, 1, 96, 256
-0.99201, 121, 89, 184, 120
-0.992022, 49, 105, 112, 136
-0.992028, 297, 197, 360, 228
-0.992031, 381, 97, 412, 160
-0.992042, 17, 125, 80, 156
-0.992049, 49, 193, 80, 256
-0.992053, 209, 33, 240, 160
-0.992078, 121, 177, 184, 208
-0.992085, 65, 213, 128, 244
-0.992119, 69, 145, 100, 208
-0.992131, 9, 133, 40, 164
-0.992154, 49, 201, 112, 232
-0.992175, 9, 189, 72, 220
-0.992176, 37, 89, 68, 120
-0.992202, 25, 161, 88, 192
-0.992212, 121, 73, 184, 104
-0.992224, 17, 145, 48, 176
-0.992235, 157, 129, 188, 192
-0.992255, 1, 89, 432, 152
-0.992259, 153, 49, 184, 80
-0.992262, 321, 137, 384, 168
-0.992293, 193, 133, 256, 164
-0.992313, 153, 149, 216, 180
-0.992353, 253, 121, 284, 184
-0.992366, 169, 197, 232, 228
-0.992371, 29, 145, 60, 176
-0.992373, 233, 133, 296, 164
-0.992381, 297, 129, 360, 160
-0.992385, 269, 61, 300, 92
-0.99246, 257, 145, 320, 176
-0.992461, 89, 149, 120, 180
-0.992465, 129, 141, 192, 172
-0.992471, 361, 189, 424, 220
-0.992473, 273, 197, 336, 228
-0.992479, 137, 89, 168, 152
-0.992498, 169, 137, 232, 168
-0.992503, 241, 129, 272, 256
-0.992521, 145, 41, 208, 72
-0.992552, 9, 121, 40, 152
-0.992558, 225, 165, 256, 196
-0.992606, 289, 61, 320, 92
-0.992607, 1, 201, 64, 232
-0.992631, 249, 185, 312, 216
-0.992639, 205, 85, 236, 116
-0.99265, 145, 209, 208, 240
-0.99265, 193, 53, 224, 84
-0.992655, 113, 129, 144, 160
-0.992657, 125, 149, 156, 180
-0.992657, 369, 149, 400, 180
-0.992663, 9, 217, 72, 248
-0.992664, 69, 77, 100, 108
-0.992665, 49, 113, 80, 176
-0.992674, 5, 153, 36, 184
-0.992682, 41, 121, 104, 152
-0.992716, 81, 57, 112, 88
-0.992729, 341, 145, 372, 176
-0.992733, 369, 93, 432, 124
-0.992746, 97, 177, 160, 208
-0.992768, 29, 125, 60, 156
-0.992773, 205, 157, 236, 188
-0.992802, 249, 9, 312, 72
-0.992809, 25, 205, 88, 236
-0.992821, 273, 133, 336, 164
-0.992838, 101, 145, 132, 176
-0.99284, 369, 117, 432, 148
-0.992841, 237, 157, 268, 188
-0.992846, 121, 61, 184, 92
-0.992852, 37, 65, 68, 128
-0.992864, 113, 141, 144, 172
-0.992876, 201, 205, 264, 236
-0.992877, 81, 165, 144, 196
-0.9929, 345, 105, 408, 136
-0.992901, 89, 1, 120, 128
-0.992905, 313, 153, 344, 184
-0.992911, 329, 57, 392, 88
-0.992914, 165, 53, 196, 84
-0.992924, 121, 205, 184, 236
-0.992929, 385, 77, 416, 108
-0.99294, 13, 101, 44, 132
-0.992942, 169, 209, 232, 240
-0.992981, 289, 9, 352, 72
-0.99299, 245, 89, 276, 152
-0.992997, 33, 217, 96, 248
-0.992998, 17, 161, 48, 192
-0.993004, 1, 145, 432, 208
-0.993007, 105, 89, 136, 120
-0.99301, 241, 197, 304, 228
-0.993011, 189, 93, 220, 124
-0.99302, 129, 45, 160, 76
-0.993025, 125, 161, 156, 192
-0.993026, 105, 189, 168, 220
-0.993027, 89, 213, 152, 244
-0.993029, 105, 45, 136, 76
-0.993032, 161, 81, 192, 112
-0.99304, 97, 177, 352, 240
-0.993058, 113, 161, 144, 224
-0.993061, 369, 65, 432, 96
-0.993066, 17, 49, 48, 176
-0.993066, 369, 1, 432, 64
-0.993078, 169, 181, 232, 212
-0.993091, 145, 161, 176, 192
-0.993105, 89, 89, 120, 120
-0.993116, 145, 197, 208, 228
-0.993116, 1, 121, 256, 184
-0.993123, 313, 173, 344, 204
-0.993143, 233, 109, 296, 140
-0.993153, 369, 25, 432, 88
-0.993159, 53, 85, 84, 116
-0.993166, 273, 117, 336, 148
-0.993172, 1, 17, 64, 80
-0.993177, 269, 73, 300, 104
-0.993178, 401, 77, 432, 108
-0.993179, 257, 61, 288, 92
-0.993195, 133, 129, 164, 160
-0.993196, 225, 57, 256, 88
-0.993201, 345, 1, 408, 64
-0.993207, 221, 73, 252, 104
-0.993227, 301, 169, 332, 200
-0.993239, 353, 149, 384, 180
-0.993241, 197, 141, 228, 172
-0.993244, 257, 73, 288, 104
-0.993305, 177, 81, 208, 112
-0.993309, 177, 161, 208, 192
-0.993315, 273, 1, 336, 128
-0.993322, 37, 157, 68, 188
-0.993338, 341, 157, 372, 188
-0.993341, 401, 145, 432, 176
-0.993341, 81, 25, 208, 88
-0.993348, 157, 161, 188, 192
-0.993356, 93, 49, 124, 80
-0.99338, 337, 117, 368, 148
-0.993388, 325, 153, 356, 184
-0.993412, 129, 89, 384, 152
-0.993425, 301, 185, 332, 216
-0.99343, 361, 69, 392, 100
-0.99344, 381, 157, 412, 188
-0.99344, 333, 65, 364, 128
-0.993476, 141, 45, 172, 76
-0.993489, 241, 69, 272, 100
-0.993501, 25, 113, 56, 144
-0.993502, 157, 93, 188, 124
-0.993503, 217, 153, 248, 184
-0.993504, 189, 157, 220, 188
-0.993505, 189, 81, 220, 112
-0.993524, 33, 177, 64, 208
-0.993529, 353, 173, 384, 204
-0.993533, 249, 157, 280, 188
-0.993535, 329, 141, 360, 172
-0.993536, 309, 65, 340, 96
-0.993549, 117, 45, 148, 76
-0.993556, 397, 173, 428, 204
-0.993579, 125, 177, 156, 208
-0.993594, 245, 81, 276, 112
-0.9936, 401, 105, 432, 136
-0.993604, 153, 69, 184, 100
-0.993605, 197, 117, 228, 148
-0.99362, 289, 73, 320, 104
-0.993624, 313, 185, 344, 216
-0.993625, 365, 169, 396, 200
-0.993631, 85, 113, 116, 144
-0.993632, 193, 121, 432, 184
-0.993632, 221, 185, 252, 216
-0.99364, 161, 105, 192, 136
-0.993643, 181, 53, 212, 84
-0.993649, 177, 69, 208, 100
-0.993654, 201, 169, 232, 200
-0.993658, 65, 49, 192, 80
-0.993658, 145, 125, 176, 156
-0.993661, 65, 89, 96, 120
-0.99367, 125, 117, 156, 148
-0.993673, 141, 177, 172, 208
-0.993682, 281, 185, 312, 216
-0.993689, 241, 169, 272, 200
-0.993692, 49, 145, 80, 176
-0.993702, 185, 117, 216, 148
-0.993707, 389, 133, 420, 164
-0.993717, 329, 65, 360, 96
-0.993724, 177, 1, 240, 64
-0.993724, 273, 65, 400, 96
-0.993732, 197, 129, 228, 160
-0.993743, 241, 57, 272, 88
-0.993751, 209, 53, 240, 84
-0.993751, 397, 161, 428, 192
-0.993754, 109, 165, 140, 196
-0.993761, 381, 181, 412, 212
-0.993769, 177, 101, 208, 132
-0.99377, 221, 33, 252, 160
-0.993786, 317, 137, 348, 168
-0.993788, 77, 153, 108, 184
-0.993799, 377, 169, 408, 200
-0.993807, 345, 189, 376, 220
-0.993815, 197, 105, 228, 136
-0.993818, 353, 161, 384, 192
-0.993819, 49, 205, 80, 236
-0.993837, 245, 145, 276, 176
-0.993842, 157, 117, 188, 148
-0.993846, 333, 197, 364, 228
-0.993847, 365, 117, 396, 148
-0.993854, 301, 157, 332, 188
-0.993865, 145, 1, 208, 64
-0.99388, 261, 153, 292, 184
-0.99388, 301, 197, 332, 228
-0.993881, 85, 137, 116, 168
-0.993891, 101, 117, 132, 148
-0.993925, 141, 93, 172, 124
-0.993929, 385, 121, 416, 152
-0.993936, 261, 85, 292, 116
-0.993939, 185, 145, 216, 176
-0.993943, 37, 101, 68, 132
-0.993952, 141, 65, 172, 96
-0.993953, 113, 117, 144, 148
-0.993992, 313, 17, 376, 80
-0.994084, 1, 49, 32, 176
-0.994125, 17, 89, 144, 120
-0.994134, 283, 57, 298, 120
-0.994284, 193, 57, 320, 88
-0.994306, 227, 161, 242, 224
-0.994319, 17, 105, 32, 168
-0.994344, 145, 53, 272, 84
-0.994385, 97, 121, 352, 184
-0.994417, 1, 169, 256, 232
-0.994443, 203, 137, 218, 200
-0.994506, 209, 161, 336, 192
-0.994631, 265, 65, 280, 128
-0.994642, 1, 121, 432, 184
-0.994656, 39, 89, 54, 152
-0.994661, 271, 65, 286, 128
-0.994761, 325, 153, 340, 216
-0.994766, 305, 65, 336, 192
-0.994778, 217, 1, 280, 64
-0.99479, 1, 185, 432, 248
-0.994842, 365, 17, 396, 144
-0.994886, 29, 113, 44, 176
-0.994887, 225, 73, 352, 104
-0.994899, 1, 41, 432, 104
-0.994909, 129, 157, 256, 188
-0.994921, 257, 65, 272, 128
-0.994949, 33, 153, 160, 184
-0.994974, 289, 49, 304, 112
-0.994988, 277, 57, 292, 120
-0.995093, 341, 145, 356, 208
-0.995094, 293, 129, 324, 256
-0.995114, 315, 169, 330, 232
-0.995115, 65, 129, 96, 256
-0.995196, 25, 9, 88, 72
-0.995205, 215, 49, 230, 112
-0.995233, 65, 61, 192, 92
-0.995235, 415, 73, 430, 136
-0.995256, 33, 141, 160, 172
-0.99526, 145, 65, 272, 96
-0.995265, 135, 121, 150, 184
-0.995269, 81, 57, 96, 120
-0.99529, 1, 49, 64, 176
-0.995317, 75, 65, 90, 128
-0.995355, 411, 105, 426, 168
-0.995379, 65, 125, 192, 156
-0.995409, 209, 173, 336, 204
-0.995412, 123, 129, 138, 192
-0.995416, 3, 153, 18, 216
-0.995449, 163, 161, 178, 224
-0.995469, 113, 137, 128, 200
-0.995512, 347, 137, 362, 200
-0.995523, 251, 65, 266, 128
-0.995531, 217, 153, 232, 216
-0.995534, 65, 101, 192, 132
-0.995541, 193, 193, 432, 256
-0.995583, 97, 77, 224, 108
-0.995588, 1, 177, 16, 240
-0.995595, 387, 73, 402, 136
-0.995599, 401, 73, 416, 136
-0.995615, 289, 157, 416, 188
-0.995664, 193, 41, 432, 104
-0.99567, 197, 137, 212, 200
-0.995696, 145, 121, 160, 184
-0.995714, 51, 81, 66, 144
-0.995742, 387, 153, 402, 216
-0.995745, 209, 49, 224, 112
-0.995745, 193, 85, 320, 116
-0.995755, 245, 145, 260, 208
-0.995763, 233, 145, 248, 208
-0.995775, 65, 113, 192, 144
-0.995797, 199, 49, 214, 112
-0.995799, 201, 89, 216, 152
-0.995817, 1, 121, 128, 152
-0.995829, 339, 113, 354, 176
-0.995839, 149, 41, 164, 104
-0.995846, 335, 137, 350, 200
-0.995852, 81, 89, 208, 120
-0.995855, 161, 169, 288, 200
-0.995874, 211, 129, 226, 192
-0.995894, 163, 81, 178, 144
-0.995906, 113, 105, 240, 136
-0.995909, 227, 185, 242, 248
-0.995916, 397, 161, 412, 224
-0.995945, 11, 185, 26, 248
-0.995947, 153, 153, 168, 216
-0.995952, 57, 33, 88, 160
-0.99596, 381, 137, 396, 200
-0.995961, 227, 137, 242, 200
-0.99597, 49, 77, 176, 108
-0.995974, 101, 145, 116, 208
-0.995982, 297, 57, 312, 120
-0.995984, 325, 17, 356, 144
-0.995986, 51, 137, 66, 200
-0.995998, 1, 105, 128, 136
-0.996001, 169, 161, 184, 224
-0.996012, 97, 145, 224, 176
-0.996021, 305, 125, 432, 156
-0.996025, 221, 177, 236, 240
-0.996046, 29, 145, 44, 208
-0.99605, 315, 145, 330, 208
-0.996056, 89, 49, 104, 112
-0.996062, 209, 185, 336, 216
-0.996063, 137, 1, 168, 128
-0.996064, 417, 105, 432, 168
-0.996072, 153, 129, 168, 192
-0.996086, 99, 81, 114, 144
-0.996101, 237, 185, 252, 248
-0.996104, 273, 77, 400, 108
-0.996105, 201, 113, 216, 176
-0.996113, 95, 121, 110, 184
-0.996154, 129, 117, 256, 148
-0.996159, 211, 81, 226, 144
-0.996163, 177, 149, 304, 180
-0.996163, 253, 161, 268, 224
-0.996173, 411, 129, 426, 192
-0.996175, 105, 41, 120, 104
-0.996179, 385, 17, 416, 144
-0.996183, 305, 169, 432, 200
-0.996198, 409, 73, 424, 136
-0.996199, 341, 169, 356, 232
-0.996223, 1, 25, 128, 88
-0.996265, 177, 105, 304, 168
-0.99628, 91, 81, 106, 144
-0.99628, 135, 153, 150, 216
-0.996285, 193, 113, 208, 176
-0.996285, 323, 177, 338, 240
-0.996325, 173, 73, 188, 136
-0.99635, 23, 129, 38, 192
-0.996359, 309, 177, 324, 240
-0.99637, 57, 81, 72, 144
-0.996394, 49, 197, 176, 228
-0.996395, 191, 153, 206, 216
-0.996398, 97, 25, 352, 88
-0.996407, 217, 81, 232, 144
-0.996425, 175, 153, 190, 216
-0.99643, 305, 145, 432, 176
-0.996437, 81, 157, 208, 188
-0.99644, 225, 57, 240, 120
-0.99645, 129, 121, 144, 184
-0.996453, 45, 33, 76, 160
-0.996473, 141, 153, 156, 216
-0.996476, 245, 169, 260, 232
-0.996479, 335, 177, 350, 240
-0.996496, 395, 73, 410, 136
-0.9965, 161, 185, 288, 216
-0.996508, 1, 193, 256, 256
-0.996515, 261, 49, 292, 176
-0.99653, 95, 49, 110, 112
-0.996534, 273, 181, 400, 212
-0.996541, 35, 145, 50, 208
-0.996547, 113, 173, 240, 204
-0.996549, 89, 121, 104, 184
-0.996553, 185, 153, 200, 216
-0.996555, 405, 105, 420, 168
-0.996556, 129, 89, 256, 120
-0.996566, 281, 81, 296, 144
-0.996579, 289, 73, 304, 136
-0.996592, 245, 65, 260, 128
-0.996593, 113, 41, 128, 104
-0.996598, 147, 153, 162, 216
-0.996602, 127, 41, 142, 104
-0.996605, 145, 77, 272, 108
-0.996606, 33, 209, 160, 240
-0.996623, 189, 49, 204, 112
-0.996623, 65, 81, 80, 144
-0.996624, 393, 137, 408, 200
-0.996625, 11, 129, 26, 192
-0.996632, 141, 41, 156, 104
-0.996642, 59, 129, 74, 192
-0.996653, 163, 49, 178, 112
-0.996654, 117, 81, 132, 144
-0.996656, 109, 169, 124, 232
-0.996667, 127, 97, 142, 160
-0.996674, 391, 177, 406, 240
-0.99671, 381, 73, 396, 136
-0.996765, 1, 185, 128, 216
-0.996777, 347, 113, 362, 176
-0.996778, 225, 149, 352, 180
-0.996792, 377, 113, 392, 176
-0.996794, 239, 161, 254, 224
-0.996804, 355, 145, 370, 208
-0.996806, 225, 137, 352, 168
-0.996812, 375, 161, 390, 224
-0.996831, 305, 113, 432, 144
-0.996833, 413, 153, 428, 216
-0.996837, 305, 49, 320, 112
-0.996845, 35, 177, 50, 240
-0.996846, 193, 177, 208, 240
-0.996847, 153, 65, 168, 128
-0.996859, 347, 169, 362, 232
-0.99688, 113, 133, 240, 164
-0.996884, 319, 57, 334, 120
-0.996897, 13, 153, 28, 216
-0.996912, 97, 185, 224, 216
-0.996916, 45, 145, 60, 208
-0.996921, 169, 185, 184, 248
-0.996932, 405, 145, 420, 208
-0.996944, 279, 177, 294, 240
-0.996945, 211, 153, 226, 216
-0.996946, 121, 41, 136, 104
-0.996947, 129, 145, 144, 208
-0.996994, 241, 197, 368, 228
-0.997016, 289, 193, 416, 224
-0.997114, 241, 53, 368, 84
-0.99712, 81, 209, 208, 240
-0.997138, 33, 165, 160, 196
-0.99715, 129, 205, 256, 236
-0.99715, 289, 101, 416, 132
-0.997197, 137, 1, 168, 256
-0.997197, 225, 81, 256, 208
-0.997208, 123, 153, 138, 184
-0.997272, 257, 169, 384, 200
-0.997287, 225, 125, 352, 156
-0.997299, 113, 1, 144, 256
-0.997351, 197, 1, 228, 256
-0.997465, 285, 61, 300, 92
-0.997467, 49, 177, 176, 208
-0.997472, 115, 153, 130, 184
-0.997472, 225, 109, 352, 140
-0.997479, 397, 17, 428, 144
-0.997504, 37, 153, 52, 184
-0.997548, 201, 93, 216, 124
-0.997569, 27, 153, 42, 184
-0.997579, 289, 89, 416, 120
-0.997605, 193, 205, 320, 236
-0.997606, 113, 41, 240, 72
-0.997636, 411, 105, 426, 136
-0.997645, 177, 129, 304, 160
-0.997651, 1, 77, 128, 108
-0.997666, 227, 169, 242, 200
-0.997685, 1, 197, 128, 228
-0.997721, 39, 89, 54, 120
-0.997724, 123, 129, 138, 160
-0.997761, 257, 1, 288, 256
-0.997763, 15, 113, 30, 144
-0.997768, 1, 221, 128, 252
-0.997768, 97, 1, 128, 256
-0.99777, 75, 69, 90, 100
-0.997776, 385, 1, 416, 256
-0.997777, 13, 153, 28, 184
-0.997782, 19, 153, 34, 184
-0.997823, 31, 141, 46, 172
-0.997836, 27, 121, 42, 152
-0.997842, 231, 153, 246, 184
-0.997845, 201, 157, 216, 188
-0.997846, 115, 141, 130, 172
-0.99785, 237, 157, 252, 188
-0.997853, 279, 61, 294, 92
-0.997865, 65, 1, 96, 256
-0.997866, 17, 101, 32, 132
-0.997868, 169, 49, 184, 80
-0.997874, 385, 77, 400, 108
-0.997885, 341, 141, 356, 172
-0.997886, 119, 85, 134, 116
-0.99789, 145, 161, 160, 192
-0.997896, 383, 145, 398, 176
-0.9979, 411, 133, 426, 164
-0.997904, 43, 153, 58, 184
-0.997915, 417, 141, 432, 172
-0.997915, 73, 1, 104, 128
-0.997919, 215, 157, 230, 188
-0.997922, 103, 145, 118, 176
-0.997929, 221, 157, 236, 188
-0.997936, 315, 153, 330, 184
-0.99794, 193, 45, 320, 76
-0.997941, 177, 117, 304, 148
-0.997955, 193, 53, 208, 84
-0.997968, 341, 157, 356, 188
-0.998004, 211, 85, 226, 116
-0.99801, 135, 129, 150, 160
-0.998021, 57, 85, 72, 116
-0.998022, 129, 153, 144, 184
-0.99803, 373, 145, 388, 176
-0.998047, 211, 145, 226, 176
-0.998048, 289, 213, 416, 244
-0.998051, 249, 61, 312, 76
-0.998052, 273, 65, 336, 80
-0.998057, 291, 57, 306, 88
-0.998068, 155, 161, 170, 192
-0.998075, 313, 169, 328, 200
-0.99808, 49, 89, 64, 120
-0.99808, 355, 157, 370, 188
-0.998084, 175, 161, 190, 192
-0.998092, 331, 153, 346, 184
-0.998095, 177, 97, 304, 128
-0.99812, 257, 69, 272, 100
-0.998124, 1, 37, 128, 68
-0.998126, 175, 49, 190, 80
-0.99813, 229, 57, 244, 88
-0.99813, 105, 49, 168, 64
-0.998131, 93, 85, 108, 116
-0.998132, 109, 153, 124, 184
-0.998133, 161, 49, 176, 80
-0.998138, 57, 133, 72, 164
-0.998142, 393, 161, 408, 192
-0.99815, 21, 141, 36, 172
-0.998154, 137, 45, 152, 76
-0.998158, 217, 61, 280, 76
-0.998162, 21, 117, 36, 148
-0.998164, 201, 141, 216, 172
-0.998166, 137, 161, 152, 192
-0.998168, 149, 1, 180, 256
-0.998168, 281, 73, 296, 104
-0.998172, 251, 149, 266, 180
-0.998175, 355, 145, 370, 176
-0.998178, 411, 117, 426, 148
-0.998179, 85, 57, 100, 88
-0.998189, 163, 161, 178, 192
-0.998191, 245, 157, 260, 188
-0.998194, 147, 45, 162, 76
-0.998206, 225, 73, 240, 104
-0.998209, 365, 145, 380, 176
-0.99821, 91, 141, 106, 172
-0.998215, 17, 61, 144, 92
-0.998217, 41, 89, 104, 104
-0.998218, 269, 1, 300, 256
-0.998223, 47, 141, 62, 172
-0.998225, 89, 109, 104, 140
-0.998228, 113, 165, 128, 196
-0.998229, 125, 1, 156, 256
-0.998233, 1, 149, 16, 180
-0.998236, 417, 105, 432, 136
-0.998236, 325, 153, 340, 184
-0.998239, 51, 153, 66, 184
-0.998242, 319, 173, 334, 204
-0.998251, 107, 45, 122, 76
-0.998253, 405, 137, 420, 168
-0.998254, 317, 61, 332, 92
-0.99826, 313, 185, 328, 216
-0.99826, 241, 73, 304, 88
-0.998262, 155, 49, 170, 80
-0.998263, 163, 69, 178, 100
-0.998263, 273, 61, 288, 92
-0.998266, 375, 69, 390, 100
-0.998272, 297, 61, 312, 92
-0.998272, 37, 141, 52, 172
-0.998274, 7, 149, 22, 180
-0.998276, 37, 113, 52, 144
-0.998277, 411, 77, 426, 108
-0.998284, 245, 69, 260, 100
-0.998284, 191, 81, 206, 112
-0.998291, 349, 145, 364, 176
-0.998293, 209, 225, 336, 256
-0.998295, 115, 45, 130, 76
-0.998298, 145, 55, 208, 70
-0.998305, 185, 57, 248, 72
-0.998311, 275, 73, 290, 104
-0.998315, 325, 165, 340, 196
-0.998316, 411, 145, 426, 176
-0.998317, 131, 165, 146, 196
-0.998318, 15, 141, 30, 172
-0.998322, 41, 165, 56, 196
-0.998324, 393, 173, 408, 204
-0.998324, 369, 177, 432, 192
-0.998324, 201, 81, 216, 112
-0.998325, 181, 53, 196, 84
-0.998329, 185, 1, 216, 128
-0.998329, 417, 169, 432, 200
-0.998332, 81, 93, 144, 108
-0.998333, 1, 25, 256, 88
-0.998335, 365, 169, 380, 200
-0.998338, 133, 141, 148, 172
-0.998341, 119, 165, 134, 196
-0.998341, 217, 57, 232, 88
-0.998343, 313, 69, 376, 84
-0.998343, 247, 57, 262, 88
-0.998345, 329, 65, 344, 96
-0.998349, 383, 157, 398, 188
-0.998353, 287, 73, 302, 104
-0.998354, 81, 147, 144, 162
-0.998359, 235, 57, 250, 88
-0.998367, 335, 141, 350, 172
-0.99837, 257, 81, 272, 112
-0.99837, 417, 181, 432, 212
-0.998371, 241, 89, 368, 120
-0.998374, 153, 65, 168, 96
-0.998375, 357, 1, 388, 256
-0.998376, 193, 113, 208, 144
-0.998378, 11, 189, 26, 220
-0.99838, 145, 129, 160, 160
-0.99838, 49, 121, 64, 152
-0.99838, 123, 141, 138, 172
-0.998385, 243, 169, 258, 200
-0.998385, 391, 77, 406, 108
-0.998386, 65, 89, 80, 120
-0.998411, 297, 157, 360, 172
-0.998421, 161, 225, 288, 256
-0.998429, 161, 1, 192, 256
-0.99843, 369, 79, 432, 94
-0.99843, 369, 147, 432, 162
-0.998438, 121, 111, 184, 126
-0.998445, 197, 127, 228, 142
-0.998445, 9, 197, 40, 212
-0.998446, 301, 199, 332, 214
-0.998446, 205, 167, 236, 182
-0.998447, 397, 147, 428, 162
-0.998447, 365, 119, 396, 134
-0.998447, 33, 181, 64, 196
-0.998448, 89, 155, 120, 170
-0.99845, 317, 183, 348, 198
-0.99845, 325, 203, 356, 218
-0.99845, 337, 169, 400, 184
-0.998451, 129, 177, 160, 192
-0.998455, 37, 105, 68, 120
-0.998455, 221, 187, 252, 202
-0.998455, 317, 137, 348, 152
-0.998456, 325, 153, 356, 168
-0.998456, 65, 91, 96, 106
-0.998456, 197, 121, 228, 136
-0.998456, 73, 73, 104, 88
-0.998458, 157, 103, 188, 118
-0.998459, 249, 85, 280, 100
-0.998459, 33, 161, 64, 176
-0.99846, 29, 149, 60, 164
-0.99846, 197, 157, 228, 172
-0.99846, 113, 127, 144, 142
-0.998461, 321, 167, 352, 182
-0.998461, 357, 157, 388, 172
-0.998463, 121, 129, 184, 144
-0.998464, 189, 85, 220, 100
-0.998464, 13, 111, 44, 126
-0.998465, 185, 159, 248, 174
-0.998466, 81, 1, 112, 256
-0.998466, 197, 141, 228, 156
-0.998466, 385, 145, 416, 160
-0.998469, 397, 165, 428, 180
-0.998469, 169, 161, 200, 176
-0.99847, 189, 111, 220, 126
-0.998471, 257, 71, 288, 86
-0.998471, 121, 49, 152, 64
-0.998473, 245, 165, 276, 180
-0.998474, 21, 177, 52, 192
-0.998474, 217, 169, 280, 184
-0.998475, 85, 121, 116, 136
-0.998476, 277, 165, 308, 180
-0.998476, 125, 153, 156, 168
-0.998476, 289, 59, 320, 74
-0.998476, 161, 77, 192, 92
-0.998478, 33, 143, 64, 158
-0.998478, 337, 69, 368, 84
-0.998479, 385, 171, 416, 186
-0.99848, 161, 97, 192, 112
-0.99848, 145, 129, 176, 144
-0.99848, 365, 73, 396, 88
-0.99848, 141, 95, 172, 110
-0.998482, 353, 171, 384, 186
-0.998482, 17, 99, 48, 114
-0.998482, 293, 77, 324, 92
-0.998483, 145, 161, 176, 176
-0.998484, 113, 163, 144, 178
-0.998484, 153, 57, 184, 72
-0.998484, 261, 85, 292, 100
-0.998487, 89, 149, 120, 164
-0.998488, 133, 131, 164, 146
-0.998488, 185, 103, 216, 118
-0.998489, 213, 57, 244, 72
-0.99849, 9, 127, 40, 142
-0.998491, 185, 91, 216, 106
-0.998491, 373, 167, 404, 182
-0.998492, 1, 149, 32, 164
-0.998493, 177, 83, 208, 98
-0.998493, 321, 193, 352, 208
-0.998494, 337, 119, 368, 134
-0.998496, 257, 165, 288, 180
-0.998496, 341, 151, 372, 166
-0.998498, 333, 197, 364, 212
-0.9985, 241, 79, 272, 94
-0.998501, 29, 117, 60, 132
-0.998501, 237, 157, 268, 172
-0.998501, 89, 141, 152, 156
-0.998502, 397, 79, 428, 94
-0.998502, 289, 53, 416, 84
-0.998502, 217, 157, 280, 172
-0.998503, 273, 165, 336, 180
-0.998503, 1, 115, 64, 130
-0.998503, 385, 161, 416, 176
-0.998504, 209, 81, 272, 96
-0.998505, 397, 177, 428, 192
-0.998506, 209, 157, 240, 172
-0.998508, 273, 67, 304, 82
-0.998509, 321, 177, 352, 192
-0.99851, 297, 71, 328, 86
-0.998513, 37, 127, 68, 142
-0.998513, 337, 157, 368, 172
-0.998513, 13, 105, 44, 120
-0.998514, 185, 161, 216, 176
-0.998516, 13, 157, 44, 172
-0.998517, 105, 91, 136, 106
-0.998517, 249, 67, 312, 82
-0.998517, 101, 149, 132, 164
-0.99852, 385, 151, 416, 166
-0.99852, 121, 133, 152, 148
-0.998521, 313, 171, 376, 186
-0.998524, 133, 49, 164, 64
-0.998526, 373, 157, 404, 172
-0.998528, 293, 163, 324, 178
-0.99853, 301, 169, 332, 184
-0.998533, 353, 151, 384, 166
-0.998534, 161, 83, 192, 98
-0.998534, 25, 129, 56, 144
-0.998534, 201, 57, 232, 72
-0.998534, 29, 137, 60, 152
-0.998536, 153, 121, 216, 136
-0.998538, 313, 155, 344, 170
-0.99854, 13, 117, 44, 132
-0.998541, 273, 73, 304, 88
-0.998543, 321, 67, 352, 82
-0.998544, 221, 83, 252, 98
-0.998544, 337, 151, 400, 166
-0.998547, 189, 97, 220, 112
-0.99855, 89, 91, 120, 106
-0.998551, 161, 111, 224, 126
-0.998551, 109, 143, 140, 158
-0.998554, 1, 157, 64, 172
-0.998554, 13, 145, 44, 160
-0.998555, 53, 89, 84, 104
-0.998555, 9, 133, 40, 148
-0.998556, 85, 57, 116, 72
-0.998557, 113, 155, 144, 170
-0.998561, 233, 163, 296, 178
-0.998563, 165, 53, 196, 68
-0.998565, 289, 71, 352, 86
-0.998565, 205, 87, 236, 102
-0.998567, 229, 169, 260, 184
-0.998568, 1, 155, 32, 170
-0.998569, 369, 141, 432, 156
-0.99857, 25, 155, 56, 170
-0.998571, 181, 53, 212, 68
-0.998575, 105, 155, 168, 170
-0.998575, 241, 209, 368, 240
-0.998578, 149, 51, 180, 66
-0.998578, 309, 67, 340, 82
-0.998581, 225, 67, 288, 82
-0.998583, 385, 79, 416, 94
-0.998583, 313, 179, 376, 194
-0.998584, 37, 93, 68, 108
-0.998585, 89, 119, 152, 134
-0.99859, 101, 49, 132, 64
-0.998591, 293, 65, 324, 80
-0.998595, 129, 49, 192, 64
-0.998595, 241, 61, 272, 76
-0.998599, 369, 151, 400, 166
-0.998599, 305, 225, 432, 256
-0.9986, 1, 107, 64, 122
-0.998605, 161, 105, 224, 120
-0.998609, 225, 59, 256, 74
-0.998614, 69, 85, 100, 100
-0.998614, 353, 157, 416, 172
-0.998616, 9, 139, 40, 154
-0.998616, 273, 59, 336, 74
-0.998619, 257, 63, 288, 78
-0.998622, 329, 119, 392, 134
-0.998629, 121, 95, 184, 110
-0.998629, 113, 221, 240, 252
-0.998638, 65, 85, 128, 100
-0.998642, 49, 37, 176, 68
-0.998646, 369, 183, 432, 198
-0.998655, 153, 83, 216, 98
-0.99866, 277, 61, 308, 76
-0.998669, 1, 101, 64, 116
-0.99867, 81, 127, 144, 142
-0.998673, 257, 157, 320, 172
-0.998673, 337, 71, 400, 86
-0.998675, 1, 121, 64, 136
-0.998679, 345, 177, 408, 192
-0.998685, 89, 113, 152, 128
-0.998686, 177, 77, 240, 92
-0.998688, 25, 159, 88, 174
-0.998691, 121, 117, 184, 132
-0.998693, 121, 105, 184, 120
-0.998702, 249, 85, 312, 100
-0.998703, 89, 133, 152, 148
-0.998704, 305, 185, 368, 200
-0.99871, 297, 163, 360, 178
-0.998713, 145, 61, 208, 76
-0.998717, 1, 143, 64, 158
-0.998718, 153, 93, 216, 108
-0.998718, 57, 153, 120, 168
-0.99872, 89, 101, 152, 116
-0.998724, 281, 79, 344, 94
-0.998725, 177, 181, 240, 196
-0.998726, 209, 1, 240, 256
-0.998732, 369, 113, 432, 128
-0.998732, 153, 161, 216, 176
-0.998737, 185, 109, 248, 124
-0.998738, 153, 127, 216, 142
-0.998741, 193, 123, 256, 138
-0.998741, 241, 79, 304, 94
-0.998742, 185, 63, 248, 78
-0.998745, 289, 199, 352, 214
-0.998751, 49, 129, 80, 256
-0.998759, 113, 137, 176, 152
-0.998761, 57, 143, 120, 158
-0.998773, 281, 65, 312, 192
-0.998775, 121, 123, 184, 138
-0.99878, 329, 193, 392, 208
-0.998781, 65, 79, 128, 94
-0.998787, 129, 161, 192, 176
-0.998789, 177, 85, 240, 100
-0.998791, 153, 77, 216, 92
-0.998794, 25, 105, 88, 120
-0.998795, 121, 89, 184, 104
-0.998797, 193, 129, 256, 144
-0.998798, 173, 1, 204, 256
-0.998798, 89, 55, 152, 70
-0.998805, 81, 155, 144, 170
-0.998813, 153, 71, 216, 86
-0.998815, 257, 225, 384, 256
-0.998815, 17, 165, 80, 180
-0.998816, 337, 1, 368, 256
-0.998817, 329, 157, 392, 172
-0.998819, 177, 187, 240, 202
-0.99882, 185, 1, 216, 256
-0.998823, 169, 99, 232, 114
-0.998826, 177, 173, 240, 188
-0.998826, 1, 49, 128, 80
-0.998829, 57, 201, 120, 216
-0.998829, 105, 147, 168, 162
-0.998829, 105, 163, 168, 178
-0.99883, 193, 153, 256, 168
-0.998833, 193, 135, 256, 150
-0.998835, 201, 207, 264, 222
-0.998847, 1, 151, 64, 166
-0.998848, 9, 137, 72, 152
-0.998852, 403, 65, 418, 192
-0.998853, 329, 187, 392, 202
-0.998854, 413, 65, 428, 192
-0.998856, 245, 1, 276, 256
-0.998856, 217, 183, 280, 198
-0.998857, 37, 1, 68, 256
-0.998857, 1, 181, 64, 196
-0.998858, 25, 113, 88, 128
-0.998861, 97, 213, 160, 228
-0.998863, 137, 175, 200, 190
-0.998864, 33, 149, 96, 164
-0.998865, 177, 167, 240, 182
-0.998866, 73, 63, 136, 78
-0.998867, 209, 55, 272, 70
-0.998867, 369, 193, 432, 208
-0.998868, 387, 65, 402, 192
-0.99887, 273, 171, 336, 186
-0.99887, 153, 155, 216, 170
-0.99887, 297, 63, 360, 78
-0.99887, 89, 201, 152, 216
-0.998873, 249, 55, 312, 70
-0.998873, 369, 163, 432, 178
-0.998878, 25, 99, 88, 114
-0.998878, 369, 171, 432, 186
-0.998879, 9, 197, 72, 212
-0.998881, 9, 131, 72, 146
-0.998881, 281, 187, 344, 202
-0.998882, 193, 115, 256, 130
-0.998883, 115, 33, 130, 160
-0.998884, 369, 107, 432, 122
-0.998885, 145, 113, 160, 240
-0.998886, 281, 1, 312, 256
-0.998892, 65, 215, 128, 230
-0.998921, 123, 81, 138, 208
-0.998922, 91, 49, 106, 176
-0.998941, 135, 113, 150, 240
-0.998952, 155, 113, 170, 240
-0.998962, 193, 113, 208, 240
-0.998964, 109, 33, 124, 160
-0.998981, 15, 97, 30, 224
-0.998981, 129, 33, 144, 160
-0.998983, 65, 225, 192, 256
-0.998998, 101, 33, 116, 160
-0.999014, 201, 97, 216, 224
-0.999016, 411, 113, 426, 240
-0.999018, 221, 1, 252, 256
-0.999021, 333, 113, 348, 240
-0.999022, 395, 129, 410, 256
-0.999024, 121, 33, 136, 160
-0.999026, 79, 49, 94, 176
-0.99903, 37, 81, 52, 208
-0.99903, 201, 49, 216, 176
-0.999052, 113, 81, 128, 208
-0.999053, 105, 81, 120, 208
-0.999053, 163, 33, 178, 160
-0.999056, 207, 113, 222, 240
-0.999064, 129, 113, 144, 240
-0.999079, 115, 129, 130, 256
-0.99909, 61, 81, 76, 208
-0.999095, 377, 113, 392, 240
-0.999105, 153, 33, 168, 160
-0.999107, 53, 81, 68, 208
-0.999113, 339, 113, 354, 240
-0.999115, 405, 113, 420, 240
-0.999147, 373, 1, 404, 256
-0.99915, 21, 97, 36, 224
-0.999152, 323, 49, 338, 176
-0.999155, 69, 81, 84, 208
-0.99916, 163, 81, 178, 208
-0.999167, 227, 129, 242, 256
-0.999169, 395, 65, 410, 192
-0.999173, 99, 129, 114, 256
-0.999174, 383, 113, 398, 240
-0.999178, 5, 129, 20, 256
-0.999187, 417, 113, 432, 240
-0.999189, 351, 113, 366, 240
-0.999189, 329, 65, 344, 192
-0.999191, 381, 65, 396, 192
-0.999198, 27, 129, 42, 256
-0.999204, 321, 129, 336, 256
-0.999209, 363, 113, 378, 240
-0.999209, 345, 113, 360, 240
-0.999211, 47, 81, 62, 208
-0.999213, 191, 49, 206, 176
-0.99922, 183, 113, 198, 240
-0.999221, 91, 113, 106, 240
-0.999223, 109, 129, 124, 256
-0.999229, 141, 33, 156, 160
-0.999235, 215, 129, 230, 256
-0.999235, 233, 129, 248, 256
-0.999243, 99, 81, 114, 208
-0.999247, 341, 65, 356, 192
-0.999253, 211, 65, 226, 192
-0.999261, 173, 33, 188, 160
-0.999261, 85, 49, 100, 176
-0.999268, 389, 113, 404, 240
-0.999271, 353, 17, 384, 144
-0.999279, 371, 113, 386, 240
-0.99928, 123, 129, 138, 256
-0.99928, 135, 33, 150, 160
-0.999284, 259, 81, 274, 208
-0.999289, 315, 129, 330, 256
-0.999294, 173, 113, 188, 240
-0.999295, 351, 65, 366, 192
-0.999295, 31, 81, 46, 208
-0.999299, 265, 129, 280, 256
-0.999301, 271, 97, 286, 224
-0.999309, 245, 129, 260, 256
-0.999309, 147, 33, 162, 160
-0.999317, 327, 129, 342, 256
-0.999319, 299, 129, 314, 256
-0.999326, 251, 129, 266, 256
-0.999329, 361, 65, 376, 192
-0.999341, 373, 65, 388, 192
-0.999343, 253, 49, 268, 176
-0.999343, 357, 129, 372, 256
-0.999347, 217, 49, 232, 176
-0.999347, 81, 97, 96, 224
-0.99935, 179, 33, 194, 160
-0.999357, 305, 129, 320, 256
-0.999359, 51, 129, 66, 256
-0.999361, 243, 49, 258, 176
-0.999366, 37, 129, 52, 256
-0.999398, 223, 65, 238, 192
-0.999402, 283, 129, 298, 256
-0.999413, 257, 129, 272, 256
-0.999415, 161, 129, 176, 256
-0.999417, 289, 129, 304, 256
-0.999418, 317, 49, 332, 176
-0.999427, 1, 81, 16, 208
-0.99943, 277, 97, 292, 224
-0.999434, 367, 65, 382, 192
-0.999436, 237, 49, 252, 176
-0.999437, 335, 33, 350, 160
-0.99944, 201, 1, 216, 128
-0.999443, 265, 49, 280, 176
-0.999453, 233, 1, 264, 256
-0.999459, 111, 145, 126, 160
-0.999459, 399, 171, 414, 186
-0.99946, 21, 119, 36, 134
-0.99946, 81, 1, 96, 128
-0.99946, 395, 79, 410, 94
-0.999461, 193, 111, 208, 126
-0.999462, 221, 129, 236, 256
-0.999463, 109, 175, 124, 190
-0.999463, 129, 1, 384, 64
-0.999464, 397, 1, 428, 256
-0.999464, 417, 147, 432, 162
-0.999466, 365, 171, 380, 186
-0.999466, 187, 1, 202, 128
-0.999468, 99, 53, 114, 68
-0.999468, 91, 1, 106, 128
-0.999468, 395, 155, 410, 170
-0.999469, 57, 129, 72, 256
-0.99947, 417, 117, 432, 132
-0.99947, 55, 133, 70, 148
-0.999471, 369, 157, 384, 172
-0.999474, 91, 145, 106, 160
-0.999474, 1, 155, 16, 170
-0.999476, 281, 165, 296, 180
-0.999476, 325, 1, 356, 256
-0.999477, 199, 87, 214, 102
-0.999477, 251, 155, 266, 170
-0.99948, 387, 173, 402, 188
-0.999481, 17, 49, 32, 176
-0.999481, 239, 129, 254, 256
-0.999482, 285, 85, 300, 100
-0.999482, 259, 33, 274, 160
-0.999482, 69, 129, 84, 256
-0.999485, 273, 41, 400, 72
-0.999485, 77, 155, 92, 170
-0.999486, 45, 129, 60, 256
-0.999487, 375, 151, 390, 166
-0.999489, 167, 129, 182, 256
-0.999491, 195, 161, 210, 176
-0.999493, 91, 111, 106, 126
-0.999497, 73, 33, 88, 160
-0.999498, 411, 149, 426, 164
-0.999498, 341, 157, 356, 172
-0.9995, 295, 67, 310, 82
-0.999501, 227, 151, 242, 166
-0.999502, 275, 165, 290, 180
-0.999506, 311, 49, 326, 176
-0.999506, 265, 165, 280, 180
-0.999507, 313, 157, 328, 172
-0.999509, 219, 59, 234, 74
-0.999511, 395, 17, 410, 144
-0.999513, 259, 165, 274, 180
-0.999513, 25, 49, 40, 176
-0.999514, 417, 187, 432, 202
-0.999516, 387, 167, 402, 182
-0.999518, 323, 177, 338, 192
-0.999519, 171, 79, 186, 94
-0.999523, 29, 125, 44, 140
-0.999524, 411, 17, 426, 144
-0.999525, 363, 151, 378, 166
-0.999526, 411, 81, 426, 96
-0.999526, 355, 17, 370, 144
-0.999528, 209, 33, 336, 64
-0.999531, 389, 155, 404, 170
-0.999535, 201, 99, 216, 114
-0.999536, 59, 89, 74, 104
-0.999541, 405, 145, 420, 160
-0.999542, 15, 129, 30, 144
-0.999542, 271, 49, 286, 176
-0.999542, 9, 81, 24, 208
-0.999544, 185, 65, 200, 192
-0.999545, 223, 157, 238, 172
-0.999548, 65, 33, 80, 160
-0.999549, 17, 101, 32, 116
-0.999549, 341, 199, 356, 214
-0.99955, 387, 17, 402, 144
-0.99955, 333, 67, 348, 82
-0.999552, 193, 55, 208, 70
-0.999555, 405, 17, 420, 144
-0.999556, 209, 85, 224, 100
-0.999557, 45, 33, 60, 160
-0.999557, 233, 165, 248, 180
-0.999559, 63, 129, 78, 256
-0.999561, 65, 83, 80, 98
-0.999562, 57, 33, 72, 160
-0.999565, 331, 151, 346, 166
-0.999568, 313, 169, 328, 184
-0.999576, 411, 117, 426, 132
-0.999576, 9, 199, 24, 214
-0.999579, 113, 163, 128, 178
-0.999586, 285, 73, 300, 88
-0.999587, 113, 47, 128, 62
-0.999588, 225, 79, 240, 94
-0.999592, 351, 151, 366, 166
-0.999592, 155, 51, 170, 66
-0.999594, 91, 89, 106, 104
-0.999597, 129, 25, 256, 56
-0.999607, 165, 75, 180, 90
-0.999609, 47, 155, 62, 170
-0.999611, 33, 155, 48, 170
-0.999611, 81, 63, 96, 78
-0.999611, 25, 1, 56, 256
-0.999617, 33, 25, 160, 56
-0.999623, 411, 107, 426, 122
-0.999625, 305, 163, 320, 178
-0.999629, 357, 149, 372, 164
-0.999632, 393, 149, 408, 164
-0.999633, 411, 135, 426, 150
-0.999637, 227, 171, 242, 186
-0.999639, 211, 153, 226, 168
-0.999648, 325, 67, 340, 82
-0.999651, 213, 57, 228, 72
-0.999654, 393, 161, 408, 176
-0.999658, 31, 149, 46, 164
-0.999662, 121, 155, 136, 170
-0.999668, 135, 131, 150, 146
-0.999668, 11, 155, 26, 170
-0.999669, 369, 149, 384, 164
-0.999669, 53, 89, 68, 104
-0.99967, 413, 141, 428, 156
-0.999671, 341, 145, 356, 160
-0.999677, 417, 181, 432, 196
-0.999683, 105, 147, 120, 162
-0.999686, 201, 159, 216, 174
-0.999686, 201, 145, 216, 160
-0.999687, 87, 57, 102, 72
-0.999688, 27, 119, 42, 134
-0.999688, 15, 111, 30, 126
-0.999691, 119, 87, 134, 102
-0.999694, 163, 163, 178, 178
-0.999694, 383, 157, 398, 172
-0.999696, 57, 141, 72, 156
-0.999701, 387, 79, 402, 94
-0.999705, 149, 49, 164, 64
-0.999707, 13, 1, 44, 256
-0.999716, 335, 197, 350, 212
-0.999719, 165, 51, 180, 66
-0.999721, 295, 61, 310, 76
-0.999725, 251, 61, 266, 76
-0.999726, 21, 157, 36, 172
-0.999731, 229, 59, 244, 74
-0.999732, 383, 149, 398, 164
-0.999739, 177, 161, 192, 176
-0.999744, 239, 59, 254, 74
-0.999765, 179, 55, 194, 70
-0.999767, 303, 65, 318, 80
-0.999768, 281, 65, 296, 80
-0.99978, 113, 157, 128, 172
-0.999788, 123, 131, 138, 146
-0.99979, 273, 29, 400, 60
-0.999797, 313, 1, 344, 256
-0.999805, 311, 65, 326, 80
-0.999809, 319, 67, 334, 82
-0.999814, 105, 49, 120, 64
-0.999817, 257, 61, 272, 76
-0.999817, 81, 21, 208, 52
-0.999832, 289, 65, 304, 80
-0.999834, 393, 173, 408, 188
-0.999835, 41, 157, 56, 172
-0.999835, 201, 93, 216, 108
-0.999837, 245, 59, 260, 74
-0.999848, 15, 117, 30, 132
-0.999857, 33, 1, 160, 32
-0.999857, 161, 1, 288, 32
-0.999857, 305, 5, 432, 36
-0.999857, 81, 9, 208, 40
-0.999857, 209, 9, 336, 40
-0.999857, 257, 9, 384, 40
-0.999857, 33, 13, 160, 44
-0.999857, 129, 13, 256, 44
-0.999857, 305, 17, 432, 48
-0.999857, 177, 21, 304, 52
-0.999857, 225, 21, 352, 52
-0.999858, 39, 93, 54, 108
-0.99986, 293, 1, 324, 256
-0.999867, 273, 63, 288, 78
-0.999888, 171, 53, 186, 68
-0.999901, 263, 61, 278, 76
-0.999905, 27, 155, 42, 170
-0.999921, 293, 49, 324, 176
-0.999977, 1, 1, 32, 256
-1.00005, 283, 59, 298, 74
-1.00008, 33, 1, 288, 64
-1.00009, 49, 1, 80, 256
-1.00016, 289, 59, 304, 74
-1.00073, 337, 1, 368, 128
-1.00085, 313, 17, 344, 144
-1.00111, 129, 9, 256, 72
-1.00131, 1, 9, 432, 72
-1.0014, 33, 33, 64, 160
-1.00162, 241, 1, 272, 128
-1.00205, 301, 1, 332, 128
-1.0023, 265, 1, 296, 128
-1.00357, 33, 1, 160, 64
-1.0037, 253, 1, 284, 128
-1.00456, 289, 1, 320, 128
-1.00474, 305, 9, 432, 72
-1.00516, 193, 9, 320, 72
-1.00573, 257, 1, 384, 64
-1.00694, 277, 17, 308, 144
-1.00854, 13, 1, 44, 128
-1.0089, 1, 1, 64, 128
-1.00905, 81, 1, 208, 64
-1.01063, 1, 1, 32, 128
