1898
-0.18709, 1, 1, 333, 500
-0.370041, 1, 65, 333, 320
-0.454617, 65, 1, 320, 500
-0.481221, 1, 193, 333, 448
-0.628805, 65, 65, 320, 320
-0.697831, 1, 161, 256, 416
-0.751076, 65, 257, 320, 500
-0.864268, 209, 161, 333, 416
-0.870473, 209, 1, 333, 500
-0.871812, 129, 33, 256, 288
-0.873396, 145, 1, 272, 500
-0.874223, 97, 1, 224, 500
-0.875772, 49, 65, 176, 320
-0.878811, 33, 1, 160, 500
-0.882549, 209, 65, 333, 320
-0.888857, 1, 65, 333, 192
-0.891657, 129, 193, 256, 448
-0.892764, 1, 97, 128, 352
-0.900948, 49, 161, 176, 416
-0.902639, 1, 161, 333, 288
-0.906324, 1, 1, 128, 256
-0.914547, 33, 257, 160, 500
-0.917472, 1, 113, 333, 240
-0.92063, 1, 209, 333, 336
-0.921474, 1, 257, 333, 384
-0.922598, 1, 81, 256, 208
-0.925269, 1, 337, 333, 464
-0.929253, 209, 257, 333, 500
-0.931385, 1, 1, 333, 128
-0.936728, 65, 161, 320, 288
-0.942048, 81, 257, 208, 500
-0.944115, 65, 289, 320, 416
-0.944129, 65, 81, 192, 208
-0.945629, 1, 33, 256, 160
-0.945743, 177, 145, 304, 272
-0.945912, 25, 65, 88, 192
-0.946468, 17, 97, 144, 224
-0.947755, 65, 241, 320, 368
-0.949001, 73, 81, 136, 208
-0.950163, 1, 337, 256, 464
-0.950356, 177, 49, 304, 176
-0.95067, 1, 33, 64, 160
-0.950749, 161, 145, 224, 272
-0.951083, 113, 129, 176, 256
-0.952257, 249, 145, 312, 272
-0.952736, 209, 145, 272, 272
-0.953073, 1, 145, 128, 272
-0.953979, 129, 145, 256, 272
-0.956377, 273, 161, 333, 288
-0.9566, 177, 193, 304, 320
-0.957544, 185, 177, 248, 304
-0.958171, 65, 145, 192, 272
-0.958395, 129, 257, 256, 384
-0.958429, 65, 129, 128, 256
-0.959327, 129, 49, 256, 176
-0.959788, 113, 81, 176, 208
-0.960689, 25, 161, 88, 288
-0.960782, 1, 33, 128, 160
-0.961861, 193, 49, 256, 176
-0.962503, 17, 113, 80, 240
-0.9626, 233, 193, 296, 320
-0.962806, 129, 193, 256, 320
-0.963115, 89, 161, 152, 288
-0.964212, 137, 161, 200, 288
-0.964409, 161, 225, 224, 352
-0.964417, 105, 153, 168, 216
-0.964821, 25, 89, 88, 152
-0.965352, 113, 97, 240, 224
-0.96544, 257, 209, 320, 336
-0.965614, 193, 49, 256, 112
-0.966376, 137, 225, 200, 352
-0.966937, 241, 257, 304, 384
-0.967077, 153, 153, 216, 216
-0.967134, 209, 193, 272, 320
-0.967565, 65, 145, 128, 208
-0.967619, 161, 97, 224, 224
-0.967627, 33, 353, 160, 480
-0.968374, 169, 65, 232, 128
-0.96869, 25, 121, 88, 184
-0.968708, 249, 153, 312, 216
-0.968746, 1, 137, 64, 200
-0.968826, 209, 97, 333, 224
-0.968893, 265, 257, 328, 384
-0.968943, 1, 81, 64, 144
-0.969086, 73, 89, 136, 152
-0.969206, 193, 145, 256, 208
-0.969265, 13, 17, 44, 144
-0.969485, 1, 49, 64, 112
-0.969987, 65, 193, 192, 320
-0.970015, 273, 305, 333, 432
-0.970232, 193, 257, 320, 384
-0.970273, 169, 49, 232, 176
-0.970273, 233, 81, 296, 208
-0.970885, 273, 81, 333, 208
-0.970919, 225, 153, 288, 216
-0.971452, 1, 105, 64, 168
-0.972043, 33, 305, 160, 432
-0.972077, 1, 25, 64, 88
-0.97214, 209, 337, 333, 464
-0.97288, 161, 65, 288, 128
-0.972899, 25, 153, 88, 216
-0.973083, 249, 185, 312, 248
-0.973164, 209, 185, 272, 248
-0.973261, 1, 65, 64, 320
-0.973286, 13, 97, 44, 160
-0.973411, 25, 65, 56, 128
-0.973509, 1, 113, 128, 176
-0.973787, 137, 81, 200, 208
-0.97412, 177, 1, 240, 128
-0.974337, 185, 193, 248, 256
-0.974368, 13, 65, 44, 192
-0.974483, 113, 65, 176, 320
-0.97449, 33, 177, 96, 240
-0.974498, 21, 113, 52, 240
-0.974511, 249, 257, 312, 320
-0.974555, 177, 153, 304, 216
-0.974688, 253, 145, 284, 272
-0.974707, 113, 177, 176, 304
-0.974722, 41, 113, 104, 240
-0.974843, 13, 25, 44, 88
-0.974892, 205, 49, 236, 112
-0.975019, 153, 177, 216, 240
-0.97503, 81, 201, 144, 264
-0.975059, 65, 169, 128, 232
-0.975092, 129, 153, 192, 216
-0.975314, 17, 137, 144, 200
-0.975479, 25, 17, 88, 144
-0.975484, 89, 321, 152, 384
-0.975513, 1, 161, 64, 224
-0.975561, 249, 209, 312, 272
-0.975572, 89, 177, 152, 240
-0.975585, 65, 65, 128, 320
-0.975608, 217, 65, 248, 128
-0.975797, 153, 65, 216, 320
-0.975823, 273, 145, 333, 208
-0.97593, 49, 177, 112, 304
-0.975937, 177, 33, 240, 288
-0.976097, 273, 265, 333, 328
-0.97615, 193, 145, 224, 272
-0.976171, 273, 193, 333, 256
-0.976396, 25, 49, 56, 176
-0.976486, 113, 129, 176, 192
-0.97664, 97, 153, 224, 216
-0.976809, 185, 129, 248, 256
-0.976887, 249, 129, 312, 192
-0.97692, 145, 73, 208, 136
-0.97692, 201, 73, 264, 136
-0.976951, 185, 225, 248, 352
-0.977097, 145, 249, 208, 312
-0.977207, 65, 113, 128, 176
-0.97723, 121, 233, 184, 296
-0.977252, 65, 89, 192, 152
-0.977261, 177, 241, 240, 304
-0.977263, 153, 129, 216, 192
-0.977369, 273, 289, 333, 352
-0.977611, 201, 65, 264, 320
-0.97777, 181, 57, 212, 120
-0.977791, 273, 97, 333, 352
-0.978072, 301, 145, 332, 272
-0.978185, 233, 353, 296, 480
-0.978253, 273, 313, 333, 376
-0.97829, 89, 305, 152, 432
-0.978315, 241, 89, 304, 152
-0.978317, 233, 233, 296, 296
-0.97838, 1, 161, 128, 224
-0.978396, 225, 257, 288, 320
-0.978497, 13, 121, 44, 184
-0.978554, 97, 89, 160, 152
-0.978556, 233, 193, 296, 448
-0.978599, 225, 129, 288, 192
-0.978622, 209, 209, 333, 272
-0.978699, 249, 65, 312, 320
-0.978735, 205, 145, 236, 272
-0.978807, 273, 225, 333, 288
-0.978811, 25, 33, 88, 96
-0.978853, 233, 377, 296, 440
-0.978861, 225, 209, 288, 272
-0.978868, 13, 65, 44, 128
-0.978978, 273, 353, 333, 480
-0.979135, 97, 225, 160, 352
-0.979165, 225, 65, 288, 320
-0.979216, 113, 177, 176, 240
-0.979218, 137, 273, 200, 336
-0.979315, 97, 241, 160, 304
-0.979318, 253, 145, 284, 208
-0.97939, 33, 241, 160, 368
-0.979448, 177, 25, 240, 88
-0.979495, 25, 121, 56, 184
-0.979504, 253, 209, 284, 336
-0.979521, 121, 89, 184, 152
-0.979536, 25, 33, 88, 288
-0.97956, 41, 65, 104, 128
-0.97957, 1, 113, 32, 176
-0.979572, 169, 65, 200, 128
-0.979741, 1, 329, 64, 392
-0.979815, 273, 169, 333, 232
-0.979987, 81, 289, 208, 416
-0.979994, 209, 241, 272, 368
-0.98001, 265, 193, 328, 448
-0.98004, 205, 33, 236, 160
-0.980068, 89, 161, 152, 416
-0.980185, 1, 1, 64, 64
-0.980292, 1, 89, 128, 152
-0.980322, 185, 169, 248, 232
-0.980334, 233, 353, 296, 416
-0.980345, 273, 385, 333, 448
-0.980353, 153, 225, 216, 288
-0.980398, 33, 113, 64, 240
-0.980587, 25, 97, 56, 160
-0.980695, 153, 161, 216, 416
-0.980762, 21, 145, 52, 208
-0.980785, 77, 81, 108, 208
-0.980971, 1, 1, 32, 128
-0.980989, 77, 89, 108, 152
-0.981059, 9, 145, 40, 208
-0.981069, 273, 81, 333, 144
-0.981187, 49, 89, 112, 152
-0.981249, 273, 345, 333, 408
-0.981281, 49, 161, 176, 224
-0.981293, 193, 265, 256, 328
-0.981378, 193, 57, 224, 120
-0.981481, 25, 161, 88, 416
-0.981588, 225, 65, 288, 128
-0.981654, 161, 97, 288, 224
-0.981671, 57, 201, 120, 264
-0.981757, 145, 177, 176, 304
-0.98192, 113, 369, 240, 496
-0.981959, 33, 433, 96, 496
-0.981986, 1, 289, 64, 416
-0.98202, 1, 89, 32, 152
-0.982022, 1, 1, 32, 64
-0.982136, 149, 153, 180, 216
-0.982161, 249, 289, 312, 352
-0.982163, 101, 161, 132, 288
-0.982173, 129, 289, 192, 416
-0.982175, 137, 49, 200, 112
-0.982188, 61, 161, 92, 288
-0.982224, 201, 1, 264, 128
-0.982316, 105, 209, 168, 272
-0.982337, 233, 401, 296, 464
-0.982343, 209, 161, 272, 416
-0.982358, 273, 121, 333, 184
-0.982411, 293, 289, 324, 352
-0.982422, 121, 425, 184, 488
-0.982561, 89, 433, 152, 496
-0.982578, 209, 233, 272, 296
-0.982752, 109, 153, 140, 216
-0.982758, 129, 209, 192, 272
-0.982976, 249, 65, 312, 128
-0.982986, 177, 185, 304, 248
-0.983045, 113, 313, 176, 376
-0.983076, 177, 193, 240, 448
-0.983078, 129, 193, 192, 448
-0.983115, 201, 321, 264, 384
-0.983151, 97, 177, 224, 240
-0.983206, 41, 153, 72, 216
-0.98323, 113, 65, 176, 128
-0.983368, 241, 329, 304, 392
-0.983368, 41, 345, 104, 408
-0.983524, 209, 385, 272, 448
-0.983636, 9, 425, 72, 488
-0.983658, 285, 209, 316, 336
-0.983682, 145, 225, 176, 352
-0.983707, 209, 25, 272, 88
-0.983715, 89, 345, 152, 408
-0.983739, 189, 49, 220, 176
-0.983808, 185, 217, 248, 280
-0.98381, 169, 265, 232, 328
-0.983833, 253, 209, 284, 272
-0.983837, 197, 25, 228, 88
-0.98384, 41, 313, 104, 376
-0.983852, 217, 49, 248, 176
-0.98387, 277, 257, 308, 320
-0.983881, 1, 25, 32, 88
-0.984014, 73, 225, 136, 288
-0.984026, 33, 9, 96, 72
-0.984036, 301, 145, 332, 208
-0.984053, 193, 193, 224, 320
-0.984058, 89, 65, 152, 128
-0.984083, 265, 1, 328, 500
-0.984094, 129, 321, 256, 448
-0.984184, 225, 281, 288, 344
-0.984207, 1, 65, 32, 192
-0.984217, 121, 337, 184, 400
-0.984318, 81, 241, 208, 368
-0.98434, 209, 193, 240, 320
-0.98435, 129, 401, 192, 464
-0.984364, 89, 65, 152, 320
-0.984553, 1, 401, 64, 464
-0.984569, 193, 145, 224, 208
-0.984569, 153, 1, 216, 500
-0.984608, 97, 153, 128, 216
-0.984763, 89, 297, 152, 360
-0.98477, 165, 81, 196, 208
-0.984776, 145, 241, 176, 304
-0.984821, 49, 217, 176, 280
-0.984825, 65, 161, 128, 416
-0.984859, 41, 89, 72, 152
-0.984861, 1, 57, 128, 120
-0.984866, 129, 273, 256, 336
-0.984887, 161, 201, 224, 264
-0.985, 145, 81, 176, 208
-0.985009, 209, 97, 272, 224
-0.985049, 293, 257, 324, 384
-0.985053, 129, 377, 192, 440
-0.985093, 297, 233, 328, 296
-0.985116, 65, 329, 128, 392
-0.985287, 193, 1, 320, 128
-0.985288, 49, 225, 112, 288
-0.985305, 89, 409, 152, 472
-0.98532, 225, 1, 288, 500
-0.985399, 89, 161, 120, 288
-0.985402, 225, 305, 288, 368
-0.98541, 89, 385, 152, 448
-0.98544, 113, 81, 240, 144
-0.985452, 185, 121, 248, 184
-0.985505, 241, 33, 304, 160
-0.985515, 297, 209, 328, 336
-0.985543, 233, 41, 296, 104
-0.985558, 209, 361, 272, 424
-0.985704, 177, 49, 208, 176
-0.98571, 181, 225, 212, 352
-0.985711, 17, 281, 80, 344
-0.985761, 193, 193, 224, 256
-0.985811, 241, 425, 304, 488
-0.985853, 229, 65, 260, 128
-0.985862, 193, 1, 256, 500
-0.985907, 205, 145, 236, 208
-0.98603, 1, 49, 32, 112
-0.986064, 209, 281, 333, 344
-0.986079, 209, 129, 333, 192
-0.986114, 1, 161, 64, 416
-0.986232, 1, 361, 64, 424
-0.986294, 53, 145, 84, 208
-0.986392, 277, 257, 308, 384
-0.98647, 25, 1, 88, 500
-0.986495, 149, 177, 180, 240
-0.986508, 33, 321, 160, 384
-0.986544, 265, 417, 328, 480
-0.986596, 73, 153, 104, 216
-0.986622, 129, 225, 160, 288
-0.986622, 209, 321, 272, 448
-0.986629, 177, 297, 240, 360
-0.986644, 41, 161, 72, 288
-0.986716, 33, 377, 96, 440
-0.986732, 57, 425, 120, 488
-0.986795, 157, 145, 188, 272
-0.986911, 209, 105, 272, 168
-0.98694, 1, 257, 64, 320
-0.986977, 1, 305, 64, 368
-0.98698, 241, 161, 272, 288
-0.986982, 181, 241, 212, 304
-0.986988, 113, 289, 176, 352
-0.987001, 13, 1, 44, 64
-0.987009, 273, 177, 304, 304
-0.98708, 61, 169, 92, 232
-0.987083, 41, 401, 104, 464
-0.987192, 273, 185, 304, 248
-0.987216, 9, 209, 72, 272
-0.987223, 25, 225, 88, 352
-0.987286, 1, 1, 64, 500
-0.987315, 97, 129, 224, 192
-0.98738, 153, 25, 216, 88
-0.987384, 277, 129, 308, 192
-0.987399, 105, 177, 136, 240
-0.98741, 5, 113, 36, 240
-0.987411, 25, 233, 88, 296
-0.987486, 33, 201, 96, 264
-0.987582, 1, 161, 64, 288
-0.987594, 9, 185, 72, 248
-0.987618, 25, 33, 56, 96
-0.987643, 253, 97, 284, 224
-0.98767, 109, 321, 140, 384
-0.987672, 33, 353, 160, 416
-0.987723, 81, 1, 144, 500
-0.987738, 241, 81, 272, 208
-0.98774, 37, 65, 68, 192
-0.987743, 181, 161, 212, 288
-0.987782, 1, 77, 64, 108
-0.987845, 209, 257, 240, 320
-0.987885, 241, 305, 304, 432
-0.988027, 273, 81, 304, 208
-0.988052, 73, 129, 104, 256
-0.988083, 277, 161, 308, 224
-0.988087, 109, 81, 140, 208
-0.988274, 209, 345, 333, 408
-0.988281, 113, 1, 240, 128
-0.988339, 217, 145, 248, 272
-0.988359, 129, 249, 256, 312
-0.988371, 229, 145, 260, 208
-0.988381, 33, 101, 96, 132
-0.988388, 65, 33, 192, 160
-0.988427, 1, 109, 64, 140
-0.98845, 113, 1, 176, 500
-0.988507, 81, 201, 112, 264
-0.988568, 129, 337, 192, 464
-0.988646, 209, 305, 333, 368
-0.988661, 49, 113, 176, 176
-0.98872, 133, 81, 164, 208
-0.988764, 97, 81, 128, 208
-0.989005, 153, 89, 184, 152
-0.989035, 161, 209, 192, 336
-0.989065, 1, 65, 64, 96
-0.98907, 25, 321, 56, 448
-0.989086, 229, 113, 260, 240
-0.989103, 205, 193, 236, 256
-0.989205, 281, 281, 312, 344
-0.989244, 185, 153, 248, 184
-0.98926, 229, 169, 260, 232
-0.989322, 25, 121, 88, 152
-0.989385, 33, 401, 160, 464
-0.989403, 121, 81, 152, 208
-0.989513, 177, 273, 240, 400
-0.989528, 73, 209, 136, 336
-0.989554, 113, 313, 240, 376
-0.98964, 145, 157, 208, 188
-0.989646, 25, 1, 56, 128
-0.98967, 105, 157, 168, 188
-0.98973, 33, 89, 96, 120
-0.989752, 285, 161, 316, 288
-0.989781, 1, 257, 64, 500
-0.989784, 185, 69, 248, 100
-0.989804, 201, 257, 232, 384
-0.989822, 229, 65, 260, 192
-0.98986, 169, 129, 200, 256
-0.989865, 25, 161, 88, 192
-0.989881, 1, 153, 64, 184
-0.989891, 1, 53, 64, 84
-0.989902, 165, 153, 196, 216
-0.989907, 249, 153, 312, 184
-0.98993, 1, 121, 64, 152
-0.989958, 57, 1, 120, 500
-0.990006, 229, 225, 260, 352
-0.990013, 165, 233, 196, 296
-0.990066, 93, 177, 124, 240
-0.990084, 89, 353, 152, 480
-0.99009, 285, 225, 316, 288
-0.990101, 105, 169, 168, 200
-0.990121, 209, 257, 333, 320
-0.990197, 205, 73, 236, 136
-0.990201, 129, 33, 192, 160
-0.990277, 273, 129, 304, 256
-0.990293, 137, 273, 168, 336
-0.990296, 113, 49, 240, 112
-0.990329, 293, 81, 324, 208
-0.990353, 89, 257, 152, 500
-0.990354, 109, 89, 140, 152
-0.990361, 117, 129, 148, 256
-0.990364, 65, 165, 128, 196
-0.990413, 25, 329, 56, 392
-0.990512, 25, 133, 88, 164
-0.990516, 253, 177, 284, 240
-0.990542, 193, 57, 256, 88
-0.990548, 209, 257, 272, 500
-0.990631, 153, 173, 216, 204
-0.990669, 133, 161, 164, 224
-0.990691, 237, 241, 268, 304
-0.990693, 33, 433, 160, 496
-0.990699, 241, 89, 272, 152
-0.9907, 81, 93, 144, 124
-0.990736, 169, 81, 232, 112
-0.99074, 17, 25, 144, 88
-0.990743, 209, 65, 333, 128
-0.99076, 37, 113, 68, 176
-0.990767, 289, 257, 320, 320
-0.990791, 97, 89, 128, 152
-0.990822, 41, 353, 104, 480
-0.99089, 65, 145, 128, 176
-0.990951, 113, 145, 176, 176
-0.990955, 33, 377, 160, 440
-0.991036, 189, 169, 220, 232
-0.991072, 89, 325, 152, 356
-0.991078, 153, 145, 216, 176
-0.991084, 57, 113, 88, 240
-0.99113, 1, 41, 64, 72
-0.991145, 121, 89, 152, 152
-0.991202, 1, 97, 64, 128
-0.991215, 249, 233, 280, 296
-0.991235, 225, 157, 288, 188
-0.991257, 209, 145, 272, 176
-0.99126, 25, 61, 88, 92
-0.991313, 1, 337, 64, 464
-0.991336, 9, 29, 72, 60
-0.991373, 249, 213, 312, 244
-0.991378, 209, 77, 272, 108
-0.9914, 25, 73, 56, 104
-0.991405, 153, 185, 216, 216
-0.991455, 249, 261, 312, 292
-0.991464, 41, 257, 104, 500
-0.991484, 65, 113, 128, 144
-0.991484, 113, 425, 240, 488
-0.991488, 1, 5, 64, 36
-0.991511, 273, 153, 333, 184
-0.991524, 1, 165, 64, 196
-0.991559, 129, 225, 256, 288
-0.991566, 241, 353, 272, 480
-0.991593, 145, 129, 176, 256
-0.991614, 209, 185, 272, 216
-0.991628, 21, 121, 52, 152
-0.991651, 209, 233, 333, 296
-0.991657, 249, 189, 312, 220
-0.991659, 209, 89, 333, 152
-0.991682, 233, 249, 296, 280
-0.991706, 121, 237, 184, 268
-0.991714, 13, 45, 44, 76
-0.99173, 265, 249, 296, 312
-0.991737, 129, 337, 160, 400
-0.991747, 217, 41, 248, 104
-0.991771, 25, 145, 88, 176
-0.991782, 33, 173, 96, 204
-0.991784, 145, 245, 208, 276
-0.991788, 33, 81, 288, 144
-0.991793, 141, 89, 172, 152
-0.991814, 81, 177, 144, 208
-0.991818, 209, 197, 272, 228
-0.991824, 97, 33, 160, 160
-0.99183, 73, 113, 104, 176
-0.991845, 249, 177, 312, 208
-0.991847, 201, 45, 264, 76
-0.991851, 273, 293, 333, 324
-0.991855, 249, 201, 312, 232
-0.991856, 177, 41, 304, 104
-0.991857, 13, 73, 44, 104
-0.991863, 117, 297, 148, 360
-0.991876, 233, 89, 296, 120
-0.991882, 185, 165, 248, 196
-0.991898, 17, 193, 144, 320
-0.991903, 273, 141, 333, 172
-0.991904, 253, 153, 284, 184
-0.991948, 129, 93, 192, 124
-0.99195, 281, 305, 312, 432
-0.991971, 13, 105, 44, 136
-0.991975, 205, 97, 236, 224
-0.991986, 193, 233, 224, 296
-0.991991, 129, 305, 160, 432
-0.991994, 29, 161, 60, 288
-0.992005, 249, 165, 312, 196
-0.992025, 41, 161, 72, 192
-0.992039, 185, 197, 248, 228
-0.99206, 185, 69, 216, 100
-0.992064, 1, 61, 32, 92
-0.992066, 1, 141, 64, 172
-0.992069, 89, 321, 120, 384
-0.992141, 209, 369, 333, 432
-0.992145, 265, 281, 328, 312
-0.992153, 5, 121, 36, 152
-0.992156, 265, 245, 328, 276
-0.992158, 241, 369, 272, 432
-0.992158, 17, 185, 144, 248
-0.992162, 1, 153, 256, 216
-0.992191, 129, 209, 160, 336
-0.992201, 273, 229, 333, 260
-0.992207, 273, 313, 333, 344
-0.992222, 41, 177, 72, 240
-0.992227, 225, 169, 288, 200
-0.992236, 33, 77, 96, 108
-0.992247, 9, 153, 40, 184
-0.992253, 257, 89, 320, 120
-0.992279, 145, 261, 208, 292
-0.992292, 17, 57, 48, 88
-0.992293, 297, 209, 328, 272
-0.992296, 169, 57, 232, 88
-0.9923, 117, 241, 148, 368
-0.992302, 265, 257, 296, 384
-0.992305, 273, 1, 333, 256
-0.992309, 185, 33, 216, 96
-0.992323, 169, 245, 232, 276
-0.992331, 129, 169, 192, 200
-0.992333, 113, 337, 240, 400
-0.992358, 149, 153, 180, 184
-0.992365, 25, 109, 56, 140
-0.992367, 273, 209, 333, 240
-0.99238, 105, 181, 168, 212
-0.992381, 53, 121, 84, 184
-0.992389, 185, 177, 248, 208
-0.992389, 193, 1, 224, 128
-0.992413, 133, 161, 164, 288
-0.992452, 233, 397, 296, 428
-0.992465, 25, 85, 56, 116
-0.992479, 13, 25, 44, 56
-0.992483, 21, 149, 52, 180
-0.99249, 33, 21, 96, 52
-0.992491, 89, 337, 152, 368
-0.992508, 205, 53, 236, 84
-0.992509, 81, 469, 144, 500
-0.992516, 29, 169, 60, 232
-0.992527, 233, 73, 296, 104
-0.992534, 221, 321, 252, 384
-0.992542, 81, 229, 144, 260
-0.992546, 97, 245, 160, 276
-0.99257, 25, 97, 56, 128
-0.992574, 121, 249, 184, 280
-0.992579, 1, 109, 32, 140
-0.992585, 1, 217, 128, 280
-0.992585, 29, 61, 60, 92
-0.99259, 173, 77, 204, 108
-0.992597, 65, 217, 96, 280
-0.992609, 105, 93, 168, 124
-0.992637, 145, 129, 272, 192
-0.992638, 29, 133, 60, 164
-0.992648, 129, 273, 192, 304
-0.992649, 209, 241, 272, 272
-0.992652, 273, 257, 333, 288
-0.992653, 217, 65, 248, 96
-0.992685, 153, 257, 216, 500
-0.992687, 193, 269, 256, 300
-0.992707, 241, 369, 304, 400
-0.992711, 233, 385, 296, 416
-0.992721, 145, 81, 208, 112
-0.992729, 177, 45, 240, 76
-0.99274, 29, 161, 60, 192
-0.992759, 213, 233, 244, 296
-0.992781, 157, 257, 188, 320
-0.992784, 225, 261, 288, 292
-0.992799, 233, 409, 296, 440
-0.992805, 73, 217, 136, 248
-0.992806, 273, 185, 333, 216
-0.992819, 221, 77, 252, 108
-0.99282, 109, 201, 140, 264
-0.992842, 297, 153, 328, 184
-0.992843, 273, 165, 333, 196
-0.992852, 65, 241, 192, 304
-0.992864, 289, 145, 320, 208
-0.992872, 177, 161, 208, 224
-0.992877, 81, 205, 144, 236
-0.992881, 81, 453, 144, 484
-0.992887, 129, 285, 192, 316
-0.992891, 129, 181, 192, 212
-0.992897, 153, 69, 216, 100
-0.992898, 1, 77, 32, 108
-0.992904, 241, 345, 304, 376
-0.992932, 1, 49, 256, 112
-0.992937, 193, 153, 224, 184
-0.992943, 65, 133, 128, 164
-0.99295, 121, 225, 184, 256
-0.992956, 273, 405, 333, 436
-0.992989, 249, 141, 312, 172
-0.992997, 121, 261, 184, 292
-0.993008, 1, 177, 64, 208
-0.993009, 273, 357, 333, 388
-0.993012, 225, 209, 288, 240
-0.993012, 273, 333, 333, 364
-0.993019, 145, 233, 208, 264
-0.99303, 25, 41, 88, 72
-0.993043, 253, 89, 284, 152
-0.993052, 109, 153, 140, 184
-0.99307, 169, 273, 232, 304
-0.993075, 105, 209, 168, 240
-0.993076, 253, 361, 284, 424
-0.99309, 273, 345, 333, 376
-0.993123, 57, 465, 120, 496
-0.993125, 25, 41, 56, 72
-0.993132, 9, 133, 40, 164
-0.993132, 1, 45, 32, 76
-0.993133, 169, 261, 232, 292
-0.993141, 185, 141, 248, 172
-0.993147, 145, 265, 176, 296
-0.993148, 273, 197, 333, 228
-0.993151, 201, 89, 264, 120
-0.993155, 5, 1, 20, 64
-0.993168, 209, 153, 240, 184
-0.99318, 225, 277, 288, 308
-0.99318, 41, 329, 104, 360
-0.993182, 1, 341, 64, 372
-0.993186, 37, 89, 68, 120
-0.99321, 65, 193, 320, 256
-0.993214, 173, 65, 204, 96
-0.993216, 1, 21, 32, 52
-0.993216, 57, 177, 120, 208
-0.993217, 241, 357, 304, 388
-0.993237, 25, 29, 56, 60
-0.993244, 273, 269, 333, 300
-0.993266, 57, 93, 120, 124
-0.993311, 269, 261, 300, 292
-0.993318, 273, 385, 333, 416
-0.993325, 81, 93, 112, 124
-0.99333, 205, 81, 236, 112
-0.993332, 17, 165, 48, 196
-0.993334, 293, 297, 324, 328
-0.993343, 1, 9, 32, 40
-0.993361, 241, 209, 272, 336
-0.993363, 65, 329, 128, 360
-0.993374, 53, 149, 84, 180
-0.99338, 41, 289, 104, 416
-0.993449, 193, 57, 224, 88
-0.993457, 37, 105, 68, 136
-0.993482, 145, 241, 176, 272
-0.99349, 69, 113, 100, 144
-0.993504, 297, 229, 328, 260
-0.993521, 245, 393, 276, 456
-0.99355, 285, 253, 316, 284
-0.993551, 249, 245, 280, 276
-0.993564, 273, 205, 304, 236
-0.993567, 237, 193, 268, 256
-0.993578, 89, 325, 120, 356
-0.993594, 285, 281, 316, 312
-0.993596, 193, 97, 224, 224
-0.993603, 297, 309, 328, 340
-0.993618, 1, 65, 333, 128
-0.993625, 197, 69, 228, 100
-0.993636, 161, 85, 192, 116
-0.993637, 13, 93, 44, 124
-0.993643, 161, 253, 192, 284
-0.993647, 149, 165, 180, 196
-0.99365, 229, 145, 260, 176
-0.993654, 277, 145, 308, 176
-0.993686, 113, 289, 144, 416
-0.993692, 253, 217, 284, 248
-0.993701, 241, 89, 272, 120
-0.993719, 125, 237, 156, 268
-0.993721, 189, 81, 220, 112
-0.993739, 97, 157, 128, 188
-0.993761, 173, 129, 204, 192
-0.993767, 253, 369, 284, 496
-0.993772, 53, 173, 84, 204
-0.993786, 277, 161, 308, 192
-0.993789, 161, 61, 192, 92
-0.993807, 285, 313, 316, 376
-0.993807, 217, 53, 248, 84
-0.993812, 237, 253, 268, 284
-0.993813, 193, 189, 224, 220
-0.993824, 273, 173, 304, 204
-0.993826, 273, 185, 304, 216
-0.993837, 101, 177, 132, 208
-0.993859, 53, 121, 84, 152
-0.993868, 149, 253, 180, 284
-0.993874, 169, 149, 200, 180
-0.993875, 209, 269, 240, 300
-0.99389, 13, 13, 44, 44
-0.993892, 53, 161, 84, 192
-0.9939, 293, 305, 324, 432
-0.993904, 149, 181, 180, 212
-0.993919, 253, 189, 284, 220
-0.993919, 229, 161, 260, 192
-0.993931, 33, 121, 64, 152
-0.993942, 253, 89, 284, 120
-0.993943, 149, 93, 180, 124
-0.99396, 89, 177, 120, 208
-0.993964, 121, 153, 152, 216
-0.993967, 169, 173, 200, 204
-0.993969, 165, 89, 196, 152
-0.993982, 89, 201, 120, 232
-0.993984, 109, 341, 140, 372
-0.993984, 229, 189, 260, 220
-0.993991, 181, 265, 212, 328
-0.993997, 293, 81, 324, 144
-0.994009, 205, 141, 236, 172
-0.994017, 153, 1, 216, 128
-0.99402, 89, 145, 120, 176
-0.994022, 205, 197, 236, 228
-0.994023, 113, 329, 144, 360
-0.994024, 117, 93, 148, 124
-0.994031, 181, 245, 212, 276
-0.994034, 65, 169, 96, 200
-0.994035, 233, 73, 264, 104
-0.994041, 109, 165, 140, 196
-0.994058, 125, 425, 156, 488
-0.994062, 229, 177, 260, 208
-0.994077, 177, 53, 208, 84
-0.994079, 265, 89, 296, 120
-0.994087, 21, 17, 36, 80
-0.994096, 133, 145, 164, 176
-0.9941, 273, 273, 304, 304
-0.994103, 281, 297, 312, 328
-0.994127, 73, 133, 104, 164
-0.99413, 233, 265, 264, 296
-0.994133, 93, 93, 124, 124
-0.994138, 77, 209, 108, 336
-0.994141, 181, 257, 212, 288
-0.994148, 169, 241, 200, 272
-0.994152, 277, 89, 308, 120
-0.994153, 129, 201, 256, 264
-0.994156, 145, 277, 176, 308
-0.994156, 29, 337, 60, 368
-0.994156, 229, 61, 260, 92
-0.994157, 253, 201, 284, 232
-0.994158, 253, 141, 284, 172
-0.99416, 229, 89, 260, 120
-0.994162, 169, 161, 200, 192
-0.994163, 301, 141, 332, 172
-0.994165, 29, 173, 60, 204
-0.994173, 81, 221, 112, 252
-0.994175, 65, 65, 192, 128
-0.994179, 23, 97, 38, 160
-0.994185, 105, 93, 136, 124
-0.994185, 273, 245, 304, 276
-0.994187, 41, 77, 72, 108
-0.994193, 129, 93, 160, 124
-0.994237, 61, 193, 92, 256
-0.994246, 17, 161, 48, 288
-0.994255, 113, 401, 240, 464
-0.994257, 1, 149, 128, 180
-0.99428, 193, 57, 208, 120
-0.994303, 217, 185, 248, 248
-0.994314, 1, 25, 256, 88
-0.994336, 269, 297, 300, 360
-0.994342, 33, 425, 64, 488
-0.994344, 181, 1, 212, 128
-0.994353, 297, 313, 328, 376
-0.994373, 161, 89, 288, 152
-0.994383, 273, 209, 304, 272
-0.994386, 65, 305, 320, 368
-0.994413, 179, 57, 194, 120
-0.994517, 23, 137, 38, 200
-0.994523, 117, 233, 148, 296
-0.99453, 1, 105, 256, 168
-0.994541, 149, 129, 180, 192
-0.994556, 229, 89, 260, 152
-0.994568, 145, 81, 272, 112
-0.994586, 177, 153, 304, 184
-0.994605, 145, 65, 176, 128
-0.994637, 265, 89, 296, 152
-0.99465, 45, 113, 76, 240
-0.994652, 205, 169, 236, 232
-0.994661, 37, 33, 68, 96
-0.994664, 31, 73, 46, 136
-0.994673, 1, 137, 128, 168
-0.994694, 1, 385, 256, 448
-0.994731, 185, 81, 216, 144
-0.994737, 281, 81, 312, 144
-0.994759, 169, 257, 200, 320
-0.99476, 129, 157, 256, 188
-0.994807, 29, 9, 60, 72
-0.994826, 31, 129, 46, 192
-0.994847, 1, 345, 256, 408
-0.99486, 17, 137, 32, 200
-0.994866, 233, 41, 264, 104
-0.994873, 229, 265, 260, 328
-0.994878, 9, 121, 24, 184
-0.994888, 89, 129, 120, 192
-0.994901, 181, 217, 212, 280
-0.994943, 33, 165, 160, 196
-0.994954, 157, 65, 188, 128
-0.994957, 161, 369, 288, 496
-0.994962, 105, 225, 136, 288
-0.994985, 113, 153, 128, 216
-0.995028, 17, 73, 32, 136
-0.995036, 65, 281, 320, 344
-0.995039, 153, 273, 216, 400
-0.995039, 13, 25, 28, 88
-0.995062, 37, 81, 52, 144
-0.995093, 37, 57, 52, 120
-0.995107, 27, 49, 42, 112
-0.995206, 1, 1, 128, 64
-0.995221, 33, 129, 288, 192
-0.99523, 17, 97, 144, 128
-0.995272, 215, 49, 230, 112
-0.995295, 199, 65, 214, 128
-0.995308, 39, 105, 54, 168
-0.995319, 1, 185, 333, 248
-0.995324, 209, 41, 224, 104
-0.995346, 15, 113, 30, 176
-0.995359, 113, 369, 240, 432
-0.995365, 153, 153, 168, 216
-0.995366, 27, 25, 42, 88
-0.995379, 17, 297, 144, 360
-0.995387, 209, 369, 272, 496
-0.995417, 3, 113, 18, 176
-0.995472, 35, 33, 50, 96
-0.995472, 229, 57, 244, 120
-0.995486, 101, 209, 132, 336
-0.995509, 49, 33, 112, 160
-0.995597, 65, 153, 192, 184
-0.995665, 1, 89, 333, 152
-0.995691, 1, 145, 333, 208
-0.995704, 1, 409, 256, 472
-0.995737, 65, 93, 192, 124
-0.99574, 187, 65, 202, 128
-0.995779, 39, 153, 54, 216
-0.995795, 33, 65, 64, 320
-0.995797, 11, 1, 26, 64
-0.995825, 129, 369, 160, 496
-0.995845, 295, 273, 310, 336
-0.995876, 1, 117, 128, 148
-0.995877, 297, 225, 312, 288
-0.995883, 161, 329, 288, 392
-0.9959, 1, 273, 333, 336
-0.995991, 209, 17, 224, 80
-0.995993, 81, 89, 96, 152
-0.996041, 113, 177, 144, 304
-0.996066, 221, 305, 252, 432
-0.99607, 29, 97, 44, 160
-0.996074, 37, 129, 52, 192
-0.996085, 177, 177, 304, 208
-0.996089, 13, 1, 44, 256
-0.996089, 253, 129, 284, 384
-0.996094, 1, 37, 128, 68
-0.99611, 113, 25, 240, 88
-0.996139, 145, 69, 272, 100
-0.996153, 23, 73, 38, 136
-0.996164, 43, 81, 58, 144
-0.996178, 81, 289, 208, 352
-0.99621, 299, 145, 314, 208
-0.996212, 159, 145, 174, 208
-0.996213, 173, 57, 188, 120
-0.996217, 209, 141, 333, 172
-0.996221, 11, 145, 26, 208
-0.996239, 5, 25, 20, 88
-0.996241, 49, 153, 64, 216
-0.996265, 97, 181, 224, 212
-0.996273, 195, 145, 210, 208
-0.996275, 209, 393, 333, 456
-0.996277, 235, 57, 250, 120
-0.996296, 209, 213, 333, 244
-0.996296, 301, 289, 316, 352
-0.9963, 69, 169, 84, 232
-0.996336, 33, 153, 48, 216
-0.996341, 229, 65, 260, 320
-0.996348, 11, 89, 26, 152
-0.996373, 209, 189, 333, 220
-0.996406, 307, 289, 322, 352
-0.996421, 253, 145, 268, 208
-0.996424, 301, 65, 332, 320
-0.996424, 253, 209, 268, 272
-0.996456, 19, 49, 34, 112
-0.996463, 177, 165, 304, 196
-0.996463, 1, 209, 333, 272
-0.996487, 1, 57, 128, 88
-0.996496, 161, 257, 192, 384
-0.996507, 105, 161, 120, 224
-0.996514, 317, 145, 332, 208
-0.996523, 5, 89, 20, 152
-0.996565, 201, 25, 216, 88
-0.996574, 17, 85, 144, 116
-0.996583, 9, 49, 24, 112
-0.99659, 65, 257, 320, 320
-0.996591, 1, 1, 256, 64
-0.996616, 221, 145, 236, 208
-0.996624, 307, 225, 322, 288
-0.996631, 223, 65, 238, 128
-0.996631, 1, 1, 32, 256
-0.996636, 201, 33, 232, 288
-0.996637, 113, 145, 240, 176
-0.99665, 33, 329, 160, 360
-0.996657, 273, 65, 304, 320
-0.996663, 169, 81, 184, 144
-0.996665, 113, 177, 128, 240
-0.996669, 177, 17, 304, 80
-0.996673, 269, 145, 284, 208
-0.996689, 173, 33, 204, 288
-0.9967, 1, 433, 256, 496
-0.996705, 65, 257, 128, 500
-0.996708, 295, 249, 310, 312
-0.996717, 49, 265, 176, 328
-0.996726, 33, 341, 160, 372
-0.996728, 69, 129, 84, 192
-0.996754, 129, 265, 256, 296
-0.996771, 3, 49, 18, 112
-0.996775, 289, 281, 304, 344
-0.996778, 129, 169, 256, 200
-0.996782, 161, 197, 288, 228
-0.996785, 187, 161, 202, 224
-0.996818, 73, 33, 136, 160
-0.996844, 77, 65, 108, 320
-0.996848, 5, 241, 36, 368
-0.996874, 1, 409, 333, 472
-0.996885, 65, 141, 192, 172
-0.996891, 43, 129, 58, 192
-0.996917, 147, 161, 162, 224
-0.996956, 19, 49, 34, 80
-0.996961, 209, 301, 333, 332
-0.996969, 193, 77, 320, 108
-0.996991, 315, 225, 330, 288
-0.997001, 1, 177, 128, 208
-0.997008, 267, 209, 282, 272
-0.997016, 153, 33, 184, 160
-0.997017, 133, 337, 148, 400
-0.997018, 49, 121, 176, 152
-0.997023, 1, 305, 333, 368
-0.997024, 1, 233, 256, 296
-0.997034, 129, 253, 256, 284
-0.997058, 125, 313, 140, 376
-0.997058, 97, 69, 224, 100
-0.997063, 209, 289, 333, 320
-0.997065, 157, 241, 172, 304
-0.997076, 151, 241, 166, 304
-0.997079, 49, 177, 176, 208
-0.997084, 253, 257, 284, 384
-0.997085, 219, 193, 234, 256
-0.997092, 75, 105, 90, 168
-0.997105, 49, 233, 176, 264
-0.997109, 5, 13, 20, 44
-0.997113, 33, 61, 48, 92
-0.997131, 159, 177, 174, 240
-0.997131, 141, 273, 156, 336
-0.997139, 167, 257, 182, 320
-0.997147, 85, 201, 100, 264
-0.99715, 129, 277, 256, 308
-0.997153, 27, 65, 42, 96
-0.997165, 221, 41, 236, 104
-0.99718, 153, 177, 168, 240
-0.997183, 289, 241, 304, 304
-0.997188, 33, 365, 160, 396
-0.997192, 289, 161, 320, 416
-0.997208, 1, 73, 128, 104
-0.997221, 161, 65, 192, 320
-0.997252, 209, 89, 333, 120
-0.997253, 213, 193, 228, 256
-0.997259, 1, 337, 333, 400
-0.99726, 75, 153, 90, 216
-0.997265, 129, 257, 160, 384
-0.997273, 113, 337, 144, 464
-0.997275, 239, 81, 254, 144
-0.997276, 131, 289, 146, 352
-0.997297, 161, 141, 288, 172
-0.997303, 19, 161, 34, 224
-0.99732, 29, 41, 44, 72
-0.99732, 27, 161, 42, 224
-0.997327, 1, 25, 128, 56
-0.997337, 129, 289, 256, 320
-0.997342, 33, 9, 48, 72
-0.997345, 277, 257, 292, 320
-0.997347, 35, 101, 50, 132
-0.997348, 7, 121, 22, 152
-0.997349, 209, 201, 333, 232
-0.997352, 119, 313, 134, 376
-0.997353, 185, 41, 200, 104
-0.99736, 161, 89, 176, 152
-0.997373, 245, 89, 260, 152
-0.997374, 33, 437, 160, 468
-0.997376, 27, 1, 42, 64
-0.997376, 65, 209, 96, 336
-0.997389, 273, 33, 333, 160
-0.99739, 259, 209, 274, 272
-0.9974, 133, 225, 148, 288
-0.997401, 5, 145, 20, 208
-0.997404, 161, 57, 288, 88
-0.997418, 37, 161, 68, 416
-0.997421, 49, 221, 176, 252
-0.997422, 21, 153, 36, 184
-0.997428, 165, 33, 196, 160
-0.99743, 65, 245, 192, 276
-0.997439, 39, 85, 54, 116
-0.997441, 207, 65, 222, 128
-0.997442, 209, 357, 333, 388
-0.997444, 87, 89, 102, 152
-0.997445, 217, 33, 248, 288
-0.997446, 229, 161, 260, 288
-0.997456, 195, 193, 210, 256
-0.997457, 209, 249, 333, 280
-0.997461, 33, 353, 160, 384
-0.997468, 39, 329, 54, 392
-0.997471, 185, 69, 200, 100
-0.997473, 113, 93, 240, 124
-0.997473, 95, 89, 110, 152
-0.997477, 13, 105, 28, 136
-0.99748, 25, 121, 40, 152
-0.997484, 211, 45, 226, 76
-0.997484, 81, 165, 208, 196
-0.997485, 31, 121, 46, 152
-0.99749, 301, 257, 316, 320
-0.997497, 113, 193, 240, 224
-0.997497, 27, 53, 42, 84
-0.9975, 19, 101, 34, 132
-0.997501, 113, 129, 128, 192
-0.99752, 253, 89, 268, 152
-0.997521, 139, 241, 154, 304
-0.997527, 209, 229, 333, 260
-0.997527, 117, 65, 148, 320
-0.997529, 209, 345, 333, 376
-0.997531, 23, 37, 38, 68
-0.997533, 59, 169, 74, 232
-0.997533, 183, 241, 198, 304
-0.997544, 41, 105, 56, 136
-0.997552, 25, 25, 40, 56
-0.997555, 57, 129, 88, 384
-0.997561, 139, 89, 154, 152
-0.997564, 81, 321, 208, 352
-0.997579, 257, 361, 272, 424
-0.997582, 21, 97, 52, 352
-0.997584, 17, 61, 32, 92
-0.997584, 27, 105, 42, 136
-0.997586, 109, 89, 124, 152
-0.997588, 245, 185, 260, 248
-0.997589, 225, 69, 240, 100
-0.997589, 65, 105, 192, 136
-0.997592, 89, 433, 104, 496
-0.997598, 19, 129, 34, 160
-0.997605, 29, 133, 44, 164
-0.997606, 217, 1, 248, 128
-0.997607, 241, 241, 256, 304
-0.997611, 189, 33, 220, 288
-0.997613, 145, 65, 176, 320
-0.997615, 209, 333, 333, 364
-0.997618, 33, 421, 160, 452
-0.997622, 43, 161, 58, 192
-0.997623, 125, 89, 140, 152
-0.997628, 89, 305, 120, 432
-0.99763, 13, 153, 28, 184
-0.997631, 13, 117, 28, 148
-0.997633, 195, 61, 210, 92
-0.997641, 113, 57, 240, 88
-0.997641, 155, 89, 170, 152
-0.997645, 49, 81, 64, 144
-0.997648, 89, 65, 120, 320
-0.997655, 7, 1, 22, 32
-0.997661, 103, 89, 118, 152
-0.997666, 33, 77, 48, 108
-0.997676, 209, 277, 333, 308
-0.997685, 17, 141, 32, 172
-0.997689, 131, 89, 146, 152
-0.997689, 211, 257, 226, 320
-0.997693, 295, 305, 310, 368
-0.997702, 29, 145, 44, 176
-0.997704, 217, 257, 248, 384
-0.997708, 193, 265, 320, 296
-0.997709, 233, 257, 248, 320
-0.99771, 113, 309, 240, 340
-0.997716, 7, 153, 22, 184
-0.997725, 117, 89, 132, 152
-0.997727, 113, 353, 240, 384
-0.997729, 113, 153, 128, 184
-0.99773, 133, 65, 164, 320
-0.997731, 113, 429, 240, 460
-0.997732, 35, 29, 50, 60
-0.997744, 35, 161, 50, 192
-0.997745, 101, 289, 132, 416
-0.997747, 179, 61, 194, 92
-0.997754, 101, 161, 132, 416
-0.997757, 17, 73, 32, 104
-0.997766, 49, 209, 176, 240
-0.997769, 147, 89, 162, 152
-0.99777, 3, 73, 18, 104
-0.997776, 129, 425, 144, 488
-0.997776, 277, 161, 308, 416
-0.997776, 1, 385, 333, 448
-0.997781, 209, 65, 333, 96
-0.997793, 129, 241, 256, 272
-0.997795, 33, 377, 160, 408
-0.99781, 33, 469, 160, 500
-0.997821, 261, 225, 292, 480
-0.997841, 179, 77, 194, 108
-0.997854, 37, 117, 52, 148
-0.997861, 49, 157, 64, 188
-0.997861, 65, 81, 192, 112
-0.997864, 113, 337, 240, 368
-0.997865, 27, 81, 42, 112
-0.997875, 181, 161, 212, 416
-0.997876, 1, 221, 128, 252
-0.997877, 261, 305, 292, 432
-0.997893, 229, 353, 260, 480
-0.997895, 39, 129, 54, 160
-0.997895, 209, 193, 240, 448
-0.997896, 209, 313, 333, 344
-0.997896, 41, 73, 56, 104
-0.9979, 13, 29, 28, 60
-0.997902, 1, 79, 64, 94
-0.997913, 145, 161, 176, 416
-0.997925, 33, 457, 160, 488
-0.997926, 1, 313, 128, 344
-0.997927, 193, 129, 224, 384
-0.997934, 209, 25, 224, 56
-0.99794, 299, 153, 314, 184
-0.997943, 11, 61, 26, 92
-0.997953, 233, 305, 264, 432
-0.997972, 177, 45, 304, 76
-0.997973, 23, 141, 38, 172
-0.99798, 13, 289, 44, 416
-0.997983, 153, 153, 168, 184
-0.997992, 81, 273, 208, 304
-0.997993, 209, 369, 333, 400
-0.998004, 1, 121, 333, 184
-0.998023, 1, 61, 16, 92
-0.998024, 159, 153, 174, 184
-0.998024, 255, 153, 270, 184
-0.99803, 33, 409, 160, 440
-0.998036, 19, 113, 34, 144
-0.998037, 1, 1, 16, 32
-0.998054, 297, 289, 312, 320
-0.998054, 177, 25, 304, 56
-0.998063, 221, 153, 236, 184
-0.998065, 161, 209, 288, 240
-0.998075, 205, 61, 220, 92
-0.99808, 25, 129, 88, 144
-0.998086, 71, 117, 86, 148
-0.99809, 195, 73, 210, 104
-0.99809, 209, 417, 333, 480
-0.998094, 1, 121, 16, 152
-0.998095, 317, 153, 332, 184
-0.998097, 33, 397, 160, 428
-0.998109, 195, 153, 210, 184
-0.998112, 65, 305, 128, 432
-0.998118, 39, 57, 54, 88
-0.998119, 209, 401, 333, 432
-0.998121, 1, 1, 128, 32
-0.998134, 307, 297, 322, 328
-0.998138, 269, 153, 284, 184
-0.998148, 293, 257, 324, 500
-0.998149, 209, 385, 333, 416
-0.998152, 129, 29, 256, 60
-0.99817, 19, 25, 34, 56
-0.998173, 45, 125, 60, 156
-0.998178, 1, 197, 128, 228
-0.998182, 1, 41, 333, 104
-0.998191, 3, 109, 18, 140
-0.998206, 129, 381, 256, 412
-0.998214, 1, 241, 333, 304
-0.998229, 11, 77, 26, 108
-0.998232, 15, 89, 30, 120
-0.998235, 181, 97, 212, 224
-0.998238, 27, 161, 42, 192
-0.998241, 1, 109, 64, 124
-0.998246, 1, 85, 64, 100
-0.998247, 1, 13, 128, 44
-0.998251, 33, 89, 48, 120
-0.998256, 231, 61, 246, 92
-0.998258, 45, 93, 60, 124
-0.998266, 81, 93, 96, 124
-0.998272, 215, 65, 230, 96
-0.998275, 1, 241, 128, 304
-0.998278, 167, 277, 182, 308
-0.99828, 33, 101, 96, 116
-0.99828, 217, 49, 232, 80
-0.998289, 29, 273, 60, 400
-0.998291, 203, 25, 218, 56
-0.998294, 13, 45, 28, 76
-0.998295, 1, 61, 64, 76
-0.998299, 237, 77, 252, 108
-0.9983, 129, 393, 256, 424
-0.998302, 1, 153, 64, 168
-0.998302, 49, 261, 176, 292
-0.998303, 253, 33, 284, 288
-0.998303, 25, 93, 40, 124
-0.998304, 97, 209, 224, 240
-0.998306, 113, 417, 240, 448
-0.998311, 293, 277, 308, 308
-0.998314, 289, 65, 320, 320
-0.998318, 185, 81, 200, 112
-0.998319, 231, 77, 246, 108
-0.998323, 1, 433, 333, 496
-0.998325, 193, 155, 256, 170
-0.998329, 11, 13, 26, 44
-0.998329, 301, 161, 332, 416
-0.998332, 189, 57, 204, 88
-0.998333, 1, 361, 333, 424
-0.998335, 1, 161, 64, 176
-0.998336, 105, 65, 136, 320
-0.998337, 55, 157, 70, 188
-0.998356, 31, 17, 46, 48
-0.998358, 275, 257, 290, 288
-0.998361, 33, 163, 96, 178
-0.998363, 247, 245, 262, 276
-0.998364, 11, 133, 26, 164
-0.998367, 317, 221, 332, 252
-0.998372, 105, 159, 168, 174
-0.998374, 297, 249, 312, 280
-0.998375, 67, 129, 82, 160
-0.998378, 249, 157, 312, 172
-0.998383, 281, 257, 312, 500
-0.998395, 145, 159, 208, 174
-0.998403, 67, 173, 82, 204
-0.998403, 9, 103, 72, 118
-0.998406, 209, 413, 333, 444
-0.998409, 129, 321, 256, 352
-0.99842, 113, 365, 240, 396
-0.998424, 7, 49, 22, 80
-0.998426, 173, 77, 188, 108
-0.998427, 217, 63, 248, 78
-0.998427, 253, 217, 284, 232
-0.998427, 169, 175, 200, 190
-0.998428, 169, 169, 200, 184
-0.998429, 149, 251, 180, 266
-0.998429, 57, 153, 88, 168
-0.99843, 233, 77, 264, 92
-0.99843, 229, 163, 260, 178
-0.998431, 1, 125, 64, 140
-0.998431, 193, 63, 224, 78
-0.998433, 297, 231, 328, 246
-0.998434, 149, 179, 180, 194
-0.998434, 125, 243, 156, 258
-0.998434, 229, 191, 260, 206
-0.998435, 37, 75, 68, 90
-0.998435, 249, 257, 280, 272
-0.998435, 1, 153, 32, 168
-0.998438, 169, 163, 200, 178
-0.998439, 89, 329, 120, 344
-0.99844, 129, 405, 256, 436
-0.99844, 277, 165, 308, 180
-0.99844, 273, 183, 304, 198
-0.998441, 277, 173, 308, 188
-0.998441, 1, 73, 64, 88
-0.998441, 9, 1, 40, 16
-0.998443, 13, 147, 44, 162
-0.998443, 241, 245, 272, 260
-0.998443, 149, 185, 180, 200
-0.998444, 121, 325, 152, 340
-0.998444, 105, 167, 136, 182
-0.998444, 113, 469, 240, 500
-0.998444, 45, 65, 76, 320
-0.998445, 289, 297, 320, 312
-0.998446, 205, 29, 236, 44
-0.998446, 165, 91, 196, 106
-0.998446, 269, 257, 300, 272
-0.998447, 177, 81, 240, 96
-0.998447, 1, 233, 128, 264
-0.998448, 273, 213, 304, 228
-0.998449, 25, 145, 56, 160
-0.998449, 101, 179, 132, 194
-0.998449, 25, 73, 56, 88
-0.99845, 277, 197, 308, 212
-0.99845, 285, 289, 316, 304
-0.998452, 129, 45, 256, 76
-0.998452, 139, 277, 154, 308
-0.998453, 5, 57, 36, 72
-0.998453, 185, 87, 216, 102
-0.998453, 33, 31, 64, 46
-0.998454, 229, 153, 260, 168
-0.998456, 73, 97, 136, 112
-0.998458, 297, 311, 328, 326
-0.998458, 113, 453, 240, 484
-0.998459, 297, 265, 312, 296
-0.998459, 29, 25, 60, 40
-0.998459, 277, 189, 308, 204
-0.998461, 1, 85, 32, 100
-0.998462, 277, 159, 308, 174
-0.998462, 201, 75, 232, 90
-0.998462, 165, 65, 196, 80
-0.998463, 145, 95, 176, 110
-0.998464, 285, 259, 316, 274
-0.998464, 209, 51, 240, 66
-0.998464, 245, 93, 276, 108
-0.998464, 1, 9, 32, 24
-0.998464, 177, 73, 208, 88
-0.998465, 37, 115, 68, 130
-0.998466, 277, 151, 308, 166
-0.998467, 13, 1, 28, 32
-0.998467, 165, 89, 180, 120
-0.998467, 145, 263, 176, 278
-0.998467, 229, 87, 260, 102
-0.998467, 37, 99, 68, 114
-0.998468, 13, 163, 44, 178
-0.998469, 177, 61, 208, 76
-0.99847, 245, 89, 260, 120
-0.998471, 1, 129, 32, 144
-0.998472, 17, 169, 48, 184
-0.998473, 105, 169, 168, 184
-0.998473, 197, 87, 228, 102
-0.998473, 149, 173, 180, 188
-0.998477, 29, 59, 60, 74
-0.998478, 145, 245, 176, 260
-0.998479, 97, 441, 224, 472
-0.998479, 221, 77, 252, 92
-0.99848, 65, 119, 96, 134
-0.998482, 1, 25, 32, 40
-0.998483, 167, 253, 182, 284
-0.998484, 205, 63, 236, 78
-0.998485, 199, 49, 214, 80
-0.998485, 197, 47, 228, 62
-0.998488, 29, 87, 60, 102
-0.99849, 1, 117, 32, 132
-0.99849, 209, 155, 240, 170
-0.998493, 149, 167, 180, 182
-0.998493, 273, 263, 304, 278
-0.998493, 45, 125, 76, 140
-0.998493, 1, 53, 64, 68
-0.998494, 33, 105, 64, 120
-0.998497, 53, 159, 84, 174
-0.998498, 145, 269, 176, 284
-0.998498, 127, 325, 142, 356
-0.998499, 1, 19, 32, 34
-0.998499, 249, 251, 280, 266
-0.998505, 217, 69, 248, 84
-0.998505, 17, 23, 48, 38
-0.99851, 65, 171, 128, 186
-0.998511, 1, 71, 32, 86
-0.998512, 173, 79, 204, 94
-0.998516, 21, 41, 52, 56
-0.998517, 109, 157, 140, 172
-0.998518, 29, 67, 60, 82
-0.998521, 41, 169, 72, 184
-0.998522, 193, 155, 224, 170
-0.998522, 135, 237, 150, 268
-0.998525, 49, 297, 176, 328
-0.998526, 25, 145, 88, 160
-0.998526, 263, 145, 278, 176
-0.998529, 205, 57, 236, 72
-0.998533, 1, 111, 32, 126
-0.998533, 49, 189, 176, 220
-0.998534, 201, 77, 216, 108
-0.998534, 37, 161, 68, 176
-0.998535, 215, 145, 230, 176
-0.998535, 25, 99, 56, 114
-0.998536, 145, 167, 208, 182
-0.998538, 25, 125, 56, 140
-0.998538, 1, 297, 128, 328
-0.998538, 25, 49, 56, 64
-0.998539, 77, 97, 108, 112
-0.99854, 13, 121, 44, 136
-0.99854, 33, 133, 64, 148
-0.99854, 105, 175, 168, 190
-0.998542, 25, 111, 56, 126
-0.998543, 297, 155, 328, 170
-0.998544, 177, 67, 208, 82
-0.998546, 13, 153, 44, 168
-0.998549, 147, 269, 162, 300
-0.99855, 77, 113, 92, 144
-0.998551, 169, 85, 200, 100
-0.998553, 17, 85, 48, 100
-0.998555, 131, 345, 146, 376
-0.998555, 129, 257, 160, 500
-0.998556, 1, 119, 64, 134
-0.998558, 25, 123, 88, 138
-0.998559, 161, 345, 288, 376
-0.99856, 289, 257, 304, 288
-0.998563, 201, 145, 216, 176
-0.998563, 13, 73, 44, 88
-0.998567, 91, 325, 106, 356
-0.998568, 1, 159, 32, 174
-0.998568, 9, 63, 40, 78
-0.998568, 35, 41, 50, 72
-0.998572, 109, 181, 124, 212
-0.998574, 13, 165, 28, 196
-0.998574, 9, 49, 40, 64
-0.998576, 241, 161, 272, 416
-0.998578, 1, 133, 64, 148
-0.998582, 241, 65, 272, 320
-0.998582, 1, 45, 16, 76
-0.998586, 253, 89, 268, 120
-0.998586, 309, 229, 324, 260
-0.998587, 1, 209, 128, 240
-0.99859, 149, 157, 180, 172
-0.99859, 207, 81, 222, 112
-0.99859, 133, 161, 164, 416
-0.998593, 13, 135, 44, 150
-0.998596, 9, 105, 40, 120
-0.998596, 153, 173, 216, 188
-0.998597, 25, 119, 56, 134
-0.998598, 1, 17, 333, 80
-0.998599, 1, 273, 128, 336
-0.9986, 9, 43, 40, 58
-0.998605, 143, 177, 158, 208
-0.998605, 25, 163, 56, 178
-0.998608, 13, 115, 44, 130
-0.998609, 209, 145, 224, 176
-0.99861, 159, 93, 174, 124
-0.99861, 13, 29, 44, 44
-0.99861, 43, 173, 58, 204
-0.998611, 1, 79, 32, 94
-0.998612, 153, 153, 216, 168
-0.998612, 29, 81, 60, 96
-0.998613, 7, 25, 22, 56
-0.998613, 153, 179, 216, 194
-0.998615, 205, 81, 236, 96
-0.998617, 1, 123, 32, 138
-0.998618, 113, 225, 240, 256
-0.998622, 49, 285, 176, 316
-0.998622, 113, 133, 240, 164
-0.998625, 25, 115, 88, 130
-0.998632, 217, 83, 248, 98
-0.998633, 25, 79, 88, 94
-0.998635, 65, 165, 128, 180
-0.998638, 185, 81, 216, 96
-0.998638, 65, 159, 128, 174
-0.998651, 13, 127, 44, 142
-0.998651, 65, 153, 128, 168
-0.998658, 21, 105, 52, 120
-0.99866, 253, 155, 284, 170
-0.998669, 1, 25, 64, 40
-0.998669, 25, 135, 88, 150
-0.998676, 153, 185, 216, 200
-0.998676, 185, 69, 248, 84
-0.998679, 105, 181, 168, 196
-0.998681, 17, 79, 48, 94
-0.998681, 33, 95, 96, 110
-0.998683, 33, 169, 96, 184
-0.998688, 201, 83, 264, 98
-0.998692, 201, 53, 264, 68
-0.998697, 17, 57, 48, 72
-0.998699, 169, 87, 232, 102
-0.9987, 33, 109, 96, 124
-0.998702, 33, 157, 96, 172
-0.998721, 49, 309, 176, 340
-0.99873, 9, 97, 40, 352
-0.998732, 225, 157, 288, 172
-0.998735, 9, 43, 72, 58
-0.99874, 209, 195, 272, 210
-0.998742, 121, 245, 184, 260
-0.998744, 113, 153, 176, 168
-0.998755, 65, 119, 128, 134
-0.998759, 249, 203, 312, 218
-0.998763, 177, 75, 240, 90
-0.998767, 145, 247, 208, 262
-0.998767, 1, 67, 64, 82
-0.998771, 121, 95, 184, 110
-0.998776, 265, 259, 328, 274
-0.998789, 1, 91, 64, 106
-0.998791, 25, 67, 88, 82
-0.998791, 41, 89, 104, 104
-0.9988, 257, 151, 320, 166
-0.998802, 249, 209, 312, 224
-0.998812, 249, 215, 312, 230
-0.998813, 17, 37, 80, 52
-0.998815, 249, 163, 312, 178
-0.99882, 241, 265, 304, 280
-0.998822, 249, 189, 312, 204
-0.998824, 177, 59, 240, 74
-0.998827, 241, 93, 304, 108
-0.998827, 185, 167, 248, 182
-0.998829, 209, 189, 272, 204
-0.998832, 27, 49, 42, 176
-0.998834, 81, 329, 144, 344
-0.998838, 9, 31, 72, 46
-0.998839, 25, 25, 88, 40
-0.998839, 249, 197, 312, 212
-0.998842, 201, 77, 264, 92
-0.998843, 185, 161, 248, 176
-0.998846, 145, 91, 208, 106
-0.998849, 1, 171, 64, 186
-0.998855, 249, 169, 312, 184
-0.998861, 273, 157, 333, 172
-0.998862, 73, 147, 136, 162
-0.998862, 249, 183, 312, 198
-0.998865, 185, 173, 248, 188
-0.998867, 249, 175, 312, 190
-0.998867, 1, 15, 64, 30
-0.998868, 15, 17, 30, 144
-0.99887, 81, 179, 144, 194
-0.998872, 129, 121, 256, 152
-0.998876, 113, 17, 240, 48
-0.998876, 241, 251, 304, 266
-0.998876, 193, 429, 320, 460
-0.99888, 201, 89, 264, 104
-0.998886, 1, 9, 64, 24
-0.998889, 185, 179, 248, 194
-0.998889, 33, 175, 96, 190
-0.998889, 177, 47, 240, 62
-0.99889, 49, 129, 112, 144
-0.998893, 161, 333, 288, 364
-0.998895, 225, 163, 288, 178
-0.998896, 273, 313, 333, 328
-0.998898, 1, 285, 128, 316
-0.9989, 265, 253, 328, 268
-0.998902, 129, 173, 192, 188
-0.998904, 225, 151, 288, 166
-0.998906, 245, 33, 276, 160
-0.998908, 265, 277, 328, 292
-0.998914, 157, 161, 188, 416
-0.998915, 265, 291, 328, 306
-0.998916, 169, 245, 232, 260
-0.998925, 97, 245, 160, 260
-0.998925, 265, 91, 328, 106
-0.998927, 225, 169, 288, 184
-0.998928, 153, 77, 216, 92
-0.998929, 273, 299, 333, 314
-0.998931, 145, 259, 208, 274
-0.998932, 57, 177, 120, 192
-0.998936, 121, 239, 184, 254
-0.998941, 241, 257, 304, 272
-0.998942, 1, 147, 64, 162
-0.998945, 225, 183, 288, 198
-0.998946, 201, 47, 264, 62
-0.998946, 193, 277, 256, 292
-0.998947, 185, 185, 248, 200
-0.998949, 145, 253, 208, 268
-0.998951, 225, 175, 288, 190
-0.998952, 209, 247, 272, 262
-0.998953, 265, 265, 328, 280
-0.998955, 249, 271, 312, 286
-0.998957, 233, 403, 296, 418
-0.998958, 97, 95, 160, 110
-0.99896, 201, 59, 264, 74
-0.998961, 33, 31, 96, 46
-0.998964, 81, 389, 208, 420
-0.998966, 1, 269, 128, 300
-0.998967, 153, 281, 216, 296
-0.998974, 129, 179, 192, 194
-0.998976, 177, 125, 304, 156
-0.998977, 185, 199, 248, 214
-0.99898, 41, 65, 56, 192
-0.998981, 161, 305, 288, 368
-0.998987, 81, 45, 208, 76
-0.998987, 81, 377, 208, 408
-0.998993, 1, 249, 128, 280
-0.999003, 161, 229, 288, 260
-0.999011, 197, 145, 212, 272
-0.999014, 161, 357, 288, 388
-0.999018, 9, 1, 24, 128
-0.999023, 155, 145, 170, 272
-0.999023, 161, 417, 288, 448
-0.999025, 19, 81, 34, 208
-0.999027, 31, 113, 46, 240
-0.999043, 35, 33, 50, 160
-0.999051, 209, 101, 333, 132
-0.99906, 21, 17, 36, 144
-0.999065, 209, 145, 224, 272
-0.999079, 219, 145, 234, 272
-0.999081, 255, 145, 270, 272
-0.999086, 213, 33, 228, 160
-0.999101, 193, 13, 320, 44
-0.99911, 37, 113, 52, 240
-0.999116, 299, 209, 314, 336
-0.999122, 69, 161, 84, 288
-0.999126, 267, 145, 282, 272
-0.99913, 221, 161, 252, 416
-0.99914, 111, 145, 126, 272
-0.999142, 81, 405, 208, 436
-0.99915, 299, 145, 314, 272
-0.999151, 69, 161, 100, 416
-0.999167, 25, 113, 40, 240
-0.999168, 203, 145, 218, 272
-0.999169, 161, 401, 288, 464
-0.999176, 79, 81, 94, 208
-0.999179, 315, 145, 330, 272
-0.99918, 205, 33, 220, 160
-0.999183, 161, 145, 176, 272
-0.999192, 43, 145, 58, 272
-0.999195, 221, 193, 236, 320
-0.999201, 149, 177, 164, 304
-0.999222, 267, 209, 282, 336
-0.999225, 233, 257, 264, 500
-0.999225, 113, 81, 128, 208
-0.999231, 3, 1, 18, 128
-0.999239, 181, 49, 196, 176
-0.999243, 159, 193, 174, 320
-0.999252, 159, 81, 174, 208
-0.999254, 89, 161, 120, 416
-0.999257, 13, 81, 28, 208
-0.999258, 261, 145, 276, 272
-0.999259, 191, 161, 206, 288
-0.99926, 259, 193, 274, 320
-0.999266, 33, 369, 64, 496
-0.999266, 249, 161, 264, 288
-0.999267, 169, 81, 184, 208
-0.999276, 153, 81, 168, 208
-0.999281, 317, 209, 332, 336
-0.999282, 47, 65, 62, 192
-0.999283, 195, 49, 210, 176
-0.999291, 53, 161, 68, 288
-0.999293, 229, 49, 244, 176
-0.999295, 305, 209, 320, 336
-0.999298, 105, 161, 120, 288
-0.999305, 27, 1, 42, 128
-0.999311, 101, 81, 116, 208
-0.999312, 289, 257, 304, 384
-0.999313, 245, 81, 260, 208
-0.999315, 77, 129, 92, 256
-0.999318, 143, 81, 158, 208
-0.999321, 139, 273, 154, 400
-0.999321, 63, 161, 78, 288
-0.999322, 297, 257, 312, 384
-0.999323, 137, 225, 152, 352
-0.999328, 117, 161, 132, 288
-0.999338, 269, 81, 284, 208
-0.99934, 303, 81, 318, 208
-0.999345, 219, 33, 234, 160
-0.999347, 123, 81, 138, 208
-0.999347, 313, 81, 328, 208
-0.999347, 273, 161, 288, 288
-0.999349, 251, 81, 266, 208
-0.999354, 213, 193, 228, 320
-0.999354, 237, 65, 252, 192
-0.999355, 297, 81, 312, 208
-0.999357, 199, 1, 214, 128
-0.999358, 149, 225, 164, 352
-0.999358, 29, 161, 44, 288
-0.999359, 107, 81, 122, 208
-0.99936, 199, 193, 214, 320
-0.999364, 293, 209, 308, 336
-0.999365, 113, 193, 144, 448
-0.999366, 259, 81, 274, 208
-0.999366, 135, 81, 150, 208
-0.999369, 311, 209, 326, 336
-0.999375, 93, 81, 108, 208
-0.999376, 279, 241, 294, 368
-0.999379, 289, 81, 304, 208
-0.999379, 205, 97, 220, 224
-0.999384, 305, 145, 320, 272
-0.999384, 225, 145, 240, 272
-0.999388, 303, 257, 318, 384
-0.999391, 141, 273, 172, 400
-0.999394, 129, 241, 144, 368
-0.999395, 277, 81, 292, 208
-0.999396, 189, 209, 204, 336
-0.999397, 135, 321, 150, 448
-0.999399, 187, 49, 202, 176
-0.999402, 129, 81, 144, 208
-0.999405, 175, 49, 190, 176
-0.999406, 159, 95, 174, 110
-0.999407, 31, 95, 46, 110
-0.999407, 253, 209, 268, 336
-0.999411, 27, 67, 42, 82
-0.999415, 213, 257, 228, 384
-0.99942, 227, 257, 242, 384
-0.999423, 11, 5, 26, 20
-0.999425, 235, 61, 250, 76
-0.999427, 167, 145, 182, 272
-0.999428, 293, 161, 308, 288
-0.999428, 143, 145, 158, 272
-0.999429, 87, 177, 102, 304
-0.999433, 179, 225, 194, 352
-0.999433, 1, 73, 16, 88
-0.999437, 129, 289, 144, 416
-0.999438, 7, 85, 22, 100
-0.999438, 67, 175, 82, 190
-0.99944, 39, 57, 54, 72
-0.99944, 255, 353, 270, 480
-0.999441, 199, 97, 214, 224
-0.999442, 7, 81, 22, 208
-0.999442, 169, 225, 184, 352
-0.999443, 299, 253, 314, 268
-0.999444, 19, 129, 34, 256
-0.999449, 39, 321, 54, 448
-0.999449, 185, 75, 200, 90
-0.99945, 69, 113, 84, 240
-0.999452, 207, 193, 222, 320
-0.999453, 31, 85, 46, 100
-0.999453, 283, 321, 298, 448
-0.999456, 85, 81, 100, 208
-0.999456, 283, 81, 298, 208
-0.999458, 31, 163, 46, 178
-0.999463, 123, 145, 138, 272
-0.999468, 307, 297, 322, 312
-0.999469, 143, 225, 158, 352
-0.999469, 11, 67, 26, 82
-0.999471, 273, 209, 288, 336
-0.999472, 33, 37, 48, 52
-0.999477, 219, 241, 234, 368
-0.999478, 185, 145, 200, 272
-0.999478, 37, 31, 52, 46
-0.999481, 93, 177, 108, 304
-0.999482, 9, 161, 24, 176
-0.999483, 187, 97, 202, 224
-0.999485, 199, 55, 214, 70
-0.999485, 219, 97, 234, 224
-0.999489, 233, 225, 248, 352
-0.999492, 191, 85, 206, 100
-0.999495, 1, 67, 16, 82
-0.999495, 195, 241, 210, 368
-0.999498, 227, 209, 242, 336
-0.999499, 169, 89, 184, 104
-0.999499, 161, 241, 176, 368
-0.999502, 17, 67, 32, 82
-0.999505, 187, 69, 202, 84
-0.999506, 293, 305, 308, 432
-0.999506, 39, 25, 54, 40
-0.999508, 211, 97, 226, 224
-0.999509, 149, 129, 164, 256
-0.999509, 247, 225, 262, 352
-0.999512, 241, 225, 256, 352
-0.999512, 89, 225, 120, 352
-0.999516, 45, 87, 60, 102
-0.999518, 209, 57, 224, 72
-0.999528, 9, 23, 24, 38
-0.999529, 167, 279, 182, 294
-0.999545, 317, 155, 332, 170
-0.999548, 31, 101, 46, 116
-0.999551, 197, 155, 212, 170
-0.999551, 247, 245, 262, 260
-0.999552, 51, 165, 66, 180
-0.999553, 269, 155, 284, 170
-0.999557, 203, 27, 218, 42
-0.99957, 159, 155, 174, 170
-0.999571, 215, 59, 230, 74
-0.999573, 275, 257, 290, 272
-0.999573, 7, 121, 22, 136
-0.999581, 17, 129, 32, 144
-0.999583, 97, 1, 224, 64
-0.999589, 221, 155, 236, 170
-0.999594, 269, 353, 300, 480
-0.999599, 229, 65, 244, 80
-0.999599, 11, 127, 26, 142
-0.999601, 9, 111, 24, 126
-0.999602, 31, 119, 46, 134
-0.999608, 21, 135, 36, 150
-0.999608, 81, 97, 96, 112
-0.999609, 11, 73, 26, 88
-0.999612, 23, 111, 38, 126
-0.999613, 71, 119, 86, 134
-0.999616, 43, 81, 58, 96
-0.999618, 41, 113, 56, 128
-0.999618, 225, 79, 240, 94
-0.999619, 19, 157, 34, 172
-0.999627, 25, 99, 40, 114
-0.999635, 11, 133, 26, 148
-0.999635, 43, 97, 58, 112
-0.999639, 25, 117, 40, 132
-0.999639, 153, 157, 168, 172
-0.99964, 5, 225, 36, 480
-0.999651, 19, 151, 34, 166
-0.999653, 3, 115, 18, 130
-0.99966, 51, 159, 66, 174
-0.999662, 13, 117, 28, 132
-0.999662, 255, 155, 270, 170
-0.999662, 1, 49, 16, 64
-0.999667, 39, 137, 54, 152
-0.999674, 17, 51, 32, 66
-0.999674, 299, 155, 314, 170
-0.999685, 177, 61, 192, 76
-0.999687, 201, 81, 216, 96
-0.999689, 25, 55, 40, 70
-0.999697, 181, 67, 196, 82
-0.999699, 45, 169, 60, 184
-0.999704, 195, 65, 210, 80
-0.999713, 179, 77, 194, 92
-0.999723, 17, 27, 32, 42
-0.99973, 33, 67, 48, 82
-0.999734, 1, 61, 16, 76
-0.999741, 27, 41, 42, 56
-0.999746, 45, 129, 60, 144
-0.999746, 37, 75, 52, 90
-0.999752, 25, 165, 40, 180
-0.999755, 5, 7, 20, 22
-0.999757, 209, 27, 224, 42
-0.999761, 25, 83, 40, 98
-0.999795, 29, 125, 44, 140
-0.999797, 1, 121, 16, 136
-0.999798, 215, 81, 230, 96
-0.999803, 39, 129, 54, 144
-0.999807, 15, 107, 30, 122
-0.999815, 19, 117, 34, 132
-0.999818, 37, 163, 52, 178
-0.999821, 57, 1, 88, 256
-0.999824, 109, 33, 140, 160
-0.999828, 33, 23, 48, 38
-0.999831, 15, 163, 30, 178
-0.999833, 39, 89, 54, 104
-0.999837, 207, 81, 222, 96
-0.999842, 23, 127, 38, 142
-0.99985, 17, 123, 32, 138
-0.999852, 145, 257, 176, 500
-0.999853, 211, 47, 226, 62
-0.999855, 5, 127, 20, 142
-0.99986, 13, 153, 28, 168
-0.999864, 31, 133, 46, 148
-0.999875, 5, 79, 20, 94
-0.999875, 19, 145, 34, 160
-0.999881, 193, 79, 208, 94
-0.999888, 49, 65, 80, 192
-0.999892, 11, 61, 26, 76
-0.999896, 221, 257, 252, 500
-0.999898, 29, 145, 44, 160
-0.999902, 17, 61, 32, 76
-0.999905, 27, 73, 42, 88
-0.999909, 185, 81, 200, 96
-0.999909, 33, 57, 48, 72
-0.999914, 15, 79, 30, 94
-0.999921, 113, 157, 128, 172
-0.999922, 29, 49, 44, 64
-0.999926, 25, 257, 56, 500
-0.999933, 43, 161, 58, 176
-0.999943, 23, 25, 38, 40
-0.999947, 1, 19, 16, 34
-0.99997, 23, 105, 38, 120
-0.99998, 27, 61, 42, 76
-1.00001, 161, 425, 288, 488
-1.00002, 7, 155, 22, 170
-1.00003, 37, 81, 52, 96
-1.00004, 181, 257, 212, 500
-1.00005, 31, 79, 46, 94
-1.00007, 241, 257, 272, 384
-1.00007, 21, 75, 36, 90
-1.00008, 197, 257, 228, 500
-1.00009, 261, 49, 292, 176
-1.00009, 15, 45, 30, 60
-1.0001, 5, 13, 20, 28
-1.00012, 125, 33, 156, 160
-1.00012, 31, 109, 46, 124
-1.00013, 21, 45, 36, 60
-1.00015, 29, 29, 44, 44
-1.00019, 97, 33, 128, 160
-1.00023, 169, 161, 200, 416
-1.00025, 37, 103, 52, 118
-1.00026, 233, 17, 264, 144
-1.00041, 249, 257, 280, 500
-1.00043, 157, 257, 188, 500
-1.00053, 161, 353, 288, 416
-1.00054, 45, 257, 76, 500
-1.00063, 217, 97, 248, 224
-1.00065, 301, 369, 332, 496
-1.00071, 101, 257, 132, 500
-1.00078, 45, 337, 76, 464
-1.00087, 57, 225, 88, 480
-1.00087, 65, 41, 192, 104
-1.00088, 185, 337, 248, 464
-1.00099, 77, 257, 108, 500
-1.00099, 169, 257, 200, 500
-1.00101, 49, 225, 112, 352
-1.00112, 89, 257, 120, 500
-1.00121, 141, 33, 172, 160
-1.00154, 1, 209, 64, 336
-1.00165, 297, 33, 328, 160
-1.00169, 85, 33, 116, 160
-1.00181, 285, 33, 316, 160
-1.00198, 161, 377, 288, 440
-1.00252, 209, 305, 240, 432
-1.00256, 17, 241, 48, 368
-1.0026, 273, 33, 304, 160
-1.00262, 29, 225, 60, 352
-1.00279, 281, 353, 312, 480
-1.00284, 77, 305, 108, 432
-1.00286, 245, 305, 276, 432
-1.00297, 113, 105, 240, 168
-1.00319, 5, 193, 36, 320
-1.00347, 161, 369, 224, 496
-1.00838, 49, 1, 176, 64
-1.00949, 65, 369, 128, 496
-1.01041, 73, 257, 136, 384
-1.01174, 161, 321, 224, 448
