2014
-0.154733, 1, 1, 500, 423
-0.216623, 1, 33, 500, 288
-0.408793, 161, 1, 416, 423
-0.428813, 1, 129, 500, 384
-0.490175, 65, 1, 320, 423
-0.500854, 257, 1, 500, 423
-0.586855, 193, 33, 448, 288
-0.626387, 97, 1, 352, 256
-0.679566, 225, 129, 480, 384
-0.743374, 1, 65, 256, 320
-0.798062, 129, 129, 384, 384
-0.829164, 1, 49, 500, 176
-0.837331, 257, 1, 384, 423
-0.841959, 241, 33, 368, 288
-0.843941, 289, 65, 416, 320
-0.85457, 209, 1, 336, 423
-0.857102, 193, 1, 320, 256
-0.858653, 369, 129, 496, 384
-0.859038, 305, 1, 432, 423
-0.861412, 145, 1, 272, 423
-0.869261, 1, 97, 500, 224
-0.872105, 305, 161, 432, 416
-0.874927, 129, 33, 256, 288
-0.880474, 369, 1, 496, 256
-0.887658, 17, 129, 144, 384
-0.888806, 97, 1, 224, 423
-0.891061, 81, 65, 208, 320
-0.894808, 1, 161, 256, 416
-0.898825, 369, 1, 496, 423
-0.899379, 33, 1, 160, 423
-0.901169, 1, 161, 500, 288
-0.903178, 257, 161, 384, 416
-0.91378, 161, 33, 416, 160
-0.916199, 193, 97, 320, 352
-0.924917, 225, 177, 480, 304
-0.932524, 225, 97, 480, 224
-0.932711, 65, 81, 320, 208
-0.935896, 65, 33, 320, 160
-0.937094, 17, 33, 144, 288
-0.938212, 1, 225, 500, 352
-0.938295, 305, 177, 432, 304
-0.939558, 193, 33, 320, 160
-0.94068, 273, 49, 400, 176
-0.941065, 1, 1, 500, 128
-0.941273, 145, 129, 272, 384
-0.945371, 193, 289, 448, 416
-0.945805, 257, 241, 500, 368
-0.947162, 337, 129, 464, 256
-0.948586, 65, 161, 192, 416
-0.94871, 1, 273, 500, 400
-0.949048, 297, 49, 360, 176
-0.949144, 129, 49, 256, 176
-0.949243, 225, 33, 288, 160
-0.949546, 337, 81, 400, 208
-0.949902, 257, 49, 500, 176
-0.951814, 273, 49, 336, 176
-0.951922, 201, 33, 264, 160
-0.952309, 369, 193, 496, 320
-0.952436, 257, 1, 500, 128
-0.953426, 65, 257, 320, 384
-0.953612, 369, 241, 496, 368
-0.953845, 353, 145, 416, 272
-0.954649, 1, 161, 256, 288
-0.954738, 129, 145, 384, 272
-0.955863, 41, 129, 104, 256
-0.956154, 249, 33, 312, 160
-0.956237, 177, 33, 240, 160
-0.956434, 289, 97, 416, 224
-0.956681, 145, 49, 208, 176
-0.95806, 377, 241, 440, 368
-0.958384, 393, 193, 456, 320
-0.958859, 305, 1, 432, 128
-0.959293, 81, 65, 208, 192
-0.959321, 145, 1, 272, 128
-0.960146, 321, 225, 448, 352
-0.960395, 353, 33, 480, 160
-0.960705, 33, 97, 160, 224
-0.961291, 361, 193, 424, 320
-0.962468, 65, 209, 320, 336
-0.962711, 257, 177, 384, 304
-0.96304, 385, 145, 448, 272
-0.963937, 265, 49, 328, 112
-0.964207, 177, 289, 304, 416
-0.964219, 81, 97, 144, 224
-0.964826, 1, 161, 128, 288
-0.964875, 313, 65, 376, 128
-0.964882, 225, 289, 352, 416
-0.965465, 121, 65, 184, 192
-0.965998, 161, 225, 416, 352
-0.966145, 353, 81, 480, 208
-0.966495, 361, 97, 424, 224
-0.966644, 257, 1, 384, 128
-0.966724, 433, 1, 496, 128
-0.966968, 193, 49, 256, 112
-0.967213, 289, 57, 352, 120
-0.967235, 145, 57, 208, 120
-0.967483, 393, 193, 456, 256
-0.967617, 337, 289, 464, 416
-0.967704, 25, 177, 88, 304
-0.967712, 345, 273, 408, 400
-0.967924, 321, 33, 384, 160
-0.968115, 353, 17, 416, 144
-0.968248, 129, 1, 192, 128
-0.968294, 329, 177, 392, 304
-0.968305, 385, 153, 448, 216
-0.968478, 169, 49, 232, 112
-0.968484, 225, 49, 288, 112
-0.968526, 33, 257, 160, 384
-0.968618, 233, 289, 296, 416
-0.968817, 361, 209, 424, 272
-0.968889, 25, 169, 88, 232
-0.969191, 273, 1, 336, 128
-0.969356, 393, 1, 456, 64
-0.969604, 345, 121, 408, 184
-0.969648, 393, 81, 456, 208
-0.969676, 273, 289, 400, 416
-0.969881, 345, 65, 408, 320
-0.970046, 257, 289, 320, 416
-0.970147, 393, 225, 456, 288
-0.970262, 393, 1, 456, 128
-0.970275, 1, 49, 128, 176
-0.970351, 297, 337, 360, 400
-0.970482, 417, 289, 480, 416
-0.970515, 241, 49, 368, 112
-0.970552, 353, 177, 416, 240
-0.970723, 385, 289, 448, 416
-0.971226, 433, 145, 496, 272
-0.971318, 345, 97, 408, 160
-0.971325, 49, 81, 112, 208
-0.971561, 145, 241, 272, 368
-0.971849, 305, 161, 368, 288
-0.972001, 281, 33, 344, 288
-0.972004, 1, 209, 128, 336
-0.972112, 273, 225, 400, 352
-0.972416, 121, 73, 184, 136
-0.972549, 305, 33, 368, 288
-0.972567, 81, 17, 208, 144
-0.973037, 81, 273, 208, 400
-0.973423, 49, 153, 112, 216
-0.973678, 385, 257, 448, 320
-0.973755, 1, 225, 64, 352
-0.97385, 201, 25, 264, 88
-0.974088, 225, 1, 288, 256
-0.97411, 305, 193, 432, 256
-0.974151, 73, 113, 136, 176
-0.974199, 297, 1, 360, 128
-0.974207, 225, 129, 352, 256
-0.974207, 97, 225, 224, 352
-0.974219, 225, 241, 352, 368
-0.974245, 9, 113, 72, 240
-0.974283, 265, 297, 328, 360
-0.974361, 305, 289, 368, 416
-0.974424, 393, 313, 456, 376
-0.974454, 193, 49, 320, 112
-0.974569, 385, 97, 448, 160
-0.974893, 249, 33, 312, 288
-0.97525, 41, 129, 104, 192
-0.975366, 353, 145, 416, 208
-0.975373, 145, 49, 272, 112
-0.975551, 25, 217, 88, 280
-0.975649, 97, 49, 160, 176
-0.975843, 425, 1, 488, 64
-0.975934, 265, 329, 328, 392
-0.976039, 337, 225, 400, 352
-0.976175, 313, 313, 376, 376
-0.97643, 201, 305, 264, 368
-0.976467, 209, 289, 272, 416
-0.976487, 385, 129, 448, 384
-0.976499, 305, 137, 432, 200
-0.97659, 193, 33, 256, 288
-0.976608, 329, 337, 392, 400
-0.97663, 361, 345, 424, 408
-0.976662, 281, 289, 344, 416
-0.976774, 73, 257, 136, 384
-0.976853, 153, 1, 216, 128
-0.97699, 177, 81, 304, 208
-0.977148, 409, 145, 472, 272
-0.977206, 1, 161, 64, 288
-0.977256, 385, 1, 448, 256
-0.977456, 321, 89, 384, 152
-0.977526, 369, 129, 496, 192
-0.97758, 73, 49, 136, 176
-0.977826, 1, 153, 64, 216
-0.977886, 97, 97, 160, 160
-0.977936, 257, 25, 320, 88
-0.978049, 261, 33, 292, 160
-0.978152, 321, 49, 352, 176
-0.978218, 33, 129, 96, 384
-0.978272, 205, 33, 236, 160
-0.978309, 49, 145, 176, 272
-0.978394, 241, 345, 304, 408
-0.978569, 25, 65, 88, 192
-0.978595, 1, 177, 64, 240
-0.978637, 365, 97, 396, 160
-0.978677, 49, 241, 112, 368
-0.978693, 129, 289, 192, 416
-0.97881, 369, 217, 496, 280
-0.978865, 289, 33, 352, 96
-0.978908, 129, 289, 256, 416
-0.978913, 373, 97, 404, 224
-0.978984, 361, 289, 424, 352
-0.978996, 145, 33, 208, 288
-0.979081, 385, 121, 448, 184
-0.979133, 305, 113, 432, 176
-0.979147, 289, 49, 320, 112
-0.979166, 361, 233, 424, 296
-0.979265, 305, 161, 432, 224
-0.979276, 197, 49, 228, 112
-0.979323, 289, 49, 320, 176
-0.979348, 121, 281, 184, 344
-0.979367, 169, 25, 232, 88
-0.979373, 113, 233, 176, 296
-0.979448, 353, 161, 416, 416
-0.979492, 169, 33, 232, 288
-0.97953, 33, 169, 64, 232
-0.979546, 321, 161, 384, 416
-0.979675, 349, 65, 380, 192
-0.97969, 369, 169, 496, 232
-0.979869, 265, 241, 328, 368
-0.979919, 225, 313, 288, 376
-0.979972, 49, 177, 112, 304
-0.980025, 397, 193, 428, 320
-0.980029, 25, 257, 88, 320
-0.980038, 45, 161, 76, 224
-0.980043, 309, 57, 340, 120
-0.980074, 177, 129, 304, 256
-0.980308, 17, 129, 80, 192
-0.980377, 265, 353, 328, 416
-0.980412, 321, 33, 384, 96
-0.980454, 105, 241, 168, 368
-0.980459, 1, 225, 64, 288
-0.980465, 173, 57, 204, 120
-0.980475, 233, 25, 296, 88
-0.980514, 261, 49, 292, 112
-0.980525, 153, 265, 216, 328
-0.980537, 433, 321, 496, 384
-0.980578, 153, 297, 216, 360
-0.980581, 369, 73, 432, 136
-0.98065, 417, 297, 480, 360
-0.98067, 433, 97, 496, 224
-0.980689, 17, 1, 144, 128
-0.980716, 361, 265, 424, 328
-0.980785, 433, 161, 496, 224
-0.980807, 389, 241, 420, 368
-0.980877, 321, 217, 448, 280
-0.980906, 277, 49, 308, 176
-0.980936, 249, 33, 280, 160
-0.981085, 217, 33, 248, 160
-0.981168, 369, 313, 432, 376
-0.981177, 385, 289, 448, 352
-0.981236, 301, 49, 332, 176
-0.981433, 49, 193, 176, 320
-0.981504, 333, 65, 364, 128
-0.981532, 289, 321, 416, 384
-0.981541, 273, 81, 400, 144
-0.981567, 145, 33, 208, 96
-0.981608, 353, 81, 384, 144
-0.981629, 241, 289, 304, 352
-0.981639, 1, 201, 64, 264
-0.981655, 97, 73, 224, 136
-0.981667, 353, 193, 480, 256
-0.981714, 401, 361, 464, 423
-0.981737, 105, 1, 168, 128
-0.981768, 333, 49, 364, 176
-0.981771, 49, 33, 112, 160
-0.981816, 361, 81, 392, 208
-0.981849, 329, 193, 392, 256
-0.981962, 305, 193, 368, 256
-0.982009, 337, 313, 400, 376
-0.982016, 97, 289, 160, 416
-0.982104, 193, 33, 224, 160
-0.982152, 65, 97, 128, 352
-0.982173, 129, 97, 256, 224
-0.982229, 425, 185, 488, 248
-0.982275, 385, 177, 416, 304
-0.982319, 237, 33, 268, 160
-0.982338, 249, 49, 280, 112
-0.982363, 321, 57, 352, 120
-0.982367, 425, 273, 488, 336
-0.982431, 305, 1, 368, 423
-0.982505, 329, 1, 392, 423
-0.982755, 1, 65, 64, 192
-0.982756, 277, 49, 308, 112
-0.982774, 409, 161, 440, 288
-0.982797, 57, 225, 120, 288
-0.982805, 121, 33, 184, 288
-0.982812, 185, 329, 248, 392
-0.982831, 157, 49, 188, 176
-0.982837, 297, 1, 360, 64
-0.982863, 313, 113, 376, 240
-0.982959, 73, 193, 136, 320
-0.982995, 401, 241, 432, 368
-0.983, 9, 1, 72, 128
-0.983109, 405, 225, 436, 288
-0.983176, 173, 33, 204, 160
-0.983203, 389, 217, 420, 280
-0.983222, 369, 249, 496, 312
-0.983223, 369, 1, 432, 64
-0.983227, 337, 345, 464, 408
-0.983261, 433, 345, 496, 408
-0.983267, 81, 65, 144, 128
-0.983285, 369, 105, 496, 168
-0.983286, 309, 1, 340, 128
-0.983349, 241, 241, 304, 368
-0.983351, 9, 129, 72, 384
-0.983448, 385, 265, 416, 328
-0.983487, 41, 145, 72, 272
-0.983544, 417, 193, 480, 320
-0.983598, 25, 241, 88, 368
-0.983627, 73, 145, 136, 272
-0.983635, 289, 313, 352, 376
-0.983644, 97, 265, 160, 328
-0.983663, 417, 137, 480, 200
-0.983744, 433, 241, 496, 304
-0.983767, 237, 49, 268, 112
-0.983782, 345, 49, 408, 112
-0.983835, 265, 97, 328, 224
-0.98386, 185, 81, 248, 208
-0.983862, 225, 81, 352, 208
-0.98389, 281, 1, 344, 423
-0.98389, 97, 177, 224, 304
-0.983926, 25, 193, 88, 256
-0.983939, 57, 257, 120, 320
-0.983944, 297, 161, 360, 416
-0.983989, 185, 273, 248, 400
-0.98409, 385, 337, 448, 400
-0.984138, 41, 289, 104, 416
-0.984149, 17, 273, 144, 336
-0.984156, 41, 321, 104, 384
-0.984235, 401, 257, 432, 320
-0.984247, 53, 145, 84, 272
-0.984254, 209, 49, 240, 112
-0.98427, 377, 273, 408, 400
-0.984325, 65, 305, 128, 368
-0.984372, 417, 209, 480, 272
-0.984379, 241, 1, 304, 423
-0.984387, 233, 81, 296, 208
-0.984395, 17, 153, 144, 216
-0.984441, 1, 249, 64, 312
-0.984458, 281, 161, 344, 288
-0.984465, 353, 65, 480, 128
-0.984474, 417, 49, 480, 176
-0.984476, 321, 41, 448, 104
-0.984516, 321, 1, 448, 64
-0.984523, 137, 241, 200, 304
-0.984567, 25, 105, 88, 168
-0.984587, 217, 241, 280, 368
-0.984614, 289, 361, 352, 423
-0.984628, 185, 49, 216, 112
-0.984642, 81, 241, 144, 304
-0.984659, 337, 177, 368, 304
-0.98467, 161, 289, 224, 416
-0.984674, 161, 57, 192, 120
-0.984681, 89, 97, 152, 352
-0.984732, 401, 161, 432, 224
-0.984757, 1, 177, 128, 240
-0.984792, 397, 297, 428, 360
-0.984811, 313, 361, 376, 423
-0.984884, 217, 345, 280, 408
-0.984908, 421, 177, 452, 304
-0.984932, 161, 25, 288, 88
-0.984937, 145, 353, 208, 416
-0.98494, 53, 129, 84, 192
-0.984949, 409, 161, 472, 224
-0.985012, 121, 49, 184, 112
-0.985018, 385, 25, 448, 88
-0.98502, 257, 361, 384, 423
-0.985044, 177, 177, 304, 304
-0.985147, 457, 1, 488, 128
-0.98538, 105, 193, 168, 320
-0.985395, 417, 25, 480, 88
-0.985399, 145, 1, 176, 128
-0.98542, 97, 209, 160, 272
-0.985429, 145, 49, 176, 176
-0.98543, 321, 1, 384, 64
-0.985445, 209, 1, 272, 423
-0.985501, 77, 121, 108, 184
-0.985535, 381, 169, 412, 232
-0.985561, 65, 281, 128, 344
-0.985672, 49, 113, 176, 176
-0.985684, 297, 169, 360, 232
-0.985718, 417, 1, 448, 64
-0.985725, 129, 305, 192, 368
-0.985812, 389, 129, 420, 256
-0.985812, 305, 337, 336, 400
-0.985887, 429, 1, 460, 128
-0.986007, 433, 241, 496, 368
-0.986034, 101, 105, 132, 168
-0.986061, 129, 225, 192, 352
-0.986082, 1, 273, 64, 336
-0.986118, 1, 241, 128, 304
-0.986139, 445, 1, 476, 128
-0.986154, 221, 41, 252, 104
-0.986162, 417, 1, 480, 256
-0.986195, 425, 97, 488, 160
-0.986217, 337, 361, 400, 423
-0.986242, 193, 281, 256, 344
-0.986244, 169, 1, 232, 423
-0.986264, 41, 289, 104, 352
-0.986284, 337, 1, 368, 128
-0.98629, 369, 9, 496, 72
-0.986451, 289, 97, 352, 224
-0.986457, 133, 65, 164, 192
-0.986478, 17, 305, 80, 368
-0.986493, 65, 129, 96, 256
-0.986528, 389, 193, 420, 256
-0.986549, 461, 1, 492, 64
-0.986582, 137, 1, 200, 423
-0.986613, 17, 33, 80, 96
-0.986641, 353, 321, 480, 384
-0.986643, 321, 241, 448, 304
-0.986732, 253, 289, 284, 416
-0.986755, 337, 297, 464, 360
-0.986766, 409, 337, 472, 400
-0.986785, 97, 329, 160, 392
-0.98687, 57, 153, 88, 216
-0.98687, 49, 89, 112, 152
-0.986899, 37, 193, 68, 320
-0.986915, 321, 89, 448, 152
-0.986931, 401, 113, 432, 240
-0.987037, 413, 1, 444, 128
-0.987068, 345, 73, 408, 136
-0.987073, 337, 273, 464, 336
-0.987075, 409, 185, 440, 248
-0.987082, 209, 329, 336, 392
-0.987084, 337, 193, 368, 256
-0.987165, 89, 289, 152, 352
-0.987205, 361, 1, 424, 423
-0.98723, 141, 73, 172, 136
-0.98724, 73, 89, 136, 152
-0.987315, 313, 241, 376, 368
-0.987413, 297, 289, 360, 352
-0.987425, 121, 209, 184, 272
-0.987436, 297, 1, 328, 128
-0.987454, 321, 33, 352, 96
-0.987491, 41, 137, 72, 200
-0.987491, 17, 161, 48, 224
-0.9875, 381, 321, 412, 384
-0.987504, 49, 193, 112, 256
-0.987507, 393, 1, 456, 423
-0.987551, 157, 1, 188, 128
-0.987671, 321, 1, 352, 128
-0.987689, 329, 169, 392, 232
-0.987703, 397, 113, 428, 176
-0.987835, 409, 129, 472, 384
-0.987855, 409, 241, 472, 368
-0.987865, 397, 329, 428, 392
-0.987904, 209, 305, 336, 368
-0.987934, 333, 41, 364, 104
-0.987945, 357, 329, 388, 392
-0.987953, 281, 1, 312, 128
-0.98798, 377, 121, 408, 184
-0.987984, 97, 97, 128, 224
-0.987986, 353, 17, 384, 144
-0.988038, 193, 225, 256, 352
-0.988044, 129, 1, 192, 64
-0.988054, 81, 241, 112, 304
-0.988153, 365, 33, 396, 160
-0.988155, 397, 137, 428, 200
-0.988159, 241, 9, 368, 72
-0.98816, 81, 97, 112, 224
-0.988186, 269, 25, 300, 88
-0.988192, 121, 81, 152, 144
-0.988199, 257, 201, 384, 264
-0.988222, 333, 1, 364, 64
-0.988239, 97, 225, 128, 352
-0.988254, 1, 273, 64, 400
-0.988281, 129, 49, 384, 112
-0.9883, 445, 129, 476, 256
-0.98837, 121, 329, 184, 392
-0.988372, 429, 289, 460, 416
-0.988391, 209, 81, 272, 208
-0.988431, 265, 273, 296, 400
-0.988465, 417, 289, 448, 352
-0.988488, 113, 1, 176, 423
-0.988517, 241, 177, 368, 240
-0.988526, 209, 353, 336, 416
-0.988569, 405, 1, 436, 64
-0.988575, 1, 121, 128, 184
-0.98861, 209, 25, 240, 88
-0.98861, 257, 25, 288, 88
-0.988644, 225, 145, 288, 272
-0.988666, 81, 273, 208, 336
-0.988681, 345, 25, 408, 88
-0.988686, 289, 209, 352, 336
-0.988762, 133, 1, 164, 128
-0.988772, 33, 33, 96, 288
-0.988794, 373, 225, 404, 352
-0.988804, 77, 217, 108, 280
-0.988885, 89, 113, 120, 176
-0.988907, 321, 121, 384, 184
-0.988931, 417, 241, 448, 368
-0.988938, 241, 129, 304, 384
-0.988947, 177, 305, 240, 368
-0.988959, 469, 1, 500, 128
-0.988982, 337, 249, 400, 312
-0.989023, 409, 73, 472, 136
-0.989083, 29, 145, 60, 272
-0.989107, 433, 1, 464, 64
-0.989155, 393, 65, 424, 192
-0.989232, 429, 113, 460, 240
-0.989284, 305, 33, 336, 96
-0.989286, 65, 297, 192, 360
-0.989351, 121, 65, 152, 192
-0.989377, 425, 241, 456, 304
-0.989384, 453, 321, 484, 384
-0.989401, 385, 1, 416, 128
-0.989409, 293, 313, 324, 376
-0.989435, 201, 289, 232, 416
-0.989479, 61, 81, 92, 208
-0.989492, 249, 145, 312, 272
-0.989496, 153, 241, 216, 368
-0.989514, 445, 257, 476, 384
-0.989568, 233, 337, 264, 400
-0.989576, 145, 305, 272, 368
-0.989597, 397, 1, 428, 128
-0.989605, 409, 313, 440, 376
-0.989631, 445, 1, 476, 64
-0.989725, 97, 1, 160, 256
-0.989764, 57, 1, 120, 423
-0.989786, 265, 161, 328, 416
-0.989836, 349, 177, 380, 304
-0.989843, 81, 1, 144, 423
-0.989873, 17, 217, 144, 280
-0.98991, 17, 241, 48, 368
-0.989965, 289, 289, 320, 416
-0.989979, 381, 289, 412, 352
-0.989982, 217, 97, 280, 352
-0.990027, 49, 321, 176, 384
-0.990039, 101, 281, 132, 344
-0.990053, 201, 305, 232, 368
-0.990053, 101, 49, 132, 176
-0.990053, 353, 129, 384, 256
-0.990058, 237, 25, 268, 88
-0.990081, 281, 25, 312, 88
-0.990088, 201, 49, 264, 80
-0.9901, 273, 57, 336, 88
-0.990106, 73, 1, 136, 128
-0.990118, 453, 297, 484, 360
-0.990129, 33, 57, 160, 120
-0.990136, 97, 249, 224, 312
-0.990141, 41, 97, 72, 224
-0.990171, 69, 145, 100, 208
-0.990173, 57, 1, 120, 256
-0.990176, 357, 289, 388, 416
-0.990208, 393, 249, 456, 280
-0.990277, 157, 33, 188, 96
-0.990305, 229, 305, 260, 368
-0.990345, 33, 169, 96, 200
-0.990356, 65, 121, 96, 184
-0.990374, 233, 49, 296, 80
-0.990386, 37, 193, 68, 256
-0.990433, 317, 161, 348, 288
-0.990461, 393, 173, 456, 204
-0.990467, 257, 193, 320, 320
-0.990477, 313, 289, 344, 416
-0.990492, 173, 33, 204, 96
-0.990497, 1, 73, 500, 136
-0.990513, 461, 353, 492, 416
-0.990531, 369, 33, 496, 96
-0.990547, 49, 89, 176, 152
-0.990566, 401, 229, 464, 260
-0.990591, 385, 149, 448, 180
-0.990607, 381, 49, 412, 176
-0.990614, 169, 57, 232, 88
-0.990614, 81, 33, 208, 96
-0.990626, 249, 361, 280, 423
-0.990672, 1, 321, 128, 384
-0.990688, 121, 209, 152, 336
-0.990688, 317, 313, 348, 376
-0.990727, 441, 361, 472, 423
-0.990729, 417, 289, 448, 416
-0.990729, 201, 129, 264, 256
-0.990733, 97, 97, 224, 160
-0.99074, 241, 273, 272, 400
-0.990784, 33, 157, 96, 188
-0.990786, 353, 129, 416, 160
-0.990792, 249, 337, 280, 400
-0.990817, 381, 145, 412, 208
-0.990831, 337, 113, 368, 240
-0.990846, 377, 237, 440, 268
-0.990862, 1, 157, 64, 188
-0.990898, 401, 209, 464, 240
-0.990907, 101, 273, 132, 400
-0.990934, 377, 109, 440, 140
-0.990942, 153, 161, 216, 416
-0.990944, 409, 357, 472, 388
-0.99096, 129, 353, 256, 416
-0.990961, 229, 289, 260, 416
-0.99097, 137, 65, 200, 96
-0.99097, 433, 225, 464, 352
-0.991, 361, 217, 424, 248
-0.991025, 33, 137, 96, 168
-0.991028, 353, 201, 416, 232
-0.991041, 297, 65, 360, 96
-0.99105, 241, 373, 304, 404
-0.991081, 345, 313, 376, 376
-0.991083, 25, 193, 56, 256
-0.991085, 469, 289, 500, 416
-0.991087, 145, 41, 176, 104
-0.991088, 25, 193, 56, 320
-0.991093, 393, 193, 456, 224
-0.991103, 161, 97, 224, 224
-0.991106, 417, 341, 480, 372
-0.991122, 273, 329, 304, 392
-0.991143, 1, 217, 32, 280
-0.991175, 141, 217, 172, 280
-0.99121, 385, 161, 448, 192
-0.991217, 249, 353, 312, 384
-0.991218, 289, 289, 416, 352
-0.99122, 49, 241, 176, 304
-0.991237, 401, 289, 432, 416
-0.991237, 177, 129, 240, 384
-0.99124, 225, 313, 288, 344
-0.991251, 425, 229, 488, 260
-0.991253, 137, 289, 168, 416
-0.991263, 1, 185, 64, 216
-0.991268, 121, 249, 152, 312
-0.99127, 293, 337, 324, 400
-0.991295, 197, 25, 228, 88
-0.991327, 385, 353, 448, 384
-0.99133, 353, 161, 416, 192
-0.99134, 353, 141, 416, 172
-0.99134, 401, 313, 464, 344
-0.991341, 29, 145, 60, 208
-0.991399, 13, 185, 44, 248
-0.991418, 161, 1, 288, 64
-0.991427, 433, 1, 496, 32
-0.991429, 377, 333, 440, 364
-0.991446, 225, 37, 288, 68
-0.991449, 401, 297, 464, 328
-0.991491, 361, 309, 424, 340
-0.991493, 57, 149, 120, 180
-0.991498, 313, 81, 376, 112
-0.991498, 417, 217, 448, 280
-0.991511, 353, 185, 416, 216
-0.991517, 385, 137, 448, 168
-0.991518, 121, 81, 184, 112
-0.991554, 361, 297, 424, 328
-0.991555, 377, 125, 440, 156
-0.991559, 77, 209, 108, 336
-0.991561, 105, 73, 136, 136
-0.991568, 337, 117, 400, 148
-0.991572, 257, 337, 320, 368
-0.991589, 113, 273, 144, 400
-0.991623, 345, 345, 376, 408
-0.991627, 385, 9, 448, 40
-0.991633, 201, 309, 264, 340
-0.99164, 433, 217, 496, 248
-0.991642, 313, 321, 376, 352
-0.991643, 81, 49, 112, 176
-0.991671, 17, 197, 80, 228
-0.991687, 217, 369, 280, 400
-0.991696, 25, 181, 88, 212
-0.991726, 273, 321, 336, 352
-0.991732, 209, 357, 272, 388
-0.991744, 337, 101, 400, 132
-0.991747, 377, 321, 440, 352
-0.991752, 417, 1, 480, 423
-0.991756, 361, 349, 424, 380
-0.99176, 433, 361, 496, 392
-0.991771, 441, 209, 472, 272
-0.991792, 393, 393, 456, 423
-0.991815, 433, 285, 496, 316
-0.991815, 313, 45, 376, 76
-0.991819, 429, 313, 460, 376
-0.991825, 41, 277, 104, 308
-0.991826, 385, 265, 448, 296
-0.991829, 417, 393, 480, 423
-0.991863, 129, 257, 192, 288
-0.991867, 273, 349, 336, 380
-0.991867, 97, 101, 160, 132
-0.991878, 41, 113, 104, 144
-0.991879, 25, 209, 88, 240
-0.991879, 113, 273, 144, 336
-0.99188, 129, 357, 192, 388
-0.991883, 345, 337, 408, 368
-0.991888, 77, 257, 108, 384
-0.991899, 57, 133, 120, 164
-0.991904, 9, 141, 72, 172
-0.991905, 1, 97, 500, 160
-0.991911, 333, 289, 364, 416
-0.991912, 1, 145, 32, 208
-0.991925, 73, 281, 136, 312
-0.991929, 193, 37, 256, 68
-0.991931, 457, 81, 488, 208
-0.991934, 417, 253, 480, 284
-0.991935, 9, 169, 72, 200
-0.991938, 9, 193, 40, 320
-0.991941, 297, 337, 360, 368
-0.991943, 413, 113, 444, 240
-0.991948, 369, 89, 432, 120
-0.991955, 441, 121, 472, 184
-0.99196, 33, 273, 64, 400
-0.991963, 129, 281, 256, 344
-0.991967, 257, 45, 320, 76
-0.992003, 329, 197, 392, 228
-0.992008, 65, 217, 192, 280
-0.992012, 73, 117, 136, 148
-0.992018, 321, 1, 352, 64
-0.992032, 377, 205, 440, 236
-0.992044, 65, 293, 128, 324
-0.992044, 193, 297, 256, 328
-0.992046, 361, 177, 392, 304
-0.99205, 417, 241, 480, 272
-0.992063, 273, 225, 400, 288
-0.992071, 389, 241, 420, 304
-0.992078, 225, 169, 480, 232
-0.992078, 113, 269, 176, 300
-0.992085, 425, 13, 488, 44
-0.992087, 409, 121, 472, 152
-0.992094, 369, 65, 400, 128
-0.992094, 73, 97, 104, 160
-0.992114, 305, 349, 368, 380
-0.992134, 225, 113, 480, 176
-0.992135, 345, 65, 408, 96
-0.992136, 121, 129, 184, 384
-0.992138, 353, 173, 416, 204
-0.992142, 169, 41, 232, 72
-0.992161, 53, 193, 84, 320
-0.992167, 49, 217, 112, 248
-0.99217, 137, 281, 168, 344
-0.992173, 345, 321, 408, 352
-0.992186, 453, 233, 484, 296
-0.992202, 73, 265, 136, 296
-0.992215, 249, 313, 312, 344
-0.992218, 33, 125, 96, 156
-0.992219, 321, 177, 352, 240
-0.992227, 149, 289, 180, 416
-0.992231, 433, 161, 496, 416
-0.992238, 249, 297, 312, 328
-0.992241, 289, 365, 352, 396
-0.992249, 369, 345, 400, 408
-0.992256, 469, 129, 500, 256
-0.992258, 25, 221, 88, 252
-0.992272, 377, 285, 440, 316
-0.992276, 301, 289, 332, 416
-0.99228, 97, 237, 160, 268
-0.992281, 465, 281, 496, 344
-0.992283, 281, 37, 344, 68
-0.99231, 433, 153, 496, 184
-0.992325, 393, 25, 456, 56
-0.992332, 361, 249, 424, 280
-0.992337, 161, 329, 288, 392
-0.992339, 241, 305, 272, 368
-0.992341, 57, 229, 120, 260
-0.992347, 433, 137, 496, 168
-0.992354, 289, 377, 352, 408
-0.992358, 49, 329, 112, 360
-0.992359, 409, 329, 472, 360
-0.992371, 337, 89, 400, 120
-0.992378, 33, 173, 64, 204
-0.992383, 425, 305, 488, 336
-0.992387, 153, 357, 216, 388
-0.992389, 461, 225, 492, 352
-0.99239, 129, 377, 192, 408
-0.992394, 353, 17, 416, 48
-0.9924, 361, 77, 424, 108
-0.992402, 409, 41, 472, 72
-0.992422, 1, 209, 64, 240
-0.992427, 417, 173, 480, 204
-0.992428, 321, 333, 384, 364
-0.992452, 161, 293, 224, 324
-0.99246, 1, 49, 500, 112
-0.992469, 321, 69, 384, 100
-0.992469, 129, 177, 192, 304
-0.992472, 105, 281, 168, 312
-0.992472, 1, 297, 128, 360
-0.992475, 305, 201, 368, 232
-0.99248, 57, 161, 120, 192
-0.992485, 121, 297, 184, 328
-0.992512, 29, 217, 60, 280
-0.992526, 317, 61, 348, 92
-0.992556, 433, 177, 464, 304
-0.992563, 261, 53, 292, 84
-0.992577, 129, 129, 192, 256
-0.992608, 325, 97, 356, 224
-0.992609, 1, 89, 128, 152
-0.992631, 305, 57, 336, 88
-0.992636, 329, 69, 360, 100
-0.992646, 133, 241, 164, 368
-0.992666, 213, 289, 244, 416
-0.99267, 233, 49, 264, 80
-0.992684, 1, 1, 64, 256
-0.992699, 217, 49, 248, 80
-0.99271, 125, 57, 156, 120
-0.992732, 413, 65, 444, 192
-0.992741, 109, 97, 140, 224
-0.992747, 293, 57, 324, 88
-0.992789, 85, 89, 116, 152
-0.992807, 93, 241, 124, 304
-0.992812, 189, 329, 220, 392
-0.99286, 17, 129, 48, 256
-0.992886, 389, 89, 420, 152
-0.992907, 153, 289, 184, 352
-0.992938, 45, 165, 76, 196
-0.99296, 457, 145, 488, 208
-0.99296, 129, 225, 160, 288
-0.992966, 1, 241, 32, 368
-0.992967, 177, 289, 208, 416
-0.992987, 401, 169, 432, 200
-0.993019, 453, 177, 484, 304
-0.993105, 25, 249, 56, 312
-0.993144, 221, 17, 252, 80
-0.993147, 425, 345, 456, 408
-0.993154, 129, 305, 160, 368
-0.993154, 189, 53, 220, 84
-0.993197, 65, 73, 320, 136
-0.993198, 373, 249, 404, 312
-0.993208, 457, 273, 488, 400
-0.993244, 465, 177, 496, 304
-0.99326, 177, 57, 208, 88
-0.99327, 405, 193, 436, 224
-0.993278, 61, 249, 92, 312
-0.993283, 245, 49, 276, 80
-0.993285, 157, 241, 188, 304
-0.993298, 9, 1, 72, 423
-0.993315, 185, 25, 216, 88
-0.993315, 465, 305, 496, 368
-0.993319, 165, 61, 196, 92
-0.993322, 429, 25, 460, 88
-0.993363, 201, 53, 232, 84
-0.993364, 193, 281, 320, 344
-0.993373, 117, 17, 148, 144
-0.993382, 81, 345, 208, 408
-0.993391, 33, 1, 96, 423
-0.993391, 37, 17, 68, 144
-0.993427, 45, 241, 76, 368
-0.993436, 73, 129, 104, 160
-0.99344, 401, 257, 432, 288
-0.993444, 409, 245, 440, 276
-0.99347, 77, 145, 108, 272
-0.993511, 73, 145, 104, 176
-0.993516, 409, 233, 440, 264
-0.993517, 277, 289, 308, 416
-0.993525, 145, 73, 176, 104
-0.99353, 57, 241, 88, 368
-0.993535, 225, 145, 480, 208
-0.993535, 265, 81, 296, 208
-0.993543, 281, 57, 312, 88
-0.993559, 389, 221, 420, 252
-0.993573, 1, 81, 32, 208
-0.993592, 401, 313, 432, 344
-0.993598, 457, 129, 488, 256
-0.993602, 305, 161, 336, 288
-0.993609, 245, 369, 276, 400
-0.99363, 377, 329, 408, 360
-0.993631, 177, 81, 304, 144
-0.993638, 361, 101, 392, 132
-0.993644, 193, 89, 448, 152
-0.993665, 33, 185, 64, 216
-0.993666, 205, 309, 236, 340
-0.993686, 441, 81, 472, 208
-0.99369, 225, 193, 480, 256
-0.993691, 217, 81, 248, 208
-0.993713, 1, 129, 500, 192
-0.993717, 389, 265, 420, 296
-0.993725, 221, 309, 252, 340
-0.993736, 389, 289, 420, 416
-0.993739, 401, 181, 432, 212
-0.993742, 361, 353, 392, 384
-0.993748, 397, 157, 428, 188
-0.993814, 57, 157, 88, 188
-0.993818, 21, 177, 52, 208
-0.993819, 177, 49, 304, 80
-0.993822, 337, 193, 368, 224
-0.993842, 109, 209, 140, 336
-0.993845, 341, 77, 372, 108
-0.993868, 49, 177, 176, 240
-0.993891, 361, 241, 392, 368
-0.993913, 85, 121, 116, 152
-0.993926, 413, 313, 444, 344
-0.993946, 153, 225, 184, 352
-0.993959, 377, 345, 408, 376
-0.993971, 397, 301, 428, 332
-0.993973, 385, 201, 416, 232
-0.994006, 221, 241, 252, 368
-0.994012, 61, 137, 92, 168
-0.994055, 265, 333, 296, 364
-0.994075, 21, 189, 52, 220
-0.994089, 369, 117, 400, 148
-0.994096, 209, 37, 240, 68
-0.994097, 397, 145, 428, 176
-0.994114, 105, 105, 136, 136
-0.994129, 437, 361, 468, 392
-0.994141, 229, 385, 260, 416
-0.994163, 65, 137, 192, 200
-0.994173, 381, 185, 412, 216
-0.994211, 133, 81, 164, 112
-0.994224, 397, 125, 428, 156
-0.994249, 225, 37, 256, 68
-0.994251, 353, 89, 384, 120
-0.99427, 101, 285, 132, 316
-0.994271, 429, 393, 460, 423
-0.99433, 233, 193, 296, 320
-0.994347, 225, 217, 480, 280
-0.994377, 117, 93, 148, 124
-0.994381, 193, 41, 224, 72
-0.99439, 425, 321, 456, 352
-0.994395, 361, 341, 392, 372
-0.994398, 393, 245, 424, 276
-0.994431, 389, 333, 420, 364
-0.994451, 241, 5, 272, 36
-0.994454, 417, 5, 448, 36
-0.994454, 445, 249, 476, 280
-0.994455, 153, 145, 216, 272
-0.994509, 377, 129, 408, 160
-0.994515, 245, 309, 276, 340
-0.994518, 253, 37, 284, 68
-0.994527, 385, 101, 416, 132
-0.994545, 417, 381, 448, 412
-0.994551, 281, 45, 312, 76
-0.994554, 393, 389, 424, 420
-0.994558, 277, 349, 308, 380
-0.99456, 457, 353, 488, 384
-0.994562, 397, 13, 428, 44
-0.994571, 97, 273, 128, 304
-0.994593, 25, 233, 56, 264
-0.994598, 429, 1, 460, 32
-0.994601, 69, 241, 100, 272
-0.994607, 405, 221, 436, 252
-0.994615, 205, 325, 236, 356
-0.994621, 329, 49, 360, 80
-0.994621, 237, 357, 268, 388
-0.994636, 113, 281, 144, 312
-0.994646, 421, 245, 452, 276
-0.99465, 105, 145, 168, 272
-0.994669, 1, 153, 500, 216
-0.994682, 425, 333, 456, 364
-0.99469, 257, 129, 384, 192
-0.994691, 429, 233, 460, 264
-0.994692, 41, 153, 72, 184
-0.994697, 387, 121, 402, 184
-0.9947, 305, 45, 336, 76
-0.994701, 441, 233, 472, 264
-0.994704, 417, 289, 448, 320
-0.994709, 329, 313, 360, 344
-0.994724, 137, 233, 168, 264
-0.994733, 177, 177, 240, 304
-0.994738, 381, 149, 412, 180
-0.994747, 317, 333, 348, 364
-0.994758, 153, 193, 216, 320
-0.99477, 225, 57, 352, 88
-0.994782, 257, 357, 288, 388
-0.994797, 117, 265, 148, 296
-0.994797, 413, 177, 444, 208
-0.994812, 429, 117, 460, 148
-0.99482, 49, 125, 80, 156
-0.994821, 281, 297, 312, 328
-0.99484, 409, 349, 440, 380
-0.994843, 457, 249, 488, 280
-0.994851, 457, 165, 488, 196
-0.994858, 381, 161, 412, 192
-0.994861, 449, 217, 480, 248
-0.994874, 425, 217, 456, 248
-0.994876, 13, 233, 44, 264
-0.994881, 73, 253, 104, 284
-0.994884, 137, 357, 168, 388
-0.994886, 441, 125, 472, 156
-0.994894, 341, 353, 372, 384
-0.994898, 449, 365, 480, 396
-0.99492, 317, 49, 348, 80
-0.994925, 357, 329, 388, 360
-0.994929, 293, 357, 324, 388
-0.994934, 389, 277, 420, 308
-0.994942, 33, 113, 288, 176
-0.994946, 433, 177, 464, 208
-0.994948, 469, 393, 500, 423
-0.994952, 241, 37, 272, 68
-0.994963, 1, 153, 256, 216
-0.994967, 461, 1, 492, 32
-0.994981, 225, 57, 480, 120
-0.994984, 393, 233, 424, 264
-0.994987, 1, 201, 32, 232
-0.994988, 197, 49, 212, 112
-0.994988, 253, 9, 284, 40
-0.994993, 333, 205, 364, 236
-0.994997, 21, 161, 52, 192
-0.995047, 145, 249, 272, 312
-0.995087, 193, 161, 320, 224
-0.995131, 257, 25, 500, 88
-0.99519, 369, 177, 496, 208
-0.995198, 33, 33, 160, 96
-0.995234, 305, 197, 432, 228
-0.995291, 277, 49, 292, 112
-0.995317, 297, 49, 312, 112
-0.995336, 35, 177, 50, 240
-0.995352, 369, 189, 496, 220
-0.995459, 175, 57, 190, 120
-0.995498, 323, 57, 338, 120
-0.995523, 375, 97, 390, 160
-0.995551, 291, 49, 306, 112
-0.995582, 1, 17, 500, 80
-0.995586, 369, 221, 496, 252
-0.995587, 257, 329, 500, 392
-0.995622, 375, 337, 390, 400
-0.995638, 369, 241, 496, 272
-0.99566, 365, 89, 380, 152
-0.99567, 33, 1, 160, 64
-0.995694, 369, 113, 496, 144
-0.995723, 381, 97, 412, 352
-0.995728, 1, 177, 500, 240
-0.99573, 209, 105, 336, 168
-0.995746, 263, 49, 278, 112
-0.995771, 395, 265, 410, 328
-0.995819, 405, 217, 420, 280
-0.995828, 225, 241, 480, 304
-0.995872, 257, 281, 500, 344
-0.995884, 305, 209, 432, 240
-0.995891, 181, 57, 196, 120
-0.995918, 349, 73, 364, 136
-0.995946, 369, 129, 496, 160
-0.995949, 257, 49, 272, 112
-0.995997, 305, 185, 432, 216
-0.996001, 333, 33, 364, 288
-0.996006, 1, 289, 500, 352
-0.996008, 357, 81, 372, 144
-0.996043, 213, 49, 228, 112
-0.996047, 309, 33, 340, 288
-0.996065, 381, 105, 396, 168
-0.996076, 113, 77, 240, 108
-0.99612, 271, 49, 286, 112
-0.996123, 1, 321, 500, 384
-0.996141, 145, 61, 272, 92
-0.996146, 203, 49, 218, 112
-0.996151, 187, 57, 202, 120
-0.996173, 1, 257, 256, 320
-0.996176, 193, 361, 448, 423
-0.996207, 321, 233, 448, 264
-0.996211, 305, 157, 432, 188
-0.996222, 45, 169, 60, 232
-0.996239, 289, 265, 416, 328
-0.996247, 1, 41, 256, 104
-0.996271, 129, 169, 384, 232
-0.996314, 397, 185, 412, 248
-0.996315, 283, 49, 298, 112
-0.996319, 303, 49, 318, 112
-0.99633, 305, 129, 432, 160
-0.996337, 209, 313, 336, 344
-0.996345, 369, 157, 496, 188
-0.99635, 241, 153, 368, 216
-0.996352, 339, 65, 354, 128
-0.996357, 241, 281, 368, 344
-0.996378, 225, 1, 480, 64
-0.996384, 257, 81, 384, 112
-0.996391, 289, 97, 416, 128
-0.996393, 321, 33, 352, 288
-0.996394, 273, 345, 400, 376
-0.996419, 321, 221, 448, 252
-0.99642, 305, 169, 432, 200
-0.996425, 317, 57, 332, 120
-0.996426, 297, 33, 328, 288
-0.996426, 361, 65, 392, 320
-0.996432, 369, 141, 496, 172
-0.99647, 311, 57, 326, 120
-0.99647, 225, 1, 256, 256
-0.996478, 145, 193, 272, 256
-0.996483, 335, 41, 350, 104
-0.996483, 353, 253, 480, 284
-0.996492, 145, 153, 272, 216
-0.996517, 257, 305, 500, 368
-0.996527, 257, 105, 384, 168
-0.996531, 257, 1, 288, 256
-0.996543, 1, 233, 256, 296
-0.996549, 1, 177, 256, 240
-0.996566, 281, 33, 312, 288
-0.99659, 353, 357, 480, 388
-0.996636, 305, 49, 432, 80
-0.996641, 289, 113, 416, 144
-0.99666, 369, 201, 496, 232
-0.99666, 1, 289, 256, 352
-0.99666, 251, 49, 266, 112
-0.996713, 55, 161, 70, 224
-0.996743, 305, 145, 432, 176
-0.996756, 1, 241, 500, 304
-0.996766, 349, 65, 380, 320
-0.996773, 241, 1, 272, 256
-0.996822, 269, 33, 300, 288
-0.996831, 425, 1, 440, 64
-0.996846, 17, 169, 144, 200
-0.996858, 337, 61, 464, 92
-0.996869, 405, 257, 420, 320
-0.996884, 113, 1, 240, 64
-0.996891, 369, 13, 496, 44
-0.996923, 97, 265, 352, 328
-0.996933, 1, 17, 256, 80
-0.996945, 247, 353, 262, 416
-0.996952, 369, 329, 384, 392
-0.996967, 237, 41, 252, 104
-0.996967, 33, 153, 160, 184
-0.996969, 241, 301, 368, 332
-0.996969, 321, 325, 448, 356
-0.996975, 45, 145, 60, 208
-0.996975, 193, 137, 320, 200
-0.996979, 213, 33, 244, 288
-0.996986, 129, 289, 384, 352
-0.997002, 399, 113, 414, 176
-0.997024, 33, 285, 160, 316
-0.997029, 411, 225, 426, 288
-0.997055, 159, 65, 174, 128
-0.997069, 321, 309, 448, 340
-0.997083, 1, 313, 256, 376
-0.997086, 17, 129, 144, 160
-0.997129, 369, 285, 496, 316
-0.997157, 333, 65, 348, 128
-0.997175, 1, 217, 500, 280
-0.997186, 231, 49, 246, 112
-0.9972, 347, 185, 362, 248
-0.997202, 219, 49, 234, 112
-0.997205, 419, 1, 434, 64
-0.997205, 431, 1, 446, 64
-0.997217, 273, 313, 400, 344
-0.99724, 241, 69, 368, 100
-0.997255, 129, 1, 384, 64
-0.997256, 161, 25, 416, 88
-0.997268, 97, 145, 352, 208
-0.99727, 353, 89, 480, 120
-0.99728, 337, 73, 464, 104
-0.997295, 33, 361, 160, 423
-0.997299, 97, 89, 224, 120
-0.997305, 321, 9, 448, 40
-0.997311, 201, 1, 232, 256
-0.997316, 393, 1, 424, 256
-0.997318, 145, 37, 272, 68
-0.997319, 193, 385, 320, 416
-0.997324, 1, 265, 500, 328
-0.997347, 169, 57, 184, 120
-0.997359, 273, 325, 400, 356
-0.997362, 241, 41, 368, 72
-0.997376, 1, 209, 256, 272
-0.997385, 381, 337, 396, 400
-0.997392, 353, 101, 480, 132
-0.997393, 141, 33, 172, 288
-0.997398, 63, 153, 78, 216
-0.997404, 279, 25, 294, 88
-0.997409, 129, 121, 256, 184
-0.997412, 393, 161, 424, 416
-0.997413, 245, 49, 260, 112
-0.997413, 209, 9, 336, 40
-0.997413, 413, 1, 428, 64
-0.997422, 97, 345, 352, 408
-0.99744, 97, 313, 352, 376
-0.997459, 305, 245, 432, 276
-0.997463, 17, 109, 144, 140
-0.997464, 1, 181, 128, 212
-0.99747, 211, 25, 226, 88
-0.997475, 307, 321, 322, 384
-0.997479, 97, 65, 224, 96
-0.997532, 129, 305, 256, 336
-0.997557, 1, 141, 128, 172
-0.997573, 81, 105, 208, 136
-0.997575, 369, 161, 400, 416
-0.997587, 49, 141, 176, 172
-0.997602, 225, 49, 240, 112
-0.99761, 17, 229, 144, 260
-0.997611, 321, 345, 448, 376
-0.997614, 313, 329, 328, 392
-0.99763, 345, 49, 360, 112
-0.997645, 329, 161, 360, 416
-0.997653, 57, 137, 72, 200
-0.997661, 39, 145, 54, 208
-0.997666, 81, 281, 208, 312
-0.997672, 271, 25, 286, 88
-0.997675, 405, 1, 436, 256
-0.997688, 271, 297, 286, 360
-0.997694, 209, 349, 336, 380
-0.997694, 403, 193, 418, 256
-0.997697, 101, 65, 132, 320
-0.997705, 181, 33, 212, 288
-0.997706, 1, 249, 128, 280
-0.99773, 31, 185, 46, 216
-0.997746, 353, 29, 480, 60
-0.997748, 411, 185, 426, 248
-0.997753, 373, 1, 404, 256
-0.997759, 193, 297, 320, 328
-0.997763, 117, 273, 132, 336
-0.997779, 65, 117, 192, 148
-0.997787, 35, 173, 50, 204
-0.997789, 369, 313, 496, 344
-0.99779, 257, 373, 384, 404
-0.997792, 193, 257, 320, 320
-0.997793, 73, 97, 104, 352
-0.997796, 33, 209, 48, 272
-0.997798, 45, 97, 76, 352
-0.997802, 249, 357, 264, 388
-0.99781, 33, 89, 160, 120
-0.997811, 1, 193, 128, 224
-0.997819, 41, 173, 56, 204
-0.997822, 193, 37, 320, 68
-0.997822, 33, 129, 64, 384
-0.997835, 333, 77, 364, 92
-0.997835, 389, 273, 404, 336
-0.997835, 405, 291, 436, 306
-0.997836, 413, 313, 444, 328
-0.997837, 393, 231, 424, 246
-0.997839, 217, 329, 248, 344
-0.99784, 271, 49, 286, 80
-0.997841, 461, 225, 492, 240
-0.997841, 245, 49, 260, 80
-0.997842, 385, 121, 400, 152
-0.997842, 205, 53, 220, 84
-0.997845, 425, 399, 456, 414
-0.997847, 147, 241, 162, 304
-0.997847, 125, 91, 156, 106
-0.997848, 319, 61, 334, 92
-0.997848, 61, 159, 92, 174
-0.997849, 377, 137, 408, 152
-0.997852, 309, 57, 324, 88
-0.997853, 113, 285, 128, 316
-0.997853, 223, 49, 238, 80
-0.997854, 445, 1, 460, 64
-0.997855, 405, 7, 436, 22
-0.997855, 465, 405, 496, 420
-0.997857, 179, 33, 194, 96
-0.997859, 405, 201, 436, 216
-0.997859, 293, 25, 308, 88
-0.997866, 147, 73, 162, 136
-0.997867, 317, 333, 348, 348
-0.997867, 345, 73, 360, 104
-0.997867, 193, 57, 208, 88
-0.997871, 377, 105, 392, 136
-0.997871, 433, 241, 464, 256
-0.997872, 381, 187, 412, 202
-0.997872, 117, 265, 148, 280
-0.997873, 371, 97, 386, 128
-0.997874, 469, 143, 500, 158
-0.997874, 397, 339, 428, 354
-0.997875, 179, 61, 194, 92
-0.997877, 361, 89, 376, 120
-0.997877, 341, 87, 372, 102
-0.997878, 329, 65, 344, 96
-0.99788, 389, 299, 420, 314
-0.99788, 71, 141, 86, 172
-0.997881, 149, 249, 180, 264
-0.997881, 395, 269, 410, 300
-0.997883, 365, 327, 396, 342
-0.997886, 79, 133, 94, 164
-0.997888, 257, 201, 384, 232
-0.997888, 109, 291, 140, 306
-0.997888, 79, 121, 94, 184
-0.99789, 333, 377, 364, 392
-0.99789, 353, 81, 368, 112
-0.99789, 71, 153, 86, 216
-0.99789, 349, 95, 380, 110
-0.997893, 277, 51, 308, 66
-0.997894, 445, 403, 476, 418
-0.997897, 53, 151, 84, 166
-0.997898, 231, 49, 246, 80
-0.997899, 253, 361, 284, 376
-0.997899, 47, 165, 62, 196
-0.9979, 17, 203, 48, 218
-0.9979, 97, 209, 352, 272
-0.997901, 335, 65, 350, 96
-0.997902, 37, 163, 68, 178
-0.997902, 25, 181, 40, 212
-0.997903, 251, 49, 266, 80
-0.997904, 169, 33, 200, 288
-0.997904, 389, 331, 420, 346
-0.997905, 253, 369, 284, 384
-0.997905, 239, 49, 254, 80
-0.997906, 291, 57, 306, 88
-0.997907, 211, 53, 226, 84
-0.997907, 407, 245, 422, 276
-0.997908, 429, 1, 444, 32
-0.997908, 73, 133, 104, 148
-0.997909, 301, 57, 316, 88
-0.997909, 59, 165, 74, 196
-0.997911, 377, 315, 408, 330
-0.997914, 341, 335, 372, 350
-0.997914, 315, 33, 330, 96
-0.997915, 137, 241, 168, 256
-0.997917, 389, 213, 420, 228
-0.99792, 333, 1, 348, 64
-0.99792, 473, 305, 488, 368
-0.997921, 161, 285, 288, 316
-0.997921, 173, 61, 188, 92
-0.997921, 401, 157, 416, 188
-0.997921, 107, 285, 122, 316
-0.997922, 399, 145, 414, 176
-0.997923, 389, 121, 420, 136
-0.997924, 435, 321, 450, 352
-0.997925, 259, 53, 274, 84
-0.997925, 401, 265, 416, 296
-0.997927, 163, 69, 178, 100
-0.997931, 469, 361, 500, 376
-0.997932, 417, 323, 448, 338
-0.997932, 369, 337, 384, 368
-0.997932, 273, 321, 288, 384
-0.997934, 153, 69, 184, 84
-0.997935, 341, 29, 372, 44
-0.997935, 251, 369, 266, 400
-0.997936, 403, 305, 418, 336
-0.997938, 61, 149, 76, 180
-0.997939, 413, 313, 428, 344
-0.99794, 423, 249, 438, 280
-0.997941, 277, 53, 292, 84
-0.997941, 199, 53, 214, 84
-0.997941, 403, 221, 418, 252
-0.997942, 65, 161, 80, 192
-0.997943, 37, 185, 52, 216
-0.997943, 257, 369, 272, 400
-0.997946, 329, 9, 360, 24
-0.997946, 265, 53, 280, 84
-0.997947, 421, 169, 452, 184
-0.997947, 217, 49, 232, 80
-0.997947, 17, 191, 48, 206
-0.997947, 273, 347, 304, 362
-0.997947, 53, 169, 68, 200
-0.997947, 33, 77, 160, 108
-0.997948, 243, 385, 258, 416
-0.997948, 37, 209, 52, 240
-0.997948, 45, 331, 76, 346
-0.997949, 71, 157, 86, 188
-0.997949, 393, 333, 408, 364
-0.99795, 377, 349, 408, 364
-0.997951, 257, 9, 272, 40
-0.997951, 377, 341, 392, 372
-0.997951, 49, 241, 176, 272
-0.997952, 285, 57, 300, 88
-0.997952, 385, 111, 416, 126
-0.997953, 429, 393, 460, 408
-0.997953, 481, 393, 496, 423
-0.997953, 17, 261, 144, 292
-0.997953, 221, 309, 236, 340
-0.997954, 405, 213, 436, 228
-0.997955, 395, 321, 410, 352
-0.997956, 399, 333, 414, 364
-0.997957, 393, 267, 424, 282
-0.997957, 187, 57, 202, 88
-0.997957, 77, 145, 92, 176
-0.997959, 389, 133, 404, 164
-0.997959, 413, 229, 428, 260
-0.99796, 305, 29, 432, 60
-0.99796, 381, 171, 412, 186
-0.997962, 421, 245, 452, 260
-0.997963, 197, 309, 228, 324
-0.997964, 399, 205, 414, 236
-0.997965, 257, 353, 272, 384
-0.997965, 215, 313, 230, 344
-0.997966, 397, 159, 428, 174
-0.997967, 405, 397, 436, 412
-0.997968, 109, 105, 124, 136
-0.997968, 401, 169, 416, 200
-0.997968, 275, 337, 290, 368
-0.997968, 95, 117, 110, 148
-0.997969, 215, 37, 230, 68
-0.99797, 329, 49, 344, 80
-0.99797, 233, 389, 264, 404
-0.997971, 119, 277, 134, 308
-0.997971, 293, 297, 308, 328
-0.997971, 241, 9, 272, 24
-0.997971, 147, 237, 162, 268
-0.997974, 157, 69, 172, 100
-0.997974, 407, 257, 422, 288
-0.997974, 389, 277, 404, 308
-0.997975, 391, 153, 406, 216
-0.997976, 287, 25, 302, 88
-0.997976, 405, 181, 420, 212
-0.997976, 111, 269, 126, 300
-0.997976, 421, 173, 436, 204
-0.997979, 429, 245, 444, 276
-0.997979, 89, 125, 104, 156
-0.99798, 453, 361, 468, 392
-0.99798, 399, 129, 414, 160
-0.997981, 463, 1, 478, 32
-0.997981, 463, 353, 478, 384
-0.997982, 401, 185, 432, 200
-0.997983, 35, 161, 50, 192
-0.997984, 229, 37, 244, 68
-0.997984, 209, 301, 224, 332
-0.997984, 419, 237, 434, 268
-0.997985, 411, 301, 426, 332
-0.997985, 97, 241, 112, 304
-0.997985, 47, 205, 62, 236
-0.997986, 101, 113, 116, 144
-0.997987, 469, 241, 484, 272
-0.997988, 387, 101, 402, 132
-0.997988, 435, 389, 450, 420
-0.997988, 345, 189, 360, 220
-0.997988, 305, 341, 320, 372
-0.997989, 369, 121, 400, 136
-0.997989, 429, 317, 444, 348
-0.997989, 51, 137, 66, 200
-0.99799, 209, 325, 336, 356
-0.99799, 465, 293, 480, 324
-0.99799, 449, 255, 480, 270
-0.99799, 291, 45, 306, 76
-0.997991, 375, 353, 390, 384
-0.997992, 475, 393, 490, 423
-0.997993, 151, 73, 166, 104
-0.997993, 283, 45, 298, 76
-0.997994, 209, 41, 224, 72
-0.997994, 431, 169, 446, 200
-0.997995, 37, 197, 52, 228
-0.997996, 153, 1, 184, 256
-0.997997, 369, 353, 384, 384
-0.997997, 315, 337, 330, 368
-0.997998, 311, 325, 326, 356
-0.997998, 243, 353, 258, 384
-0.997999, 123, 265, 138, 296
-0.997999, 289, 345, 304, 376
-0.998, 411, 161, 426, 192
-0.998, 305, 85, 432, 116
-0.998001, 55, 149, 70, 180
-0.998002, 413, 241, 428, 272
-0.998002, 425, 189, 440, 220
-0.998002, 359, 325, 374, 356
-0.998007, 89, 121, 104, 184
-0.998014, 17, 273, 144, 304
-0.998016, 465, 399, 496, 414
-0.998017, 161, 291, 192, 306
-0.998018, 429, 195, 460, 210
-0.998022, 225, 321, 256, 336
-0.99803, 399, 1, 414, 64
-0.998036, 49, 297, 176, 328
-0.998037, 73, 151, 104, 166
-0.998037, 37, 205, 68, 220
-0.998038, 129, 373, 256, 404
-0.998043, 239, 321, 254, 384
-0.998046, 165, 65, 196, 80
-0.998048, 417, 389, 448, 404
-0.998051, 267, 337, 282, 400
-0.998051, 393, 129, 424, 144
-0.998055, 97, 269, 224, 300
-0.998065, 437, 361, 468, 376
-0.998068, 257, 357, 384, 388
-0.998068, 145, 75, 176, 90
-0.99807, 5, 193, 36, 208
-0.99807, 397, 307, 428, 322
-0.998083, 369, 41, 496, 72
-0.998083, 353, 297, 480, 328
-0.998084, 203, 25, 218, 88
-0.998085, 429, 313, 444, 376
-0.998093, 61, 327, 92, 342
-0.998094, 383, 281, 398, 344
-0.998097, 457, 365, 488, 380
-0.998098, 289, 65, 416, 96
-0.998102, 97, 241, 352, 304
-0.998107, 475, 1, 490, 64
-0.998109, 369, 341, 496, 372
-0.998112, 279, 329, 294, 392
-0.998112, 385, 201, 416, 216
-0.998114, 439, 289, 454, 352
-0.998115, 297, 347, 328, 362
-0.998116, 353, 381, 480, 412
-0.998118, 401, 261, 432, 276
-0.998119, 373, 131, 404, 146
-0.998122, 397, 149, 428, 164
-0.998123, 289, 297, 416, 328
-0.998123, 113, 385, 240, 416
-0.998125, 409, 305, 424, 368
-0.998126, 409, 227, 440, 242
-0.998128, 313, 339, 344, 354
-0.998134, 41, 193, 56, 256
-0.998136, 49, 61, 176, 92
-0.998138, 201, 177, 264, 304
-0.998142, 29, 185, 60, 200
-0.998152, 65, 129, 192, 160
-0.998153, 371, 297, 386, 360
-0.998153, 397, 323, 428, 338
-0.998153, 353, 335, 384, 350
-0.998163, 1, 345, 500, 408
-0.998179, 341, 161, 372, 416
-0.998182, 33, 179, 64, 194
-0.998197, 305, 389, 432, 420
-0.998197, 217, 51, 248, 66
-0.998199, 405, 161, 420, 224
-0.998205, 427, 177, 442, 240
-0.99821, 305, 357, 432, 388
-0.998216, 389, 221, 420, 236
-0.998221, 129, 325, 256, 356
-0.998225, 45, 169, 76, 184
-0.998238, 419, 289, 434, 352
-0.998241, 337, 185, 352, 248
-0.998249, 205, 327, 236, 342
-0.998257, 373, 355, 404, 370
-0.998265, 117, 97, 132, 160
-0.998267, 193, 57, 224, 72
-0.99827, 309, 33, 324, 96
-0.998271, 17, 183, 48, 198
-0.998272, 317, 65, 348, 80
-0.998279, 111, 273, 126, 336
-0.998279, 129, 113, 384, 176
-0.998281, 265, 25, 280, 88
-0.998284, 233, 51, 264, 66
-0.99829, 405, 255, 436, 270
-0.99829, 109, 283, 140, 298
-0.998293, 437, 1, 452, 64
-0.998294, 209, 373, 336, 404
-0.998296, 193, 185, 320, 248
-0.9983, 193, 337, 320, 368
-0.998305, 385, 207, 416, 222
-0.998306, 49, 313, 176, 344
-0.998312, 457, 359, 488, 374
-0.998316, 293, 305, 324, 320
-0.998318, 17, 213, 144, 244
-0.998318, 393, 137, 424, 152
-0.99832, 445, 233, 476, 248
-0.998331, 353, 273, 480, 304
-0.998338, 145, 357, 272, 388
-0.998345, 337, 369, 464, 400
-0.998347, 185, 33, 200, 96
-0.998358, 157, 233, 172, 296
-0.998359, 49, 333, 176, 364
-0.998363, 325, 71, 356, 86
-0.99837, 73, 129, 88, 192
-0.998374, 277, 57, 308, 72
-0.998375, 421, 1, 452, 256
-0.998376, 61, 145, 92, 160
-0.998376, 223, 25, 238, 88
-0.998377, 393, 143, 424, 158
-0.998377, 205, 53, 236, 68
-0.998377, 417, 175, 448, 190
-0.998383, 341, 1, 356, 64
-0.998401, 105, 105, 120, 168
-0.998401, 409, 129, 440, 384
-0.998407, 397, 165, 428, 180
-0.998408, 485, 257, 500, 320
-0.998412, 89, 97, 120, 352
-0.998419, 405, 249, 436, 264
-0.998446, 453, 1, 484, 256
-0.998451, 177, 61, 208, 76
-0.998455, 483, 281, 498, 344
-0.998462, 141, 241, 156, 304
-0.998463, 381, 305, 396, 368
-0.998463, 129, 49, 256, 80
-0.998472, 401, 195, 432, 210
-0.998474, 97, 113, 112, 176
-0.998483, 65, 129, 80, 192
-0.998485, 473, 273, 488, 336
-0.998489, 103, 265, 118, 328
-0.998496, 353, 161, 384, 416
-0.9985, 409, 237, 440, 252
-0.998503, 233, 53, 296, 68
-0.998508, 33, 153, 48, 216
-0.998509, 153, 65, 168, 128
-0.998509, 289, 285, 416, 316
-0.998514, 129, 345, 256, 376
-0.998515, 25, 193, 40, 256
-0.998518, 209, 51, 272, 66
-0.998519, 273, 59, 336, 74
-0.998526, 239, 297, 254, 360
-0.998526, 469, 353, 484, 416
-0.998528, 257, 25, 272, 88
-0.99853, 81, 49, 208, 80
-0.998535, 393, 175, 456, 190
-0.998536, 97, 281, 128, 296
-0.998539, 273, 225, 400, 256
-0.998541, 385, 143, 448, 158
-0.998544, 385, 193, 448, 208
-0.998547, 33, 147, 96, 162
-0.998548, 393, 207, 456, 222
-0.998553, 65, 229, 192, 260
-0.998554, 369, 111, 432, 126
-0.998554, 401, 233, 464, 248
-0.998557, 41, 141, 104, 156
-0.998557, 385, 153, 448, 168
-0.998562, 25, 175, 88, 190
-0.998565, 385, 187, 448, 202
-0.998566, 407, 1, 422, 64
-0.998567, 185, 53, 248, 68
-0.998568, 257, 189, 384, 220
-0.998569, 41, 165, 104, 180
-0.99857, 35, 233, 50, 296
-0.998571, 361, 207, 424, 222
-0.998572, 1, 361, 256, 423
-0.998573, 297, 339, 360, 354
-0.998573, 353, 137, 416, 152
-0.998574, 385, 161, 448, 176
-0.998574, 401, 313, 432, 328
-0.998575, 401, 221, 464, 236
-0.998575, 401, 253, 464, 268
-0.998576, 369, 1, 496, 32
-0.998579, 401, 243, 464, 258
-0.99858, 377, 127, 440, 142
-0.998581, 245, 53, 276, 68
-0.998581, 217, 25, 232, 88
-0.998581, 361, 225, 424, 240
-0.998583, 401, 227, 464, 242
-0.998585, 17, 167, 80, 182
-0.998586, 393, 213, 456, 228
-0.998586, 385, 181, 448, 196
-0.998587, 361, 213, 424, 228
-0.998587, 273, 349, 336, 364
-0.998588, 417, 225, 432, 288
-0.998589, 9, 209, 72, 224
-0.998589, 261, 329, 276, 392
-0.99859, 169, 61, 232, 76
-0.998591, 377, 333, 440, 348
-0.998591, 353, 147, 416, 162
-0.998593, 361, 201, 424, 216
-0.998593, 41, 157, 104, 172
-0.998594, 385, 169, 448, 184
-0.998595, 369, 237, 432, 252
-0.998596, 161, 17, 288, 48
-0.998596, 345, 119, 408, 134
-0.998596, 401, 315, 464, 330
-0.998597, 241, 29, 368, 60
-0.998597, 393, 9, 456, 24
-0.998598, 145, 73, 208, 88
-0.998598, 369, 305, 432, 320
-0.998598, 385, 395, 448, 410
-0.998599, 377, 245, 440, 260
-0.998601, 345, 127, 408, 142
-0.998601, 377, 119, 440, 134
-0.998601, 393, 359, 456, 374
-0.998602, 353, 185, 416, 200
-0.998602, 273, 339, 336, 354
-0.998603, 105, 239, 168, 254
-0.998603, 361, 219, 424, 234
-0.998604, 297, 349, 360, 364
-0.998604, 329, 335, 392, 350
-0.998604, 369, 349, 432, 364
-0.998605, 257, 53, 320, 68
-0.998605, 41, 253, 104, 268
-0.998606, 385, 321, 448, 336
-0.998607, 353, 167, 416, 182
-0.998608, 409, 321, 472, 336
-0.998608, 41, 305, 104, 320
-0.998609, 1, 161, 64, 176
-0.998609, 241, 351, 304, 366
-0.99861, 145, 307, 208, 322
-0.99861, 353, 153, 416, 168
-0.99861, 17, 193, 80, 208
-0.99861, 209, 309, 272, 324
-0.998611, 401, 327, 464, 342
-0.998611, 57, 147, 120, 162
-0.998612, 401, 305, 464, 320
-0.998612, 353, 321, 416, 336
-0.998612, 353, 161, 416, 176
-0.998613, 385, 133, 448, 148
-0.998613, 417, 359, 480, 374
-0.998614, 409, 405, 472, 420
-0.998614, 249, 369, 312, 384
-0.998614, 41, 217, 104, 232
-0.998615, 1, 175, 64, 190
-0.998615, 49, 135, 112, 150
-0.998615, 65, 141, 128, 156
-0.998615, 401, 297, 464, 312
-0.998616, 353, 195, 416, 210
-0.998616, 417, 391, 480, 406
-0.998618, 337, 343, 400, 358
-0.998618, 369, 291, 432, 306
-0.998619, 161, 5, 288, 36
-0.998619, 265, 333, 328, 348
-0.998619, 153, 67, 216, 82
-0.99862, 401, 341, 464, 356
-0.99862, 137, 265, 200, 280
-0.998621, 337, 105, 400, 120
-0.998621, 25, 187, 88, 202
-0.998622, 385, 269, 448, 284
-0.998622, 377, 331, 408, 346
-0.998622, 73, 273, 136, 288
-0.998623, 297, 73, 360, 88
-0.998623, 1, 201, 64, 216
-0.998623, 393, 199, 456, 214
-0.998623, 409, 243, 440, 258
-0.998624, 257, 1, 384, 32
-0.998624, 1, 183, 64, 198
-0.998624, 361, 231, 424, 246
-0.998624, 61, 97, 92, 352
-0.998624, 297, 333, 360, 348
-0.998625, 249, 387, 312, 402
-0.998626, 225, 317, 288, 332
-0.998626, 425, 9, 488, 24
-0.998627, 369, 311, 432, 326
-0.998627, 289, 67, 352, 82
-0.998627, 25, 181, 88, 196
-0.998627, 17, 155, 80, 170
-0.998627, 425, 257, 488, 272
-0.998627, 129, 361, 192, 376
-0.998627, 353, 179, 416, 194
-0.998628, 433, 227, 496, 242
-0.998628, 265, 323, 328, 338
-0.998628, 393, 263, 456, 278
-0.998628, 393, 17, 456, 32
-0.998628, 385, 387, 448, 402
-0.998628, 361, 93, 424, 108
-0.998629, 329, 63, 392, 78
-0.998629, 41, 223, 104, 238
-0.998629, 361, 299, 424, 314
-0.99863, 369, 105, 432, 120
-0.998631, 265, 309, 328, 324
-0.998631, 361, 355, 424, 370
-0.998631, 417, 399, 480, 414
-0.998631, 313, 55, 376, 70
-0.998631, 89, 329, 152, 344
-0.998632, 49, 119, 112, 134
-0.998632, 417, 19, 480, 34
-0.998632, 201, 329, 264, 344
-0.998632, 425, 313, 488, 328
-0.998632, 377, 327, 440, 342
-0.998641, 305, 61, 336, 76
-0.998643, 305, 257, 432, 288
-0.998661, 129, 217, 256, 280
-0.998675, 369, 325, 496, 356
-0.998689, 403, 193, 418, 320
-0.998693, 29, 195, 60, 210
-0.998694, 33, 173, 64, 188
-0.998702, 437, 1, 468, 256
-0.998715, 403, 241, 418, 368
-0.998726, 397, 179, 428, 194
-0.998735, 353, 65, 368, 192
-0.998737, 17, 97, 48, 352
-0.998738, 85, 1, 116, 256
-0.998743, 1, 29, 128, 60
-0.998748, 1, 321, 128, 352
-0.998753, 81, 257, 208, 288
-0.998769, 113, 33, 144, 288
-0.99877, 257, 173, 384, 204
-0.998777, 289, 57, 320, 72
-0.998782, 353, 393, 480, 423
-0.998794, 269, 33, 284, 160
-0.998814, 225, 97, 256, 352
-0.998815, 129, 33, 160, 288
-0.998819, 193, 361, 320, 392
-0.998819, 219, 33, 234, 160
-0.998837, 299, 49, 314, 176
-0.998842, 333, 49, 348, 176
-0.998845, 291, 49, 306, 176
-0.99885, 261, 55, 292, 70
-0.998855, 391, 113, 406, 240
-0.998855, 275, 33, 290, 160
-0.99886, 209, 285, 336, 316
-0.998872, 113, 293, 240, 324
-0.998874, 285, 49, 300, 176
-0.998877, 313, 161, 344, 416
-0.998877, 363, 81, 378, 208
-0.998884, 49, 193, 176, 224
-0.998887, 301, 161, 332, 416
-0.998898, 369, 81, 384, 208
-0.998899, 261, 33, 276, 160
-0.998899, 211, 17, 226, 144
-0.99891, 305, 273, 432, 304
-0.998925, 17, 197, 48, 212
-0.998938, 325, 49, 340, 176
-0.998943, 347, 65, 362, 192
-0.998947, 225, 33, 240, 160
-0.998947, 393, 257, 408, 384
-0.998965, 165, 49, 180, 176
-0.998982, 205, 33, 220, 160
-0.998982, 305, 49, 320, 176
-0.998987, 397, 161, 412, 288
-0.998993, 255, 33, 270, 160
-0.999008, 409, 209, 424, 336
-0.999013, 425, 129, 456, 384
-0.999015, 315, 1, 330, 128
-0.999017, 381, 97, 396, 224
-0.99902, 45, 1, 76, 256
-0.999022, 339, 49, 354, 176
-0.999022, 411, 161, 426, 288
-0.999023, 311, 49, 326, 176
-0.999029, 319, 49, 334, 176
-0.999041, 241, 97, 272, 352
-0.999042, 401, 173, 432, 188
-0.999043, 245, 1, 260, 128
-0.999056, 235, 17, 250, 144
-0.999062, 375, 81, 390, 208
-0.999069, 61, 129, 76, 256
-0.999076, 449, 97, 480, 352
-0.999077, 469, 1, 500, 256
-0.99909, 51, 145, 66, 272
-0.99909, 241, 257, 368, 320
-0.999094, 469, 129, 500, 384
-0.999097, 321, 1, 336, 128
-0.999129, 193, 33, 208, 160
-0.999135, 209, 209, 336, 272
-0.999141, 141, 129, 172, 384
-0.999143, 171, 33, 186, 160
-0.999153, 477, 1, 492, 128
-0.99916, 187, 33, 202, 160
-0.999187, 259, 289, 274, 416
-0.999198, 199, 33, 214, 160
-0.999199, 1, 337, 256, 400
-0.999207, 179, 49, 194, 176
-0.999212, 345, 17, 360, 144
-0.999214, 97, 321, 224, 384
-0.999218, 139, 65, 154, 192
-0.999221, 33, 33, 64, 288
-0.999224, 363, 33, 378, 160
-0.999234, 159, 49, 174, 176
-0.999238, 307, 1, 322, 128
-0.999246, 201, 97, 232, 352
-0.999253, 109, 241, 124, 368
-0.999274, 115, 257, 130, 384
-0.999278, 35, 145, 50, 272
-0.999302, 339, 1, 354, 128
-0.99931, 405, 145, 420, 272
-0.999312, 165, 161, 196, 416
-0.999316, 471, 1, 486, 128
-0.999324, 257, 129, 288, 384
-0.999332, 387, 241, 402, 368
-0.999333, 385, 289, 400, 416
-0.999346, 45, 145, 60, 272
-0.999357, 99, 97, 114, 224
-0.999359, 347, 177, 362, 304
-0.99936, 431, 1, 446, 128
-0.999367, 301, 1, 316, 128
-0.999367, 467, 289, 482, 416
-0.999376, 437, 161, 468, 416
-0.999383, 81, 113, 96, 240
-0.999383, 181, 1, 196, 128
-0.999384, 415, 209, 430, 336
-0.999393, 353, 1, 368, 128
-0.999406, 155, 1, 170, 128
-0.999406, 97, 169, 224, 232
-0.999414, 75, 129, 90, 256
-0.999426, 147, 49, 162, 176
-0.999428, 327, 1, 342, 128
-0.999429, 145, 1, 160, 128
-0.999431, 213, 289, 228, 416
-0.999431, 373, 33, 388, 160
-0.999432, 341, 177, 356, 304
-0.999433, 165, 1, 180, 128
-0.999433, 459, 1, 474, 128
-0.999434, 73, 1, 104, 256
-0.999436, 401, 97, 416, 224
-0.999447, 51, 97, 66, 224
-0.999452, 269, 273, 284, 400
-0.999456, 27, 177, 42, 304
-0.999456, 269, 129, 300, 384
-0.999457, 465, 1, 480, 128
-0.999458, 345, 129, 360, 256
-0.999464, 459, 97, 474, 224
-0.999464, 245, 289, 260, 416
-0.999464, 57, 177, 72, 304
-0.999467, 281, 1, 296, 128
-0.999469, 379, 33, 394, 160
-0.999472, 291, 1, 306, 128
-0.999483, 449, 145, 464, 272
-0.999484, 91, 113, 106, 240
-0.999488, 281, 129, 312, 384
-0.999491, 435, 289, 450, 416
-0.999496, 427, 177, 442, 304
-0.999499, 69, 129, 84, 256
-0.999502, 207, 289, 222, 416
-0.999503, 459, 289, 474, 416
-0.999509, 483, 273, 498, 400
-0.999515, 97, 193, 224, 256
-0.999519, 153, 49, 168, 176
-0.999521, 397, 209, 412, 336
-0.999528, 353, 177, 368, 304
-0.999537, 485, 1, 500, 128
-0.999539, 41, 193, 56, 320
-0.999545, 417, 161, 432, 288
-0.999545, 139, 1, 154, 128
-0.999547, 401, 1, 416, 128
-0.99955, 333, 1, 348, 128
-0.999561, 477, 257, 492, 384
-0.999561, 481, 145, 496, 272
-0.999563, 35, 209, 50, 336
-0.999565, 433, 129, 448, 256
-0.999568, 121, 209, 136, 336
-0.999571, 335, 177, 350, 304
-0.999572, 371, 289, 386, 416
-0.999573, 61, 1, 92, 256
-0.999573, 445, 97, 460, 224
-0.999576, 449, 257, 464, 384
-0.999577, 25, 241, 40, 368
-0.999579, 251, 273, 266, 400
-0.999583, 425, 1, 440, 128
-0.999584, 91, 65, 106, 192
-0.999588, 219, 289, 234, 416
-0.999588, 121, 65, 136, 192
-0.99959, 133, 49, 148, 176
-0.999591, 61, 81, 76, 208
-0.999601, 115, 209, 130, 336
-0.999601, 447, 17, 462, 144
-0.999601, 381, 241, 396, 368
-0.999604, 399, 289, 414, 416
-0.999604, 5, 33, 36, 288
-0.999604, 117, 161, 148, 416
-0.999605, 443, 241, 458, 368
-0.999606, 45, 97, 60, 224
-0.999609, 303, 289, 318, 416
-0.999613, 129, 129, 160, 384
-0.999669, 153, 97, 184, 352
-0.999671, 213, 129, 244, 384
-0.999673, 101, 161, 132, 416
-0.999707, 185, 161, 216, 416
-0.99975, 457, 225, 472, 240
-0.99975, 65, 327, 80, 342
-0.99975, 379, 117, 394, 132
-0.99975, 309, 343, 324, 358
-0.99975, 143, 239, 158, 254
-0.99975, 253, 7, 268, 22
-0.99975, 259, 359, 274, 374
-0.99975, 135, 87, 150, 102
-0.99975, 411, 229, 426, 244
-0.99975, 353, 83, 368, 98
-0.99975, 391, 351, 406, 366
-0.99975, 435, 239, 450, 254
-0.99975, 219, 327, 234, 342
-0.99975, 401, 321, 416, 336
-0.999751, 105, 111, 120, 126
-0.999751, 431, 9, 446, 24
-0.999751, 431, 1, 446, 16
-0.999751, 191, 59, 206, 74
-0.999751, 147, 79, 162, 94
-0.999751, 171, 67, 186, 82
-0.999751, 401, 163, 416, 178
-0.999751, 341, 379, 356, 394
-0.999751, 253, 367, 268, 382
-0.999751, 35, 197, 50, 212
-0.999751, 463, 225, 478, 240
-0.999751, 467, 355, 482, 370
-0.999751, 369, 357, 384, 372
-0.999751, 259, 369, 274, 384
-0.999751, 315, 339, 330, 354
-0.999751, 119, 281, 134, 296
-0.999751, 75, 153, 90, 168
-0.999751, 211, 53, 226, 68
-0.999751, 293, 355, 308, 370
-0.999752, 357, 89, 372, 104
-0.999752, 363, 95, 378, 110
-0.999752, 227, 51, 242, 66
-0.999752, 405, 195, 420, 210
-0.999752, 279, 57, 294, 72
-0.999752, 41, 169, 56, 184
-0.999752, 71, 325, 86, 340
-0.999752, 265, 55, 280, 70
-0.999752, 75, 145, 90, 160
-0.999752, 217, 311, 232, 326
-0.999752, 237, 51, 252, 66
-0.999752, 473, 361, 488, 376
-0.999753, 373, 105, 388, 120
-0.999753, 183, 61, 198, 76
-0.999753, 441, 239, 456, 254
-0.999753, 369, 339, 384, 354
-0.999753, 465, 365, 480, 380
-0.999753, 111, 107, 126, 122
-0.999753, 421, 251, 436, 266
-0.999753, 435, 393, 450, 408
-0.999753, 63, 163, 78, 178
-0.999753, 37, 187, 52, 202
-0.999753, 153, 243, 168, 258
-0.999753, 413, 317, 428, 332
-0.999753, 197, 57, 212, 72
-0.999753, 423, 315, 438, 330
-0.999753, 247, 53, 262, 68
-0.999754, 53, 169, 68, 184
-0.999754, 399, 151, 414, 166
-0.999754, 433, 245, 448, 260
-0.999754, 209, 309, 224, 324
-0.999754, 405, 261, 420, 276
-0.999754, 359, 325, 374, 340
-0.999754, 205, 55, 220, 70
-0.999754, 153, 75, 168, 90
-0.999754, 405, 313, 420, 328
-0.999754, 21, 197, 36, 212
-0.999754, 385, 351, 400, 366
-0.999755, 453, 231, 468, 246
-0.999755, 411, 257, 426, 272
-0.999755, 291, 387, 306, 402
-0.999755, 469, 245, 484, 260
-0.999755, 307, 59, 322, 74
-0.999756, 345, 27, 360, 42
-0.999756, 447, 39, 462, 54
-0.999756, 75, 135, 90, 150
-0.999756, 259, 53, 274, 68
-0.999756, 111, 277, 126, 292
-0.999756, 431, 319, 446, 334
-0.999757, 459, 367, 474, 382
-0.999757, 177, 63, 192, 78
-0.999757, 299, 305, 314, 320
-0.999757, 369, 99, 384, 114
-0.999757, 217, 53, 232, 68
-0.999757, 165, 69, 180, 84
-0.999757, 399, 145, 414, 160
-0.999757, 295, 57, 310, 72
-0.999757, 313, 61, 328, 76
-0.999757, 395, 271, 410, 286
-0.999758, 347, 77, 362, 92
-0.999758, 301, 59, 316, 74
-0.999758, 411, 249, 426, 264
-0.999758, 427, 245, 442, 260
-0.999758, 41, 175, 56, 190
-0.999758, 281, 347, 296, 362
-0.999759, 395, 321, 410, 336
-0.999759, 305, 349, 320, 364
-0.999759, 281, 51, 296, 66
-0.999759, 335, 69, 350, 84
-0.99976, 83, 147, 98, 162
-0.99976, 401, 171, 416, 186
-0.99976, 413, 235, 428, 250
-0.99976, 341, 73, 356, 88
-0.99976, 253, 53, 268, 68
-0.99976, 421, 173, 436, 188
-0.99976, 485, 397, 500, 412
-0.99976, 363, 331, 378, 346
-0.999761, 319, 63, 334, 78
-0.999761, 305, 305, 320, 320
-0.999761, 447, 231, 462, 246
-0.999761, 399, 139, 414, 154
-0.999761, 391, 331, 406, 346
-0.999761, 461, 253, 476, 268
-0.999761, 47, 171, 62, 186
-0.999762, 271, 53, 286, 68
-0.999762, 289, 57, 304, 72
-0.999762, 377, 355, 392, 370
-0.999763, 407, 305, 422, 320
-0.999763, 109, 291, 124, 306
-0.999763, 31, 183, 46, 198
-0.999763, 27, 197, 42, 212
-0.999764, 31, 191, 46, 206
-0.999765, 401, 177, 416, 192
-0.999765, 329, 67, 344, 82
-0.999766, 35, 177, 50, 192
-0.999768, 413, 311, 428, 326
-0.999772, 17, 1, 48, 256
-0.999773, 113, 285, 128, 300
-0.999786, 5, 129, 36, 384
-1.00082, 209, 233, 336, 296
-1.00158, 225, 81, 352, 144
