1759
-0.353234, 1, 1, 500, 264
-0.424738, 1, 1, 500, 256
-0.494982, 161, 1, 416, 264
-0.546779, 1, 1, 256, 264
-0.57269, 257, 1, 500, 264
-0.658711, 161, 1, 416, 256
-0.711406, 1, 1, 256, 256
-0.737766, 257, 1, 500, 256
-0.868228, 209, 1, 336, 264
-0.872087, 273, 1, 400, 264
-0.875062, 209, 1, 336, 256
-0.876114, 1, 129, 500, 256
-0.880335, 273, 1, 400, 256
-0.880531, 17, 1, 144, 264
-0.880688, 161, 1, 288, 264
-0.881836, 1, 33, 500, 160
-0.882667, 321, 1, 448, 264
-0.885385, 1, 81, 500, 208
-0.89187, 17, 1, 144, 256
-0.892085, 161, 1, 288, 256
-0.892129, 65, 1, 192, 264
-0.892696, 113, 1, 240, 264
-0.894788, 321, 1, 448, 256
-0.900306, 369, 1, 496, 264
-0.907716, 65, 1, 192, 256
-0.90849, 113, 1, 240, 256
-0.915078, 161, 113, 416, 240
-0.918888, 369, 1, 496, 256
-0.92136, 97, 65, 352, 192
-0.923326, 257, 97, 500, 224
-0.928939, 33, 129, 288, 256
-0.93063, 1, 81, 256, 208
-0.932079, 353, 113, 480, 240
-0.933721, 257, 33, 500, 160
-0.934948, 137, 113, 200, 240
-0.935617, 161, 1, 416, 128
-0.935839, 33, 97, 160, 224
-0.936646, 105, 97, 168, 224
-0.936739, 97, 81, 224, 208
-0.938082, 289, 65, 416, 192
-0.940239, 1, 33, 256, 160
-0.942573, 193, 113, 320, 240
-0.942692, 161, 113, 224, 240
-0.942869, 137, 65, 200, 192
-0.942914, 273, 113, 400, 240
-0.943163, 81, 97, 144, 224
-0.943633, 113, 129, 240, 256
-0.944977, 361, 113, 424, 240
-0.944991, 209, 1, 336, 128
-0.945594, 321, 81, 384, 208
-0.946388, 193, 113, 256, 240
-0.947751, 81, 33, 208, 160
-0.948865, 385, 113, 448, 240
-0.949972, 241, 49, 368, 176
-0.950068, 273, 65, 336, 192
-0.950079, 17, 49, 144, 176
-0.951311, 57, 97, 120, 224
-0.951757, 145, 65, 272, 192
-0.951822, 305, 1, 368, 128
-0.952999, 25, 81, 88, 208
-0.953121, 297, 113, 360, 240
-0.953505, 297, 65, 360, 192
-0.953973, 353, 49, 480, 176
-0.954511, 273, 1, 336, 128
-0.955273, 273, 1, 400, 128
-0.955381, 233, 81, 296, 208
-0.955451, 161, 65, 224, 192
-0.95575, 385, 1, 448, 128
-0.956067, 161, 1, 288, 128
-0.956533, 105, 33, 168, 160
-0.956619, 217, 1, 280, 128
-0.957068, 321, 1, 448, 128
-0.957681, 273, 113, 336, 240
-0.957701, 361, 49, 424, 176
-0.958075, 81, 33, 144, 160
-0.958161, 137, 1, 200, 128
-0.95993, 1, 81, 64, 208
-0.960324, 49, 49, 112, 176
-0.961407, 409, 113, 472, 240
-0.961528, 233, 129, 296, 256
-0.961745, 17, 1, 144, 128
-0.963358, 337, 129, 400, 256
-0.963838, 241, 1, 304, 128
-0.963994, 385, 65, 448, 192
-0.964404, 9, 33, 72, 160
-0.96454, 417, 1, 480, 128
-0.964554, 361, 169, 424, 232
-0.964568, 25, 105, 88, 168
-0.965155, 193, 65, 320, 192
-0.965167, 337, 33, 400, 160
-0.967169, 193, 1, 256, 128
-0.967335, 297, 161, 360, 224
-0.967357, 273, 49, 336, 112
-0.968211, 217, 121, 280, 184
-0.968398, 117, 97, 148, 224
-0.968561, 121, 121, 184, 184
-0.96879, 129, 1, 192, 64
-0.969015, 433, 49, 496, 176
-0.969041, 81, 97, 144, 160
-0.969151, 185, 65, 248, 192
-0.969178, 153, 97, 216, 160
-0.969404, 81, 41, 144, 104
-0.969599, 177, 97, 240, 160
-0.969601, 265, 177, 328, 240
-0.969626, 177, 121, 240, 184
-0.970182, 321, 177, 384, 240
-0.970296, 369, 113, 400, 240
-0.970491, 89, 73, 152, 136
-0.970535, 233, 9, 296, 72
-0.970547, 121, 41, 184, 104
-0.970692, 361, 1, 424, 128
-0.970744, 121, 153, 184, 216
-0.970757, 105, 97, 136, 224
-0.970813, 265, 137, 328, 200
-0.970869, 425, 185, 488, 248
-0.97091, 49, 129, 112, 192
-0.970965, 145, 177, 208, 240
-0.971016, 9, 129, 72, 256
-0.971021, 201, 1, 264, 64
-0.9711, 129, 113, 160, 240
-0.971277, 1, 121, 128, 184
-0.971314, 329, 49, 360, 176
-0.971465, 313, 65, 376, 128
-0.97161, 273, 17, 336, 80
-0.971757, 233, 145, 296, 208
-0.971778, 297, 9, 360, 72
-0.971879, 393, 129, 456, 192
-0.971902, 121, 97, 184, 160
-0.972045, 41, 81, 104, 144
-0.972203, 417, 161, 480, 224
-0.972296, 321, 169, 448, 232
-0.972811, 409, 65, 472, 192
-0.972851, 153, 121, 216, 184
-0.973017, 209, 121, 336, 184
-0.9732, 193, 9, 320, 72
-0.973203, 321, 41, 384, 104
-0.973307, 329, 137, 392, 200
-0.973421, 81, 121, 144, 184
-0.973438, 321, 9, 384, 72
-0.973701, 81, 17, 144, 80
-0.973808, 305, 1, 336, 128
-0.973878, 297, 121, 360, 184
-0.973936, 89, 161, 152, 224
-0.973978, 369, 105, 432, 168
-0.974071, 401, 185, 464, 248
-0.974148, 241, 121, 304, 184
-0.974217, 433, 113, 496, 240
-0.974314, 353, 81, 384, 208
-0.974339, 193, 177, 256, 240
-0.974364, 137, 73, 200, 136
-0.974371, 49, 161, 176, 224
-0.974376, 417, 121, 480, 184
-0.974416, 249, 49, 312, 112
-0.97448, 169, 177, 232, 240
-0.974488, 49, 97, 176, 160
-0.974536, 389, 113, 420, 240
-0.974617, 241, 177, 304, 240
-0.974692, 425, 57, 488, 120
-0.974831, 369, 65, 432, 128
-0.975025, 113, 121, 240, 184
-0.975079, 17, 81, 80, 144
-0.975165, 233, 97, 296, 160
-0.975177, 193, 153, 256, 216
-0.975186, 285, 81, 316, 208
-0.975198, 369, 1, 432, 64
-0.975206, 49, 185, 112, 248
-0.975212, 369, 129, 432, 192
-0.975227, 121, 177, 184, 240
-0.975289, 105, 1, 168, 64
-0.975365, 189, 113, 220, 240
-0.975379, 297, 33, 360, 96
-0.975408, 145, 97, 176, 224
-0.975667, 1, 105, 64, 168
-0.975674, 113, 1, 240, 64
-0.975674, 273, 137, 400, 200
-0.975684, 393, 105, 456, 168
-0.975771, 97, 161, 224, 224
-0.975787, 345, 65, 408, 128
-0.975839, 201, 33, 264, 96
-0.975958, 177, 1, 240, 64
-0.97609, 321, 1, 352, 128
-0.97613, 57, 105, 120, 168
-0.976171, 153, 145, 216, 208
-0.976314, 217, 177, 280, 240
-0.976339, 425, 97, 488, 160
-0.97639, 65, 121, 192, 184
-0.976478, 201, 97, 264, 160
-0.976483, 249, 1, 312, 256
-0.976588, 393, 49, 456, 112
-0.97681, 273, 161, 400, 224
-0.976825, 273, 33, 400, 96
-0.976873, 161, 57, 224, 120
-0.977051, 49, 1, 112, 128
-0.977143, 89, 97, 120, 224
-0.977201, 297, 185, 360, 248
-0.977248, 57, 57, 120, 120
-0.977285, 209, 65, 272, 192
-0.977406, 385, 161, 448, 224
-0.977411, 157, 113, 188, 240
-0.977531, 57, 1, 120, 64
-0.977593, 201, 113, 232, 240
-0.97763, 301, 49, 332, 176
-0.977648, 369, 161, 400, 224
-0.977659, 49, 161, 112, 224
-0.977661, 305, 1, 368, 256
-0.977709, 41, 25, 104, 88
-0.977817, 113, 73, 176, 136
-0.97785, 369, 1, 496, 128
-0.977885, 1, 129, 64, 192
-0.97791, 289, 89, 352, 152
-0.977951, 161, 17, 224, 144
-0.977966, 217, 113, 248, 240
-0.978118, 329, 1, 392, 256
-0.97821, 313, 81, 344, 208
-0.978259, 133, 65, 164, 192
-0.978384, 1, 97, 32, 160
-0.978394, 217, 73, 280, 136
-0.978473, 281, 1, 344, 256
-0.978564, 345, 97, 408, 160
-0.978587, 273, 113, 336, 176
-0.97861, 369, 65, 496, 128
-0.97862, 369, 185, 496, 248
-0.978628, 169, 33, 232, 96
-0.978697, 185, 65, 216, 192
-0.978726, 193, 57, 256, 120
-0.978827, 281, 1, 312, 128
-0.978828, 25, 161, 88, 224
-0.97888, 153, 1, 216, 64
-0.979049, 353, 1, 416, 256
-0.979095, 1, 81, 32, 208
-0.979188, 329, 57, 360, 120
-0.979203, 241, 73, 304, 136
-0.979224, 225, 49, 352, 112
-0.979234, 345, 41, 408, 104
-0.979282, 165, 49, 196, 176
-0.979431, 305, 65, 432, 128
-0.979476, 161, 137, 288, 200
-0.979515, 241, 113, 272, 240
-0.979519, 25, 1, 88, 256
-0.979535, 9, 17, 72, 80
-0.979575, 225, 33, 288, 96
-0.979657, 309, 49, 340, 112
-0.979663, 353, 129, 480, 192
-0.979664, 169, 113, 200, 240
-0.979672, 145, 33, 176, 160
-0.979717, 385, 1, 448, 256
-0.979738, 113, 49, 240, 112
-0.979811, 145, 177, 272, 240
-0.979819, 1, 57, 64, 120
-0.979835, 97, 1, 160, 256
-0.979878, 345, 185, 376, 248
-0.979929, 341, 65, 372, 192
-0.98005, 129, 153, 160, 216
-0.980089, 121, 49, 152, 176
-0.980118, 393, 81, 456, 144
-0.980119, 329, 113, 360, 240
-0.980139, 321, 89, 384, 152
-0.980226, 393, 1, 456, 64
-0.980251, 273, 121, 304, 184
-0.980305, 273, 1, 400, 64
-0.980398, 369, 41, 432, 104
-0.980485, 125, 121, 156, 184
-0.980517, 161, 201, 224, 264
-0.980528, 417, 113, 448, 240
-0.980569, 145, 33, 208, 96
-0.980594, 209, 1, 272, 256
-0.980619, 433, 1, 496, 256
-0.980648, 285, 145, 316, 208
-0.980682, 49, 73, 176, 136
-0.980741, 369, 193, 432, 256
-0.98075, 129, 1, 192, 256
-0.980865, 241, 121, 272, 184
-0.980926, 69, 65, 100, 192
-0.981126, 1, 1, 64, 256
-0.981202, 121, 201, 184, 264
-0.981221, 401, 113, 432, 240
-0.98123, 73, 1, 136, 256
-0.98131, 225, 121, 256, 184
-0.981328, 257, 185, 384, 248
-0.981459, 205, 1, 236, 64
-0.981534, 433, 1, 496, 64
-0.981546, 161, 113, 288, 176
-0.981599, 437, 177, 468, 240
-0.981605, 329, 201, 392, 264
-0.981658, 33, 1, 96, 64
-0.981759, 369, 65, 400, 192
-0.98176, 1, 97, 128, 160
-0.981863, 197, 121, 228, 184
-0.98193, 321, 33, 352, 96
-0.981932, 345, 9, 408, 72
-0.981968, 1, 177, 64, 240
-0.98199, 265, 33, 296, 160
-0.982035, 209, 177, 336, 240
-0.982119, 153, 1, 216, 256
-0.982158, 273, 113, 304, 240
-0.982165, 145, 177, 176, 240
-0.982195, 209, 121, 240, 184
-0.982206, 333, 1, 364, 128
-0.98223, 25, 113, 56, 176
-0.982279, 89, 185, 152, 248
-0.98229, 345, 129, 376, 256
-0.982354, 161, 1, 192, 64
-0.982418, 265, 89, 328, 152
-0.982459, 181, 97, 212, 160
-0.982502, 253, 81, 284, 208
-0.982597, 357, 169, 388, 232
-0.982647, 277, 177, 308, 240
-0.982725, 17, 201, 80, 264
-0.982777, 433, 25, 496, 88
-0.982782, 93, 97, 124, 160
-0.982825, 401, 25, 464, 88
-0.982876, 369, 161, 496, 224
-0.982892, 145, 1, 176, 64
-0.982902, 433, 113, 464, 240
-0.982926, 181, 121, 212, 184
-0.982968, 113, 73, 144, 136
-0.982993, 49, 1, 112, 256
-0.983, 205, 1, 236, 128
-0.983045, 113, 129, 144, 192
-0.983077, 157, 177, 188, 240
-0.983133, 289, 89, 416, 152
-0.983134, 37, 89, 68, 152
-0.983175, 409, 1, 472, 256
-0.983209, 185, 1, 248, 256
-0.98327, 1, 17, 128, 80
-0.983273, 353, 105, 480, 168
-0.983357, 245, 1, 276, 128
-0.983464, 141, 105, 172, 168
-0.983521, 265, 177, 296, 240
-0.983536, 25, 129, 88, 192
-0.983553, 65, 49, 192, 112
-0.983555, 381, 65, 412, 192
-0.983613, 49, 1, 176, 64
-0.983613, 17, 185, 144, 248
-0.9837, 73, 121, 104, 184
-0.983798, 117, 49, 148, 112
-0.983815, 321, 41, 448, 104
-0.983859, 137, 33, 168, 96
-0.983866, 253, 121, 284, 184
-0.983893, 77, 113, 108, 240
-0.983944, 113, 17, 144, 80
-0.984049, 389, 169, 420, 232
-0.984049, 97, 73, 224, 136
-0.984056, 105, 49, 136, 112
-0.98406, 185, 161, 216, 224
-0.984169, 109, 49, 140, 176
-0.984246, 33, 129, 96, 256
-0.984269, 69, 81, 100, 144
-0.984316, 13, 129, 44, 256
-0.984357, 1, 153, 128, 216
-0.984386, 9, 33, 40, 160
-0.984431, 461, 169, 492, 232
-0.984539, 249, 201, 312, 264
-0.984551, 333, 1, 364, 64
-0.984567, 377, 65, 408, 128
-0.984587, 273, 201, 336, 264
-0.984599, 161, 33, 288, 96
-0.984621, 309, 17, 340, 80
-0.984621, 113, 97, 240, 160
-0.984648, 97, 49, 128, 176
-0.984678, 25, 57, 88, 120
-0.98468, 249, 1, 312, 264
-0.984704, 85, 73, 116, 136
-0.984763, 365, 129, 396, 192
-0.984809, 297, 41, 328, 104
-0.984816, 449, 169, 480, 232
-0.984876, 225, 73, 352, 136
-0.984973, 233, 1, 264, 128
-0.985106, 133, 1, 164, 128
-0.985213, 321, 113, 384, 176
-0.98523, 393, 129, 424, 192
-0.985337, 305, 1, 368, 264
-0.985398, 225, 201, 288, 264
-0.985405, 461, 145, 492, 208
-0.985429, 293, 177, 324, 240
-0.985434, 377, 129, 408, 192
-0.985519, 161, 97, 192, 160
-0.985567, 153, 33, 184, 96
-0.985593, 329, 1, 392, 264
-0.985663, 405, 105, 436, 168
-0.985726, 97, 161, 128, 224
-0.985791, 281, 1, 344, 264
-0.985805, 61, 137, 92, 200
-0.985853, 445, 113, 476, 240
-0.985879, 125, 97, 156, 160
-0.985886, 349, 145, 380, 208
-0.985921, 425, 185, 456, 248
-0.985936, 245, 9, 276, 72
-0.985953, 237, 145, 268, 208
-0.985956, 61, 105, 92, 168
-0.985964, 285, 129, 316, 256
-0.985967, 97, 73, 128, 136
-0.985986, 269, 25, 300, 88
-0.985995, 285, 49, 316, 112
-0.986007, 49, 25, 176, 88
-0.986008, 397, 65, 428, 192
-0.986036, 321, 81, 352, 144
-0.986086, 293, 1, 324, 128
-0.986113, 353, 1, 416, 264
-0.98626, 417, 105, 448, 168
-0.986261, 13, 97, 44, 160
-0.986281, 161, 73, 288, 136
-0.986342, 333, 185, 364, 248
-0.986359, 437, 1, 468, 128
-0.986375, 225, 9, 256, 72
-0.986375, 25, 1, 88, 264
-0.986381, 57, 81, 88, 208
-0.986427, 229, 113, 260, 240
-0.986438, 113, 1, 144, 128
-0.986438, 461, 49, 492, 176
-0.986486, 385, 1, 448, 264
-0.986548, 1, 153, 64, 216
-0.986552, 97, 1, 160, 264
-0.986585, 225, 97, 256, 160
-0.986598, 237, 177, 268, 240
-0.986689, 465, 121, 496, 184
-0.986729, 305, 161, 336, 224
-0.986781, 133, 1, 164, 64
-0.986838, 85, 121, 116, 184
-0.986846, 285, 121, 316, 184
-0.986849, 325, 129, 356, 192
-0.986866, 125, 73, 156, 136
-0.986895, 453, 57, 484, 120
-0.986952, 357, 129, 388, 256
-0.986956, 281, 9, 312, 72
-0.986963, 221, 177, 252, 240
-0.986966, 413, 65, 444, 192
-0.986971, 169, 177, 200, 240
-0.986976, 209, 1, 272, 264
-0.986984, 197, 161, 228, 224
-0.98699, 433, 1, 496, 264
-0.987038, 193, 201, 256, 264
-0.987063, 129, 1, 192, 264
-0.987091, 405, 1, 436, 64
-0.987227, 81, 97, 112, 160
-0.987231, 309, 137, 340, 200
-0.987234, 261, 129, 292, 256
-0.987273, 1, 1, 64, 264
-0.987301, 413, 185, 444, 248
-0.987331, 73, 1, 136, 264
-0.987339, 301, 113, 332, 240
-0.987363, 209, 153, 336, 216
-0.987425, 433, 57, 464, 120
-0.987537, 345, 1, 376, 128
-0.987644, 137, 201, 168, 264
-0.987648, 393, 57, 424, 120
-0.987713, 157, 1, 188, 128
-0.987725, 381, 97, 412, 160
-0.987824, 69, 17, 100, 144
-0.987827, 153, 1, 216, 264
-0.98791, 297, 9, 328, 72
-0.987952, 45, 33, 76, 160
-0.987974, 425, 129, 456, 192
-0.988, 253, 57, 284, 120
-0.988002, 105, 193, 136, 256
-0.988022, 321, 9, 352, 72
-0.988102, 161, 73, 192, 136
-0.988159, 249, 177, 280, 240
-0.988161, 393, 1, 424, 64
-0.988316, 49, 1, 112, 264
-0.988411, 97, 193, 224, 256
-0.988413, 325, 161, 356, 224
-0.988417, 409, 1, 472, 264
-0.98843, 125, 25, 156, 88
-0.988436, 185, 1, 248, 264
-0.988487, 353, 121, 384, 184
-0.988509, 413, 81, 444, 144
-0.988515, 445, 97, 476, 160
-0.988541, 345, 17, 376, 80
-0.988541, 285, 89, 316, 152
-0.988561, 241, 73, 272, 136
-0.988616, 205, 97, 236, 160
-0.988624, 49, 89, 80, 152
-0.988672, 177, 125, 240, 156
-0.988692, 429, 105, 460, 168
-0.98872, 441, 121, 472, 184
-0.98878, 117, 193, 148, 256
-0.988783, 305, 113, 432, 176
-0.988788, 201, 25, 232, 88
-0.98881, 265, 57, 296, 120
-0.988834, 117, 153, 148, 216
-0.988855, 25, 121, 88, 152
-0.988928, 1, 121, 32, 184
-0.988934, 25, 1, 56, 128
-0.988937, 101, 121, 132, 184
-0.988967, 49, 17, 80, 80
-0.988979, 393, 105, 424, 168
-0.988983, 1, 129, 32, 256
-0.989032, 241, 65, 272, 192
-0.989162, 401, 169, 432, 232
-0.989164, 297, 121, 328, 184
-0.989186, 69, 25, 100, 88
-0.989262, 333, 33, 364, 96
-0.989305, 305, 201, 432, 264
-0.989324, 113, 125, 176, 156
-0.989328, 313, 129, 376, 160
-0.989341, 141, 73, 172, 136
-0.989343, 21, 49, 52, 176
-0.989378, 425, 65, 456, 192
-0.989388, 361, 169, 424, 200
-0.989487, 337, 129, 368, 192
-0.989514, 1, 65, 128, 128
-0.989543, 221, 65, 252, 192
-0.989566, 225, 129, 288, 160
-0.989592, 209, 177, 240, 240
-0.989593, 273, 129, 336, 160
-0.989606, 449, 33, 480, 160
-0.989625, 225, 189, 288, 220
-0.989629, 165, 121, 196, 184
-0.989655, 201, 49, 232, 112
-0.989717, 201, 49, 232, 176
-0.989749, 249, 189, 312, 220
-0.989768, 457, 113, 488, 240
-0.989783, 65, 125, 128, 156
-0.989873, 161, 185, 224, 216
-0.990016, 289, 81, 352, 112
-0.990109, 173, 1, 204, 128
-0.99015, 425, 1, 456, 128
-0.990153, 393, 53, 456, 84
-0.99018, 1, 101, 64, 132
-0.990214, 57, 137, 120, 168
-0.990217, 201, 189, 264, 220
-0.990276, 225, 97, 352, 160
-0.990323, 273, 37, 336, 68
-0.990337, 65, 129, 96, 256
-0.990371, 353, 133, 416, 164
-0.990384, 49, 113, 112, 144
-0.990495, 105, 161, 168, 192
-0.990527, 249, 129, 312, 160
-0.990537, 81, 149, 144, 180
-0.990573, 313, 89, 376, 120
-0.990582, 409, 189, 472, 220
-0.990633, 273, 141, 336, 172
-0.990663, 97, 25, 224, 88
-0.990718, 85, 49, 116, 176
-0.99077, 321, 5, 384, 36
-0.990775, 313, 193, 376, 224
-0.990792, 129, 53, 192, 84
-0.990796, 297, 181, 360, 212
-0.990823, 289, 49, 352, 80
-0.990823, 137, 113, 200, 144
-0.990851, 317, 129, 348, 256
-0.990865, 153, 125, 216, 156
-0.990924, 377, 133, 440, 164
-0.990937, 201, 129, 264, 160
-0.990961, 17, 133, 80, 164
-0.99098, 353, 181, 416, 212
-0.990991, 329, 141, 392, 172
-0.991026, 337, 169, 400, 200
-0.991034, 81, 53, 144, 84
-0.991078, 273, 189, 336, 220
-0.991088, 113, 173, 176, 204
-0.991152, 65, 89, 128, 120
-0.991157, 233, 25, 296, 56
-0.991213, 25, 93, 88, 124
-0.991218, 433, 61, 496, 92
-0.991218, 409, 65, 472, 96
-0.991231, 137, 181, 200, 212
-0.991362, 113, 25, 176, 56
-0.991377, 385, 177, 448, 208
-0.991392, 249, 81, 312, 112
-0.991405, 289, 61, 352, 92
-0.991416, 433, 153, 496, 184
-0.99142, 177, 89, 240, 120
-0.991439, 329, 77, 392, 108
-0.991456, 369, 53, 432, 84
-0.991458, 257, 161, 500, 224
-0.991494, 377, 5, 440, 36
-0.991494, 417, 13, 480, 44
-0.991497, 321, 37, 384, 68
-0.991539, 433, 133, 496, 164
-0.991553, 97, 85, 160, 116
-0.991557, 201, 33, 264, 64
-0.991577, 233, 149, 296, 180
-0.991637, 81, 113, 144, 144
-0.991645, 161, 165, 224, 196
-0.991657, 297, 17, 360, 48
-0.991675, 433, 185, 496, 216
-0.991679, 201, 9, 264, 40
-0.991687, 321, 181, 384, 212
-0.991687, 25, 109, 88, 140
-0.991718, 25, 129, 56, 256
-0.991719, 33, 113, 288, 176
-0.99172, 37, 113, 68, 144
-0.99173, 225, 81, 288, 112
-0.99174, 137, 85, 200, 116
-0.991758, 97, 137, 352, 200
-0.991761, 89, 129, 152, 160
-0.991798, 33, 25, 96, 56
-0.991818, 33, 65, 64, 192
-0.991819, 241, 1, 304, 32
-0.991829, 353, 17, 480, 80
-0.991852, 321, 17, 384, 48
-0.991853, 433, 169, 496, 200
-0.991856, 161, 197, 224, 228
-0.991866, 105, 53, 168, 84
-0.991879, 265, 169, 328, 200
-0.991883, 265, 61, 328, 92
-0.991885, 385, 189, 448, 220
-0.991893, 129, 1, 192, 32
-0.991906, 321, 153, 384, 184
-0.991922, 193, 149, 256, 180
-0.991923, 437, 49, 468, 176
-0.991923, 409, 133, 472, 164
-0.991934, 105, 193, 168, 224
-0.991963, 265, 9, 328, 40
-0.991964, 57, 149, 120, 180
-0.99197, 469, 113, 500, 240
-0.991978, 73, 25, 136, 56
-0.99199, 65, 181, 128, 212
-0.992008, 193, 129, 448, 192
-0.992016, 297, 5, 360, 36
-0.992023, 121, 37, 184, 68
-0.992038, 49, 193, 112, 224
-0.992043, 73, 37, 136, 68
-0.992048, 41, 1, 104, 32
-0.992051, 217, 1, 248, 128
-0.992054, 161, 137, 224, 168
-0.992068, 217, 125, 248, 156
-0.992072, 249, 45, 312, 76
-0.992094, 197, 125, 228, 156
-0.992104, 161, 57, 224, 88
-0.992112, 377, 41, 440, 72
-0.992119, 305, 141, 368, 172
-0.99212, 65, 101, 128, 132
-0.992133, 161, 1, 224, 32
-0.992163, 105, 101, 168, 132
-0.992186, 193, 177, 256, 208
-0.992205, 329, 49, 392, 80
-0.992211, 97, 177, 352, 240
-0.992216, 145, 29, 208, 60
-0.992233, 345, 1, 408, 32
-0.992244, 233, 13, 296, 44
-0.99225, 105, 113, 168, 144
-0.992274, 297, 37, 360, 68
-0.992278, 265, 93, 328, 124
-0.992279, 81, 13, 144, 44
-0.99228, 353, 145, 416, 176
-0.992294, 289, 93, 352, 124
-0.992338, 201, 85, 264, 116
-0.992356, 309, 41, 340, 72
-0.992362, 349, 129, 380, 160
-0.992369, 417, 1, 480, 32
-0.99237, 401, 201, 464, 232
-0.992374, 313, 129, 344, 160
-0.992382, 337, 193, 400, 224
-0.992384, 377, 153, 440, 184
-0.992387, 325, 129, 356, 160
-0.992393, 181, 125, 212, 156
-0.992395, 105, 149, 168, 180
-0.992412, 129, 137, 192, 168
-0.992414, 1, 25, 500, 88
-0.992421, 409, 1, 440, 128
-0.992441, 1, 101, 32, 132
-0.992447, 237, 137, 268, 168
-0.992456, 81, 161, 144, 192
-0.992456, 321, 85, 352, 116
-0.992464, 165, 185, 196, 216
-0.992466, 169, 17, 232, 48
-0.992477, 161, 45, 224, 76
-0.99248, 393, 165, 456, 196
-0.992481, 297, 161, 360, 192
-0.992503, 241, 169, 304, 200
-0.992505, 377, 97, 440, 128
-0.992517, 217, 177, 280, 208
-0.99253, 1, 41, 128, 104
-0.992537, 49, 41, 112, 72
-0.992547, 301, 129, 332, 160
-0.992566, 337, 129, 368, 160
-0.992572, 245, 189, 276, 220
-0.992574, 369, 141, 400, 172
-0.992604, 273, 129, 304, 160
-0.99261, 369, 169, 400, 200
-0.992635, 257, 189, 288, 220
-0.992695, 325, 45, 356, 76
-0.992696, 261, 133, 292, 164
-0.992712, 369, 129, 400, 160
-0.992726, 129, 161, 160, 192
-0.992763, 233, 189, 264, 220
-0.992764, 65, 41, 320, 104
-0.99277, 353, 141, 384, 172
-0.992838, 237, 125, 268, 156
-0.992848, 225, 137, 256, 168
-0.992869, 269, 189, 300, 220
-0.992872, 201, 185, 232, 216
-0.992883, 169, 125, 200, 156
-0.992917, 221, 189, 252, 220
-0.99292, 441, 185, 472, 216
-0.992961, 329, 61, 360, 92
-0.992989, 297, 49, 328, 80
-0.992998, 1, 161, 256, 224
-0.992999, 205, 137, 236, 168
-0.993005, 189, 185, 220, 216
-0.99301, 437, 65, 468, 96
-0.993015, 61, 113, 92, 144
-0.99302, 1, 145, 32, 176
-0.993027, 257, 49, 500, 112
-0.993035, 17, 109, 48, 140
-0.993037, 153, 37, 184, 68
-0.993041, 101, 145, 132, 176
-0.993054, 281, 189, 312, 220
-0.99306, 1, 129, 32, 160
-0.99306, 333, 5, 364, 36
-0.993067, 333, 141, 364, 172
-0.993079, 289, 37, 320, 68
-0.993082, 341, 193, 372, 224
-0.993084, 97, 73, 352, 136
-0.993089, 193, 137, 224, 168
-0.993095, 313, 141, 344, 172
-0.993096, 249, 129, 280, 160
-0.993114, 77, 181, 108, 212
-0.993139, 177, 185, 208, 216
-0.993166, 113, 49, 144, 80
-0.993174, 193, 73, 448, 136
-0.993191, 81, 137, 112, 168
-0.993193, 17, 93, 48, 124
-0.993214, 153, 185, 184, 216
-0.99322, 257, 105, 500, 168
-0.993227, 369, 41, 496, 104
-0.993227, 429, 185, 460, 216
-0.993228, 309, 53, 340, 84
-0.993241, 101, 133, 132, 164
-0.993242, 57, 33, 88, 160
-0.993265, 61, 129, 92, 160
-0.993268, 73, 93, 104, 124
-0.993285, 1, 129, 500, 192
-0.993315, 93, 89, 124, 120
-0.993328, 113, 129, 144, 160
-0.993332, 85, 121, 116, 152
-0.993336, 285, 129, 316, 160
-0.993351, 49, 105, 80, 136
-0.993353, 297, 89, 328, 120
-0.993357, 393, 133, 424, 164
-0.993376, 137, 193, 168, 224
-0.993397, 373, 49, 404, 80
-0.993398, 285, 85, 316, 116
-0.993399, 333, 81, 364, 112
-0.9934, 153, 173, 184, 204
-0.993404, 145, 125, 176, 156
-0.993407, 113, 145, 144, 176
-0.99343, 29, 101, 60, 132
-0.993433, 277, 45, 308, 76
-0.993434, 61, 141, 92, 172
-0.993452, 141, 165, 172, 196
-0.993478, 329, 193, 360, 224
-0.993484, 309, 77, 340, 108
-0.99349, 137, 29, 168, 60
-0.993497, 125, 29, 156, 60
-0.9935, 429, 53, 460, 84
-0.993501, 293, 141, 324, 172
-0.993507, 185, 165, 216, 196
-0.993516, 125, 193, 156, 224
-0.993518, 145, 113, 176, 144
-0.993518, 293, 189, 324, 220
-0.993545, 97, 193, 128, 224
-0.993552, 381, 133, 412, 164
-0.993554, 33, 1, 288, 64
-0.993555, 405, 5, 436, 36
-0.993566, 177, 137, 208, 168
-0.993579, 1, 125, 128, 156
-0.993588, 469, 1, 500, 32
-0.993596, 201, 33, 232, 64
-0.993616, 125, 125, 156, 156
-0.993623, 257, 25, 288, 56
-0.993628, 305, 181, 336, 212
-0.993637, 313, 193, 344, 224
-0.993648, 73, 125, 104, 156
-0.993652, 1, 81, 500, 144
-0.993652, 1, 1, 500, 64
-0.993658, 249, 73, 280, 104
-0.993682, 397, 177, 428, 208
-0.993692, 21, 121, 52, 152
-0.993695, 329, 181, 360, 212
-0.993696, 385, 173, 416, 204
-0.99372, 417, 189, 448, 220
-0.993723, 353, 185, 384, 216
-0.993728, 153, 25, 184, 56
-0.993734, 445, 133, 476, 164
-0.993735, 453, 53, 484, 84
-0.993739, 49, 121, 80, 152
-0.99374, 161, 113, 192, 144
-0.993741, 209, 201, 336, 264
-0.993744, 469, 133, 500, 164
-0.993747, 453, 149, 484, 180
-0.993753, 261, 81, 292, 112
-0.993765, 465, 17, 496, 48
-0.993766, 193, 185, 448, 248
-0.993778, 377, 153, 408, 184
-0.99378, 465, 149, 496, 180
-0.993786, 417, 53, 448, 84
-0.993787, 273, 145, 304, 176
-0.993792, 261, 145, 292, 176
-0.993793, 193, 25, 448, 88
-0.993796, 277, 13, 308, 44
-0.99382, 309, 89, 340, 120
-0.993821, 73, 113, 104, 144
-0.993822, 269, 169, 300, 200
-0.993825, 461, 169, 492, 200
-0.993829, 117, 17, 148, 48
-0.993835, 405, 133, 436, 164
-0.993838, 117, 157, 148, 188
-0.994084, 1, 89, 256, 152
-0.994111, 333, 57, 348, 120
-0.994384, 113, 125, 240, 156
-0.994466, 193, 1, 224, 128
-0.994605, 177, 129, 304, 160
-0.994628, 193, 189, 320, 220
-0.994642, 129, 1, 384, 64
-0.994652, 465, 1, 496, 128
-0.994691, 289, 129, 416, 160
-0.994698, 89, 1, 120, 128
-0.99471, 337, 181, 464, 212
-0.99479, 225, 129, 352, 160
-0.994814, 129, 185, 256, 216
-0.994932, 161, 97, 416, 160
-0.995009, 373, 17, 404, 144
-0.995078, 1, 137, 256, 200
-0.995138, 279, 177, 294, 240
-0.995149, 33, 113, 160, 144
-0.995162, 1, 49, 500, 112
-0.995186, 199, 121, 214, 184
-0.9952, 1, 169, 500, 232
-0.995201, 239, 121, 254, 184
-0.995213, 393, 17, 424, 144
-0.995214, 155, 169, 170, 232
-0.995227, 1, 105, 500, 168
-0.995264, 289, 41, 416, 72
-0.995264, 65, 113, 80, 176
-0.995305, 369, 137, 496, 168
-0.995332, 357, 185, 372, 248
-0.995336, 1, 65, 256, 128
-0.995379, 241, 145, 368, 176
-0.995403, 137, 153, 152, 216
-0.995423, 289, 169, 416, 200
-0.99544, 339, 57, 354, 120
-0.995464, 145, 1, 160, 64
-0.995486, 391, 169, 406, 232
-0.99549, 257, 185, 384, 216
-0.995491, 249, 121, 264, 184
-0.995493, 127, 129, 142, 192
-0.995502, 233, 121, 248, 184
-0.995552, 81, 53, 208, 84
-0.995555, 193, 33, 320, 64
-0.995564, 227, 121, 242, 184
-0.995567, 259, 121, 274, 184
-0.995567, 367, 169, 382, 232
-0.995592, 193, 1, 320, 32
-0.995599, 219, 121, 234, 184
-0.995621, 161, 201, 288, 264
-0.995632, 209, 121, 224, 184
-0.995684, 347, 185, 362, 248
-0.995687, 377, 161, 392, 224
-0.995702, 149, 169, 164, 232
-0.995727, 265, 121, 280, 184
-0.99573, 369, 165, 496, 196
-0.995735, 283, 121, 298, 184
-0.995758, 31, 113, 46, 176
-0.995758, 197, 161, 212, 224
-0.995765, 33, 149, 160, 180
-0.995774, 377, 137, 392, 200
-0.995787, 1, 185, 256, 248
-0.995792, 121, 41, 136, 104
-0.995799, 337, 1, 352, 64
-0.995846, 65, 129, 192, 160
-0.995848, 257, 1, 500, 64
-0.995888, 321, 153, 448, 184
-0.995911, 193, 121, 208, 184
-0.995919, 333, 1, 364, 256
-0.995933, 65, 173, 192, 204
-0.995951, 5, 97, 20, 160
-0.995952, 225, 61, 352, 92
-0.995954, 187, 121, 202, 184
-0.995979, 303, 33, 318, 96
-0.995993, 323, 57, 338, 120
-0.996004, 161, 177, 176, 240
-0.99604, 163, 1, 178, 64
-0.996063, 321, 53, 448, 84
-0.996065, 13, 105, 28, 168
-0.996065, 183, 97, 198, 160
-0.996092, 25, 113, 40, 176
-0.996093, 99, 73, 114, 136
-0.996094, 33, 193, 160, 224
-0.996095, 167, 177, 182, 240
-0.9961, 461, 161, 476, 224
-0.996104, 273, 5, 400, 36
-0.996109, 141, 33, 156, 96
-0.996123, 135, 121, 150, 184
-0.996129, 323, 33, 338, 96
-0.99613, 161, 141, 288, 172
-0.996132, 151, 1, 166, 64
-0.99614, 211, 1, 226, 64
-0.996143, 335, 33, 350, 96
-0.996146, 289, 141, 416, 172
-0.996146, 257, 85, 384, 116
-0.996147, 217, 1, 232, 64
-0.996148, 81, 29, 208, 60
-0.996167, 383, 161, 398, 224
-0.996168, 237, 177, 252, 240
-0.996169, 49, 161, 176, 192
-0.996182, 123, 17, 138, 80
-0.996185, 357, 33, 388, 160
-0.996195, 225, 21, 352, 52
-0.996196, 159, 97, 174, 160
-0.99621, 329, 81, 344, 144
-0.996214, 343, 9, 358, 72
-0.996216, 273, 17, 400, 48
-0.996235, 447, 177, 462, 240
-0.996245, 305, 85, 432, 116
-0.996248, 291, 33, 306, 96
-0.996249, 43, 97, 58, 160
-0.996256, 399, 129, 414, 192
-0.996271, 17, 137, 144, 168
-0.996277, 53, 129, 84, 256
-0.996278, 141, 97, 156, 160
-0.996278, 369, 153, 496, 184
-0.996289, 419, 105, 434, 168
-0.996289, 161, 49, 416, 112
-0.99632, 433, 185, 448, 248
-0.996329, 73, 89, 88, 152
-0.996333, 127, 49, 142, 112
-0.996334, 331, 129, 346, 192
-0.996338, 305, 193, 432, 224
-0.996347, 181, 121, 196, 184
-0.996347, 129, 25, 144, 88
-0.996349, 59, 121, 74, 184
-0.996356, 271, 121, 286, 184
-0.996367, 33, 89, 160, 120
-0.996368, 311, 137, 326, 200
-0.996381, 341, 177, 356, 240
-0.996387, 175, 113, 190, 176
-0.996395, 131, 153, 146, 216
-0.996399, 449, 57, 464, 120
-0.996401, 97, 1, 224, 32
-0.996402, 141, 121, 156, 184
-0.996402, 285, 177, 300, 240
-0.996421, 441, 177, 456, 240
-0.996423, 81, 89, 96, 152
-0.996426, 97, 85, 224, 116
-0.99643, 369, 53, 496, 84
-0.996437, 363, 129, 378, 192
-0.996445, 383, 129, 398, 192
-0.996449, 341, 33, 356, 96
-0.996457, 1, 69, 128, 100
-0.996466, 401, 169, 416, 232
-0.996469, 223, 1, 238, 64
-0.99647, 385, 65, 400, 128
-0.996472, 389, 129, 404, 192
-0.996481, 53, 105, 68, 168
-0.996485, 115, 33, 130, 96
-0.996488, 177, 89, 304, 120
-0.996492, 467, 169, 482, 232
-0.996493, 431, 105, 446, 168
-0.996518, 129, 169, 256, 200
-0.996519, 461, 137, 476, 200
-0.996529, 1, 37, 128, 68
-0.996536, 477, 121, 492, 184
-0.996536, 149, 193, 164, 256
-0.996541, 433, 1, 448, 64
-0.996546, 81, 185, 208, 216
-0.996548, 19, 105, 34, 168
-0.996549, 107, 57, 122, 120
-0.996551, 395, 57, 410, 120
-0.996553, 453, 161, 468, 224
-0.996553, 299, 185, 314, 248
-0.996558, 411, 105, 426, 168
-0.996558, 113, 141, 240, 172
-0.99656, 115, 73, 130, 136
-0.996561, 225, 73, 352, 104
-0.996572, 331, 9, 346, 72
-0.996576, 49, 41, 176, 72
-0.996576, 87, 89, 102, 152
-0.996587, 99, 161, 114, 224
-0.996587, 119, 129, 134, 192
-0.996591, 93, 89, 108, 152
-0.9966, 169, 97, 184, 160
-0.996606, 1, 25, 128, 56
-0.996608, 371, 129, 386, 192
-0.996623, 145, 61, 272, 92
-0.996628, 425, 121, 440, 184
-0.996632, 405, 105, 420, 168
-0.996634, 1, 101, 128, 132
-0.996636, 427, 185, 442, 248
-0.996641, 97, 73, 224, 104
-0.996641, 305, 9, 320, 72
-0.996642, 323, 81, 338, 144
-0.996643, 225, 45, 352, 76
-0.996647, 91, 177, 106, 240
-0.996651, 369, 65, 496, 96
-0.996652, 345, 65, 360, 128
-0.996655, 305, 69, 432, 100
-0.996656, 273, 185, 288, 248
-0.996673, 143, 161, 158, 224
-0.996675, 313, 33, 328, 96
-0.996679, 343, 129, 358, 192
-0.996689, 277, 121, 292, 184
-0.996689, 177, 77, 304, 108
-0.996695, 471, 145, 486, 208
-0.996704, 157, 33, 172, 96
-0.996708, 1, 193, 500, 256
-0.99671, 87, 113, 102, 176
-0.99671, 17, 1, 144, 32
-0.996723, 455, 129, 470, 192
-0.996732, 133, 57, 148, 120
-0.996741, 169, 1, 184, 64
-0.996746, 243, 9, 258, 72
-0.996752, 291, 185, 306, 248
-0.996754, 37, 97, 52, 160
-0.996759, 469, 121, 484, 184
-0.996764, 117, 9, 132, 72
-0.996776, 305, 97, 432, 128
-0.996798, 273, 157, 400, 188
-0.996815, 141, 1, 172, 256
-0.99683, 265, 1, 296, 256
-0.996883, 17, 181, 144, 212
-0.996886, 109, 1, 140, 256
-0.996888, 145, 13, 272, 44
-0.996891, 121, 1, 152, 256
-0.996921, 369, 93, 496, 124
-0.996963, 97, 201, 352, 264
-0.996974, 365, 1, 396, 256
-0.996982, 49, 101, 176, 132
-0.997053, 273, 29, 400, 60
-0.997056, 97, 197, 224, 228
-0.997082, 81, 113, 208, 144
-0.997091, 369, 81, 496, 112
-0.997115, 193, 153, 320, 184
-0.997238, 337, 125, 464, 156
-0.997282, 49, 17, 176, 48
-0.997291, 285, 1, 316, 256
-0.997312, 369, 193, 496, 224
-0.997314, 145, 49, 272, 80
-0.997329, 17, 205, 144, 236
-0.99733, 253, 1, 284, 256
-0.997338, 145, 29, 272, 60
-0.997342, 157, 181, 172, 212
-0.997355, 273, 57, 400, 88
-0.997357, 321, 1, 448, 32
-0.997357, 225, 117, 352, 148
-0.997382, 13, 1, 44, 256
-0.997402, 309, 1, 340, 256
-0.997403, 17, 57, 144, 88
-0.99741, 49, 69, 176, 100
-0.997453, 213, 1, 244, 256
-0.997455, 241, 173, 368, 204
-0.997464, 209, 201, 336, 232
-0.997495, 153, 1, 184, 256
-0.9975, 257, 197, 384, 228
-0.997501, 145, 1, 272, 32
-0.997515, 337, 129, 352, 160
-0.997525, 345, 1, 376, 256
-0.997556, 193, 177, 320, 208
-0.997566, 257, 97, 384, 128
-0.997576, 25, 1, 56, 256
-0.997581, 177, 117, 304, 148
-0.99759, 305, 205, 432, 236
-0.997596, 221, 125, 236, 156
-0.997597, 331, 81, 346, 112
-0.997607, 305, 129, 320, 160
-0.997608, 353, 21, 480, 52
-0.997614, 327, 129, 342, 160
-0.997614, 197, 125, 212, 156
-0.997618, 129, 97, 256, 128
-0.997622, 337, 81, 352, 112
-0.997641, 181, 125, 196, 156
-0.997642, 145, 197, 272, 228
-0.997643, 1, 1, 32, 256
-0.997653, 187, 125, 202, 156
-0.997658, 227, 125, 242, 156
-0.997683, 401, 1, 432, 256
-0.997689, 239, 137, 254, 168
-0.997708, 347, 129, 362, 160
-0.997716, 209, 125, 224, 156
-0.997725, 319, 129, 334, 160
-0.997725, 129, 113, 256, 144
-0.997726, 299, 129, 314, 160
-0.99773, 113, 153, 240, 184
-0.997747, 271, 137, 286, 168
-0.997778, 237, 125, 252, 156
-0.997784, 369, 9, 496, 40
-0.997785, 261, 189, 276, 220
-0.997789, 215, 125, 230, 156
-0.997799, 369, 205, 496, 236
-0.997801, 255, 189, 270, 220
-0.997803, 353, 33, 480, 64
-0.997818, 321, 1, 352, 256
-0.99783, 167, 185, 182, 216
-0.997833, 53, 113, 68, 144
-0.99784, 259, 137, 274, 168
-0.997844, 249, 189, 264, 220
-0.997848, 267, 189, 282, 220
-0.997856, 285, 129, 300, 160
-0.997862, 175, 133, 190, 164
-0.997864, 115, 145, 130, 176
-0.997865, 457, 1, 488, 256
-0.997868, 377, 133, 392, 164
-0.997869, 3, 137, 18, 168
-0.997871, 333, 61, 348, 92
-0.997874, 185, 1, 216, 256
-0.997883, 273, 189, 288, 220
-0.997888, 87, 137, 102, 168
-0.997888, 45, 81, 76, 208
-0.997889, 41, 1, 72, 256
-0.99789, 265, 129, 280, 160
-0.997891, 311, 129, 326, 160
-0.997891, 367, 173, 382, 204
-0.997892, 227, 137, 242, 168
-0.997897, 3, 101, 18, 132
-0.997899, 297, 1, 328, 256
-0.997904, 243, 189, 258, 220
-0.99791, 353, 129, 368, 160
-0.997916, 433, 9, 448, 40
-0.997918, 87, 89, 102, 120
-0.997925, 195, 165, 210, 196
-0.997926, 1, 13, 128, 44
-0.99793, 17, 221, 144, 252
-0.997937, 41, 101, 56, 132
-0.997939, 135, 161, 150, 192
-0.997942, 247, 129, 262, 160
-0.997944, 279, 189, 294, 220
-0.997945, 143, 161, 158, 192
-0.997948, 203, 125, 218, 156
-0.997949, 391, 133, 406, 164
-0.997949, 197, 1, 228, 256
-0.997951, 371, 129, 386, 160
-0.997955, 323, 45, 338, 76
-0.99796, 177, 185, 192, 216
-0.997963, 1, 169, 128, 200
-0.997972, 169, 133, 184, 164
-0.997993, 63, 117, 78, 148
-0.997996, 33, 113, 48, 144
-0.998005, 237, 189, 252, 220
-0.998015, 193, 165, 320, 196
-0.998016, 79, 137, 94, 168
-0.998027, 365, 129, 380, 160
-0.998034, 279, 169, 294, 200
-0.998046, 389, 1, 420, 256
-0.998046, 231, 189, 246, 220
-0.998047, 213, 185, 228, 216
-0.998048, 115, 133, 130, 164
-0.99806, 203, 185, 218, 216
-0.998062, 69, 129, 84, 160
-0.998066, 383, 133, 398, 164
-0.998069, 443, 185, 458, 216
-0.998071, 355, 193, 370, 224
-0.998073, 195, 185, 210, 216
-0.998074, 403, 133, 418, 164
-0.998075, 151, 169, 166, 200
-0.998092, 125, 153, 140, 184
-0.998095, 97, 89, 112, 120
-0.998096, 369, 141, 384, 172
-0.998097, 385, 49, 400, 80
-0.998098, 285, 189, 300, 220
-0.998099, 189, 185, 204, 216
-0.998111, 223, 189, 238, 220
-0.998115, 183, 185, 198, 216
-0.998122, 311, 37, 326, 68
-0.998124, 301, 37, 316, 68
-0.998125, 337, 1, 352, 32
-0.998125, 1, 113, 16, 144
-0.998131, 121, 41, 136, 72
-0.998132, 149, 113, 164, 144
-0.998133, 445, 53, 460, 84
-0.998133, 297, 189, 312, 220
-0.998138, 433, 189, 448, 220
-0.998139, 339, 69, 354, 100
-0.998147, 413, 1, 444, 256
-0.998149, 85, 177, 100, 208
-0.998155, 397, 1, 412, 32
-0.998156, 83, 125, 98, 156
-0.998156, 255, 125, 270, 156
-0.998159, 381, 145, 396, 176
-0.998165, 277, 129, 292, 160
-0.998165, 415, 133, 430, 164
-0.998178, 359, 129, 374, 160
-0.998178, 343, 141, 358, 172
-0.998181, 345, 189, 360, 220
-0.998183, 65, 221, 192, 252
-0.998187, 165, 1, 196, 256
-0.998191, 161, 125, 176, 156
-0.998198, 73, 127, 136, 142
-0.9982, 63, 133, 78, 164
-0.998203, 413, 5, 428, 36
-0.998205, 221, 137, 236, 168
-0.998207, 457, 133, 472, 164
-0.998208, 121, 129, 136, 160
-0.998215, 9, 133, 24, 164
-0.998215, 233, 137, 248, 168
-0.998223, 389, 169, 404, 200
-0.998224, 253, 137, 268, 168
-0.998226, 301, 49, 316, 80
-0.998226, 97, 17, 224, 48
-0.998229, 343, 81, 358, 112
-0.99823, 423, 133, 438, 164
-0.99823, 423, 9, 438, 40
-0.998234, 453, 185, 468, 216
-0.998236, 333, 49, 348, 80
-0.998238, 291, 189, 306, 220
-0.998241, 285, 45, 300, 76
-0.998256, 323, 81, 338, 112
-0.998265, 407, 5, 422, 36
-0.998268, 245, 141, 260, 172
-0.998268, 361, 171, 424, 186
-0.998269, 363, 145, 378, 176
-0.998271, 31, 125, 46, 156
-0.998286, 373, 169, 388, 200
-0.998289, 121, 29, 136, 60
-0.99829, 459, 1, 474, 32
-0.998295, 75, 125, 90, 156
-0.998299, 13, 101, 28, 132
-0.998299, 197, 137, 212, 168
-0.998303, 323, 141, 338, 172
-0.998306, 69, 1, 100, 256
-0.998334, 273, 41, 336, 56
-0.998336, 225, 1, 256, 256
-0.998339, 377, 1, 408, 256
-0.998366, 17, 131, 80, 146
-0.998379, 273, 145, 336, 160
-0.998386, 121, 127, 184, 142
-0.998392, 41, 115, 104, 130
-0.998393, 265, 47, 328, 62
-0.998393, 297, 93, 360, 108
-0.998394, 65, 233, 192, 264
-0.998403, 97, 41, 224, 72
-0.998418, 273, 117, 400, 148
-0.99842, 57, 133, 120, 148
-0.998426, 65, 209, 192, 240
-0.998441, 425, 1, 456, 256
-0.998447, 65, 139, 128, 154
-0.998453, 17, 233, 144, 264
-0.998456, 101, 93, 132, 108
-0.998457, 353, 177, 416, 192
-0.998458, 165, 125, 196, 140
-0.998458, 1, 135, 32, 150
-0.998458, 69, 105, 100, 120
-0.998458, 169, 141, 200, 156
-0.998458, 97, 89, 160, 104
-0.998458, 193, 141, 256, 156
-0.998459, 185, 89, 216, 104
-0.998459, 121, 23, 152, 38
-0.99846, 117, 87, 148, 102
-0.99846, 465, 15, 496, 30
-0.998461, 269, 85, 300, 100
-0.998461, 329, 79, 360, 94
-0.998461, 193, 165, 224, 180
-0.998462, 1, 115, 32, 130
-0.998462, 101, 127, 132, 142
-0.998462, 377, 61, 408, 76
-0.998463, 153, 137, 216, 152
-0.998464, 253, 131, 284, 146
-0.998464, 209, 189, 240, 204
-0.998465, 177, 127, 208, 142
-0.998467, 61, 139, 92, 154
-0.998468, 113, 155, 144, 170
-0.998468, 341, 139, 372, 154
-0.998468, 329, 147, 360, 162
-0.998469, 113, 55, 144, 70
-0.99847, 165, 187, 196, 202
-0.998473, 73, 129, 104, 144
-0.998473, 221, 143, 252, 158
-0.998474, 33, 111, 64, 126
-0.998474, 105, 225, 136, 240
-0.998475, 9, 129, 40, 144
-0.998476, 437, 67, 468, 82
-0.998477, 397, 179, 428, 194
-0.998477, 145, 179, 176, 194
-0.998478, 353, 149, 384, 164
-0.998478, 333, 7, 364, 22
-0.99848, 461, 151, 492, 166
-0.99848, 341, 187, 372, 202
-0.998481, 129, 87, 160, 102
-0.998482, 329, 73, 360, 88
-0.998482, 329, 57, 360, 72
-0.998483, 45, 25, 76, 40
-0.998484, 149, 89, 180, 104
-0.998484, 277, 45, 308, 60
-0.998485, 137, 173, 168, 188
-0.998487, 321, 131, 352, 146
-0.998487, 205, 33, 236, 48
-0.998489, 237, 129, 268, 144
-0.998489, 37, 97, 68, 112
-0.998489, 325, 187, 356, 202
-0.99849, 329, 93, 360, 108
-0.99849, 17, 123, 80, 138
-0.99849, 17, 97, 48, 112
-0.99849, 105, 87, 136, 102
-0.998491, 137, 197, 168, 212
-0.998493, 341, 133, 372, 148
-0.998493, 313, 147, 344, 162
-0.998495, 161, 89, 192, 104
-0.998496, 97, 137, 128, 152
-0.998497, 373, 141, 404, 156
-0.998497, 301, 187, 332, 202
-0.998497, 277, 131, 308, 146
-0.998497, 61, 127, 92, 142
-0.998498, 377, 133, 408, 148
-0.998499, 145, 127, 176, 142
-0.998499, 77, 187, 108, 202
-0.998501, 137, 33, 168, 48
-0.998502, 273, 39, 304, 54
-0.998502, 329, 65, 360, 80
-0.998502, 57, 89, 88, 104
-0.998502, 197, 129, 228, 144
-0.998503, 153, 35, 184, 50
-0.998504, 41, 89, 104, 104
-0.998507, 233, 145, 264, 160
-0.998507, 273, 145, 304, 160
-0.998507, 305, 141, 336, 156
-0.998507, 313, 187, 344, 202
-0.998507, 325, 51, 356, 66
-0.998507, 309, 55, 340, 70
-0.998508, 181, 141, 212, 156
-0.998508, 357, 133, 388, 148
-0.998509, 301, 127, 332, 142
-0.998509, 333, 13, 364, 28
-0.99851, 173, 89, 204, 104
-0.998512, 93, 101, 124, 116
-0.998513, 165, 135, 196, 150
-0.998515, 109, 133, 140, 148
-0.998516, 153, 89, 216, 104
-0.99852, 225, 143, 288, 158
-0.998521, 85, 139, 116, 154
-0.998522, 257, 137, 288, 152
-0.998523, 101, 145, 132, 160
-0.998523, 125, 129, 156, 144
-0.998525, 73, 97, 104, 112
-0.998526, 193, 143, 224, 158
-0.998526, 153, 29, 184, 44
-0.998527, 85, 133, 116, 148
-0.998527, 377, 147, 408, 162
-0.998527, 297, 47, 328, 62
-0.998528, 193, 129, 256, 144
-0.99853, 245, 145, 276, 160
-0.998533, 221, 129, 252, 144
-0.998535, 233, 139, 264, 154
-0.998535, 61, 133, 92, 148
-0.998536, 257, 87, 320, 102
-0.998538, 69, 89, 100, 104
-0.998538, 49, 111, 80, 126
-0.998539, 213, 137, 244, 152
-0.99854, 365, 147, 396, 162
-0.998543, 69, 111, 100, 126
-0.998545, 325, 141, 356, 156
-0.99855, 353, 143, 384, 158
-0.998552, 85, 89, 116, 104
-0.998552, 425, 187, 488, 202
-0.998553, 317, 93, 348, 108
-0.998557, 321, 87, 352, 102
-0.99856, 205, 143, 236, 158
-0.998563, 89, 95, 120, 110
-0.998564, 113, 171, 176, 186
-0.998565, 277, 91, 308, 106
-0.998566, 293, 143, 324, 158
-0.998568, 245, 139, 276, 154
-0.998569, 73, 135, 104, 150
-0.998569, 289, 41, 320, 56
-0.998573, 341, 145, 372, 160
-0.998573, 297, 87, 360, 102
-0.998578, 321, 45, 352, 60
-0.998579, 321, 13, 384, 28
-0.99858, 261, 143, 292, 158
-0.998583, 309, 49, 340, 64
-0.998583, 289, 89, 320, 104
-0.998584, 145, 123, 208, 138
-0.998587, 437, 187, 468, 202
-0.998588, 21, 111, 52, 126
-0.998589, 249, 139, 312, 154
-0.998589, 129, 163, 160, 178
-0.99859, 181, 135, 212, 150
-0.998593, 1, 147, 32, 162
-0.998594, 305, 91, 336, 106
-0.998596, 37, 117, 68, 132
-0.998598, 273, 139, 336, 154
-0.998598, 289, 187, 352, 202
-0.998602, 113, 29, 176, 44
-0.998602, 101, 1, 132, 128
-0.998605, 169, 143, 232, 158
-0.998605, 201, 137, 232, 152
-0.99861, 309, 43, 340, 58
-0.998615, 393, 55, 456, 70
-0.998616, 373, 169, 404, 184
-0.99862, 1, 107, 64, 122
-0.998621, 377, 5, 440, 20
-0.998626, 353, 185, 416, 200
-0.998628, 17, 137, 80, 152
-0.998629, 257, 131, 320, 146
-0.998629, 201, 35, 264, 50
-0.998629, 1, 105, 32, 120
-0.998633, 193, 135, 256, 150
-0.998637, 97, 1, 128, 256
-0.998643, 265, 93, 328, 108
-0.998643, 313, 45, 376, 60
-0.998644, 289, 127, 352, 142
-0.998647, 313, 185, 376, 200
-0.998654, 249, 145, 312, 160
-0.998655, 445, 1, 476, 256
-0.99866, 97, 163, 160, 178
-0.998668, 345, 133, 408, 148
-0.998668, 225, 91, 288, 106
-0.99867, 313, 133, 376, 148
-0.998682, 97, 131, 160, 146
-0.998683, 321, 93, 384, 108
-0.998684, 177, 189, 240, 204
-0.998685, 49, 189, 112, 204
-0.998692, 321, 1, 384, 16
-0.998697, 17, 113, 80, 128
-0.998704, 73, 91, 136, 106
-0.998704, 65, 105, 128, 120
-0.998706, 49, 123, 112, 138
-0.998708, 41, 109, 104, 124
-0.998709, 377, 135, 440, 150
-0.998721, 81, 149, 144, 164
-0.998721, 89, 55, 152, 70
-0.998723, 377, 17, 440, 32
-0.998723, 129, 89, 192, 104
-0.998723, 201, 189, 264, 204
-0.998723, 425, 67, 488, 82
-0.998727, 65, 97, 128, 112
-0.998731, 393, 181, 456, 196
-0.998733, 129, 53, 192, 68
-0.998734, 417, 13, 480, 28
-0.998737, 401, 7, 464, 22
-0.998738, 217, 129, 280, 144
-0.998741, 73, 121, 136, 136
-0.998743, 233, 11, 296, 26
-0.998743, 49, 157, 112, 172
-0.998745, 329, 75, 392, 90
-0.998749, 177, 91, 240, 106
-0.99875, 201, 167, 264, 182
-0.998753, 233, 191, 296, 206
-0.998757, 145, 29, 208, 44
-0.998761, 141, 97, 156, 224
-0.998761, 289, 133, 352, 148
-0.998767, 81, 61, 144, 76
-0.998768, 305, 19, 368, 34
-0.998772, 401, 187, 464, 202
-0.998773, 1, 85, 64, 100
-0.998775, 321, 7, 384, 22
-0.998775, 225, 137, 288, 152
-0.998777, 249, 39, 312, 54
-0.998777, 129, 61, 192, 76
-0.998783, 321, 39, 384, 54
-0.998784, 265, 169, 328, 184
-0.99879, 25, 99, 88, 114
-0.998791, 345, 143, 408, 158
-0.998792, 337, 169, 400, 184
-0.998794, 313, 139, 376, 154
-0.998794, 169, 129, 232, 144
-0.998796, 73, 33, 136, 48
-0.998804, 273, 61, 336, 76
-0.998805, 361, 95, 424, 110
-0.998806, 137, 103, 200, 118
-0.998806, 313, 147, 376, 162
-0.998808, 57, 1, 88, 256
-0.998809, 89, 157, 152, 172
-0.99881, 433, 57, 496, 72
-0.998811, 105, 23, 168, 38
-0.998811, 337, 47, 400, 62
-0.998811, 135, 113, 150, 240
-0.998814, 387, 113, 402, 240
-0.998814, 257, 191, 320, 206
-0.998816, 409, 135, 472, 150
-0.998818, 337, 65, 352, 192
-0.998821, 433, 169, 496, 184
-0.998822, 161, 197, 224, 212
-0.998826, 169, 5, 232, 20
-0.998828, 81, 41, 144, 56
-0.99883, 305, 51, 368, 66
-0.998834, 153, 187, 216, 202
-0.998834, 417, 97, 480, 112
-0.998834, 81, 23, 144, 38
-0.998835, 9, 187, 72, 202
-0.998837, 241, 167, 304, 182
-0.998837, 201, 91, 264, 106
-0.998837, 365, 81, 380, 208
-0.998837, 385, 77, 448, 92
-0.998846, 33, 29, 96, 44
-0.998847, 73, 179, 136, 194
-0.998851, 49, 83, 112, 98
-0.998851, 313, 69, 376, 84
-0.998852, 49, 41, 112, 56
-0.998852, 289, 81, 352, 96
-0.998852, 241, 1, 272, 256
-0.998856, 145, 165, 208, 180
-0.998856, 161, 57, 224, 72
-0.998856, 117, 97, 132, 224
-0.99886, 297, 163, 360, 178
-0.998861, 433, 163, 496, 178
-0.998865, 417, 19, 480, 34
-0.998866, 153, 173, 216, 188
-0.998866, 377, 113, 392, 240
-0.998877, 203, 113, 218, 240
-0.99888, 123, 97, 138, 224
-0.998911, 329, 65, 344, 192
-0.998928, 371, 113, 386, 240
-0.998935, 129, 113, 144, 240
-0.998941, 1, 97, 16, 224
-0.998944, 87, 81, 102, 208
-0.998955, 393, 113, 408, 240
-0.998958, 329, 1, 344, 128
-0.998961, 197, 113, 212, 240
-0.998976, 289, 81, 304, 208
-0.998986, 179, 113, 194, 240
-0.99899, 345, 33, 360, 160
-0.999002, 191, 81, 206, 208
-0.999005, 377, 65, 392, 192
-0.99901, 323, 49, 338, 176
-0.999013, 163, 113, 178, 240
-0.999013, 337, 113, 464, 144
-0.999014, 255, 81, 270, 208
-0.999015, 135, 65, 150, 192
-0.999016, 185, 81, 200, 208
-0.999017, 307, 1, 322, 128
-0.999018, 357, 81, 372, 208
-0.999025, 37, 129, 68, 256
-0.999026, 399, 113, 414, 240
-0.999027, 147, 113, 162, 240
-0.999033, 283, 81, 298, 208
-0.999035, 371, 65, 386, 192
-0.999037, 111, 97, 126, 224
-0.999037, 13, 97, 28, 224
-0.999051, 169, 65, 184, 192
-0.999057, 141, 33, 156, 160
-0.999059, 105, 97, 120, 224
-0.999062, 347, 113, 362, 240
-0.999067, 335, 17, 350, 144
-0.999073, 243, 113, 258, 240
-0.999079, 7, 81, 22, 208
-0.999081, 313, 1, 328, 128
-0.999081, 99, 129, 114, 256
-0.999089, 153, 113, 168, 240
-0.999091, 209, 113, 224, 240
-0.999094, 383, 65, 398, 192
-0.999098, 261, 81, 276, 208
-0.999105, 441, 113, 456, 240
-0.999108, 323, 1, 338, 128
-0.999122, 393, 65, 408, 192
-0.999128, 235, 113, 250, 240
-0.999132, 405, 113, 420, 240
-0.999139, 157, 1, 172, 128
-0.99914, 333, 113, 348, 240
-0.99914, 299, 33, 314, 160
-0.999143, 283, 1, 298, 128
-0.999145, 77, 65, 92, 192
-0.999149, 227, 113, 242, 240
-0.999151, 19, 49, 34, 176
-0.999152, 249, 113, 264, 240
-0.999153, 11, 1, 26, 128
-0.999158, 447, 113, 462, 240
-0.99916, 431, 113, 446, 240
-0.999166, 197, 65, 212, 192
-0.999167, 175, 33, 190, 160
-0.999168, 411, 113, 426, 240
-0.999169, 297, 81, 312, 208
-0.999171, 309, 113, 324, 240
-0.999171, 185, 129, 200, 256
-0.999172, 129, 65, 144, 192
-0.999173, 147, 49, 162, 176
-0.999177, 425, 81, 440, 208
-0.999183, 417, 113, 432, 240
-0.999187, 75, 129, 90, 256
-0.999188, 191, 129, 206, 256
-0.999188, 5, 1, 20, 128
-0.99919, 315, 81, 330, 208
-0.99919, 221, 81, 236, 208
-0.999195, 19, 97, 34, 224
-0.999195, 365, 129, 380, 256
-0.999199, 273, 81, 288, 208
-0.999203, 305, 49, 320, 176
-0.999205, 289, 229, 416, 260
-0.999217, 93, 81, 108, 208
-0.999223, 173, 113, 188, 240
-0.999226, 207, 1, 222, 128
-0.999226, 323, 97, 338, 224
-0.999228, 255, 1, 270, 128
-0.999228, 273, 129, 288, 256
-0.999229, 355, 129, 370, 256
-0.99923, 351, 65, 366, 192
-0.999232, 71, 49, 86, 176
-0.999234, 83, 33, 98, 160
-0.99924, 215, 81, 230, 208
-0.99924, 267, 113, 282, 240
-0.999249, 155, 65, 170, 192
-0.999249, 107, 49, 122, 176
-0.99925, 339, 113, 354, 240
-0.99925, 81, 1, 112, 256
-0.999251, 147, 1, 162, 128
-0.999251, 267, 33, 282, 160
-0.999252, 453, 113, 468, 240
-0.999258, 163, 33, 178, 160
-0.999259, 459, 113, 474, 240
-0.999262, 77, 17, 92, 144
-0.999262, 221, 129, 236, 256
-0.999264, 249, 65, 264, 192
-0.999266, 281, 129, 296, 256
-0.999267, 273, 33, 288, 160
-0.99927, 243, 1, 258, 128
-0.999271, 433, 65, 448, 192
-0.999272, 25, 97, 40, 224
-0.999274, 289, 217, 416, 248
-0.999275, 187, 33, 202, 160
-0.999275, 81, 113, 96, 240
-0.999276, 413, 1, 428, 128
-0.999279, 225, 217, 352, 248
-0.99928, 27, 49, 42, 176
-0.999281, 123, 49, 138, 176
-0.999283, 215, 129, 230, 256
-0.999286, 463, 1, 478, 128
-0.99929, 425, 129, 440, 256
-0.999291, 69, 97, 84, 224
-0.999292, 399, 65, 414, 192
-0.999294, 113, 221, 240, 252
-0.999304, 91, 129, 106, 256
-0.999308, 177, 101, 304, 132
-0.999309, 407, 65, 422, 192
-0.999313, 115, 49, 130, 176
-0.999319, 7, 129, 22, 256
-0.999319, 365, 33, 380, 160
-0.999323, 481, 1, 496, 128
-0.999323, 135, 17, 150, 144
-0.999326, 369, 233, 496, 264
-0.999329, 261, 1, 276, 128
-0.999329, 249, 1, 264, 128
-0.999437, 353, 221, 480, 252
-0.999447, 469, 1, 500, 256
-0.999507, 347, 133, 362, 148
-0.999508, 395, 5, 410, 20
-0.99951, 337, 133, 352, 148
-0.99951, 355, 133, 370, 148
-0.999511, 323, 53, 338, 68
-0.999511, 389, 143, 404, 158
-0.999512, 261, 131, 276, 146
-0.999512, 317, 47, 332, 62
-0.999512, 251, 137, 266, 152
-0.999514, 187, 143, 202, 158
-0.999515, 407, 7, 422, 22
-0.999516, 385, 51, 400, 66
-0.999519, 165, 35, 180, 50
-0.999521, 93, 95, 108, 110
-0.999521, 341, 139, 356, 154
-0.999521, 233, 143, 248, 158
-0.999522, 283, 39, 298, 54
-0.999524, 177, 89, 192, 104
-0.999526, 319, 187, 334, 202
-0.999528, 387, 171, 402, 186
-0.999529, 13, 83, 28, 98
-0.999532, 337, 83, 352, 98
-0.999534, 187, 89, 202, 104
-0.999537, 381, 133, 396, 148
-0.999538, 63, 121, 78, 136
-0.999539, 371, 139, 386, 154
-0.999543, 157, 29, 172, 44
-0.999545, 163, 89, 178, 104
-0.999545, 337, 9, 352, 24
-0.999546, 245, 129, 260, 144
-0.999547, 33, 123, 48, 138
-0.999548, 343, 93, 358, 108
-0.999549, 313, 127, 328, 142
-0.999551, 433, 9, 448, 24
-0.999552, 63, 131, 78, 146
-0.999552, 199, 135, 214, 150
-0.999553, 333, 147, 348, 162
-0.999553, 87, 99, 102, 114
-0.999557, 343, 147, 358, 162
-0.999557, 353, 141, 368, 156
-0.999558, 351, 147, 366, 162
-0.999558, 399, 11, 414, 26
-0.999558, 381, 169, 396, 184
-0.999559, 157, 185, 172, 200
-0.999564, 103, 139, 118, 154
-0.999564, 379, 149, 394, 164
-0.999565, 401, 177, 416, 192
-0.999566, 207, 33, 222, 48
-0.999566, 113, 209, 240, 240
-0.999566, 113, 233, 240, 264
-0.99957, 205, 129, 220, 144
-0.999575, 333, 59, 348, 74
-0.999575, 81, 111, 96, 126
-0.999576, 161, 225, 288, 256
-0.999579, 309, 187, 324, 202
-0.999582, 147, 33, 162, 48
-0.999582, 143, 163, 158, 178
-0.999585, 365, 133, 380, 148
-0.999586, 81, 97, 96, 112
-0.999586, 57, 115, 72, 130
-0.999588, 215, 129, 230, 144
-0.999589, 11, 105, 26, 120
-0.999593, 297, 141, 312, 156
-0.999594, 329, 93, 344, 108
-0.999595, 283, 87, 298, 102
-0.999597, 387, 149, 402, 164
-0.999599, 73, 133, 88, 148
-0.999602, 241, 229, 368, 260
-0.999607, 309, 147, 324, 162
-0.999608, 445, 57, 460, 72
-0.999613, 227, 143, 242, 158
-0.999614, 311, 41, 326, 56
-0.999618, 179, 135, 194, 150
-0.99962, 115, 145, 130, 160
-0.999621, 77, 87, 92, 102
-0.999622, 439, 187, 454, 202
-0.999623, 313, 93, 328, 108
-0.999626, 199, 141, 214, 156
-0.999626, 375, 169, 390, 184
-0.999628, 177, 213, 304, 244
-0.999632, 231, 129, 246, 144
-0.999639, 129, 87, 144, 102
-0.999639, 239, 165, 254, 180
-0.999649, 197, 165, 212, 180
-0.99965, 191, 137, 206, 152
-0.999651, 289, 39, 304, 54
-0.999654, 281, 167, 296, 182
-0.999661, 101, 89, 116, 104
-0.999663, 307, 93, 322, 108
-0.999678, 181, 141, 196, 156
-0.999681, 365, 143, 380, 158
-0.999689, 221, 129, 236, 144
-0.999691, 225, 137, 240, 152
-0.999692, 413, 7, 428, 22
-0.999698, 95, 89, 110, 104
-0.999702, 259, 143, 274, 158
-0.999711, 3, 147, 18, 162
-0.999713, 217, 137, 232, 152
-0.999713, 77, 105, 92, 120
-0.999713, 319, 89, 334, 104
-0.999715, 249, 143, 264, 158
-0.999718, 5, 103, 20, 118
-0.999721, 265, 139, 280, 154
-0.999723, 85, 137, 100, 152
-0.999724, 169, 135, 184, 150
-0.999731, 265, 145, 280, 160
-0.999737, 83, 183, 98, 198
-0.999745, 301, 41, 316, 56
-0.999745, 151, 173, 166, 188
-0.999747, 289, 91, 304, 106
-0.999767, 231, 137, 246, 152
-0.999769, 51, 113, 66, 128
-0.999776, 175, 141, 190, 156
-0.999779, 43, 115, 58, 130
-0.99978, 323, 43, 338, 58
-0.99979, 331, 85, 346, 100
-0.999795, 311, 47, 326, 62
-0.999799, 377, 143, 392, 158
-0.999817, 209, 141, 224, 156
-0.999818, 275, 145, 290, 160
-0.999821, 135, 161, 150, 176
-0.999821, 317, 139, 332, 154
-0.999841, 335, 141, 350, 156
-0.99985, 33, 111, 48, 126
-0.99985, 297, 87, 312, 102
-0.99985, 327, 145, 342, 160
-0.999865, 83, 89, 98, 104
-0.999866, 99, 95, 114, 110
-0.999871, 121, 43, 136, 58
-0.999902, 257, 137, 272, 152
-0.999906, 371, 145, 386, 160
-0.999914, 271, 139, 286, 154
-0.999921, 239, 139, 254, 154
-1, 89, 89, 104, 104
-1.00011, 157, 179, 172, 194
