1905
-0.380694, 1, 1, 333, 500
-0.414095, 1, 129, 333, 384
-0.429186, 1, 225, 333, 480
-0.472569, 65, 1, 320, 500
-0.54353, 1, 33, 333, 288
-0.589218, 65, 129, 320, 384
-0.687242, 1, 33, 256, 288
-0.757711, 33, 225, 288, 480
-0.803767, 65, 129, 192, 384
-0.818953, 145, 97, 272, 352
-0.837123, 65, 1, 192, 500
-0.840548, 113, 1, 240, 500
-0.845298, 65, 225, 192, 480
-0.856488, 65, 33, 192, 288
-0.859073, 113, 1, 240, 256
-0.860907, 17, 1, 144, 500
-0.869281, 161, 1, 288, 500
-0.877684, 17, 97, 144, 352
-0.878298, 113, 193, 240, 448
-0.885486, 1, 97, 333, 224
-0.88629, 193, 161, 320, 416
-0.888562, 17, 193, 144, 448
-0.896216, 1, 257, 333, 384
-0.902553, 1, 1, 128, 256
-0.910462, 1, 145, 333, 272
-0.910926, 1, 129, 256, 256
-0.91423, 1, 209, 333, 336
-0.914582, 1, 305, 333, 432
-0.914864, 193, 65, 320, 320
-0.918407, 177, 257, 304, 500
-0.922305, 209, 1, 333, 500
-0.924789, 65, 81, 192, 208
-0.926839, 33, 65, 288, 192
-0.928199, 65, 145, 192, 272
-0.930241, 65, 177, 320, 304
-0.931954, 65, 241, 192, 368
-0.93495, 113, 145, 240, 272
-0.936635, 145, 97, 272, 224
-0.938839, 65, 225, 320, 352
-0.938951, 65, 193, 192, 320
-0.940572, 1, 49, 333, 176
-0.940575, 17, 129, 144, 256
-0.941708, 33, 273, 288, 400
-0.942634, 17, 81, 144, 208
-0.943063, 41, 129, 104, 256
-0.94801, 177, 145, 304, 272
-0.948891, 1, 17, 256, 144
-0.949604, 65, 113, 128, 240
-0.950215, 145, 1, 208, 128
-0.950236, 145, 129, 208, 256
-0.950501, 129, 81, 192, 208
-0.950616, 145, 193, 272, 320
-0.950746, 105, 145, 168, 272
-0.951094, 113, 241, 240, 368
-0.951955, 65, 289, 192, 416
-0.952557, 97, 273, 160, 400
-0.954227, 81, 161, 144, 288
-0.954947, 17, 177, 144, 304
-0.955178, 81, 225, 144, 352
-0.955276, 57, 129, 120, 192
-0.955373, 57, 177, 120, 304
-0.955787, 113, 49, 240, 176
-0.956157, 17, 225, 144, 352
-0.956779, 97, 225, 160, 288
-0.957047, 41, 81, 104, 208
-0.957778, 129, 241, 192, 368
-0.958762, 161, 137, 224, 200
-0.959029, 137, 129, 200, 192
-0.959591, 57, 105, 120, 168
-0.959593, 57, 305, 120, 432
-0.959796, 89, 65, 152, 192
-0.960004, 129, 177, 192, 304
-0.960185, 65, 153, 192, 216
-0.960419, 17, 81, 80, 208
-0.961163, 17, 33, 144, 160
-0.961341, 105, 225, 168, 352
-0.96152, 1, 1, 333, 128
-0.96179, 65, 121, 192, 184
-0.961907, 137, 169, 200, 232
-0.962534, 89, 153, 152, 216
-0.962625, 57, 241, 120, 368
-0.96265, 33, 321, 288, 448
-0.962751, 193, 193, 320, 320
-0.962864, 193, 97, 320, 224
-0.962995, 89, 177, 152, 240
-0.963277, 169, 113, 232, 240
-0.963394, 97, 249, 160, 312
-0.963527, 17, 289, 144, 416
-0.963701, 113, 153, 240, 216
-0.963802, 57, 169, 120, 232
-0.964203, 65, 89, 192, 152
-0.96441, 97, 17, 160, 144
-0.964842, 65, 177, 192, 240
-0.964967, 97, 1, 224, 128
-0.965, 169, 65, 232, 192
-0.965302, 25, 105, 88, 168
-0.965494, 113, 81, 240, 144
-0.965515, 97, 273, 160, 336
-0.965829, 65, 241, 192, 304
-0.965917, 65, 281, 192, 344
-0.966174, 97, 81, 160, 144
-0.966174, 17, 153, 80, 216
-0.966279, 201, 113, 264, 240
-0.966339, 65, 209, 192, 272
-0.966385, 145, 1, 208, 64
-0.966579, 57, 81, 120, 144
-0.966582, 129, 273, 192, 336
-0.966931, 17, 129, 80, 256
-0.967092, 17, 161, 144, 224
-0.967204, 57, 193, 120, 256
-0.967426, 65, 65, 128, 192
-0.967587, 81, 121, 144, 184
-0.96763, 1, 121, 64, 184
-0.967781, 81, 201, 144, 264
-0.968132, 145, 289, 272, 416
-0.968827, 17, 121, 144, 184
-0.968841, 145, 105, 272, 168
-0.969579, 129, 105, 192, 168
-0.969745, 97, 57, 160, 120
-0.970109, 161, 113, 224, 176
-0.970452, 161, 161, 224, 224
-0.970472, 129, 129, 192, 384
-0.970487, 145, 289, 208, 416
-0.970503, 9, 177, 72, 304
-0.970627, 57, 217, 120, 280
-0.970705, 145, 177, 272, 240
-0.97074, 129, 81, 192, 144
-0.970818, 149, 105, 180, 168
-0.970982, 177, 241, 304, 368
-0.97115, 149, 81, 180, 208
-0.971187, 149, 129, 180, 192
-0.971259, 1, 1, 64, 128
-0.97132, 177, 49, 304, 176
-0.971503, 81, 137, 112, 200
-0.97155, 97, 297, 160, 360
-0.971654, 57, 265, 120, 328
-0.971675, 129, 249, 192, 312
-0.971697, 113, 129, 240, 192
-0.971776, 177, 137, 304, 200
-0.972046, 201, 153, 264, 216
-0.972442, 65, 305, 192, 368
-0.972594, 97, 129, 160, 384
-0.972692, 105, 201, 168, 264
-0.972729, 49, 17, 112, 144
-0.972886, 85, 105, 116, 168
-0.973311, 145, 81, 176, 144
-0.973605, 57, 289, 120, 352
-0.973613, 89, 209, 120, 272
-0.973777, 129, 209, 160, 272
-0.974094, 89, 161, 120, 224
-0.974172, 17, 185, 144, 248
-0.97418, 137, 297, 200, 360
-0.974266, 149, 129, 180, 256
-0.974336, 65, 337, 192, 464
-0.974365, 113, 265, 240, 328
-0.974553, 233, 153, 264, 216
-0.974704, 17, 97, 144, 160
-0.974842, 129, 193, 192, 256
-0.974867, 57, 241, 120, 304
-0.97497, 85, 81, 116, 208
-0.975048, 161, 1, 224, 256
-0.975116, 129, 33, 192, 288
-0.975139, 77, 177, 108, 240
-0.975267, 81, 337, 144, 464
-0.975271, 225, 97, 288, 224
-0.975368, 149, 153, 180, 216
-0.975567, 97, 329, 160, 392
-0.975708, 105, 121, 168, 184
-0.975708, 57, 321, 120, 384
-0.97584, 233, 145, 296, 272
-0.975892, 57, 129, 120, 384
-0.975921, 17, 81, 80, 144
-0.976024, 129, 233, 160, 296
-0.976081, 81, 281, 112, 344
-0.976106, 201, 129, 264, 192
-0.976207, 177, 281, 240, 344
-0.976328, 89, 185, 120, 248
-0.976355, 121, 1, 184, 128
-0.976372, 201, 161, 264, 288
-0.976442, 113, 145, 176, 208
-0.976468, 81, 129, 112, 256
-0.976475, 33, 177, 96, 304
-0.976499, 93, 129, 124, 256
-0.976532, 17, 337, 144, 464
-0.976596, 249, 153, 312, 216
-0.976618, 129, 217, 192, 280
-0.976858, 177, 161, 240, 288
-0.976947, 129, 161, 160, 224
-0.977024, 89, 225, 152, 480
-0.977076, 153, 1, 184, 64
-0.977129, 225, 153, 288, 216
-0.977136, 249, 97, 312, 224
-0.977145, 25, 129, 88, 192
-0.977298, 177, 257, 240, 384
-0.977388, 81, 241, 112, 368
-0.977432, 241, 105, 272, 168
-0.977441, 73, 113, 104, 176
-0.977605, 129, 145, 160, 272
-0.977636, 89, 193, 120, 320
-0.977726, 9, 9, 72, 72
-0.977731, 241, 113, 272, 240
-0.977921, 225, 257, 288, 384
-0.978007, 1, 353, 333, 480
-0.978088, 177, 1, 304, 128
-0.978162, 113, 241, 240, 304
-0.978211, 25, 33, 88, 160
-0.978231, 77, 305, 108, 432
-0.978286, 169, 97, 232, 352
-0.978367, 81, 249, 112, 312
-0.978369, 129, 289, 256, 352
-0.978369, 57, 345, 120, 408
-0.978385, 217, 105, 280, 168
-0.978611, 1, 185, 64, 248
-0.978616, 129, 185, 160, 248
-0.978689, 169, 89, 232, 152
-0.978689, 25, 177, 88, 240
-0.978773, 65, 329, 192, 392
-0.978951, 129, 209, 160, 336
-0.978983, 241, 129, 272, 192
-0.979117, 93, 233, 124, 296
-0.97916, 121, 1, 184, 64
-0.979205, 93, 81, 124, 144
-0.979263, 17, 41, 80, 104
-0.97928, 133, 81, 164, 208
-0.979285, 129, 225, 192, 480
-0.979286, 141, 249, 172, 312
-0.979492, 89, 289, 120, 416
-0.979504, 113, 217, 240, 280
-0.979517, 81, 321, 112, 384
-0.979572, 17, 121, 48, 184
-0.979655, 141, 177, 172, 240
-0.979688, 69, 113, 100, 240
-0.97972, 73, 177, 104, 304
-0.979752, 1, 145, 32, 208
-0.979819, 201, 129, 264, 384
-0.979828, 97, 113, 128, 176
-0.97986, 1, 73, 128, 136
-0.979865, 241, 177, 272, 240
-0.979957, 161, 65, 224, 128
-0.979963, 233, 129, 296, 192
-0.980173, 93, 241, 124, 368
-0.98023, 233, 161, 264, 288
-0.980239, 185, 177, 248, 240
-0.980389, 17, 145, 48, 208
-0.980398, 93, 281, 124, 344
-0.980402, 265, 113, 328, 176
-0.980489, 177, 81, 304, 144
-0.980516, 77, 217, 108, 280
-0.980547, 113, 169, 176, 232
-0.980569, 101, 153, 132, 216
-0.980599, 81, 81, 112, 144
-0.980706, 89, 33, 152, 288
-0.980786, 273, 97, 333, 224
-0.980798, 193, 249, 256, 312
-0.980805, 129, 129, 160, 192
-0.98089, 193, 289, 320, 416
-0.98097, 9, 1, 72, 256
-0.980992, 161, 113, 192, 240
-0.981039, 225, 265, 288, 328
-0.981073, 153, 193, 216, 320
-0.981108, 57, 225, 120, 480
-0.981173, 57, 353, 120, 480
-0.98122, 141, 225, 172, 352
-0.981231, 149, 1, 180, 128
-0.981254, 141, 177, 172, 304
-0.9814, 201, 81, 264, 144
-0.981446, 193, 113, 320, 176
-0.981466, 97, 81, 128, 208
-0.981474, 133, 81, 164, 144
-0.981484, 37, 81, 68, 208
-0.981516, 93, 257, 124, 320
-0.98156, 49, 65, 176, 128
-0.981611, 1, 369, 256, 496
-0.98174, 213, 137, 244, 200
-0.981764, 165, 1, 196, 128
-0.981779, 201, 65, 264, 192
-0.981862, 137, 105, 168, 168
-0.982054, 17, 225, 144, 288
-0.982082, 121, 289, 184, 416
-0.98219, 81, 345, 112, 408
-0.982329, 201, 281, 264, 344
-0.982356, 205, 113, 236, 176
-0.982368, 205, 129, 236, 256
-0.98237, 129, 257, 160, 320
-0.982432, 5, 121, 36, 184
-0.982485, 165, 105, 196, 168
-0.98253, 193, 161, 320, 224
-0.982693, 161, 137, 192, 200
-0.982722, 265, 145, 328, 272
-0.98275, 81, 353, 144, 416
-0.982841, 1, 209, 64, 272
-0.982888, 201, 225, 264, 352
-0.982936, 193, 137, 224, 200
-0.982982, 25, 201, 88, 264
-0.983029, 57, 57, 120, 120
-0.983105, 129, 257, 160, 384
-0.983114, 193, 129, 224, 256
-0.983183, 93, 321, 124, 384
-0.983196, 61, 113, 92, 176
-0.983538, 193, 113, 224, 176
-0.983631, 273, 161, 333, 224
-0.983644, 193, 105, 256, 168
-0.983649, 173, 137, 204, 200
-0.983773, 169, 17, 232, 144
-0.984076, 141, 225, 172, 288
-0.984325, 205, 89, 236, 152
-0.984369, 209, 177, 272, 240
-0.984376, 37, 129, 68, 256
-0.984416, 233, 177, 296, 240
-0.984444, 97, 1, 160, 500
-0.984517, 193, 81, 224, 208
-0.984579, 17, 249, 144, 312
-0.984615, 129, 1, 192, 500
-0.984655, 57, 113, 88, 240
-0.984695, 141, 273, 172, 336
-0.984755, 161, 257, 224, 320
-0.984757, 193, 89, 224, 152
-0.984761, 101, 177, 132, 304
-0.984764, 141, 201, 172, 264
-0.984946, 125, 305, 156, 368
-0.984979, 57, 33, 120, 288
-0.985002, 117, 145, 148, 272
-0.985013, 141, 1, 172, 64
-0.985034, 17, 289, 144, 352
-0.98505, 1, 49, 128, 112
-0.985057, 129, 57, 256, 120
-0.985184, 225, 161, 288, 416
-0.985208, 253, 129, 284, 256
-0.985489, 225, 289, 288, 352
-0.985521, 161, 305, 224, 368
-0.985647, 205, 81, 236, 208
-0.985701, 1, 1, 64, 500
-0.98575, 49, 153, 80, 216
-0.985753, 121, 329, 184, 392
-0.985757, 253, 145, 284, 208
-0.985789, 37, 153, 68, 216
-0.985816, 233, 305, 296, 432
-0.985928, 73, 17, 136, 144
-0.985974, 201, 273, 264, 400
-0.985985, 101, 177, 132, 240
-0.986002, 141, 305, 172, 368
-0.986101, 13, 1, 44, 128
-0.986136, 177, 209, 240, 336
-0.986151, 221, 129, 252, 256
-0.986193, 213, 249, 244, 312
-0.986339, 225, 193, 288, 320
-0.986348, 37, 129, 68, 192
-0.986352, 265, 49, 328, 176
-0.986424, 265, 73, 328, 136
-0.986453, 49, 17, 112, 80
-0.986497, 153, 241, 216, 368
-0.986528, 145, 41, 208, 104
-0.986531, 241, 105, 304, 168
-0.986536, 89, 337, 120, 464
-0.986583, 93, 345, 124, 408
-0.986606, 169, 161, 200, 224
-0.986606, 201, 169, 232, 232
-0.986666, 229, 265, 260, 328
-0.986687, 1, 1, 128, 64
-0.986715, 113, 321, 240, 384
-0.986775, 137, 329, 168, 392
-0.986806, 177, 201, 304, 264
-0.98681, 1, 25, 128, 88
-0.986836, 141, 273, 172, 400
-0.986882, 25, 97, 88, 352
-0.986896, 17, 313, 144, 376
-0.986953, 249, 97, 312, 352
-0.986987, 17, 97, 48, 160
-0.987, 57, 1, 120, 500
-0.987234, 89, 33, 152, 96
-0.98728, 253, 105, 284, 168
-0.987299, 13, 169, 44, 232
-0.98736, 69, 257, 100, 384
-0.987389, 17, 353, 144, 416
-0.987423, 117, 257, 148, 384
-0.987432, 169, 65, 200, 192
-0.987454, 101, 209, 132, 272
-0.987488, 169, 1, 232, 64
-0.987493, 225, 121, 256, 184
-0.987556, 101, 33, 132, 160
-0.987614, 21, 81, 52, 208
-0.987624, 125, 281, 156, 344
-0.987637, 161, 161, 192, 288
-0.987659, 221, 161, 252, 224
-0.987663, 81, 1, 208, 64
-0.987697, 169, 193, 232, 448
-0.98771, 265, 1, 328, 128
-0.987714, 65, 361, 192, 424
-0.987867, 69, 153, 100, 216
-0.987874, 117, 209, 148, 272
-0.987895, 129, 1, 256, 64
-0.987908, 173, 129, 204, 256
-0.987927, 117, 233, 148, 296
-0.988001, 169, 305, 232, 432
-0.988086, 129, 305, 160, 432
-0.988116, 273, 137, 333, 200
-0.988133, 33, 289, 96, 416
-0.988189, 1, 33, 32, 160
-0.988199, 161, 289, 192, 352
-0.98822, 225, 65, 288, 320
-0.988255, 117, 209, 148, 336
-0.988257, 217, 201, 280, 264
-0.988624, 89, 9, 152, 72
-0.988638, 101, 57, 132, 120
-0.988654, 193, 177, 224, 304
-0.988701, 177, 289, 304, 352
-0.988762, 121, 97, 152, 224
-0.98879, 33, 1, 64, 128
-0.988795, 165, 1, 196, 64
-0.988901, 41, 105, 72, 168
-0.988923, 105, 129, 136, 256
-0.988941, 137, 1, 168, 128
-0.988943, 25, 1, 88, 500
-0.988945, 1, 97, 64, 352
-0.98897, 1, 169, 32, 232
-0.988981, 137, 149, 200, 180
-0.989004, 57, 121, 120, 152
-0.989102, 69, 297, 100, 360
-0.989118, 193, 257, 256, 500
-0.989236, 101, 289, 132, 416
-0.989344, 229, 193, 260, 256
-0.989403, 93, 225, 108, 288
-0.989437, 137, 161, 200, 192
-0.989548, 149, 1, 180, 32
-0.989566, 81, 237, 144, 268
-0.989569, 217, 233, 280, 296
-0.989586, 205, 177, 236, 304
-0.989589, 17, 25, 48, 88
-0.989619, 69, 321, 100, 384
-0.989628, 1, 97, 32, 160
-0.989639, 93, 249, 108, 312
-0.989682, 161, 157, 224, 188
-0.989714, 253, 169, 284, 232
-0.989737, 33, 129, 288, 192
-0.989746, 97, 161, 160, 192
-0.989749, 57, 153, 120, 184
-0.989783, 185, 273, 216, 336
-0.989795, 57, 369, 120, 432
-0.989846, 169, 1, 232, 500
-0.989867, 97, 265, 160, 296
-0.989935, 237, 209, 268, 336
-0.989981, 137, 173, 200, 204
-0.990007, 161, 145, 224, 176
-0.990042, 161, 217, 224, 280
-0.990068, 177, 241, 304, 304
-0.990078, 129, 1, 192, 32
-0.990095, 93, 273, 108, 336
-0.99012, 81, 221, 144, 252
-0.990125, 197, 273, 228, 400
-0.990148, 137, 137, 200, 168
-0.990166, 89, 157, 120, 188
-0.990169, 29, 185, 60, 248
-0.990191, 149, 101, 180, 132
-0.990238, 57, 165, 120, 196
-0.990251, 97, 85, 160, 116
-0.990271, 41, 181, 104, 212
-0.9903, 105, 233, 168, 264
-0.990312, 33, 97, 288, 160
-0.990315, 93, 169, 108, 232
-0.990361, 97, 149, 160, 180
-0.99037, 193, 57, 320, 120
-0.990384, 93, 193, 108, 256
-0.990413, 97, 293, 160, 324
-0.99042, 57, 221, 120, 252
-0.990438, 161, 289, 192, 416
-0.990449, 77, 353, 108, 480
-0.990463, 81, 201, 144, 232
-0.990465, 57, 133, 120, 164
-0.990467, 57, 105, 120, 136
-0.990484, 137, 293, 200, 324
-0.990506, 65, 161, 320, 224
-0.990511, 97, 173, 160, 204
-0.990569, 57, 201, 120, 232
-0.990579, 145, 73, 160, 136
-0.990589, 97, 109, 160, 140
-0.990599, 33, 117, 96, 148
-0.990604, 81, 121, 112, 152
-0.990629, 33, 225, 96, 352
-0.990644, 17, 105, 80, 136
-0.990671, 81, 33, 112, 160
-0.990675, 49, 161, 80, 288
-0.990677, 93, 137, 108, 200
-0.990692, 145, 113, 176, 144
-0.990693, 97, 281, 160, 312
-0.990694, 89, 189, 152, 220
-0.990704, 301, 137, 332, 200
-0.990711, 185, 241, 216, 368
-0.990747, 209, 1, 272, 500
-0.990751, 161, 133, 224, 164
-0.990755, 97, 249, 160, 280
-0.990758, 113, 25, 176, 88
-0.990768, 125, 33, 156, 160
-0.99079, 81, 121, 144, 152
-0.990796, 257, 289, 320, 416
-0.990797, 149, 157, 180, 188
-0.99082, 143, 169, 158, 232
-0.99086, 221, 177, 252, 304
-0.990866, 149, 145, 180, 176
-0.990881, 57, 309, 120, 340
-0.990894, 97, 73, 160, 104
-0.990901, 129, 257, 192, 288
-0.990907, 129, 125, 192, 156
-0.990939, 209, 225, 240, 352
-0.990957, 105, 205, 168, 236
-0.990965, 161, 169, 224, 200
-0.990987, 143, 129, 158, 192
-0.990991, 95, 81, 110, 144
-0.991017, 57, 93, 120, 124
-0.991021, 129, 305, 192, 336
-0.991034, 249, 209, 280, 336
-0.991074, 121, 81, 152, 144
-0.99108, 33, 1, 96, 256
-0.991089, 57, 233, 120, 264
-0.991097, 189, 161, 220, 224
-0.99111, 33, 193, 96, 448
-0.991113, 1, 9, 32, 72
-0.991116, 129, 113, 192, 144
-0.991117, 241, 65, 272, 192
-0.991123, 105, 221, 168, 252
-0.991128, 217, 113, 280, 144
-0.991148, 149, 129, 180, 160
-0.99115, 129, 89, 192, 120
-0.991152, 85, 105, 116, 136
-0.99116, 29, 177, 60, 304
-0.991168, 95, 105, 110, 168
-0.991183, 21, 129, 52, 256
-0.991188, 17, 153, 80, 184
-0.991198, 125, 57, 156, 120
-0.991205, 97, 97, 160, 128
-0.991212, 117, 145, 148, 208
-0.991221, 57, 249, 120, 280
-0.991261, 169, 121, 232, 152
-0.9913, 129, 269, 192, 300
-0.991318, 53, 49, 84, 176
-0.99132, 143, 105, 158, 168
-0.991326, 1, 165, 64, 196
-0.991329, 185, 289, 248, 320
-0.99133, 125, 105, 156, 168
-0.991332, 161, 1, 224, 32
-0.991334, 241, 289, 272, 352
-0.991339, 137, 245, 168, 276
-0.991362, 57, 277, 120, 308
-0.991386, 17, 193, 48, 320
-0.991412, 145, 13, 208, 44
-0.991416, 81, 353, 144, 384
-0.991419, 201, 161, 264, 192
-0.991419, 65, 305, 96, 432
-0.991419, 141, 233, 156, 296
-0.991434, 169, 73, 200, 136
-0.991443, 117, 185, 148, 248
-0.991448, 69, 121, 100, 152
-0.99147, 129, 185, 192, 216
-0.991471, 129, 205, 192, 236
-0.991473, 65, 189, 128, 220
-0.991474, 57, 297, 120, 328
-0.991477, 125, 233, 156, 264
-0.991482, 241, 153, 272, 184
-0.991486, 233, 313, 296, 376
-0.991488, 233, 177, 264, 208
-0.991489, 137, 77, 200, 108
-0.991505, 285, 161, 316, 224
-0.991509, 89, 133, 152, 164
-0.991516, 57, 321, 120, 352
-0.991516, 93, 125, 124, 156
-0.99152, 201, 173, 264, 204
-0.991538, 129, 101, 192, 132
-0.991557, 145, 89, 176, 120
-0.991578, 81, 137, 112, 168
-0.9916, 245, 273, 276, 400
-0.991606, 129, 205, 160, 236
-0.991609, 97, 325, 160, 356
-0.991621, 161, 109, 224, 140
-0.991645, 97, 305, 160, 336
-0.991659, 89, 213, 120, 244
-0.991663, 9, 21, 72, 52
-0.991702, 81, 225, 112, 256
-0.991712, 201, 57, 264, 120
-0.991726, 57, 81, 120, 112
-0.991742, 9, 121, 72, 152
-0.991745, 217, 257, 280, 500
-0.991745, 201, 145, 264, 176
-0.991748, 237, 233, 268, 296
-0.991762, 129, 221, 160, 252
-0.991767, 81, 285, 112, 316
-0.991767, 81, 193, 112, 224
-0.991779, 265, 1, 328, 256
-0.991779, 65, 177, 128, 208
-0.99179, 65, 281, 320, 344
-0.991809, 233, 165, 264, 196
-0.991818, 93, 229, 124, 260
-0.991835, 129, 281, 192, 312
-0.991835, 29, 105, 60, 168
-0.991875, 129, 229, 192, 260
-0.991883, 161, 97, 224, 128
-0.991884, 57, 117, 88, 148
-0.991889, 129, 189, 160, 220
-0.9919, 89, 169, 120, 200
-0.9919, 1, 193, 32, 320
-0.991914, 33, 165, 96, 196
-0.991947, 201, 125, 264, 156
-0.991955, 129, 157, 160, 188
-0.991961, 25, 197, 88, 228
-0.991961, 145, 217, 208, 248
-0.991965, 97, 337, 160, 368
-0.991997, 141, 257, 172, 288
-0.992006, 233, 149, 296, 180
-0.992008, 167, 105, 182, 168
-0.992016, 125, 329, 156, 392
-0.992019, 57, 265, 120, 296
-0.992059, 257, 157, 320, 188
-0.992068, 9, 209, 72, 240
-0.992075, 81, 253, 112, 284
-0.992086, 89, 181, 120, 212
-0.992092, 57, 353, 120, 384
-0.992108, 141, 181, 172, 212
-0.992123, 69, 49, 100, 176
-0.992126, 217, 273, 280, 304
-0.992149, 161, 85, 224, 116
-0.992152, 93, 321, 108, 384
-0.992154, 237, 125, 268, 156
-0.992168, 65, 165, 192, 196
-0.99217, 33, 133, 96, 164
-0.992171, 149, 169, 180, 200
-0.992172, 257, 121, 320, 152
-0.992183, 9, 33, 72, 64
-0.992185, 225, 177, 288, 208
-0.992188, 221, 81, 252, 208
-0.992198, 33, 33, 64, 96
-0.992216, 49, 41, 176, 104
-0.992222, 193, 185, 256, 216
-0.992225, 241, 141, 272, 172
-0.99224, 273, 169, 333, 200
-0.992249, 133, 141, 164, 172
-0.992252, 97, 153, 224, 184
-0.992269, 57, 333, 120, 364
-0.992271, 177, 301, 240, 332
-0.99229, 209, 273, 240, 400
-0.992296, 1, 133, 64, 164
-0.992306, 129, 337, 256, 464
-0.992325, 69, 265, 100, 328
-0.99233, 173, 305, 204, 368
-0.992341, 105, 81, 136, 144
-0.992359, 37, 81, 68, 144
-0.992369, 297, 113, 328, 240
-0.992379, 249, 105, 312, 136
-0.992389, 165, 1, 196, 32
-0.992394, 9, 5, 72, 36
-0.992419, 145, 317, 208, 348
-0.992431, 101, 157, 132, 188
-0.992435, 241, 109, 272, 140
-0.99245, 169, 209, 200, 336
-0.992457, 93, 193, 124, 224
-0.992464, 233, 161, 296, 192
-0.992465, 25, 225, 88, 288
-0.992465, 105, 121, 168, 152
-0.992469, 257, 193, 320, 320
-0.99247, 109, 81, 140, 208
-0.992475, 217, 101, 280, 132
-0.992483, 89, 269, 120, 300
-0.992491, 81, 329, 112, 360
-0.992503, 213, 153, 244, 184
-0.992515, 241, 189, 272, 220
-0.992523, 169, 277, 232, 308
-0.992535, 201, 85, 264, 116
-0.992541, 161, 73, 224, 104
-0.992543, 221, 241, 252, 368
-0.992548, 129, 245, 192, 276
-0.992551, 89, 357, 120, 388
-0.992552, 57, 69, 120, 100
-0.992554, 1, 113, 32, 240
-0.992556, 149, 57, 180, 120
-0.992572, 265, 49, 328, 112
-0.992584, 153, 193, 216, 256
-0.992589, 1, 181, 64, 212
-0.99259, 129, 265, 160, 296
-0.992593, 233, 125, 296, 156
-0.992601, 25, 45, 88, 76
-0.992607, 65, 217, 320, 280
-0.992614, 1, 185, 256, 248
-0.992623, 65, 125, 192, 156
-0.992643, 81, 313, 112, 344
-0.992648, 133, 81, 164, 112
-0.992665, 73, 181, 104, 212
-0.992674, 141, 297, 156, 360
-0.992677, 65, 105, 192, 136
-0.992677, 1, 93, 64, 124
-0.992682, 25, 57, 88, 88
-0.992686, 81, 237, 112, 268
-0.992688, 141, 265, 156, 328
-0.992698, 93, 85, 124, 116
-0.992701, 165, 149, 196, 180
-0.992711, 273, 161, 333, 416
-0.992716, 141, 209, 156, 272
-0.992718, 97, 61, 160, 92
-0.992727, 249, 241, 312, 368
-0.992738, 33, 73, 288, 136
-0.992739, 225, 137, 288, 168
-0.992759, 49, 177, 80, 240
-0.992759, 193, 265, 256, 296
-0.992762, 129, 329, 192, 360
-0.992775, 81, 365, 144, 396
-0.992795, 233, 297, 296, 328
-0.992808, 173, 289, 204, 416
-0.992827, 77, 165, 108, 196
-0.992828, 225, 189, 288, 220
-0.992829, 209, 289, 272, 320
-0.992835, 153, 305, 216, 336
-0.992836, 65, 237, 192, 268
-0.992841, 193, 113, 256, 144
-0.992842, 69, 241, 100, 304
-0.992852, 1, 45, 64, 76
-0.992858, 129, 169, 160, 200
-0.992859, 97, 109, 128, 140
-0.992875, 17, 69, 80, 100
-0.99288, 93, 289, 124, 320
-0.992883, 265, 93, 328, 124
-0.99289, 1, 197, 64, 228
-0.992911, 201, 281, 232, 344
-0.992917, 1, 137, 333, 200
-0.992931, 137, 233, 168, 264
-0.992937, 65, 249, 320, 312
-0.992952, 169, 145, 184, 208
-0.99296, 253, 81, 284, 208
-0.993001, 97, 89, 224, 120
-0.993002, 65, 177, 192, 208
-0.99301, 141, 277, 172, 308
-0.993023, 9, 193, 72, 448
-0.993025, 1, 161, 333, 224
-0.993033, 165, 101, 196, 132
-0.99304, 101, 153, 116, 216
-0.993048, 65, 137, 192, 168
-0.993048, 181, 81, 212, 208
-0.99306, 113, 165, 240, 196
-0.993074, 177, 337, 304, 464
-0.993075, 1, 105, 333, 168
-0.993151, 77, 353, 108, 384
-0.993178, 97, 33, 224, 96
-0.993212, 81, 297, 112, 328
-0.993239, 97, 241, 128, 272
-0.993248, 193, 141, 224, 172
-0.993253, 193, 201, 256, 264
-0.993256, 157, 113, 188, 144
-0.993257, 77, 153, 108, 184
-0.993261, 65, 249, 192, 280
-0.993267, 77, 273, 108, 304
-0.993279, 207, 113, 222, 176
-0.99328, 205, 121, 236, 152
-0.993294, 65, 189, 192, 220
-0.993299, 205, 141, 236, 172
-0.993303, 225, 81, 288, 144
-0.993316, 69, 133, 100, 164
-0.993316, 141, 213, 172, 244
-0.993318, 73, 213, 104, 244
-0.99333, 37, 109, 68, 140
-0.993339, 169, 161, 200, 192
-0.993344, 193, 153, 224, 184
-0.993349, 65, 213, 192, 244
-0.993349, 93, 257, 124, 288
-0.993358, 133, 101, 164, 132
-0.993363, 61, 193, 92, 320
-0.993366, 93, 297, 108, 360
-0.993371, 65, 281, 192, 312
-0.993376, 113, 105, 240, 136
-0.993397, 33, 321, 96, 384
-0.993445, 285, 97, 316, 224
-0.993447, 65, 261, 192, 292
-0.993466, 17, 149, 48, 180
-0.99347, 161, 161, 288, 192
-0.993481, 193, 121, 224, 152
-0.993493, 65, 225, 192, 256
-0.99351, 93, 137, 124, 168
-0.993516, 69, 345, 100, 408
-0.993537, 205, 165, 236, 196
-0.993539, 137, 129, 168, 160
-0.993539, 141, 193, 172, 224
-0.99354, 289, 161, 320, 288
-0.993544, 93, 345, 124, 376
-0.993576, 49, 129, 80, 192
-0.993615, 205, 85, 236, 116
-0.993617, 193, 165, 224, 196
-0.99362, 165, 125, 196, 156
-0.993623, 207, 89, 222, 152
-0.993634, 85, 369, 116, 400
-0.99364, 193, 85, 224, 116
-0.993653, 129, 113, 160, 144
-0.993666, 125, 245, 156, 276
-0.993667, 145, 145, 272, 176
-0.993724, 141, 329, 172, 360
-0.993729, 153, 13, 184, 44
-0.993738, 65, 201, 192, 232
-0.993743, 129, 277, 160, 308
-0.993746, 145, 121, 272, 152
-0.993758, 233, 257, 264, 384
-0.993761, 165, 137, 196, 168
-0.993765, 233, 201, 264, 232
-0.993772, 65, 293, 192, 324
-0.993774, 101, 177, 116, 240
-0.993775, 65, 177, 96, 240
-0.99378, 145, 77, 176, 108
-0.993791, 165, 173, 196, 204
-0.993811, 97, 97, 128, 128
-0.993824, 261, 177, 292, 304
-0.993825, 193, 97, 224, 128
-0.993838, 129, 329, 160, 360
-0.993848, 221, 165, 252, 196
-0.993854, 101, 213, 132, 244
-0.993869, 25, 337, 88, 464
-0.993884, 81, 341, 112, 372
-0.993906, 87, 129, 102, 192
-0.993918, 241, 81, 272, 144
-0.993919, 185, 33, 216, 160
-0.993925, 265, 1, 328, 500
-0.993934, 93, 345, 108, 408
-0.993949, 73, 109, 104, 140
-0.993952, 253, 153, 284, 184
-0.993965, 265, 25, 328, 88
-0.993968, 257, 273, 320, 336
-0.993971, 101, 169, 132, 200
-0.993976, 81, 369, 112, 432
-0.99398, 141, 293, 172, 324
-0.993987, 205, 109, 236, 140
-0.993999, 121, 145, 152, 176
-0.99402, 137, 305, 168, 336
-0.99404, 225, 305, 256, 432
-0.994067, 177, 145, 208, 176
-0.99407, 217, 269, 248, 300
-0.994096, 93, 309, 124, 340
-0.994109, 117, 257, 148, 320
-0.994128, 125, 297, 156, 328
-0.99413, 33, 1, 64, 64
-0.994133, 245, 177, 276, 208
-0.994138, 121, 57, 184, 120
-0.994144, 177, 265, 304, 328
-0.99416, 1, 265, 333, 328
-0.994162, 85, 177, 100, 240
-0.994167, 81, 85, 112, 116
-0.994176, 1, 209, 32, 272
-0.994182, 113, 181, 240, 212
-0.994189, 241, 1, 304, 128
-0.994201, 165, 13, 196, 44
-0.994201, 209, 285, 240, 316
-0.994204, 205, 97, 236, 128
-0.994211, 141, 317, 172, 348
-0.994212, 1, 145, 16, 208
-0.994222, 93, 333, 124, 364
-0.994225, 37, 153, 68, 184
-0.99423, 221, 181, 252, 212
-0.994234, 101, 181, 132, 212
-0.994271, 53, 89, 84, 152
-0.994274, 137, 1, 168, 32
-0.994287, 165, 305, 196, 336
-0.994301, 225, 149, 256, 180
-0.994312, 97, 77, 224, 108
-0.994315, 65, 305, 320, 368
-0.994323, 117, 221, 148, 252
-0.994337, 1, 305, 333, 368
-0.994346, 65, 329, 192, 360
-0.994355, 25, 109, 56, 140
-0.99437, 65, 305, 192, 336
-0.994377, 1, 81, 333, 144
-0.994409, 233, 1, 296, 500
-0.994417, 241, 241, 304, 304
-0.99443, 185, 25, 248, 88
-0.994431, 17, 165, 144, 196
-0.994436, 237, 153, 252, 216
-0.994446, 217, 17, 280, 144
-0.99447, 17, 361, 80, 424
-0.994484, 101, 113, 116, 176
-0.994507, 1, 225, 333, 288
-0.994508, 149, 105, 164, 168
-0.994569, 239, 121, 254, 184
-0.994569, 1, 121, 128, 152
-0.994618, 105, 225, 136, 352
-0.994633, 17, 193, 144, 224
-0.994638, 113, 33, 144, 160
-0.994677, 205, 65, 236, 128
-0.994684, 217, 97, 248, 160
-0.994688, 157, 241, 188, 368
-0.99471, 139, 321, 154, 384
-0.994722, 161, 173, 288, 204
-0.994726, 201, 33, 264, 288
-0.994756, 17, 181, 144, 212
-0.994777, 153, 177, 184, 240
-0.994784, 17, 201, 48, 264
-0.994822, 113, 281, 240, 312
-0.994828, 17, 153, 144, 184
-0.994897, 97, 33, 128, 96
-0.994898, 145, 193, 272, 224
-0.994899, 241, 49, 304, 176
-0.994931, 145, 93, 272, 124
-0.994943, 149, 129, 164, 192
-0.99497, 17, 137, 144, 168
-0.994971, 7, 145, 22, 208
-0.994976, 257, 297, 320, 360
-0.995001, 145, 133, 272, 164
-0.995062, 257, 305, 288, 432
-0.995177, 17, 109, 144, 140
-0.995247, 141, 65, 172, 320
-0.995277, 113, 241, 240, 272
-0.995277, 87, 105, 102, 168
-0.99529, 207, 153, 222, 216
-0.995303, 177, 9, 304, 72
-0.995307, 33, 93, 160, 124
-0.995309, 155, 1, 170, 64
-0.99532, 85, 209, 100, 272
-0.995341, 163, 137, 178, 200
-0.995359, 13, 137, 28, 200
-0.99539, 151, 153, 166, 216
-0.995429, 141, 321, 172, 448
-0.995458, 193, 149, 320, 180
-0.995471, 145, 293, 272, 324
-0.995481, 225, 57, 288, 120
-0.995509, 89, 97, 120, 352
-0.995516, 135, 169, 150, 232
-0.995522, 253, 137, 268, 200
-0.99553, 99, 265, 114, 328
-0.995531, 213, 33, 244, 160
-0.995556, 273, 161, 304, 288
-0.995631, 65, 317, 192, 348
-0.995636, 113, 205, 240, 236
-0.995689, 145, 81, 272, 112
-0.995692, 147, 233, 162, 296
-0.995711, 19, 129, 34, 192
-0.995713, 113, 269, 240, 300
-0.99573, 113, 337, 176, 464
-0.995742, 145, 225, 272, 256
-0.995829, 177, 109, 304, 140
-0.995835, 1, 41, 256, 104
-0.995841, 1, 193, 333, 256
-0.995891, 243, 169, 258, 232
-0.995892, 31, 145, 46, 208
-0.995892, 209, 169, 333, 200
-0.995899, 101, 209, 116, 272
-0.995902, 87, 345, 102, 408
-0.995903, 129, 129, 160, 384
-0.995914, 25, 129, 40, 192
-0.995914, 89, 193, 120, 448
-0.995923, 151, 81, 166, 144
-0.995942, 181, 193, 212, 320
-0.995964, 77, 161, 108, 416
-0.995965, 1, 205, 128, 236
-0.995971, 185, 289, 216, 416
-0.995997, 49, 73, 176, 104
-0.996004, 147, 265, 162, 328
-0.996005, 161, 1, 176, 64
-0.996006, 233, 265, 248, 328
-0.996023, 113, 253, 240, 284
-0.996024, 273, 241, 333, 368
-0.996049, 273, 1, 333, 64
-0.996057, 153, 65, 184, 320
-0.996058, 139, 81, 154, 144
-0.996174, 65, 329, 320, 392
-0.996202, 193, 225, 256, 288
-0.996202, 33, 297, 96, 360
-0.99621, 17, 229, 144, 260
-0.996212, 171, 169, 186, 232
-0.996227, 167, 1, 182, 64
-0.996247, 101, 241, 116, 304
-0.996253, 177, 297, 192, 360
-0.996253, 101, 337, 132, 464
-0.996259, 241, 257, 304, 500
-0.996269, 197, 225, 228, 352
-0.996309, 31, 121, 46, 184
-0.996319, 237, 97, 268, 352
-0.996331, 245, 145, 260, 208
-0.996344, 1, 329, 333, 392
-0.996357, 201, 321, 264, 448
-0.996357, 1, 1, 256, 64
-0.996368, 175, 137, 190, 200
-0.996411, 135, 257, 150, 320
-0.996443, 147, 297, 162, 360
-0.996446, 87, 153, 102, 216
-0.996466, 247, 113, 262, 176
-0.996479, 69, 105, 84, 168
-0.996498, 185, 305, 248, 368
-0.996507, 141, 161, 172, 416
-0.996529, 7, 121, 22, 184
-0.996536, 137, 129, 152, 192
-0.996548, 133, 209, 148, 272
-0.996578, 13, 105, 28, 168
-0.996599, 201, 145, 216, 208
-0.996621, 273, 97, 304, 224
-0.996654, 53, 1, 84, 128
-0.996675, 145, 33, 272, 96
-0.99668, 259, 105, 274, 168
-0.99668, 99, 329, 114, 392
-0.996689, 159, 113, 174, 176
-0.996691, 165, 1, 196, 256
-0.996704, 261, 257, 292, 384
-0.996713, 1, 121, 16, 184
-0.996714, 113, 305, 240, 336
-0.996739, 85, 265, 100, 328
-0.996753, 57, 257, 88, 384
-0.996757, 177, 205, 304, 236
-0.99676, 101, 97, 132, 352
-0.996774, 249, 1, 312, 64
-0.996799, 215, 137, 230, 200
-0.9968, 1, 1, 333, 64
-0.996819, 289, 1, 320, 128
-0.996825, 149, 209, 164, 272
-0.99683, 193, 189, 320, 220
-0.996839, 1, 81, 128, 112
-0.996855, 273, 1, 304, 128
-0.99686, 135, 297, 150, 360
-0.996863, 129, 225, 160, 480
-0.996868, 301, 1, 332, 128
-0.996887, 257, 185, 320, 248
-0.996909, 193, 85, 320, 116
-0.996919, 101, 81, 116, 144
-0.996923, 63, 113, 78, 176
-0.996931, 145, 321, 160, 384
-0.996962, 61, 137, 76, 200
-0.996983, 193, 97, 224, 352
-0.996995, 193, 121, 320, 152
-0.997013, 17, 285, 144, 316
-0.997057, 117, 129, 148, 384
-0.997059, 25, 153, 40, 216
-0.997074, 65, 341, 192, 372
-0.997091, 149, 177, 164, 240
-0.997107, 17, 253, 144, 284
-0.997147, 201, 89, 216, 152
-0.997148, 87, 241, 102, 304
-0.997149, 129, 33, 160, 288
-0.997175, 209, 33, 272, 96
-0.997184, 149, 1, 164, 64
-0.997197, 173, 113, 188, 176
-0.997215, 165, 129, 196, 384
-0.997256, 99, 289, 114, 352
-0.997263, 77, 257, 108, 500
-0.997274, 1, 69, 128, 100
-0.997288, 53, 305, 84, 432
-0.997301, 77, 65, 108, 320
-0.997321, 193, 33, 320, 96
-0.997323, 253, 97, 284, 352
-0.99733, 205, 129, 236, 384
-0.9974, 193, 97, 320, 128
-0.997413, 235, 193, 250, 256
-0.997425, 93, 257, 108, 288
-0.997428, 107, 121, 122, 184
-0.997444, 209, 133, 333, 164
-0.997445, 93, 229, 108, 260
-0.997452, 85, 321, 100, 384
-0.997457, 117, 305, 148, 432
-0.997459, 1, 53, 128, 84
-0.997462, 93, 285, 108, 316
-0.997464, 55, 105, 70, 168
-0.99748, 57, 353, 88, 480
-0.997488, 259, 137, 274, 200
-0.997495, 19, 153, 34, 216
-0.997498, 1, 5, 128, 36
-0.997505, 213, 113, 228, 176
-0.997506, 93, 165, 108, 196
-0.997506, 93, 201, 108, 232
-0.99751, 143, 161, 158, 192
-0.997517, 143, 137, 158, 168
-0.99752, 215, 89, 230, 152
-0.997527, 113, 329, 240, 360
-0.997542, 95, 105, 110, 136
-0.997543, 167, 1, 182, 32
-0.997551, 1, 33, 333, 96
-0.997557, 225, 161, 256, 416
-0.997559, 93, 329, 108, 360
-0.997562, 143, 109, 158, 140
-0.997565, 143, 181, 158, 212
-0.997576, 79, 113, 94, 176
-0.997577, 93, 217, 108, 248
-0.997578, 141, 209, 156, 240
-0.997579, 141, 245, 156, 276
-0.997589, 93, 189, 108, 220
-0.997593, 145, 85, 160, 116
-0.997593, 93, 125, 108, 156
-0.997598, 93, 353, 108, 384
-0.997602, 93, 245, 108, 276
-0.997607, 93, 273, 108, 304
-0.997615, 145, 73, 160, 104
-0.997616, 167, 101, 182, 132
-0.997616, 141, 233, 156, 264
-0.997618, 101, 193, 132, 448
-0.99762, 17, 265, 144, 296
-0.99762, 49, 209, 80, 336
-0.997632, 167, 117, 182, 148
-0.997633, 257, 33, 288, 160
-0.997638, 143, 193, 158, 224
-0.997639, 141, 265, 156, 296
-0.997639, 95, 137, 110, 168
-0.997643, 25, 385, 88, 448
-0.997649, 17, 241, 144, 272
-0.997652, 93, 153, 108, 184
-0.997654, 169, 157, 184, 188
-0.997667, 93, 313, 108, 344
-0.997667, 97, 1, 224, 32
-0.997669, 17, 325, 144, 356
-0.997676, 87, 121, 102, 152
-0.997679, 141, 305, 156, 336
-0.997685, 141, 277, 156, 308
-0.997686, 169, 137, 184, 168
-0.997688, 95, 85, 110, 116
-0.99769, 161, 1, 176, 32
-0.997694, 143, 149, 158, 180
-0.997698, 143, 125, 158, 156
-0.997701, 253, 105, 268, 168
-0.997705, 137, 105, 152, 168
-0.997707, 93, 177, 108, 208
-0.997712, 93, 297, 108, 328
-0.997714, 101, 157, 116, 188
-0.997718, 155, 1, 170, 32
-0.997726, 97, 1, 128, 256
-0.997728, 217, 9, 280, 72
-0.997728, 141, 325, 156, 356
-0.997732, 207, 117, 222, 148
-0.997734, 289, 49, 320, 176
-0.997736, 69, 117, 84, 148
-0.997745, 1, 169, 16, 232
-0.997752, 17, 361, 144, 392
-0.997756, 65, 361, 192, 392
-0.997761, 1, 225, 64, 352
-0.997765, 101, 213, 116, 244
-0.997767, 143, 221, 158, 252
-0.997772, 87, 221, 102, 252
-0.997782, 205, 165, 220, 196
-0.997788, 1, 57, 333, 120
-0.997789, 207, 85, 222, 116
-0.997792, 149, 253, 164, 284
-0.997792, 103, 121, 118, 152
-0.9978, 139, 293, 154, 324
-0.9978, 207, 145, 222, 176
-0.997801, 93, 341, 108, 372
-0.997804, 145, 97, 160, 128
-0.997807, 87, 153, 102, 184
-0.997808, 241, 125, 256, 156
-0.99781, 175, 149, 190, 180
-0.997814, 207, 97, 222, 128
-0.997815, 151, 173, 166, 204
-0.997818, 241, 149, 256, 180
-0.99782, 237, 165, 252, 196
-0.997823, 101, 201, 116, 232
-0.997824, 171, 169, 186, 200
-0.997826, 135, 229, 150, 260
-0.997827, 81, 121, 96, 152
-0.997831, 181, 301, 196, 332
-0.997841, 85, 181, 100, 212
-0.997843, 175, 301, 190, 332
-0.997845, 205, 281, 220, 344
-0.997846, 135, 261, 150, 292
-0.99785, 237, 177, 252, 208
-0.997854, 101, 173, 116, 204
-0.997856, 85, 169, 100, 200
-0.997859, 149, 117, 164, 148
-0.997862, 137, 157, 152, 188
-0.997864, 151, 101, 166, 132
-0.997865, 257, 173, 272, 204
-0.997867, 63, 117, 78, 148
-0.99787, 233, 273, 248, 304
-0.99787, 257, 141, 272, 172
-0.997871, 211, 285, 226, 316
-0.997872, 151, 129, 166, 160
-0.997872, 31, 97, 46, 160
-0.997873, 85, 289, 100, 352
-0.997874, 163, 145, 178, 176
-0.997878, 253, 117, 268, 148
-0.997878, 135, 177, 150, 208
-0.997879, 167, 13, 182, 44
-0.997881, 201, 153, 216, 184
-0.997881, 205, 285, 220, 316
-0.997883, 257, 189, 272, 220
-0.997884, 75, 121, 90, 152
-0.997884, 259, 105, 274, 136
-0.997886, 135, 197, 150, 228
-0.997886, 85, 137, 100, 168
-0.997886, 235, 149, 250, 180
-0.997887, 193, 285, 320, 316
-0.997887, 211, 165, 226, 196
-0.997893, 259, 117, 274, 148
-0.997893, 99, 265, 114, 296
-0.997894, 85, 341, 100, 372
-0.997896, 13, 161, 28, 224
-0.997898, 159, 113, 174, 144
-0.9979, 163, 157, 178, 188
-0.997901, 255, 205, 270, 236
-0.997901, 151, 149, 166, 180
-0.997901, 87, 313, 102, 344
-0.997903, 137, 129, 152, 160
-0.997904, 87, 249, 102, 280
-0.997906, 173, 1, 188, 32
-0.997906, 99, 277, 114, 308
-0.997906, 207, 129, 222, 160
-0.997907, 253, 161, 268, 224
-0.997907, 17, 297, 144, 328
-0.99791, 257, 153, 272, 184
-0.997913, 85, 277, 100, 308
-0.997913, 251, 173, 266, 204
-0.997915, 103, 89, 118, 120
-0.997915, 243, 181, 258, 212
-0.997917, 49, 61, 176, 92
-0.997917, 53, 153, 68, 216
-0.997919, 135, 145, 150, 176
-0.997919, 59, 161, 74, 224
-0.99792, 241, 193, 272, 448
-0.997925, 99, 189, 114, 220
-0.997928, 137, 101, 152, 132
-0.997928, 233, 193, 248, 224
-0.997928, 149, 197, 164, 228
-0.997933, 151, 161, 166, 192
-0.997934, 241, 137, 256, 168
-0.997934, 201, 93, 216, 124
-0.997935, 85, 193, 100, 224
-0.997935, 101, 109, 116, 140
-0.997935, 149, 241, 164, 272
-0.997935, 149, 1, 164, 32
-0.997936, 215, 145, 230, 176
-0.997937, 301, 161, 332, 288
-0.997939, 253, 105, 268, 136
-0.997941, 251, 189, 266, 220
-0.997943, 145, 317, 272, 348
-0.997996, 17, 313, 144, 344
-0.998, 209, 177, 224, 240
-0.998012, 153, 161, 184, 416
-0.998027, 177, 1, 208, 256
-0.998034, 1, 25, 128, 56
-0.998039, 1, 65, 32, 320
-0.998049, 145, 65, 272, 96
-0.998051, 37, 153, 52, 216
-0.998082, 49, 393, 112, 456
-0.998101, 1, 37, 128, 68
-0.998103, 93, 209, 108, 336
-0.998111, 229, 177, 244, 240
-0.998124, 53, 97, 84, 352
-0.998142, 7, 169, 22, 232
-0.998165, 113, 353, 144, 480
-0.998168, 19, 97, 34, 160
-0.99819, 233, 113, 248, 176
-0.99821, 77, 161, 92, 224
-0.998239, 95, 65, 110, 192
-0.998254, 227, 257, 242, 320
-0.998254, 171, 281, 186, 344
-0.998265, 1, 217, 128, 248
-0.998277, 255, 185, 270, 248
-0.998282, 161, 249, 288, 280
-0.998282, 99, 353, 114, 416
-0.998295, 93, 129, 108, 256
-0.998295, 33, 249, 96, 312
-0.998304, 143, 129, 158, 256
-0.998309, 143, 81, 158, 208
-0.998316, 167, 97, 182, 224
-0.99832, 93, 257, 108, 384
-0.998321, 127, 145, 142, 208
-0.99833, 141, 229, 172, 244
-0.998335, 205, 165, 236, 180
-0.998335, 205, 123, 236, 138
-0.998338, 205, 171, 236, 186
-0.998345, 205, 289, 236, 304
-0.998349, 145, 1, 272, 32
-0.998361, 97, 107, 128, 122
-0.998371, 117, 235, 148, 250
-0.998376, 141, 257, 172, 500
-0.998376, 77, 169, 108, 184
-0.998376, 93, 183, 124, 198
-0.998377, 157, 13, 188, 28
-0.998387, 77, 211, 108, 226
-0.998391, 93, 243, 124, 258
-0.998399, 165, 105, 196, 120
-0.998399, 205, 149, 236, 164
-0.998399, 135, 233, 150, 296
-0.998405, 77, 223, 108, 238
-0.998406, 129, 173, 160, 188
-0.998407, 185, 155, 216, 170
-0.998413, 137, 337, 200, 464
-0.998414, 141, 193, 156, 320
-0.998414, 201, 113, 216, 176
-0.998418, 125, 265, 156, 280
-0.998418, 233, 201, 264, 216
-0.998429, 233, 151, 264, 166
-0.998431, 117, 225, 148, 480
-0.998433, 97, 49, 224, 80
-0.998434, 25, 97, 40, 160
-0.998434, 97, 121, 128, 136
-0.998434, 53, 123, 84, 138
-0.998448, 17, 65, 48, 320
-0.99845, 209, 33, 240, 288
-0.998453, 145, 79, 176, 94
-0.998461, 93, 291, 124, 306
-0.998462, 165, 149, 196, 164
-0.998467, 53, 129, 68, 192
-0.998472, 77, 281, 108, 296
-0.998473, 157, 127, 188, 142
-0.998483, 81, 239, 144, 254
-0.998485, 57, 123, 120, 138
-0.998487, 213, 159, 244, 174
-0.998488, 137, 173, 200, 188
-0.99849, 157, 133, 188, 148
-0.998497, 161, 165, 224, 180
-0.9985, 97, 101, 128, 116
-0.998502, 41, 117, 104, 132
-0.998505, 189, 1, 220, 256
-0.998506, 137, 149, 200, 164
-0.998509, 137, 159, 200, 174
-0.998518, 137, 165, 200, 180
-0.998519, 241, 143, 272, 158
-0.998519, 77, 201, 108, 216
-0.99852, 93, 305, 108, 432
-0.998523, 105, 233, 168, 248
-0.998529, 93, 251, 124, 266
-0.998531, 97, 163, 160, 178
-0.998531, 81, 315, 112, 330
-0.998531, 161, 171, 224, 186
-0.998533, 161, 147, 224, 162
-0.998534, 231, 153, 246, 216
-0.998534, 81, 323, 112, 338
-0.998535, 177, 237, 304, 268
-0.998536, 33, 123, 96, 138
-0.998537, 73, 117, 104, 132
-0.998537, 57, 177, 120, 192
-0.998537, 73, 137, 104, 152
-0.998537, 161, 159, 224, 174
-0.998538, 81, 231, 144, 246
-0.998538, 89, 223, 152, 238
-0.998538, 129, 5, 192, 20
-0.99854, 137, 179, 200, 194
-0.99854, 81, 245, 112, 260
-0.998541, 73, 131, 136, 146
-0.998542, 129, 151, 160, 166
-0.998546, 97, 81, 160, 96
-0.998547, 93, 369, 108, 432
-0.998547, 41, 183, 104, 198
-0.998547, 81, 335, 112, 350
-0.998548, 57, 167, 120, 182
-0.998549, 93, 189, 124, 204
-0.998549, 81, 245, 144, 260
-0.99855, 97, 153, 160, 168
-0.99855, 17, 117, 80, 132
-0.99855, 57, 155, 120, 170
-0.998552, 81, 201, 144, 216
-0.998553, 97, 87, 160, 102
-0.998554, 161, 141, 224, 156
-0.998556, 97, 173, 160, 188
-0.998556, 93, 95, 124, 110
-0.998556, 97, 275, 160, 290
-0.998558, 97, 263, 160, 278
-0.998558, 97, 179, 160, 194
-0.998559, 129, 143, 192, 158
-0.998562, 105, 239, 168, 254
-0.998562, 97, 119, 160, 134
-0.998562, 209, 225, 333, 256
-0.998563, 129, 299, 192, 314
-0.998568, 129, 225, 160, 240
-0.998569, 57, 223, 120, 238
-0.99857, 97, 95, 160, 110
-0.99857, 97, 295, 160, 310
-0.99857, 57, 161, 120, 176
-0.998573, 1, 111, 64, 126
-0.998573, 97, 269, 160, 284
-0.998574, 137, 137, 200, 152
-0.998575, 57, 111, 120, 126
-0.998576, 129, 305, 192, 320
-0.998576, 81, 125, 144, 140
-0.998577, 57, 233, 120, 248
-0.998577, 161, 153, 224, 168
-0.998579, 137, 79, 200, 94
-0.998579, 57, 311, 120, 326
-0.99858, 129, 257, 192, 272
-0.99858, 57, 217, 120, 232
-0.998582, 49, 131, 112, 146
-0.998582, 97, 113, 160, 128
-0.998582, 97, 287, 160, 302
-0.998583, 161, 5, 224, 20
-0.998583, 57, 191, 120, 206
-0.998583, 145, 11, 208, 26
-0.998584, 105, 205, 168, 220
-0.998584, 89, 251, 152, 266
-0.998585, 97, 257, 160, 272
-0.998586, 237, 117, 268, 132
-0.998586, 81, 143, 144, 158
-0.998587, 57, 99, 120, 114
-0.998588, 81, 187, 144, 202
-0.998589, 141, 333, 172, 348
-0.998589, 81, 195, 144, 210
-0.998592, 57, 317, 120, 332
-0.998593, 57, 201, 120, 216
-0.998594, 145, 311, 208, 326
-0.998594, 129, 265, 192, 280
-0.998594, 57, 105, 120, 120
-0.998594, 81, 275, 112, 290
-0.998595, 129, 181, 160, 196
-0.998595, 129, 117, 192, 132
-0.998595, 89, 281, 152, 296
-0.998596, 141, 3, 172, 18
-0.998596, 33, 117, 64, 132
-0.998596, 161, 133, 224, 148
-0.998597, 97, 101, 160, 116
-0.998597, 201, 175, 264, 190
-0.998598, 137, 131, 200, 146
-0.998598, 137, 261, 168, 276
-0.998599, 57, 89, 120, 104
-0.998599, 89, 213, 120, 228
-0.9986, 161, 127, 224, 142
-0.9986, 249, 209, 312, 272
-0.998601, 105, 245, 168, 260
-0.998602, 201, 163, 264, 178
-0.998603, 89, 301, 152, 316
-0.998604, 89, 217, 152, 232
-0.998604, 57, 251, 120, 266
-0.998604, 129, 205, 192, 220
-0.998605, 57, 241, 120, 256
-0.998606, 57, 149, 120, 164
-0.998606, 145, 95, 176, 110
-0.998607, 97, 337, 160, 352
-0.998607, 57, 137, 120, 152
-0.998608, 161, 179, 224, 194
-0.998609, 57, 257, 120, 272
-0.99861, 97, 107, 160, 122
-0.99861, 81, 137, 144, 152
-0.99861, 17, 161, 80, 176
-0.998611, 81, 355, 144, 370
-0.998612, 129, 101, 192, 116
-0.998612, 129, 275, 192, 290
-0.998613, 217, 121, 280, 136
-0.998613, 105, 211, 168, 226
-0.998614, 57, 303, 120, 318
-0.998614, 153, 85, 216, 100
-0.998614, 137, 91, 200, 106
-0.998615, 105, 147, 168, 162
-0.998615, 57, 279, 120, 294
-0.998616, 57, 211, 120, 226
-0.998616, 73, 117, 136, 132
-0.998616, 57, 117, 88, 132
-0.998617, 25, 111, 88, 126
-0.998617, 81, 207, 144, 222
-0.998618, 97, 75, 160, 90
-0.998619, 185, 297, 248, 312
-0.998619, 57, 323, 120, 338
-0.998619, 129, 111, 192, 126
-0.99862, 89, 321, 152, 336
-0.998621, 57, 287, 120, 302
-0.998622, 97, 327, 160, 342
-0.998622, 97, 21, 224, 52
-0.998623, 161, 109, 224, 124
-0.998623, 81, 311, 144, 326
-0.998624, 209, 169, 272, 184
-0.998624, 129, 211, 192, 226
-0.998625, 241, 163, 272, 178
-0.998625, 169, 303, 232, 318
-0.998625, 81, 361, 144, 376
-0.998625, 129, 123, 192, 138
-0.998627, 201, 151, 264, 166
-0.998628, 9, 39, 72, 54
-0.998629, 57, 297, 120, 312
-0.998629, 105, 199, 168, 214
-0.998629, 57, 269, 120, 284
-0.998629, 89, 269, 120, 284
-0.99863, 177, 291, 240, 306
-0.99863, 129, 285, 192, 300
-0.998636, 33, 1, 64, 256
-0.99864, 209, 257, 240, 500
-0.998642, 149, 169, 180, 184
-0.998652, 89, 359, 120, 374
-0.998653, 129, 141, 160, 156
-0.998656, 89, 207, 120, 222
-0.998663, 145, 329, 208, 392
-0.998668, 93, 225, 124, 240
-0.99867, 77, 195, 108, 210
-0.998673, 89, 153, 120, 168
-0.998675, 129, 167, 160, 182
-0.998686, 89, 263, 120, 278
-0.998688, 49, 1, 176, 32
-0.998693, 81, 251, 112, 266
-0.998695, 241, 17, 272, 144
-0.998696, 65, 373, 192, 404
-0.9987, 93, 89, 124, 104
-0.998702, 21, 113, 52, 128
-0.998702, 85, 113, 100, 240
-0.998704, 301, 65, 332, 192
-0.998722, 93, 231, 124, 246
-0.998731, 141, 241, 156, 368
-0.99874, 81, 235, 112, 250
-0.998749, 33, 225, 64, 352
-0.998753, 241, 193, 272, 208
-0.998755, 129, 201, 160, 216
-0.998756, 265, 257, 328, 500
-0.998759, 133, 85, 164, 100
-0.998769, 45, 117, 76, 132
-0.998772, 101, 167, 132, 182
-0.998772, 207, 81, 222, 208
-0.998774, 65, 129, 96, 384
-0.998777, 121, 243, 152, 258
-0.998779, 81, 257, 112, 272
-0.998784, 205, 129, 220, 256
-0.99879, 245, 123, 276, 138
-0.998799, 129, 191, 160, 206
-0.998805, 137, 249, 168, 264
-0.998814, 129, 271, 160, 286
-0.998816, 85, 109, 116, 124
-0.998829, 161, 97, 176, 224
-0.998835, 81, 181, 112, 196
-0.998835, 141, 183, 172, 198
-0.998842, 129, 161, 160, 176
-0.998855, 81, 293, 112, 308
-0.998858, 89, 201, 120, 216
-0.998867, 169, 161, 200, 176
-0.998871, 277, 49, 308, 176
-0.998872, 169, 145, 184, 272
-0.998873, 149, 97, 164, 224
-0.998875, 81, 159, 112, 174
-0.998876, 81, 329, 112, 344
-0.998883, 89, 281, 120, 296
-0.998884, 239, 129, 254, 256
-0.998885, 103, 161, 118, 288
-0.998889, 89, 365, 120, 380
-0.998892, 49, 13, 176, 44
-0.998905, 149, 151, 180, 166
-0.998906, 165, 7, 196, 22
-0.998906, 87, 321, 102, 448
-0.99891, 81, 187, 112, 202
-0.998914, 89, 219, 120, 234
-0.998919, 103, 113, 118, 240
-0.998926, 193, 257, 224, 500
-0.99893, 97, 65, 224, 96
-0.998931, 97, 237, 128, 252
-0.99894, 241, 157, 272, 172
-0.998944, 49, 41, 176, 72
-0.998952, 89, 135, 120, 150
-0.998958, 87, 257, 102, 384
-0.998975, 129, 217, 160, 232
-0.99898, 49, 81, 64, 208
-0.99898, 177, 261, 304, 292
-0.998981, 149, 145, 180, 160
-0.998982, 85, 115, 116, 130
-0.998985, 177, 21, 304, 52
-0.998991, 241, 179, 272, 194
-0.998993, 211, 129, 226, 256
-0.999008, 17, 337, 144, 368
-0.999009, 167, 1, 182, 128
-0.999012, 87, 177, 102, 304
-0.999018, 151, 145, 166, 272
-0.999026, 257, 113, 272, 240
-0.999029, 193, 273, 320, 304
-0.999035, 233, 169, 264, 184
-0.999042, 55, 81, 70, 208
-0.999052, 17, 349, 144, 380
-0.999056, 161, 313, 288, 376
-0.999056, 151, 1, 166, 128
-0.999058, 81, 287, 112, 302
-0.999067, 149, 139, 180, 154
-0.999074, 89, 175, 120, 190
-0.999075, 193, 73, 320, 104
-0.99908, 193, 297, 320, 328
-0.99908, 133, 79, 164, 94
-0.999092, 99, 225, 114, 352
-0.999093, 129, 231, 160, 246
-0.9991, 233, 187, 264, 202
-0.999107, 73, 131, 104, 146
-0.999123, 99, 273, 114, 400
-0.999123, 81, 229, 112, 244
-0.999124, 63, 113, 78, 240
-0.999125, 1, 361, 333, 424
-0.999125, 135, 129, 150, 256
-0.999129, 145, 9, 176, 24
-0.999141, 53, 129, 68, 256
-0.999142, 149, 225, 164, 352
-0.999143, 89, 195, 120, 210
-0.999146, 193, 61, 320, 92
-0.999151, 141, 289, 156, 416
-0.999159, 193, 1, 256, 64
-0.999161, 253, 193, 284, 448
-0.999165, 175, 129, 190, 256
-0.999171, 89, 165, 120, 180
-0.999175, 145, 133, 176, 148
-0.99918, 65, 225, 96, 480
-0.999185, 145, 123, 176, 138
-0.999191, 141, 255, 172, 270
-0.999191, 165, 257, 196, 500
-0.999202, 109, 1, 140, 256
-0.999202, 93, 159, 124, 174
-0.999208, 177, 129, 208, 384
-0.999209, 43, 81, 58, 208
-0.99921, 1, 1, 16, 128
-0.999212, 41, 97, 72, 352
-0.999217, 297, 97, 328, 352
-0.999218, 245, 113, 260, 240
-0.999225, 79, 113, 94, 240
-0.999231, 35, 81, 50, 208
-0.999234, 129, 207, 160, 222
-0.999253, 213, 81, 228, 208
-0.999261, 237, 177, 252, 304
-0.999263, 149, 175, 180, 190
-0.999265, 89, 65, 104, 192
-0.999268, 237, 1, 268, 256
-0.999287, 101, 65, 116, 192
-0.999288, 49, 25, 176, 56
-0.999289, 9, 289, 72, 416
-0.99929, 7, 1, 22, 128
-0.999295, 93, 353, 108, 480
-0.999309, 145, 107, 176, 122
-0.999312, 33, 273, 96, 336
-0.99932, 213, 321, 244, 448
-0.999323, 233, 129, 248, 256
-0.999331, 209, 177, 224, 304
-0.999331, 135, 177, 150, 304
-0.999336, 145, 115, 176, 130
-0.999344, 109, 113, 124, 240
-0.999345, 113, 341, 240, 372
-0.999349, 245, 161, 260, 288
-0.999356, 201, 81, 216, 208
-0.999357, 143, 33, 158, 160
-0.999362, 251, 129, 266, 256
-0.999362, 135, 289, 150, 416
-0.999362, 41, 129, 56, 256
-0.99937, 173, 1, 188, 128
-0.999374, 85, 121, 116, 136
-0.999375, 257, 161, 272, 288
-0.99938, 147, 273, 162, 400
-0.999381, 163, 145, 178, 272
-0.999386, 251, 209, 266, 336
-0.999389, 205, 273, 220, 400
-0.999389, 173, 81, 188, 208
-0.999392, 133, 241, 148, 368
-0.999399, 149, 163, 180, 178
-0.999407, 137, 81, 152, 208
-0.999415, 211, 273, 226, 400
-0.99942, 221, 257, 252, 500
-0.999422, 245, 321, 276, 448
-0.999426, 151, 49, 166, 176
-0.999428, 45, 353, 76, 480
-0.999431, 17, 373, 144, 404
-0.999432, 45, 1, 76, 256
-0.999461, 115, 145, 130, 272
-0.999461, 29, 161, 60, 416
-0.999469, 177, 289, 192, 416
-0.999469, 29, 49, 44, 176
-0.999473, 47, 129, 62, 256
-0.999474, 199, 129, 214, 256
-0.999484, 81, 305, 96, 432
-0.999485, 97, 37, 224, 68
-0.999489, 89, 127, 120, 142
-0.9995, 161, 1, 176, 128
-0.999501, 81, 161, 96, 288
-0.999513, 273, 353, 333, 480
-0.999527, 181, 225, 212, 480
-0.999532, 221, 65, 252, 320
-0.999542, 69, 129, 84, 256
-0.999564, 149, 157, 180, 172
-0.999574, 13, 1, 28, 128
-0.999576, 263, 113, 278, 240
-0.999579, 301, 113, 316, 240
-0.999583, 153, 257, 184, 500
-0.999586, 73, 123, 104, 138
-0.999586, 213, 225, 228, 352
-0.999589, 49, 177, 64, 304
-0.999591, 273, 241, 304, 368
-0.999593, 171, 273, 186, 400
-0.999598, 65, 33, 96, 288
-0.999604, 157, 49, 172, 176
-0.999607, 185, 241, 200, 368
-0.999609, 99, 337, 114, 464
-0.99961, 231, 177, 246, 304
-0.999615, 129, 237, 160, 252
-0.99962, 29, 113, 44, 240
-0.999629, 241, 25, 304, 88
-0.99963, 285, 65, 316, 320
-0.99964, 197, 33, 228, 160
-0.999645, 35, 129, 50, 256
-0.999649, 235, 81, 250, 208
-0.999655, 257, 1, 288, 256
-0.999655, 117, 81, 132, 208
-0.999658, 153, 3, 184, 18
-0.99966, 57, 177, 72, 304
-0.999661, 33, 361, 288, 424
-0.999665, 107, 33, 122, 160
-0.999667, 145, 53, 272, 84
-0.999668, 69, 1, 100, 128
-0.99967, 65, 177, 80, 304
-0.999671, 31, 193, 46, 320
-0.999678, 179, 81, 194, 208
-0.999678, 155, 97, 170, 224
-0.999682, 1, 209, 16, 336
-0.999683, 129, 145, 144, 272
-0.999686, 269, 305, 300, 432
-0.999689, 43, 177, 58, 304
-0.999693, 217, 129, 232, 256
-0.999694, 257, 225, 272, 352
-0.999697, 285, 161, 316, 416
-0.999697, 95, 17, 110, 144
-0.999699, 249, 65, 264, 192
-0.999706, 1, 145, 16, 272
-0.999709, 7, 209, 22, 336
-0.99971, 183, 289, 198, 416
-0.999715, 121, 145, 136, 272
-0.999716, 27, 1, 42, 128
-0.999744, 233, 257, 248, 384
-0.999744, 81, 257, 96, 384
-0.999744, 199, 257, 214, 384
-0.999745, 37, 177, 52, 304
-0.999745, 17, 193, 32, 320
-0.999751, 105, 209, 120, 336
-0.999755, 37, 1, 52, 128
-0.999755, 23, 113, 38, 240
-0.99976, 135, 199, 150, 214
-0.99976, 67, 123, 82, 138
-0.99976, 243, 121, 258, 136
-0.999761, 235, 181, 250, 196
-0.999761, 205, 287, 220, 302
-0.999761, 43, 117, 58, 132
-0.999761, 233, 195, 248, 210
-0.999762, 95, 141, 110, 156
-0.999762, 207, 155, 222, 170
-0.999762, 227, 129, 242, 256
-0.999762, 141, 295, 156, 310
-0.999762, 237, 149, 252, 164
-0.999762, 207, 101, 222, 116
-0.999763, 211, 165, 226, 180
-0.999763, 143, 83, 158, 98
-0.999763, 171, 171, 186, 186
-0.999763, 207, 91, 222, 106
-0.999763, 237, 167, 252, 182
-0.999764, 87, 167, 102, 182
-0.999764, 141, 283, 156, 298
-0.999764, 105, 273, 120, 400
-0.999764, 177, 159, 192, 174
-0.999764, 143, 227, 158, 242
-0.999764, 311, 129, 326, 256
-0.999765, 85, 185, 100, 200
-0.999765, 87, 223, 102, 238
-0.999765, 229, 271, 244, 286
-0.999765, 167, 109, 182, 124
-0.999765, 157, 1, 172, 16
-0.999765, 103, 131, 118, 146
-0.999765, 149, 255, 164, 270
-0.999765, 141, 335, 156, 350
-0.999765, 85, 123, 100, 138
-0.999765, 181, 309, 196, 324
-0.999766, 141, 313, 156, 328
-0.999766, 149, 135, 164, 150
-0.999766, 207, 149, 222, 164
-0.999766, 79, 123, 94, 138
-0.999766, 169, 151, 184, 166
-0.999766, 145, 95, 160, 110
-0.999767, 207, 171, 222, 186
-0.999767, 211, 287, 226, 302
-0.999767, 143, 119, 158, 134
-0.999768, 95, 115, 110, 130
-0.999768, 207, 119, 222, 134
-0.999768, 123, 209, 138, 336
-0.999768, 149, 107, 164, 122
-0.999768, 95, 93, 110, 108
-0.999768, 137, 159, 152, 174
-0.999768, 93, 319, 108, 334
-0.999768, 141, 263, 156, 278
-0.999768, 95, 151, 110, 166
-0.999768, 95, 121, 110, 136
-0.999769, 143, 221, 158, 236
-0.999769, 143, 203, 158, 218
-0.999769, 93, 343, 108, 358
-0.999769, 167, 115, 182, 130
-0.99977, 101, 165, 116, 180
-0.99977, 93, 165, 108, 180
-0.99977, 143, 173, 158, 188
-0.999771, 197, 321, 228, 448
-0.999771, 169, 139, 184, 154
-0.999771, 207, 85, 222, 100
-0.999771, 139, 301, 154, 316
-0.999771, 205, 165, 220, 180
-0.999771, 93, 351, 108, 366
-0.999771, 101, 155, 116, 170
-0.999772, 143, 155, 158, 170
-0.999772, 177, 303, 192, 318
-0.999772, 87, 131, 102, 146
-0.999772, 207, 125, 222, 140
-0.999772, 167, 127, 182, 142
-0.999772, 143, 253, 158, 268
-0.999772, 165, 289, 180, 416
-0.999773, 93, 303, 108, 318
-0.999773, 141, 329, 156, 344
-0.999773, 143, 129, 158, 144
-0.999774, 145, 101, 160, 116
-0.999774, 169, 159, 184, 174
-0.999775, 141, 233, 156, 248
-0.999775, 93, 297, 108, 312
-0.999775, 139, 307, 154, 322
-0.999775, 93, 269, 108, 284
-0.999775, 163, 49, 178, 176
-0.999776, 93, 363, 108, 378
-0.999776, 49, 33, 64, 160
-0.999776, 171, 165, 186, 180
-0.999776, 143, 195, 158, 210
-0.999776, 95, 101, 110, 116
-0.999777, 103, 125, 118, 140
-0.999777, 143, 147, 158, 162
-0.999778, 93, 181, 108, 196
-0.999778, 93, 187, 108, 202
-0.999778, 141, 269, 156, 284
-0.999778, 95, 87, 110, 102
-0.999778, 141, 277, 156, 292
-0.999778, 93, 215, 108, 230
-0.999778, 155, 7, 170, 22
-0.999779, 93, 239, 108, 254
-0.999779, 143, 107, 158, 122
-0.99978, 165, 103, 180, 118
-0.99978, 93, 135, 108, 150
-0.99978, 169, 145, 184, 160
-0.99978, 93, 275, 108, 290
-0.99978, 93, 247, 108, 262
-0.999781, 93, 127, 108, 142
-0.999781, 69, 81, 84, 208
-0.999781, 145, 89, 160, 104
-0.999781, 143, 135, 158, 150
-0.999782, 93, 207, 108, 222
-0.999782, 7, 113, 22, 240
-0.999782, 141, 239, 156, 254
-0.999783, 93, 221, 108, 236
-0.999783, 143, 113, 158, 128
-0.999783, 141, 209, 156, 224
-0.999783, 173, 225, 188, 352
-0.999783, 237, 305, 252, 432
-0.999783, 93, 313, 108, 328
-0.999784, 95, 107, 110, 122
-0.999784, 141, 247, 156, 262
-0.999784, 93, 201, 108, 216
-0.999785, 143, 189, 158, 204
-0.999785, 143, 183, 158, 198
-0.999785, 93, 327, 108, 342
-0.999785, 93, 357, 108, 372
-0.999785, 143, 161, 158, 176
-0.999786, 95, 159, 110, 174
-0.999786, 137, 33, 152, 160
-0.999786, 209, 313, 272, 376
-0.999786, 167, 121, 182, 136
-0.999787, 143, 167, 158, 182
-0.999788, 93, 171, 108, 186
-0.999789, 143, 141, 158, 156
-0.999789, 141, 215, 156, 230
-0.999789, 93, 333, 108, 348
-0.999792, 93, 193, 108, 208
-0.999792, 93, 253, 108, 268
-0.999796, 93, 281, 108, 296
-0.999796, 165, 3, 180, 18
-0.999797, 93, 227, 108, 242
-0.999797, 93, 259, 108, 274
-0.999797, 93, 291, 108, 306
-0.999798, 93, 233, 108, 248
-0.999801, 145, 77, 160, 92
-0.999804, 169, 369, 232, 496
-0.999811, 1, 193, 32, 448
-0.99984, 177, 37, 304, 68
-0.999847, 273, 161, 304, 416
-0.999849, 113, 353, 176, 416
-0.999867, 13, 193, 44, 448
-0.999904, 149, 101, 180, 116
-0.999968, 193, 49, 320, 80
-1.00002, 209, 249, 333, 280
-1.00003, 193, 5, 320, 36
-1.00003, 297, 1, 328, 256
-1.00006, 53, 193, 84, 448
-1.00007, 193, 17, 256, 144
-1.00015, 1, 233, 64, 296
-1.00018, 9, 289, 72, 352
-1.00019, 193, 313, 320, 344
-1.00025, 41, 193, 72, 448
-1.00029, 1, 353, 64, 480
-1.00031, 49, 385, 176, 416
-1.00034, 257, 321, 320, 384
-1.00037, 1, 385, 256, 448
-1.00044, 273, 1, 304, 256
-1.00049, 265, 249, 328, 312
-1.00052, 269, 257, 300, 500
-1.00052, 1, 417, 256, 480
-1.00056, 113, 353, 240, 384
-1.0006, 1, 377, 128, 440
-1.00062, 293, 257, 324, 500
-1.00065, 1, 393, 128, 424
-1.00067, 81, 377, 144, 440
-1.0007, 281, 257, 312, 500
-1.00079, 113, 381, 240, 412
-1.00087, 29, 257, 60, 500
-1.00087, 161, 329, 288, 360
-1.00088, 145, 365, 272, 396
-1.00094, 1, 385, 333, 448
-1.0011, 1, 425, 333, 488
-1.00113, 161, 417, 288, 448
-1.00113, 137, 369, 200, 432
-1.00114, 209, 325, 333, 356
-1.00116, 177, 405, 304, 436
-1.00117, 233, 353, 296, 480
-1.00117, 193, 429, 320, 460
-1.00119, 49, 397, 176, 428
-1.0012, 49, 469, 176, 500
-1.00121, 201, 369, 264, 496
-1.00122, 113, 417, 240, 448
-1.00122, 1, 425, 128, 456
-1.00123, 193, 449, 320, 480
-1.00124, 193, 461, 320, 492
-1.00124, 1, 445, 128, 476
-1.00125, 129, 345, 256, 408
-1.00125, 209, 345, 333, 376
-1.00128, 33, 457, 160, 488
-1.00145, 209, 313, 333, 376
-1.00174, 49, 385, 176, 448
-1.002, 233, 417, 296, 480
-1.00304, 145, 377, 272, 440
-1.00344, 177, 337, 304, 400
-1.00344, 177, 417, 304, 480
-1.00407, 209, 393, 333, 456
-1.00407, 97, 417, 224, 480
-1.00454, 209, 361, 333, 424
-1.00458, 1, 417, 128, 480
-1.00481, 97, 385, 224, 448
-1.00483, 49, 417, 176, 480
