1966
-0.285736, 1, 97, 500, 352
-0.455237, 1, 1, 500, 375
-0.476535, 257, 1, 500, 375
-0.530724, 257, 97, 500, 352
-0.546055, 65, 1, 320, 375
-0.548964, 161, 97, 416, 352
-0.587091, 161, 1, 416, 375
-0.600437, 1, 129, 256, 375
-0.604723, 1, 1, 500, 256
-0.716932, 193, 1, 448, 256
-0.777361, 33, 33, 288, 288
-0.816928, 225, 97, 352, 352
-0.825911, 337, 65, 464, 320
-0.84072, 161, 129, 288, 375
-0.844454, 337, 1, 464, 375
-0.847322, 81, 129, 208, 375
-0.854205, 33, 129, 160, 375
-0.863946, 1, 225, 500, 352
-0.870768, 1, 113, 500, 240
-0.883672, 289, 1, 416, 375
-0.89175, 289, 65, 416, 320
-0.891814, 193, 1, 320, 375
-0.894967, 81, 1, 208, 375
-0.896531, 33, 1, 160, 375
-0.899796, 145, 1, 272, 375
-0.904937, 1, 177, 500, 304
-0.909983, 241, 1, 368, 375
-0.910398, 97, 209, 352, 336
-0.910609, 225, 1, 352, 256
-0.914525, 257, 81, 500, 208
-0.915143, 145, 33, 272, 288
-0.919505, 321, 65, 448, 192
-0.921574, 97, 33, 224, 288
-0.921845, 161, 113, 416, 240
-0.923588, 17, 33, 144, 288
-0.92432, 345, 49, 408, 176
-0.925326, 1, 145, 256, 272
-0.925361, 257, 209, 500, 336
-0.931764, 1, 193, 256, 320
-0.932276, 113, 193, 240, 320
-0.933663, 33, 97, 288, 224
-0.935238, 1, 65, 500, 192
-0.938689, 273, 225, 400, 352
-0.938782, 49, 145, 176, 272
-0.938989, 137, 129, 200, 256
-0.939159, 257, 33, 500, 160
-0.939857, 169, 225, 232, 352
-0.940523, 145, 129, 272, 256
-0.940921, 177, 225, 304, 352
-0.941121, 257, 129, 500, 256
-0.941659, 201, 209, 264, 336
-0.943048, 225, 113, 352, 240
-0.943685, 129, 161, 384, 288
-0.944222, 385, 81, 448, 208
-0.94477, 33, 129, 96, 256
-0.945281, 121, 225, 184, 352
-0.946217, 97, 241, 224, 368
-0.947306, 1, 129, 128, 256
-0.948184, 313, 209, 376, 336
-0.948367, 129, 177, 192, 304
-0.948633, 97, 129, 224, 256
-0.948894, 249, 225, 312, 352
-0.948911, 193, 129, 256, 256
-0.949498, 337, 225, 464, 352
-0.9495, 273, 241, 336, 368
-0.949599, 369, 81, 496, 208
-0.949945, 153, 177, 216, 304
-0.950169, 145, 225, 208, 352
-0.950252, 97, 145, 160, 272
-0.950892, 1, 241, 256, 368
-0.951403, 65, 145, 128, 272
-0.951706, 161, 65, 416, 192
-0.951734, 225, 225, 352, 352
-0.951818, 433, 65, 496, 192
-0.952844, 225, 241, 288, 368
-0.952968, 97, 241, 160, 368
-0.952988, 209, 233, 272, 296
-0.953142, 265, 297, 328, 360
-0.953218, 273, 97, 336, 224
-0.953363, 225, 129, 288, 256
-0.953679, 409, 81, 472, 208
-0.954689, 273, 97, 400, 224
-0.954829, 1, 145, 64, 272
-0.954929, 169, 129, 232, 256
-0.95505, 185, 289, 248, 352
-0.95541, 305, 113, 368, 240
-0.955668, 337, 313, 400, 375
-0.955775, 177, 81, 304, 208
-0.95595, 97, 97, 160, 224
-0.956173, 177, 217, 240, 280
-0.956428, 153, 209, 216, 272
-0.956627, 337, 161, 464, 288
-0.956989, 73, 97, 136, 224
-0.957162, 345, 73, 408, 136
-0.957557, 129, 185, 192, 248
-0.957745, 241, 81, 304, 208
-0.958085, 33, 145, 96, 208
-0.958298, 353, 49, 416, 112
-0.958392, 321, 49, 384, 176
-0.958409, 273, 33, 400, 160
-0.958858, 433, 113, 496, 240
-0.959072, 49, 97, 176, 224
-0.959597, 169, 265, 232, 328
-0.959846, 209, 81, 272, 208
-0.959895, 385, 89, 448, 152
-0.959952, 241, 297, 304, 360
-0.96072, 337, 89, 464, 152
-0.960843, 289, 217, 352, 280
-0.961339, 129, 289, 192, 352
-0.961373, 297, 113, 360, 176
-0.961602, 153, 185, 216, 248
-0.96169, 65, 193, 192, 320
-0.961756, 145, 265, 208, 328
-0.961839, 289, 193, 352, 320
-0.962011, 49, 241, 176, 368
-0.962249, 129, 81, 256, 208
-0.962305, 121, 249, 184, 312
-0.96245, 329, 97, 392, 224
-0.962522, 225, 161, 352, 288
-0.962682, 97, 257, 160, 320
-0.963002, 329, 289, 392, 352
-0.963056, 425, 209, 488, 336
-0.963124, 137, 137, 200, 200
-0.963159, 241, 249, 304, 312
-0.963264, 369, 33, 432, 160
-0.963356, 265, 273, 328, 336
-0.963817, 161, 177, 288, 304
-0.964007, 97, 193, 160, 320
-0.964154, 113, 217, 240, 280
-0.964521, 425, 313, 488, 375
-0.964665, 209, 289, 272, 352
-0.96483, 225, 65, 352, 192
-0.964844, 209, 313, 272, 375
-0.965042, 105, 297, 168, 360
-0.965186, 265, 233, 328, 296
-0.965229, 337, 241, 400, 368
-0.965327, 145, 313, 208, 375
-0.965412, 337, 97, 400, 160
-0.96566, 273, 113, 336, 176
-0.965681, 169, 81, 232, 208
-0.965754, 313, 241, 376, 304
-0.966072, 257, 297, 384, 360
-0.966316, 193, 145, 256, 208
-0.966777, 185, 241, 248, 304
-0.966849, 313, 217, 376, 280
-0.967082, 65, 49, 320, 176
-0.967119, 249, 129, 312, 192
-0.967175, 289, 305, 352, 368
-0.9672, 185, 225, 216, 288
-0.967488, 1, 97, 64, 224
-0.967585, 161, 17, 416, 144
-0.967867, 277, 289, 308, 352
-0.967884, 193, 289, 320, 352
-0.967941, 129, 217, 192, 280
-0.968023, 353, 33, 416, 288
-0.968217, 177, 313, 240, 375
-0.968412, 289, 281, 352, 344
-0.968421, 353, 17, 480, 144
-0.968697, 409, 129, 472, 256
-0.968896, 177, 177, 240, 304
-0.969044, 1, 209, 128, 336
-0.969063, 365, 41, 396, 104
-0.969332, 121, 81, 184, 208
-0.969351, 193, 97, 256, 352
-0.969384, 337, 305, 464, 368
-0.969504, 65, 281, 128, 344
-0.969535, 89, 153, 152, 216
-0.969577, 65, 241, 128, 368
-0.969663, 369, 33, 400, 160
-0.969822, 313, 129, 376, 375
-0.969826, 249, 129, 312, 256
-0.969978, 217, 265, 280, 328
-0.970106, 273, 225, 400, 288
-0.970118, 337, 65, 464, 128
-0.970125, 193, 233, 320, 296
-0.970234, 193, 265, 320, 328
-0.970286, 25, 129, 88, 375
-0.970568, 409, 121, 472, 184
-0.970665, 161, 289, 224, 352
-0.970735, 177, 313, 304, 375
-0.970737, 169, 137, 232, 200
-0.97091, 25, 193, 88, 320
-0.971082, 313, 313, 376, 375
-0.971092, 225, 129, 288, 192
-0.971101, 57, 161, 120, 224
-0.971251, 97, 305, 224, 368
-0.971339, 205, 225, 236, 288
-0.971366, 1, 129, 64, 375
-0.971481, 1, 153, 64, 216
-0.971509, 1, 129, 64, 192
-0.971734, 81, 265, 208, 328
-0.971783, 273, 177, 400, 304
-0.971917, 321, 73, 384, 136
-0.97206, 241, 97, 304, 352
-0.972171, 425, 81, 488, 144
-0.972221, 321, 113, 448, 240
-0.972325, 113, 137, 176, 200
-0.972509, 145, 81, 208, 208
-0.972637, 153, 129, 216, 375
-0.972723, 249, 97, 312, 160
-0.972836, 65, 121, 128, 184
-0.973013, 349, 105, 380, 168
-0.973031, 265, 97, 328, 352
-0.973067, 49, 129, 112, 375
-0.973074, 433, 161, 496, 288
-0.9732, 189, 209, 220, 336
-0.973219, 49, 193, 112, 320
-0.97359, 153, 161, 216, 224
-0.973705, 385, 241, 448, 368
-0.973845, 97, 193, 224, 256
-0.973852, 105, 97, 168, 352
-0.973904, 177, 201, 208, 264
-0.974014, 1, 81, 128, 208
-0.974121, 241, 121, 368, 184
-0.974145, 289, 241, 352, 304
-0.974218, 105, 297, 136, 360
-0.974251, 417, 81, 448, 208
-0.974274, 193, 265, 256, 328
-0.974318, 209, 105, 272, 168
-0.974431, 433, 129, 496, 192
-0.974528, 165, 185, 196, 248
-0.974547, 241, 273, 304, 336
-0.974615, 217, 241, 248, 304
-0.97462, 137, 257, 168, 320
-0.974731, 185, 305, 216, 368
-0.974747, 325, 217, 356, 280
-0.974773, 297, 65, 360, 192
-0.974805, 129, 97, 192, 352
-0.974964, 73, 129, 136, 375
-0.975042, 297, 89, 360, 152
-0.975255, 273, 249, 400, 312
-0.975264, 413, 89, 444, 152
-0.975282, 385, 65, 448, 320
-0.975288, 173, 241, 204, 368
-0.975358, 1, 193, 64, 320
-0.975437, 165, 129, 196, 256
-0.975497, 197, 289, 228, 352
-0.975536, 145, 289, 272, 352
-0.975545, 209, 209, 272, 272
-0.975552, 281, 225, 312, 352
-0.975673, 349, 73, 380, 136
-0.975712, 433, 97, 496, 352
-0.975802, 97, 113, 160, 176
-0.97591, 349, 49, 380, 176
-0.975914, 33, 153, 160, 216
-0.975929, 157, 193, 188, 320
-0.975973, 225, 281, 256, 344
-0.976002, 25, 81, 88, 208
-0.976006, 337, 193, 400, 320
-0.976091, 289, 281, 320, 344
-0.976131, 393, 313, 456, 375
-0.976166, 185, 185, 248, 248
-0.976291, 201, 137, 232, 200
-0.976377, 373, 65, 404, 128
-0.976471, 329, 145, 392, 272
-0.976497, 357, 289, 388, 352
-0.976655, 145, 241, 272, 304
-0.976766, 393, 17, 456, 144
-0.976799, 145, 193, 176, 256
-0.976869, 145, 129, 176, 256
-0.976874, 145, 177, 176, 304
-0.976944, 325, 209, 356, 336
-0.976979, 329, 121, 360, 184
-0.977038, 153, 233, 216, 296
-0.977051, 25, 121, 88, 184
-0.977069, 249, 129, 280, 192
-0.977113, 289, 113, 320, 176
-0.977196, 17, 289, 144, 352
-0.977233, 425, 289, 488, 352
-0.977261, 105, 193, 168, 256
-0.977397, 201, 113, 232, 240
-0.977413, 257, 313, 288, 375
-0.977425, 197, 257, 228, 320
-0.977479, 257, 273, 384, 336
-0.977596, 145, 193, 272, 256
-0.977647, 361, 305, 424, 368
-0.97787, 289, 233, 320, 296
-0.977993, 469, 113, 500, 240
-0.97803, 153, 105, 216, 168
-0.978148, 57, 129, 88, 256
-0.978182, 329, 33, 392, 288
-0.978256, 229, 233, 260, 296
-0.978367, 221, 193, 252, 320
-0.978397, 337, 113, 464, 176
-0.97848, 409, 65, 472, 320
-0.978502, 345, 97, 376, 224
-0.978548, 81, 145, 208, 208
-0.978576, 57, 257, 120, 320
-0.978598, 233, 225, 296, 288
-0.978613, 193, 129, 320, 192
-0.978669, 345, 305, 376, 368
-0.978737, 453, 113, 484, 240
-0.978887, 273, 97, 400, 160
-0.978928, 133, 193, 164, 256
-0.978965, 325, 113, 356, 240
-0.978987, 209, 209, 336, 272
-0.979017, 321, 217, 448, 280
-0.979055, 121, 257, 152, 320
-0.979088, 341, 241, 372, 368
-0.979141, 141, 241, 172, 368
-0.979153, 337, 217, 400, 280
-0.979167, 345, 1, 408, 128
-0.979182, 81, 313, 144, 375
-0.979212, 341, 209, 372, 272
-0.979216, 117, 313, 148, 375
-0.979281, 181, 281, 212, 344
-0.979298, 321, 121, 384, 184
-0.979305, 289, 97, 352, 352
-0.979316, 289, 49, 416, 112
-0.979339, 409, 145, 472, 208
-0.979355, 57, 145, 88, 208
-0.979382, 425, 225, 488, 288
-0.979424, 253, 249, 284, 312
-0.979447, 161, 289, 192, 352
-0.979477, 273, 233, 304, 296
-0.979481, 353, 241, 384, 368
-0.979503, 209, 289, 240, 352
-0.979544, 177, 161, 208, 288
-0.97959, 241, 177, 304, 304
-0.979677, 201, 209, 232, 336
-0.97969, 329, 265, 392, 328
-0.979757, 109, 257, 140, 320
-0.979839, 217, 97, 280, 352
-0.97986, 33, 241, 96, 368
-0.979889, 121, 129, 152, 256
-0.979957, 129, 113, 192, 176
-0.98001, 377, 65, 440, 128
-0.980038, 337, 281, 464, 344
-0.980076, 17, 129, 48, 256
-0.980108, 97, 153, 128, 216
-0.980119, 153, 217, 184, 280
-0.980151, 117, 281, 148, 344
-0.980236, 129, 161, 192, 224
-0.980255, 169, 265, 200, 328
-0.980329, 93, 145, 124, 272
-0.980484, 273, 265, 304, 328
-0.980556, 49, 121, 176, 184
-0.980696, 337, 97, 368, 160
-0.980768, 137, 281, 168, 344
-0.98078, 397, 81, 428, 208
-0.980844, 217, 241, 248, 368
-0.980874, 9, 241, 72, 368
-0.980902, 45, 129, 76, 256
-0.980999, 425, 201, 488, 264
-0.981021, 433, 153, 496, 216
-0.981037, 1, 129, 128, 192
-0.981039, 69, 145, 100, 272
-0.981044, 429, 113, 460, 240
-0.981096, 245, 313, 276, 375
-0.981098, 385, 161, 448, 288
-0.981099, 97, 233, 160, 296
-0.981156, 385, 113, 448, 176
-0.981193, 273, 49, 336, 176
-0.981263, 229, 129, 260, 256
-0.981336, 41, 145, 72, 208
-0.981342, 233, 225, 264, 352
-0.981359, 361, 81, 392, 144
-0.981443, 217, 129, 248, 256
-0.981464, 289, 97, 320, 224
-0.981465, 229, 257, 260, 320
-0.981483, 165, 217, 196, 280
-0.981525, 185, 249, 216, 312
-0.981548, 329, 49, 392, 112
-0.981578, 309, 225, 340, 288
-0.981582, 393, 289, 456, 352
-0.981606, 401, 89, 432, 152
-0.98162, 425, 257, 488, 320
-0.981687, 1, 145, 32, 272
-0.98171, 165, 313, 196, 375
-0.981724, 157, 257, 188, 320
-0.98177, 229, 137, 260, 200
-0.981778, 225, 97, 352, 160
-0.981784, 133, 177, 164, 304
-0.981788, 345, 193, 376, 320
-0.981796, 73, 193, 136, 320
-0.981847, 245, 97, 276, 224
-0.981869, 297, 305, 328, 368
-0.981894, 81, 241, 208, 304
-0.981939, 441, 65, 472, 192
-0.981948, 13, 145, 44, 208
-0.982045, 129, 241, 160, 368
-0.982046, 161, 241, 192, 368
-0.982047, 361, 97, 424, 160
-0.982086, 213, 265, 244, 328
-0.982177, 29, 129, 60, 256
-0.982194, 353, 97, 416, 224
-0.982215, 441, 129, 472, 256
-0.982229, 141, 129, 172, 192
-0.982259, 285, 257, 316, 320
-0.982259, 353, 265, 384, 328
-0.982275, 417, 113, 448, 176
-0.982292, 109, 145, 140, 272
-0.982347, 309, 113, 340, 176
-0.982361, 9, 273, 72, 336
-0.982391, 221, 81, 252, 208
-0.982414, 189, 201, 220, 264
-0.982429, 381, 49, 412, 176
-0.982567, 49, 193, 176, 256
-0.98263, 269, 81, 300, 208
-0.982709, 269, 105, 300, 168
-0.982716, 253, 225, 284, 352
-0.982725, 161, 105, 288, 168
-0.982776, 101, 97, 132, 224
-0.982792, 361, 313, 392, 375
-0.982819, 433, 105, 496, 168
-0.982857, 29, 121, 60, 184
-0.982885, 217, 217, 248, 280
-0.982908, 265, 289, 296, 352
-0.982948, 133, 129, 164, 256
-0.982979, 89, 273, 120, 336
-0.983067, 81, 113, 112, 240
-0.983102, 337, 249, 368, 312
-0.98311, 177, 97, 208, 224
-0.983118, 325, 97, 356, 160
-0.983182, 345, 1, 408, 375
-0.983243, 161, 145, 192, 208
-0.983312, 149, 169, 180, 232
-0.983382, 313, 1, 376, 128
-0.983464, 1, 1, 256, 128
-0.983513, 301, 281, 332, 344
-0.983531, 361, 209, 424, 272
-0.983534, 257, 209, 320, 272
-0.983545, 137, 217, 168, 280
-0.983621, 469, 121, 500, 184
-0.983673, 49, 81, 112, 208
-0.983676, 305, 1, 368, 256
-0.983701, 309, 113, 340, 240
-0.983784, 33, 249, 160, 312
-0.983859, 1, 129, 32, 192
-0.983919, 457, 129, 488, 192
-0.983924, 341, 145, 372, 272
-0.983927, 469, 65, 500, 192
-0.98394, 185, 177, 216, 240
-0.98397, 277, 313, 308, 375
-0.984001, 417, 17, 480, 144
-0.984031, 49, 49, 176, 176
-0.984104, 441, 305, 472, 368
-0.984181, 145, 137, 272, 200
-0.984208, 189, 129, 220, 256
-0.984251, 109, 241, 140, 368
-0.984251, 289, 73, 416, 136
-0.984288, 353, 41, 480, 104
-0.984379, 361, 177, 424, 304
-0.984464, 269, 209, 300, 336
-0.984487, 261, 129, 292, 192
-0.984568, 385, 81, 416, 144
-0.984617, 177, 105, 240, 168
-0.984644, 241, 257, 272, 320
-0.984651, 73, 161, 104, 224
-0.984676, 145, 169, 272, 232
-0.984678, 357, 97, 388, 224
-0.984708, 1, 17, 500, 144
-0.984771, 409, 177, 472, 240
-0.984783, 257, 81, 288, 208
-0.984886, 281, 145, 344, 272
-0.985011, 113, 153, 144, 216
-0.985039, 181, 153, 212, 216
-0.985083, 297, 241, 328, 368
-0.985085, 349, 241, 380, 304
-0.9852, 201, 201, 232, 264
-0.985215, 369, 137, 496, 200
-0.985229, 33, 273, 96, 336
-0.985255, 361, 241, 424, 368
-0.985309, 1, 97, 32, 224
-0.985452, 125, 145, 156, 208
-0.985461, 337, 241, 400, 304
-0.985471, 233, 81, 264, 208
-0.985494, 25, 153, 56, 216
-0.98552, 377, 25, 440, 88
-0.985637, 129, 265, 256, 328
-0.985719, 113, 113, 240, 176
-0.985765, 457, 65, 488, 192
-0.985944, 337, 249, 464, 312
-0.985965, 437, 137, 468, 200
-0.985978, 229, 209, 260, 272
-0.986013, 353, 273, 416, 336
-0.986236, 297, 137, 360, 200
-0.986252, 65, 233, 128, 296
-0.986271, 433, 177, 496, 240
-0.986328, 9, 33, 72, 288
-0.986363, 457, 161, 488, 288
-0.986406, 457, 177, 488, 240
-0.986496, 65, 33, 128, 288
-0.986548, 81, 161, 112, 288
-0.986566, 261, 129, 292, 256
-0.986613, 337, 193, 464, 256
-0.986644, 281, 1, 344, 256
-0.986648, 433, 81, 464, 144
-0.986654, 369, 1, 432, 375
-0.986731, 241, 233, 272, 296
-0.986732, 433, 225, 464, 352
-0.986888, 321, 241, 352, 304
-0.986897, 297, 257, 328, 320
-0.9869, 317, 305, 348, 368
-0.986935, 209, 1, 272, 256
-0.986966, 65, 217, 192, 280
-0.987039, 433, 1, 496, 256
-0.987039, 153, 33, 216, 288
-0.987121, 345, 129, 376, 192
-0.987135, 257, 105, 288, 168
-0.98726, 45, 121, 76, 184
-0.987287, 345, 25, 408, 88
-0.987294, 401, 57, 464, 120
-0.987357, 313, 209, 344, 336
-0.987396, 433, 1, 496, 375
-0.987532, 353, 217, 384, 280
-0.987541, 1, 153, 32, 216
-0.987552, 393, 1, 456, 375
-0.98756, 9, 209, 72, 272
-0.987586, 33, 313, 160, 375
-0.987598, 9, 249, 72, 312
-0.987604, 125, 233, 156, 296
-0.987616, 329, 65, 360, 192
-0.987629, 81, 193, 144, 256
-0.987635, 369, 169, 496, 232
-0.987664, 85, 161, 116, 224
-0.987713, 41, 33, 104, 288
-0.987765, 293, 209, 324, 272
-0.987793, 197, 313, 228, 375
-0.987799, 301, 193, 332, 320
-0.987812, 217, 145, 248, 208
-0.987813, 89, 241, 120, 368
-0.987953, 321, 25, 384, 88
-0.987976, 241, 1, 304, 256
-0.987986, 109, 193, 140, 320
-0.987987, 177, 33, 304, 160
-0.988012, 245, 289, 276, 352
-0.988042, 233, 313, 264, 375
-0.988082, 73, 121, 104, 184
-0.988099, 149, 81, 180, 208
-0.988175, 321, 193, 384, 256
-0.988238, 25, 1, 88, 375
-0.98827, 445, 177, 476, 304
-0.988287, 345, 57, 408, 88
-0.988289, 469, 161, 500, 288
-0.988333, 277, 129, 308, 192
-0.988363, 137, 81, 168, 208
-0.988383, 89, 1, 152, 256
-0.988406, 165, 81, 196, 208
-0.988421, 137, 153, 168, 216
-0.98844, 121, 193, 152, 320
-0.988446, 189, 81, 220, 208
-0.988483, 221, 305, 252, 368
-0.988495, 249, 249, 312, 280
-0.988574, 385, 217, 448, 280
-0.988621, 33, 169, 96, 232
-0.988643, 241, 105, 272, 168
-0.98867, 469, 185, 500, 248
-0.988672, 129, 197, 192, 228
-0.988708, 209, 1, 272, 375
-0.988724, 313, 65, 344, 192
-0.988782, 1, 1, 64, 375
-0.988798, 249, 1, 312, 375
-0.988807, 177, 317, 240, 348
-0.98882, 97, 277, 160, 308
-0.988881, 385, 265, 448, 328
-0.988897, 209, 233, 272, 264
-0.988938, 433, 57, 496, 120
-0.989017, 149, 281, 180, 344
-0.989018, 97, 49, 160, 176
-0.989034, 305, 1, 368, 375
-0.989054, 257, 201, 384, 264
-0.989066, 297, 121, 360, 152
-0.989067, 353, 85, 416, 116
-0.989073, 401, 33, 432, 160
-0.989115, 225, 321, 288, 352
-0.989119, 329, 329, 392, 360
-0.989145, 265, 309, 328, 340
-0.98915, 177, 229, 240, 260
-0.989173, 273, 121, 336, 152
-0.989205, 61, 209, 92, 336
-0.98924, 121, 81, 152, 208
-0.989252, 153, 317, 216, 348
-0.989261, 121, 317, 184, 348
-0.989263, 257, 97, 500, 160
-0.989307, 377, 41, 408, 104
-0.989308, 33, 217, 96, 280
-0.989329, 209, 269, 272, 300
-0.989334, 177, 1, 240, 375
-0.989361, 169, 241, 200, 304
-0.989385, 377, 93, 440, 124
-0.989398, 125, 113, 156, 176
-0.989399, 69, 97, 100, 224
-0.989416, 337, 129, 400, 375
-0.989423, 49, 1, 112, 375
-0.989447, 65, 305, 320, 368
-0.989451, 81, 1, 144, 375
-0.989457, 249, 129, 312, 160
-0.989515, 33, 193, 96, 256
-0.989544, 121, 249, 184, 280
-0.989545, 429, 161, 460, 288
-0.989562, 273, 89, 336, 152
-0.989566, 297, 233, 360, 264
-0.989571, 233, 269, 264, 300
-0.989602, 25, 149, 88, 180
-0.989666, 337, 313, 400, 344
-0.989701, 177, 289, 240, 320
-0.989723, 121, 297, 184, 328
-0.989737, 281, 1, 344, 375
-0.989741, 153, 205, 216, 236
-0.989774, 57, 121, 88, 184
-0.989796, 321, 341, 384, 372
-0.989802, 233, 261, 296, 292
-0.989818, 201, 321, 264, 352
-0.989825, 209, 281, 272, 312
-0.98983, 337, 297, 400, 328
-0.989837, 129, 213, 192, 244
-0.989853, 161, 249, 224, 280
-0.989871, 257, 321, 320, 352
-0.989872, 313, 217, 376, 248
-0.989889, 33, 241, 96, 304
-0.989892, 297, 193, 360, 256
-0.989902, 205, 161, 236, 288
-0.989904, 153, 225, 216, 256
-0.989945, 129, 141, 192, 172
-0.990016, 433, 113, 464, 176
-0.990072, 257, 321, 288, 352
-0.990106, 361, 105, 392, 168
-0.990113, 213, 105, 244, 168
-0.990122, 121, 193, 152, 256
-0.990142, 225, 129, 480, 192
-0.990177, 185, 317, 216, 348
-0.990211, 257, 313, 500, 375
-0.990238, 265, 281, 328, 312
-0.99024, 209, 285, 240, 316
-0.99024, 289, 121, 416, 184
-0.990243, 385, 185, 448, 248
-0.990251, 129, 261, 192, 292
-0.990275, 365, 45, 396, 76
-0.99028, 209, 245, 272, 276
-0.990281, 157, 317, 188, 348
-0.990283, 33, 81, 64, 208
-0.990288, 129, 225, 384, 288
-0.990307, 289, 245, 352, 276
-0.990308, 177, 261, 240, 292
-0.990309, 21, 193, 52, 320
-0.990325, 153, 301, 216, 332
-0.990328, 17, 225, 144, 288
-0.990333, 325, 121, 356, 152
-0.99035, 121, 285, 184, 316
-0.990351, 329, 105, 392, 136
-0.99037, 297, 133, 360, 164
-0.99039, 97, 317, 160, 348
-0.990434, 417, 33, 448, 160
-0.99045, 257, 237, 320, 268
-0.990457, 297, 313, 360, 344
-0.990478, 97, 257, 160, 288
-0.990478, 129, 1, 192, 375
-0.990486, 73, 157, 136, 188
-0.990516, 225, 137, 288, 168
-0.990521, 193, 145, 256, 176
-0.990573, 177, 305, 240, 336
-0.990585, 305, 301, 368, 332
-0.990585, 9, 193, 40, 320
-0.99059, 153, 265, 216, 296
-0.990592, 345, 69, 408, 100
-0.990602, 257, 225, 500, 288
-0.990609, 121, 273, 184, 304
-0.990613, 257, 297, 320, 328
-0.990627, 345, 45, 408, 76
-0.990646, 241, 145, 272, 272
-0.990656, 81, 333, 144, 364
-0.99066, 281, 221, 344, 252
-0.9907, 57, 285, 120, 316
-0.990701, 57, 313, 120, 375
-0.990707, 201, 293, 264, 324
-0.990709, 193, 217, 256, 248
-0.990734, 345, 341, 408, 372
-0.990741, 273, 129, 304, 256
-0.99075, 241, 285, 304, 316
-0.990758, 213, 265, 244, 296
-0.990774, 129, 185, 192, 216
-0.990794, 201, 257, 264, 288
-0.990804, 297, 101, 360, 132
-0.990807, 341, 105, 372, 136
-0.99083, 289, 121, 320, 152
-0.990831, 273, 269, 336, 300
-0.990843, 425, 329, 488, 360
-0.990849, 45, 81, 76, 208
-0.990869, 301, 65, 332, 192
-0.990874, 209, 309, 272, 340
-0.990882, 49, 193, 80, 320
-0.990887, 161, 277, 224, 308
-0.990909, 289, 325, 352, 356
-0.990944, 33, 217, 288, 280
-0.990976, 365, 341, 396, 372
-0.99099, 333, 341, 364, 372
-0.99099, 353, 97, 416, 128
-0.990992, 425, 341, 488, 372
-0.991, 429, 65, 460, 192
-0.991005, 117, 313, 148, 344
-0.991013, 253, 249, 284, 280
-0.991014, 321, 233, 384, 264
-0.991015, 365, 241, 396, 368
-0.991025, 157, 197, 188, 228
-0.99105, 233, 333, 296, 364
-0.991053, 97, 305, 160, 336
-0.991057, 137, 153, 200, 184
-0.991069, 169, 145, 232, 176
-0.991091, 233, 229, 296, 260
-0.99111, 313, 245, 376, 276
-0.991113, 325, 161, 356, 288
-0.991142, 409, 125, 472, 156
-0.991144, 273, 133, 336, 164
-0.991185, 385, 345, 448, 375
-0.991187, 169, 181, 232, 212
-0.991201, 97, 289, 160, 320
-0.99121, 33, 193, 64, 320
-0.991232, 305, 289, 368, 320
-0.991245, 185, 273, 248, 304
-0.991257, 217, 153, 280, 216
-0.991259, 409, 93, 440, 124
-0.991281, 73, 265, 136, 296
-0.991282, 21, 81, 52, 208
-0.991308, 121, 237, 184, 268
-0.991313, 457, 241, 488, 368
-0.991337, 337, 93, 464, 124
-0.991343, 321, 261, 384, 292
-0.991348, 417, 85, 480, 116
-0.991356, 297, 257, 360, 288
-0.991389, 433, 165, 496, 196
-0.991396, 281, 297, 344, 328
-0.9914, 297, 337, 360, 368
-0.991412, 197, 317, 228, 348
-0.991412, 177, 205, 208, 236
-0.991412, 97, 153, 160, 184
-0.991415, 297, 225, 328, 256
-0.991415, 177, 133, 240, 164
-0.991427, 73, 305, 136, 336
-0.99144, 153, 1, 216, 375
-0.991467, 425, 313, 488, 344
-0.99148, 233, 201, 296, 264
-0.991482, 321, 85, 384, 116
-0.991484, 185, 241, 248, 272
-0.991496, 49, 149, 112, 180
-0.991501, 33, 161, 96, 192
-0.991504, 153, 289, 216, 320
-0.99151, 357, 1, 388, 128
-0.991528, 121, 341, 184, 372
-0.99155, 321, 117, 384, 148
-0.991576, 253, 133, 284, 164
-0.991576, 105, 213, 168, 244
-0.991582, 369, 177, 400, 304
-0.991588, 233, 309, 296, 340
-0.991601, 129, 281, 384, 344
-0.991607, 285, 241, 316, 272
-0.991623, 153, 165, 216, 196
-0.991626, 169, 329, 232, 360
-0.991641, 433, 133, 496, 164
-0.991643, 9, 289, 72, 320
-0.991644, 1, 157, 64, 188
-0.991649, 105, 141, 168, 172
-0.99166, 145, 329, 208, 360
-0.991664, 385, 77, 448, 108
-0.99167, 97, 153, 128, 184
-0.991674, 157, 253, 188, 284
-0.991688, 1, 49, 64, 176
-0.991694, 105, 193, 168, 224
-0.991697, 105, 1, 168, 375
-0.991701, 97, 317, 224, 348
-0.991706, 361, 293, 392, 324
-0.991709, 209, 185, 272, 248
-0.991714, 193, 213, 224, 244
-0.991715, 409, 137, 472, 168
-0.991728, 273, 109, 336, 140
-0.991733, 309, 121, 340, 152
-0.991776, 273, 285, 304, 316
-0.991785, 129, 225, 192, 256
-0.991785, 73, 209, 104, 336
-0.991803, 363, 73, 378, 136
-0.991827, 141, 141, 172, 172
-0.991837, 217, 229, 248, 260
-0.991839, 233, 273, 296, 304
-0.991843, 385, 105, 448, 136
-0.991876, 293, 293, 324, 324
-0.991882, 433, 121, 496, 152
-0.991885, 321, 137, 384, 168
-0.991898, 41, 149, 72, 180
-0.991908, 349, 105, 364, 168
-0.991912, 225, 125, 288, 156
-0.991914, 201, 133, 264, 164
-0.991917, 9, 277, 72, 308
-0.991925, 173, 317, 204, 348
-0.991929, 93, 193, 124, 320
-0.991931, 137, 261, 168, 292
-0.991933, 445, 241, 476, 368
-0.991936, 249, 285, 280, 316
-0.991944, 233, 321, 264, 352
-0.991944, 181, 225, 212, 256
-0.992032, 201, 137, 232, 168
-0.992044, 201, 233, 232, 264
-0.992077, 97, 33, 224, 160
-0.992089, 17, 241, 48, 368
-0.992142, 181, 249, 212, 280
-0.992143, 137, 285, 168, 316
-0.992158, 309, 225, 340, 256
-0.992163, 193, 185, 320, 248
-0.99217, 389, 1, 420, 128
-0.992191, 161, 321, 288, 352
-0.992194, 109, 277, 140, 308
-0.992194, 133, 313, 164, 344
-0.992198, 97, 169, 224, 232
-0.992209, 53, 149, 84, 180
-0.992213, 225, 17, 352, 144
-0.992217, 237, 233, 268, 264
-0.992238, 161, 305, 416, 368
-0.992255, 221, 321, 252, 352
-0.992257, 333, 133, 364, 164
-0.992258, 165, 301, 196, 332
-0.99226, 413, 241, 444, 368
-0.992274, 273, 237, 304, 268
-0.992308, 213, 309, 244, 340
-0.992327, 137, 205, 168, 236
-0.992341, 233, 281, 264, 312
-0.992348, 373, 77, 404, 108
-0.992356, 169, 221, 200, 252
-0.99236, 109, 257, 140, 288
-0.99236, 377, 225, 408, 352
-0.992361, 13, 153, 44, 184
-0.992367, 209, 65, 240, 192
-0.992371, 105, 325, 136, 356
-0.992399, 273, 137, 336, 200
-0.992409, 361, 233, 424, 296
-0.992417, 125, 273, 156, 304
-0.992421, 357, 97, 372, 160
-0.992431, 121, 301, 152, 332
-0.99244, 121, 253, 152, 284
-0.992441, 213, 245, 244, 276
-0.992452, 105, 305, 136, 336
-0.992478, 57, 193, 120, 256
-0.992514, 1, 297, 500, 360
-0.992538, 265, 129, 296, 160
-0.992545, 221, 281, 252, 312
-0.992602, 129, 129, 384, 192
-0.992612, 321, 217, 352, 248
-0.992617, 469, 177, 500, 208
-0.992621, 169, 253, 200, 284
-0.992624, 177, 185, 208, 216
-0.992629, 337, 249, 368, 280
-0.992633, 437, 341, 468, 372
-0.992635, 57, 81, 88, 208
-0.992637, 185, 201, 200, 264
-0.992657, 153, 305, 184, 336
-0.992657, 257, 289, 500, 352
-0.992685, 245, 321, 276, 352
-0.9927, 357, 193, 388, 320
-0.992709, 1, 241, 32, 368
-0.992713, 141, 185, 172, 216
-0.992733, 197, 305, 228, 336
-0.992745, 33, 153, 288, 216
-0.992746, 157, 209, 188, 240
-0.992751, 97, 249, 352, 312
-0.992764, 353, 85, 384, 116
-0.992772, 281, 49, 312, 176
-0.992776, 277, 125, 308, 156
-0.992787, 353, 101, 384, 132
-0.99279, 373, 57, 404, 88
-0.992795, 289, 253, 320, 284
-0.992796, 217, 225, 232, 288
-0.99282, 369, 81, 400, 208
-0.992831, 181, 305, 212, 336
-0.992878, 111, 297, 126, 360
-0.992881, 181, 169, 212, 200
-0.992896, 201, 269, 232, 300
-0.992904, 113, 1, 176, 256
-0.992945, 185, 1, 248, 256
-0.992957, 1, 281, 256, 344
-0.992957, 369, 225, 496, 288
-0.992958, 293, 305, 324, 336
-0.992958, 341, 217, 372, 248
-0.99296, 305, 309, 336, 340
-0.992973, 225, 293, 256, 324
-0.992994, 165, 185, 196, 216
-0.993035, 349, 309, 380, 340
-0.99304, 195, 305, 210, 368
-0.99307, 381, 89, 412, 120
-0.993073, 345, 1, 376, 128
-0.993075, 245, 261, 276, 292
-0.993099, 233, 141, 264, 172
-0.9931, 141, 245, 172, 276
-0.9931, 1, 257, 500, 320
-0.993127, 291, 265, 306, 328
-0.993127, 209, 153, 336, 216
-0.99315, 141, 273, 172, 304
-0.99315, 161, 193, 176, 256
-0.993162, 141, 301, 172, 332
-0.993177, 189, 293, 220, 324
-0.993179, 161, 233, 288, 264
-0.993191, 141, 217, 172, 248
-0.993194, 273, 309, 304, 340
-0.993207, 1, 33, 128, 160
-0.993225, 89, 289, 120, 320
-0.993232, 465, 189, 496, 220
-0.993247, 237, 309, 268, 340
-0.993254, 125, 289, 156, 320
-0.993254, 341, 325, 372, 356
-0.993256, 257, 257, 500, 320
-0.993275, 1, 193, 256, 256
-0.993285, 329, 233, 360, 264
-0.993287, 185, 261, 216, 292
-0.993293, 293, 281, 324, 312
-0.993308, 287, 233, 302, 296
-0.993313, 273, 25, 400, 88
-0.993314, 121, 149, 152, 180
-0.993325, 161, 105, 416, 168
-0.993328, 361, 329, 392, 360
-0.993345, 349, 249, 380, 280
-0.993366, 265, 333, 296, 364
-0.993367, 1, 233, 500, 296
-0.993371, 145, 317, 176, 348
-0.99338, 345, 345, 376, 375
-0.993388, 317, 237, 348, 268
-0.9934, 277, 269, 308, 300
-0.993405, 207, 257, 222, 320
-0.993411, 413, 161, 444, 288
-0.993423, 33, 113, 288, 176
-0.993429, 165, 265, 196, 296
-0.993446, 361, 313, 392, 344
-0.993464, 341, 117, 372, 148
-0.993482, 205, 221, 236, 252
-0.993495, 225, 129, 352, 160
-0.993508, 41, 241, 72, 368
-0.993551, 25, 149, 56, 180
-0.993553, 183, 265, 198, 328
-0.993553, 417, 125, 448, 156
-0.993563, 117, 313, 132, 375
-0.993575, 357, 57, 388, 88
-0.993589, 225, 73, 480, 136
-0.993591, 225, 33, 288, 160
-0.993602, 429, 89, 460, 120
-0.993605, 277, 253, 308, 284
-0.993612, 137, 233, 168, 264
-0.993613, 277, 297, 308, 328
-0.993619, 173, 145, 204, 176
-0.993634, 345, 229, 376, 260
-0.993636, 153, 289, 184, 320
-0.993647, 385, 49, 400, 112
-0.993656, 417, 113, 448, 144
-0.993658, 281, 289, 296, 352
-0.993674, 73, 49, 136, 176
-0.993687, 197, 257, 228, 288
-0.993715, 161, 201, 416, 264
-0.993739, 189, 305, 204, 368
-0.99379, 343, 105, 358, 168
-0.9938, 97, 201, 224, 232
-0.993805, 211, 225, 226, 288
-0.993821, 209, 281, 336, 312
-0.993891, 425, 89, 440, 152
-0.993896, 257, 313, 384, 344
-0.9939, 337, 313, 464, 344
-0.993935, 371, 41, 386, 104
-0.993935, 193, 293, 320, 324
-0.993946, 217, 281, 232, 344
-0.993951, 1, 121, 500, 184
-0.993957, 181, 313, 196, 375
-0.99398, 225, 233, 240, 296
-0.994003, 321, 329, 448, 360
-0.994086, 365, 41, 380, 104
-0.994087, 301, 281, 316, 344
-0.994178, 245, 49, 276, 176
-0.994209, 191, 201, 206, 264
-0.994221, 337, 105, 464, 136
-0.994243, 1, 257, 256, 320
-0.994256, 291, 289, 306, 352
-0.994289, 191, 225, 206, 288
-0.99429, 337, 301, 464, 332
-0.994297, 113, 213, 240, 244
-0.994303, 263, 313, 278, 375
-0.994324, 163, 217, 178, 280
-0.99433, 249, 33, 312, 160
-0.994334, 209, 249, 336, 280
-0.994354, 419, 89, 434, 152
-0.994355, 361, 129, 424, 375
-0.994384, 335, 209, 350, 272
-0.994399, 271, 297, 286, 360
-0.994434, 193, 269, 320, 300
-0.994464, 201, 209, 216, 272
-0.994489, 469, 17, 500, 144
-0.994493, 379, 41, 394, 104
-0.994498, 337, 73, 464, 104
-0.99451, 25, 145, 40, 208
-0.994535, 337, 341, 464, 372
-0.99459, 353, 145, 384, 272
-0.994629, 247, 257, 262, 320
-0.994644, 469, 209, 500, 336
-0.994671, 257, 49, 500, 112
-0.994675, 211, 281, 226, 344
-0.994687, 253, 177, 284, 304
-0.994687, 239, 273, 254, 336
-0.994705, 305, 113, 320, 176
-0.994708, 209, 237, 336, 268
-0.994758, 29, 241, 60, 368
-0.994765, 241, 333, 368, 364
-0.994831, 81, 153, 208, 184
-0.994835, 257, 129, 272, 192
-0.994846, 1, 149, 128, 180
-0.994885, 129, 289, 256, 320
-0.994889, 149, 193, 164, 256
-0.994891, 171, 185, 186, 248
-0.994902, 161, 245, 288, 276
-0.994909, 337, 121, 352, 184
-0.994934, 273, 221, 400, 252
-0.994938, 179, 225, 194, 288
-0.99494, 113, 277, 240, 308
-0.994951, 257, 117, 384, 148
-0.994959, 113, 233, 240, 264
-0.995, 1, 97, 500, 160
-0.995011, 69, 145, 84, 208
-0.995024, 429, 17, 460, 144
-0.995071, 257, 293, 384, 324
-0.995077, 323, 225, 338, 288
-0.995082, 355, 297, 370, 360
-0.995085, 225, 225, 352, 256
-0.995095, 273, 233, 400, 264
-0.995108, 205, 233, 220, 296
-0.995189, 1, 185, 128, 248
-0.995244, 113, 305, 240, 336
-0.995261, 85, 65, 116, 192
-0.995289, 125, 281, 140, 344
-0.995312, 369, 17, 496, 80
-0.995317, 177, 81, 304, 144
-0.995322, 263, 129, 278, 192
-0.995329, 1, 209, 500, 272
-0.995331, 201, 97, 232, 352
-0.995368, 193, 153, 448, 216
-0.995391, 143, 137, 158, 200
-0.995391, 179, 201, 194, 264
-0.995399, 143, 193, 158, 256
-0.995409, 141, 257, 156, 320
-0.995426, 129, 177, 384, 240
-0.995439, 177, 305, 304, 336
-0.995457, 273, 113, 288, 176
-0.995461, 307, 289, 322, 352
-0.995471, 357, 217, 372, 280
-0.995475, 243, 297, 258, 360
-0.995477, 145, 185, 272, 216
-0.995489, 369, 81, 384, 144
-0.995491, 249, 97, 280, 352
-0.995511, 349, 313, 364, 375
-0.995514, 105, 289, 120, 352
-0.995521, 161, 221, 288, 252
-0.995529, 111, 257, 126, 320
-0.995542, 201, 305, 216, 368
-0.995548, 311, 113, 326, 176
-0.995555, 337, 129, 464, 160
-0.995561, 187, 177, 202, 240
-0.995573, 33, 285, 160, 316
-0.995581, 229, 129, 260, 375
-0.995612, 161, 145, 176, 208
-0.995615, 129, 261, 256, 292
-0.995624, 289, 345, 416, 375
-0.995631, 321, 117, 448, 148
-0.995648, 337, 97, 352, 160
-0.995674, 297, 241, 312, 304
-0.995689, 177, 133, 304, 164
-0.995694, 249, 233, 264, 296
-0.995698, 161, 273, 176, 336
-0.995714, 137, 193, 152, 256
-0.995722, 413, 89, 428, 152
-0.99574, 181, 289, 196, 352
-0.995748, 279, 265, 294, 328
-0.99575, 299, 217, 314, 280
-0.995751, 155, 177, 170, 240
-0.995772, 9, 129, 40, 375
-0.995779, 209, 129, 224, 192
-0.995795, 113, 249, 240, 280
-0.995807, 333, 97, 364, 352
-0.995813, 339, 233, 354, 296
-0.995818, 57, 129, 88, 375
-0.995837, 231, 265, 246, 328
-0.995837, 1, 185, 500, 248
-0.99584, 363, 97, 378, 160
-0.995842, 457, 17, 488, 144
-0.995847, 79, 161, 94, 224
-0.995855, 337, 61, 464, 92
-0.995855, 145, 97, 176, 352
-0.995885, 257, 201, 500, 264
-0.995895, 117, 281, 132, 344
-0.9959, 199, 233, 214, 296
-0.995902, 21, 129, 52, 375
-0.995916, 185, 129, 216, 375
-0.995921, 225, 289, 240, 352
-0.995923, 257, 145, 384, 208
-0.995932, 349, 129, 364, 192
-0.995934, 81, 293, 208, 324
-0.99594, 273, 249, 400, 280
-0.995951, 173, 257, 188, 320
-0.995956, 343, 209, 358, 272
-0.995957, 179, 177, 194, 240
-0.995958, 299, 113, 314, 176
-0.995977, 97, 153, 112, 216
-0.995993, 137, 153, 152, 216
-0.995993, 369, 33, 400, 288
-0.996004, 433, 129, 464, 375
-0.996015, 373, 289, 388, 352
-0.996041, 289, 113, 304, 176
-0.996042, 131, 249, 146, 312
-0.996048, 33, 301, 160, 332
-0.996057, 33, 129, 64, 375
-0.996058, 241, 73, 368, 136
-0.996059, 193, 333, 320, 364
-0.996061, 361, 297, 376, 360
-0.996061, 243, 137, 258, 200
-0.996068, 285, 265, 300, 328
-0.996085, 45, 129, 76, 375
-0.996094, 47, 145, 62, 208
-0.996106, 65, 213, 192, 244
-0.996116, 213, 129, 244, 375
-0.996131, 155, 257, 170, 320
-0.996161, 153, 129, 168, 192
-0.99617, 405, 89, 420, 152
-0.99618, 337, 285, 464, 316
-0.996186, 251, 313, 266, 375
-0.99619, 393, 81, 408, 144
-0.996208, 257, 281, 384, 312
-0.996214, 81, 265, 208, 296
-0.996216, 241, 233, 256, 296
-0.996219, 329, 209, 344, 272
-0.996222, 15, 129, 30, 192
-0.996228, 93, 129, 124, 375
-0.996228, 257, 313, 272, 375
-0.99623, 1, 145, 500, 208
-0.996234, 301, 97, 332, 352
-0.996238, 431, 105, 446, 168
-0.99625, 203, 137, 218, 200
-0.996256, 191, 281, 206, 344
-0.996264, 77, 129, 108, 375
-0.996291, 353, 65, 384, 320
-0.996293, 483, 121, 498, 184
-0.996335, 109, 129, 140, 375
-0.996348, 109, 145, 124, 208
-0.996352, 337, 229, 464, 260
-0.996423, 357, 65, 372, 128
-0.996445, 241, 105, 368, 136
-0.996446, 209, 305, 224, 368
-0.996446, 317, 121, 332, 184
-0.996452, 413, 65, 444, 320
-0.996452, 203, 281, 218, 344
-0.996458, 321, 97, 352, 352
-0.996472, 161, 145, 288, 176
-0.996478, 301, 305, 316, 368
-0.996498, 289, 57, 416, 88
-0.996508, 273, 249, 288, 312
-0.996512, 169, 289, 184, 352
-0.996515, 185, 225, 200, 288
-0.996519, 255, 249, 270, 312
-0.996522, 161, 205, 288, 236
-0.996532, 127, 145, 142, 208
-0.996543, 165, 129, 196, 375
-0.996547, 171, 225, 186, 288
-0.996551, 113, 329, 240, 360
-0.996558, 289, 97, 320, 352
-0.996576, 161, 173, 288, 204
-0.996576, 209, 321, 336, 352
-0.996592, 151, 217, 166, 280
-0.996612, 399, 89, 414, 152
-0.996622, 347, 241, 362, 304
-0.996633, 225, 141, 352, 172
-0.996663, 113, 173, 240, 204
-0.996673, 321, 97, 336, 160
-0.996675, 133, 129, 164, 375
-0.996681, 329, 113, 344, 176
-0.996694, 231, 233, 246, 296
-0.996696, 353, 213, 480, 244
-0.996698, 289, 105, 416, 136
-0.99672, 445, 97, 476, 352
-0.99675, 465, 97, 496, 352
-0.99678, 289, 77, 416, 108
-0.996809, 369, 325, 496, 356
-0.996815, 209, 213, 336, 244
-0.996848, 97, 185, 224, 216
-0.996871, 369, 117, 496, 148
-0.99688, 113, 141, 240, 172
-0.996903, 337, 241, 464, 272
-0.996926, 1, 161, 128, 192
-0.997001, 401, 65, 432, 320
-0.99701, 273, 269, 400, 300
-0.997019, 49, 1, 176, 128
-0.997021, 277, 97, 308, 352
-0.997039, 97, 341, 224, 372
-0.997044, 33, 265, 160, 296
-0.997046, 121, 129, 152, 375
-0.997047, 33, 197, 160, 228
-0.997068, 65, 253, 192, 284
-0.997112, 33, 333, 160, 364
-0.997164, 241, 345, 368, 375
-0.99725, 201, 33, 264, 160
-0.997274, 161, 161, 288, 192
-0.997289, 261, 97, 292, 352
-0.99733, 337, 269, 464, 300
-0.997364, 49, 321, 176, 352
-0.997367, 257, 93, 384, 124
-0.99741, 337, 253, 464, 284
-0.997438, 337, 49, 464, 80
-0.997441, 1, 1, 64, 128
-0.997493, 65, 225, 192, 256
-0.997532, 381, 33, 412, 288
-0.997599, 187, 313, 202, 344
-0.997611, 267, 321, 282, 352
-0.997618, 33, 97, 160, 160
-0.997626, 337, 121, 352, 152
-0.997646, 369, 149, 496, 180
-0.997655, 259, 245, 274, 276
-0.997661, 289, 237, 304, 268
-0.997669, 233, 277, 248, 308
-0.99768, 197, 317, 212, 348
-0.997682, 261, 321, 276, 352
-0.997682, 289, 209, 416, 240
-0.997691, 193, 213, 208, 244
-0.997692, 313, 121, 328, 152
-0.997694, 305, 121, 320, 152
-0.9977, 223, 285, 238, 316
-0.9977, 369, 341, 384, 372
-0.997705, 365, 49, 380, 80
-0.997705, 325, 121, 340, 152
-0.997709, 123, 313, 138, 344
-0.997711, 65, 89, 320, 152
-0.997717, 363, 85, 378, 116
-0.997718, 179, 201, 194, 232
-0.99772, 221, 229, 236, 260
-0.997721, 243, 273, 258, 304
-0.997725, 235, 321, 250, 352
-0.997727, 245, 261, 260, 292
-0.997729, 273, 321, 288, 352
-0.99773, 349, 133, 364, 164
-0.997732, 153, 137, 168, 168
-0.997732, 205, 317, 220, 348
-0.997738, 49, 141, 176, 172
-0.997738, 25, 149, 40, 180
-0.997741, 337, 333, 352, 364
-0.997742, 211, 285, 226, 316
-0.997745, 117, 305, 132, 336
-0.997748, 157, 301, 172, 332
-0.997749, 179, 213, 194, 244
-0.99775, 177, 253, 192, 284
-0.99775, 271, 129, 286, 160
-0.997756, 357, 101, 372, 132
-0.997757, 209, 273, 224, 304
-0.997758, 185, 225, 200, 256
-0.997758, 311, 217, 326, 248
-0.99776, 379, 45, 394, 76
-0.997761, 209, 257, 224, 288
-0.997762, 165, 313, 180, 344
-0.997762, 235, 265, 250, 296
-0.997763, 169, 189, 184, 220
-0.997765, 201, 217, 216, 248
-0.997765, 229, 265, 244, 296
-0.997767, 319, 121, 334, 152
-0.997771, 375, 341, 390, 372
-0.997772, 161, 197, 176, 228
-0.997773, 241, 321, 256, 352
-0.997777, 187, 209, 202, 240
-0.997779, 251, 261, 266, 292
-0.99778, 265, 245, 280, 276
-0.997781, 151, 257, 166, 288
-0.997781, 295, 121, 310, 152
-0.997782, 253, 285, 268, 316
-0.997782, 309, 301, 324, 332
-0.997789, 169, 201, 184, 232
-0.997789, 149, 181, 164, 212
-0.997789, 209, 237, 224, 268
-0.997792, 227, 233, 242, 264
-0.997792, 257, 177, 500, 240
-0.997793, 177, 185, 192, 216
-0.997796, 107, 325, 122, 356
-0.997798, 135, 281, 150, 312
-0.997798, 219, 241, 234, 272
-0.997802, 145, 269, 160, 300
-0.997805, 177, 317, 192, 348
-0.997806, 299, 249, 314, 280
-0.997807, 255, 321, 270, 352
-0.99781, 421, 93, 436, 124
-0.99781, 183, 273, 198, 304
-0.997811, 297, 309, 312, 340
-0.997812, 97, 157, 112, 188
-0.997813, 189, 169, 204, 200
-0.997815, 293, 289, 308, 320
-0.997816, 47, 145, 62, 176
-0.997817, 135, 253, 150, 284
-0.997818, 155, 245, 170, 276
-0.99782, 133, 297, 148, 328
-0.99782, 135, 205, 150, 236
-0.99782, 343, 133, 358, 164
-0.997821, 193, 157, 208, 188
-0.997822, 305, 217, 320, 248
-0.997822, 69, 153, 84, 184
-0.997822, 415, 89, 430, 120
-0.997823, 247, 321, 262, 352
-0.997825, 393, 89, 408, 120
-0.997825, 331, 121, 346, 152
-0.997825, 111, 301, 126, 332
-0.997826, 363, 341, 378, 372
-0.997827, 193, 225, 208, 256
-0.997827, 385, 53, 400, 84
-0.99783, 253, 249, 268, 280
-0.997831, 253, 133, 268, 164
-0.997833, 351, 109, 366, 140
-0.997834, 283, 277, 298, 308
-0.997835, 345, 113, 360, 144
-0.997837, 229, 321, 244, 352
-0.997837, 217, 281, 232, 312
-0.997837, 371, 329, 386, 360
-0.997838, 303, 285, 318, 316
-0.997838, 131, 317, 146, 348
-0.997838, 135, 269, 150, 300
-0.99784, 343, 329, 358, 360
-0.99784, 295, 277, 310, 308
-0.99784, 325, 217, 340, 248
-0.997841, 109, 153, 124, 184
-0.997844, 145, 245, 160, 276
-0.997845, 143, 193, 158, 224
-0.997845, 177, 305, 192, 336
-0.997846, 277, 129, 292, 160
-0.997846, 171, 213, 186, 244
-0.997847, 113, 325, 128, 356
-0.99785, 141, 145, 156, 176
-0.99785, 363, 105, 378, 136
-0.997851, 201, 305, 216, 336
-0.997851, 159, 317, 174, 348
-0.997852, 127, 273, 142, 304
-0.997852, 471, 181, 486, 212
-0.997853, 163, 293, 178, 324
-0.997853, 233, 233, 248, 264
-0.997853, 239, 289, 254, 320
-0.997855, 217, 317, 232, 348
-0.997855, 339, 245, 354, 276
-0.997857, 183, 253, 198, 284
-0.997858, 207, 217, 222, 248
-0.997859, 429, 109, 444, 140
-0.997861, 299, 225, 314, 256
-0.997863, 273, 281, 288, 312
-0.997865, 223, 273, 238, 304
-0.997868, 157, 273, 172, 304
-0.997869, 49, 165, 176, 196
-0.997893, 289, 133, 416, 164
-0.997906, 65, 241, 192, 272
-0.997914, 33, 33, 96, 160
-0.99793, 177, 121, 304, 152
-0.997952, 289, 45, 416, 76
-0.998007, 425, 33, 456, 288
-0.998067, 49, 345, 176, 375
-0.998138, 153, 33, 216, 160
-0.99816, 193, 105, 320, 136
-0.998162, 333, 1, 364, 256
-0.998168, 361, 49, 376, 176
-0.99823, 49, 185, 176, 216
-0.998273, 161, 49, 416, 112
-0.99832, 317, 1, 348, 256
-0.998325, 441, 1, 472, 256
-0.998332, 305, 1, 336, 256
-0.998339, 161, 25, 416, 88
-0.998402, 1, 73, 500, 136
-0.998407, 297, 249, 328, 264
-0.998408, 97, 89, 224, 152
-0.998409, 169, 215, 200, 230
-0.99841, 141, 217, 172, 232
-0.998412, 1, 33, 32, 288
-0.998412, 149, 255, 180, 270
-0.998416, 361, 303, 392, 318
-0.998416, 141, 203, 172, 218
-0.998417, 161, 249, 192, 264
-0.998417, 125, 281, 156, 296
-0.998424, 277, 241, 308, 256
-0.998426, 225, 293, 256, 308
-0.998427, 165, 309, 196, 324
-0.998433, 149, 263, 180, 278
-0.998435, 233, 325, 296, 340
-0.998436, 109, 277, 140, 292
-0.998437, 13, 33, 44, 288
-0.998438, 329, 333, 392, 348
-0.998438, 193, 327, 224, 342
-0.998439, 249, 249, 312, 264
-0.99844, 369, 161, 496, 192
-0.998441, 29, 33, 60, 288
-0.998442, 217, 281, 248, 296
-0.998445, 241, 287, 272, 302
-0.998445, 373, 63, 404, 78
-0.998446, 153, 319, 216, 334
-0.998447, 345, 63, 408, 78
-0.998449, 193, 323, 256, 338
-0.998452, 369, 37, 496, 68
-0.998459, 361, 93, 424, 108
-0.998459, 205, 305, 236, 320
-0.998464, 141, 357, 172, 372
-0.998464, 333, 349, 364, 364
-0.998465, 333, 141, 364, 156
-0.998465, 45, 33, 76, 288
-0.998466, 345, 57, 408, 72
-0.998468, 57, 153, 88, 168
-0.998477, 305, 321, 336, 336
-0.998477, 325, 123, 356, 138
-0.998479, 209, 239, 240, 254
-0.99848, 345, 69, 408, 84
-0.998482, 113, 321, 176, 336
-0.998485, 177, 357, 240, 372
-0.998486, 157, 211, 188, 226
-0.998487, 121, 315, 184, 330
-0.998487, 337, 327, 400, 342
-0.998487, 241, 135, 304, 150
-0.998489, 201, 261, 232, 276
-0.998489, 345, 51, 408, 66
-0.998496, 153, 221, 184, 236
-0.998499, 177, 313, 208, 328
-0.998499, 137, 203, 200, 218
-0.9985, 209, 233, 272, 248
-0.998502, 265, 317, 328, 332
-0.998502, 233, 333, 296, 348
-0.998503, 153, 211, 216, 226
-0.998503, 337, 315, 400, 330
-0.998503, 289, 121, 352, 136
-0.998504, 185, 235, 248, 250
-0.998507, 329, 349, 392, 364
-0.998507, 337, 307, 400, 322
-0.998507, 157, 197, 188, 212
-0.998511, 265, 327, 328, 342
-0.998512, 169, 225, 232, 240
-0.998514, 385, 351, 448, 366
-0.998514, 371, 33, 386, 160
-0.998515, 129, 219, 192, 234
-0.998515, 313, 219, 376, 234
-0.998516, 121, 271, 184, 286
-0.998516, 113, 253, 176, 268
-0.998518, 137, 325, 200, 340
-0.998518, 281, 131, 312, 146
-0.998519, 161, 219, 224, 234
-0.998519, 297, 305, 360, 320
-0.99852, 249, 255, 312, 270
-0.998521, 345, 357, 408, 372
-0.998523, 337, 301, 400, 316
-0.998523, 97, 291, 160, 306
-0.998526, 133, 313, 164, 328
-0.998527, 249, 333, 280, 348
-0.998529, 189, 301, 220, 316
-0.998529, 161, 267, 224, 282
-0.99853, 25, 153, 88, 168
-0.99853, 345, 75, 408, 90
-0.998531, 185, 299, 248, 314
-0.998532, 337, 321, 400, 336
-0.998533, 257, 303, 320, 318
-0.998534, 289, 249, 352, 264
-0.998535, 273, 309, 336, 324
-0.998535, 97, 283, 160, 298
-0.998535, 313, 343, 376, 358
-0.998536, 161, 331, 224, 346
-0.998536, 161, 255, 224, 270
-0.998537, 177, 287, 240, 302
-0.998538, 177, 317, 240, 332
-0.998538, 385, 93, 448, 108
-0.998538, 265, 281, 328, 296
-0.998539, 201, 287, 264, 302
-0.99854, 265, 129, 328, 144
-0.998541, 121, 259, 184, 274
-0.998541, 249, 243, 312, 258
-0.998541, 137, 151, 200, 166
-0.998542, 161, 293, 224, 308
-0.998543, 305, 135, 368, 150
-0.998543, 129, 197, 192, 212
-0.998543, 305, 311, 368, 326
-0.998544, 137, 183, 200, 198
-0.998545, 129, 141, 192, 156
-0.998545, 233, 233, 296, 248
-0.998546, 297, 321, 360, 336
-0.998546, 185, 293, 248, 308
-0.998546, 121, 291, 184, 306
-0.998547, 145, 225, 208, 240
-0.998547, 369, 181, 496, 212
-0.998549, 361, 99, 424, 114
-0.998551, 265, 123, 328, 138
-0.998551, 153, 231, 216, 246
-0.998551, 145, 301, 208, 316
-0.998552, 209, 245, 272, 260
-0.998552, 153, 261, 216, 276
-0.998553, 361, 87, 424, 102
-0.998553, 137, 253, 200, 268
-0.998553, 193, 269, 256, 284
-0.998554, 89, 157, 152, 172
-0.998554, 97, 277, 160, 292
-0.998554, 209, 329, 272, 344
-0.998554, 121, 297, 184, 312
-0.998554, 217, 281, 280, 296
-0.998555, 433, 333, 496, 348
-0.998555, 225, 33, 256, 288
-0.998555, 209, 239, 272, 254
-0.998555, 273, 225, 336, 240
-0.998556, 309, 123, 340, 138
-0.998556, 89, 337, 152, 352
-0.998557, 345, 343, 408, 358
-0.998558, 289, 219, 352, 234
-0.998558, 265, 297, 328, 312
-0.998558, 313, 229, 376, 244
-0.998558, 385, 99, 448, 114
-0.998559, 169, 325, 232, 340
-0.99856, 137, 361, 200, 375
-0.998561, 65, 161, 128, 176
-0.998562, 161, 187, 224, 202
-0.998562, 433, 339, 496, 354
-0.998562, 305, 299, 368, 314
-0.998562, 233, 141, 296, 156
-0.998562, 209, 253, 272, 268
-0.998563, 209, 143, 272, 158
-0.998563, 181, 255, 212, 270
-0.998564, 129, 213, 192, 228
-0.998566, 121, 309, 184, 324
-0.998568, 313, 141, 376, 156
-0.998568, 65, 287, 128, 302
-0.998568, 425, 359, 488, 374
-0.998568, 105, 303, 168, 318
-0.998571, 97, 271, 160, 286
-0.998572, 97, 297, 160, 312
-0.998573, 345, 105, 408, 120
-0.998575, 145, 313, 208, 328
-0.998575, 233, 263, 296, 278
-0.998578, 97, 327, 160, 342
-0.998578, 129, 189, 192, 204
-0.998578, 241, 129, 304, 144
-0.998579, 217, 271, 280, 286
-0.998579, 169, 147, 232, 162
-0.99858, 257, 287, 320, 302
-0.99858, 357, 63, 388, 78
-0.998582, 293, 1, 324, 256
-0.998582, 385, 361, 448, 375
-0.998582, 305, 313, 336, 328
-0.998583, 81, 311, 144, 326
-0.998585, 201, 227, 264, 242
-0.998585, 321, 243, 384, 258
-0.998586, 297, 235, 360, 250
-0.998586, 33, 159, 96, 174
-0.998586, 129, 337, 192, 352
-0.998587, 169, 129, 184, 256
-0.998587, 169, 307, 232, 322
-0.998588, 169, 177, 232, 192
-0.998589, 201, 137, 264, 152
-0.998591, 121, 153, 152, 168
-0.998594, 125, 273, 156, 288
-0.998595, 161, 325, 192, 340
-0.998609, 185, 33, 216, 288
-0.99861, 173, 293, 204, 308
-0.998617, 353, 201, 480, 232
-0.998623, 281, 293, 312, 308
-0.998626, 285, 285, 316, 300
-0.998627, 293, 313, 324, 328
-0.998629, 169, 333, 200, 348
-0.998635, 457, 1, 488, 256
-0.998635, 113, 299, 144, 314
-0.998636, 265, 335, 296, 350
-0.998642, 141, 141, 172, 156
-0.998643, 241, 265, 272, 280
-0.998647, 427, 81, 442, 208
-0.998653, 229, 275, 260, 290
-0.998653, 209, 275, 240, 290
-0.998659, 281, 1, 312, 256
-0.998665, 77, 33, 108, 288
-0.998668, 201, 229, 232, 244
-0.998678, 237, 33, 268, 288
-0.998679, 33, 121, 160, 152
-0.998686, 201, 147, 232, 162
-0.998687, 161, 357, 192, 372
-0.998688, 183, 241, 198, 368
-0.998692, 345, 349, 376, 364
-0.998698, 121, 307, 152, 322
-0.998699, 377, 89, 408, 104
-0.9987, 137, 267, 168, 282
-0.998706, 129, 129, 256, 160
-0.998718, 209, 323, 240, 338
-0.99872, 193, 345, 320, 375
-0.998721, 193, 209, 208, 336
-0.998727, 213, 33, 244, 288
-0.998729, 383, 33, 398, 160
-0.99873, 197, 223, 228, 238
-0.998733, 353, 103, 384, 118
-0.998734, 321, 231, 352, 246
-0.998736, 345, 81, 360, 208
-0.998738, 277, 279, 308, 294
-0.998738, 341, 115, 372, 130
-0.99874, 151, 129, 166, 256
-0.998744, 281, 307, 312, 322
-0.998753, 167, 193, 182, 320
-0.998755, 143, 129, 158, 256
-0.998757, 25, 129, 40, 256
-0.99876, 61, 33, 92, 288
-0.998763, 281, 125, 312, 140
-0.998768, 161, 193, 176, 320
-0.998773, 161, 129, 176, 256
-0.998779, 361, 345, 392, 360
-0.998779, 219, 241, 234, 368
-0.998784, 121, 253, 152, 268
-0.998785, 165, 221, 196, 236
-0.998786, 109, 33, 140, 288
-0.998787, 185, 177, 216, 192
-0.99879, 1, 249, 128, 280
-0.998791, 361, 297, 392, 312
-0.998795, 145, 177, 160, 304
-0.998796, 421, 81, 436, 208
-0.998802, 309, 219, 340, 234
-0.998805, 269, 1, 300, 256
-0.998805, 69, 129, 84, 256
-0.998812, 169, 265, 200, 280
-0.998814, 137, 275, 168, 290
-0.998817, 157, 293, 188, 308
-0.99882, 169, 191, 200, 206
-0.998821, 293, 225, 308, 352
-0.998825, 181, 265, 212, 280
-0.998833, 351, 97, 366, 224
-0.998837, 249, 1, 280, 256
-0.998845, 221, 193, 236, 320
-0.99885, 461, 113, 476, 240
-0.998852, 125, 33, 156, 288
-0.998864, 181, 129, 196, 256
-0.998864, 209, 225, 224, 352
-0.998872, 175, 129, 190, 256
-0.998873, 201, 355, 232, 370
-0.998876, 483, 113, 498, 240
-0.998888, 229, 299, 260, 314
-0.998889, 433, 97, 448, 224
-0.99889, 135, 145, 150, 272
-0.99889, 45, 129, 60, 256
-0.998892, 293, 299, 324, 314
-0.998897, 195, 145, 210, 272
-0.998905, 233, 129, 248, 256
-0.998912, 199, 209, 214, 336
-0.998914, 209, 113, 224, 240
-0.998915, 59, 129, 74, 256
-0.998915, 341, 209, 356, 336
-0.998918, 357, 97, 372, 224
-0.998922, 33, 145, 48, 272
-0.998924, 153, 193, 168, 320
-0.998925, 337, 253, 368, 268
-0.998926, 227, 193, 242, 320
-0.998927, 161, 203, 192, 218
-0.998928, 129, 321, 160, 336
-0.99893, 95, 145, 110, 272
-0.998934, 89, 1, 120, 256
-0.998938, 467, 113, 482, 240
-0.998942, 145, 315, 176, 330
-0.998946, 357, 355, 388, 370
-0.998947, 335, 113, 350, 240
-0.998949, 253, 285, 284, 300
-0.998952, 21, 153, 52, 168
-0.998958, 377, 33, 392, 160
-0.998958, 197, 237, 228, 252
-0.998964, 105, 325, 136, 340
-0.998969, 213, 245, 244, 260
-0.998974, 5, 145, 20, 272
-0.998975, 257, 249, 288, 264
-0.998976, 177, 185, 208, 200
-0.998977, 189, 145, 204, 272
-0.998978, 361, 209, 376, 336
-0.99898, 443, 129, 458, 256
-0.998981, 233, 235, 264, 250
-0.998984, 469, 1, 500, 256
-0.998987, 117, 321, 148, 336
-0.998987, 161, 33, 192, 288
-0.998988, 439, 81, 454, 208
-0.998989, 131, 241, 146, 368
-0.998991, 345, 145, 360, 272
-0.998992, 161, 255, 192, 270
-0.998996, 473, 113, 488, 240
-0.998996, 213, 269, 244, 284
-0.998997, 127, 129, 142, 256
-0.998998, 373, 361, 404, 375
-0.998999, 175, 241, 190, 368
-0.999001, 83, 145, 98, 272
-0.999003, 355, 241, 370, 368
-0.999007, 389, 49, 404, 176
-0.999008, 75, 145, 90, 272
-0.999008, 413, 81, 428, 208
-0.99901, 243, 129, 258, 256
-0.999013, 101, 145, 116, 272
-0.999019, 355, 49, 370, 176
-0.99902, 215, 193, 230, 320
-0.999021, 17, 145, 32, 272
-0.999028, 293, 121, 324, 136
-0.999029, 253, 255, 284, 270
-0.999033, 269, 287, 300, 302
-0.999035, 51, 129, 66, 256
-0.999037, 233, 209, 248, 336
-0.99904, 301, 97, 316, 224
-0.999041, 399, 81, 414, 208
-0.999042, 145, 241, 160, 368
-0.999049, 107, 145, 122, 272
-0.99905, 185, 215, 216, 230
-0.999052, 219, 129, 234, 256
-0.999052, 329, 343, 360, 358
-0.999054, 203, 129, 218, 256
-0.999055, 275, 81, 290, 208
-0.999056, 407, 81, 422, 208
-0.999061, 257, 97, 272, 224
-0.999061, 333, 177, 348, 304
-0.999062, 323, 209, 338, 336
-0.999068, 349, 193, 364, 320
-0.999069, 245, 225, 260, 352
-0.999073, 39, 145, 54, 272
-0.999076, 109, 241, 124, 368
-0.999085, 177, 177, 192, 304
-0.999089, 333, 135, 364, 150
-0.999093, 367, 225, 382, 352
-0.999095, 291, 113, 306, 240
-0.999097, 227, 129, 242, 256
-0.999098, 323, 113, 338, 240
-0.999098, 363, 97, 378, 224
-0.999098, 117, 145, 132, 272
-0.999099, 475, 65, 490, 192
-0.999101, 151, 241, 166, 368
-0.999102, 103, 97, 118, 224
-0.999106, 281, 225, 296, 352
-0.999109, 299, 241, 314, 368
-0.999111, 229, 281, 260, 296
-0.999113, 263, 241, 278, 368
-0.999117, 11, 145, 26, 272
-0.999118, 169, 227, 200, 242
-0.999129, 249, 113, 264, 240
-0.99913, 89, 145, 104, 272
-0.999136, 285, 97, 300, 224
-0.999137, 109, 97, 124, 224
-0.999144, 265, 281, 296, 296
-0.999146, 137, 97, 152, 224
-0.999148, 157, 241, 172, 368
-0.999153, 45, 149, 76, 164
-0.999154, 119, 97, 134, 224
-0.999154, 173, 209, 204, 224
-0.999155, 97, 157, 128, 172
-0.999159, 221, 323, 252, 338
-0.999161, 35, 97, 50, 224
-0.999166, 223, 81, 238, 208
-0.999167, 163, 241, 178, 368
-0.999168, 97, 113, 224, 144
-0.999169, 269, 129, 284, 256
-0.999174, 191, 97, 206, 224
-0.999177, 177, 327, 208, 342
-0.999181, 329, 129, 344, 256
-0.999185, 269, 81, 284, 208
-0.999191, 301, 225, 332, 240
-0.999192, 349, 241, 364, 368
-0.999197, 481, 65, 496, 192
-0.999203, 239, 193, 254, 320
-0.999206, 307, 113, 322, 240
-0.999207, 467, 65, 482, 192
-0.999207, 169, 241, 184, 368
-0.999226, 287, 209, 302, 336
-0.999233, 103, 241, 118, 368
-0.999235, 241, 81, 256, 208
-0.999239, 15, 97, 30, 224
-0.999246, 277, 247, 308, 262
-0.999247, 355, 193, 370, 320
-0.999251, 449, 145, 464, 272
-0.999253, 197, 97, 212, 224
-0.999254, 97, 97, 112, 224
-0.99926, 17, 209, 144, 240
-0.999266, 139, 209, 154, 336
-0.999269, 317, 113, 332, 240
-0.999272, 17, 237, 144, 268
-0.999277, 317, 225, 332, 352
-0.999281, 7, 97, 22, 224
-0.999282, 263, 129, 278, 256
-0.999282, 229, 267, 260, 282
-0.999283, 435, 209, 450, 336
-0.999285, 89, 97, 104, 224
-0.999286, 321, 219, 352, 234
-0.999293, 205, 177, 220, 304
-0.999303, 173, 33, 204, 288
-0.999305, 405, 95, 436, 110
-0.999312, 17, 221, 144, 252
-0.999315, 209, 201, 336, 232
-0.999334, 369, 355, 400, 370
-0.999353, 181, 227, 212, 242
-0.999386, 209, 287, 240, 302
-0.999392, 253, 135, 284, 150
-0.99942, 241, 327, 272, 342
-0.999437, 137, 1, 168, 256
-0.999441, 269, 133, 300, 148
-0.999446, 349, 109, 380, 124
-0.999459, 209, 93, 336, 124
-0.999463, 197, 321, 228, 336
-0.99948, 197, 1, 228, 256
-0.999504, 209, 153, 336, 184
-0.999508, 209, 173, 336, 204
-0.999538, 273, 145, 400, 176
-0.999565, 145, 109, 272, 140
-0.999611, 65, 1, 320, 64
-0.999643, 289, 177, 416, 240
-0.999646, 185, 319, 216, 334
-0.999713, 161, 93, 288, 124
-0.999716, 365, 129, 396, 375
-0.999717, 149, 1, 180, 256
-0.999761, 337, 337, 352, 352
-0.999761, 213, 355, 228, 370
-0.999761, 351, 351, 366, 366
-0.999761, 107, 155, 122, 170
-0.999761, 365, 103, 380, 118
-0.999762, 299, 319, 314, 334
-0.999762, 361, 349, 376, 364
-0.999762, 135, 281, 150, 296
-0.999762, 153, 263, 168, 278
-0.999762, 197, 233, 212, 248
-0.999762, 135, 287, 150, 302
-0.999762, 479, 169, 494, 184
-0.999762, 343, 115, 358, 130
-0.999762, 189, 231, 204, 246
-0.999763, 151, 139, 166, 154
-0.999763, 401, 97, 416, 112
-0.999763, 135, 209, 150, 224
-0.999763, 271, 139, 286, 154
-0.999763, 235, 235, 250, 250
-0.999763, 307, 121, 322, 136
-0.999763, 265, 247, 280, 262
-0.999764, 383, 361, 398, 375
-0.999764, 179, 221, 194, 236
-0.999764, 275, 287, 290, 302
-0.999764, 67, 153, 82, 168
-0.999764, 295, 295, 310, 310
-0.999764, 307, 311, 322, 326
-0.999764, 185, 217, 200, 232
-0.999764, 209, 135, 224, 150
-0.999764, 293, 281, 308, 296
-0.999764, 161, 221, 176, 236
-0.999764, 171, 189, 186, 204
-0.999765, 335, 219, 350, 234
-0.999765, 263, 137, 278, 152
-0.999765, 97, 159, 112, 174
-0.999765, 391, 89, 406, 104
-0.999765, 219, 323, 234, 338
-0.999765, 183, 289, 198, 304
-0.999765, 169, 295, 184, 310
-0.999765, 219, 247, 234, 262
-0.999765, 183, 183, 198, 198
-0.999765, 465, 189, 480, 204
-0.999765, 307, 297, 322, 312
-0.999765, 261, 323, 276, 338
-0.999765, 227, 279, 242, 294
-0.999765, 211, 237, 226, 252
-0.999766, 233, 323, 248, 338
-0.999766, 291, 249, 306, 264
-0.999766, 241, 275, 256, 290
-0.999766, 161, 255, 176, 270
-0.999766, 287, 237, 302, 252
-0.999766, 199, 217, 214, 232
-0.999766, 181, 325, 196, 340
-0.999767, 173, 211, 188, 226
-0.999767, 161, 199, 176, 214
-0.999767, 307, 249, 322, 264
-0.999767, 259, 249, 274, 264
-0.999767, 195, 177, 210, 192
-0.999767, 369, 343, 384, 358
-0.999767, 177, 187, 192, 202
-0.999767, 165, 321, 180, 336
-0.999767, 245, 285, 260, 300
-0.999768, 299, 249, 314, 264
-0.999768, 247, 233, 262, 248
-0.999768, 161, 269, 176, 284
-0.999768, 325, 219, 340, 234
-0.999768, 193, 157, 208, 172
-0.999768, 155, 179, 170, 194
-0.999768, 181, 251, 196, 266
-0.999768, 131, 321, 146, 336
-0.999768, 219, 301, 234, 316
-0.999768, 149, 183, 164, 198
-0.999769, 299, 313, 314, 328
-0.999769, 285, 285, 300, 300
-0.999769, 241, 233, 256, 248
-0.999769, 277, 331, 292, 346
-0.999769, 223, 233, 238, 248
-0.999769, 299, 285, 314, 300
-0.999769, 257, 133, 272, 148
-0.999769, 419, 95, 434, 110
-0.999769, 305, 221, 320, 236
-0.99977, 125, 323, 140, 338
-0.99977, 219, 285, 234, 300
-0.99977, 267, 323, 282, 338
-0.99977, 255, 257, 270, 272
-0.999771, 281, 131, 296, 146
-0.999771, 159, 303, 174, 318
-0.999771, 189, 175, 204, 190
-0.999771, 373, 357, 388, 372
-0.999771, 315, 223, 330, 238
-0.999771, 177, 331, 192, 346
-0.999771, 209, 253, 224, 268
-0.999772, 229, 235, 244, 250
-0.999772, 183, 261, 198, 276
-0.999772, 25, 151, 40, 166
-0.999772, 255, 285, 270, 300
-0.999772, 187, 315, 202, 330
-0.999773, 175, 255, 190, 270
-0.999773, 231, 269, 246, 284
-0.999773, 275, 281, 290, 296
-0.999773, 301, 121, 316, 136
-0.999773, 413, 93, 428, 108
-0.999773, 295, 125, 310, 140
-0.999773, 157, 315, 172, 330
-0.999774, 377, 47, 392, 62
-0.999775, 195, 227, 210, 242
-0.999775, 185, 225, 200, 240
-0.999776, 253, 327, 268, 342
-0.999776, 233, 281, 248, 296
-0.999776, 161, 295, 176, 310
-0.999776, 365, 51, 380, 66
-0.999776, 199, 319, 214, 334
-0.999776, 207, 259, 222, 274
-0.999776, 357, 105, 372, 120
-0.999776, 179, 205, 194, 220
-0.999776, 187, 211, 202, 226
-0.999776, 271, 133, 286, 148
-0.999776, 367, 353, 382, 368
-0.999777, 47, 147, 62, 162
-0.999777, 209, 321, 224, 336
-0.999777, 289, 243, 304, 258
-0.999778, 239, 325, 254, 340
-0.99978, 169, 195, 184, 210
-0.99978, 125, 317, 140, 332
-0.999781, 243, 265, 258, 280
-0.999781, 193, 213, 208, 228
-0.999781, 247, 327, 262, 342
-0.999784, 163, 315, 178, 330
-0.99979, 347, 135, 362, 150
-0.999794, 383, 355, 398, 370
-0.999837, 1, 65, 256, 128
-0.999845, 1, 321, 128, 352
-0.999884, 217, 233, 248, 248
-0.999999, 145, 341, 272, 372
-1, 257, 325, 288, 340
-1.00002, 273, 33, 400, 64
-1.00005, 365, 49, 396, 64
-1.00007, 1, 173, 128, 204
-1.00008, 1, 9, 500, 72
-1.00011, 49, 109, 176, 140
-1.00012, 161, 1, 416, 64
-1.00018, 321, 189, 448, 220
-1.00021, 157, 319, 188, 334
-1.00027, 113, 97, 240, 128
-1.0003, 321, 145, 448, 176
-1.0003, 1, 109, 128, 140
-1.00031, 1, 49, 500, 112
-1.00032, 321, 177, 448, 208
-1.00033, 161, 1, 288, 32
-1.00039, 209, 185, 336, 216
-1.00045, 321, 157, 448, 188
-1.00049, 257, 25, 500, 88
-1.00051, 65, 41, 320, 104
-1.00056, 81, 129, 208, 160
-1.0007, 1, 185, 128, 216
-1.00072, 273, 1, 336, 128
-1.00084, 257, 1, 500, 64
-1.00092, 377, 129, 408, 375
-1.00119, 321, 145, 448, 208
-1.00142, 389, 129, 420, 375
-1.00166, 177, 33, 240, 160
-1.00168, 241, 177, 368, 240
-1.00227, 73, 1, 136, 128
-1.00234, 161, 1, 288, 64
-1.0025, 17, 49, 144, 112
-1.00267, 129, 33, 192, 160
-1.0029, 209, 1, 336, 64
-1.00316, 1, 73, 128, 136
-1.00319, 1, 25, 128, 88
-1.00325, 1, 1, 128, 64
-1.0034, 105, 1, 168, 128
-1.00347, 113, 65, 240, 128
-1.00352, 49, 73, 176, 136
-1.00357, 209, 25, 336, 88
-1.00376, 113, 1, 240, 64
-1.00388, 321, 17, 448, 80
-1.00402, 65, 41, 192, 104
-1.00499, 65, 17, 192, 80
-1.00501, 273, 1, 400, 64
-1.00539, 241, 49, 368, 112
-1.00553, 193, 57, 320, 120
-1.00562, 145, 25, 272, 88
