1877
-0.433239, 1, 129, 319, 384
-0.525082, 1, 1, 319, 480
-0.537278, 1, 225, 319, 480
-0.545083, 1, 1, 256, 480
-0.625257, 1, 33, 319, 288
-0.651382, 1, 161, 256, 416
-0.732617, 65, 65, 319, 320
-0.854686, 33, 129, 160, 384
-0.877918, 1, 177, 319, 304
-0.886217, 97, 193, 224, 448
-0.886281, 161, 129, 288, 384
-0.899276, 145, 1, 272, 480
-0.901409, 1, 225, 319, 352
-0.901539, 17, 1, 144, 480
-0.905304, 1, 129, 319, 256
-0.905462, 33, 225, 160, 480
-0.906957, 81, 97, 208, 352
-0.907205, 97, 1, 224, 480
-0.907309, 1, 353, 319, 480
-0.910011, 193, 1, 319, 480
-0.913582, 193, 225, 319, 480
-0.916199, 145, 225, 272, 480
-0.92226, 1, 177, 256, 304
-0.922635, 33, 33, 160, 288
-0.926241, 81, 1, 208, 256
-0.926352, 161, 33, 288, 288
-0.92636, 1, 305, 319, 432
-0.927981, 1, 225, 256, 352
-0.936457, 33, 161, 160, 288
-0.937379, 1, 129, 256, 256
-0.942819, 33, 177, 96, 304
-0.945376, 57, 129, 120, 256
-0.945418, 1, 337, 256, 464
-0.946511, 1, 1, 319, 128
-0.950473, 1, 81, 319, 208
-0.950649, 97, 193, 224, 320
-0.951968, 9, 193, 72, 320
-0.953713, 249, 225, 312, 352
-0.954582, 97, 177, 160, 304
-0.954804, 177, 161, 304, 288
-0.956077, 33, 353, 160, 480
-0.95672, 121, 177, 184, 304
-0.956855, 113, 241, 240, 368
-0.956927, 145, 209, 208, 336
-0.959429, 57, 353, 120, 480
-0.960079, 49, 209, 176, 336
-0.961154, 81, 145, 208, 272
-0.961462, 105, 225, 168, 352
-0.962483, 169, 177, 232, 304
-0.963603, 65, 137, 128, 200
-0.963737, 105, 353, 168, 480
-0.9638, 65, 273, 319, 400
-0.964232, 81, 129, 144, 256
-0.964566, 225, 241, 288, 368
-0.964818, 33, 129, 96, 256
-0.964904, 33, 161, 160, 224
-0.965272, 193, 241, 319, 368
-0.965448, 1, 209, 128, 336
-0.965632, 9, 353, 72, 480
-0.965884, 49, 161, 112, 224
-0.966449, 33, 113, 160, 240
-0.967457, 9, 145, 72, 272
-0.968072, 33, 81, 288, 208
-0.968696, 201, 241, 264, 368
-0.968729, 25, 185, 88, 248
-0.969454, 129, 353, 256, 480
-0.969595, 73, 161, 136, 224
-0.969692, 129, 401, 192, 464
-0.969769, 233, 401, 296, 464
-0.970429, 193, 393, 256, 456
-0.970487, 241, 249, 304, 312
-0.970679, 177, 353, 304, 480
-0.971116, 41, 161, 72, 288
-0.971492, 105, 233, 168, 296
-0.971507, 169, 257, 232, 384
-0.971653, 121, 129, 184, 256
-0.971763, 129, 185, 192, 248
-0.971777, 81, 353, 208, 480
-0.972548, 129, 353, 192, 480
-0.972548, 81, 409, 144, 472
-0.972571, 153, 401, 216, 464
-0.972651, 1, 217, 64, 280
-0.972842, 177, 417, 304, 480
-0.973019, 177, 417, 240, 480
-0.973219, 113, 401, 240, 464
-0.973363, 161, 377, 224, 440
-0.973766, 1, 393, 64, 456
-0.974004, 33, 337, 96, 464
-0.974179, 41, 401, 104, 464
-0.97421, 137, 241, 200, 304
-0.974218, 89, 185, 152, 248
-0.974287, 201, 265, 264, 328
-0.974428, 241, 353, 304, 480
-0.974489, 73, 305, 136, 432
-0.97449, 73, 97, 136, 352
-0.974617, 97, 161, 160, 224
-0.9747, 209, 417, 272, 480
-0.975029, 49, 137, 176, 200
-0.975146, 257, 225, 319, 288
-0.975154, 25, 209, 88, 272
-0.975172, 217, 337, 280, 464
-0.975235, 257, 401, 319, 464
-0.975516, 177, 265, 240, 328
-0.975657, 25, 145, 88, 208
-0.97573, 129, 129, 256, 256
-0.975744, 129, 209, 192, 272
-0.975884, 53, 145, 84, 272
-0.975891, 105, 401, 168, 464
-0.975982, 129, 161, 192, 224
-0.976183, 73, 193, 136, 320
-0.976263, 17, 401, 144, 464
-0.97651, 49, 185, 176, 248
-0.976659, 41, 377, 104, 440
-0.97697, 225, 305, 288, 368
-0.977055, 161, 233, 224, 296
-0.977203, 169, 201, 232, 264
-0.977209, 285, 209, 316, 272
-0.977323, 49, 129, 112, 384
-0.977325, 25, 233, 88, 296
-0.977542, 209, 129, 272, 256
-0.977595, 1, 369, 64, 432
-0.977628, 213, 257, 244, 320
-0.977684, 241, 177, 304, 304
-0.977724, 81, 353, 144, 480
-0.9779, 1, 193, 64, 256
-0.977988, 21, 193, 52, 320
-0.978041, 201, 153, 264, 216
-0.978075, 113, 161, 144, 288
-0.978103, 33, 225, 96, 352
-0.978148, 65, 1, 319, 128
-0.978244, 193, 113, 319, 240
-0.978321, 65, 305, 128, 368
-0.9784, 81, 385, 144, 448
-0.978412, 249, 113, 312, 240
-0.978437, 81, 233, 208, 296
-0.978444, 241, 377, 304, 440
-0.978452, 1, 241, 64, 368
-0.978452, 17, 257, 144, 384
-0.978638, 5, 209, 36, 336
-0.978668, 105, 377, 168, 440
-0.978716, 57, 217, 120, 280
-0.978736, 121, 265, 184, 328
-0.978755, 1, 241, 64, 304
-0.978824, 105, 137, 168, 200
-0.978846, 105, 209, 168, 272
-0.978877, 41, 169, 72, 232
-0.97888, 201, 241, 264, 304
-0.978931, 1, 305, 128, 432
-0.979193, 121, 353, 184, 416
-0.979351, 241, 185, 304, 248
-0.979365, 97, 193, 160, 448
-0.979371, 1, 209, 128, 272
-0.979423, 93, 145, 124, 208
-0.979551, 97, 161, 224, 224
-0.979563, 9, 161, 72, 416
-0.979593, 25, 353, 88, 416
-0.979732, 1, 145, 64, 208
-0.979789, 49, 193, 112, 256
-0.979826, 249, 321, 312, 384
-0.979918, 145, 257, 208, 384
-0.979919, 113, 161, 144, 224
-0.980006, 25, 265, 88, 328
-0.980035, 17, 417, 80, 480
-0.980054, 65, 137, 96, 200
-0.980148, 233, 129, 296, 192
-0.980152, 209, 369, 272, 432
-0.980175, 185, 297, 248, 360
-0.98021, 145, 265, 208, 328
-0.980227, 53, 145, 84, 208
-0.980249, 169, 177, 232, 240
-0.980293, 185, 369, 248, 432
-0.980316, 41, 289, 104, 352
-0.980371, 29, 185, 60, 248
-0.980515, 201, 129, 264, 384
-0.980579, 257, 145, 319, 208
-0.980589, 65, 257, 192, 384
-0.980617, 129, 377, 192, 440
-0.980732, 65, 241, 128, 368
-0.980762, 89, 305, 152, 368
-0.980814, 81, 353, 144, 416
-0.980818, 201, 329, 264, 392
-0.980888, 57, 337, 120, 400
-0.980911, 41, 121, 104, 184
-0.98095, 177, 353, 240, 480
-0.981029, 153, 145, 216, 208
-0.981069, 241, 345, 304, 408
-0.981077, 73, 257, 136, 320
-0.981109, 33, 241, 160, 304
-0.981111, 97, 185, 224, 248
-0.98112, 97, 145, 128, 272
-0.98123, 121, 193, 184, 448
-0.981234, 129, 177, 160, 304
-0.981282, 77, 129, 108, 192
-0.98143, 49, 305, 176, 432
-0.981447, 153, 313, 216, 376
-0.981503, 49, 241, 112, 304
-0.981714, 81, 233, 144, 296
-0.981725, 241, 225, 304, 480
-0.981746, 209, 241, 240, 368
-0.981764, 257, 289, 319, 352
-0.981814, 33, 289, 96, 416
-0.981835, 129, 249, 256, 312
-0.981854, 145, 161, 208, 288
-0.982011, 97, 273, 160, 400
-0.982108, 201, 265, 232, 328
-0.982327, 89, 113, 152, 176
-0.982356, 65, 281, 128, 344
-0.982652, 129, 297, 192, 360
-0.982677, 161, 305, 288, 432
-0.982705, 169, 129, 232, 384
-0.982736, 161, 393, 288, 456
-0.982759, 21, 337, 52, 464
-0.982898, 145, 161, 208, 416
-0.982952, 153, 353, 216, 480
-0.983007, 1, 313, 64, 376
-0.983117, 105, 329, 168, 392
-0.98312, 201, 225, 264, 480
-0.983167, 17, 201, 48, 264
-0.98319, 209, 129, 272, 192
-0.983204, 161, 353, 224, 416
-0.983244, 9, 97, 72, 224
-0.983311, 121, 97, 184, 352
-0.983387, 185, 1, 248, 64
-0.983493, 177, 145, 240, 208
-0.983501, 81, 329, 144, 392
-0.983512, 41, 313, 104, 376
-0.983567, 129, 1, 256, 128
-0.983594, 17, 121, 80, 184
-0.983606, 245, 241, 276, 368
-0.98362, 233, 273, 296, 336
-0.98363, 245, 249, 276, 312
-0.983652, 113, 305, 240, 432
-0.983677, 225, 129, 288, 384
-0.983693, 129, 233, 160, 296
-0.983732, 1, 265, 64, 328
-0.983742, 177, 321, 240, 384
-0.983785, 249, 305, 312, 432
-0.983811, 53, 169, 84, 232
-0.983848, 17, 289, 80, 352
-0.983872, 177, 185, 304, 248
-0.983883, 81, 209, 144, 272
-0.983905, 229, 265, 260, 328
-0.984012, 97, 97, 160, 352
-0.984022, 89, 281, 152, 344
-0.984075, 181, 401, 212, 464
-0.984138, 97, 257, 160, 320
-0.984143, 237, 401, 268, 464
-0.984155, 257, 121, 319, 184
-0.984182, 1, 225, 32, 288
-0.98436, 161, 289, 224, 352
-0.984362, 121, 273, 184, 400
-0.984475, 201, 409, 232, 472
-0.984478, 65, 129, 96, 256
-0.984485, 233, 217, 296, 280
-0.984489, 1, 169, 64, 232
-0.984501, 65, 417, 192, 480
-0.984535, 273, 209, 304, 336
-0.984604, 1, 185, 128, 248
-0.984641, 65, 209, 192, 272
-0.984673, 33, 225, 96, 480
-0.98473, 157, 393, 188, 456
-0.984748, 129, 137, 192, 200
-0.984776, 185, 129, 248, 256
-0.984781, 1, 305, 64, 432
-0.984823, 1, 337, 64, 400
-0.984846, 193, 177, 256, 240
-0.984946, 193, 273, 319, 336
-0.985079, 161, 209, 192, 336
-0.98519, 217, 289, 280, 416
-0.985231, 257, 129, 319, 384
-0.985234, 153, 121, 216, 184
-0.985349, 169, 225, 232, 480
-0.985394, 193, 1, 319, 128
-0.985404, 153, 25, 216, 88
-0.985448, 225, 161, 288, 224
-0.985462, 113, 137, 240, 200
-0.985537, 209, 1, 272, 64
-0.985584, 117, 185, 148, 248
-0.985649, 129, 81, 256, 208
-0.98568, 129, 321, 192, 384
-0.985727, 161, 113, 224, 240
-0.985831, 229, 257, 260, 384
-0.985837, 1, 65, 64, 320
-0.985878, 149, 337, 180, 464
-0.985905, 45, 393, 76, 456
-0.985914, 49, 33, 112, 288
-0.985918, 249, 409, 280, 472
-0.985942, 289, 177, 319, 304
-0.986014, 169, 305, 232, 432
-0.986059, 1, 137, 128, 200
-0.986152, 65, 377, 192, 440
-0.986177, 193, 1, 256, 128
-0.986313, 241, 17, 304, 80
-0.986319, 177, 161, 304, 224
-0.98636, 121, 209, 152, 272
-0.986486, 9, 9, 72, 72
-0.986498, 1, 337, 32, 464
-0.986506, 277, 233, 308, 296
-0.986533, 177, 41, 240, 104
-0.986665, 129, 185, 160, 248
-0.986683, 185, 377, 216, 440
-0.986705, 225, 393, 256, 456
-0.986709, 185, 1, 248, 256
-0.986737, 33, 1, 96, 64
-0.986747, 65, 113, 128, 176
-0.986761, 185, 113, 248, 176
-0.986818, 137, 401, 168, 464
-0.986882, 169, 401, 200, 464
-0.986938, 129, 17, 192, 80
-0.986958, 85, 129, 116, 256
-0.98703, 153, 225, 184, 288
-0.987042, 129, 225, 160, 352
-0.987048, 85, 393, 116, 456
-0.987058, 61, 393, 92, 456
-0.987109, 273, 209, 304, 272
-0.98714, 193, 249, 319, 312
-0.987141, 201, 41, 264, 104
-0.987173, 17, 377, 144, 440
-0.987202, 217, 33, 280, 288
-0.987203, 1, 249, 32, 312
-0.987226, 153, 1, 216, 64
-0.987295, 137, 49, 200, 112
-0.987305, 25, 225, 56, 288
-0.987442, 149, 177, 180, 304
-0.98748, 197, 241, 228, 368
-0.98749, 73, 81, 136, 208
-0.987548, 73, 393, 104, 456
-0.987628, 145, 65, 208, 320
-0.987664, 41, 97, 104, 160
-0.987706, 233, 105, 296, 168
-0.987719, 117, 209, 148, 336
-0.987753, 25, 393, 56, 456
-0.987795, 125, 401, 156, 464
-0.987843, 105, 409, 136, 472
-0.987845, 225, 41, 288, 104
-0.987854, 49, 353, 80, 480
-0.987905, 25, 129, 56, 256
-0.98793, 265, 417, 296, 480
-0.988098, 265, 249, 296, 312
-0.988104, 105, 25, 168, 88
-0.988252, 33, 209, 64, 336
-0.988262, 1, 377, 32, 440
-0.988274, 145, 305, 208, 432
-0.988281, 105, 65, 168, 128
-0.988293, 173, 201, 204, 264
-0.988299, 281, 401, 312, 464
-0.988321, 73, 249, 104, 312
-0.988326, 217, 81, 280, 144
-0.988424, 41, 25, 104, 88
-0.988438, 113, 113, 176, 176
-0.98846, 261, 241, 292, 368
-0.988477, 241, 33, 304, 288
-0.988538, 57, 141, 120, 172
-0.988677, 13, 225, 44, 288
-0.9887, 25, 33, 88, 288
-0.988718, 173, 193, 204, 320
-0.98875, 81, 97, 208, 224
-0.988753, 49, 165, 112, 196
-0.98878, 209, 81, 272, 208
-0.988818, 97, 1, 160, 64
-0.988847, 141, 249, 172, 312
-0.988907, 53, 193, 84, 320
-0.988916, 257, 65, 319, 128
-0.98892, 81, 89, 144, 152
-0.988948, 145, 225, 272, 288
-0.98895, 73, 161, 136, 192
-0.988957, 193, 289, 256, 416
-0.988984, 249, 41, 312, 104
-0.989175, 241, 329, 272, 392
-0.989196, 89, 1, 152, 256
-0.989264, 105, 233, 136, 296
-0.989297, 177, 137, 304, 200
-0.989351, 33, 337, 64, 464
-0.989402, 41, 193, 72, 256
-0.989405, 17, 281, 144, 344
-0.989406, 225, 417, 256, 480
-0.989432, 109, 113, 140, 240
-0.989459, 61, 241, 92, 304
-0.989468, 73, 305, 104, 368
-0.989518, 213, 385, 244, 448
-0.98959, 73, 193, 136, 448
-0.989612, 65, 417, 96, 480
-0.989634, 173, 377, 204, 440
-0.989652, 73, 1, 136, 480
-0.989698, 177, 1, 240, 480
-0.989813, 37, 137, 68, 200
-0.989828, 213, 409, 244, 472
-0.989874, 241, 337, 272, 464
-0.989937, 33, 185, 96, 216
-0.989944, 265, 393, 296, 456
-0.98995, 49, 1, 112, 480
-0.990021, 81, 405, 144, 436
-0.990024, 101, 169, 132, 232
-0.990046, 121, 273, 152, 336
-0.990056, 177, 421, 240, 452
-0.990075, 245, 369, 276, 432
-0.990139, 185, 257, 216, 384
-0.99014, 201, 193, 264, 320
-0.990254, 161, 313, 288, 376
-0.990325, 25, 1, 88, 480
-0.990367, 169, 337, 200, 464
-0.990367, 1, 417, 256, 480
-0.990378, 289, 185, 319, 248
-0.990418, 201, 1, 264, 480
-0.99045, 233, 421, 296, 452
-0.990451, 81, 257, 208, 320
-0.990506, 57, 401, 120, 432
-0.990521, 257, 193, 288, 320
-0.990524, 1, 1, 128, 128
-0.990586, 197, 241, 228, 304
-0.990595, 169, 1, 232, 128
-0.990613, 137, 353, 168, 480
-0.990625, 177, 257, 208, 320
-0.990633, 145, 273, 272, 336
-0.990659, 201, 269, 264, 300
-0.990671, 1, 229, 64, 260
-0.990686, 165, 233, 196, 296
-0.9907, 105, 237, 168, 268
-0.990702, 141, 225, 172, 352
-0.990739, 125, 161, 156, 224
-0.990762, 69, 353, 100, 480
-0.990765, 257, 1, 319, 480
-0.990777, 97, 81, 160, 208
-0.990778, 265, 185, 296, 248
-0.990782, 121, 393, 184, 424
-0.990783, 65, 353, 192, 416
-0.990802, 89, 321, 120, 448
-0.990804, 241, 257, 304, 288
-0.990867, 193, 145, 224, 208
-0.990872, 161, 405, 224, 436
-0.990881, 89, 305, 120, 368
-0.990897, 13, 145, 44, 272
-0.9909, 189, 305, 220, 368
-0.990909, 101, 305, 132, 368
-0.990915, 213, 281, 244, 344
-0.990918, 73, 449, 136, 480
-0.99093, 121, 225, 184, 256
-0.990994, 93, 217, 124, 280
-0.991003, 133, 273, 164, 336
-0.99104, 109, 137, 140, 200
-0.991045, 49, 153, 112, 184
-0.99106, 185, 193, 216, 320
-0.991066, 209, 409, 272, 440
-0.991072, 17, 353, 144, 416
-0.991073, 201, 257, 264, 288
-0.991074, 89, 181, 152, 212
-0.991092, 13, 369, 44, 432
-0.991106, 61, 313, 92, 376
-0.991123, 153, 1, 216, 480
-0.991146, 181, 353, 212, 480
-0.991154, 1, 401, 319, 464
-0.991162, 121, 405, 184, 436
-0.991165, 81, 153, 112, 216
-0.991194, 9, 193, 72, 224
-0.991206, 241, 405, 304, 436
-0.991206, 101, 193, 132, 320
-0.991228, 1, 401, 64, 432
-0.991247, 257, 221, 319, 252
-0.991257, 117, 257, 148, 384
-0.99126, 81, 393, 144, 424
-0.991268, 121, 337, 152, 464
-0.991295, 137, 153, 168, 216
-0.991301, 129, 189, 192, 220
-0.991301, 281, 353, 312, 480
-0.991346, 229, 329, 260, 392
-0.991354, 81, 137, 112, 168
-0.991357, 117, 233, 148, 296
-0.991375, 17, 209, 80, 240
-0.991378, 89, 121, 120, 184
-0.991399, 113, 345, 240, 408
-0.991416, 121, 321, 152, 384
-0.991444, 81, 305, 208, 368
-0.991449, 33, 329, 160, 392
-0.991453, 65, 149, 96, 180
-0.991463, 129, 237, 192, 268
-0.991476, 177, 437, 240, 468
-0.991509, 129, 1, 192, 480
-0.991521, 241, 441, 304, 472
-0.991531, 1, 161, 32, 288
-0.991596, 41, 421, 104, 452
-0.991628, 233, 1, 296, 480
-0.991641, 97, 385, 128, 448
-0.991671, 65, 169, 96, 232
-0.991673, 285, 217, 316, 248
-0.991682, 37, 369, 68, 432
-0.991705, 169, 261, 232, 292
-0.991705, 217, 445, 280, 476
-0.991723, 81, 145, 144, 176
-0.991776, 161, 369, 288, 432
-0.99178, 185, 401, 248, 432
-0.991785, 89, 437, 152, 468
-0.99181, 97, 193, 160, 224
-0.991813, 141, 297, 172, 360
-0.991817, 65, 217, 319, 280
-0.991819, 257, 421, 319, 452
-0.99183, 25, 401, 88, 432
-0.991831, 113, 149, 176, 180
-0.991831, 177, 449, 240, 480
-0.991841, 221, 233, 252, 296
-0.99187, 1, 1, 64, 480
-0.991875, 185, 281, 248, 312
-0.991893, 137, 417, 200, 448
-0.991907, 13, 393, 44, 456
-0.991908, 81, 417, 144, 448
-0.991947, 25, 161, 88, 192
-0.991964, 213, 261, 244, 292
-0.991967, 25, 245, 88, 276
-0.991972, 201, 421, 264, 452
-0.991993, 41, 385, 104, 416
-0.991997, 201, 289, 232, 352
-0.991999, 273, 305, 304, 368
-0.992045, 101, 353, 132, 480
-0.992048, 25, 221, 88, 252
-0.992057, 17, 149, 80, 180
-0.992058, 73, 217, 104, 280
-0.992061, 105, 241, 136, 368
-0.992068, 177, 301, 240, 332
-0.992074, 145, 257, 208, 288
-0.992077, 125, 377, 156, 440
-0.992086, 53, 417, 84, 480
-0.992088, 113, 177, 176, 208
-0.992097, 85, 249, 116, 312
-0.992099, 141, 217, 172, 280
-0.992112, 73, 317, 136, 348
-0.992119, 33, 417, 64, 480
-0.992123, 141, 177, 172, 240
-0.992135, 201, 153, 264, 184
-0.992142, 249, 1, 312, 128
-0.992147, 1, 177, 256, 240
-0.992151, 93, 153, 124, 184
-0.992171, 9, 177, 72, 208
-0.992213, 33, 337, 96, 368
-0.992215, 145, 377, 176, 440
-0.992229, 201, 433, 264, 464
-0.992233, 129, 213, 192, 244
-0.992243, 73, 337, 136, 368
-0.992256, 97, 1, 160, 480
-0.992257, 49, 325, 112, 356
-0.992281, 97, 281, 224, 344
-0.992288, 1, 373, 64, 404
-0.99229, 113, 161, 176, 192
-0.992294, 113, 297, 144, 360
-0.9923, 33, 197, 96, 228
-0.99231, 1, 241, 64, 272
-0.992332, 129, 201, 192, 232
-0.992333, 33, 233, 96, 264
-0.99234, 133, 129, 164, 256
-0.992344, 225, 317, 288, 348
-0.992357, 225, 393, 288, 424
-0.992365, 49, 449, 112, 480
-0.992367, 201, 329, 264, 360
-0.992373, 221, 353, 252, 480
-0.99239, 225, 369, 256, 432
-0.99239, 33, 145, 288, 208
-0.992401, 105, 201, 136, 264
-0.992401, 21, 273, 52, 336
-0.992404, 9, 421, 72, 452
-0.992408, 145, 269, 208, 300
-0.992433, 41, 181, 72, 212
-0.992446, 65, 177, 128, 208
-0.99245, 153, 289, 216, 320
-0.992451, 245, 273, 276, 336
-0.992461, 81, 133, 144, 164
-0.992463, 73, 225, 136, 256
-0.992474, 161, 393, 224, 424
-0.992484, 249, 245, 312, 276
-0.992486, 277, 377, 308, 440
-0.992491, 185, 313, 248, 344
-0.992494, 1, 393, 256, 456
-0.992496, 97, 449, 160, 480
-0.992525, 257, 209, 319, 240
-0.992534, 201, 389, 264, 420
-0.992564, 1, 261, 64, 292
-0.992565, 17, 389, 80, 420
-0.992585, 17, 441, 80, 472
-0.992589, 137, 177, 200, 208
-0.992594, 17, 361, 80, 392
-0.992603, 89, 241, 120, 368
-0.992606, 61, 369, 92, 432
-0.992608, 137, 445, 200, 476
-0.99265, 25, 369, 56, 432
-0.992666, 225, 269, 288, 300
-0.992673, 257, 129, 319, 160
-0.992676, 161, 289, 192, 352
-0.992684, 113, 429, 176, 460
-0.992688, 9, 1, 72, 128
-0.992691, 41, 437, 104, 468
-0.992692, 93, 141, 124, 172
-0.992709, 249, 113, 280, 240
-0.992711, 73, 241, 136, 272
-0.992714, 105, 249, 168, 280
-0.992715, 265, 137, 296, 200
-0.99275, 97, 225, 160, 256
-0.992756, 65, 437, 128, 468
-0.992758, 81, 381, 144, 412
-0.992759, 121, 137, 152, 200
-0.992761, 209, 305, 272, 336
-0.992767, 161, 313, 224, 344
-0.992769, 185, 357, 248, 388
-0.992791, 105, 137, 168, 168
-0.992812, 233, 345, 296, 376
-0.992812, 161, 357, 224, 388
-0.992822, 97, 365, 160, 396
-0.992829, 225, 329, 288, 360
-0.992832, 137, 433, 200, 464
-0.992847, 129, 329, 192, 360
-0.992851, 233, 281, 296, 312
-0.992853, 277, 185, 308, 248
-0.992855, 85, 417, 116, 480
-0.992855, 245, 257, 276, 288
-0.992857, 249, 305, 280, 368
-0.992858, 53, 165, 84, 196
-0.992865, 97, 313, 160, 344
-0.992866, 37, 217, 68, 280
-0.992882, 145, 225, 208, 256
-0.992893, 193, 369, 256, 400
-0.9929, 201, 165, 264, 196
-0.992915, 81, 349, 144, 380
-0.992918, 113, 273, 176, 304
-0.992929, 53, 153, 84, 184
-0.992939, 257, 165, 319, 196
-0.992943, 193, 341, 256, 372
-0.99295, 113, 1, 176, 256
-0.992954, 1, 345, 64, 376
-0.992954, 137, 369, 200, 400
-0.992962, 121, 261, 184, 292
-0.992975, 197, 385, 228, 448
-0.992976, 225, 261, 256, 292
-0.99298, 209, 353, 272, 384
-0.992982, 41, 257, 72, 384
-0.992985, 257, 345, 319, 376
-0.992988, 261, 321, 292, 384
-0.992992, 217, 365, 280, 396
-0.992996, 169, 201, 232, 232
-0.992996, 33, 349, 96, 380
-0.993003, 105, 341, 168, 372
-0.993006, 181, 177, 212, 240
-0.993006, 49, 81, 112, 208
-0.993008, 1, 165, 64, 196
-0.99301, 113, 301, 176, 332
-0.993012, 53, 193, 84, 256
-0.993017, 129, 289, 160, 416
-0.993019, 49, 313, 112, 344
-0.993028, 117, 173, 148, 204
-0.993045, 245, 421, 276, 452
-0.993048, 197, 261, 228, 292
-0.993054, 109, 401, 140, 432
-0.993058, 233, 241, 264, 304
-0.993075, 65, 401, 96, 432
-0.993087, 9, 225, 40, 256
-0.993116, 261, 417, 292, 448
-0.99312, 77, 149, 108, 180
-0.993134, 213, 145, 244, 208
-0.993171, 5, 201, 36, 264
-0.993174, 1, 241, 256, 304
-0.993178, 77, 397, 108, 428
-0.993193, 273, 161, 304, 224
-0.993198, 233, 305, 264, 368
-0.993204, 285, 137, 316, 200
-0.993211, 113, 385, 144, 448
-0.993213, 81, 329, 112, 392
-0.993235, 89, 281, 120, 344
-0.993241, 13, 401, 44, 432
-0.993261, 153, 401, 184, 432
-0.993264, 253, 337, 284, 464
-0.993295, 25, 221, 56, 252
-0.993305, 121, 229, 152, 260
-0.993312, 69, 137, 100, 168
-0.993331, 13, 177, 44, 240
-0.993344, 193, 217, 319, 280
-0.993345, 225, 405, 256, 436
-0.993353, 277, 405, 308, 436
-0.993372, 161, 337, 288, 400
-0.993382, 13, 209, 44, 240
-0.993392, 73, 161, 104, 192
-0.99343, 197, 405, 228, 436
-0.993439, 105, 161, 136, 192
-0.993448, 117, 185, 148, 216
-0.993453, 185, 417, 216, 448
-0.993457, 181, 401, 212, 432
-0.993463, 37, 193, 68, 224
-0.993471, 185, 49, 248, 176
-0.993481, 225, 1, 288, 128
-0.993484, 125, 393, 156, 424
-0.993505, 89, 405, 120, 436
-0.993547, 101, 441, 132, 472
-0.993551, 221, 273, 252, 304
-0.993562, 249, 405, 280, 436
-0.993566, 25, 201, 56, 232
-0.993569, 261, 401, 292, 432
-0.993601, 201, 273, 232, 304
-0.993604, 213, 421, 244, 452
-0.993608, 233, 421, 264, 452
-0.993614, 197, 421, 228, 452
-0.99363, 125, 405, 156, 436
-0.993646, 25, 401, 56, 432
-0.993649, 1, 241, 32, 272
-0.993665, 273, 221, 304, 252
-0.993674, 1, 397, 32, 428
-0.993679, 141, 393, 172, 424
-0.993681, 17, 389, 48, 420
-0.993694, 197, 177, 228, 304
-0.993699, 237, 409, 268, 440
-0.993721, 177, 145, 208, 272
-0.993724, 1, 253, 32, 284
-0.993728, 289, 393, 319, 424
-0.993732, 209, 129, 240, 256
-0.993741, 113, 369, 240, 432
-0.993743, 141, 369, 172, 400
-0.993757, 213, 393, 244, 424
-0.993757, 165, 401, 196, 432
-0.993767, 29, 389, 60, 420
-0.993782, 97, 385, 128, 416
-0.993786, 269, 353, 300, 480
-0.993793, 185, 433, 216, 464
-0.99381, 269, 161, 300, 288
-0.993811, 193, 161, 224, 192
-0.993817, 273, 245, 304, 276
-0.993819, 265, 433, 296, 464
-0.993829, 133, 257, 164, 288
-0.993873, 37, 145, 68, 176
-0.993879, 41, 169, 72, 200
-0.993879, 105, 241, 136, 272
-0.99388, 133, 245, 164, 276
-0.993887, 85, 313, 116, 344
-0.993889, 73, 225, 104, 352
-0.993906, 153, 389, 184, 420
-0.993916, 113, 145, 144, 176
-0.993919, 189, 297, 220, 328
-0.993919, 105, 173, 136, 204
-0.993921, 89, 417, 120, 448
-0.993924, 285, 229, 316, 260
-0.993928, 209, 405, 240, 436
-0.993933, 261, 253, 292, 284
-0.993933, 205, 437, 236, 468
-0.993937, 177, 177, 208, 208
-0.993939, 289, 409, 319, 440
-0.993954, 269, 445, 300, 476
-0.993959, 101, 305, 132, 432
-0.993969, 153, 233, 184, 264
-0.993981, 109, 413, 140, 444
-0.993982, 237, 273, 268, 304
-0.993985, 153, 365, 184, 396
-0.993999, 237, 389, 268, 420
-0.994001, 81, 241, 112, 272
-0.994001, 285, 205, 316, 236
-0.994004, 281, 425, 312, 456
-0.994014, 225, 389, 256, 420
-0.994015, 45, 393, 76, 424
-0.994016, 121, 381, 152, 412
-0.99402, 53, 137, 84, 168
-0.994031, 45, 409, 76, 440
-0.994037, 93, 245, 124, 276
-0.994037, 117, 437, 148, 468
-0.994037, 141, 405, 172, 436
-0.99405, 57, 189, 88, 220
-0.99405, 29, 421, 60, 452
-0.994054, 245, 433, 276, 464
-0.994054, 137, 189, 168, 220
-0.994058, 193, 449, 224, 480
-0.994062, 61, 241, 92, 368
-0.994076, 133, 233, 164, 264
-0.994078, 81, 381, 112, 412
-0.994079, 193, 389, 224, 420
-0.994089, 89, 81, 120, 208
-0.994097, 77, 345, 108, 376
-0.994103, 161, 353, 192, 384
-0.994113, 61, 245, 92, 276
-0.994117, 97, 313, 128, 344
-0.994124, 77, 417, 108, 448
-0.994128, 53, 177, 84, 208
-0.99413, 121, 197, 152, 228
-0.994134, 165, 389, 196, 420
-0.994136, 137, 177, 168, 208
-0.994136, 185, 265, 216, 296
-0.994137, 57, 325, 88, 356
-0.994139, 89, 437, 120, 468
-0.994163, 57, 449, 88, 480
-0.994165, 37, 433, 68, 464
-0.994166, 233, 437, 264, 468
-0.994173, 289, 345, 319, 376
-0.994183, 189, 309, 220, 340
-0.994184, 177, 49, 304, 176
-0.994184, 241, 361, 272, 392
-0.994185, 265, 209, 296, 240
-0.994186, 85, 165, 116, 196
-0.994197, 157, 245, 188, 276
-0.9942, 185, 361, 216, 392
-0.994205, 69, 329, 100, 360
-0.99426, 221, 97, 252, 224
-0.99429, 177, 421, 304, 452
-0.994296, 33, 417, 160, 448
-0.994298, 37, 113, 68, 240
-0.994376, 145, 1, 208, 128
-0.994382, 1, 193, 319, 256
-0.994441, 289, 129, 319, 256
-0.994449, 193, 337, 224, 464
-0.994488, 33, 173, 160, 204
-0.994685, 177, 449, 304, 480
-0.994731, 21, 241, 52, 368
-0.994732, 97, 401, 224, 432
-0.994744, 209, 289, 240, 416
-0.994755, 33, 145, 160, 176
-0.99476, 65, 1, 192, 128
-0.994775, 47, 177, 62, 240
-0.994795, 219, 257, 234, 320
-0.994845, 173, 257, 204, 384
-0.994852, 1, 161, 319, 224
-0.994874, 285, 209, 300, 272
-0.994935, 41, 185, 56, 248
-0.994972, 113, 429, 240, 460
-0.994992, 63, 145, 78, 208
-0.99501, 33, 265, 288, 328
-0.995013, 233, 209, 264, 336
-0.995043, 17, 185, 144, 216
-0.995045, 141, 273, 172, 400
-0.995067, 53, 97, 84, 224
-0.995121, 193, 113, 319, 176
-0.995173, 1, 137, 319, 200
-0.995214, 1, 217, 319, 280
-0.995222, 295, 209, 310, 272
-0.995223, 55, 161, 70, 224
-0.995269, 177, 1, 304, 64
-0.995286, 1, 305, 128, 368
-0.995301, 17, 197, 144, 228
-0.995309, 97, 113, 224, 176
-0.995311, 33, 161, 160, 192
-0.995313, 33, 353, 288, 416
-0.995359, 97, 185, 224, 216
-0.995359, 121, 169, 136, 232
-0.995367, 89, 129, 104, 192
-0.995373, 121, 113, 152, 240
-0.995408, 207, 401, 222, 464
-0.995409, 33, 49, 160, 176
-0.995414, 81, 49, 208, 176
-0.995418, 273, 113, 304, 240
-0.995429, 33, 449, 160, 480
-0.995435, 65, 121, 319, 184
-0.995447, 33, 329, 288, 392
-0.995464, 97, 441, 224, 472
-0.995469, 29, 201, 44, 264
-0.9955, 77, 137, 92, 200
-0.995501, 129, 177, 144, 240
-0.995519, 265, 305, 296, 432
-0.99554, 81, 241, 208, 272
-0.99557, 111, 153, 126, 216
-0.995589, 241, 65, 304, 192
-0.995646, 221, 209, 252, 336
-0.995684, 193, 405, 319, 436
-0.995702, 97, 137, 112, 200
-0.995709, 1, 289, 256, 352
-0.995714, 177, 433, 304, 464
-0.995734, 1, 249, 319, 312
-0.995738, 1, 257, 32, 384
-0.995747, 231, 257, 246, 320
-0.995775, 247, 249, 262, 312
-0.995777, 33, 437, 160, 468
-0.9958, 303, 209, 318, 272
-0.9958, 229, 305, 260, 432
-0.995816, 113, 417, 240, 448
-0.995876, 35, 185, 50, 248
-0.995898, 145, 401, 272, 432
-0.995915, 17, 401, 144, 432
-0.995925, 69, 145, 84, 208
-0.995928, 237, 129, 268, 256
-0.995945, 247, 401, 262, 464
-0.995968, 3, 233, 18, 296
-0.995998, 213, 257, 228, 320
-0.996022, 65, 229, 192, 260
-0.99604, 37, 393, 52, 456
-0.996097, 225, 257, 240, 320
-0.996098, 171, 393, 186, 456
-0.996154, 9, 225, 24, 288
-0.996163, 193, 41, 319, 104
-0.996214, 129, 261, 256, 292
-0.996215, 285, 225, 316, 352
-0.996226, 145, 49, 208, 176
-0.996228, 201, 409, 216, 472
-0.996274, 105, 145, 120, 208
-0.996302, 77, 393, 92, 456
-0.996334, 83, 129, 98, 192
-0.99636, 229, 409, 244, 472
-0.996372, 1, 233, 128, 264
-0.996381, 113, 169, 240, 200
-0.996414, 213, 401, 228, 464
-0.996423, 17, 209, 32, 272
-0.996448, 65, 389, 192, 420
-0.996476, 207, 257, 222, 320
-0.9965, 143, 233, 158, 296
-0.996503, 117, 161, 148, 416
-0.996512, 113, 153, 240, 184
-0.99654, 257, 409, 272, 472
-0.996541, 81, 253, 208, 284
-0.996556, 69, 81, 100, 208
-0.996557, 135, 185, 150, 248
-0.996562, 241, 393, 256, 456
-0.996586, 197, 289, 228, 416
-0.996618, 65, 177, 96, 304
-0.996626, 145, 129, 176, 256
-0.99664, 91, 393, 106, 456
-0.996648, 33, 245, 160, 276
-0.996677, 23, 201, 38, 264
-0.996692, 81, 133, 208, 164
-0.996705, 253, 289, 284, 416
-0.996706, 177, 377, 192, 440
-0.996711, 47, 393, 62, 456
-0.996714, 97, 197, 224, 228
-0.99673, 57, 129, 88, 384
-0.996748, 177, 389, 304, 420
-0.99675, 7, 377, 22, 440
-0.996751, 241, 417, 256, 480
-0.996752, 25, 225, 40, 288
-0.996754, 55, 393, 70, 456
-0.996764, 61, 289, 92, 416
-0.996766, 183, 401, 198, 464
-0.99677, 223, 409, 238, 472
-0.996781, 177, 185, 304, 216
-0.996785, 275, 401, 290, 464
-0.996802, 285, 305, 316, 432
-0.996816, 1, 393, 16, 456
-0.99683, 83, 393, 98, 456
-0.996835, 119, 409, 134, 472
-0.996849, 113, 409, 128, 472
-0.996862, 237, 321, 252, 384
-0.996866, 37, 217, 52, 280
-0.996869, 17, 389, 144, 420
-0.996877, 63, 393, 78, 456
-0.996892, 1, 113, 128, 176
-0.996894, 129, 17, 256, 80
-0.996916, 135, 209, 150, 272
-0.99693, 235, 401, 250, 464
-0.996956, 193, 265, 319, 296
-0.996974, 161, 401, 176, 464
-0.99698, 1, 209, 128, 240
-0.99698, 151, 401, 166, 464
-0.996992, 1, 337, 128, 368
-0.996995, 65, 213, 192, 244
-0.997007, 267, 393, 282, 456
-0.997007, 287, 401, 302, 464
-0.997008, 245, 273, 260, 336
-0.997015, 201, 385, 216, 448
-0.997022, 1, 377, 319, 440
-0.997024, 37, 161, 68, 416
-0.997027, 69, 393, 84, 456
-0.997031, 117, 145, 132, 208
-0.997032, 145, 249, 272, 280
-0.99704, 175, 201, 190, 264
-0.997043, 33, 257, 160, 288
-0.997045, 211, 377, 226, 440
-0.997074, 31, 225, 46, 288
-0.997077, 177, 401, 192, 464
-0.997111, 193, 277, 319, 308
-0.997135, 171, 225, 186, 288
-0.997146, 129, 389, 256, 420
-0.997146, 81, 265, 208, 296
-0.997153, 113, 229, 240, 260
-0.99716, 65, 377, 192, 408
-0.997162, 141, 401, 156, 464
-0.997167, 127, 225, 142, 288
-0.997171, 177, 173, 304, 204
-0.997177, 1, 325, 128, 356
-0.997183, 77, 97, 108, 352
-0.997186, 161, 337, 288, 368
-0.997201, 149, 257, 164, 320
-0.997205, 299, 401, 314, 464
-0.997209, 49, 153, 64, 216
-0.997213, 291, 185, 306, 248
-0.997223, 129, 273, 256, 304
-0.997238, 65, 313, 192, 344
-0.99724, 75, 297, 90, 360
-0.997248, 253, 249, 268, 312
-0.997257, 81, 333, 208, 364
-0.99726, 69, 145, 84, 176
-0.997261, 247, 329, 262, 392
-0.997268, 73, 369, 88, 432
-0.997272, 69, 241, 84, 304
-0.997285, 1, 257, 16, 320
-0.997288, 165, 377, 180, 440
-0.997293, 1, 361, 16, 424
-0.997296, 1, 321, 319, 384
-0.997297, 193, 205, 319, 236
-0.997304, 195, 385, 210, 448
-0.997304, 269, 417, 284, 480
-0.997312, 261, 385, 276, 448
-0.997322, 135, 401, 150, 464
-0.997324, 33, 269, 160, 300
-0.997324, 177, 301, 304, 332
-0.997327, 305, 213, 319, 244
-0.997338, 89, 305, 104, 368
-0.997338, 213, 225, 244, 480
-0.997342, 17, 221, 144, 252
-0.997342, 53, 193, 68, 256
-0.997343, 235, 281, 250, 344
-0.997343, 127, 145, 142, 208
-0.997353, 101, 129, 132, 384
-0.997359, 1, 1, 128, 64
-0.997367, 221, 129, 252, 384
-0.997378, 161, 161, 288, 192
-0.997394, 193, 217, 319, 248
-0.997398, 145, 313, 272, 344
-0.9974, 177, 325, 304, 356
-0.9974, 25, 369, 40, 432
-0.997403, 91, 241, 106, 304
-0.997406, 263, 249, 278, 312
-0.997417, 233, 81, 264, 208
-0.997423, 43, 369, 58, 432
-0.997427, 1, 1, 256, 64
-0.997437, 77, 141, 92, 172
-0.997448, 1, 309, 128, 340
-0.99745, 189, 409, 204, 472
-0.997457, 103, 145, 118, 176
-0.997464, 79, 417, 94, 480
-0.99747, 145, 377, 160, 440
-0.997475, 223, 385, 238, 448
-0.997481, 215, 261, 230, 292
-0.997497, 185, 169, 200, 232
-0.997516, 85, 161, 100, 224
-0.997516, 159, 377, 174, 440
-0.997517, 97, 401, 112, 464
-0.997521, 129, 385, 144, 448
-0.99753, 49, 305, 80, 432
-0.997531, 33, 353, 160, 384
-0.997548, 135, 161, 150, 224
-0.99755, 155, 233, 170, 296
-0.997551, 223, 281, 238, 344
-0.997553, 229, 385, 244, 448
-0.997554, 107, 409, 122, 472
-0.997568, 203, 289, 218, 352
-0.997574, 137, 233, 152, 296
-0.997579, 293, 401, 308, 464
-0.99758, 299, 213, 314, 244
-0.997582, 133, 273, 148, 336
-0.997585, 31, 369, 46, 432
-0.99759, 193, 265, 208, 328
-0.997592, 247, 257, 262, 288
-0.997593, 287, 217, 302, 248
-0.997595, 61, 177, 76, 240
-0.997606, 29, 177, 44, 240
-0.99761, 31, 393, 46, 456
-0.99762, 275, 249, 290, 312
-0.997633, 75, 241, 90, 304
-0.997636, 241, 289, 272, 416
-0.997638, 81, 349, 208, 380
-0.99764, 65, 297, 80, 360
-0.997649, 195, 409, 210, 472
-0.997654, 67, 169, 82, 232
-0.997656, 161, 233, 288, 264
-0.997657, 43, 185, 58, 216
-0.997658, 85, 137, 100, 168
-0.997666, 153, 377, 168, 440
-0.997667, 79, 217, 94, 280
-0.997671, 17, 369, 144, 400
-0.997672, 263, 417, 278, 480
-0.997683, 129, 373, 256, 404
-0.997684, 223, 233, 238, 296
-0.997693, 65, 33, 319, 96
-0.997716, 49, 177, 64, 208
-0.99772, 77, 153, 92, 184
-0.997721, 95, 141, 110, 172
-0.99773, 59, 157, 74, 188
-0.997744, 197, 193, 228, 448
-0.997758, 209, 1, 240, 128
-0.997759, 89, 97, 120, 352
-0.997778, 221, 265, 236, 296
-0.99778, 85, 193, 116, 320
-0.9978, 113, 301, 240, 332
-0.997818, 193, 253, 319, 284
-0.997826, 1, 345, 319, 408
-0.997831, 1, 273, 319, 336
-0.997842, 129, 325, 256, 356
-0.997847, 77, 305, 108, 432
-0.997858, 1, 133, 128, 164
-0.997872, 193, 129, 319, 160
-0.997872, 129, 361, 256, 392
-0.997886, 129, 349, 256, 380
-0.997896, 293, 217, 308, 248
-0.997899, 209, 353, 240, 480
-0.997912, 123, 173, 138, 204
-0.997914, 145, 217, 272, 248
-0.997921, 129, 181, 144, 212
-0.997945, 193, 377, 319, 408
-0.997947, 145, 197, 272, 228
-0.997963, 177, 289, 304, 320
-0.997983, 49, 113, 176, 176
-0.997991, 113, 157, 128, 188
-0.997995, 245, 161, 276, 416
-0.998005, 177, 149, 304, 180
-0.99801, 129, 193, 160, 448
-0.998014, 1, 225, 32, 480
-0.998036, 65, 57, 319, 120
-0.99805, 95, 153, 110, 184
-0.998053, 65, 365, 192, 396
-0.998056, 15, 401, 30, 432
-0.998058, 55, 169, 70, 200
-0.998077, 181, 305, 212, 432
-0.998081, 125, 405, 140, 436
-0.998082, 27, 221, 42, 252
-0.998094, 153, 257, 184, 384
-0.99811, 21, 217, 36, 248
-0.998121, 57, 151, 120, 166
-0.998122, 1, 297, 128, 328
-0.998125, 113, 49, 240, 112
-0.998126, 177, 365, 304, 396
-0.998137, 121, 81, 184, 208
-0.998138, 15, 221, 30, 252
-0.998141, 229, 225, 260, 480
-0.998143, 97, 285, 224, 316
-0.998148, 197, 1, 228, 128
-0.998156, 87, 157, 102, 188
-0.998166, 227, 261, 242, 292
-0.998174, 233, 129, 264, 384
-0.998183, 1, 237, 16, 268
-0.998187, 65, 301, 192, 332
-0.998189, 145, 133, 272, 164
-0.998192, 161, 401, 176, 432
-0.998205, 91, 397, 106, 428
-0.998222, 27, 401, 42, 432
-0.998223, 17, 281, 144, 312
-0.998223, 205, 405, 220, 436
-0.998228, 35, 401, 50, 432
-0.998232, 207, 261, 222, 292
-0.998259, 215, 273, 230, 304
-0.99826, 303, 225, 318, 256
-0.998263, 37, 193, 52, 224
-0.998263, 7, 237, 22, 268
-0.998265, 201, 417, 216, 448
-0.99827, 49, 165, 112, 180
-0.998275, 117, 401, 132, 432
-0.998275, 57, 143, 120, 158
-0.998282, 251, 421, 266, 452
-0.998285, 195, 401, 210, 432
-0.998288, 85, 401, 100, 432
-0.99829, 21, 393, 36, 424
-0.998296, 193, 313, 319, 344
-0.998296, 155, 393, 170, 424
-0.998297, 99, 401, 114, 432
-0.998309, 33, 97, 288, 160
-0.998318, 9, 401, 24, 432
-0.998322, 77, 405, 92, 436
-0.998325, 259, 421, 274, 452
-0.998325, 283, 405, 298, 436
-0.99833, 109, 401, 124, 432
-0.998361, 73, 165, 136, 180
-0.998361, 117, 389, 132, 420
-0.998366, 269, 417, 284, 448
-0.99837, 133, 229, 148, 260
-0.998375, 177, 13, 304, 44
-0.998375, 207, 433, 222, 464
-0.998376, 241, 413, 256, 444
-0.998377, 147, 401, 162, 432
-0.998379, 117, 169, 132, 200
-0.998379, 29, 205, 44, 236
-0.99838, 229, 401, 244, 432
-0.998387, 253, 257, 268, 288
-0.998388, 221, 277, 236, 308
-0.998388, 193, 1, 319, 32
-0.998388, 63, 145, 78, 176
-0.998389, 213, 421, 228, 452
-0.998393, 277, 433, 292, 464
-0.998394, 165, 129, 196, 256
-0.998408, 249, 409, 264, 440
-0.99841, 35, 217, 50, 248
-0.998414, 109, 145, 124, 176
-0.998417, 153, 365, 168, 396
-0.998419, 177, 353, 304, 384
-0.99842, 181, 161, 212, 416
-0.998421, 277, 401, 292, 432
-0.998423, 61, 417, 92, 432
-0.998423, 101, 381, 132, 396
-0.998423, 209, 397, 240, 412
-0.998424, 107, 441, 122, 472
-0.998424, 137, 191, 168, 206
-0.998425, 1, 245, 32, 260
-0.998425, 201, 267, 264, 282
-0.998426, 209, 423, 240, 438
-0.998426, 201, 279, 232, 294
-0.998427, 189, 265, 220, 280
-0.998427, 217, 409, 248, 424
-0.998427, 137, 185, 168, 200
-0.998427, 1, 259, 32, 274
-0.998429, 281, 461, 312, 476
-0.998429, 133, 259, 164, 274
-0.998429, 213, 451, 244, 466
-0.998429, 229, 273, 244, 304
-0.99843, 45, 413, 76, 428
-0.99843, 85, 383, 116, 398
-0.998431, 277, 251, 308, 266
-0.998432, 177, 449, 208, 464
-0.998432, 237, 425, 252, 456
-0.998433, 89, 445, 120, 460
-0.998433, 259, 405, 274, 436
-0.998434, 109, 453, 140, 468
-0.998434, 257, 257, 288, 272
-0.998434, 177, 423, 208, 438
-0.998435, 249, 421, 280, 436
-0.998436, 53, 407, 84, 422
-0.998437, 41, 177, 72, 192
-0.998437, 153, 397, 184, 412
-0.998437, 285, 415, 316, 430
-0.998438, 233, 335, 264, 350
-0.998438, 197, 163, 228, 178
-0.998438, 81, 251, 112, 266
-0.998439, 41, 421, 72, 436
-0.998439, 257, 465, 288, 480
-0.998439, 113, 173, 144, 188
-0.998441, 73, 165, 104, 180
-0.998441, 105, 245, 136, 260
-0.998441, 209, 417, 240, 432
-0.998441, 229, 403, 260, 418
-0.998442, 117, 193, 148, 208
-0.998442, 289, 403, 319, 418
-0.998443, 77, 377, 108, 392
-0.998444, 129, 29, 256, 60
-0.998444, 197, 259, 228, 274
-0.998445, 13, 375, 44, 390
-0.998445, 93, 415, 124, 430
-0.998446, 261, 421, 292, 436
-0.998446, 85, 163, 116, 178
-0.998447, 25, 403, 56, 418
-0.998448, 269, 433, 300, 448
-0.998451, 93, 311, 124, 326
-0.998453, 17, 217, 48, 232
-0.998453, 181, 439, 212, 454
-0.998453, 11, 389, 26, 420
-0.998454, 269, 461, 300, 476
-0.998454, 285, 229, 300, 260
-0.998454, 125, 399, 156, 414
-0.998454, 273, 219, 304, 234
-0.998455, 205, 463, 236, 478
-0.998455, 269, 447, 300, 462
-0.998456, 85, 397, 116, 412
-0.998456, 189, 403, 220, 418
-0.998459, 233, 267, 264, 282
-0.998459, 197, 273, 228, 288
-0.998459, 33, 189, 96, 204
-0.998459, 105, 399, 136, 414
-0.998459, 193, 301, 224, 316
-0.998461, 261, 399, 292, 414
-0.998461, 25, 209, 56, 224
-0.998462, 41, 399, 72, 414
-0.998462, 175, 405, 190, 436
-0.998462, 141, 405, 172, 420
-0.998462, 225, 413, 240, 444
-0.998463, 25, 193, 56, 448
-0.998463, 1, 239, 32, 254
-0.998464, 73, 159, 104, 174
-0.998464, 101, 447, 132, 462
-0.998466, 225, 391, 256, 406
-0.998468, 233, 273, 264, 288
-0.998468, 285, 409, 316, 424
-0.998468, 167, 401, 182, 432
-0.998469, 13, 211, 44, 226
-0.998471, 221, 277, 252, 292
-0.998472, 13, 399, 44, 414
-0.998472, 29, 229, 60, 244
-0.998473, 285, 229, 316, 244
-0.998473, 181, 433, 212, 448
-0.998473, 181, 455, 212, 470
-0.998474, 107, 245, 122, 276
-0.998475, 25, 415, 56, 430
-0.998477, 209, 259, 240, 274
-0.998478, 53, 155, 84, 170
-0.99848, 65, 401, 80, 432
-0.998481, 57, 401, 88, 416
-0.998481, 121, 33, 184, 160
-0.998482, 193, 465, 224, 480
-0.998482, 185, 401, 200, 432
-0.998483, 93, 409, 108, 440
-0.998483, 197, 453, 228, 468
-0.998483, 121, 405, 152, 420
-0.998485, 1, 399, 32, 414
-0.998486, 177, 401, 208, 416
-0.998486, 101, 145, 132, 160
-0.998487, 117, 187, 148, 202
-0.998488, 33, 203, 64, 218
-0.998489, 97, 163, 128, 178
-0.998489, 101, 169, 132, 184
-0.99849, 81, 417, 112, 432
-0.998493, 61, 147, 92, 162
-0.998494, 131, 393, 146, 424
-0.998495, 81, 413, 144, 428
-0.998495, 229, 417, 260, 432
-0.998496, 81, 407, 112, 422
-0.998497, 189, 421, 220, 436
-0.998498, 9, 231, 40, 246
-0.998499, 3, 401, 18, 432
-0.9985, 105, 411, 136, 426
-0.998501, 121, 233, 152, 248
-0.998503, 275, 417, 290, 448
-0.998503, 233, 261, 264, 276
-0.998504, 273, 405, 304, 420
-0.998508, 105, 441, 136, 456
-0.998508, 13, 223, 44, 238
-0.998509, 281, 217, 296, 248
-0.998509, 9, 225, 24, 256
-0.99851, 101, 133, 116, 164
-0.998511, 69, 407, 100, 422
-0.998512, 113, 179, 144, 194
-0.998513, 37, 197, 68, 212
-0.998515, 1, 249, 16, 280
-0.998515, 127, 229, 142, 260
-0.998515, 271, 401, 286, 432
-0.998517, 209, 273, 240, 288
-0.998523, 273, 415, 304, 430
-0.998524, 257, 161, 288, 416
-0.998524, 57, 163, 88, 178
-0.998524, 45, 401, 60, 432
-0.998525, 53, 173, 84, 188
-0.998525, 261, 257, 276, 288
-0.998527, 161, 403, 192, 418
-0.99853, 85, 145, 116, 160
-0.998534, 245, 261, 276, 276
-0.998534, 107, 157, 122, 188
-0.998535, 187, 181, 202, 212
-0.998536, 57, 157, 120, 172
-0.998537, 33, 1, 96, 128
-0.998538, 41, 189, 72, 204
-0.998539, 201, 265, 232, 280
-0.998546, 81, 153, 112, 168
-0.998547, 21, 205, 36, 236
-0.998548, 235, 405, 250, 436
-0.99855, 257, 219, 319, 234
-0.99855, 197, 301, 212, 332
-0.99855, 73, 401, 104, 416
-0.998552, 45, 183, 76, 198
-0.998553, 291, 345, 306, 376
-0.998558, 233, 421, 296, 436
-0.998559, 41, 181, 104, 196
-0.998559, 165, 389, 180, 420
-0.998562, 85, 413, 100, 444
-0.998562, 91, 129, 106, 160
-0.998565, 113, 437, 128, 468
-0.998566, 221, 259, 252, 274
-0.998568, 93, 405, 124, 420
-0.998569, 201, 275, 264, 290
-0.998571, 305, 393, 319, 424
-0.998572, 219, 421, 234, 452
-0.998573, 93, 157, 124, 172
-0.998573, 189, 113, 220, 240
-0.998573, 237, 265, 252, 296
-0.998573, 93, 151, 124, 166
-0.998574, 5, 389, 20, 420
-0.998576, 285, 223, 316, 238
-0.998576, 177, 455, 240, 470
-0.998579, 113, 1, 240, 32
-0.99858, 123, 381, 138, 412
-0.998582, 105, 413, 120, 444
-0.998582, 207, 421, 222, 452
-0.998584, 273, 257, 304, 384
-0.998584, 35, 389, 50, 420
-0.998584, 73, 145, 104, 160
-0.998587, 221, 271, 252, 286
-0.998589, 289, 205, 304, 236
-0.998596, 1, 9, 128, 40
-0.998604, 247, 273, 262, 304
-0.998604, 73, 137, 136, 152
-0.998607, 135, 189, 150, 220
-0.998608, 211, 401, 226, 432
-0.998611, 201, 437, 216, 468
-0.998613, 191, 265, 206, 296
-0.998613, 141, 229, 156, 260
-0.998615, 83, 329, 98, 360
-0.998616, 177, 439, 240, 454
-0.99862, 49, 171, 112, 186
-0.99862, 289, 401, 304, 432
-0.998621, 89, 185, 152, 200
-0.998626, 221, 253, 236, 284
-0.998631, 45, 389, 60, 420
-0.998633, 161, 117, 288, 148
-0.998634, 169, 403, 232, 418
-0.998638, 185, 421, 248, 436
-0.998638, 43, 421, 58, 452
-0.998639, 81, 139, 112, 154
-0.998644, 231, 437, 246, 468
-0.998645, 97, 145, 160, 160
-0.998645, 57, 401, 120, 416
-0.998645, 187, 389, 202, 420
-0.998645, 65, 153, 96, 168
-0.998646, 195, 417, 210, 448
-0.998646, 101, 249, 116, 280
-0.998648, 239, 389, 254, 420
-0.998651, 33, 413, 96, 428
-0.998658, 213, 265, 244, 280
-0.998661, 9, 415, 72, 430
-0.998662, 121, 231, 184, 246
-0.998663, 201, 257, 264, 272
-0.998669, 57, 417, 120, 432
-0.998682, 197, 97, 228, 352
-0.998684, 285, 217, 316, 232
-0.99869, 105, 237, 168, 252
-0.998697, 209, 129, 240, 384
-0.998701, 25, 195, 88, 210
-0.998703, 201, 449, 264, 464
-0.998708, 241, 259, 304, 274
-0.998709, 193, 461, 256, 476
-0.998719, 25, 201, 88, 216
-0.998722, 269, 225, 300, 480
-0.998725, 97, 441, 160, 456
-0.998726, 97, 407, 160, 422
-0.998731, 105, 155, 168, 170
-0.998734, 121, 405, 184, 420
-0.998736, 81, 173, 144, 188
-0.998739, 241, 451, 304, 466
-0.998748, 177, 449, 240, 464
-0.998749, 1, 229, 64, 244
-0.99875, 121, 399, 184, 414
-0.998752, 33, 159, 96, 174
-0.998752, 145, 97, 176, 352
-0.998756, 233, 465, 296, 480
-0.998756, 65, 311, 128, 326
-0.998761, 201, 415, 264, 430
-0.998761, 141, 193, 172, 448
-0.998763, 137, 421, 200, 436
-0.998765, 241, 437, 304, 452
-0.99877, 193, 61, 319, 92
-0.998771, 129, 97, 160, 352
-0.998773, 9, 207, 72, 222
-0.998775, 129, 189, 192, 204
-0.998778, 241, 407, 304, 422
-0.99878, 73, 447, 136, 462
-0.998781, 129, 17, 256, 48
-0.998787, 17, 403, 80, 418
-0.998789, 57, 407, 120, 422
-0.998793, 97, 191, 160, 206
-0.998796, 257, 225, 319, 240
-0.998802, 161, 273, 224, 288
-0.998803, 129, 225, 192, 240
-0.998809, 17, 183, 80, 198
-0.998817, 249, 415, 312, 430
-0.998819, 161, 421, 224, 436
-0.998825, 145, 405, 208, 420
-0.998827, 25, 147, 88, 162
-0.998832, 81, 159, 144, 174
-0.998836, 137, 259, 200, 274
-0.998837, 81, 401, 144, 416
-0.998838, 17, 219, 80, 234
-0.998839, 145, 113, 272, 176
-0.998843, 81, 179, 144, 194
-0.998845, 113, 53, 240, 84
-0.998847, 233, 401, 296, 416
-0.998847, 113, 181, 176, 196
-0.998847, 81, 455, 144, 470
-0.998848, 193, 403, 256, 418
-0.998858, 177, 433, 240, 448
-0.998859, 241, 445, 304, 460
-0.998861, 9, 235, 72, 250
-0.998862, 1, 1, 319, 64
-0.998863, 169, 225, 200, 480
-0.998863, 49, 41, 176, 72
-0.998867, 201, 281, 264, 296
-0.998868, 121, 415, 184, 430
-0.998869, 201, 329, 264, 344
-0.998873, 137, 427, 200, 442
-0.998874, 81, 121, 208, 152
-0.998875, 51, 161, 66, 288
-0.99888, 65, 53, 192, 84
-0.998882, 17, 153, 80, 168
-0.998885, 201, 455, 264, 470
-0.998886, 33, 245, 96, 260
-0.998888, 17, 371, 80, 386
-0.998888, 185, 323, 248, 338
-0.998889, 169, 279, 232, 294
-0.998891, 25, 339, 88, 354
-0.998891, 49, 137, 112, 152
-0.998894, 105, 245, 168, 260
-0.998894, 9, 189, 72, 204
-0.998896, 1, 379, 64, 394
-0.998897, 105, 173, 168, 188
-0.998897, 129, 41, 256, 72
-0.998898, 33, 459, 96, 474
-0.9989, 177, 263, 240, 278
-0.9989, 97, 395, 160, 410
-0.998901, 97, 463, 160, 478
-0.998903, 1, 243, 64, 258
-0.998903, 49, 453, 112, 468
-0.998905, 129, 239, 192, 254
-0.99891, 17, 77, 144, 108
-0.998911, 17, 397, 80, 412
-0.998914, 9, 161, 72, 176
-0.998914, 89, 317, 152, 332
-0.998915, 245, 65, 276, 320
-0.998915, 121, 371, 184, 386
-0.998918, 185, 427, 248, 442
-0.998919, 177, 49, 304, 80
-0.998919, 241, 457, 304, 472
-0.998922, 105, 433, 168, 448
-0.998924, 225, 317, 288, 332
-0.998924, 97, 389, 160, 404
-0.998926, 9, 173, 72, 188
-0.998927, 73, 339, 136, 354
-0.998933, 25, 167, 88, 182
-0.998934, 193, 299, 256, 314
-0.998934, 81, 29, 208, 60
-0.998934, 209, 323, 272, 338
-0.998935, 33, 225, 96, 240
-0.998936, 137, 253, 200, 268
-0.998936, 217, 443, 280, 458
-0.998938, 129, 209, 192, 224
-0.998938, 257, 465, 319, 480
-0.998939, 241, 351, 304, 366
-0.998939, 97, 197, 160, 212
-0.99894, 97, 419, 160, 434
-0.99894, 153, 459, 216, 474
-0.99894, 145, 415, 208, 430
-0.998942, 41, 177, 56, 304
-0.998944, 73, 461, 136, 476
-0.998945, 49, 93, 176, 124
-0.998946, 209, 423, 272, 438
-0.998947, 169, 409, 232, 424
-0.998947, 257, 231, 319, 246
-0.998948, 121, 451, 184, 466
-0.998949, 249, 341, 312, 356
-0.998953, 257, 311, 319, 326
-0.998954, 49, 465, 112, 480
-0.998955, 129, 361, 192, 376
-0.998956, 17, 97, 48, 352
-0.998958, 177, 37, 304, 68
-0.998963, 97, 65, 224, 96
-0.998964, 61, 145, 76, 272
-0.998967, 129, 77, 256, 108
-0.998978, 177, 25, 304, 56
-0.998999, 49, 17, 176, 48
-0.998999, 1, 297, 319, 360
-0.999012, 49, 65, 176, 96
-0.999023, 13, 225, 44, 480
-0.999025, 261, 113, 292, 240
-0.999044, 213, 1, 244, 256
-0.999051, 177, 77, 304, 108
-0.999061, 131, 177, 146, 304
-0.999076, 17, 193, 32, 320
-0.999088, 1, 121, 128, 152
-0.999104, 247, 241, 262, 368
-0.999106, 13, 289, 44, 416
-0.999108, 119, 161, 134, 288
-0.999117, 111, 145, 126, 272
-0.999119, 125, 161, 140, 288
-0.999124, 67, 145, 82, 272
-0.99913, 145, 65, 272, 96
-0.999132, 37, 65, 68, 320
-0.999132, 1, 65, 128, 96
-0.999144, 49, 1, 176, 32
-0.999144, 29, 289, 60, 416
-0.999152, 57, 33, 88, 288
-0.999158, 45, 129, 60, 256
-0.999162, 97, 93, 224, 124
-0.999174, 81, 1, 112, 256
-0.999174, 213, 241, 228, 368
-0.999175, 1, 113, 319, 176
-0.999179, 1, 41, 128, 72
-0.999179, 245, 193, 276, 320
-0.999181, 105, 33, 136, 288
-0.999181, 7, 209, 22, 336
-0.999182, 35, 177, 50, 304
-0.999199, 229, 257, 244, 384
-0.999202, 219, 241, 234, 368
-0.999207, 13, 337, 28, 464
-0.999208, 23, 193, 38, 320
-0.999211, 65, 81, 192, 112
-0.999211, 23, 337, 38, 464
-0.999213, 141, 193, 156, 320
-0.999226, 169, 129, 200, 384
-0.999226, 49, 225, 80, 480
-0.999228, 1, 337, 16, 464
-0.999233, 1, 53, 128, 84
-0.999242, 255, 241, 270, 368
-0.999244, 1, 89, 128, 120
-0.999254, 37, 337, 52, 464
-0.999263, 29, 177, 44, 304
-0.999263, 105, 225, 136, 480
-0.999265, 29, 337, 44, 464
-0.999265, 161, 337, 176, 464
-0.999265, 105, 129, 120, 256
-0.99927, 93, 225, 124, 480
-0.999273, 65, 1, 192, 64
-0.999274, 285, 209, 300, 336
-0.999276, 207, 241, 222, 368
-0.99928, 151, 353, 166, 480
-0.999285, 33, 29, 160, 60
-0.999287, 261, 241, 276, 368
-0.99929, 7, 337, 22, 464
-0.999292, 17, 109, 144, 140
-0.999297, 173, 193, 188, 320
-0.999298, 57, 193, 72, 320
-0.999302, 305, 193, 319, 320
-0.999303, 83, 145, 98, 272
-0.999304, 267, 241, 282, 368
-0.999307, 73, 145, 88, 272
-0.99931, 69, 407, 84, 422
-0.999311, 287, 403, 302, 418
-0.999312, 1, 399, 16, 414
-0.999313, 13, 393, 28, 408
-0.999313, 53, 113, 68, 240
-0.999314, 157, 225, 188, 480
-0.999315, 57, 353, 72, 480
-0.999317, 285, 231, 300, 246
-0.999317, 207, 265, 222, 280
-0.999318, 33, 413, 48, 428
-0.99932, 281, 433, 296, 448
-0.999324, 145, 89, 272, 120
-0.999325, 169, 353, 184, 480
-0.999329, 199, 301, 214, 316
-0.99933, 145, 241, 160, 368
-0.999332, 1, 225, 16, 352
-0.999333, 275, 461, 290, 476
-0.999333, 229, 403, 244, 418
-0.999334, 119, 113, 134, 240
-0.999337, 291, 209, 306, 336
-0.99934, 273, 241, 288, 368
-0.999342, 203, 407, 218, 422
-0.999343, 139, 321, 154, 448
-0.999344, 109, 409, 124, 424
-0.999344, 33, 129, 48, 256
-0.999344, 281, 407, 296, 422
-0.999347, 11, 377, 26, 392
-0.999347, 145, 353, 160, 480
-0.999348, 127, 405, 142, 420
-0.999348, 35, 399, 50, 414
-0.999348, 305, 353, 319, 480
-0.999348, 29, 403, 44, 418
-0.99935, 251, 401, 266, 416
-0.99935, 1, 241, 16, 256
-0.999351, 97, 415, 112, 430
-0.999353, 217, 417, 232, 432
-0.999354, 153, 241, 168, 368
-0.999355, 115, 399, 130, 414
-0.999356, 127, 399, 142, 414
-0.999357, 131, 225, 146, 352
-0.999358, 31, 219, 46, 234
-0.999358, 177, 353, 192, 480
-0.99936, 39, 199, 54, 214
-0.999362, 271, 193, 286, 320
-0.999363, 39, 415, 54, 430
-0.999363, 81, 407, 96, 422
-0.999365, 83, 163, 98, 178
-0.999366, 211, 455, 226, 470
-0.999366, 121, 209, 136, 336
-0.999367, 207, 161, 222, 176
-0.999367, 185, 403, 200, 418
-0.999368, 239, 391, 254, 406
-0.99937, 259, 315, 274, 330
-0.99937, 197, 465, 212, 480
-0.99937, 25, 397, 40, 412
-0.999371, 89, 129, 104, 256
-0.999371, 49, 337, 64, 464
-0.999372, 221, 393, 236, 408
-0.999372, 15, 145, 30, 272
-0.999374, 231, 279, 246, 294
-0.999375, 131, 129, 146, 256
-0.999376, 39, 129, 54, 256
-0.999376, 181, 193, 196, 320
-0.999378, 209, 403, 224, 418
-0.999381, 89, 1, 152, 128
-0.999381, 191, 257, 206, 384
-0.999382, 285, 225, 300, 240
-0.999385, 25, 221, 40, 236
-0.999385, 103, 405, 118, 420
-0.999386, 65, 157, 80, 172
-0.999388, 279, 209, 294, 336
-0.999388, 55, 401, 70, 416
-0.999388, 109, 403, 124, 418
-0.999388, 201, 257, 216, 384
-0.999389, 137, 231, 152, 246
-0.999391, 231, 261, 246, 276
-0.999392, 211, 417, 226, 432
-0.999393, 65, 97, 80, 224
-0.999394, 67, 401, 82, 416
-0.999395, 257, 337, 272, 464
-0.999397, 9, 399, 24, 414
-0.999402, 43, 353, 58, 480
-0.999403, 93, 321, 108, 448
-0.999403, 131, 191, 146, 206
-0.999403, 65, 105, 192, 136
-0.999404, 117, 33, 148, 288
-0.999404, 207, 463, 222, 478
-0.999406, 227, 271, 242, 286
-0.999406, 123, 337, 138, 464
-0.999407, 267, 337, 282, 464
-0.999407, 77, 97, 92, 224
-0.999409, 115, 353, 130, 480
-0.999409, 105, 337, 120, 464
-0.999409, 157, 403, 172, 418
-0.99941, 267, 399, 282, 414
-0.999411, 113, 441, 128, 456
-0.999412, 103, 415, 118, 430
-0.999414, 79, 337, 94, 464
-0.999416, 85, 417, 100, 432
-0.999416, 291, 353, 306, 480
-0.999416, 47, 209, 62, 336
-0.999418, 65, 337, 80, 464
-0.999418, 129, 105, 256, 136
-0.999419, 91, 397, 106, 412
-0.99942, 11, 233, 26, 248
-0.999423, 293, 161, 308, 288
-0.999424, 73, 337, 88, 464
-0.999425, 155, 193, 170, 320
-0.999426, 297, 407, 312, 422
-0.999426, 187, 193, 202, 320
-0.999427, 117, 257, 132, 384
-0.999428, 125, 257, 140, 384
-0.999428, 163, 209, 178, 336
-0.999428, 179, 241, 194, 368
-0.999431, 13, 227, 28, 242
-0.999433, 61, 401, 76, 416
-0.999433, 137, 241, 152, 368
-0.999434, 149, 405, 164, 420
-0.999439, 247, 337, 262, 464
-0.999439, 183, 337, 198, 464
-0.999442, 285, 353, 300, 480
-0.999444, 193, 353, 208, 480
-0.999446, 37, 225, 52, 352
-0.999449, 133, 353, 148, 480
-0.99945, 111, 257, 126, 384
-0.999451, 197, 455, 212, 470
-0.999451, 173, 241, 188, 368
-0.999452, 193, 89, 319, 120
-0.999453, 235, 417, 250, 432
-0.999456, 1, 247, 16, 262
-0.999456, 143, 145, 158, 272
-0.999456, 283, 461, 298, 476
-0.999457, 177, 105, 304, 136
-0.999458, 87, 147, 102, 162
-0.999459, 23, 145, 38, 272
-0.99946, 287, 161, 302, 288
-0.999461, 75, 409, 90, 424
-0.999463, 281, 129, 312, 384
-0.999463, 297, 353, 312, 480
-0.999464, 237, 273, 252, 400
-0.999466, 147, 193, 162, 320
-0.999466, 89, 135, 104, 150
-0.999467, 77, 193, 92, 320
-0.999467, 97, 405, 112, 420
-0.999467, 125, 113, 140, 240
-0.99947, 19, 397, 34, 412
-0.99947, 285, 415, 300, 430
-0.99947, 233, 33, 264, 288
-0.999473, 299, 161, 314, 288
-0.999473, 23, 211, 38, 226
-0.999473, 297, 223, 312, 238
-0.999477, 91, 241, 106, 368
-0.999477, 199, 177, 214, 304
-0.999478, 97, 145, 112, 272
-0.999478, 255, 289, 270, 416
-0.999478, 21, 403, 36, 418
-0.999478, 9, 161, 24, 288
-0.999479, 203, 305, 218, 432
-0.999479, 91, 193, 106, 320
-0.999479, 131, 229, 146, 244
-0.99948, 63, 193, 78, 320
-0.999485, 147, 305, 162, 432
-0.999485, 113, 305, 128, 432
-0.999486, 155, 305, 170, 432
-0.999488, 41, 193, 56, 208
-0.999488, 225, 209, 240, 336
-0.999489, 59, 97, 74, 224
-0.999489, 101, 241, 116, 368
-0.999489, 227, 337, 242, 464
-0.999491, 131, 289, 146, 416
-0.999492, 157, 97, 188, 352
-0.999492, 111, 97, 126, 224
-0.999494, 31, 225, 46, 352
-0.999496, 279, 161, 294, 288
-0.999497, 233, 321, 248, 448
-0.999498, 85, 337, 100, 464
-0.999499, 207, 271, 222, 286
-0.999501, 83, 257, 98, 384
-0.999501, 199, 421, 214, 436
-0.999507, 259, 113, 274, 240
-0.999508, 167, 161, 182, 288
-0.99951, 109, 193, 124, 320
-0.99951, 101, 289, 116, 416
-0.99951, 101, 443, 116, 458
-0.999511, 295, 113, 310, 240
-0.999512, 257, 65, 288, 320
-0.999518, 129, 185, 144, 200
-0.999526, 7, 239, 22, 254
-0.999527, 107, 443, 122, 458
-0.999532, 113, 165, 128, 180
-0.999534, 91, 411, 106, 426
-0.99954, 107, 155, 122, 170
-0.999546, 203, 453, 218, 468
-0.99956, 29, 209, 44, 224
-0.999563, 57, 169, 72, 184
-0.999564, 177, 401, 192, 416
-0.999567, 59, 161, 74, 176
-0.999568, 1, 49, 319, 112
-0.99957, 43, 187, 58, 202
-0.999572, 29, 229, 44, 244
-0.999575, 97, 153, 112, 168
-0.999586, 103, 143, 118, 158
-0.9996, 209, 259, 224, 274
-0.999603, 121, 405, 136, 420
-0.999604, 55, 175, 70, 190
-0.999617, 93, 141, 108, 156
-0.999618, 165, 1, 196, 128
-0.999629, 215, 273, 230, 288
-0.999633, 83, 137, 98, 152
-0.999633, 167, 401, 182, 416
-0.999635, 125, 179, 140, 194
-0.999635, 89, 163, 104, 178
-0.999644, 77, 225, 108, 480
-0.999661, 115, 409, 130, 424
-0.999663, 19, 217, 34, 232
-0.999674, 79, 157, 94, 172
-0.99968, 245, 1, 276, 128
-0.99968, 81, 25, 208, 88
-0.99969, 19, 223, 34, 238
-0.999691, 269, 129, 300, 384
-0.999706, 119, 171, 134, 186
-0.999707, 83, 401, 98, 416
-0.999709, 287, 409, 302, 424
-0.999711, 225, 259, 240, 274
-0.999714, 185, 65, 216, 320
-0.999717, 97, 147, 112, 162
-0.999738, 201, 1, 232, 256
-0.999747, 303, 223, 318, 238
-0.999754, 221, 275, 236, 290
-0.999758, 281, 225, 312, 480
-0.99977, 209, 193, 240, 320
-0.999817, 217, 267, 232, 282
-0.999821, 17, 1, 48, 128
-0.999833, 305, 215, 319, 230
-0.999844, 49, 181, 64, 196
-0.999854, 225, 265, 240, 280
-0.999854, 61, 225, 92, 480
-0.999893, 295, 217, 310, 232
-0.999893, 77, 149, 92, 164
-0.999918, 287, 219, 302, 234
-0.999938, 77, 141, 92, 156
-0.99996, 247, 259, 262, 274
-0.999999, 1, 129, 32, 384
-1.00002, 69, 1, 100, 256
-1.00003, 71, 145, 86, 160
-1.00003, 1, 25, 319, 88
-1.00003, 137, 1, 168, 256
-1.00004, 65, 49, 192, 112
-1.00007, 215, 261, 230, 276
-1.00008, 93, 1, 124, 256
-1.00011, 57, 1, 120, 128
-1.00012, 103, 149, 118, 164
-1.00017, 273, 33, 304, 288
-1.00019, 67, 151, 82, 166
-1.00024, 289, 33, 319, 288
-1.00026, 1, 73, 319, 136
-1.00028, 173, 33, 204, 288
-1.00032, 13, 1, 44, 256
-1.00032, 221, 1, 252, 128
-1.0004, 5, 1, 36, 128
-1.00042, 233, 33, 264, 160
-1.00047, 265, 1, 296, 128
-1.00048, 33, 25, 160, 88
-1.0006, 149, 49, 180, 176
-1.0006, 161, 1, 192, 256
-1.00064, 1, 33, 32, 288
-1.00071, 129, 73, 256, 136
-1.00074, 149, 1, 180, 256
-1.00076, 289, 81, 319, 208
-1.00077, 17, 73, 144, 136
-1.0008, 25, 1, 56, 256
-1.00081, 185, 49, 216, 176
-1.00108, 177, 1, 208, 128
-1.00109, 193, 73, 319, 136
-1.0012, 1, 49, 128, 112
-1.00122, 141, 1, 172, 128
-1.00127, 213, 49, 244, 176
-1.00136, 133, 81, 164, 208
-1.0014, 65, 73, 192, 136
-1.00145, 37, 1, 68, 128
-1.00162, 281, 1, 312, 128
-1.00171, 225, 145, 256, 272
-1.00205, 173, 49, 204, 176
-1.00214, 25, 49, 88, 176
-1.00224, 153, 1, 184, 128
-1.00247, 201, 81, 232, 208
-1.00265, 249, 65, 280, 192
-1.00292, 1, 113, 32, 240
-1.00292, 49, 49, 80, 176
-1.0055, 1, 49, 64, 176
