1975
-0.290856, 1, 33, 375, 288
-0.306371, 1, 1, 375, 500
-0.409817, 1, 129, 375, 384
-0.456992, 1, 225, 375, 480
-0.47248, 33, 1, 288, 500
-0.538399, 129, 1, 375, 500
-0.630601, 33, 97, 288, 352
-0.672424, 1, 193, 256, 448
-0.697661, 97, 193, 352, 448
-0.720598, 33, 1, 288, 256
-0.744876, 129, 97, 375, 352
-0.766783, 129, 1, 375, 256
-0.865122, 241, 193, 368, 448
-0.869969, 113, 257, 240, 500
-0.873266, 193, 161, 320, 416
-0.874611, 49, 97, 176, 352
-0.878302, 33, 193, 160, 448
-0.880589, 161, 1, 288, 500
-0.880629, 49, 1, 176, 500
-0.881075, 1, 129, 375, 256
-0.8846, 113, 1, 240, 500
-0.885197, 177, 257, 304, 500
-0.886538, 1, 177, 375, 304
-0.888052, 241, 97, 368, 352
-0.890281, 97, 129, 224, 384
-0.893164, 241, 1, 368, 500
-0.897523, 1, 289, 375, 416
-0.900734, 1, 97, 128, 352
-0.903368, 1, 369, 375, 496
-0.905691, 145, 33, 272, 288
-0.906486, 1, 81, 375, 208
-0.906875, 1, 1, 128, 500
-0.910688, 193, 65, 320, 320
-0.911381, 1, 225, 375, 352
-0.91302, 97, 129, 352, 256
-0.915859, 145, 161, 272, 416
-0.917962, 97, 33, 224, 288
-0.920677, 289, 145, 352, 272
-0.922493, 49, 1, 176, 256
-0.923697, 97, 177, 352, 304
-0.923932, 1, 33, 375, 160
-0.925521, 241, 1, 368, 256
-0.925803, 241, 145, 368, 272
-0.927265, 129, 305, 375, 432
-0.928632, 1, 337, 256, 464
-0.931233, 257, 161, 320, 288
-0.931929, 49, 97, 176, 224
-0.932578, 33, 81, 288, 208
-0.934351, 153, 305, 216, 432
-0.934766, 313, 161, 375, 288
-0.937309, 193, 177, 320, 304
-0.93766, 129, 353, 375, 480
-0.938203, 1, 257, 256, 384
-0.941985, 177, 289, 240, 416
-0.944176, 129, 161, 256, 288
-0.94481, 113, 289, 176, 416
-0.946656, 1, 1, 128, 256
-0.94741, 97, 337, 224, 464
-0.947944, 81, 305, 144, 432
-0.948023, 1, 209, 256, 336
-0.948603, 81, 289, 208, 416
-0.948694, 97, 225, 352, 352
-0.949003, 241, 209, 368, 336
-0.949029, 33, 305, 160, 432
-0.949141, 1, 129, 256, 256
-0.950148, 129, 289, 256, 416
-0.950907, 209, 113, 272, 240
-0.95115, 177, 289, 304, 416
-0.95219, 145, 257, 208, 384
-0.952731, 313, 113, 375, 240
-0.952848, 185, 337, 248, 464
-0.952934, 129, 113, 256, 240
-0.953894, 305, 209, 368, 336
-0.954143, 193, 129, 320, 256
-0.954557, 265, 289, 328, 416
-0.955001, 185, 241, 248, 368
-0.955731, 49, 225, 176, 352
-0.956094, 49, 145, 176, 272
-0.957084, 257, 209, 320, 336
-0.957094, 105, 353, 168, 480
-0.957175, 145, 129, 208, 256
-0.957332, 129, 337, 192, 464
-0.957585, 233, 289, 296, 416
-0.957893, 65, 257, 128, 384
-0.958347, 281, 193, 344, 320
-0.958546, 169, 97, 232, 224
-0.959496, 233, 145, 296, 272
-0.95962, 161, 353, 288, 480
-0.959739, 129, 49, 375, 176
-0.960061, 161, 353, 224, 480
-0.960375, 73, 81, 136, 208
-0.960814, 105, 241, 168, 368
-0.961061, 281, 145, 344, 208
-0.96178, 97, 81, 160, 208
-0.961822, 305, 161, 368, 224
-0.961876, 9, 369, 72, 496
-0.962231, 1, 193, 128, 320
-0.962694, 97, 241, 224, 368
-0.962852, 241, 337, 304, 464
-0.963035, 177, 225, 304, 352
-0.963221, 249, 209, 312, 272
-0.963228, 281, 177, 344, 240
-0.963666, 41, 289, 104, 416
-0.963782, 201, 289, 264, 416
-0.963916, 113, 305, 176, 368
-0.964008, 137, 313, 200, 376
-0.964236, 145, 345, 208, 408
-0.964808, 241, 169, 368, 232
-0.964829, 209, 161, 272, 288
-0.965041, 49, 81, 112, 208
-0.965268, 293, 145, 324, 272
-0.965403, 33, 33, 288, 160
-0.965875, 225, 321, 352, 448
-0.96593, 161, 377, 224, 440
-0.966204, 257, 153, 320, 216
-0.966258, 113, 393, 176, 456
-0.966588, 169, 161, 232, 288
-0.966616, 129, 1, 375, 128
-0.966628, 73, 193, 136, 320
-0.966891, 1, 241, 64, 368
-0.967115, 297, 217, 360, 280
-0.967154, 105, 129, 168, 256
-0.967543, 281, 337, 344, 464
-0.967766, 129, 369, 192, 432
-0.967948, 185, 49, 248, 176
-0.967995, 241, 369, 368, 496
-0.968061, 273, 201, 336, 264
-0.968096, 81, 305, 144, 368
-0.968101, 1, 257, 128, 384
-0.968281, 73, 129, 136, 256
-0.968393, 249, 177, 312, 240
-0.968582, 137, 393, 200, 456
-0.968685, 145, 81, 208, 208
-0.969016, 305, 137, 368, 200
-0.969151, 305, 161, 336, 288
-0.969177, 185, 297, 248, 360
-0.969779, 113, 329, 176, 392
-0.969788, 225, 313, 288, 376
-0.970053, 153, 417, 216, 480
-0.970131, 65, 49, 192, 176
-0.970137, 41, 241, 104, 368
-0.97018, 333, 161, 364, 288
-0.970334, 265, 401, 328, 464
-0.97045, 305, 361, 368, 424
-0.970626, 345, 161, 375, 288
-0.970738, 33, 145, 96, 272
-0.970744, 209, 73, 272, 136
-0.970861, 177, 49, 240, 112
-0.970871, 273, 305, 336, 368
-0.97148, 321, 161, 352, 288
-0.971755, 281, 377, 344, 440
-0.971769, 129, 33, 192, 160
-0.971884, 241, 393, 304, 456
-0.971923, 89, 393, 152, 456
-0.971958, 265, 145, 296, 272
-0.971981, 185, 353, 248, 416
-0.972122, 137, 289, 200, 352
-0.972168, 217, 337, 280, 464
-0.972191, 217, 201, 280, 264
-0.972194, 233, 193, 296, 320
-0.972309, 169, 321, 232, 384
-0.972552, 265, 425, 328, 488
-0.972608, 113, 193, 176, 320
-0.972635, 57, 289, 120, 352
-0.972805, 161, 65, 288, 192
-0.972811, 153, 57, 216, 120
-0.972874, 113, 33, 240, 160
-0.972895, 257, 129, 320, 384
-0.972907, 273, 225, 336, 288
-0.97292, 277, 161, 308, 288
-0.973114, 313, 305, 375, 432
-0.973132, 289, 129, 352, 384
-0.973183, 201, 177, 264, 240
-0.973192, 225, 209, 352, 272
-0.973245, 41, 193, 104, 320
-0.973255, 145, 177, 208, 304
-0.973428, 193, 233, 256, 296
-0.973471, 145, 145, 208, 208
-0.973599, 257, 113, 320, 240
-0.973764, 1, 385, 64, 448
-0.973894, 97, 393, 224, 456
-0.973908, 49, 353, 176, 480
-0.974029, 161, 297, 224, 360
-0.974059, 313, 161, 375, 416
-0.974259, 1, 145, 128, 272
-0.974276, 57, 105, 120, 168
-0.974303, 185, 377, 248, 440
-0.974328, 185, 225, 248, 480
-0.974395, 49, 97, 176, 160
-0.974428, 113, 281, 176, 344
-0.974499, 281, 225, 344, 480
-0.974619, 241, 289, 304, 352
-0.974818, 137, 81, 200, 144
-0.974824, 57, 313, 120, 376
-0.974832, 141, 305, 172, 368
-0.97492, 313, 305, 375, 368
-0.974922, 337, 161, 368, 224
-0.975156, 289, 289, 352, 416
-0.975167, 241, 425, 304, 488
-0.975403, 177, 17, 240, 80
-0.975416, 313, 385, 375, 448
-0.975481, 317, 145, 348, 208
-0.975484, 169, 105, 232, 168
-0.97553, 137, 121, 200, 184
-0.97559, 209, 97, 272, 160
-0.975607, 1, 369, 128, 496
-0.975609, 241, 409, 368, 472
-0.975702, 81, 209, 144, 272
-0.975717, 297, 417, 360, 480
-0.975731, 209, 145, 272, 208
-0.975752, 81, 89, 144, 152
-0.975756, 129, 57, 256, 120
-0.975899, 209, 33, 272, 96
-0.975932, 89, 337, 152, 400
-0.975937, 49, 385, 112, 448
-0.976062, 185, 377, 216, 440
-0.976177, 105, 137, 168, 200
-0.976218, 81, 305, 208, 368
-0.976501, 177, 177, 240, 240
-0.976582, 137, 185, 200, 248
-0.976698, 105, 97, 168, 160
-0.976804, 313, 369, 375, 496
-0.976831, 105, 425, 168, 488
-0.976873, 305, 145, 336, 208
-0.976873, 177, 401, 240, 464
-0.976896, 161, 217, 224, 280
-0.976931, 169, 137, 232, 200
-0.977007, 17, 321, 144, 384
-0.977014, 241, 337, 304, 400
-0.977037, 185, 1, 248, 128
-0.977047, 25, 305, 88, 368
-0.977057, 17, 153, 80, 216
-0.977077, 49, 369, 112, 496
-0.977097, 281, 353, 344, 416
-0.977099, 209, 289, 272, 352
-0.97731, 281, 241, 344, 368
-0.977319, 217, 393, 280, 456
-0.977354, 161, 377, 288, 440
-0.977365, 273, 329, 336, 392
-0.977377, 193, 321, 256, 384
-0.977396, 241, 145, 368, 208
-0.97744, 285, 153, 316, 216
-0.977446, 17, 289, 80, 416
-0.977506, 113, 361, 240, 424
-0.977616, 33, 265, 96, 328
-0.977678, 49, 129, 176, 192
-0.977721, 65, 193, 128, 448
-0.977761, 1, 241, 64, 304
-0.977788, 41, 185, 104, 248
-0.977792, 233, 369, 296, 432
-0.977809, 193, 145, 224, 272
-0.97785, 225, 273, 352, 400
-0.977867, 73, 65, 136, 320
-0.977896, 177, 425, 240, 488
-0.977898, 313, 193, 375, 256
-0.97792, 113, 225, 176, 480
-0.978058, 177, 185, 304, 248
-0.97807, 73, 161, 136, 224
-0.978118, 161, 257, 224, 500
-0.97813, 297, 241, 360, 304
-0.978172, 137, 25, 200, 88
-0.978178, 173, 337, 204, 400
-0.978219, 185, 273, 248, 336
-0.978283, 113, 329, 240, 392
-0.978303, 65, 409, 128, 472
-0.978334, 209, 369, 272, 432
-0.978401, 157, 393, 188, 456
-0.978415, 129, 417, 192, 480
-0.978437, 333, 113, 364, 240
-0.978467, 49, 129, 112, 192
-0.978481, 313, 113, 375, 176
-0.978587, 9, 433, 72, 496
-0.978635, 225, 297, 352, 360
-0.978708, 189, 369, 220, 496
-0.978714, 193, 153, 320, 216
-0.978716, 289, 177, 320, 240
-0.978913, 145, 241, 208, 304
-0.978988, 121, 217, 184, 280
-0.979074, 257, 129, 320, 192
-0.979083, 273, 209, 304, 272
-0.979122, 81, 281, 144, 344
-0.979122, 193, 305, 224, 432
-0.979149, 217, 417, 280, 480
-0.979261, 209, 121, 272, 184
-0.979342, 141, 305, 172, 432
-0.979421, 97, 185, 160, 248
-0.97944, 249, 233, 312, 296
-0.979443, 161, 321, 288, 384
-0.979459, 105, 73, 168, 136
-0.979461, 329, 385, 360, 448
-0.979546, 213, 49, 244, 112
-0.979597, 1, 361, 64, 424
-0.979639, 161, 273, 224, 336
-0.979653, 145, 297, 272, 360
-0.979653, 197, 225, 228, 352
-0.979665, 241, 361, 368, 424
-0.979729, 265, 161, 296, 224
-0.979826, 97, 97, 160, 352
-0.979875, 49, 209, 176, 272
-0.979899, 341, 385, 372, 448
-0.979899, 129, 369, 160, 496
-0.979917, 225, 169, 288, 232
-0.979988, 177, 73, 240, 136
-0.980039, 137, 265, 200, 328
-0.98004, 49, 161, 176, 224
-0.980045, 1, 97, 128, 224
-0.9801, 57, 81, 120, 144
-0.980125, 105, 369, 168, 432
-0.980179, 145, 1, 208, 64
-0.980181, 209, 1, 272, 128
-0.980203, 157, 329, 188, 392
-0.980273, 137, 257, 200, 500
-0.980294, 257, 225, 320, 480
-0.980327, 273, 289, 304, 416
-0.980352, 205, 217, 236, 280
-0.980362, 161, 409, 288, 472
-0.980403, 297, 329, 360, 392
-0.980414, 89, 33, 152, 160
-0.98048, 113, 241, 176, 304
-0.980488, 9, 409, 72, 472
-0.980515, 129, 57, 192, 120
-0.98063, 41, 97, 104, 352
-0.980637, 41, 161, 104, 224
-0.98064, 313, 217, 344, 280
-0.98066, 209, 1, 272, 64
-0.980695, 145, 161, 208, 416
-0.980782, 117, 393, 148, 456
-0.980792, 145, 65, 208, 320
-0.980793, 209, 305, 240, 432
-0.980816, 73, 233, 136, 296
-0.980988, 41, 433, 104, 496
-0.981031, 233, 161, 296, 416
-0.981085, 105, 41, 168, 104
-0.981115, 25, 385, 88, 448
-0.981119, 49, 185, 176, 248
-0.981167, 153, 1, 216, 128
-0.981175, 25, 233, 88, 296
-0.981236, 329, 137, 360, 200
-0.981237, 257, 361, 320, 424
-0.981274, 33, 105, 96, 168
-0.981311, 241, 385, 368, 448
-0.981476, 137, 377, 168, 440
-0.981531, 273, 409, 304, 472
-0.981546, 233, 129, 296, 192
-0.981565, 281, 121, 344, 184
-0.981579, 261, 185, 292, 248
-0.981632, 177, 81, 208, 208
-0.981667, 17, 129, 80, 192
-0.981852, 325, 209, 356, 272
-0.981852, 113, 321, 144, 384
-0.98197, 65, 185, 128, 248
-0.981992, 249, 313, 312, 376
-0.982119, 225, 225, 288, 288
-0.982121, 313, 65, 375, 320
-0.982186, 241, 201, 272, 264
-0.982302, 345, 185, 375, 248
-0.982392, 177, 217, 304, 280
-0.982461, 225, 305, 256, 432
-0.98247, 289, 97, 352, 224
-0.982501, 305, 113, 336, 240
-0.982592, 81, 73, 208, 136
-0.982683, 313, 209, 344, 336
-0.982696, 177, 369, 208, 496
-0.982696, 41, 193, 104, 448
-0.982728, 209, 65, 272, 320
-0.982764, 289, 209, 320, 336
-0.982772, 89, 257, 152, 500
-0.98285, 333, 361, 364, 424
-0.982863, 309, 169, 340, 232
-0.982869, 257, 321, 288, 448
-0.982929, 253, 161, 284, 288
-0.982931, 97, 217, 224, 280
-0.982937, 241, 97, 368, 224
-0.982967, 301, 209, 332, 336
-0.982976, 49, 281, 176, 344
-0.983141, 113, 1, 176, 256
-0.983149, 209, 289, 240, 352
-0.983188, 65, 241, 192, 304
-0.983224, 17, 97, 80, 224
-0.983235, 321, 113, 352, 240
-0.98327, 97, 281, 224, 344
-0.983363, 213, 17, 244, 80
-0.983405, 257, 217, 288, 280
-0.983431, 185, 49, 216, 112
-0.983459, 325, 169, 356, 232
-0.983476, 161, 17, 288, 144
-0.983478, 161, 353, 288, 416
-0.983518, 313, 257, 375, 384
-0.983523, 193, 305, 224, 368
-0.983575, 17, 409, 144, 472
-0.983597, 197, 353, 228, 416
-0.983608, 233, 65, 264, 128
-0.983609, 225, 257, 288, 500
-0.983614, 241, 177, 272, 240
-0.983648, 161, 241, 288, 304
-0.983665, 113, 193, 240, 256
-0.98368, 169, 393, 200, 456
-0.98368, 161, 433, 288, 496
-0.983696, 185, 129, 248, 384
-0.983704, 209, 177, 240, 304
-0.983811, 233, 97, 296, 224
-0.983811, 185, 193, 216, 256
-0.983844, 301, 217, 332, 280
-0.983903, 197, 177, 228, 240
-0.983956, 1, 225, 64, 480
-0.983977, 337, 209, 368, 272
-0.984005, 65, 329, 192, 392
-0.984047, 285, 209, 316, 272
-0.98413, 285, 425, 316, 488
-0.984147, 29, 369, 60, 496
-0.984167, 101, 337, 132, 464
-0.984241, 153, 41, 184, 104
-0.984262, 1, 377, 128, 440
-0.984345, 61, 97, 92, 224
-0.984348, 197, 41, 228, 104
-0.984503, 137, 409, 168, 472
-0.984511, 129, 153, 256, 216
-0.984621, 29, 385, 60, 448
-0.984621, 233, 113, 264, 240
-0.984673, 129, 113, 160, 240
-0.984737, 249, 297, 280, 360
-0.984763, 153, 305, 184, 368
-0.984776, 225, 233, 352, 296
-0.984848, 273, 385, 304, 448
-0.98491, 269, 433, 300, 496
-0.984954, 169, 1, 232, 256
-0.984984, 61, 161, 92, 288
-0.985001, 193, 129, 320, 192
-0.985019, 217, 321, 248, 384
-0.985036, 133, 329, 164, 392
-0.985056, 197, 329, 228, 392
-0.985073, 97, 401, 128, 464
-0.985075, 17, 129, 80, 384
-0.985125, 165, 49, 196, 176
-0.985133, 65, 361, 192, 424
-0.985252, 73, 81, 104, 208
-0.985274, 193, 225, 224, 288
-0.985339, 121, 97, 184, 352
-0.985366, 173, 321, 204, 448
-0.985367, 225, 1, 352, 128
-0.985442, 153, 17, 184, 144
-0.985462, 85, 305, 116, 368
-0.985477, 89, 289, 120, 416
-0.985482, 213, 129, 244, 256
-0.9855, 129, 33, 256, 96
-0.985505, 305, 257, 368, 500
-0.985588, 153, 289, 184, 416
-0.985589, 229, 313, 260, 376
-0.985609, 141, 353, 172, 480
-0.985615, 93, 81, 124, 208
-0.98566, 113, 113, 240, 176
-0.985671, 81, 353, 144, 480
-0.9857, 345, 361, 375, 424
-0.985755, 273, 305, 304, 368
-0.985782, 81, 425, 208, 488
-0.985783, 117, 337, 148, 464
-0.985844, 337, 113, 368, 176
-0.985887, 1, 289, 128, 352
-0.985972, 285, 289, 316, 416
-0.985991, 277, 337, 308, 464
-0.986012, 285, 401, 316, 464
-0.986056, 321, 361, 352, 424
-0.98606, 233, 241, 296, 368
-0.986083, 161, 337, 192, 464
-0.986132, 325, 209, 356, 336
-0.986148, 177, 17, 208, 144
-0.986187, 189, 153, 220, 216
-0.986191, 225, 329, 352, 392
-0.986267, 213, 65, 244, 192
-0.986277, 165, 41, 196, 104
-0.986318, 185, 1, 248, 500
-0.98633, 181, 177, 212, 304
-0.986455, 97, 1, 160, 500
-0.98647, 193, 97, 224, 224
-0.986514, 137, 177, 168, 304
-0.986565, 261, 409, 292, 472
-0.986584, 241, 433, 368, 496
-0.986607, 341, 409, 372, 472
-0.98668, 209, 1, 272, 500
-0.986687, 293, 305, 324, 368
-0.986722, 289, 33, 352, 288
-0.986771, 113, 241, 240, 304
-0.986825, 157, 417, 188, 480
-0.986853, 313, 65, 375, 192
-0.986879, 185, 113, 216, 176
-0.986958, 337, 89, 368, 152
-0.98698, 161, 17, 192, 80
-0.986998, 129, 89, 256, 152
-0.987053, 241, 161, 272, 288
-0.987133, 257, 321, 288, 384
-0.987148, 145, 329, 176, 392
-0.987166, 245, 289, 276, 416
-0.987168, 305, 305, 336, 368
-0.987202, 209, 209, 272, 336
-0.98723, 121, 1, 184, 500
-0.987235, 329, 409, 360, 472
-0.987255, 277, 209, 308, 336
-0.987271, 209, 161, 272, 416
-0.987274, 309, 305, 340, 432
-0.987332, 105, 81, 136, 208
-0.987342, 209, 225, 240, 352
-0.987384, 185, 353, 216, 416
-0.987399, 77, 145, 108, 272
-0.987427, 281, 1, 344, 500
-0.987443, 129, 129, 160, 192
-0.987445, 273, 185, 304, 248
-0.987458, 157, 369, 188, 432
-0.987493, 225, 41, 256, 104
-0.987543, 45, 305, 76, 432
-0.987548, 185, 89, 216, 152
-0.987613, 257, 209, 288, 336
-0.987622, 173, 313, 204, 376
-0.987757, 145, 1, 208, 500
-0.987781, 1, 241, 32, 304
-0.987782, 129, 1, 256, 64
-0.987794, 17, 353, 144, 416
-0.987794, 141, 353, 172, 416
-0.987845, 213, 153, 244, 216
-0.987892, 17, 49, 144, 176
-0.987903, 69, 257, 100, 384
-0.987973, 345, 353, 375, 480
-0.987985, 185, 329, 216, 392
-0.988004, 321, 73, 352, 136
-0.988065, 185, 1, 216, 64
-0.988113, 317, 385, 348, 448
-0.988177, 325, 313, 356, 376
-0.98819, 209, 401, 240, 464
-0.988199, 1, 233, 128, 296
-0.988273, 333, 65, 364, 192
-0.988279, 261, 385, 292, 448
-0.988281, 145, 273, 272, 336
-0.988327, 253, 153, 284, 216
-0.988328, 101, 273, 132, 400
-0.988349, 245, 353, 276, 480
-0.988367, 101, 313, 132, 376
-0.98838, 313, 1, 375, 500
-0.988424, 305, 169, 368, 200
-0.988445, 269, 329, 300, 392
-0.988552, 173, 417, 204, 480
-0.988553, 209, 353, 240, 480
-0.988566, 149, 241, 180, 368
-0.988607, 153, 313, 216, 344
-0.988677, 241, 97, 272, 160
-0.988712, 297, 305, 328, 432
-0.988786, 101, 289, 132, 352
-0.988823, 257, 273, 288, 400
-0.988848, 97, 313, 160, 344
-0.988855, 85, 193, 116, 320
-0.988872, 177, 257, 208, 384
-0.988878, 113, 97, 144, 160
-0.988919, 17, 377, 48, 440
-0.989026, 325, 369, 356, 496
-0.989053, 121, 321, 184, 352
-0.989109, 121, 81, 184, 208
-0.989122, 241, 377, 272, 440
-0.989136, 129, 217, 160, 280
-0.989153, 57, 105, 88, 168
-0.989153, 257, 161, 320, 192
-0.989183, 289, 157, 352, 188
-0.989202, 1, 209, 128, 272
-0.989205, 73, 1, 136, 500
-0.989208, 321, 321, 352, 448
-0.989223, 65, 177, 96, 240
-0.989284, 177, 129, 208, 256
-0.989292, 13, 337, 44, 464
-0.989306, 113, 333, 176, 364
-0.989338, 129, 305, 160, 432
-0.989339, 125, 369, 156, 432
-0.989365, 17, 433, 144, 496
-0.989383, 345, 305, 375, 432
-0.98941, 249, 217, 312, 248
-0.989412, 281, 181, 344, 212
-0.989437, 73, 289, 104, 352
-0.989459, 125, 105, 156, 168
-0.989478, 129, 57, 160, 120
-0.98952, 317, 121, 348, 184
-0.989535, 265, 33, 328, 288
-0.989572, 253, 129, 284, 192
-0.989581, 345, 17, 375, 144
-0.989582, 137, 301, 200, 332
-0.98959, 197, 385, 228, 448
-0.98959, 281, 213, 344, 244
-0.989599, 209, 369, 240, 432
-0.989609, 169, 389, 232, 420
-0.989627, 137, 333, 200, 364
-0.989644, 213, 1, 244, 128
-0.989653, 153, 345, 216, 376
-0.989698, 341, 209, 372, 336
-0.989725, 177, 25, 208, 88
-0.98978, 249, 197, 312, 228
-0.989784, 289, 353, 320, 480
-0.989809, 89, 405, 152, 436
-0.989881, 273, 233, 336, 264
-0.989896, 213, 97, 244, 160
-0.989913, 173, 97, 204, 160
-0.989979, 141, 433, 172, 496
-0.989989, 257, 1, 320, 500
-0.990053, 169, 361, 200, 424
-0.990077, 113, 301, 176, 332
-0.990085, 73, 89, 104, 152
-0.9901, 313, 1, 375, 128
-0.990149, 297, 425, 328, 488
-0.990152, 49, 1, 112, 256
-0.990175, 181, 289, 212, 352
-0.990177, 341, 313, 372, 376
-0.990225, 233, 289, 264, 352
-0.990247, 141, 33, 172, 96
-0.990258, 265, 369, 296, 496
-0.990273, 241, 49, 368, 176
-0.990274, 233, 1, 296, 500
-0.990284, 169, 329, 232, 360
-0.990318, 289, 145, 352, 176
-0.990326, 261, 297, 292, 360
-0.990341, 237, 33, 268, 96
-0.990343, 97, 185, 352, 248
-0.990361, 209, 117, 272, 148
-0.990392, 113, 401, 176, 432
-0.990393, 169, 117, 232, 148
-0.990403, 209, 49, 272, 176
-0.990422, 177, 313, 240, 344
-0.990433, 305, 381, 368, 412
-0.990436, 233, 333, 296, 364
-0.99044, 25, 321, 56, 448
-0.990443, 273, 137, 304, 200
-0.990444, 89, 329, 120, 392
-0.990445, 125, 209, 156, 336
-0.99045, 345, 113, 375, 240
-0.990479, 129, 297, 160, 360
-0.990492, 249, 173, 312, 204
-0.990521, 321, 65, 352, 192
-0.990557, 129, 413, 192, 444
-0.990585, 81, 325, 144, 356
-0.990602, 29, 257, 60, 384
-0.990625, 17, 33, 80, 288
-0.990647, 193, 237, 256, 268
-0.990659, 41, 369, 72, 496
-0.990666, 265, 445, 328, 476
-0.990689, 153, 401, 216, 432
-0.99069, 73, 313, 136, 344
-0.990693, 145, 77, 208, 108
-0.990713, 305, 369, 368, 400
-0.990752, 313, 217, 375, 248
-0.990806, 129, 349, 192, 380
-0.990894, 185, 377, 248, 408
-0.9909, 165, 113, 196, 240
-0.990952, 73, 93, 136, 124
-0.990955, 185, 345, 248, 376
-0.990978, 281, 201, 344, 232
-0.991012, 257, 329, 320, 360
-0.991022, 241, 185, 304, 216
-0.991035, 193, 49, 224, 176
-0.991037, 185, 301, 248, 332
-0.991052, 97, 345, 160, 376
-0.991084, 33, 1, 96, 500
-0.991086, 249, 229, 312, 260
-0.991092, 169, 229, 232, 260
-0.991105, 17, 257, 144, 320
-0.991106, 121, 65, 152, 192
-0.991119, 145, 377, 208, 408
-0.991129, 153, 433, 216, 464
-0.991149, 245, 209, 276, 336
-0.99118, 241, 397, 304, 428
-0.991198, 209, 321, 272, 352
-0.991204, 145, 153, 208, 184
-0.991207, 1, 113, 128, 176
-0.991222, 17, 49, 80, 176
-0.99123, 41, 129, 72, 256
-0.991254, 217, 213, 280, 244
-0.991258, 209, 153, 272, 184
-0.991281, 265, 405, 328, 436
-0.991297, 265, 417, 328, 448
-0.991308, 9, 385, 72, 416
-0.991322, 313, 145, 375, 176
-0.991328, 65, 33, 128, 160
-0.99134, 137, 389, 200, 420
-0.991365, 193, 333, 256, 364
-0.991365, 169, 53, 232, 84
-0.991387, 1, 177, 128, 240
-0.99139, 225, 225, 288, 256
-0.991393, 17, 241, 48, 368
-0.991395, 177, 401, 240, 432
-0.9914, 49, 401, 112, 432
-0.991405, 97, 209, 352, 272
-0.991408, 233, 65, 296, 320
-0.991436, 297, 233, 360, 264
-0.991445, 241, 345, 304, 376
-0.991445, 137, 125, 200, 156
-0.991457, 81, 49, 208, 112
-0.991476, 193, 225, 256, 256
-0.991508, 1, 361, 256, 424
-0.991528, 69, 321, 100, 448
-0.991529, 305, 317, 368, 348
-0.991535, 257, 433, 320, 464
-0.991535, 33, 469, 96, 500
-0.99154, 177, 141, 240, 172
-0.991554, 89, 417, 152, 448
-0.991554, 9, 469, 72, 500
-0.991555, 209, 29, 272, 60
-0.991591, 145, 137, 208, 168
-0.991598, 265, 393, 328, 424
-0.991643, 169, 41, 232, 72
-0.991647, 141, 129, 172, 256
-0.991665, 33, 97, 288, 160
-0.991724, 185, 17, 248, 48
-0.991726, 209, 89, 272, 120
-0.991748, 73, 213, 136, 244
-0.991752, 313, 181, 375, 212
-0.991758, 57, 301, 120, 332
-0.991758, 113, 389, 176, 420
-0.991759, 169, 165, 232, 196
-0.99178, 121, 81, 184, 112
-0.991787, 281, 245, 344, 276
-0.991795, 97, 385, 352, 448
-0.991804, 297, 393, 360, 424
-0.991806, 201, 389, 264, 420
-0.991818, 145, 65, 176, 192
-0.991823, 81, 241, 112, 368
-0.991846, 153, 65, 216, 96
-0.99185, 145, 365, 208, 396
-0.991861, 145, 165, 208, 196
-0.991864, 65, 337, 128, 368
-0.9919, 233, 321, 296, 352
-0.991902, 153, 241, 216, 272
-0.991912, 133, 33, 164, 160
-0.991919, 281, 333, 344, 364
-0.99192, 177, 429, 240, 460
-0.991928, 169, 129, 232, 160
-0.991936, 153, 445, 216, 476
-0.99194, 1, 249, 64, 280
-0.99194, 185, 105, 248, 136
-0.991942, 201, 181, 264, 212
-0.991947, 137, 41, 200, 72
-0.991951, 145, 177, 208, 208
-0.991953, 281, 381, 344, 412
-0.991965, 217, 345, 280, 376
-0.991975, 177, 181, 240, 212
-0.991988, 313, 197, 375, 228
-0.991995, 49, 421, 112, 452
-0.992011, 153, 421, 216, 452
-0.992022, 209, 169, 272, 200
-0.992028, 201, 401, 264, 432
-0.99204, 209, 77, 272, 108
-0.992051, 333, 321, 364, 448
-0.992055, 121, 429, 184, 460
-0.992071, 25, 321, 88, 352
-0.99208, 249, 241, 312, 272
-0.992095, 153, 289, 216, 320
-0.992104, 241, 301, 304, 332
-0.992106, 169, 361, 232, 392
-0.99211, 313, 157, 375, 188
-0.992118, 161, 301, 224, 332
-0.992128, 105, 141, 168, 172
-0.992151, 5, 241, 36, 368
-0.992156, 313, 425, 375, 456
-0.992169, 137, 113, 200, 144
-0.992172, 289, 185, 320, 216
-0.992175, 97, 145, 352, 208
-0.992178, 185, 385, 216, 416
-0.992178, 9, 445, 72, 476
-0.992195, 9, 397, 72, 428
-0.992203, 265, 149, 328, 180
-0.992234, 169, 153, 232, 184
-0.992238, 281, 321, 344, 352
-0.992239, 193, 61, 256, 92
-0.99227, 333, 381, 364, 412
-0.992291, 345, 385, 375, 416
-0.992327, 225, 369, 256, 496
-0.992327, 333, 169, 364, 200
-0.992331, 169, 333, 200, 364
-0.992362, 1, 401, 256, 464
-0.992407, 97, 329, 352, 392
-0.992486, 305, 149, 336, 180
-0.992495, 273, 217, 304, 248
-0.992528, 1, 145, 375, 208
-0.992535, 177, 73, 304, 136
-0.992609, 9, 1, 72, 500
-0.992646, 73, 193, 104, 320
-0.992661, 157, 401, 188, 432
-0.992675, 317, 157, 348, 188
-0.992679, 157, 333, 188, 364
-0.99268, 145, 325, 176, 356
-0.992706, 205, 225, 236, 256
-0.992717, 313, 369, 344, 496
-0.992753, 193, 41, 320, 104
-0.99276, 29, 393, 60, 424
-0.992778, 301, 161, 332, 192
-0.992822, 125, 257, 156, 384
-0.992831, 321, 221, 352, 252
-0.992845, 1, 145, 128, 208
-0.99285, 277, 169, 308, 200
-0.992852, 81, 17, 208, 80
-0.992861, 309, 177, 340, 208
-0.992886, 213, 25, 244, 56
-0.99289, 341, 369, 372, 400
-0.99289, 89, 337, 120, 464
-0.992909, 205, 313, 236, 344
-0.992928, 193, 225, 224, 256
-0.992934, 209, 325, 240, 356
-0.992944, 145, 309, 176, 340
-0.992969, 257, 329, 288, 360
-0.992969, 281, 157, 312, 188
-0.992993, 165, 65, 196, 96
-0.992996, 213, 65, 244, 96
-0.993003, 293, 229, 324, 260
-0.993004, 157, 345, 188, 376
-0.993019, 257, 205, 288, 236
-0.993026, 1, 337, 256, 400
-0.993032, 1, 177, 375, 240
-0.993049, 137, 389, 168, 420
-0.993052, 341, 209, 372, 240
-0.993069, 1, 129, 256, 192
-0.993104, 97, 121, 352, 184
-0.993105, 137, 413, 168, 444
-0.99311, 265, 417, 296, 448
-0.993117, 321, 169, 352, 200
-0.993125, 257, 225, 288, 256
-0.993166, 109, 333, 140, 364
-0.993166, 321, 145, 352, 176
-0.993168, 177, 349, 208, 380
-0.993184, 97, 409, 128, 440
-0.993186, 289, 169, 320, 200
-0.993189, 149, 41, 180, 72
-0.993206, 329, 369, 360, 400
-0.993207, 41, 469, 72, 500
-0.993223, 137, 401, 168, 432
-0.993226, 177, 53, 208, 84
-0.99323, 337, 317, 368, 348
-0.993236, 329, 393, 360, 424
-0.993237, 229, 161, 260, 288
-0.993237, 241, 205, 272, 236
-0.993261, 117, 401, 148, 432
-0.993262, 29, 405, 60, 436
-0.993266, 269, 329, 300, 360
-0.993276, 265, 161, 296, 192
-0.993283, 129, 133, 160, 164
-0.993301, 337, 405, 368, 436
-0.993321, 185, 93, 216, 124
-0.993326, 229, 321, 260, 352
-0.993342, 281, 233, 312, 264
-0.993343, 185, 105, 216, 136
-0.993344, 189, 341, 220, 372
-0.993355, 341, 417, 372, 448
-0.993363, 1, 201, 375, 264
-0.993364, 281, 445, 312, 476
-0.993364, 193, 321, 224, 352
-0.993372, 305, 229, 336, 260
-0.993376, 161, 33, 192, 64
-0.993382, 269, 445, 300, 476
-0.993403, 157, 421, 188, 452
-0.993411, 233, 73, 264, 104
-0.993434, 133, 321, 164, 352
-0.993436, 245, 321, 276, 352
-0.993447, 133, 333, 164, 364
-0.993452, 169, 417, 200, 448
-0.993483, 269, 193, 300, 224
-0.993484, 265, 173, 296, 204
-0.993486, 201, 377, 232, 408
-0.993491, 113, 289, 144, 416
-0.99351, 205, 237, 236, 268
-0.99351, 197, 181, 228, 212
-0.993513, 185, 81, 216, 112
-0.993513, 321, 381, 352, 412
-0.993513, 41, 457, 72, 488
-0.993517, 197, 357, 228, 388
-0.993518, 325, 409, 356, 440
-0.993522, 233, 37, 264, 68
-0.993532, 185, 397, 216, 428
-0.993544, 193, 169, 224, 200
-0.99355, 145, 337, 176, 368
-0.993563, 213, 149, 244, 180
-0.993573, 13, 385, 44, 416
-0.993581, 33, 49, 160, 112
-0.993582, 273, 433, 304, 464
-0.993585, 225, 333, 256, 364
-0.993586, 213, 49, 244, 80
-0.9936, 161, 313, 192, 344
-0.993604, 241, 193, 272, 224
-0.993609, 97, 233, 352, 296
-0.993636, 121, 337, 152, 368
-0.993637, 333, 1, 364, 128
-0.993637, 345, 197, 375, 228
-0.993642, 101, 321, 132, 352
-0.99365, 317, 69, 348, 100
-0.993652, 273, 405, 304, 436
-0.993662, 329, 157, 360, 188
-0.993668, 273, 393, 304, 424
-0.993675, 21, 457, 52, 488
-0.993679, 217, 221, 248, 252
-0.993685, 193, 61, 224, 92
-0.993686, 1, 249, 256, 312
-0.993687, 1, 249, 32, 280
-0.99369, 125, 417, 156, 448
-0.993697, 89, 129, 120, 256
-0.993701, 325, 321, 356, 352
-0.993701, 201, 389, 232, 420
-0.993703, 121, 313, 152, 344
-0.993708, 129, 305, 375, 368
-0.993711, 185, 145, 216, 176
-0.993716, 269, 205, 300, 236
-0.993718, 341, 181, 372, 212
-0.993725, 193, 245, 224, 276
-0.993726, 253, 405, 284, 436
-0.993732, 97, 433, 352, 496
-0.993733, 21, 445, 52, 476
-0.993737, 137, 241, 168, 368
-0.993739, 1, 297, 256, 360
-0.993743, 177, 65, 208, 96
-0.993747, 293, 217, 324, 248
-0.993748, 161, 241, 192, 368
-0.993751, 333, 61, 364, 92
-0.993755, 177, 117, 208, 148
-0.993762, 1, 273, 256, 336
-0.993768, 165, 53, 196, 84
-0.993769, 29, 469, 60, 500
-0.993772, 213, 37, 244, 68
-0.993772, 233, 85, 264, 116
-0.993781, 253, 161, 284, 192
-0.993792, 145, 77, 176, 108
-0.993795, 161, 21, 192, 52
-0.993797, 225, 309, 256, 340
-0.993798, 41, 393, 72, 424
-0.993802, 237, 121, 268, 152
-0.993813, 205, 137, 236, 168
-0.993816, 101, 161, 132, 288
-0.993837, 57, 273, 88, 400
-0.993856, 189, 1, 220, 128
-0.99387, 1, 193, 64, 320
-0.993953, 33, 73, 160, 136
-0.993958, 1, 305, 375, 368
-0.994008, 229, 225, 260, 352
-0.994013, 301, 153, 316, 216
-0.99406, 33, 73, 288, 136
-0.994071, 129, 353, 375, 416
-0.994106, 93, 33, 124, 160
-0.99417, 241, 65, 272, 192
-0.994181, 117, 161, 148, 288
-0.994282, 1, 321, 32, 448
-0.9943, 281, 113, 312, 240
-0.99433, 241, 177, 368, 208
-0.994338, 297, 257, 328, 384
-0.994345, 129, 409, 375, 472
-0.994368, 49, 177, 80, 304
-0.994388, 193, 1, 320, 64
-0.994393, 339, 385, 354, 448
-0.994407, 323, 145, 338, 208
-0.994437, 241, 201, 368, 232
-0.994504, 293, 177, 308, 240
-0.994553, 209, 217, 224, 280
-0.994566, 333, 273, 364, 400
-0.994566, 1, 433, 256, 496
-0.994567, 1, 217, 256, 280
-0.994573, 241, 189, 368, 220
-0.99469, 241, 425, 368, 456
-0.994695, 241, 105, 368, 168
-0.994747, 225, 1, 256, 128
-0.994757, 49, 385, 176, 448
-0.994782, 57, 321, 88, 448
-0.994803, 1, 337, 375, 400
-0.994855, 153, 297, 168, 360
-0.994873, 337, 161, 352, 224
-0.994874, 241, 33, 368, 96
-0.994885, 187, 377, 202, 440
-0.994915, 283, 193, 298, 256
-0.99498, 301, 353, 332, 480
-0.994989, 1, 393, 375, 456
-0.99499, 179, 393, 194, 456
-0.995007, 345, 65, 375, 192
-0.995017, 33, 33, 288, 96
-0.995024, 331, 137, 346, 200
-0.995037, 1, 97, 375, 160
-0.995054, 97, 401, 224, 432
-0.995083, 157, 393, 172, 456
-0.995101, 333, 361, 348, 424
-0.995104, 241, 165, 368, 196
-0.995126, 349, 169, 364, 232
-0.995186, 309, 257, 340, 384
-0.995275, 129, 41, 375, 104
-0.995332, 149, 321, 164, 384
-0.995345, 209, 213, 336, 244
-0.995374, 295, 153, 310, 216
-0.995391, 191, 353, 206, 416
-0.995393, 259, 201, 274, 264
-0.995401, 163, 321, 178, 384
-0.995405, 167, 393, 182, 456
-0.995412, 273, 321, 288, 384
-0.995436, 209, 225, 336, 256
-0.995437, 1, 169, 256, 232
-0.995459, 173, 393, 188, 456
-0.995478, 155, 321, 170, 384
-0.995487, 289, 201, 304, 264
-0.995488, 9, 145, 72, 272
-0.995492, 289, 129, 320, 384
-0.995515, 129, 1, 375, 64
-0.995543, 145, 333, 272, 364
-0.995554, 1, 193, 256, 256
-0.995561, 311, 137, 326, 200
-0.995562, 193, 169, 320, 200
-0.995569, 193, 181, 320, 212
-0.995577, 157, 417, 172, 480
-0.995581, 161, 389, 288, 420
-0.995594, 49, 109, 176, 140
-0.995597, 215, 49, 230, 112
-0.995599, 81, 321, 208, 352
-0.9956, 329, 129, 360, 384
-0.995611, 295, 217, 310, 280
-0.995622, 177, 241, 304, 272
-0.995623, 317, 145, 332, 208
-0.995638, 81, 309, 208, 340
-0.995642, 177, 193, 304, 224
-0.995643, 247, 65, 262, 128
-0.995661, 277, 385, 292, 448
-0.995678, 147, 297, 162, 360
-0.995687, 43, 377, 58, 440
-0.995694, 343, 361, 358, 424
-0.995712, 347, 385, 362, 448
-0.995741, 113, 389, 240, 420
-0.995742, 1, 225, 375, 288
-0.995753, 205, 353, 220, 416
-0.995795, 327, 217, 342, 280
-0.995795, 129, 81, 375, 144
-0.995837, 239, 305, 254, 368
-0.995848, 1, 121, 375, 184
-0.995849, 207, 297, 222, 360
-0.995851, 333, 385, 348, 448
-0.995861, 197, 353, 212, 416
-0.995861, 161, 413, 288, 444
-0.995862, 17, 329, 144, 360
-0.995864, 341, 161, 372, 416
-0.995887, 139, 393, 154, 456
-0.995896, 225, 153, 352, 184
-0.995904, 241, 409, 368, 440
-0.995906, 287, 145, 302, 208
-0.995921, 343, 169, 358, 232
-0.995932, 217, 17, 232, 80
-0.995933, 161, 437, 288, 468
-0.995962, 183, 321, 198, 384
-0.995963, 1, 417, 375, 480
-0.995968, 253, 201, 268, 264
-0.99598, 319, 217, 334, 280
-0.99598, 241, 57, 368, 120
-0.995984, 355, 169, 370, 232
-0.995987, 301, 129, 332, 384
-0.995999, 65, 337, 192, 368
-0.996001, 49, 189, 176, 220
-0.996008, 267, 321, 282, 384
-0.996011, 33, 409, 160, 440
-0.996014, 113, 345, 240, 376
-0.996015, 49, 97, 176, 128
-0.996026, 49, 161, 176, 192
-0.996035, 163, 41, 178, 104
-0.996043, 145, 61, 272, 92
-0.996063, 33, 9, 288, 72
-0.996072, 49, 137, 176, 168
-0.996077, 113, 117, 240, 148
-0.996084, 255, 97, 270, 160
-0.99609, 225, 241, 352, 272
-0.996096, 193, 377, 208, 440
-0.996116, 197, 225, 228, 480
-0.996122, 157, 33, 172, 96
-0.996125, 261, 129, 292, 384
-0.996126, 1, 73, 375, 136
-0.996147, 241, 381, 368, 412
-0.99616, 317, 129, 348, 384
-0.996163, 49, 125, 176, 156
-0.996164, 249, 177, 264, 240
-0.996171, 1, 317, 128, 348
-0.996174, 81, 413, 208, 444
-0.996176, 339, 209, 354, 272
-0.996178, 207, 41, 222, 104
-0.996178, 151, 409, 166, 472
-0.99618, 199, 313, 214, 376
-0.996181, 315, 169, 330, 232
-0.996186, 133, 393, 148, 456
-0.996196, 115, 321, 130, 384
-0.996202, 81, 241, 208, 272
-0.996207, 113, 297, 240, 328
-0.996212, 143, 321, 158, 384
-0.99622, 113, 177, 240, 208
-0.99622, 141, 345, 156, 408
-0.996223, 151, 369, 166, 432
-0.996231, 173, 329, 188, 392
-0.996257, 49, 217, 176, 248
-0.996261, 189, 113, 204, 176
-0.996262, 185, 353, 200, 416
-0.996265, 199, 377, 214, 440
-0.996266, 161, 297, 288, 328
-0.99627, 145, 321, 272, 352
-0.996283, 49, 173, 176, 204
-0.996286, 269, 153, 284, 216
-0.99629, 241, 437, 368, 468
-0.996291, 151, 345, 166, 408
-0.996292, 275, 409, 290, 472
-0.996295, 33, 289, 160, 320
-0.996303, 179, 113, 194, 176
-0.996314, 337, 137, 352, 200
-0.996327, 349, 361, 364, 424
-0.996334, 313, 217, 328, 280
-0.996343, 49, 149, 176, 180
-0.996347, 347, 209, 362, 272
-0.996352, 97, 281, 352, 344
-0.996371, 277, 161, 308, 416
-0.996377, 129, 149, 256, 180
-0.996383, 225, 313, 352, 344
-0.996402, 153, 57, 168, 120
-0.996405, 267, 217, 282, 280
-0.996417, 189, 89, 204, 152
-0.996418, 277, 297, 292, 360
-0.996418, 193, 425, 320, 456
-0.996431, 1, 397, 128, 428
-0.996433, 263, 177, 278, 240
-0.996436, 189, 41, 204, 104
-0.996474, 113, 373, 240, 404
-0.996476, 209, 177, 224, 240
-0.996478, 143, 369, 158, 432
-0.996508, 207, 321, 222, 384
-0.996513, 113, 361, 240, 392
-0.996514, 185, 297, 200, 360
-0.996515, 191, 329, 206, 392
-0.99654, 211, 353, 226, 416
-0.996551, 279, 433, 294, 496
-0.996554, 209, 133, 336, 164
-0.996558, 113, 49, 240, 80
-0.996568, 223, 17, 238, 80
-0.996572, 127, 393, 142, 456
-0.996573, 289, 225, 320, 480
-0.996577, 203, 217, 218, 280
-0.996586, 355, 201, 370, 264
-0.996604, 333, 209, 348, 272
-0.996611, 97, 425, 224, 456
-0.996615, 1, 421, 128, 452
-0.996616, 305, 217, 320, 280
-0.996619, 177, 353, 192, 416
-0.99662, 113, 205, 240, 236
-0.996625, 331, 169, 346, 232
-0.996626, 165, 17, 180, 80
-0.996627, 225, 329, 352, 360
-0.99664, 181, 49, 196, 112
-0.996645, 121, 393, 136, 456
-0.996648, 161, 113, 288, 144
-0.996653, 33, 301, 160, 332
-0.996673, 231, 41, 246, 104
-0.996674, 161, 377, 288, 408
-0.996681, 135, 321, 150, 384
-0.996682, 189, 161, 204, 224
-0.996687, 187, 273, 202, 336
-0.996695, 309, 169, 324, 232
-0.996698, 279, 161, 294, 224
-0.996706, 327, 377, 342, 440
-0.996711, 49, 437, 176, 468
-0.996725, 97, 445, 224, 476
-0.996732, 263, 297, 278, 360
-0.996735, 159, 1, 174, 64
-0.996736, 151, 17, 166, 80
-0.996747, 241, 65, 256, 128
-0.996749, 353, 385, 368, 448
-0.996769, 49, 201, 176, 232
-0.996781, 113, 229, 240, 260
-0.996786, 249, 297, 264, 360
-0.99679, 49, 229, 176, 260
-0.996794, 129, 161, 256, 192
-0.996798, 91, 305, 106, 368
-0.996804, 309, 225, 340, 480
-0.996806, 325, 169, 340, 232
-0.99681, 131, 369, 146, 432
-0.996814, 287, 409, 302, 472
-0.996823, 319, 305, 334, 368
-0.996833, 145, 309, 272, 340
-0.99684, 1, 433, 128, 464
-0.99684, 273, 217, 288, 280
-0.996847, 255, 177, 270, 240
-0.996848, 231, 321, 246, 384
-0.996852, 217, 313, 232, 376
-0.996857, 157, 369, 172, 432
-0.996858, 193, 305, 208, 368
-0.996858, 331, 305, 346, 368
-0.99686, 185, 409, 200, 472
-0.996862, 113, 469, 240, 500
-0.996863, 241, 369, 368, 400
-0.996866, 177, 305, 192, 368
-0.99687, 161, 125, 288, 156
-0.996871, 361, 185, 375, 248
-0.996875, 129, 241, 256, 272
-0.996879, 191, 1, 206, 64
-0.99689, 97, 81, 224, 112
-0.996893, 241, 397, 368, 428
-0.99691, 161, 357, 288, 388
-0.996912, 1, 241, 128, 272
-0.996924, 145, 401, 272, 432
-0.996946, 113, 101, 240, 132
-0.996952, 149, 33, 180, 288
-0.99697, 33, 277, 160, 308
-0.996971, 209, 301, 336, 332
-0.996975, 1, 361, 375, 424
-0.997004, 113, 217, 240, 248
-0.997042, 113, 129, 240, 160
-0.997103, 113, 189, 240, 220
-0.997118, 241, 449, 368, 480
-0.997153, 161, 449, 288, 480
-0.997172, 17, 261, 144, 292
-0.9972, 33, 469, 160, 500
-0.997203, 1, 457, 128, 488
-0.99721, 81, 277, 208, 308
-0.997236, 193, 401, 320, 432
-0.997242, 97, 261, 224, 292
-0.997255, 145, 29, 272, 60
-0.997262, 213, 225, 244, 480
-0.997273, 1, 281, 375, 344
-0.997274, 77, 65, 108, 320
-0.997277, 161, 229, 288, 260
-0.997284, 161, 49, 288, 80
-0.997299, 145, 425, 272, 456
-0.997303, 49, 449, 176, 480
-0.997303, 97, 257, 352, 320
-0.997344, 17, 341, 144, 372
-0.99736, 145, 73, 272, 104
-0.997431, 161, 209, 288, 240
-0.997431, 161, 285, 288, 316
-0.997436, 49, 425, 176, 456
-0.997462, 129, 17, 256, 48
-0.997473, 65, 349, 192, 380
-0.997485, 347, 385, 362, 416
-0.997487, 189, 385, 204, 416
-0.997496, 33, 385, 160, 416
-0.997502, 161, 1, 192, 256
-0.997544, 185, 257, 216, 500
-0.997554, 161, 345, 288, 376
-0.997556, 237, 193, 268, 448
-0.997565, 129, 129, 160, 384
-0.997565, 225, 357, 352, 388
-0.997611, 209, 53, 336, 84
-0.99762, 289, 185, 304, 216
-0.997628, 1, 209, 128, 240
-0.997634, 177, 145, 304, 176
-0.997639, 355, 381, 370, 412
-0.997647, 185, 33, 216, 288
-0.997653, 193, 129, 224, 384
-0.997656, 17, 353, 144, 384
-0.997659, 145, 1, 272, 32
-0.997664, 209, 225, 224, 256
-0.997681, 325, 225, 356, 480
-0.997704, 225, 69, 352, 100
-0.997705, 1, 129, 128, 160
-0.99771, 225, 225, 256, 480
-0.997716, 113, 457, 240, 488
-0.997729, 81, 193, 112, 448
-0.997732, 333, 381, 348, 412
-0.997733, 233, 33, 296, 160
-0.99775, 337, 393, 352, 424
-0.99776, 61, 161, 92, 416
-0.997768, 225, 273, 352, 336
-0.997772, 161, 41, 176, 72
-0.997798, 153, 313, 168, 344
-0.997805, 171, 337, 186, 368
-0.997805, 177, 105, 304, 168
-0.997817, 179, 121, 194, 152
-0.997833, 249, 161, 280, 416
-0.997841, 1, 225, 32, 480
-0.99785, 205, 321, 220, 352
-0.99785, 165, 333, 180, 364
-0.997854, 269, 161, 284, 192
-0.997855, 213, 129, 244, 384
-0.997877, 225, 341, 352, 372
-0.997886, 341, 381, 356, 412
-0.997908, 115, 329, 130, 360
-0.99791, 349, 165, 364, 196
-0.997919, 161, 85, 288, 116
-0.997926, 161, 261, 288, 292
-0.997927, 241, 81, 368, 144
-0.997932, 179, 69, 194, 100
-0.997934, 271, 329, 286, 360
-0.997942, 1, 185, 128, 216
-0.997942, 147, 309, 162, 340
-0.997944, 161, 461, 288, 492
-0.997959, 189, 349, 204, 380
-0.99796, 173, 65, 204, 320
-0.99796, 339, 169, 354, 200
-0.997964, 117, 97, 148, 352
-0.997965, 1, 229, 128, 260
-0.997966, 33, 1, 160, 128
-0.997972, 361, 385, 375, 416
-0.997973, 195, 381, 210, 412
-0.997974, 65, 49, 192, 80
-0.997975, 147, 321, 162, 352
-0.997979, 351, 369, 366, 400
-0.997984, 1, 161, 128, 192
-0.997993, 239, 33, 254, 64
-0.998005, 177, 333, 192, 364
-0.998008, 285, 209, 300, 240
-0.998011, 1, 49, 375, 112
-0.998014, 137, 319, 200, 334
-0.998014, 337, 369, 352, 400
-0.998026, 159, 401, 174, 432
-0.998038, 241, 469, 368, 500
-0.998044, 137, 311, 200, 326
-0.998053, 231, 325, 246, 356
-0.998056, 43, 393, 58, 424
-0.998059, 231, 45, 246, 76
-0.998061, 299, 173, 314, 204
-0.998065, 153, 73, 168, 104
-0.998066, 329, 33, 360, 288
-0.998073, 65, 65, 96, 320
-0.998074, 307, 165, 322, 196
-0.998075, 345, 369, 360, 400
-0.99808, 189, 141, 204, 172
-0.998081, 133, 401, 148, 432
-0.998082, 97, 315, 160, 330
-0.998083, 263, 213, 278, 244
-0.998088, 319, 161, 334, 192
-0.99809, 325, 161, 340, 192
-0.998091, 1, 117, 128, 148
-0.998093, 157, 333, 172, 364
-0.998094, 255, 213, 270, 244
-0.998095, 153, 301, 168, 332
-0.998109, 241, 121, 368, 152
-0.998113, 97, 69, 224, 100
-0.998113, 151, 29, 166, 60
-0.998119, 333, 169, 348, 200
-0.998126, 105, 97, 136, 352
-0.998128, 297, 153, 312, 184
-0.998132, 189, 97, 204, 128
-0.998134, 169, 57, 184, 88
-0.998144, 313, 175, 375, 190
-0.998151, 189, 113, 204, 144
-0.998159, 49, 397, 176, 428
-0.998167, 65, 365, 192, 396
-0.998176, 113, 317, 128, 348
-0.998181, 323, 173, 338, 204
-0.998196, 261, 225, 292, 480
-0.998196, 137, 325, 200, 340
-0.998207, 189, 49, 204, 80
-0.998209, 329, 141, 344, 172
-0.998213, 201, 349, 216, 380
-0.998214, 183, 329, 198, 360
-0.998217, 165, 345, 180, 376
-0.998218, 293, 449, 308, 480
-0.998219, 239, 121, 254, 152
-0.998229, 89, 65, 120, 320
-0.99823, 267, 225, 282, 256
-0.998234, 189, 125, 204, 156
-0.998235, 217, 21, 232, 52
-0.998238, 203, 221, 218, 252
-0.998238, 239, 313, 254, 344
-0.998242, 321, 145, 336, 176
-0.998244, 343, 401, 358, 432
-0.998256, 313, 177, 328, 208
-0.998258, 327, 65, 342, 96
-0.998259, 313, 161, 328, 192
-0.998268, 341, 65, 372, 320
-0.998269, 179, 401, 194, 432
-0.998272, 289, 165, 352, 180
-0.998274, 183, 141, 198, 172
-0.998274, 141, 333, 156, 364
-0.998274, 265, 329, 280, 360
-0.998274, 149, 257, 180, 500
-0.998282, 295, 229, 310, 260
-0.998285, 281, 193, 296, 224
-0.998285, 157, 417, 172, 448
-0.998287, 113, 309, 176, 324
-0.99829, 293, 169, 308, 200
-0.998291, 213, 33, 244, 288
-0.998291, 205, 365, 220, 396
-0.998291, 151, 333, 166, 364
-0.998294, 277, 417, 292, 448
-0.998295, 207, 177, 222, 208
-0.998297, 215, 365, 230, 396
-0.998299, 249, 221, 312, 236
-0.998303, 309, 145, 324, 176
-0.998304, 161, 315, 224, 330
-0.998306, 249, 207, 312, 222
-0.998306, 147, 393, 162, 424
-0.998309, 123, 321, 138, 352
-0.998312, 257, 163, 320, 178
-0.998317, 281, 215, 344, 230
-0.998318, 129, 337, 192, 352
-0.998318, 199, 325, 214, 356
-0.998322, 231, 65, 246, 96
-0.998323, 113, 325, 176, 340
-0.998324, 189, 165, 204, 196
-0.99833, 231, 149, 246, 180
-0.99833, 225, 221, 240, 252
-0.99833, 261, 225, 276, 256
-0.998331, 159, 21, 174, 52
-0.998334, 163, 69, 178, 100
-0.998335, 215, 225, 230, 256
-0.998337, 279, 393, 294, 424
-0.998337, 209, 237, 224, 268
-0.998338, 129, 33, 160, 288
-0.998339, 17, 257, 48, 500
-0.998341, 203, 377, 218, 408
-0.998342, 261, 193, 276, 224
-0.998346, 183, 57, 198, 88
-0.998346, 285, 445, 300, 476
-0.998351, 121, 309, 136, 340
-0.998352, 347, 213, 362, 244
-0.998354, 287, 221, 302, 252
-0.998356, 197, 305, 212, 336
-0.998357, 331, 153, 346, 184
-0.998358, 97, 331, 160, 346
-0.998359, 357, 369, 372, 400
-0.998365, 337, 257, 368, 500
-0.998365, 195, 349, 210, 380
-0.998368, 181, 109, 196, 140
-0.998372, 251, 193, 266, 224
-0.998373, 189, 153, 204, 184
-0.998375, 285, 433, 300, 464
-0.998375, 137, 81, 200, 96
-0.99838, 213, 329, 228, 360
-0.99838, 1, 25, 375, 88
-0.998383, 133, 333, 148, 364
-0.998383, 339, 213, 354, 244
-0.998384, 305, 181, 320, 212
-0.998388, 45, 457, 60, 488
-0.998389, 151, 409, 166, 440
-0.99839, 43, 405, 58, 436
-0.998391, 249, 213, 312, 228
-0.998392, 105, 407, 168, 422
-0.998392, 287, 153, 302, 184
-0.998393, 3, 253, 18, 284
-0.998394, 175, 421, 190, 452
-0.998394, 209, 309, 224, 340
-0.9984, 273, 171, 336, 186
-0.998404, 161, 321, 176, 352
-0.998407, 185, 301, 200, 332
-0.998408, 245, 321, 260, 352
-0.998408, 181, 421, 196, 452
-0.998411, 195, 1, 210, 32
-0.998414, 169, 57, 232, 72
-0.998415, 163, 241, 178, 272
-0.998417, 169, 331, 232, 346
-0.998424, 17, 485, 80, 500
-0.99846, 177, 387, 240, 402
-0.998461, 185, 99, 216, 114
-0.998461, 133, 321, 164, 336
-0.998462, 213, 239, 244, 254
-0.998463, 145, 321, 176, 336
-0.998463, 189, 353, 220, 368
-0.998464, 145, 75, 176, 90
-0.998464, 273, 221, 336, 236
-0.998464, 157, 417, 188, 432
-0.998465, 285, 161, 316, 176
-0.998465, 109, 485, 140, 500
-0.998466, 193, 175, 224, 190
-0.998468, 213, 333, 244, 348
-0.998468, 273, 399, 304, 414
-0.99847, 185, 87, 216, 102
-0.99847, 185, 81, 216, 96
-0.998471, 177, 121, 208, 136
-0.998471, 269, 203, 300, 218
-0.998471, 137, 375, 168, 390
-0.998471, 185, 105, 216, 120
-0.998471, 297, 171, 328, 186
-0.998472, 245, 327, 276, 342
-0.998472, 341, 421, 372, 436
-0.998472, 141, 345, 172, 360
-0.998473, 269, 197, 300, 212
-0.998473, 185, 51, 216, 66
-0.998473, 41, 459, 72, 474
-0.998474, 285, 437, 316, 452
-0.998474, 309, 157, 340, 172
-0.998475, 345, 193, 375, 208
-0.998475, 213, 61, 244, 76
-0.998476, 37, 481, 68, 496
-0.998476, 185, 401, 216, 416
-0.998476, 225, 153, 256, 168
-0.998476, 205, 27, 236, 42
-0.998478, 161, 347, 192, 362
-0.998478, 197, 51, 228, 66
-0.998478, 341, 119, 372, 134
-0.998478, 213, 75, 244, 90
-0.998478, 329, 69, 360, 84
-0.998478, 285, 449, 316, 464
-0.998478, 209, 125, 272, 140
-0.998479, 145, 329, 176, 344
-0.998479, 237, 37, 268, 52
-0.998479, 153, 247, 184, 262
-0.99848, 305, 149, 336, 164
-0.998481, 177, 359, 208, 374
-0.998481, 237, 199, 268, 214
-0.998482, 241, 213, 272, 228
-0.998484, 233, 81, 264, 96
-0.998485, 269, 343, 300, 358
-0.998487, 269, 331, 300, 346
-0.998487, 321, 163, 352, 178
-0.998488, 265, 425, 296, 440
-0.998488, 229, 47, 260, 62
-0.998488, 281, 189, 344, 204
-0.998489, 109, 341, 140, 356
-0.998489, 157, 403, 188, 418
-0.998489, 137, 305, 200, 320
-0.99849, 277, 239, 308, 254
-0.998491, 177, 69, 208, 84
-0.998492, 333, 369, 364, 384
-0.998492, 13, 387, 44, 402
-0.998493, 29, 393, 60, 408
-0.998494, 241, 207, 272, 222
-0.998494, 333, 401, 364, 416
-0.998494, 169, 119, 232, 134
-0.998495, 213, 153, 244, 168
-0.998495, 313, 71, 344, 86
-0.998495, 221, 403, 252, 418
-0.998496, 225, 331, 256, 346
-0.998497, 221, 27, 252, 42
-0.998498, 197, 181, 228, 196
-0.998498, 257, 333, 288, 348
-0.998498, 41, 465, 72, 480
-0.998498, 249, 227, 312, 242
-0.998499, 105, 343, 168, 358
-0.998499, 329, 219, 360, 234
-0.998502, 269, 443, 300, 458
-0.998503, 285, 155, 316, 170
-0.998504, 129, 137, 160, 152
-0.998505, 145, 309, 176, 324
-0.998505, 121, 403, 152, 418
-0.998506, 241, 129, 272, 144
-0.998506, 29, 399, 60, 414
-0.998506, 193, 363, 224, 378
-0.998507, 257, 209, 288, 224
-0.998508, 145, 81, 176, 96
-0.998509, 205, 231, 236, 246
-0.99851, 185, 147, 216, 162
-0.99851, 1, 249, 375, 312
-0.998511, 177, 57, 208, 72
-0.998513, 145, 41, 176, 56
-0.998513, 233, 323, 264, 338
-0.998514, 177, 395, 240, 410
-0.998514, 313, 383, 375, 398
-0.998517, 145, 345, 208, 360
-0.998518, 273, 237, 336, 252
-0.998519, 345, 371, 375, 386
-0.998522, 241, 75, 272, 90
-0.998524, 149, 47, 180, 62
-0.998524, 341, 215, 372, 230
-0.998525, 317, 145, 348, 160
-0.998525, 25, 483, 56, 498
-0.998525, 41, 475, 72, 490
-0.998527, 213, 55, 244, 70
-0.998528, 329, 375, 360, 390
-0.998529, 145, 335, 176, 350
-0.99853, 249, 201, 312, 216
-0.99853, 321, 173, 352, 188
-0.998531, 101, 409, 132, 424
-0.998531, 281, 155, 344, 170
-0.998531, 185, 115, 216, 130
-0.998531, 309, 163, 340, 178
-0.998532, 293, 231, 324, 246
-0.998533, 297, 181, 328, 196
-0.998534, 129, 337, 160, 352
-0.998535, 185, 395, 216, 410
-0.998535, 301, 239, 332, 254
-0.998535, 165, 43, 196, 58
-0.998536, 157, 335, 188, 350
-0.998537, 205, 225, 236, 240
-0.998537, 137, 395, 168, 410
-0.998538, 261, 165, 292, 180
-0.99854, 165, 341, 196, 356
-0.998543, 257, 215, 288, 230
-0.998547, 101, 257, 132, 500
-0.998548, 29, 405, 60, 420
-0.998549, 345, 389, 375, 404
-0.998553, 193, 229, 224, 244
-0.998553, 145, 315, 176, 330
-0.998554, 145, 389, 208, 404
-0.998557, 173, 335, 204, 350
-0.998558, 197, 57, 228, 72
-0.998559, 209, 327, 240, 342
-0.998559, 277, 167, 308, 182
-0.998559, 345, 377, 375, 392
-0.99856, 329, 391, 360, 406
-0.99856, 241, 399, 304, 414
-0.998561, 177, 161, 208, 416
-0.998564, 137, 417, 168, 432
-0.998568, 69, 257, 100, 500
-0.998571, 285, 187, 316, 202
-0.998572, 165, 75, 196, 90
-0.998573, 225, 329, 288, 344
-0.998574, 257, 449, 320, 464
-0.998575, 73, 327, 136, 342
-0.998579, 297, 147, 360, 162
-0.99858, 241, 193, 304, 208
-0.998583, 137, 331, 200, 346
-0.998584, 309, 177, 340, 192
-0.998589, 177, 147, 240, 162
-0.99859, 225, 343, 288, 358
-0.998592, 209, 119, 272, 134
-0.998592, 173, 257, 204, 500
-0.998595, 185, 113, 248, 128
-0.998599, 265, 243, 328, 258
-0.9986, 345, 383, 375, 398
-0.998608, 185, 325, 248, 340
-0.998616, 313, 169, 375, 184
-0.99862, 329, 381, 360, 396
-0.998623, 113, 401, 176, 416
-0.998624, 129, 417, 192, 432
-0.998625, 281, 227, 344, 242
-0.998627, 273, 221, 304, 236
-0.998628, 333, 169, 364, 184
-0.998629, 305, 393, 368, 408
-0.998631, 153, 443, 216, 458
-0.998632, 201, 241, 264, 256
-0.998634, 233, 335, 296, 350
-0.998636, 161, 401, 224, 416
-0.998646, 257, 333, 320, 348
-0.998647, 185, 387, 216, 402
-0.998648, 129, 395, 192, 410
-0.998649, 89, 417, 152, 432
-0.998653, 281, 183, 344, 198
-0.998661, 17, 479, 80, 494
-0.998669, 145, 149, 208, 164
-0.998669, 65, 319, 128, 334
-0.99867, 305, 371, 368, 386
-0.998684, 97, 337, 160, 352
-0.998688, 193, 229, 256, 244
-0.998688, 137, 75, 200, 90
-0.998693, 265, 423, 328, 438
-0.998696, 177, 51, 240, 66
-0.998697, 185, 339, 248, 354
-0.998697, 305, 181, 368, 196
-0.998703, 137, 49, 200, 64
-0.998705, 185, 345, 248, 360
-0.998706, 153, 337, 216, 352
-0.998712, 9, 387, 72, 402
-0.998715, 209, 95, 272, 110
-0.998716, 65, 313, 128, 328
-0.99872, 177, 153, 240, 168
-0.998722, 281, 403, 344, 418
-0.998724, 265, 397, 328, 412
-0.998725, 241, 437, 304, 452
-0.998727, 305, 159, 368, 174
-0.998729, 241, 183, 304, 198
-0.998731, 241, 405, 304, 420
-0.998735, 201, 183, 264, 198
-0.998735, 137, 115, 200, 130
-0.998737, 201, 403, 264, 418
-0.998737, 145, 155, 208, 170
-0.998738, 141, 129, 172, 384
-0.998742, 249, 169, 312, 184
-0.998747, 265, 455, 328, 470
-0.998748, 169, 125, 232, 140
-0.998748, 225, 221, 288, 236
-0.998753, 277, 257, 308, 500
-0.998754, 97, 349, 160, 364
-0.998754, 185, 235, 248, 250
-0.998759, 265, 343, 328, 358
-0.998759, 153, 351, 216, 366
-0.998763, 281, 195, 344, 210
-0.998764, 289, 245, 352, 260
-0.998766, 113, 441, 176, 456
-0.998767, 225, 215, 288, 230
-0.998768, 145, 383, 208, 398
-0.998774, 257, 177, 320, 192
-0.998775, 229, 1, 260, 256
-0.998776, 145, 365, 208, 380
-0.998779, 145, 161, 208, 176
-0.99879, 257, 443, 320, 458
-0.99879, 161, 77, 224, 92
-0.998794, 281, 389, 344, 404
-0.998794, 145, 135, 208, 150
-0.998796, 161, 321, 224, 336
-0.998796, 325, 161, 340, 288
-0.998799, 201, 389, 264, 404
-0.9988, 169, 131, 232, 146
-0.998801, 9, 407, 72, 422
-0.998803, 289, 209, 352, 224
-0.998804, 185, 315, 248, 330
-0.998807, 177, 183, 240, 198
-0.998809, 153, 247, 216, 262
-0.99881, 313, 377, 375, 392
-0.99881, 265, 415, 328, 430
-0.998811, 281, 429, 344, 444
-0.998812, 49, 411, 112, 426
-0.998813, 169, 137, 232, 152
-0.998814, 301, 145, 316, 272
-0.998818, 121, 485, 184, 500
-0.998818, 29, 225, 60, 480
-0.998821, 49, 483, 112, 498
-0.998821, 297, 239, 360, 254
-0.998821, 209, 33, 272, 48
-0.998822, 129, 411, 192, 426
-0.998822, 351, 161, 366, 288
-0.998825, 33, 473, 96, 488
-0.998826, 295, 161, 310, 288
-0.998834, 137, 257, 168, 500
-0.998834, 249, 257, 280, 500
-0.998842, 335, 161, 350, 288
-0.99886, 345, 145, 360, 272
-0.998867, 319, 161, 334, 288
-0.99888, 309, 161, 324, 288
-0.998917, 335, 113, 350, 240
-0.998922, 261, 161, 276, 288
-0.998933, 45, 257, 76, 500
-0.998943, 191, 337, 206, 464
-0.998947, 287, 161, 302, 288
-0.998948, 53, 65, 84, 320
-0.998972, 117, 305, 132, 432
-0.999013, 117, 1, 148, 256
-0.999034, 149, 289, 164, 416
-0.999035, 271, 145, 286, 272
-0.999045, 277, 65, 308, 320
-0.999054, 189, 289, 204, 416
-0.999056, 281, 161, 296, 288
-0.99906, 209, 177, 224, 304
-0.999065, 181, 305, 196, 432
-0.999072, 357, 161, 372, 288
-0.999072, 41, 33, 104, 160
-0.999107, 147, 369, 162, 496
-0.999116, 237, 113, 252, 240
-0.999118, 291, 209, 306, 336
-0.999128, 143, 305, 158, 432
-0.999128, 213, 305, 228, 432
-0.999132, 189, 17, 204, 144
-0.999147, 199, 321, 214, 448
-0.99915, 183, 97, 198, 224
-0.999153, 173, 49, 188, 176
-0.999173, 205, 289, 220, 416
-0.999177, 313, 113, 328, 240
-0.999178, 111, 305, 126, 432
-0.999181, 329, 113, 344, 240
-0.999183, 303, 209, 318, 336
-0.999184, 351, 113, 366, 240
-0.999185, 271, 321, 286, 448
-0.999186, 277, 305, 292, 432
-0.999186, 143, 113, 158, 240
-0.999192, 237, 305, 252, 432
-0.999197, 153, 337, 168, 464
-0.9992, 255, 193, 270, 320
-0.999206, 341, 81, 356, 208
-0.999208, 121, 225, 152, 480
-0.999208, 155, 241, 170, 368
-0.999211, 317, 209, 332, 336
-0.999212, 275, 369, 290, 496
-0.999213, 135, 369, 150, 496
-0.999214, 155, 289, 170, 416
-0.999215, 297, 209, 312, 336
-0.999217, 345, 193, 360, 320
-0.999218, 185, 353, 200, 480
-0.99922, 203, 161, 218, 288
-0.999225, 165, 1, 180, 128
-0.99923, 57, 257, 88, 500
-0.999232, 291, 289, 306, 416
-0.999233, 45, 369, 60, 496
-0.999234, 321, 113, 336, 240
-0.999236, 161, 257, 192, 500
-0.999238, 311, 209, 326, 336
-0.999239, 105, 273, 120, 400
-0.999244, 181, 17, 196, 144
-0.999245, 327, 209, 342, 336
-0.99925, 159, 369, 174, 496
-0.999254, 215, 161, 230, 288
-0.999259, 177, 113, 192, 240
-0.99926, 187, 161, 202, 288
-0.999264, 141, 353, 156, 480
-0.999265, 79, 81, 94, 208
-0.999265, 113, 257, 128, 384
-0.999266, 307, 113, 322, 240
-0.999272, 89, 81, 104, 208
-0.999273, 207, 337, 222, 464
-0.999276, 205, 225, 220, 352
-0.999276, 83, 289, 98, 416
-0.999278, 285, 289, 300, 416
-0.999283, 207, 97, 222, 224
-0.999293, 281, 369, 296, 496
-0.999295, 95, 81, 110, 208
-0.999297, 261, 209, 276, 336
-0.9993, 321, 305, 336, 432
-0.999302, 245, 305, 260, 432
-0.999303, 231, 273, 246, 400
-0.999306, 301, 289, 316, 416
-0.999306, 159, 1, 174, 128
-0.999309, 219, 289, 234, 416
-0.999318, 213, 353, 228, 480
-0.999318, 127, 353, 142, 480
-0.999319, 197, 369, 212, 496
-0.99932, 305, 33, 336, 288
-0.999321, 87, 145, 102, 272
-0.999325, 77, 273, 92, 400
-0.999325, 123, 305, 138, 432
-0.999326, 199, 225, 214, 352
-0.999327, 313, 289, 328, 416
-0.999328, 93, 161, 124, 416
-0.999328, 179, 369, 194, 496
-0.999331, 231, 49, 246, 176
-0.999335, 189, 65, 204, 192
-0.999335, 337, 369, 352, 496
-0.999336, 109, 81, 124, 208
-0.999342, 351, 1, 366, 128
-0.999343, 113, 353, 128, 480
-0.999344, 267, 193, 282, 320
-0.999347, 175, 321, 190, 448
-0.999347, 227, 321, 242, 448
-0.999348, 215, 225, 230, 352
-0.99935, 61, 97, 76, 224
-0.99935, 81, 145, 96, 272
-0.999351, 271, 273, 286, 400
-0.999351, 39, 369, 54, 496
-0.999351, 71, 177, 86, 304
-0.999355, 165, 337, 180, 464
-0.999355, 149, 161, 164, 288
-0.999356, 199, 17, 214, 144
-0.999356, 349, 369, 364, 496
-0.999356, 103, 81, 118, 208
-0.999359, 197, 273, 212, 400
-0.999363, 197, 177, 212, 304
-0.999363, 263, 273, 278, 400
-0.999368, 273, 193, 288, 320
-0.99937, 35, 321, 50, 448
-0.999372, 317, 33, 348, 288
-0.999375, 207, 49, 222, 176
-0.999377, 237, 353, 252, 480
-0.999377, 149, 241, 164, 368
-0.999377, 215, 81, 230, 208
-0.999379, 137, 113, 152, 240
-0.999381, 285, 209, 300, 336
-0.999382, 115, 81, 130, 208
-0.999382, 247, 353, 262, 480
-0.999383, 143, 193, 158, 320
-0.999385, 7, 305, 22, 432
-0.999388, 343, 369, 358, 496
-0.99939, 295, 113, 310, 240
-0.999392, 95, 289, 110, 416
-0.999393, 89, 289, 104, 416
-0.999435, 233, 117, 248, 132
-0.999436, 199, 229, 214, 244
-0.999438, 157, 29, 172, 44
-0.99944, 361, 413, 375, 428
-0.999441, 243, 1, 258, 16
-0.999441, 327, 401, 342, 416
-0.999442, 107, 349, 122, 364
-0.999444, 297, 453, 312, 468
-0.999445, 157, 335, 172, 350
-0.999445, 353, 61, 368, 76
-0.999446, 281, 201, 296, 216
-0.999447, 353, 417, 368, 432
-0.999448, 147, 411, 162, 426
-0.999451, 183, 331, 198, 346
-0.999451, 145, 77, 160, 92
-0.999456, 361, 377, 375, 392
-0.999457, 165, 343, 180, 358
-0.999457, 151, 337, 166, 352
-0.999461, 231, 399, 246, 414
-0.999461, 45, 407, 60, 422
-0.999462, 147, 305, 162, 320
-0.999462, 215, 227, 230, 242
-0.999465, 151, 29, 166, 44
-0.999467, 345, 383, 360, 398
-0.999469, 41, 399, 56, 414
-0.99947, 253, 73, 268, 88
-0.999471, 257, 99, 272, 114
-0.999473, 251, 97, 266, 112
-0.999475, 361, 65, 375, 80
-0.999477, 223, 57, 238, 72
-0.999479, 153, 249, 168, 264
-0.99948, 191, 343, 206, 358
-0.999481, 329, 141, 344, 156
-0.999484, 163, 41, 178, 56
-0.999487, 275, 221, 290, 236
-0.999492, 279, 399, 294, 414
-0.9995, 273, 333, 288, 348
-0.999504, 289, 447, 304, 462
-0.999505, 1, 1, 375, 64
-0.999507, 207, 331, 222, 346
-0.999508, 345, 215, 360, 230
-0.999509, 241, 75, 256, 90
-0.99951, 149, 395, 164, 410
-0.999514, 203, 363, 218, 378
-0.999514, 259, 131, 274, 146
-0.999516, 343, 371, 358, 386
-0.999521, 333, 369, 348, 384
-0.999527, 303, 183, 318, 198
-0.999528, 253, 213, 268, 228
-0.999529, 153, 309, 168, 324
-0.999531, 115, 311, 130, 326
-0.999531, 309, 181, 324, 196
-0.999532, 105, 1, 136, 256
-0.999534, 209, 237, 224, 252
-0.999536, 295, 185, 310, 200
-0.999539, 153, 73, 168, 88
-0.999545, 323, 157, 338, 172
-0.99955, 237, 97, 268, 352
-0.999551, 151, 319, 166, 334
-0.999553, 323, 69, 338, 84
-0.999553, 189, 153, 204, 168
-0.999554, 13, 161, 44, 416
-0.999559, 43, 391, 58, 406
-0.99956, 211, 57, 226, 72
-0.999561, 161, 23, 176, 38
-0.999563, 337, 403, 352, 418
-0.999567, 137, 337, 152, 352
-0.99957, 225, 129, 256, 384
-0.999572, 115, 329, 130, 344
-0.999572, 317, 177, 332, 192
-0.999573, 213, 331, 228, 346
-0.999575, 189, 115, 204, 130
-0.999575, 333, 71, 348, 86
-0.999581, 207, 317, 222, 332
-0.999583, 183, 147, 198, 162
-0.999584, 157, 317, 172, 332
-0.999595, 259, 211, 274, 226
-0.999598, 175, 55, 190, 70
-0.999598, 169, 65, 184, 80
-0.999612, 189, 129, 204, 144
-0.999613, 353, 391, 368, 406
-0.999617, 351, 371, 366, 386
-0.999621, 279, 195, 294, 210
-0.999625, 185, 55, 200, 70
-0.999627, 205, 323, 220, 338
-0.999632, 353, 377, 368, 392
-0.999641, 231, 327, 246, 342
-0.999641, 165, 337, 180, 352
-0.999645, 189, 97, 204, 112
-0.999647, 323, 175, 338, 190
-0.999648, 269, 163, 284, 178
-0.999649, 189, 143, 204, 158
-0.999651, 247, 73, 262, 88
-0.999654, 239, 39, 254, 54
-0.999656, 49, 161, 80, 416
-0.999659, 271, 343, 286, 358
-0.999668, 141, 417, 156, 432
-0.999669, 339, 169, 354, 184
-0.999672, 201, 357, 216, 372
-0.999675, 267, 333, 282, 348
-0.999676, 343, 377, 358, 392
-0.999684, 197, 1, 228, 256
-0.999686, 177, 337, 192, 352
-0.999687, 189, 123, 204, 138
-0.999696, 331, 173, 346, 188
-0.999696, 207, 231, 222, 246
-0.9997, 239, 119, 254, 134
-0.999701, 157, 41, 172, 56
-0.999704, 225, 23, 240, 38
-0.999704, 237, 81, 252, 96
-0.999707, 333, 381, 348, 396
-0.999719, 171, 341, 186, 356
-0.999721, 217, 59, 232, 74
-0.999737, 285, 215, 300, 230
-0.999737, 211, 181, 226, 196
-0.999739, 335, 393, 350, 408
-0.99974, 183, 117, 198, 132
-0.999745, 179, 71, 194, 86
-0.999748, 347, 169, 362, 184
-0.999763, 189, 385, 204, 400
-0.999778, 161, 245, 176, 260
-0.999782, 231, 47, 246, 62
-0.999784, 191, 349, 206, 364
-0.999787, 147, 311, 162, 326
-0.999792, 333, 375, 348, 390
-0.999801, 245, 33, 260, 48
-0.999807, 195, 385, 210, 400
-0.999816, 231, 151, 246, 166
-0.999819, 343, 389, 358, 404
-0.999838, 217, 27, 232, 42
-0.999838, 33, 129, 64, 384
-0.999873, 179, 123, 194, 138
-0.999885, 161, 47, 176, 62
-0.999894, 155, 79, 170, 94
-0.999908, 207, 225, 222, 240
-0.999932, 289, 189, 304, 204
-0.999962, 165, 161, 196, 416
-0.999979, 293, 33, 324, 288
-1, 357, 385, 372, 400
-1, 351, 383, 366, 398
-1.00004, 1, 129, 32, 384
-1.00006, 249, 65, 280, 320
-1.0001, 289, 1, 352, 128
-1.00024, 265, 33, 296, 288
-1.00026, 241, 1, 368, 64
-1.0004, 153, 129, 184, 384
-1.00052, 37, 33, 68, 288
-1.00063, 21, 65, 52, 320
-1.00098, 289, 49, 352, 176
-1.00135, 5, 1, 36, 256
-1.00175, 33, 25, 160, 88
-1.00272, 33, 1, 160, 64
-1.0075, 257, 65, 320, 192
-1.00877, 17, 1, 80, 128
-1.0109, 265, 17, 328, 144
