1889
-0.264794, 1, 1, 500, 333
-0.355992, 257, 1, 500, 333
-0.417162, 161, 1, 416, 333
-0.427569, 1, 1, 500, 256
-0.453006, 257, 1, 500, 256
-0.454527, 65, 1, 320, 333
-0.583083, 161, 1, 416, 256
-0.676974, 65, 1, 320, 256
-0.801441, 273, 1, 400, 256
-0.80954, 353, 1, 480, 256
-0.830633, 209, 1, 336, 333
-0.830801, 369, 1, 496, 333
-0.832967, 273, 1, 400, 333
-0.849733, 321, 1, 448, 333
-0.850468, 225, 1, 352, 256
-0.857562, 145, 1, 272, 333
-0.864232, 161, 1, 288, 256
-0.866759, 1, 33, 500, 160
-0.874385, 1, 113, 500, 240
-0.877157, 97, 1, 224, 256
-0.885116, 97, 1, 224, 333
-0.887362, 49, 1, 176, 333
-0.901253, 225, 33, 480, 160
-0.904213, 1, 209, 500, 333
-0.911478, 257, 81, 500, 208
-0.918751, 1, 1, 128, 333
-0.921606, 49, 1, 176, 256
-0.924089, 129, 49, 384, 176
-0.92648, 225, 161, 480, 288
-0.927446, 129, 113, 384, 240
-0.928747, 65, 1, 320, 128
-0.929783, 369, 33, 496, 160
-0.929911, 273, 81, 400, 208
-0.930155, 369, 33, 432, 160
-0.931206, 289, 1, 416, 128
-0.932035, 321, 65, 448, 192
-0.934171, 297, 33, 360, 160
-0.934474, 1, 161, 500, 288
-0.934885, 329, 65, 392, 192
-0.935485, 241, 33, 368, 160
-0.935573, 193, 49, 320, 176
-0.936264, 265, 145, 328, 272
-0.938272, 225, 209, 480, 333
-0.939778, 289, 97, 352, 224
-0.939944, 337, 1, 400, 128
-0.940207, 1, 1, 128, 256
-0.940362, 369, 113, 496, 240
-0.941086, 289, 129, 416, 256
-0.941657, 225, 113, 352, 240
-0.942685, 409, 33, 472, 160
-0.944178, 241, 161, 368, 288
-0.944184, 433, 97, 496, 224
-0.944255, 193, 1, 256, 128
-0.944705, 33, 113, 288, 240
-0.945825, 369, 97, 432, 224
-0.946848, 145, 33, 272, 160
-0.947258, 329, 81, 392, 144
-0.947286, 297, 105, 360, 168
-0.947709, 209, 209, 336, 333
-0.947777, 273, 33, 336, 160
-0.947881, 265, 97, 328, 224
-0.948092, 97, 209, 352, 333
-0.948626, 369, 41, 432, 104
-0.948956, 337, 113, 400, 240
-0.950342, 177, 113, 304, 240
-0.950792, 233, 113, 296, 240
-0.951093, 401, 33, 464, 96
-0.951286, 433, 49, 496, 176
-0.951517, 369, 161, 496, 288
-0.951714, 225, 49, 288, 176
-0.952071, 401, 81, 464, 208
-0.952361, 193, 1, 320, 128
-0.952595, 233, 193, 296, 320
-0.954183, 129, 113, 256, 240
-0.955152, 33, 49, 288, 176
-0.955427, 385, 145, 448, 272
-0.956421, 177, 41, 240, 104
-0.957545, 249, 169, 312, 232
-0.957836, 289, 161, 352, 288
-0.957993, 273, 97, 336, 160
-0.958122, 361, 145, 424, 272
-0.958251, 129, 113, 192, 240
-0.959007, 425, 41, 488, 104
-0.959132, 193, 49, 256, 176
-0.959422, 81, 113, 208, 240
-0.959493, 313, 113, 376, 240
-0.959709, 249, 49, 312, 176
-0.95982, 257, 209, 384, 333
-0.95983, 129, 161, 384, 288
-0.960062, 169, 49, 232, 176
-0.960427, 193, 161, 320, 288
-0.960463, 385, 129, 448, 192
-0.961063, 169, 1, 232, 128
-0.96121, 425, 113, 488, 176
-0.961386, 265, 129, 328, 192
-0.961662, 17, 1, 144, 128
-0.961844, 241, 273, 304, 333
-0.961919, 385, 73, 448, 136
-0.961991, 225, 129, 288, 192
-0.962531, 249, 241, 312, 304
-0.962688, 361, 137, 424, 200
-0.962737, 257, 209, 320, 333
-0.96338, 313, 161, 376, 288
-0.963488, 385, 161, 448, 224
-0.963542, 337, 113, 400, 176
-0.96357, 201, 57, 264, 120
-0.963758, 257, 33, 320, 96
-0.963779, 193, 113, 256, 240
-0.964034, 361, 89, 424, 152
-0.964053, 217, 1, 280, 128
-0.964157, 241, 89, 368, 152
-0.96416, 209, 97, 272, 160
-0.964348, 401, 1, 464, 256
-0.964481, 353, 209, 416, 333
-0.964526, 321, 1, 384, 256
-0.964597, 81, 1, 208, 128
-0.964759, 297, 161, 360, 224
-0.964809, 233, 105, 296, 168
-0.964814, 289, 105, 416, 168
-0.965296, 353, 1, 416, 256
-0.96538, 225, 225, 288, 288
-0.965819, 305, 17, 432, 80
-0.965836, 321, 177, 448, 304
-0.965843, 145, 209, 272, 333
-0.965963, 369, 49, 496, 112
-0.9664, 161, 113, 224, 240
-0.966708, 329, 153, 392, 216
-0.966772, 281, 1, 344, 256
-0.966811, 361, 17, 424, 80
-0.967145, 321, 81, 448, 144
-0.96723, 105, 113, 168, 240
-0.967372, 409, 145, 472, 272
-0.967565, 337, 9, 400, 72
-0.96759, 233, 73, 296, 136
-0.967681, 313, 9, 376, 72
-0.967853, 289, 129, 352, 192
-0.96806, 241, 169, 368, 232
-0.968103, 209, 193, 272, 320
-0.968177, 185, 121, 248, 184
-0.968357, 409, 49, 440, 112
-0.968414, 377, 1, 440, 256
-0.968437, 33, 97, 160, 224
-0.968662, 433, 1, 496, 256
-0.968776, 273, 177, 336, 240
-0.96904, 81, 65, 208, 192
-0.969124, 361, 113, 424, 176
-0.969356, 297, 81, 360, 144
-0.969447, 417, 65, 480, 128
-0.969579, 289, 33, 352, 96
-0.969598, 385, 193, 448, 320
-0.969708, 257, 57, 320, 120
-0.969897, 289, 145, 416, 208
-0.970042, 81, 1, 144, 128
-0.970279, 425, 137, 488, 200
-0.970433, 273, 265, 336, 328
-0.970492, 209, 129, 336, 192
-0.970536, 273, 153, 336, 216
-0.970596, 233, 201, 296, 264
-0.970973, 129, 121, 192, 184
-0.971007, 313, 97, 344, 160
-0.971147, 241, 1, 304, 128
-0.971321, 217, 265, 280, 328
-0.971354, 381, 33, 412, 160
-0.971513, 17, 49, 144, 176
-0.971582, 257, 65, 320, 320
-0.971977, 361, 65, 392, 192
-0.971997, 285, 81, 316, 208
-0.972254, 285, 81, 316, 144
-0.972523, 89, 121, 152, 184
-0.972567, 361, 65, 424, 128
-0.97269, 433, 41, 464, 104
-0.97285, 1, 209, 256, 333
-0.972902, 393, 49, 424, 112
-0.973066, 369, 209, 432, 272
-0.973073, 277, 129, 308, 192
-0.973279, 353, 233, 416, 296
-0.973376, 233, 41, 296, 104
-0.973641, 341, 65, 372, 192
-0.97368, 369, 73, 496, 136
-0.97401, 273, 153, 304, 216
-0.974082, 233, 9, 296, 72
-0.974133, 325, 89, 356, 152
-0.974312, 321, 209, 384, 333
-0.974322, 193, 41, 224, 104
-0.974518, 201, 33, 264, 96
-0.974731, 213, 41, 244, 104
-0.974844, 401, 65, 432, 192
-0.974855, 373, 81, 404, 144
-0.974969, 297, 97, 328, 160
-0.97508, 57, 113, 120, 240
-0.975123, 245, 273, 276, 333
-0.975137, 281, 1, 344, 64
-0.975137, 325, 17, 356, 144
-0.975152, 161, 121, 224, 184
-0.9753, 265, 217, 328, 280
-0.975488, 177, 17, 240, 80
-0.97552, 145, 65, 208, 192
-0.975545, 209, 33, 336, 96
-0.97555, 277, 145, 308, 272
-0.975557, 301, 97, 332, 224
-0.975566, 33, 1, 96, 128
-0.975691, 89, 65, 152, 192
-0.975707, 433, 1, 496, 128
-0.975794, 285, 33, 316, 160
-0.975832, 1, 65, 64, 192
-0.975842, 321, 49, 448, 112
-0.975928, 193, 105, 320, 168
-0.975933, 349, 81, 380, 144
-0.975938, 229, 97, 260, 160
-0.975982, 209, 265, 336, 328
-0.976112, 337, 153, 464, 216
-0.976114, 301, 33, 332, 160
-0.976134, 337, 81, 368, 144
-0.976222, 81, 113, 144, 240
-0.976276, 57, 65, 120, 192
-0.976282, 393, 225, 456, 288
-0.97632, 289, 57, 352, 120
-0.976342, 17, 41, 80, 104
-0.976364, 313, 129, 376, 192
-0.976589, 265, 113, 296, 240
-0.976596, 33, 113, 96, 240
-0.9766, 369, 209, 496, 333
-0.976626, 373, 81, 404, 208
-0.976711, 413, 113, 444, 240
-0.976718, 413, 17, 444, 144
-0.976827, 353, 121, 480, 184
-0.976936, 353, 25, 480, 88
-0.977145, 353, 1, 384, 128
-0.977201, 257, 17, 384, 80
-0.977244, 433, 145, 496, 272
-0.977261, 469, 49, 500, 176
-0.977267, 73, 1, 136, 64
-0.977279, 401, 25, 432, 88
-0.977351, 289, 33, 320, 96
-0.977615, 233, 65, 296, 320
-0.977634, 289, 209, 352, 333
-0.977641, 65, 121, 128, 184
-0.977718, 185, 1, 248, 256
-0.977844, 273, 193, 400, 256
-0.977871, 293, 153, 324, 216
-0.977874, 129, 121, 256, 184
-0.977927, 213, 1, 244, 128
-0.978128, 365, 1, 396, 128
-0.978185, 449, 113, 480, 176
-0.978194, 389, 25, 420, 88
-0.978253, 361, 257, 424, 320
-0.978304, 225, 193, 352, 256
-0.978311, 301, 33, 332, 96
-0.978321, 433, 121, 464, 184
-0.978344, 1, 1, 64, 128
-0.978411, 241, 65, 368, 128
-0.978498, 137, 41, 200, 104
-0.978518, 457, 49, 488, 176
-0.978559, 405, 129, 436, 192
-0.978582, 201, 1, 264, 64
-0.978593, 413, 25, 444, 88
-0.978714, 185, 97, 248, 160
-0.97873, 429, 65, 460, 192
-0.978749, 417, 1, 480, 64
-0.978884, 329, 249, 392, 312
-0.978891, 209, 225, 336, 288
-0.979002, 33, 161, 288, 288
-0.979005, 177, 57, 304, 120
-0.979117, 401, 81, 432, 144
-0.979219, 293, 129, 324, 192
-0.979225, 9, 113, 72, 240
-0.979378, 261, 129, 292, 192
-0.979392, 277, 33, 308, 96
-0.979458, 341, 17, 372, 144
-0.979486, 49, 9, 112, 72
-0.979538, 225, 1, 256, 128
-0.979542, 393, 17, 424, 144
-0.979558, 313, 97, 344, 224
-0.979611, 257, 265, 288, 328
-0.979653, 253, 177, 284, 304
-0.979681, 369, 97, 496, 160
-0.979764, 241, 105, 272, 168
-0.97981, 253, 113, 284, 240
-0.979837, 381, 137, 412, 200
-0.979874, 365, 145, 396, 208
-0.979976, 361, 81, 392, 144
-0.979977, 57, 17, 120, 144
-0.980036, 285, 105, 316, 168
-0.98011, 329, 65, 360, 192
-0.98014, 389, 81, 420, 208
-0.980153, 209, 65, 272, 320
-0.980194, 397, 161, 428, 288
-0.980297, 329, 113, 360, 176
-0.980377, 193, 1, 224, 128
-0.980394, 225, 49, 256, 176
-0.980394, 365, 233, 396, 296
-0.980422, 193, 9, 320, 72
-0.980431, 273, 209, 304, 333
-0.980462, 329, 185, 392, 248
-0.980503, 273, 225, 400, 288
-0.980562, 417, 65, 448, 192
-0.980625, 409, 201, 472, 264
-0.980653, 305, 249, 368, 312
-0.980703, 445, 49, 476, 176
-0.98076, 41, 121, 104, 184
-0.980819, 281, 57, 312, 120
-0.98082, 385, 9, 448, 72
-0.980842, 413, 73, 444, 136
-0.980918, 325, 161, 356, 224
-0.98101, 369, 113, 400, 176
-0.981013, 469, 57, 500, 120
-0.981044, 113, 65, 176, 192
-0.981116, 393, 137, 424, 200
-0.981195, 309, 169, 340, 232
-0.981221, 97, 265, 160, 328
-0.981253, 253, 233, 284, 296
-0.9813, 145, 161, 272, 288
-0.98136, 129, 49, 256, 112
-0.981407, 341, 153, 372, 216
-0.98143, 289, 169, 416, 232
-0.981468, 33, 49, 96, 176
-0.981491, 17, 9, 80, 72
-0.981518, 377, 17, 408, 80
-0.981535, 353, 169, 416, 232
-0.98161, 265, 161, 296, 288
-0.981666, 161, 1, 224, 256
-0.981721, 469, 177, 500, 240
-0.981759, 81, 121, 208, 184
-0.981784, 217, 121, 248, 184
-0.981801, 385, 1, 448, 333
-0.981813, 237, 193, 268, 320
-0.981843, 33, 209, 160, 333
-0.982, 257, 9, 320, 72
-0.982006, 273, 241, 336, 304
-0.982009, 181, 1, 212, 128
-0.982039, 401, 113, 432, 240
-0.982063, 313, 161, 344, 288
-0.982094, 417, 1, 480, 333
-0.982111, 337, 161, 400, 288
-0.982138, 293, 161, 324, 288
-0.982144, 413, 153, 444, 216
-0.982221, 353, 113, 384, 240
-0.982277, 305, 1, 368, 333
-0.982317, 421, 121, 452, 184
-0.982356, 469, 105, 500, 168
-0.98258, 377, 129, 408, 256
-0.982589, 265, 49, 296, 176
-0.982599, 81, 25, 144, 88
-0.982621, 105, 1, 168, 256
-0.982637, 1, 113, 64, 176
-0.982677, 1, 121, 128, 184
-0.9827, 305, 145, 336, 208
-0.982768, 9, 273, 72, 333
-0.982769, 453, 57, 484, 120
-0.982859, 57, 273, 120, 333
-0.982891, 305, 193, 368, 256
-0.982958, 353, 1, 416, 333
-0.983018, 177, 49, 208, 176
-0.983053, 269, 57, 300, 120
-0.983067, 129, 209, 192, 333
-0.983213, 273, 225, 304, 288
-0.983215, 369, 1, 496, 64
-0.983233, 41, 33, 104, 96
-0.983305, 433, 89, 496, 152
-0.98333, 225, 41, 256, 104
-0.98337, 313, 17, 344, 144
-0.983375, 81, 209, 208, 333
-0.983421, 121, 249, 184, 312
-0.983452, 281, 1, 344, 333
-0.983455, 457, 97, 488, 224
-0.983522, 385, 97, 448, 160
-0.98361, 341, 9, 372, 72
-0.983628, 229, 129, 260, 192
-0.983636, 425, 209, 488, 333
-0.983658, 425, 1, 456, 128
-0.983682, 49, 97, 112, 160
-0.98369, 145, 1, 208, 128
-0.983699, 213, 49, 244, 176
-0.983748, 293, 177, 324, 240
-0.983838, 17, 1, 144, 64
-0.983938, 193, 1, 256, 333
-0.983942, 201, 145, 264, 208
-0.983954, 309, 121, 340, 184
-0.983972, 341, 113, 372, 240
-0.984058, 177, 49, 208, 112
-0.984058, 201, 241, 264, 304
-0.984082, 137, 113, 168, 240
-0.984148, 201, 49, 232, 176
-0.984258, 381, 105, 412, 168
-0.984389, 157, 97, 188, 224
-0.984393, 145, 97, 272, 160
-0.984491, 385, 249, 448, 312
-0.984491, 425, 145, 456, 272
-0.984526, 129, 97, 192, 160
-0.984613, 369, 177, 496, 240
-0.98466, 161, 145, 288, 208
-0.984794, 193, 81, 320, 144
-0.984843, 65, 17, 192, 80
-0.984916, 277, 265, 308, 328
-0.984943, 249, 1, 312, 333
-0.984949, 345, 41, 408, 104
-0.985032, 325, 17, 356, 80
-0.98504, 145, 1, 208, 64
-0.98505, 1, 97, 128, 160
-0.985115, 249, 185, 280, 248
-0.985196, 81, 1, 144, 333
-0.985257, 241, 113, 272, 240
-0.985293, 357, 17, 388, 80
-0.985361, 273, 273, 400, 333
-0.985376, 209, 201, 272, 264
-0.985381, 117, 121, 148, 184
-0.985398, 273, 41, 400, 104
-0.985399, 189, 49, 220, 176
-0.985401, 25, 97, 88, 160
-0.985444, 237, 1, 268, 128
-0.985461, 185, 17, 216, 80
-0.98549, 365, 129, 396, 256
-0.985524, 177, 65, 240, 128
-0.985558, 261, 169, 292, 232
-0.985567, 389, 81, 420, 144
-0.985744, 469, 129, 500, 256
-0.985808, 169, 121, 200, 184
-0.985898, 101, 121, 132, 184
-0.985925, 265, 105, 296, 168
-0.985966, 437, 113, 468, 240
-0.985986, 369, 201, 496, 264
-0.985995, 185, 193, 248, 320
-0.985999, 229, 129, 260, 256
-0.986051, 353, 233, 480, 296
-0.98611, 169, 113, 200, 240
-0.986133, 97, 1, 160, 64
-0.986183, 321, 57, 384, 120
-0.986242, 421, 49, 452, 112
-0.986342, 209, 113, 240, 240
-0.986371, 245, 129, 276, 192
-0.986412, 165, 41, 196, 104
-0.986439, 169, 1, 232, 333
-0.986457, 33, 265, 160, 328
-0.986482, 301, 9, 332, 72
-0.986522, 329, 1, 392, 333
-0.986546, 345, 121, 376, 184
-0.986567, 265, 81, 296, 144
-0.986573, 217, 1, 280, 333
-0.986593, 329, 145, 360, 272
-0.986638, 161, 233, 288, 296
-0.986639, 293, 273, 324, 333
-0.986666, 337, 273, 400, 333
-0.986671, 129, 1, 192, 256
-0.986726, 369, 177, 400, 304
-0.986823, 425, 169, 488, 232
-0.986895, 353, 145, 384, 208
-0.986911, 1, 65, 64, 128
-0.986911, 105, 1, 136, 128
-0.987041, 461, 1, 492, 128
-0.987042, 305, 225, 368, 288
-0.987069, 125, 113, 156, 240
-0.987101, 129, 257, 256, 320
-0.98714, 193, 121, 224, 184
-0.9872, 217, 97, 248, 160
-0.987205, 273, 249, 400, 312
-0.987218, 437, 1, 468, 128
-0.987219, 105, 1, 168, 333
-0.98726, 1, 65, 32, 192
-0.987307, 161, 209, 288, 272
-0.987319, 1, 1, 64, 256
-0.987331, 397, 225, 428, 288
-0.987343, 389, 1, 420, 64
-0.98735, 465, 33, 496, 96
-0.987365, 105, 209, 168, 333
-0.987447, 385, 161, 416, 224
-0.987448, 105, 1, 168, 128
-0.987466, 225, 177, 288, 240
-0.987613, 237, 201, 268, 264
-0.987636, 89, 97, 152, 160
-0.987637, 145, 1, 272, 64
-0.987731, 225, 273, 256, 333
-0.987834, 1, 25, 128, 88
-0.987837, 385, 249, 416, 312
-0.987918, 233, 241, 264, 304
-0.987918, 153, 121, 184, 184
-0.987968, 381, 49, 412, 112
-0.98806, 185, 45, 248, 76
-0.988074, 1, 49, 128, 112
-0.988216, 17, 1, 48, 128
-0.988235, 385, 185, 448, 248
-0.988238, 121, 9, 184, 72
-0.988255, 193, 169, 320, 232
-0.988262, 225, 209, 256, 333
-0.988266, 193, 113, 224, 240
-0.988267, 305, 113, 368, 144
-0.988294, 385, 209, 416, 272
-0.988305, 45, 1, 76, 128
-0.988324, 81, 265, 208, 328
-0.988379, 369, 209, 400, 272
-0.988389, 417, 225, 480, 288
-0.988395, 241, 65, 272, 192
-0.988419, 225, 97, 480, 160
-0.988444, 357, 105, 388, 168
-0.988448, 225, 33, 480, 96
-0.98864, 237, 41, 268, 104
-0.988687, 329, 105, 392, 136
-0.988747, 181, 113, 212, 240
-0.988758, 89, 121, 120, 184
-0.988763, 353, 241, 384, 304
-0.988806, 369, 169, 400, 232
-0.988878, 297, 273, 360, 333
-0.988943, 453, 25, 484, 88
-0.98895, 321, 17, 384, 48
-0.988954, 273, 1, 304, 128
-0.988975, 329, 81, 392, 112
-0.98898, 369, 41, 400, 104
-0.988997, 217, 129, 280, 160
-0.989037, 413, 161, 444, 288
-0.989102, 213, 65, 244, 128
-0.989114, 345, 209, 408, 272
-0.989185, 409, 53, 472, 84
-0.989201, 241, 65, 272, 128
-0.98925, 413, 209, 444, 272
-0.989279, 385, 177, 416, 304
-0.989301, 145, 1, 208, 333
-0.989305, 369, 45, 432, 76
-0.989326, 385, 161, 448, 192
-0.989337, 385, 33, 448, 64
-0.989342, 249, 173, 312, 204
-0.989344, 281, 177, 312, 240
-0.989419, 165, 49, 196, 176
-0.989448, 397, 161, 428, 224
-0.989462, 209, 17, 240, 80
-0.989486, 433, 49, 496, 80
-0.989528, 1, 89, 64, 152
-0.989531, 273, 105, 336, 136
-0.989545, 117, 65, 148, 192
-0.989595, 25, 1, 88, 256
-0.989599, 369, 73, 432, 104
-0.989612, 297, 209, 328, 333
-0.989638, 417, 65, 480, 96
-0.989666, 177, 241, 240, 304
-0.989688, 409, 89, 472, 152
-0.9897, 401, 209, 432, 333
-0.989715, 137, 125, 200, 156
-0.989753, 369, 225, 432, 256
-0.989765, 369, 89, 432, 120
-0.98979, 401, 77, 464, 108
-0.989791, 89, 65, 120, 192
-0.989806, 1, 113, 32, 176
-0.989813, 257, 129, 320, 160
-0.989815, 97, 265, 128, 328
-0.98982, 137, 225, 200, 288
-0.989836, 385, 61, 448, 92
-0.989839, 81, 1, 144, 256
-0.989892, 153, 97, 216, 160
-0.989892, 257, 121, 500, 184
-0.989905, 305, 101, 368, 132
-0.98994, 181, 121, 212, 184
-0.989943, 433, 137, 496, 168
-0.989945, 33, 265, 96, 328
-0.989998, 253, 49, 284, 176
-0.990007, 313, 17, 344, 80
-0.990023, 401, 125, 464, 156
-0.990044, 353, 109, 416, 140
-0.990053, 297, 125, 360, 156
-0.990069, 97, 125, 160, 156
-0.990072, 297, 73, 328, 136
-0.990077, 357, 177, 388, 304
-0.990085, 185, 129, 248, 160
-0.990089, 233, 29, 296, 60
-0.990108, 281, 9, 312, 72
-0.990128, 57, 1, 120, 256
-0.990129, 97, 113, 128, 240
-0.990144, 401, 149, 464, 180
-0.990153, 409, 37, 472, 68
-0.990157, 419, 49, 434, 112
-0.990195, 257, 33, 320, 64
-0.990196, 77, 121, 108, 184
-0.99024, 313, 33, 376, 96
-0.990278, 345, 17, 408, 48
-0.990279, 253, 1, 284, 64
-0.9903, 33, 49, 64, 176
-0.9903, 253, 41, 284, 104
-0.990328, 129, 121, 160, 184
-0.990335, 273, 157, 336, 188
-0.990355, 21, 49, 52, 176
-0.990438, 257, 49, 320, 80
-0.990442, 49, 113, 80, 240
-0.990442, 61, 113, 92, 240
-0.99046, 377, 137, 440, 168
-0.990485, 377, 37, 408, 68
-0.990487, 197, 17, 228, 80
-0.990488, 93, 1, 124, 128
-0.990506, 233, 45, 296, 76
-0.990536, 209, 49, 272, 80
-0.990559, 49, 125, 112, 156
-0.990561, 233, 1, 264, 64
-0.990562, 81, 113, 112, 240
-0.990568, 141, 121, 172, 184
-0.990586, 345, 93, 408, 124
-0.990593, 105, 1, 136, 64
-0.990632, 33, 1, 64, 128
-0.990634, 257, 93, 320, 124
-0.990646, 425, 117, 488, 148
-0.990659, 73, 33, 104, 160
-0.990659, 273, 117, 336, 148
-0.990677, 161, 53, 224, 84
-0.99071, 161, 129, 224, 160
-0.990734, 329, 121, 392, 152
-0.990736, 425, 73, 456, 136
-0.990742, 361, 33, 424, 64
-0.990745, 97, 241, 160, 304
-0.990753, 297, 197, 360, 228
-0.990754, 185, 49, 216, 80
-0.990755, 225, 145, 480, 208
-0.990769, 265, 33, 296, 96
-0.99077, 277, 165, 308, 196
-0.990773, 257, 61, 320, 92
-0.990795, 317, 113, 348, 144
-0.990796, 345, 237, 408, 268
-0.990798, 321, 189, 384, 220
-0.990817, 257, 273, 320, 304
-0.990842, 369, 213, 432, 244
-0.990849, 305, 101, 336, 132
-0.990861, 393, 225, 456, 256
-0.990904, 233, 281, 296, 312
-0.990905, 193, 33, 256, 64
-0.990905, 169, 1, 200, 128
-0.990908, 193, 61, 256, 92
-0.990921, 425, 193, 456, 256
-0.990937, 201, 169, 264, 232
-0.99094, 329, 157, 392, 188
-0.990984, 57, 57, 120, 120
-0.990993, 57, 1, 120, 333
-0.99102, 233, 229, 296, 260
-0.991023, 353, 145, 416, 176
-0.99103, 297, 25, 360, 56
-0.991033, 73, 125, 136, 156
-0.991038, 57, 33, 88, 160
-0.991064, 253, 105, 284, 168
-0.991076, 289, 129, 320, 160
-0.991079, 109, 113, 140, 240
-0.991099, 97, 121, 352, 184
-0.9911, 221, 129, 252, 160
-0.991106, 217, 61, 280, 92
-0.991108, 285, 89, 316, 120
-0.991109, 145, 249, 208, 312
-0.991117, 209, 97, 272, 128
-0.991124, 289, 89, 352, 120
-0.991136, 433, 145, 464, 208
-0.991136, 225, 57, 480, 120
-0.991141, 329, 109, 360, 140
-0.991185, 353, 109, 384, 140
-0.991188, 57, 21, 120, 52
-0.991199, 97, 13, 160, 44
-0.991199, 81, 41, 208, 104
-0.991207, 305, 169, 368, 200
-0.991207, 269, 9, 300, 72
-0.991225, 337, 249, 400, 280
-0.99123, 353, 177, 416, 208
-0.99123, 225, 217, 288, 248
-0.991238, 245, 277, 276, 308
-0.991248, 1, 113, 32, 240
-0.991265, 361, 61, 424, 92
-0.99127, 17, 121, 48, 184
-0.991273, 257, 141, 320, 172
-0.99128, 341, 109, 372, 140
-0.9913, 249, 1, 280, 128
-0.991303, 233, 113, 296, 144
-0.99131, 89, 49, 152, 112
-0.991339, 57, 293, 120, 324
-0.99134, 209, 45, 240, 76
-0.991348, 169, 33, 232, 64
-0.991351, 361, 165, 424, 196
-0.991357, 97, 1, 160, 32
-0.991357, 369, 21, 432, 52
-0.991392, 289, 73, 352, 104
-0.991396, 257, 73, 320, 104
-0.991401, 9, 121, 72, 152
-0.99141, 37, 113, 68, 240
-0.991411, 233, 205, 296, 236
-0.991414, 217, 293, 280, 324
-0.991434, 297, 13, 360, 44
-0.991437, 249, 301, 312, 332
-0.991463, 65, 273, 320, 333
-0.991464, 121, 21, 184, 52
-0.991494, 413, 77, 444, 108
-0.99153, 17, 25, 80, 56
-0.991532, 377, 93, 408, 124
-0.991536, 233, 269, 296, 300
-0.991536, 413, 53, 444, 84
-0.991543, 13, 113, 44, 240
-0.991578, 249, 245, 312, 276
-0.991579, 377, 237, 440, 268
-0.991589, 297, 145, 360, 176
-0.991596, 193, 265, 256, 328
-0.991599, 277, 149, 308, 180
-0.9916, 273, 173, 336, 204
-0.991615, 201, 21, 264, 52
-0.991616, 233, 81, 296, 112
-0.991624, 9, 297, 72, 328
-0.99164, 337, 33, 400, 64
-0.991662, 233, 97, 296, 128
-0.991665, 1, 25, 500, 88
-0.991685, 449, 1, 480, 128
-0.991693, 337, 5, 400, 36
-0.991694, 49, 97, 176, 160
-0.991697, 101, 65, 132, 192
-0.991706, 265, 217, 328, 248
-0.991709, 225, 241, 288, 272
-0.991715, 265, 233, 328, 264
-0.991717, 289, 41, 352, 72
-0.991718, 401, 85, 432, 116
-0.991723, 149, 125, 180, 156
-0.991729, 257, 261, 320, 292
-0.991733, 417, 153, 448, 184
-0.991736, 409, 213, 472, 244
-0.991741, 345, 225, 408, 256
-0.991742, 273, 17, 336, 48
-0.991753, 241, 129, 272, 160
-0.99176, 225, 169, 480, 232
-0.991762, 413, 209, 444, 333
-0.991769, 233, 141, 296, 172
-0.991771, 273, 193, 336, 224
-0.991804, 145, 29, 208, 60
-0.991823, 225, 265, 480, 328
-0.991824, 385, 173, 448, 204
-0.991826, 289, 281, 352, 312
-0.991846, 121, 1, 184, 32
-0.991859, 197, 41, 228, 72
-0.991859, 325, 193, 356, 320
-0.991866, 265, 129, 296, 160
-0.991872, 17, 53, 80, 84
-0.991877, 385, 81, 416, 112
-0.991887, 201, 141, 264, 172
-0.991889, 209, 281, 272, 312
-0.991893, 389, 161, 420, 192
-0.991897, 393, 29, 424, 60
-0.991901, 281, 297, 344, 328
-0.991922, 129, 49, 384, 112
-0.991924, 409, 33, 440, 64
-0.991944, 353, 17, 384, 48
-0.991946, 409, 137, 472, 168
-0.991947, 225, 153, 288, 216
-0.991951, 177, 21, 240, 52
-0.991952, 129, 1, 384, 64
-0.991961, 365, 105, 396, 136
-0.991975, 221, 45, 252, 76
-0.991981, 137, 49, 200, 80
-0.991984, 377, 101, 440, 132
-0.991991, 337, 257, 464, 320
-0.992006, 145, 65, 176, 192
-0.992009, 169, 125, 200, 156
-0.992009, 297, 181, 360, 212
-0.992012, 25, 113, 56, 240
-0.992027, 173, 49, 204, 80
-0.992033, 97, 97, 224, 160
-0.992052, 201, 1, 264, 32
-0.992055, 289, 265, 352, 296
-0.992074, 193, 193, 448, 256
-0.992081, 405, 153, 436, 184
-0.992087, 377, 149, 440, 180
-0.992088, 305, 117, 336, 148
-0.992096, 289, 61, 352, 92
-0.992097, 317, 101, 348, 132
-0.992097, 41, 33, 104, 64
-0.992103, 377, 249, 440, 280
-0.992118, 325, 25, 356, 56
-0.992129, 73, 9, 136, 40
-0.992135, 425, 149, 488, 180
-0.992194, 369, 25, 400, 56
-0.992199, 301, 41, 332, 72
-0.992205, 421, 37, 452, 68
-0.992241, 153, 193, 216, 320
-0.992274, 169, 145, 232, 208
-0.992277, 411, 33, 426, 96
-0.992302, 281, 137, 296, 200
-0.99235, 469, 65, 500, 96
-0.992386, 281, 57, 312, 88
-0.992439, 293, 109, 324, 140
-0.992461, 357, 81, 388, 112
-0.992463, 407, 57, 422, 120
-0.992466, 209, 129, 336, 160
-0.992477, 469, 177, 500, 304
-0.992486, 289, 21, 416, 52
-0.992536, 457, 57, 488, 88
-0.99254, 377, 165, 408, 196
-0.992567, 229, 97, 260, 128
-0.992578, 401, 45, 432, 76
-0.992586, 225, 9, 480, 72
-0.992601, 373, 81, 388, 144
-0.992621, 381, 25, 412, 56
-0.992642, 469, 49, 500, 80
-0.992647, 289, 121, 416, 152
-0.99266, 185, 217, 248, 280
-0.992678, 433, 45, 464, 76
-0.992695, 219, 41, 234, 104
-0.992721, 293, 157, 324, 188
-0.992727, 345, 161, 376, 288
-0.992737, 1, 1, 32, 128
-0.992739, 233, 49, 264, 80
-0.992739, 281, 45, 312, 76
-0.99275, 369, 225, 400, 256
-0.992752, 25, 1, 88, 333
-0.992784, 457, 113, 488, 144
-0.992791, 1, 49, 500, 112
-0.992794, 401, 73, 432, 104
-0.992804, 425, 57, 440, 120
-0.992812, 329, 13, 360, 44
-0.992818, 341, 13, 372, 44
-0.992843, 1, 81, 500, 144
-0.992877, 193, 125, 224, 156
-0.992882, 209, 45, 336, 76
-0.992896, 269, 29, 300, 60
-0.992904, 225, 241, 480, 304
-0.992906, 261, 217, 292, 248
-0.992933, 1, 1, 256, 64
-0.992936, 133, 125, 164, 156
-0.992939, 461, 133, 492, 164
-0.992948, 213, 41, 228, 104
-0.992949, 209, 125, 240, 156
-0.992965, 269, 61, 300, 92
-0.992981, 277, 137, 308, 168
-0.993, 181, 33, 212, 64
-0.993005, 121, 125, 152, 156
-0.99303, 317, 97, 332, 160
-0.993059, 45, 65, 76, 192
-0.99306, 1, 1, 64, 333
-0.993106, 321, 193, 352, 224
-0.993109, 445, 49, 476, 80
-0.993121, 281, 33, 312, 64
-0.993129, 253, 265, 284, 296
-0.993135, 81, 125, 112, 156
-0.993141, 433, 141, 464, 172
-0.993143, 389, 41, 420, 72
-0.99315, 93, 125, 124, 156
-0.993154, 437, 121, 468, 152
-0.993156, 197, 53, 228, 84
-0.993182, 389, 53, 420, 84
-0.99319, 1, 249, 64, 312
-0.993192, 1, 25, 256, 88
-0.993199, 281, 117, 312, 148
-0.993204, 69, 125, 100, 156
-0.993213, 97, 233, 224, 296
-0.99323, 65, 249, 320, 312
-0.993253, 257, 109, 384, 140
-0.993263, 97, 97, 352, 160
-0.993271, 137, 209, 168, 333
-0.993282, 337, 81, 368, 112
-0.993284, 281, 273, 312, 304
-0.99329, 413, 65, 444, 96
-0.993334, 185, 193, 248, 256
-0.993338, 329, 89, 344, 152
-0.993341, 241, 289, 272, 320
-0.993351, 285, 77, 316, 108
-0.993351, 253, 61, 284, 92
-0.993374, 249, 233, 280, 264
-0.993375, 269, 229, 300, 260
-0.993388, 129, 65, 160, 192
-0.993394, 333, 189, 364, 220
-0.993398, 465, 181, 496, 212
-0.993404, 81, 125, 208, 156
-0.993424, 389, 93, 420, 124
-0.993426, 161, 45, 288, 76
-0.99343, 301, 153, 316, 216
-0.993436, 401, 41, 416, 104
-0.99345, 277, 293, 308, 324
-0.993491, 321, 193, 448, 256
-0.993535, 241, 113, 272, 144
-0.993538, 317, 165, 348, 196
-0.993546, 325, 89, 356, 120
-0.993554, 97, 145, 160, 208
-0.993555, 193, 29, 224, 60
-0.993561, 303, 105, 318, 168
-0.993579, 321, 109, 448, 140
-0.993588, 281, 101, 312, 132
-0.99359, 105, 125, 136, 156
-0.993593, 337, 121, 368, 152
-0.993602, 365, 93, 396, 124
-0.993617, 209, 33, 336, 64
-0.993617, 445, 137, 476, 168
-0.993618, 245, 45, 276, 76
-0.993624, 81, 209, 144, 333
-0.993628, 305, 85, 432, 116
-0.993628, 117, 1, 148, 32
-0.993635, 265, 161, 296, 192
-0.993636, 225, 41, 240, 104
-0.993646, 291, 33, 306, 96
-0.993664, 357, 237, 388, 268
-0.993665, 241, 89, 368, 120
-0.99367, 401, 133, 432, 164
-0.993674, 425, 65, 456, 96
-0.993677, 241, 105, 256, 168
-0.993682, 353, 41, 480, 72
-0.993688, 257, 25, 288, 56
-0.993692, 5, 121, 36, 152
-0.993697, 225, 61, 256, 92
-0.99371, 261, 173, 292, 204
-0.993716, 365, 177, 396, 208
-0.993733, 57, 125, 88, 156
-0.993752, 303, 33, 318, 96
-0.993767, 117, 21, 148, 52
-0.993768, 425, 125, 456, 156
-0.993775, 301, 25, 332, 56
-0.993781, 301, 173, 332, 204
-0.993794, 265, 257, 296, 288
-0.993823, 345, 185, 376, 216
-0.993833, 181, 61, 212, 92
-0.993863, 469, 113, 500, 144
-0.993877, 261, 277, 292, 308
-0.993878, 381, 141, 412, 172
-0.993878, 381, 105, 412, 136
-0.993881, 129, 73, 384, 136
-0.993887, 269, 49, 300, 80
-0.993889, 1, 233, 500, 296
-0.993925, 225, 289, 256, 320
-0.99393, 289, 173, 320, 204
-0.993933, 241, 101, 272, 132
-0.993935, 37, 45, 68, 76
-0.994, 391, 81, 406, 144
-0.994009, 289, 97, 416, 128
-0.994063, 209, 109, 336, 140
-0.994068, 393, 17, 408, 80
-0.994081, 249, 273, 264, 333
-0.994084, 289, 161, 416, 192
-0.994091, 33, 49, 288, 112
-0.994093, 1, 121, 500, 184
-0.994099, 1, 121, 256, 184
-0.994121, 193, 217, 448, 280
-0.994133, 381, 89, 396, 152
-0.994141, 337, 81, 352, 144
-0.994145, 425, 33, 440, 96
-0.994151, 241, 169, 368, 200
-0.994211, 209, 57, 336, 88
-0.994269, 65, 249, 128, 312
-0.994283, 145, 185, 272, 248
-0.994298, 289, 37, 416, 68
-0.994356, 273, 217, 288, 280
-0.994391, 285, 1, 316, 256
-0.99441, 207, 41, 222, 104
-0.994412, 235, 105, 250, 168
-0.994464, 129, 129, 256, 160
-0.994466, 255, 265, 270, 328
-0.994469, 157, 1, 188, 128
-0.994534, 349, 81, 364, 144
-0.994582, 425, 193, 456, 320
-0.99459, 289, 149, 416, 180
-0.994593, 295, 153, 310, 216
-0.994606, 97, 145, 352, 208
-0.994613, 385, 65, 400, 128
-0.994614, 395, 49, 410, 112
-0.994624, 117, 1, 148, 128
-0.994663, 457, 209, 488, 333
-0.99471, 287, 137, 302, 200
-0.994719, 275, 129, 290, 192
-0.99473, 417, 25, 432, 88
-0.994737, 383, 17, 398, 80
-0.994749, 179, 41, 194, 104
-0.994839, 445, 209, 476, 333
-0.994858, 403, 17, 418, 80
-0.994888, 305, 1, 336, 256
-0.994962, 1, 1, 500, 64
-0.994966, 17, 241, 144, 304
-0.994999, 323, 97, 338, 160
-0.99501, 369, 57, 496, 88
-0.995011, 485, 65, 500, 128
-0.99504, 341, 113, 356, 176
-0.995049, 343, 81, 358, 144
-0.995049, 373, 1, 404, 256
-0.995053, 49, 209, 112, 333
-0.995055, 427, 121, 442, 184
-0.995073, 25, 209, 88, 333
-0.99508, 369, 225, 384, 288
-0.99508, 213, 193, 244, 320
-0.995124, 415, 73, 430, 136
-0.995138, 225, 181, 352, 212
-0.995156, 145, 57, 272, 88
-0.995158, 33, 21, 160, 52
-0.995195, 457, 145, 488, 272
-0.995205, 367, 145, 382, 208
-0.995215, 485, 185, 500, 248
-0.995233, 431, 33, 446, 96
-0.995243, 311, 105, 326, 168
-0.995279, 209, 265, 336, 296
-0.995311, 369, 133, 496, 164
-0.995317, 337, 173, 464, 204
-0.995321, 437, 161, 468, 288
-0.995331, 385, 137, 400, 200
-0.995343, 201, 33, 216, 96
-0.995348, 261, 1, 292, 128
-0.995356, 453, 113, 468, 176
-0.995361, 209, 293, 336, 324
-0.995368, 247, 105, 262, 168
-0.995371, 231, 41, 246, 104
-0.995371, 97, 225, 352, 288
-0.995387, 361, 1, 392, 256
-0.995398, 299, 81, 314, 144
-0.995415, 313, 169, 328, 232
-0.995418, 209, 277, 336, 308
-0.995438, 1, 125, 128, 156
-0.995438, 417, 129, 432, 192
-0.995453, 241, 13, 368, 44
-0.99546, 393, 33, 424, 288
-0.995475, 97, 161, 224, 288
-0.995478, 269, 129, 284, 192
-0.995488, 307, 153, 322, 216
-0.995501, 403, 129, 418, 192
-0.995502, 473, 105, 488, 168
-0.995524, 409, 1, 440, 256
-0.995555, 409, 129, 424, 192
-0.995574, 349, 1, 380, 256
-0.995578, 437, 121, 452, 184
-0.995592, 129, 25, 384, 88
-0.995601, 433, 1, 464, 256
-0.995649, 129, 169, 384, 232
-0.995651, 1, 209, 64, 333
-0.995684, 117, 209, 148, 333
-0.995699, 369, 93, 496, 124
-0.99571, 351, 153, 366, 216
-0.995712, 149, 209, 180, 333
-0.995725, 361, 81, 376, 144
-0.995729, 17, 297, 144, 328
-0.995743, 337, 209, 368, 333
-0.995746, 463, 113, 478, 176
-0.995748, 447, 113, 462, 176
-0.995751, 397, 137, 412, 200
-0.995753, 367, 81, 382, 144
-0.995772, 225, 193, 352, 224
-0.995792, 237, 41, 252, 104
-0.995806, 369, 161, 496, 192
-0.99582, 187, 41, 202, 104
-0.995826, 329, 1, 360, 256
-0.995837, 275, 153, 290, 216
-0.995855, 303, 177, 318, 240
-0.99588, 113, 45, 240, 76
-0.995892, 325, 161, 340, 224
-0.995914, 473, 57, 488, 120
-0.995949, 1, 161, 500, 224
-0.995988, 161, 141, 288, 172
-0.995998, 209, 221, 336, 252
-0.996001, 231, 129, 246, 192
-0.996026, 375, 113, 390, 176
-0.99603, 355, 81, 370, 144
-0.996038, 149, 145, 180, 272
-0.996054, 49, 161, 176, 288
-0.996057, 369, 29, 496, 60
-0.996088, 385, 217, 400, 280
-0.996106, 353, 73, 480, 104
-0.996118, 469, 1, 500, 256
-0.996134, 265, 241, 280, 304
-0.996136, 145, 25, 272, 88
-0.996146, 479, 65, 494, 128
-0.996162, 379, 217, 394, 280
-0.996177, 81, 21, 208, 52
-0.996181, 281, 33, 296, 96
-0.996182, 271, 241, 286, 304
-0.996197, 293, 129, 308, 192
-0.996222, 257, 77, 384, 108
-0.996229, 241, 149, 368, 180
-0.996235, 193, 233, 320, 264
-0.996238, 193, 97, 320, 128
-0.996245, 289, 249, 416, 280
-0.996278, 285, 209, 316, 333
-0.996296, 1, 257, 500, 320
-0.996298, 209, 77, 336, 108
-0.9963, 317, 1, 348, 256
-0.996306, 177, 21, 304, 52
-0.996311, 337, 145, 464, 176
-0.996313, 1, 97, 256, 160
-0.996319, 161, 33, 288, 64
-0.996319, 397, 89, 412, 152
-0.996348, 445, 1, 476, 256
-0.996374, 379, 57, 394, 120
-0.996385, 289, 273, 304, 333
-0.996403, 437, 41, 452, 104
-0.996424, 289, 49, 416, 80
-0.996438, 273, 221, 400, 252
-0.996447, 391, 137, 406, 200
-0.996448, 289, 173, 416, 204
-0.996496, 253, 105, 268, 168
-0.996526, 225, 205, 352, 236
-0.996563, 17, 9, 144, 40
-0.996572, 193, 1, 320, 32
-0.99658, 289, 189, 416, 220
-0.99661, 369, 117, 496, 148
-0.996641, 339, 161, 354, 224
-0.996647, 481, 41, 496, 104
-0.99665, 237, 129, 252, 192
-0.996658, 333, 161, 348, 224
-0.99667, 305, 237, 432, 268
-0.996691, 289, 57, 304, 120
-0.996702, 269, 65, 300, 320
-0.996706, 177, 1, 208, 256
-0.996709, 379, 145, 394, 208
-0.996709, 305, 73, 432, 104
-0.996711, 369, 9, 496, 40
-0.996711, 1, 209, 500, 272
-0.996713, 447, 41, 462, 104
-0.996733, 457, 1, 488, 256
-0.996741, 81, 1, 208, 32
-0.996783, 287, 97, 302, 160
-0.99679, 145, 97, 272, 128
-0.996815, 403, 81, 418, 144
-0.996829, 431, 57, 446, 120
-0.996851, 285, 161, 300, 224
-0.996864, 183, 121, 198, 184
-0.996903, 257, 137, 384, 168
-0.996911, 195, 41, 210, 104
-0.996915, 427, 161, 442, 224
-0.996925, 97, 201, 352, 264
-0.996934, 277, 249, 292, 312
-0.996937, 161, 117, 288, 148
-0.996972, 347, 1, 362, 64
-0.996974, 129, 9, 256, 40
-0.996975, 177, 121, 192, 184
-0.996975, 241, 209, 256, 272
-0.997004, 219, 129, 234, 192
-0.997004, 353, 229, 480, 260
-0.997023, 273, 273, 400, 304
-0.997023, 193, 1, 224, 256
-0.997027, 249, 65, 280, 320
-0.997028, 229, 105, 244, 168
-0.99706, 393, 113, 408, 176
-0.997063, 193, 165, 320, 196
-0.997065, 335, 113, 350, 176
-0.997065, 373, 145, 388, 208
-0.997066, 461, 41, 476, 104
-0.99708, 467, 57, 482, 120
-0.997083, 369, 105, 496, 136
-0.997084, 241, 237, 368, 268
-0.997094, 347, 113, 362, 176
-0.997096, 225, 253, 352, 284
-0.997111, 237, 81, 252, 144
-0.997122, 345, 153, 360, 216
-0.997126, 307, 129, 322, 192
-0.997132, 313, 209, 344, 333
-0.997136, 319, 169, 334, 232
-0.997151, 65, 73, 192, 136
-0.997171, 297, 177, 312, 240
-0.99718, 33, 33, 160, 64
-0.997214, 117, 121, 132, 184
-0.997233, 357, 153, 372, 216
-0.99725, 321, 9, 448, 40
-0.997258, 187, 17, 202, 80
-0.997262, 371, 17, 386, 80
-0.997263, 257, 285, 384, 316
-0.997267, 485, 97, 500, 160
-0.997268, 369, 121, 384, 184
-0.997283, 97, 33, 224, 64
-0.997298, 161, 249, 288, 280
-0.9973, 321, 133, 448, 164
-0.997306, 323, 25, 338, 88
-0.997307, 121, 1, 152, 256
-0.997307, 385, 113, 400, 176
-0.997308, 17, 269, 144, 300
-0.997314, 111, 121, 126, 184
-0.99736, 421, 1, 452, 256
-0.997387, 161, 221, 288, 252
-0.99739, 1, 57, 128, 88
-0.997394, 101, 209, 132, 333
-0.997451, 161, 1, 192, 256
-0.997459, 221, 1, 252, 256
-0.997489, 257, 1, 384, 32
-0.997496, 1, 285, 128, 316
-0.997516, 1, 45, 128, 76
-0.997517, 205, 65, 236, 320
-0.997545, 237, 65, 268, 320
-0.997554, 97, 57, 224, 88
-0.997602, 17, 73, 144, 136
-0.997612, 273, 261, 400, 292
-0.997631, 129, 21, 256, 52
-0.997645, 353, 245, 480, 276
-0.997664, 319, 101, 334, 132
-0.997686, 341, 109, 356, 140
-0.99769, 383, 93, 398, 124
-0.99769, 391, 37, 406, 68
-0.997693, 427, 61, 442, 92
-0.997697, 185, 45, 200, 76
-0.997699, 385, 33, 400, 64
-0.997699, 411, 45, 426, 76
-0.997711, 161, 289, 288, 320
-0.997717, 313, 105, 328, 136
-0.997723, 305, 101, 320, 132
-0.997726, 415, 73, 430, 104
-0.997731, 485, 53, 500, 84
-0.997732, 461, 53, 476, 84
-0.997735, 389, 97, 404, 128
-0.997737, 273, 217, 288, 248
-0.997741, 313, 117, 328, 148
-0.997743, 391, 85, 406, 116
-0.997745, 247, 277, 262, 308
-0.997746, 237, 129, 252, 160
-0.997746, 407, 81, 422, 112
-0.997751, 209, 41, 224, 72
-0.997751, 351, 109, 366, 140
-0.997755, 49, 113, 176, 144
-0.997756, 385, 77, 400, 108
-0.997757, 195, 41, 210, 72
-0.997757, 257, 65, 384, 96
-0.997758, 381, 21, 396, 52
-0.997761, 199, 53, 214, 84
-0.997763, 397, 37, 412, 68
-0.997769, 231, 129, 246, 160
-0.997772, 281, 149, 296, 180
-0.997773, 255, 265, 270, 296
-0.997776, 295, 161, 310, 192
-0.997777, 401, 89, 416, 120
-0.997777, 193, 53, 208, 84
-0.997779, 453, 49, 468, 80
-0.997781, 405, 41, 420, 72
-0.997787, 241, 97, 256, 128
-0.997787, 357, 109, 372, 140
-0.997788, 171, 125, 186, 156
-0.99779, 291, 29, 306, 60
-0.997791, 409, 157, 424, 188
-0.997791, 329, 109, 344, 140
-0.997793, 419, 153, 434, 184
-0.997795, 413, 33, 428, 64
-0.997796, 375, 85, 390, 116
-0.997798, 225, 45, 240, 76
-0.997798, 181, 129, 196, 160
-0.997803, 163, 125, 178, 156
-0.997803, 375, 29, 390, 60
-0.997806, 217, 45, 232, 76
-0.997806, 145, 125, 160, 156
-0.997807, 303, 41, 318, 72
-0.997809, 237, 45, 252, 76
-0.99781, 391, 25, 406, 56
-0.99781, 295, 173, 310, 204
-0.997812, 409, 65, 424, 96
-0.997812, 277, 129, 292, 160
-0.997813, 277, 165, 292, 196
-0.997813, 403, 29, 418, 60
-0.997813, 485, 65, 500, 96
-0.997814, 401, 161, 416, 192
-0.997815, 325, 97, 340, 128
-0.997815, 369, 17, 384, 48
-0.997818, 17, 137, 144, 168
-0.997819, 327, 25, 342, 56
-0.997819, 363, 109, 378, 140
-0.997819, 397, 25, 412, 56
-0.997822, 243, 129, 258, 160
-0.997822, 179, 45, 194, 76
-0.997825, 417, 53, 432, 84
-0.997826, 359, 241, 374, 272
-0.997826, 289, 201, 416, 232
-0.997829, 371, 225, 386, 256
-0.99783, 383, 221, 398, 252
-0.997835, 289, 165, 304, 196
-0.997836, 197, 209, 228, 333
-0.997839, 391, 165, 406, 196
-0.997839, 427, 149, 442, 180
-0.997839, 321, 113, 336, 144
-0.99784, 283, 129, 298, 160
-0.997841, 465, 113, 480, 144
-0.997842, 335, 109, 350, 140
-0.997844, 365, 233, 380, 264
-0.997845, 373, 105, 388, 136
-0.997846, 421, 77, 436, 108
-0.997846, 429, 73, 444, 104
-0.997847, 361, 17, 376, 48
-0.997847, 297, 89, 312, 120
-0.997851, 281, 37, 296, 68
-0.997855, 287, 141, 302, 172
-0.997857, 151, 125, 166, 156
-0.997857, 225, 129, 240, 160
-0.997859, 331, 89, 346, 120
-0.99786, 263, 129, 278, 160
-0.99786, 337, 13, 352, 44
-0.997861, 305, 117, 320, 148
-0.997862, 95, 125, 110, 156
-0.997863, 161, 261, 288, 292
-0.997864, 177, 153, 304, 184
-0.997866, 247, 101, 262, 132
-0.997866, 383, 169, 398, 200
-0.997867, 343, 17, 358, 48
-0.997867, 419, 33, 434, 64
-0.997868, 377, 229, 392, 260
-0.997869, 201, 41, 216, 72
-0.997869, 157, 125, 172, 156
-0.997871, 139, 125, 154, 156
-0.997872, 425, 37, 440, 68
-0.997873, 479, 53, 494, 84
-0.997875, 251, 129, 266, 160
-0.997879, 369, 81, 384, 112
-0.997879, 83, 125, 98, 156
-0.997879, 379, 105, 394, 136
-0.997884, 287, 293, 302, 324
-0.997888, 247, 45, 262, 76
-0.99789, 375, 213, 390, 244
-0.997891, 349, 17, 364, 48
-0.997892, 185, 33, 200, 64
-0.997893, 299, 101, 314, 132
-0.997894, 301, 157, 316, 188
-0.997895, 253, 105, 268, 136
-0.997895, 235, 93, 250, 124
-0.997896, 101, 125, 116, 156
-0.997896, 401, 53, 416, 84
-0.997899, 191, 129, 206, 160
-0.9979, 199, 125, 214, 156
-0.9979, 269, 245, 284, 276
-0.9979, 199, 29, 214, 60
-0.9979, 89, 125, 104, 156
-0.997902, 303, 129, 318, 160
-0.997902, 455, 129, 470, 160
-0.997905, 325, 197, 340, 228
-0.997906, 437, 145, 452, 176
-0.997907, 445, 141, 460, 172
-0.997912, 369, 209, 496, 240
-0.997912, 133, 125, 148, 156
-0.997915, 231, 45, 246, 76
-0.997937, 161, 209, 288, 240
-0.997958, 33, 73, 288, 136
-0.998012, 353, 257, 480, 288
-0.998063, 337, 185, 464, 216
-0.998096, 65, 301, 192, 332
-0.9981, 145, 273, 272, 304
-0.998126, 161, 185, 288, 216
-0.998177, 81, 273, 208, 304
-0.998188, 65, 137, 192, 168
-0.998198, 257, 301, 384, 332
-0.998252, 113, 209, 240, 272
-0.99828, 133, 1, 164, 256
-0.998283, 25, 1, 56, 256
-0.998292, 469, 67, 500, 82
-0.998293, 109, 1, 140, 256
-0.998294, 237, 105, 268, 120
-0.998295, 129, 233, 256, 264
-0.998312, 249, 233, 280, 248
-0.998313, 53, 307, 84, 322
-0.998313, 325, 191, 356, 206
-0.998321, 313, 203, 344, 218
-0.998322, 225, 27, 256, 42
-0.998324, 113, 141, 240, 172
-0.998328, 93, 307, 124, 322
-0.998331, 1, 185, 500, 248
-0.998331, 441, 137, 472, 152
-0.998333, 425, 75, 456, 90
-0.998333, 381, 221, 412, 236
-0.998336, 381, 81, 412, 96
-0.998345, 265, 35, 296, 50
-0.998351, 301, 115, 332, 130
-0.998355, 281, 149, 312, 164
-0.998369, 361, 21, 392, 36
-0.998371, 201, 57, 232, 72
-0.998383, 237, 27, 268, 42
-0.998388, 465, 185, 496, 200
-0.998389, 317, 109, 348, 124
-0.998404, 369, 223, 400, 238
-0.998408, 305, 61, 432, 92
-0.998409, 241, 61, 272, 76
-0.99841, 105, 141, 136, 156
-0.998412, 129, 129, 160, 144
-0.998416, 177, 137, 208, 152
-0.998425, 417, 149, 448, 164
-0.998428, 281, 73, 312, 88
-0.998429, 269, 55, 300, 70
-0.99843, 97, 261, 224, 292
-0.998437, 389, 255, 420, 270
-0.998439, 373, 89, 404, 104
-0.998444, 329, 85, 392, 100
-0.998447, 1, 113, 128, 144
-0.998449, 233, 131, 296, 146
-0.99845, 241, 49, 272, 64
-0.998457, 305, 121, 368, 136
-0.998459, 329, 111, 392, 126
-0.998468, 393, 43, 456, 58
-0.99847, 429, 143, 460, 158
-0.998471, 225, 59, 256, 74
-0.998473, 137, 135, 200, 150
-0.998475, 329, 19, 392, 34
-0.998479, 225, 137, 288, 152
-0.998482, 269, 63, 300, 78
-0.998483, 433, 67, 496, 82
-0.998485, 185, 129, 248, 144
-0.998486, 297, 115, 360, 130
-0.998491, 385, 165, 448, 180
-0.998492, 321, 27, 384, 42
-0.998495, 377, 35, 440, 50
-0.998497, 297, 177, 328, 192
-0.998498, 417, 61, 480, 76
-0.998499, 409, 53, 472, 68
-0.9985, 409, 67, 472, 82
-0.9985, 185, 47, 248, 62
-0.9985, 241, 137, 272, 152
-0.998503, 367, 65, 382, 192
-0.998503, 369, 47, 432, 62
-0.998504, 417, 69, 448, 84
-0.998506, 337, 85, 368, 100
-0.998508, 169, 141, 232, 156
-0.998509, 257, 173, 320, 188
-0.99851, 137, 129, 200, 144
-0.99851, 385, 63, 448, 78
-0.998513, 273, 105, 336, 120
-0.998513, 201, 135, 264, 150
-0.998514, 253, 49, 284, 64
-0.998514, 281, 49, 312, 64
-0.998514, 433, 139, 496, 154
-0.998514, 353, 65, 368, 192
-0.998514, 381, 261, 412, 276
-0.998518, 193, 53, 256, 68
-0.998519, 353, 39, 416, 54
-0.998521, 401, 75, 464, 90
-0.998523, 265, 137, 328, 152
-0.998525, 273, 29, 336, 44
-0.998525, 289, 127, 352, 142
-0.998527, 377, 55, 440, 70
-0.998527, 277, 155, 308, 170
-0.998528, 265, 131, 328, 146
-0.998532, 369, 89, 432, 104
-0.998532, 417, 47, 480, 62
-0.998533, 425, 145, 488, 160
-0.998534, 265, 123, 328, 138
-0.998536, 305, 109, 368, 124
-0.998537, 233, 29, 296, 44
-0.998538, 265, 143, 328, 158
-0.998538, 257, 49, 320, 64
-0.998539, 353, 111, 416, 126
-0.99854, 169, 59, 232, 74
-0.99854, 393, 159, 456, 174
-0.99854, 233, 49, 296, 64
-0.998542, 329, 123, 392, 138
-0.998542, 393, 85, 456, 100
-0.998545, 273, 163, 336, 178
-0.998547, 341, 65, 356, 192
-0.998547, 369, 29, 432, 44
-0.998548, 409, 151, 472, 166
-0.998549, 369, 171, 432, 186
-0.99855, 257, 179, 320, 194
-0.99855, 277, 113, 292, 240
-0.998551, 353, 83, 384, 98
-0.998551, 369, 81, 432, 96
-0.998553, 273, 99, 336, 114
-0.998554, 345, 181, 408, 196
-0.998554, 221, 49, 252, 64
-0.998554, 201, 99, 264, 114
-0.998555, 257, 65, 320, 80
-0.998556, 273, 111, 336, 126
-0.998556, 337, 117, 400, 132
-0.998557, 113, 129, 176, 144
-0.998557, 257, 43, 320, 58
-0.998557, 225, 55, 288, 70
-0.998564, 385, 69, 448, 84
-0.998564, 81, 139, 144, 154
-0.998566, 113, 135, 176, 150
-0.998567, 209, 27, 272, 42
-0.998567, 257, 57, 320, 72
-0.998567, 353, 105, 416, 120
-0.998567, 289, 89, 352, 104
-0.998567, 233, 283, 296, 298
-0.998568, 269, 29, 300, 44
-0.998569, 337, 189, 400, 204
-0.998569, 185, 27, 248, 42
-0.998569, 49, 139, 112, 154
-0.998569, 241, 271, 304, 286
-0.99857, 65, 303, 128, 318
-0.998571, 289, 83, 352, 98
-0.998575, 161, 129, 224, 144
-0.998575, 373, 65, 388, 192
-0.998576, 361, 165, 424, 180
-0.998576, 361, 229, 424, 244
-0.998577, 369, 75, 432, 90
-0.998578, 433, 55, 496, 70
-0.998578, 273, 35, 336, 50
-0.998579, 153, 49, 216, 64
-0.998579, 369, 95, 432, 110
-0.998579, 401, 155, 432, 170
-0.998579, 193, 65, 256, 80
-0.99858, 361, 223, 424, 238
-0.99858, 145, 27, 208, 42
-0.998581, 209, 47, 272, 62
-0.998584, 241, 277, 304, 292
-0.998585, 409, 131, 472, 146
-0.998585, 121, 27, 184, 42
-0.998585, 313, 103, 376, 118
-0.998586, 81, 25, 144, 40
-0.998586, 313, 195, 376, 210
-0.998586, 361, 235, 424, 250
-0.998586, 289, 169, 352, 184
-0.998589, 209, 105, 272, 120
-0.99859, 57, 31, 120, 46
-0.99859, 257, 73, 320, 88
-0.99859, 299, 97, 314, 224
-0.99859, 345, 243, 408, 258
-0.99859, 233, 35, 296, 50
-0.99859, 297, 153, 360, 168
-0.998591, 433, 117, 496, 132
-0.998592, 305, 15, 368, 30
-0.998593, 297, 97, 360, 112
-0.998593, 273, 117, 336, 132
-0.998594, 369, 145, 432, 160
-0.998595, 393, 137, 456, 152
-0.998596, 265, 149, 328, 164
-0.998596, 89, 127, 152, 142
-0.998596, 193, 143, 256, 158
-0.998596, 249, 293, 312, 308
-0.998596, 217, 61, 280, 76
-0.998597, 345, 33, 408, 48
-0.998598, 233, 233, 296, 248
-0.998599, 9, 137, 72, 152
-0.998599, 297, 189, 360, 204
-0.998601, 225, 143, 288, 158
-0.998601, 233, 105, 296, 120
-0.998601, 345, 25, 408, 40
-0.998602, 257, 79, 320, 94
-0.998602, 193, 59, 256, 74
-0.998603, 233, 125, 296, 140
-0.998603, 419, 33, 434, 160
-0.998605, 57, 309, 120, 324
-0.998605, 217, 135, 248, 150
-0.998607, 161, 43, 224, 58
-0.998607, 433, 133, 496, 148
-0.998607, 25, 307, 88, 322
-0.998607, 233, 239, 296, 254
-0.998608, 353, 151, 416, 166
-0.998612, 361, 65, 376, 192
-0.998614, 241, 289, 272, 304
-0.998614, 285, 85, 316, 100
-0.998621, 265, 131, 296, 146
-0.998621, 413, 39, 444, 54
-0.998625, 365, 231, 396, 246
-0.998633, 289, 41, 320, 56
-0.998638, 347, 65, 362, 192
-0.99864, 193, 139, 224, 154
-0.998646, 37, 1, 68, 256
-0.998647, 345, 17, 360, 144
-0.998657, 349, 111, 380, 126
-0.998661, 257, 29, 288, 44
-0.998662, 383, 33, 398, 160
-0.998665, 1, 69, 128, 100
-0.998672, 393, 87, 424, 102
-0.998676, 389, 161, 420, 176
-0.99868, 305, 97, 320, 224
-0.998684, 373, 23, 404, 38
-0.998688, 413, 65, 428, 192
-0.998691, 281, 67, 312, 82
-0.998699, 337, 17, 368, 32
-0.998705, 393, 93, 424, 108
-0.998709, 281, 55, 312, 70
-0.99871, 369, 1, 384, 128
-0.998711, 391, 33, 406, 160
-0.998711, 335, 17, 350, 144
-0.998713, 377, 169, 408, 184
-0.998716, 141, 135, 172, 150
-0.998719, 483, 49, 498, 176
-0.998719, 365, 237, 396, 252
-0.998719, 465, 51, 496, 66
-0.998722, 227, 1, 242, 128
-0.998724, 271, 113, 286, 240
-0.998725, 321, 269, 448, 300
-0.998729, 379, 97, 394, 224
-0.998733, 285, 103, 316, 118
-0.998737, 401, 47, 432, 62
-0.99874, 275, 161, 290, 288
-0.998748, 273, 209, 288, 333
-0.998749, 291, 17, 306, 144
-0.998749, 349, 249, 380, 264
-0.998757, 161, 69, 288, 100
-0.99876, 189, 45, 220, 60
-0.998762, 453, 137, 484, 152
-0.998763, 153, 129, 184, 144
-0.998764, 357, 243, 388, 258
-0.998795, 129, 161, 192, 288
-0.998795, 145, 65, 176, 320
-0.998806, 385, 41, 416, 56
-0.998809, 97, 245, 224, 276
-0.998809, 237, 1, 252, 128
-0.998821, 293, 131, 324, 146
-0.998823, 355, 1, 370, 128
-0.998824, 429, 149, 460, 164
-0.998827, 409, 57, 440, 72
-0.998827, 297, 121, 328, 136
-0.998827, 327, 17, 342, 144
-0.998831, 301, 43, 332, 58
-0.998834, 349, 117, 380, 132
-0.998837, 249, 131, 280, 146
-0.998837, 349, 187, 380, 202
-0.998838, 461, 49, 476, 176
-0.998838, 305, 33, 320, 160
-0.998862, 329, 27, 360, 42
-0.998872, 377, 17, 392, 144
-0.998873, 209, 141, 240, 156
-0.998874, 473, 49, 488, 176
-0.998874, 315, 97, 330, 224
-0.998877, 245, 283, 276, 298
-0.998887, 283, 113, 298, 240
-0.998887, 161, 197, 288, 228
-0.998891, 33, 217, 160, 280
-0.998891, 425, 113, 440, 240
-0.998896, 49, 257, 176, 288
-0.998898, 281, 61, 312, 76
-0.998907, 441, 143, 472, 158
-0.998907, 283, 161, 298, 288
-0.998925, 219, 1, 234, 128
-0.998933, 407, 1, 422, 128
-0.998935, 407, 65, 422, 192
-0.99894, 333, 113, 364, 128
-0.998942, 249, 277, 280, 292
-0.998946, 237, 65, 252, 192
-0.998946, 81, 145, 208, 208
-0.998949, 183, 65, 198, 192
-0.99895, 253, 271, 284, 286
-0.998955, 269, 161, 284, 288
-0.998957, 361, 31, 392, 46
-0.998958, 401, 113, 416, 240
-0.998959, 141, 129, 172, 144
-0.998972, 425, 33, 440, 160
-0.998975, 419, 81, 434, 208
-0.998976, 299, 33, 314, 160
-0.998978, 189, 59, 220, 74
-0.998984, 285, 91, 316, 106
-0.998985, 381, 95, 412, 110
-0.998985, 207, 1, 222, 128
-0.998986, 409, 83, 440, 98
-0.998988, 431, 65, 446, 192
-0.998996, 315, 33, 330, 160
-0.999016, 325, 197, 356, 212
-0.999018, 413, 113, 428, 240
-0.99902, 455, 49, 470, 176
-0.999031, 395, 81, 410, 208
-0.999034, 413, 1, 428, 128
-0.999035, 231, 49, 246, 176
-0.999037, 385, 81, 400, 208
-0.999038, 363, 113, 378, 240
-0.99904, 361, 1, 376, 128
-0.999044, 291, 161, 306, 288
-0.99905, 263, 161, 278, 288
-0.999055, 385, 27, 416, 42
-0.999062, 313, 121, 344, 136
-0.999062, 229, 131, 260, 146
-0.999069, 213, 1, 228, 128
-0.999069, 403, 161, 418, 288
-0.999072, 333, 145, 348, 272
-0.999074, 449, 65, 464, 192
-0.999076, 467, 49, 482, 176
-0.999078, 289, 137, 320, 152
-0.999079, 267, 209, 282, 333
-0.99908, 193, 1, 208, 128
-0.999081, 255, 113, 270, 240
-0.999097, 321, 17, 336, 144
-0.999102, 1, 65, 32, 320
-0.999102, 397, 33, 412, 160
-0.999104, 369, 113, 384, 240
-0.999117, 437, 97, 452, 224
-0.999121, 465, 59, 496, 74
-0.999123, 263, 113, 278, 240
-0.999125, 297, 161, 312, 288
-0.999125, 373, 35, 404, 50
-0.999126, 357, 113, 372, 240
-0.99913, 337, 121, 368, 136
-0.999132, 413, 155, 444, 170
-0.999135, 481, 97, 496, 224
-0.999136, 335, 65, 350, 192
-0.999137, 391, 129, 406, 256
-0.999138, 49, 45, 176, 76
-0.999138, 289, 65, 304, 192
-0.999146, 171, 97, 186, 224
-0.999147, 373, 177, 388, 304
-0.999159, 13, 1, 44, 256
-0.999161, 401, 33, 432, 48
-0.999171, 183, 17, 198, 144
-0.999175, 245, 129, 260, 256
-0.999175, 153, 97, 168, 224
-0.999176, 321, 97, 336, 224
-0.999181, 33, 177, 288, 240
-0.999183, 247, 193, 262, 320
-0.999184, 411, 161, 426, 288
-0.999184, 143, 113, 158, 240
-0.999186, 93, 65, 124, 320
-0.999188, 317, 161, 332, 288
-0.999191, 163, 97, 178, 224
-0.999192, 349, 17, 380, 32
-0.999194, 433, 69, 464, 84
-0.999205, 413, 63, 444, 78
-0.999206, 285, 97, 316, 112
-0.999206, 369, 197, 496, 228
-0.999207, 301, 105, 332, 120
-0.999208, 273, 65, 288, 192
-0.999211, 253, 177, 268, 304
-0.999217, 165, 131, 196, 146
-0.99922, 433, 145, 448, 272
-0.999223, 397, 161, 412, 288
-0.999225, 441, 33, 456, 160
-0.999229, 339, 113, 354, 240
-0.999242, 97, 289, 224, 320
-0.999246, 201, 1, 216, 128
-0.999249, 217, 49, 232, 176
-0.99926, 323, 161, 338, 288
-0.99926, 413, 77, 444, 92
-0.999263, 177, 113, 192, 240
-0.999267, 381, 209, 396, 333
-0.999276, 243, 1, 258, 128
-0.999278, 243, 65, 258, 192
-0.999281, 465, 133, 496, 148
-0.999289, 229, 137, 260, 152
-0.999289, 225, 65, 240, 192
-0.999296, 1, 225, 256, 288
-0.999298, 73, 1, 104, 256
-0.999298, 239, 209, 254, 333
-0.999298, 327, 65, 342, 192
-0.999299, 273, 169, 304, 184
-0.999301, 281, 65, 296, 192
-0.999302, 389, 167, 420, 182
-0.999303, 337, 191, 368, 206
-0.999308, 377, 103, 408, 118
-0.999309, 479, 145, 494, 272
-0.999312, 177, 49, 192, 176
-0.999322, 209, 49, 224, 176
-0.999328, 137, 113, 152, 240
-0.99933, 279, 209, 294, 333
-0.999332, 431, 1, 446, 128
-0.999333, 305, 285, 432, 316
-0.999346, 239, 129, 254, 256
-0.999348, 407, 113, 422, 240
-0.999349, 281, 1, 296, 128
-0.999351, 303, 145, 318, 272
-0.999357, 203, 49, 218, 176
-0.999364, 361, 111, 392, 126
-0.999366, 389, 193, 404, 320
-0.999367, 473, 97, 488, 224
-0.999369, 267, 33, 282, 160
-0.999374, 293, 113, 308, 240
-0.999378, 463, 97, 478, 224
-0.999382, 345, 113, 360, 240
-0.999382, 97, 113, 224, 144
-0.999386, 423, 161, 438, 288
-0.999392, 317, 115, 348, 130
-0.999395, 229, 99, 260, 114
-0.999399, 221, 113, 236, 240
-0.99941, 365, 177, 380, 304
-0.999411, 61, 1, 92, 256
-0.999411, 457, 65, 488, 80
-0.999422, 1, 145, 256, 208
-0.999423, 385, 129, 400, 256
-0.999427, 309, 161, 324, 288
-0.999433, 327, 113, 342, 240
-0.999442, 183, 113, 198, 240
-0.999447, 215, 113, 230, 240
-0.999452, 209, 113, 224, 240
-0.999461, 369, 175, 400, 190
-0.999504, 357, 181, 388, 196
-0.99956, 177, 47, 208, 62
-0.999568, 1, 101, 128, 132
-0.999575, 401, 161, 432, 176
-0.999584, 201, 45, 232, 60
-0.999629, 33, 89, 160, 120
-0.999676, 181, 53, 212, 68
-0.999711, 145, 173, 272, 204
-0.999758, 299, 101, 314, 116
-0.999758, 311, 107, 326, 122
-0.999758, 53, 43, 68, 58
-0.999758, 389, 89, 404, 104
-0.999758, 401, 95, 416, 110
-0.999758, 377, 107, 392, 122
-0.999759, 407, 91, 422, 106
-0.999759, 381, 265, 396, 280
-0.999759, 265, 131, 280, 146
-0.999759, 357, 119, 372, 134
-0.999759, 221, 47, 236, 62
-0.999759, 485, 63, 500, 78
-0.999759, 141, 129, 156, 144
-0.999759, 257, 287, 272, 302
-0.999759, 251, 277, 266, 292
-0.999759, 251, 131, 266, 146
-0.999759, 413, 49, 428, 64
-0.99976, 291, 33, 306, 48
-0.99976, 385, 83, 400, 98
-0.99976, 369, 31, 384, 46
-0.99976, 305, 123, 320, 138
-0.99976, 357, 111, 372, 126
-0.99976, 283, 145, 298, 160
-0.99976, 247, 53, 262, 68
-0.99976, 279, 151, 294, 166
-0.999761, 197, 57, 212, 72
-0.999761, 267, 29, 282, 44
-0.999761, 385, 105, 400, 120
-0.999761, 393, 253, 408, 268
-0.999761, 423, 81, 438, 96
-0.999761, 349, 121, 364, 136
-0.999762, 481, 69, 496, 84
-0.999762, 273, 29, 288, 44
-0.999762, 379, 229, 394, 244
-0.999762, 251, 105, 266, 120
-0.999762, 201, 45, 216, 60
-0.999763, 341, 113, 356, 128
-0.999763, 343, 189, 358, 204
-0.999763, 309, 175, 324, 190
-0.999763, 381, 89, 396, 104
-0.999763, 273, 219, 288, 234
-0.999763, 47, 47, 62, 62
-0.999763, 233, 97, 248, 112
-0.999763, 463, 135, 478, 150
-0.999763, 279, 167, 294, 182
-0.999764, 211, 141, 226, 156
-0.999764, 347, 111, 362, 126
-0.999764, 41, 51, 56, 66
-0.999764, 359, 19, 374, 34
-0.999764, 365, 111, 380, 126
-0.999764, 351, 185, 366, 200
-0.999764, 293, 173, 308, 188
-0.999764, 181, 131, 196, 146
-0.999764, 375, 175, 390, 190
-0.999764, 239, 97, 254, 112
-0.999764, 237, 139, 252, 154
-0.999764, 327, 197, 342, 212
-0.999765, 465, 59, 480, 74
-0.999765, 373, 85, 388, 100
-0.999765, 323, 115, 338, 130
-0.999765, 179, 47, 194, 62
-0.999765, 471, 133, 486, 148
-0.999765, 453, 67, 468, 82
-0.999766, 371, 109, 386, 124
-0.999766, 167, 129, 182, 144
-0.999766, 361, 181, 376, 196
-0.999766, 353, 247, 368, 262
-0.999766, 407, 85, 422, 100
-0.999766, 349, 253, 364, 268
-0.999766, 305, 105, 320, 120
-0.999766, 189, 137, 204, 152
-0.999766, 217, 141, 232, 156
-0.999767, 227, 143, 242, 158
-0.999767, 429, 75, 444, 90
-0.999767, 191, 45, 206, 60
-0.999767, 367, 179, 382, 194
-0.999767, 401, 89, 416, 104
-0.999767, 381, 171, 396, 186
-0.999767, 311, 121, 326, 136
-0.999767, 159, 129, 174, 144
-0.999768, 287, 135, 302, 150
-0.999768, 485, 57, 500, 72
-0.999768, 329, 115, 344, 130
-0.999768, 431, 149, 446, 164
-0.999768, 247, 283, 262, 298
-0.999768, 333, 193, 348, 208
-0.999768, 437, 145, 452, 160
-0.999768, 147, 129, 162, 144
-0.999768, 407, 47, 422, 62
-0.999768, 477, 131, 492, 146
-0.999768, 339, 125, 354, 140
-0.999769, 381, 35, 396, 50
-0.999769, 173, 129, 188, 144
-0.999769, 459, 57, 474, 72
-0.999769, 457, 137, 472, 152
-0.99977, 389, 35, 404, 50
-0.99977, 385, 95, 400, 110
-0.99977, 413, 83, 428, 98
-0.999771, 451, 139, 466, 154
-0.999771, 197, 51, 212, 66
-0.999771, 321, 199, 336, 214
-0.999771, 419, 153, 434, 168
-0.999771, 405, 159, 420, 174
-0.999771, 397, 163, 412, 178
-0.999771, 231, 137, 246, 152
-0.999771, 49, 285, 176, 316
-0.999772, 329, 27, 344, 42
-0.999772, 425, 151, 440, 166
-0.999772, 185, 51, 200, 66
-0.999772, 335, 113, 350, 128
-0.999772, 317, 119, 332, 134
-0.999772, 359, 243, 374, 258
-0.999772, 445, 141, 460, 156
-0.999773, 343, 19, 358, 34
-0.999773, 417, 77, 432, 92
-0.999773, 375, 33, 390, 48
-0.999773, 303, 41, 318, 56
-0.999773, 153, 129, 168, 144
-0.999773, 411, 157, 426, 172
-0.999774, 285, 167, 300, 182
-0.999774, 389, 167, 404, 182
-0.999775, 459, 65, 474, 80
-0.999776, 353, 17, 368, 32
-0.999776, 395, 91, 410, 106
-0.999776, 255, 269, 270, 284
-0.999777, 401, 43, 416, 58
-0.999777, 239, 131, 254, 146
-0.999778, 367, 237, 382, 252
-0.999778, 393, 97, 408, 112
-0.999779, 395, 39, 410, 54
-0.99978, 373, 233, 388, 248
-0.999795, 49, 33, 80, 288
-0.999803, 65, 73, 192, 104
-0.99987, 113, 85, 240, 116
-0.999902, 49, 229, 176, 260
-0.999902, 1, 201, 256, 264
-0.99995, 161, 301, 288, 332
-0.999955, 1, 257, 128, 288
-1.00037, 129, 73, 256, 136
-1.00083, 1, 145, 128, 272
-1.00108, 33, 145, 160, 208
-1.00143, 105, 161, 168, 288
-1.00227, 49, 193, 176, 256
-1.00358, 97, 185, 224, 248
-1.00439, 41, 161, 104, 288
-1.00444, 49, 169, 176, 232
-1.00509, 1, 193, 128, 256
-1.00528, 1, 161, 64, 288
-1.00556, 81, 161, 144, 288
-1.00575, 1, 169, 128, 232
