1945
-0.149526, 1, 1, 500, 375
-0.258559, 1, 65, 500, 320
-0.341368, 129, 1, 384, 375
-0.406749, 257, 1, 500, 375
-0.521361, 33, 1, 288, 375
-0.528866, 97, 65, 352, 320
-0.553553, 257, 65, 500, 320
-0.633353, 1, 129, 256, 375
-0.728404, 1, 33, 256, 288
-0.847485, 145, 1, 272, 375
-0.848892, 225, 1, 352, 375
-0.85259, 241, 65, 368, 320
-0.857131, 1, 129, 500, 256
-0.85788, 321, 65, 448, 320
-0.857982, 113, 65, 240, 320
-0.859303, 305, 1, 432, 375
-0.863636, 17, 97, 144, 352
-0.864799, 161, 129, 288, 375
-0.871171, 161, 1, 288, 256
-0.872191, 97, 1, 224, 375
-0.872968, 353, 1, 480, 375
-0.876445, 65, 129, 192, 375
-0.877933, 1, 33, 500, 160
-0.883649, 1, 81, 500, 208
-0.886254, 1, 177, 500, 304
-0.887721, 1, 225, 500, 352
-0.888581, 17, 1, 144, 375
-0.897635, 369, 65, 496, 320
-0.899702, 97, 177, 352, 304
-0.906904, 257, 81, 500, 208
-0.90781, 97, 81, 352, 208
-0.908571, 1, 161, 256, 288
-0.910262, 129, 17, 384, 144
-0.91166, 17, 1, 144, 256
-0.912204, 225, 129, 480, 256
-0.917572, 97, 129, 352, 256
-0.918914, 1, 113, 256, 240
-0.92067, 129, 241, 384, 368
-0.921023, 225, 145, 352, 272
-0.921845, 225, 17, 480, 144
-0.921935, 193, 193, 448, 320
-0.922324, 17, 145, 144, 272
-0.924105, 113, 161, 176, 288
-0.9243, 353, 65, 480, 192
-0.925237, 177, 1, 304, 128
-0.925387, 65, 33, 192, 288
-0.926116, 273, 161, 336, 288
-0.929276, 273, 161, 400, 288
-0.93057, 129, 81, 192, 208
-0.930635, 97, 161, 224, 288
-0.93344, 1, 209, 256, 336
-0.934486, 209, 209, 336, 336
-0.93472, 145, 209, 208, 336
-0.93505, 273, 97, 400, 224
-0.93561, 97, 97, 224, 224
-0.936457, 161, 193, 288, 320
-0.938147, 321, 113, 384, 240
-0.938451, 217, 193, 280, 320
-0.938688, 73, 113, 136, 240
-0.938936, 233, 129, 296, 256
-0.939462, 257, 209, 320, 336
-0.941006, 33, 97, 160, 224
-0.942397, 321, 161, 448, 288
-0.94311, 273, 33, 400, 160
-0.943688, 257, 113, 320, 240
-0.944127, 241, 33, 304, 160
-0.944597, 225, 97, 352, 224
-0.945397, 97, 209, 224, 336
-0.945423, 129, 49, 256, 176
-0.945503, 417, 65, 480, 192
-0.946025, 225, 33, 352, 160
-0.946392, 321, 113, 448, 240
-0.946428, 153, 49, 216, 176
-0.946479, 1, 113, 64, 240
-0.946686, 321, 17, 448, 144
-0.947633, 177, 81, 304, 208
-0.947904, 321, 161, 384, 288
-0.948394, 281, 113, 344, 240
-0.948465, 41, 129, 104, 256
-0.949193, 169, 1, 232, 128
-0.95072, 105, 209, 168, 336
-0.950841, 361, 81, 424, 208
-0.950952, 105, 97, 168, 224
-0.951063, 265, 65, 328, 192
-0.9512, 289, 209, 352, 336
-0.951614, 257, 209, 384, 336
-0.951661, 297, 161, 360, 288
-0.95247, 177, 129, 304, 256
-0.952575, 201, 1, 264, 128
-0.954274, 1, 49, 256, 176
-0.954374, 329, 17, 392, 144
-0.954414, 33, 1, 288, 128
-0.954475, 169, 177, 232, 304
-0.954767, 129, 1, 256, 128
-0.955062, 209, 113, 272, 240
-0.955153, 193, 177, 256, 304
-0.955635, 145, 241, 272, 368
-0.956432, 289, 65, 352, 192
-0.95759, 49, 193, 176, 320
-0.95811, 289, 169, 352, 232
-0.958164, 265, 137, 328, 200
-0.958444, 137, 129, 200, 256
-0.95858, 209, 65, 272, 192
-0.958961, 185, 1, 248, 64
-0.959945, 177, 97, 240, 224
-0.96009, 225, 145, 288, 208
-0.960805, 81, 177, 144, 304
-0.961169, 313, 209, 376, 336
-0.961528, 377, 17, 440, 144
-0.96161, 225, 241, 480, 368
-0.961796, 113, 169, 176, 232
-0.962433, 305, 209, 432, 336
-0.962516, 265, 233, 328, 296
-0.963251, 33, 153, 160, 216
-0.963637, 369, 17, 496, 144
-0.964, 145, 1, 208, 128
-0.96406, 121, 233, 184, 296
-0.964628, 81, 145, 144, 208
-0.964988, 209, 17, 272, 80
-0.965258, 321, 65, 384, 192
-0.965268, 241, 161, 368, 224
-0.965632, 233, 81, 296, 208
-0.965842, 313, 145, 344, 272
-0.965853, 137, 89, 200, 152
-0.966042, 393, 65, 456, 192
-0.966081, 289, 225, 352, 288
-0.966166, 225, 193, 288, 256
-0.966197, 225, 193, 352, 256
-0.966425, 241, 97, 304, 160
-0.966431, 353, 33, 416, 160
-0.966627, 289, 145, 352, 208
-0.96682, 185, 49, 248, 176
-0.967043, 177, 209, 304, 272
-0.9673, 169, 225, 232, 352
-0.967671, 361, 89, 424, 152
-0.967756, 249, 161, 312, 224
-0.967822, 273, 113, 400, 176
-0.967833, 145, 249, 208, 312
-0.967866, 49, 153, 112, 216
-0.967937, 233, 241, 296, 368
-0.967993, 425, 81, 488, 144
-0.968001, 241, 41, 304, 104
-0.968271, 161, 9, 288, 72
-0.968308, 121, 137, 184, 200
-0.968317, 121, 161, 152, 288
-0.968378, 121, 193, 184, 256
-0.96841, 145, 225, 208, 288
-0.96842, 313, 121, 376, 184
-0.96853, 65, 121, 128, 184
-0.968536, 97, 177, 224, 240
-0.968574, 265, 185, 328, 248
-0.968797, 121, 65, 184, 320
-0.968811, 353, 81, 480, 144
-0.968813, 353, 161, 416, 288
-0.969213, 225, 249, 352, 312
-0.969316, 369, 113, 496, 240
-0.969373, 133, 81, 164, 208
-0.969524, 193, 177, 256, 240
-0.969628, 241, 121, 304, 184
-0.969758, 273, 129, 336, 375
-0.969823, 249, 257, 312, 320
-0.969892, 97, 105, 224, 168
-0.969933, 321, 185, 384, 248
-0.969945, 329, 41, 392, 104
-0.970062, 201, 121, 264, 184
-0.970217, 225, 1, 256, 128
-0.970338, 401, 81, 464, 144
-0.970445, 113, 105, 176, 168
-0.970603, 225, 137, 352, 200
-0.970622, 153, 9, 216, 72
-0.970649, 289, 97, 352, 160
-0.970746, 145, 153, 208, 216
-0.970818, 289, 17, 352, 144
-0.97089, 9, 129, 72, 192
-0.970917, 89, 217, 152, 280
-0.971042, 1, 177, 64, 304
-0.971124, 265, 209, 328, 272
-0.971138, 145, 177, 176, 304
-0.971408, 161, 73, 224, 136
-0.971421, 313, 217, 376, 280
-0.971587, 369, 65, 432, 128
-0.971628, 233, 113, 264, 240
-0.971676, 345, 113, 408, 176
-0.971686, 241, 65, 304, 128
-0.971845, 41, 129, 104, 192
-0.971906, 89, 113, 152, 176
-0.972059, 469, 65, 500, 192
-0.972315, 169, 217, 232, 280
-0.972541, 281, 65, 344, 128
-0.972541, 329, 73, 392, 136
-0.97267, 277, 161, 308, 288
-0.97272, 329, 97, 392, 352
-0.972897, 285, 129, 316, 192
-0.972944, 185, 49, 248, 112
-0.973085, 217, 1, 248, 64
-0.973125, 201, 97, 264, 160
-0.973163, 273, 113, 304, 240
-0.973241, 137, 65, 200, 128
-0.973282, 249, 161, 280, 288
-0.973288, 313, 153, 344, 216
-0.973289, 233, 1, 296, 256
-0.973296, 133, 161, 164, 288
-0.973362, 49, 129, 176, 192
-0.973388, 285, 113, 316, 240
-0.973475, 257, 225, 384, 288
-0.973559, 369, 65, 432, 320
-0.973607, 301, 161, 332, 288
-0.97364, 317, 209, 348, 336
-0.973735, 233, 17, 296, 80
-0.973787, 233, 233, 296, 296
-0.973969, 265, 113, 328, 176
-0.974013, 177, 105, 240, 168
-0.97412, 425, 161, 488, 288
-0.974146, 161, 81, 288, 144
-0.97416, 201, 241, 264, 368
-0.974269, 121, 161, 152, 224
-0.974275, 113, 153, 240, 216
-0.974363, 377, 161, 440, 288
-0.974379, 169, 209, 200, 336
-0.97456, 97, 233, 224, 296
-0.974561, 321, 161, 384, 224
-0.974605, 273, 137, 304, 200
-0.9747, 209, 73, 272, 136
-0.974731, 193, 209, 256, 272
-0.974796, 177, 1, 208, 128
-0.974801, 113, 81, 176, 144
-0.974892, 329, 17, 392, 80
-0.974908, 1, 185, 64, 248
-0.975098, 249, 129, 312, 375
-0.975101, 145, 193, 208, 256
-0.975139, 369, 177, 496, 304
-0.975217, 273, 57, 400, 120
-0.975364, 177, 233, 304, 296
-0.975364, 121, 97, 152, 224
-0.975448, 53, 113, 84, 240
-0.975449, 145, 97, 208, 352
-0.975582, 137, 41, 200, 104
-0.975679, 305, 193, 432, 256
-0.975725, 121, 209, 152, 336
-0.975725, 225, 257, 288, 320
-0.975754, 261, 161, 292, 288
-0.975758, 97, 129, 160, 375
-0.975762, 169, 193, 232, 256
-0.975868, 273, 81, 400, 144
-0.975871, 161, 113, 288, 176
-0.975882, 209, 1, 272, 256
-0.975918, 233, 129, 264, 192
-0.975963, 113, 81, 240, 144
-0.976056, 289, 161, 416, 224
-0.976113, 257, 33, 320, 288
-0.976177, 305, 129, 368, 375
-0.976267, 261, 161, 292, 224
-0.97637, 97, 241, 160, 304
-0.976395, 401, 129, 464, 256
-0.976407, 157, 177, 188, 304
-0.976426, 169, 257, 232, 320
-0.976429, 417, 121, 480, 184
-0.976433, 81, 1, 208, 128
-0.976481, 121, 33, 184, 160
-0.976567, 81, 193, 144, 256
-0.976592, 225, 81, 352, 144
-0.976626, 169, 145, 232, 208
-0.97663, 201, 249, 264, 312
-0.976641, 149, 233, 180, 296
-0.976748, 449, 65, 480, 192
-0.976781, 1, 97, 64, 352
-0.976968, 289, 201, 352, 264
-0.976984, 341, 113, 372, 240
-0.977012, 401, 193, 464, 320
-0.977092, 153, 1, 216, 256
-0.977117, 225, 169, 288, 232
-0.977135, 25, 161, 88, 224
-0.977136, 177, 41, 304, 104
-0.977156, 293, 169, 324, 232
-0.977184, 385, 185, 448, 248
-0.977205, 81, 49, 208, 176
-0.977288, 209, 41, 272, 104
-0.977325, 161, 33, 224, 96
-0.977343, 17, 177, 144, 240
-0.977426, 193, 161, 320, 224
-0.977427, 309, 209, 340, 272
-0.977548, 265, 1, 328, 128
-0.977557, 153, 81, 184, 208
-0.977624, 185, 73, 248, 136
-0.977652, 169, 225, 200, 288
-0.977702, 273, 161, 304, 224
-0.977733, 245, 137, 276, 200
-0.977747, 225, 129, 288, 375
-0.977769, 153, 113, 216, 176
-0.977833, 121, 233, 152, 296
-0.977977, 369, 41, 432, 104
-0.97798, 245, 113, 276, 240
-0.978014, 105, 129, 136, 192
-0.978048, 25, 81, 88, 208
-0.978054, 417, 193, 480, 256
-0.978054, 141, 89, 172, 152
-0.978058, 377, 17, 440, 80
-0.97806, 201, 145, 264, 208
-0.978139, 469, 73, 500, 136
-0.978147, 265, 17, 328, 80
-0.978172, 321, 97, 384, 160
-0.978207, 233, 17, 264, 80
-0.97824, 129, 257, 256, 320
-0.978261, 25, 177, 88, 304
-0.978267, 289, 41, 352, 104
-0.978302, 185, 25, 248, 88
-0.978325, 281, 65, 312, 128
-0.978365, 289, 249, 352, 312
-0.978386, 53, 153, 84, 216
-0.978524, 373, 65, 404, 192
-0.978527, 193, 273, 256, 336
-0.978668, 361, 177, 424, 240
-0.978734, 225, 57, 352, 120
-0.978805, 81, 65, 144, 192
-0.978809, 329, 1, 392, 256
-0.978862, 101, 113, 132, 240
-0.978898, 137, 225, 168, 352
-0.978914, 325, 161, 356, 288
-0.97893, 445, 81, 476, 144
-0.97893, 177, 65, 240, 320
-0.979128, 133, 233, 164, 296
-0.979135, 1, 161, 64, 224
-0.979142, 201, 97, 264, 352
-0.979158, 237, 17, 268, 144
-0.979181, 97, 201, 224, 264
-0.979212, 269, 209, 300, 336
-0.979273, 261, 41, 292, 104
-0.979398, 457, 81, 488, 144
-0.979415, 301, 145, 332, 208
-0.979422, 49, 241, 176, 368
-0.979537, 109, 177, 140, 304
-0.979556, 321, 57, 448, 120
-0.979575, 69, 113, 100, 240
-0.979575, 289, 225, 320, 352
-0.979598, 97, 129, 224, 192
-0.979634, 213, 1, 244, 128
-0.979642, 301, 233, 332, 296
-0.979662, 369, 113, 432, 176
-0.979701, 89, 169, 152, 232
-0.979704, 273, 49, 304, 176
-0.979745, 329, 113, 360, 240
-0.97979, 169, 169, 232, 232
-0.979816, 1, 129, 32, 256
-0.979834, 257, 1, 320, 375
-0.979838, 305, 217, 432, 280
-0.97986, 241, 25, 368, 88
-0.979865, 241, 1, 368, 64
-0.979883, 261, 113, 292, 240
-0.979911, 281, 313, 344, 375
-0.979945, 1, 121, 128, 184
-0.979948, 381, 89, 412, 152
-0.980011, 277, 225, 308, 288
-0.9801, 177, 185, 304, 248
-0.980227, 73, 97, 136, 352
-0.980235, 257, 209, 288, 336
-0.980255, 321, 1, 448, 64
-0.980463, 17, 105, 80, 168
-0.980469, 109, 209, 140, 272
-0.980496, 129, 209, 160, 272
-0.980509, 273, 137, 400, 200
-0.980571, 157, 225, 188, 352
-0.980595, 173, 161, 204, 288
-0.980727, 185, 1, 216, 64
-0.980728, 29, 113, 60, 240
-0.980776, 289, 121, 352, 184
-0.98078, 289, 33, 352, 288
-0.980839, 433, 169, 496, 232
-0.980896, 41, 65, 104, 320
-0.980924, 33, 209, 160, 272
-0.981077, 317, 97, 348, 224
-0.981153, 221, 177, 252, 304
-0.981179, 237, 193, 268, 256
-0.981315, 257, 33, 288, 160
-0.981349, 257, 209, 288, 272
-0.981406, 321, 225, 352, 288
-0.981423, 353, 129, 480, 192
-0.981441, 25, 185, 88, 248
-0.981531, 381, 65, 412, 128
-0.98157, 181, 209, 212, 336
-0.981614, 433, 97, 496, 352
-0.981648, 237, 177, 268, 304
-0.981771, 333, 65, 364, 192
-0.981771, 401, 81, 432, 144
-0.981779, 121, 257, 184, 320
-0.981786, 233, 105, 264, 168
-0.98183, 165, 49, 196, 176
-0.981852, 57, 129, 88, 192
-0.981922, 89, 89, 152, 152
-0.981926, 409, 145, 472, 208
-0.981932, 393, 65, 456, 320
-0.981952, 213, 105, 244, 168
-0.981955, 433, 57, 496, 120
-0.981979, 213, 49, 244, 176
-0.982152, 393, 209, 456, 272
-0.982196, 129, 17, 192, 80
-0.98221, 353, 153, 416, 216
-0.982224, 353, 105, 480, 168
-0.982398, 117, 137, 148, 200
-0.982428, 117, 105, 148, 168
-0.982436, 41, 105, 104, 168
-0.982437, 161, 137, 288, 200
-0.982478, 265, 89, 328, 152
-0.982479, 217, 177, 248, 240
-0.982479, 17, 49, 144, 176
-0.982487, 433, 113, 496, 240
-0.982532, 225, 113, 352, 176
-0.982545, 221, 129, 252, 256
-0.982587, 353, 185, 480, 248
-0.982673, 337, 209, 400, 272
-0.982713, 313, 241, 376, 304
-0.982758, 297, 209, 328, 272
-0.98278, 289, 161, 320, 288
-0.982827, 169, 1, 232, 375
-0.982989, 225, 1, 288, 375
-0.983115, 297, 1, 360, 64
-0.983273, 49, 233, 176, 296
-0.983321, 409, 57, 472, 120
-0.98333, 277, 185, 308, 248
-0.983365, 269, 249, 300, 312
-0.983406, 361, 113, 392, 240
-0.983407, 117, 185, 148, 248
-0.983431, 369, 89, 400, 152
-0.983459, 129, 137, 160, 200
-0.983487, 237, 65, 268, 192
-0.983516, 165, 81, 196, 144
-0.983569, 273, 89, 304, 152
-0.98358, 361, 201, 424, 264
-0.983687, 73, 121, 104, 184
-0.983787, 461, 105, 492, 168
-0.983809, 249, 185, 280, 248
-0.983836, 149, 129, 180, 256
-0.98385, 265, 41, 328, 104
-0.983852, 409, 169, 472, 232
-0.983867, 129, 1, 192, 375
-0.983908, 393, 113, 456, 176
-0.983947, 17, 113, 48, 240
-0.983951, 313, 185, 344, 248
-0.984007, 265, 113, 296, 176
-0.984109, 353, 161, 480, 224
-0.984132, 433, 145, 496, 208
-0.984207, 301, 225, 332, 352
-0.984235, 93, 121, 124, 184
-0.984293, 257, 137, 288, 200
-0.984361, 149, 33, 180, 160
-0.984421, 385, 81, 416, 208
-0.98447, 65, 97, 128, 160
-0.984535, 397, 81, 428, 208
-0.98463, 93, 145, 124, 208
-0.984637, 289, 249, 320, 312
-0.984685, 129, 89, 160, 152
-0.984713, 301, 113, 332, 240
-0.984718, 201, 1, 264, 375
-0.984749, 421, 65, 452, 192
-0.984765, 433, 81, 464, 144
-0.984785, 165, 57, 196, 120
-0.984822, 361, 65, 392, 192
-0.984846, 141, 209, 172, 272
-0.984925, 181, 73, 212, 136
-0.984975, 305, 73, 368, 136
-0.984987, 329, 1, 392, 375
-0.984995, 461, 113, 492, 240
-0.985006, 249, 313, 312, 375
-0.98501, 349, 113, 380, 176
-0.985045, 297, 289, 360, 352
-0.985057, 41, 113, 72, 240
-0.985082, 281, 1, 344, 375
-0.985172, 113, 281, 176, 344
-0.985263, 177, 273, 304, 336
-0.985292, 417, 17, 480, 144
-0.98541, 205, 177, 236, 240
-0.985479, 49, 177, 112, 240
-0.985496, 381, 17, 412, 144
-0.985506, 377, 137, 440, 200
-0.985518, 105, 17, 168, 80
-0.985532, 325, 161, 356, 224
-0.985566, 437, 65, 468, 192
-0.985572, 369, 57, 496, 120
-0.985604, 353, 1, 416, 375
-0.98561, 385, 161, 448, 224
-0.98565, 153, 193, 184, 256
-0.985692, 289, 33, 416, 96
-0.985724, 1, 217, 64, 280
-0.985737, 249, 161, 280, 224
-0.985763, 217, 281, 280, 344
-0.985942, 129, 57, 256, 120
-0.985967, 449, 105, 480, 168
-0.986169, 9, 1, 72, 256
-0.986172, 329, 201, 360, 264
-0.986172, 221, 209, 252, 272
-0.986261, 165, 17, 196, 80
-0.986262, 285, 65, 316, 192
-0.986275, 89, 113, 120, 240
-0.986312, 237, 73, 268, 136
-0.986371, 33, 129, 64, 192
-0.986388, 149, 153, 180, 216
-0.986416, 197, 1, 228, 64
-0.986419, 49, 81, 112, 208
-0.986503, 165, 1, 196, 128
-0.986506, 129, 113, 160, 176
-0.986565, 201, 177, 232, 304
-0.986622, 185, 105, 216, 168
-0.986652, 257, 249, 288, 312
-0.986683, 285, 105, 316, 168
-0.986693, 49, 161, 80, 288
-0.986757, 97, 33, 160, 288
-0.986805, 333, 89, 364, 152
-0.986858, 449, 145, 480, 272
-0.986899, 413, 81, 444, 144
-0.986906, 197, 97, 228, 160
-0.986936, 441, 129, 472, 192
-0.986966, 305, 1, 368, 375
-0.987021, 249, 33, 280, 96
-0.987028, 49, 105, 176, 168
-0.987137, 325, 121, 356, 184
-0.987139, 253, 113, 284, 176
-0.98715, 161, 249, 192, 312
-0.98717, 377, 1, 440, 375
-0.987202, 185, 1, 248, 32
-0.98723, 113, 17, 240, 80
-0.987264, 133, 161, 164, 224
-0.987312, 221, 25, 252, 88
-0.98732, 141, 129, 172, 192
-0.987345, 273, 1, 304, 128
-0.987349, 181, 193, 212, 256
-0.987402, 193, 1, 224, 128
-0.987443, 69, 153, 100, 216
-0.987543, 225, 49, 256, 176
-0.987668, 165, 105, 196, 168
-0.9877, 377, 161, 408, 288
-0.987783, 381, 41, 412, 104
-0.987817, 81, 257, 208, 320
-0.987927, 29, 177, 60, 304
-0.987941, 377, 209, 440, 336
-0.987968, 265, 141, 328, 172
-0.987997, 289, 173, 352, 204
-0.988037, 273, 245, 336, 276
-0.988056, 369, 1, 496, 64
-0.988111, 353, 33, 480, 96
-0.988118, 369, 113, 400, 176
-0.988148, 81, 149, 144, 180
-0.988268, 169, 97, 200, 224
-0.988268, 177, 249, 208, 312
-0.988276, 373, 113, 404, 240
-0.988288, 41, 161, 72, 224
-0.988293, 225, 205, 288, 236
-0.988307, 121, 245, 184, 276
-0.988324, 1, 1, 64, 375
-0.988351, 153, 81, 184, 144
-0.988367, 213, 49, 244, 112
-0.988399, 261, 185, 292, 248
-0.988404, 129, 93, 192, 124
-0.988536, 273, 249, 400, 312
-0.988544, 185, 161, 216, 288
-0.988552, 217, 153, 248, 216
-0.988553, 81, 41, 208, 104
-0.988568, 81, 225, 144, 352
-0.98871, 193, 193, 224, 256
-0.988717, 73, 1, 136, 256
-0.988742, 225, 81, 256, 144
-0.988779, 273, 221, 336, 252
-0.98879, 273, 153, 336, 184
-0.988809, 1, 193, 128, 320
-0.988827, 401, 1, 464, 375
-0.988856, 105, 185, 136, 248
-0.98895, 129, 185, 160, 248
-0.989035, 29, 185, 60, 248
-0.989055, 249, 81, 280, 144
-0.989083, 81, 145, 112, 208
-0.989114, 225, 149, 288, 180
-0.989143, 229, 225, 260, 352
-0.989165, 113, 181, 176, 212
-0.989167, 189, 49, 220, 176
-0.989205, 257, 189, 320, 220
-0.989294, 129, 217, 384, 280
-0.989313, 205, 97, 236, 224
-0.989348, 121, 221, 184, 252
-0.98935, 273, 313, 400, 375
-0.98942, 273, 41, 304, 104
-0.989449, 385, 89, 448, 120
-0.989449, 365, 161, 396, 288
-0.989471, 121, 233, 184, 264
-0.989482, 105, 1, 168, 375
-0.98949, 225, 273, 352, 336
-0.989543, 49, 157, 112, 188
-0.989552, 65, 145, 320, 208
-0.989558, 145, 257, 208, 288
-0.989609, 273, 233, 336, 264
-0.989638, 337, 121, 368, 184
-0.98964, 1, 129, 32, 192
-0.989657, 237, 161, 268, 224
-0.989693, 249, 161, 312, 192
-0.989698, 97, 185, 352, 248
-0.989709, 241, 133, 304, 164
-0.989725, 337, 17, 368, 144
-0.989742, 121, 161, 184, 192
-0.989822, 193, 113, 224, 240
-0.989841, 149, 257, 180, 320
-0.989848, 201, 273, 232, 336
-0.98989, 337, 177, 368, 304
-0.989902, 45, 129, 76, 192
-0.989928, 165, 193, 196, 256
-0.990005, 145, 25, 176, 88
-0.990029, 121, 141, 184, 172
-0.990038, 153, 105, 184, 168
-0.990042, 225, 161, 288, 192
-0.990059, 369, 77, 432, 108
-0.990081, 441, 177, 472, 240
-0.990105, 141, 185, 172, 248
-0.990111, 113, 193, 176, 224
-0.990139, 177, 49, 208, 176
-0.990158, 265, 257, 328, 288
-0.990177, 417, 1, 480, 256
-0.990184, 213, 81, 244, 144
-0.990202, 153, 237, 216, 268
-0.990235, 193, 13, 256, 44
-0.990236, 257, 89, 500, 152
-0.990248, 225, 45, 288, 76
-0.990301, 281, 113, 344, 144
-0.990302, 105, 153, 136, 216
-0.990308, 261, 17, 292, 80
-0.990337, 129, 1, 384, 64
-0.990343, 161, 145, 192, 208
-0.990424, 129, 49, 384, 112
-0.990424, 357, 89, 388, 152
-0.990435, 221, 129, 252, 192
-0.99045, 217, 225, 248, 352
-0.990463, 249, 237, 312, 268
-0.990483, 1, 169, 256, 232
-0.990494, 417, 85, 480, 116
-0.990499, 153, 85, 216, 116
-0.990507, 197, 65, 228, 128
-0.990511, 297, 237, 360, 268
-0.990522, 233, 13, 296, 44
-0.990528, 305, 225, 368, 256
-0.990531, 241, 121, 304, 152
-0.990566, 89, 229, 152, 260
-0.990566, 129, 25, 384, 88
-0.990566, 189, 265, 220, 328
-0.990593, 353, 209, 480, 272
-0.990613, 329, 45, 392, 76
-0.990621, 409, 81, 440, 208
-0.990632, 97, 89, 352, 152
-0.990639, 121, 129, 184, 160
-0.990709, 257, 161, 500, 224
-0.990721, 81, 1, 144, 375
-0.990737, 329, 81, 392, 112
-0.990752, 297, 161, 360, 192
-0.990758, 281, 185, 344, 216
-0.990761, 265, 173, 328, 204
-0.990779, 361, 89, 424, 120
-0.990799, 201, 181, 264, 212
-0.990813, 321, 121, 384, 152
-0.990813, 241, 261, 304, 292
-0.990822, 81, 217, 144, 248
-0.99083, 225, 25, 288, 56
-0.990865, 169, 13, 232, 44
-0.990891, 145, 21, 208, 52
-0.990913, 233, 177, 296, 208
-0.990923, 41, 1, 104, 375
-0.990927, 321, 185, 384, 216
-0.990931, 281, 65, 344, 96
-0.990944, 65, 125, 128, 156
-0.990974, 97, 133, 160, 164
-0.99099, 321, 213, 384, 244
-0.99103, 225, 93, 288, 124
-0.991038, 329, 201, 392, 232
-0.991047, 169, 221, 232, 252
-0.991058, 249, 69, 312, 100
-0.991063, 437, 177, 468, 304
-0.991072, 233, 193, 296, 224
-0.991089, 241, 105, 304, 136
-0.991116, 113, 117, 176, 148
-0.991126, 1, 65, 64, 192
-0.991137, 297, 213, 360, 244
-0.99114, 233, 1, 296, 32
-0.991162, 209, 137, 272, 168
-0.991181, 185, 65, 248, 96
-0.991197, 233, 217, 296, 248
-0.99121, 329, 57, 392, 88
-0.991214, 161, 109, 224, 140
-0.991219, 121, 105, 184, 136
-0.99123, 97, 241, 160, 272
-0.991265, 193, 185, 448, 248
-0.991295, 329, 33, 392, 64
-0.991296, 225, 17, 480, 80
-0.991317, 97, 17, 160, 144
-0.991348, 105, 205, 168, 236
-0.991357, 161, 269, 224, 300
-0.99138, 345, 113, 408, 144
-0.991393, 97, 121, 352, 184
-0.991395, 249, 89, 312, 120
-0.9914, 321, 165, 384, 196
-0.99141, 1, 189, 64, 220
-0.99141, 289, 101, 352, 132
-0.991417, 201, 225, 232, 352
-0.991421, 329, 69, 392, 100
-0.991432, 169, 201, 232, 232
-0.991433, 97, 169, 160, 200
-0.991435, 161, 37, 224, 68
-0.991441, 201, 25, 264, 56
-0.991447, 241, 57, 304, 88
-0.991455, 225, 77, 288, 108
-0.991467, 257, 113, 500, 176
-0.991477, 337, 17, 400, 48
-0.991484, 89, 113, 152, 144
-0.991488, 17, 177, 48, 304
-0.991489, 289, 77, 352, 108
-0.99149, 249, 41, 312, 72
-0.991492, 193, 209, 256, 240
-0.991496, 321, 101, 384, 132
-0.99153, 145, 225, 208, 256
-0.991548, 201, 77, 264, 108
-0.991573, 417, 97, 480, 128
-0.991586, 337, 1, 400, 32
-0.991626, 225, 237, 288, 268
-0.991637, 177, 81, 240, 112
-0.991657, 201, 105, 264, 136
-0.991677, 353, 209, 416, 336
-0.991682, 169, 49, 232, 80
-0.991685, 137, 33, 168, 160
-0.991707, 161, 97, 224, 128
-0.991714, 265, 129, 328, 160
-0.99172, 241, 225, 272, 352
-0.991735, 129, 241, 384, 304
-0.99175, 417, 137, 480, 168
-0.991785, 201, 265, 264, 296
-0.991801, 185, 93, 248, 124
-0.991846, 197, 1, 228, 32
-0.991855, 277, 241, 308, 272
-0.991856, 389, 161, 420, 288
-0.991861, 225, 57, 480, 120
-0.991862, 353, 177, 416, 208
-0.991865, 1, 89, 500, 152
-0.991873, 1, 185, 500, 248
-0.991879, 225, 273, 288, 304
-0.99188, 225, 249, 288, 280
-0.991901, 257, 341, 320, 372
-0.991913, 265, 209, 328, 240
-0.991914, 161, 121, 224, 152
-0.991942, 233, 29, 264, 60
-0.991945, 201, 45, 264, 76
-0.991948, 201, 121, 264, 152
-0.991963, 17, 133, 80, 164
-0.991965, 201, 149, 264, 180
-0.99198, 5, 177, 36, 304
-0.991981, 129, 265, 384, 328
-0.991983, 137, 189, 200, 220
-0.991988, 153, 73, 216, 104
-0.991989, 145, 173, 208, 204
-0.992001, 137, 89, 168, 120
-0.992005, 25, 185, 88, 216
-0.99201, 289, 201, 352, 232
-0.992037, 145, 161, 208, 192
-0.99204, 201, 281, 264, 312
-0.99205, 129, 81, 192, 112
-0.992059, 145, 141, 208, 172
-0.992072, 221, 5, 252, 36
-0.992078, 65, 81, 192, 144
-0.99208, 309, 157, 340, 188
-0.992087, 369, 101, 432, 132
-0.99209, 73, 181, 136, 212
-0.992266, 193, 137, 448, 200
-0.992275, 281, 133, 312, 164
-0.992306, 161, 161, 416, 224
-0.992352, 257, 209, 500, 272
-0.992362, 297, 65, 328, 192
-0.99239, 125, 165, 156, 196
-0.99242, 1, 193, 256, 256
-0.992434, 33, 233, 288, 296
-0.992439, 281, 161, 312, 192
-0.992441, 309, 213, 340, 244
-0.992465, 257, 161, 288, 192
-0.992478, 1, 217, 500, 280
-0.992499, 249, 141, 280, 172
-0.992513, 149, 253, 180, 284
-0.992516, 273, 149, 304, 180
-0.99253, 425, 1, 488, 375
-0.992549, 269, 257, 300, 288
-0.992574, 145, 233, 176, 264
-0.992601, 109, 149, 140, 180
-0.992603, 1, 153, 500, 216
-0.992611, 1, 113, 256, 176
-0.992653, 301, 237, 332, 268
-0.992681, 421, 85, 452, 116
-0.992686, 137, 245, 168, 276
-0.992732, 261, 149, 292, 180
-0.992751, 281, 65, 312, 96
-0.992779, 181, 113, 212, 240
-0.992782, 125, 233, 156, 264
-0.992786, 53, 157, 84, 188
-0.992798, 249, 197, 280, 228
-0.992802, 465, 105, 496, 136
-0.992812, 221, 17, 252, 48
-0.992827, 369, 109, 400, 140
-0.992851, 233, 133, 264, 164
-0.992855, 257, 41, 288, 72
-0.992857, 113, 229, 144, 260
-0.992865, 261, 181, 292, 212
-0.992867, 117, 137, 148, 168
-0.992868, 209, 1, 240, 32
-0.992891, 1, 65, 500, 128
-0.992936, 269, 161, 300, 192
-0.992939, 301, 145, 332, 176
-0.992947, 393, 89, 424, 120
-0.992962, 165, 249, 196, 280
-0.992963, 433, 129, 464, 256
-0.992974, 229, 145, 260, 176
-0.992977, 273, 177, 304, 208
-0.992977, 129, 217, 160, 248
-0.993006, 169, 225, 200, 256
-0.993017, 293, 177, 324, 208
-0.993041, 117, 181, 148, 212
-0.993049, 109, 217, 140, 248
-0.993049, 317, 233, 348, 264
-0.993071, 289, 145, 320, 176
-0.993085, 161, 85, 192, 116
-0.993085, 233, 17, 264, 48
-0.993087, 433, 85, 464, 116
-0.993097, 409, 85, 440, 116
-0.993101, 325, 217, 356, 248
-0.993109, 237, 201, 268, 232
-0.993137, 317, 169, 348, 200
-0.993142, 297, 225, 328, 256
-0.993158, 213, 101, 244, 132
-0.99317, 233, 97, 264, 128
-0.993191, 373, 89, 404, 120
-0.99321, 217, 177, 248, 208
-0.99324, 229, 41, 260, 72
-0.993252, 229, 113, 260, 144
-0.993259, 245, 153, 276, 184
-0.993276, 241, 189, 368, 220
-0.993286, 321, 205, 352, 236
-0.993311, 177, 77, 208, 108
-0.993324, 441, 101, 472, 132
-0.993326, 117, 197, 148, 228
-0.99334, 377, 77, 408, 108
-0.99334, 233, 77, 264, 108
-0.993342, 185, 1, 216, 32
-0.993352, 273, 121, 304, 152
-0.993352, 289, 245, 320, 276
-0.993353, 265, 137, 296, 168
-0.993382, 145, 185, 176, 216
-0.993386, 245, 41, 276, 72
-0.993387, 221, 209, 252, 240
-0.993394, 165, 237, 196, 268
-0.993398, 33, 153, 160, 184
-0.993401, 129, 153, 160, 184
-0.993403, 117, 113, 148, 144
-0.993404, 193, 305, 320, 368
-0.993431, 93, 149, 124, 180
-0.993447, 257, 261, 288, 292
-0.993449, 165, 97, 196, 128
-0.993483, 105, 129, 136, 160
-0.993484, 129, 133, 160, 164
-0.993488, 321, 181, 352, 212
-0.993489, 269, 197, 300, 228
-0.993499, 269, 109, 300, 140
-0.993516, 305, 169, 336, 200
-0.993518, 385, 101, 416, 132
-0.993525, 321, 193, 352, 224
-0.993533, 453, 81, 484, 112
-0.993535, 293, 133, 324, 164
-0.993536, 289, 121, 320, 152
-0.99354, 245, 269, 276, 300
-0.993576, 293, 157, 324, 188
-0.993579, 277, 229, 308, 260
-0.9936, 157, 29, 188, 60
-0.993611, 1, 97, 128, 160
-0.993612, 225, 233, 480, 296
-0.993615, 29, 189, 60, 220
-0.993623, 189, 109, 220, 140
-0.993624, 277, 93, 308, 124
-0.993627, 445, 133, 476, 164
-0.993637, 349, 65, 380, 192
-0.993655, 201, 105, 232, 136
-0.993686, 309, 201, 340, 232
-0.993698, 185, 89, 216, 120
-0.993706, 257, 217, 288, 248
-0.993721, 81, 153, 112, 184
-0.993724, 149, 141, 180, 172
-0.993738, 181, 265, 212, 296
-0.993739, 205, 201, 236, 232
-0.993739, 381, 65, 412, 96
-0.99374, 97, 189, 224, 220
-0.993741, 353, 121, 384, 152
-0.993753, 125, 245, 156, 276
-0.993763, 333, 205, 364, 236
-0.993769, 105, 205, 136, 236
-0.993787, 165, 261, 196, 292
-0.993791, 301, 249, 332, 280
-0.993804, 329, 121, 360, 152
-0.99382, 245, 29, 276, 60
-0.993821, 177, 101, 208, 132
-0.993827, 245, 129, 276, 160
-0.993834, 213, 113, 244, 144
-0.993845, 341, 121, 372, 152
-0.993846, 269, 61, 300, 92
-0.993852, 21, 133, 52, 164
-0.993853, 261, 121, 292, 152
-0.993854, 213, 33, 244, 64
-0.993857, 125, 93, 156, 124
-0.99386, 65, 153, 96, 184
-0.993868, 169, 37, 200, 68
-0.99387, 213, 61, 244, 92
-0.99387, 281, 337, 312, 368
-0.993898, 273, 281, 400, 344
-0.993914, 313, 209, 328, 272
-0.993932, 241, 169, 368, 200
-0.993936, 129, 281, 256, 344
-0.993973, 1, 257, 256, 320
-0.994016, 1, 113, 500, 176
-0.994025, 229, 1, 244, 64
-0.994171, 177, 5, 304, 36
-0.994198, 225, 229, 352, 260
-0.994224, 289, 113, 304, 176
-0.99428, 145, 25, 272, 56
-0.994363, 201, 49, 232, 176
-0.994377, 1, 241, 500, 304
-0.994406, 315, 145, 330, 208
-0.99441, 273, 117, 400, 148
-0.994439, 1, 25, 256, 88
-0.994486, 17, 181, 144, 212
-0.994511, 209, 149, 336, 180
-0.994558, 171, 225, 186, 288
-0.994561, 65, 161, 96, 288
-0.99463, 33, 265, 160, 328
-0.994647, 237, 9, 252, 72
-0.994658, 177, 209, 304, 240
-0.994658, 1, 241, 128, 368
-0.994676, 131, 145, 146, 208
-0.994683, 459, 81, 474, 144
-0.994696, 225, 205, 352, 236
-0.99471, 135, 233, 150, 296
-0.994743, 275, 161, 290, 224
-0.994748, 121, 169, 136, 232
-0.994766, 225, 257, 480, 320
-0.994784, 177, 249, 304, 280
-0.994788, 273, 73, 400, 104
-0.994795, 257, 157, 384, 188
-0.994819, 129, 225, 144, 288
-0.994819, 113, 161, 240, 192
-0.994832, 1, 49, 256, 112
-0.994842, 57, 65, 88, 192
-0.994855, 177, 185, 304, 216
-0.994867, 53, 153, 68, 216
-0.994899, 269, 153, 284, 216
-0.994908, 161, 41, 288, 72
-0.994916, 163, 233, 178, 296
-0.994926, 263, 145, 278, 208
-0.994931, 33, 65, 64, 192
-0.994932, 225, 241, 352, 272
-0.994941, 97, 177, 224, 208
-0.994946, 283, 145, 298, 208
-0.994948, 461, 17, 492, 144
-0.994955, 257, 137, 272, 200
-0.994974, 117, 129, 132, 192
-0.994999, 243, 17, 258, 80
-0.995011, 33, 169, 160, 200
-0.995014, 97, 201, 224, 232
-0.995037, 1, 41, 500, 104
-0.995043, 277, 233, 292, 296
-0.995047, 117, 49, 148, 176
-0.995054, 113, 97, 240, 128
-0.995054, 1, 89, 256, 152
-0.995071, 469, 81, 484, 144
-0.995075, 353, 161, 384, 288
-0.995075, 247, 129, 262, 192
-0.995082, 65, 289, 192, 352
-0.995094, 137, 65, 168, 320
-0.995095, 97, 113, 224, 144
-0.995104, 129, 289, 384, 352
-0.995134, 309, 129, 340, 375
-0.995149, 305, 181, 432, 212
-0.995151, 425, 193, 456, 320
-0.995151, 113, 233, 240, 264
-0.995153, 225, 253, 352, 284
-0.995165, 17, 129, 144, 160
-0.995194, 369, 17, 400, 144
-0.995199, 241, 217, 368, 248
-0.995224, 125, 137, 140, 200
-0.995228, 125, 129, 156, 375
-0.995228, 321, 153, 336, 216
-0.995247, 257, 313, 500, 375
-0.995249, 195, 1, 210, 64
-0.995272, 307, 209, 322, 272
-0.995273, 327, 161, 342, 224
-0.995273, 217, 1, 232, 64
-0.995281, 123, 217, 138, 280
-0.99529, 483, 73, 498, 136
-0.995295, 323, 225, 338, 288
-0.995297, 97, 313, 352, 375
-0.995298, 223, 1, 238, 64
-0.995301, 1, 265, 500, 328
-0.995302, 369, 85, 496, 116
-0.995305, 225, 265, 352, 296
-0.995322, 81, 149, 208, 180
-0.995329, 381, 89, 396, 152
-0.995345, 113, 221, 240, 252
-0.99535, 273, 57, 400, 88
-0.995368, 1, 17, 500, 80
-0.995372, 449, 81, 464, 144
-0.995377, 295, 129, 310, 192
-0.995383, 129, 85, 256, 116
-0.995422, 305, 209, 432, 240
-0.995426, 141, 209, 156, 272
-0.995428, 333, 169, 348, 232
-0.995429, 273, 85, 400, 116
-0.995445, 97, 257, 224, 288
-0.995446, 309, 145, 324, 208
-0.99545, 161, 73, 288, 104
-0.99545, 193, 121, 320, 152
-0.995459, 273, 241, 400, 272
-0.995466, 241, 89, 256, 152
-0.995466, 149, 233, 164, 296
-0.995486, 321, 77, 448, 108
-0.995494, 177, 221, 304, 252
-0.9955, 315, 233, 330, 296
-0.995501, 241, 37, 368, 68
-0.995508, 273, 105, 400, 136
-0.99556, 283, 121, 298, 184
-0.995567, 303, 137, 318, 200
-0.99557, 321, 89, 448, 120
-0.995571, 225, 13, 352, 44
-0.995572, 117, 209, 132, 272
-0.995573, 477, 73, 492, 136
-0.995578, 397, 33, 428, 160
-0.99559, 1, 1, 256, 64
-0.995612, 237, 113, 252, 176
-0.99562, 273, 229, 400, 260
-0.995622, 331, 209, 346, 272
-0.995648, 129, 269, 256, 300
-0.995649, 225, 77, 352, 108
-0.995661, 129, 9, 256, 40
-0.995662, 449, 17, 480, 144
-0.995666, 65, 17, 192, 80
-0.995672, 289, 137, 304, 200
-0.995676, 157, 225, 172, 288
-0.99568, 289, 65, 304, 128
-0.995685, 141, 89, 156, 152
-0.995694, 305, 169, 432, 200
-0.995695, 57, 129, 72, 192
-0.995697, 297, 129, 328, 375
-0.99573, 353, 189, 480, 220
-0.995731, 65, 245, 192, 276
-0.995746, 141, 241, 156, 304
-0.995762, 369, 97, 496, 128
-0.995764, 285, 65, 316, 320
-0.995781, 65, 129, 80, 192
-0.995789, 193, 165, 320, 196
-0.995792, 65, 229, 192, 260
-0.995801, 383, 65, 398, 128
-0.995801, 99, 121, 114, 184
-0.995813, 471, 105, 486, 168
-0.995817, 225, 89, 352, 120
-0.995833, 193, 133, 320, 164
-0.995836, 161, 53, 288, 84
-0.995837, 387, 89, 402, 152
-0.995837, 225, 101, 352, 132
-0.995873, 307, 169, 322, 232
-0.995879, 275, 137, 290, 200
-0.995884, 257, 1, 288, 256
-0.99589, 105, 121, 120, 184
-0.99589, 319, 193, 334, 256
-0.995898, 405, 161, 436, 288
-0.995902, 183, 1, 198, 64
-0.995914, 375, 81, 390, 144
-0.995926, 253, 25, 268, 88
-0.99593, 129, 145, 256, 176
-0.995933, 357, 17, 388, 144
-0.995943, 123, 113, 138, 176
-0.995944, 305, 241, 320, 304
-0.995947, 413, 209, 444, 336
-0.995967, 271, 201, 286, 264
-0.99597, 111, 129, 126, 192
-0.995975, 271, 249, 286, 312
-0.995977, 263, 169, 278, 232
-0.99601, 241, 25, 368, 56
-0.996013, 321, 9, 448, 40
-0.996015, 281, 57, 296, 120
-0.996025, 177, 109, 304, 140
-0.996029, 461, 105, 476, 168
-0.996039, 295, 153, 310, 216
-0.996046, 177, 81, 192, 144
-0.996055, 97, 193, 128, 320
-0.996057, 211, 1, 226, 64
-0.996057, 253, 193, 268, 256
-0.99607, 241, 137, 368, 168
-0.996077, 305, 193, 432, 224
-0.996079, 393, 97, 408, 160
-0.99611, 41, 225, 104, 352
-0.996123, 235, 185, 250, 248
-0.996125, 149, 65, 180, 320
-0.996127, 33, 205, 160, 236
-0.996133, 369, 69, 496, 100
-0.996138, 233, 1, 264, 256
-0.996146, 97, 133, 224, 164
-0.996149, 95, 145, 110, 208
-0.996159, 189, 1, 204, 64
-0.996163, 155, 249, 170, 312
-0.996173, 233, 97, 264, 352
-0.99619, 85, 65, 116, 192
-0.996191, 177, 89, 304, 120
-0.996193, 183, 81, 198, 144
-0.996196, 113, 245, 240, 276
-0.996203, 113, 129, 144, 375
-0.996242, 177, 237, 304, 268
-0.996252, 157, 81, 172, 144
-0.996258, 17, 193, 144, 224
-0.996265, 381, 33, 412, 288
-0.996269, 149, 81, 164, 144
-0.996273, 133, 97, 148, 160
-0.99628, 443, 81, 458, 144
-0.99628, 205, 97, 220, 160
-0.99629, 251, 153, 266, 216
-0.996291, 71, 129, 86, 192
-0.996315, 1, 81, 32, 208
-0.99632, 65, 217, 192, 248
-0.996321, 337, 97, 368, 352
-0.996326, 217, 1, 248, 256
-0.996334, 353, 109, 480, 140
-0.996338, 295, 105, 310, 168
-0.99636, 177, 197, 304, 228
-0.99636, 177, 261, 304, 292
-0.996369, 85, 121, 100, 184
-0.996383, 273, 65, 304, 320
-0.996389, 93, 121, 108, 184
-0.996393, 257, 1, 384, 32
-0.996398, 243, 201, 258, 264
-0.996401, 245, 1, 276, 256
-0.996414, 177, 217, 192, 280
-0.996421, 225, 65, 352, 96
-0.99644, 81, 313, 208, 375
-0.996447, 403, 81, 418, 144
-0.996448, 321, 65, 448, 96
-0.996461, 289, 21, 416, 52
-0.996474, 145, 133, 272, 164
-0.996475, 261, 97, 292, 352
-0.996483, 277, 185, 292, 248
-0.996485, 101, 65, 132, 192
-0.996503, 353, 177, 480, 208
-0.996513, 209, 177, 224, 240
-0.996518, 353, 165, 480, 196
-0.99652, 289, 37, 416, 68
-0.996525, 137, 161, 152, 224
-0.99653, 33, 281, 288, 344
-0.996556, 69, 65, 100, 192
-0.996561, 225, 49, 352, 80
-0.996584, 289, 145, 416, 176
-0.996591, 49, 117, 176, 148
-0.996594, 321, 121, 448, 152
-0.996599, 179, 193, 194, 256
-0.996604, 169, 249, 184, 312
-0.996608, 145, 121, 272, 152
-0.996611, 263, 41, 278, 104
-0.996614, 227, 145, 242, 208
-0.996624, 167, 81, 182, 144
-0.996624, 25, 97, 56, 352
-0.996626, 219, 177, 234, 240
-0.996637, 1, 97, 32, 352
-0.996642, 289, 17, 320, 144
-0.996647, 231, 97, 246, 160
-0.996652, 115, 185, 130, 248
-0.996668, 299, 241, 314, 304
-0.996673, 389, 9, 404, 72
-0.996677, 289, 169, 304, 232
-0.996679, 177, 277, 304, 308
-0.99669, 241, 177, 256, 240
-0.996697, 145, 173, 272, 204
-0.996698, 361, 113, 376, 176
-0.996711, 189, 105, 204, 168
-0.996711, 45, 129, 60, 192
-0.996713, 369, 33, 400, 288
-0.996724, 245, 97, 276, 352
-0.996724, 321, 53, 448, 84
-0.996729, 287, 89, 302, 152
-0.996739, 431, 81, 446, 144
-0.99674, 147, 177, 162, 240
-0.996748, 213, 97, 228, 160
-0.996749, 253, 113, 268, 176
-0.996749, 155, 169, 170, 232
-0.996757, 257, 289, 500, 352
-0.99677, 301, 217, 316, 280
-0.996776, 279, 97, 294, 160
-0.996787, 353, 137, 480, 168
-0.996796, 305, 157, 432, 188
-0.996807, 165, 129, 196, 375
-0.996811, 325, 97, 356, 352
-0.996821, 273, 253, 400, 284
-0.996833, 193, 29, 320, 60
-0.99684, 61, 153, 76, 216
-0.996843, 67, 153, 82, 216
-0.996859, 335, 81, 350, 144
-0.99686, 301, 65, 316, 128
-0.996864, 461, 153, 476, 216
-0.996864, 81, 85, 208, 116
-0.996867, 257, 161, 272, 224
-0.996875, 247, 73, 262, 136
-0.996903, 449, 97, 480, 352
-0.996904, 1, 313, 256, 375
-0.996908, 321, 221, 448, 252
-0.996916, 13, 97, 44, 352
-0.996917, 369, 1, 496, 32
-0.996952, 369, 125, 496, 156
-0.996965, 353, 225, 480, 352
-0.996997, 369, 149, 496, 180
-0.997025, 209, 345, 336, 375
-0.997037, 17, 217, 144, 248
-0.997039, 353, 201, 480, 232
-0.997127, 109, 225, 140, 352
-0.997141, 401, 209, 432, 336
-0.997147, 81, 45, 208, 76
-0.997166, 289, 133, 416, 164
-0.997192, 81, 29, 208, 60
-0.997223, 177, 129, 208, 375
-0.997231, 17, 73, 144, 136
-0.997236, 353, 41, 480, 72
-0.997262, 221, 97, 252, 352
-0.997276, 225, 277, 352, 308
-0.997277, 161, 1, 192, 256
-0.997287, 353, 25, 480, 56
-0.997287, 273, 333, 400, 364
-0.997318, 49, 97, 176, 128
-0.99734, 1, 289, 500, 352
-0.997376, 113, 69, 240, 100
-0.997404, 221, 1, 236, 32
-0.997405, 205, 1, 236, 256
-0.997422, 17, 229, 144, 260
-0.997447, 33, 141, 160, 172
-0.997508, 323, 225, 338, 256
-0.997534, 437, 65, 468, 320
-0.997539, 369, 13, 496, 44
-0.997551, 129, 281, 256, 312
-0.99757, 337, 1, 368, 256
-0.997572, 81, 57, 208, 88
-0.997589, 263, 149, 278, 180
-0.997595, 241, 21, 256, 52
-0.997595, 349, 97, 380, 352
-0.997628, 231, 9, 246, 40
-0.997632, 1, 313, 500, 375
-0.997634, 281, 241, 296, 272
-0.997645, 137, 237, 152, 268
-0.997658, 317, 233, 332, 264
-0.997664, 285, 125, 300, 156
-0.997667, 131, 229, 146, 260
-0.997669, 437, 17, 468, 144
-0.997673, 129, 161, 144, 192
-0.997676, 177, 1, 208, 256
-0.997701, 369, 57, 496, 88
-0.997706, 315, 149, 330, 180
-0.997726, 269, 157, 284, 188
-0.997729, 97, 97, 128, 352
-0.99773, 161, 241, 176, 272
-0.997736, 273, 321, 400, 352
-0.997744, 141, 89, 156, 120
-0.997758, 197, 1, 212, 32
-0.997772, 369, 213, 496, 244
-0.997773, 261, 197, 276, 228
-0.997785, 393, 65, 424, 320
-0.997787, 275, 165, 290, 196
-0.997792, 81, 17, 208, 48
-0.9978, 257, 141, 272, 172
-0.997803, 309, 221, 324, 252
-0.997808, 161, 253, 176, 284
-0.997818, 315, 209, 330, 240
-0.997823, 125, 33, 156, 288
-0.997825, 123, 137, 138, 168
-0.997825, 49, 65, 80, 320
-0.997834, 77, 161, 108, 288
-0.99784, 329, 217, 344, 248
-0.99787, 461, 65, 492, 320
-0.997879, 293, 69, 308, 100
-0.997886, 247, 33, 262, 64
-0.997895, 209, 97, 240, 352
-0.997908, 275, 249, 290, 280
-0.997909, 247, 21, 262, 52
-0.99791, 279, 177, 294, 208
-0.997919, 269, 257, 284, 288
-0.997919, 177, 333, 304, 364
-0.997928, 33, 85, 160, 116
-0.99794, 293, 133, 308, 164
-0.997948, 409, 65, 440, 320
-0.997959, 237, 9, 252, 40
-0.99797, 167, 249, 182, 280
-0.997971, 257, 345, 384, 375
-0.997975, 121, 173, 136, 204
-0.997983, 291, 117, 306, 148
-0.997985, 251, 133, 266, 164
-0.997991, 185, 5, 248, 20
-0.997992, 469, 105, 484, 136
-0.997996, 381, 105, 396, 136
-0.997997, 255, 193, 270, 224
-0.997997, 239, 93, 254, 124
-0.998001, 267, 209, 282, 240
-0.998005, 325, 157, 340, 188
-0.998009, 437, 85, 452, 116
-0.998011, 305, 169, 320, 200
-0.998012, 145, 245, 160, 276
-0.998014, 303, 229, 318, 260
-0.998017, 309, 241, 324, 272
-0.998024, 391, 93, 406, 124
-0.998029, 193, 321, 320, 352
-0.998035, 53, 161, 68, 192
-0.998037, 281, 61, 296, 92
-0.998048, 169, 229, 184, 260
-0.998052, 289, 273, 416, 304
-0.998054, 125, 221, 140, 252
-0.998055, 203, 1, 218, 32
-0.99806, 431, 85, 446, 116
-0.998075, 145, 313, 272, 375
-0.998082, 381, 81, 396, 112
-0.998082, 81, 1, 208, 32
-0.998092, 237, 33, 252, 64
-0.998094, 239, 125, 254, 156
-0.998097, 81, 151, 144, 166
-0.998105, 299, 133, 314, 164
-0.998108, 121, 235, 184, 250
-0.998109, 421, 85, 436, 116
-0.99811, 117, 129, 132, 160
-0.998114, 123, 149, 138, 180
-0.998116, 269, 173, 284, 204
-0.998123, 233, 109, 248, 140
-0.998132, 155, 253, 170, 284
-0.998133, 285, 157, 300, 188
-0.998137, 271, 185, 286, 216
-0.998145, 237, 73, 252, 104
-0.998145, 397, 89, 412, 120
-0.998159, 119, 185, 134, 216
-0.998167, 273, 153, 336, 168
-0.998178, 331, 165, 346, 196
-0.998184, 121, 249, 184, 264
-0.998185, 105, 187, 168, 202
-0.998187, 149, 85, 164, 116
-0.998189, 305, 141, 320, 172
-0.99819, 447, 85, 462, 116
-0.998201, 379, 93, 394, 124
-0.998202, 265, 255, 328, 270
-0.998204, 275, 149, 290, 180
-0.998208, 119, 221, 134, 252
-0.998209, 233, 137, 248, 168
-0.99822, 261, 41, 276, 72
-0.998222, 181, 73, 196, 104
-0.998226, 361, 129, 392, 375
-0.998229, 197, 129, 228, 375
-0.998234, 253, 29, 268, 60
-0.998241, 299, 249, 314, 280
-0.998247, 333, 205, 348, 236
-0.998248, 177, 93, 192, 124
-0.998255, 455, 105, 470, 136
-0.998257, 237, 205, 252, 236
-0.998262, 185, 101, 200, 132
-0.998265, 273, 247, 336, 262
-0.998266, 241, 143, 304, 158
-0.998267, 225, 209, 288, 224
-0.998268, 289, 175, 352, 190
-0.998272, 121, 229, 184, 244
-0.998273, 273, 241, 336, 256
-0.998276, 129, 149, 144, 180
-0.998278, 287, 145, 302, 176
-0.998279, 175, 221, 190, 252
-0.99828, 37, 129, 68, 375
-0.998281, 385, 93, 400, 124
-0.998282, 279, 137, 294, 168
-0.998282, 225, 155, 288, 170
-0.998282, 245, 133, 260, 164
-0.998283, 257, 165, 320, 180
-0.998284, 333, 177, 348, 208
-0.998289, 245, 201, 260, 232
-0.998298, 121, 241, 184, 256
-0.998311, 291, 253, 306, 284
-0.998312, 191, 1, 206, 32
-0.998313, 289, 183, 352, 198
-0.998314, 299, 65, 314, 96
-0.99832, 273, 225, 336, 240
-0.998323, 271, 45, 286, 76
-0.998325, 161, 137, 176, 168
-0.998326, 135, 157, 150, 188
-0.998328, 147, 181, 162, 212
-0.998329, 185, 5, 200, 36
-0.998329, 243, 73, 258, 104
-0.998329, 157, 229, 172, 260
-0.998332, 273, 235, 336, 250
-0.998334, 125, 233, 140, 264
-0.998336, 85, 65, 116, 320
-0.998336, 121, 255, 184, 270
-0.998336, 297, 181, 312, 212
-0.99834, 245, 93, 260, 124
-0.998341, 191, 109, 206, 140
-0.998342, 145, 221, 160, 252
-0.998342, 407, 89, 422, 120
-0.998346, 211, 1, 226, 32
-0.998347, 181, 221, 196, 252
-0.998355, 129, 95, 192, 110
-0.998359, 281, 113, 296, 144
-0.998368, 95, 153, 110, 184
-0.998374, 293, 169, 308, 200
-0.998375, 221, 169, 236, 200
-0.998375, 369, 83, 432, 98
-0.998379, 113, 193, 176, 208
-0.99838, 301, 153, 316, 184
-0.998385, 185, 85, 200, 116
-0.998389, 413, 85, 428, 116
-0.99839, 265, 147, 328, 162
-0.998392, 139, 173, 154, 204
-0.998393, 121, 209, 136, 240
-0.998394, 273, 217, 288, 248
-0.998397, 45, 65, 76, 192
-0.998399, 275, 197, 290, 228
-0.998401, 265, 185, 280, 216
-0.998406, 285, 177, 300, 208
-0.998408, 205, 105, 220, 136
-0.998411, 477, 105, 492, 136
-0.998411, 221, 17, 236, 48
-0.998411, 287, 61, 302, 92
-0.998413, 185, 11, 248, 26
-0.998418, 377, 91, 440, 106
-0.998424, 381, 69, 396, 100
-0.998424, 225, 149, 288, 164
-0.998427, 281, 159, 344, 174
-0.99843, 249, 137, 312, 152
-0.998432, 69, 65, 100, 320
-0.99844, 289, 165, 352, 180
-0.998443, 321, 49, 352, 176
-0.998451, 137, 89, 200, 104
-0.998459, 121, 221, 184, 236
-0.998467, 157, 195, 188, 210
-0.998467, 429, 99, 460, 114
-0.998468, 277, 227, 308, 242
-0.998468, 469, 81, 500, 96
-0.998469, 441, 85, 472, 100
-0.998469, 229, 23, 260, 38
-0.998469, 189, 1, 220, 256
-0.998471, 233, 17, 264, 32
-0.998471, 109, 223, 140, 238
-0.998471, 289, 149, 320, 164
-0.998472, 269, 63, 300, 78
-0.998472, 113, 171, 176, 186
-0.998472, 277, 179, 308, 194
-0.998473, 245, 275, 276, 290
-0.998473, 189, 113, 220, 128
-0.998474, 117, 195, 148, 210
-0.998474, 233, 45, 264, 60
-0.998474, 317, 221, 348, 236
-0.998475, 137, 99, 168, 114
-0.998475, 129, 143, 160, 158
-0.998475, 157, 89, 188, 104
-0.998475, 233, 111, 264, 126
-0.998476, 121, 147, 184, 162
-0.998477, 33, 135, 64, 150
-0.998477, 229, 207, 260, 222
-0.998478, 217, 21, 248, 36
-0.998479, 321, 207, 352, 222
-0.998479, 157, 231, 188, 246
-0.99848, 13, 137, 44, 152
-0.99848, 29, 191, 60, 206
-0.99848, 1, 139, 32, 154
-0.99848, 273, 251, 304, 266
-0.998481, 317, 175, 348, 190
-0.998481, 221, 113, 252, 128
-0.998481, 369, 117, 400, 132
-0.998482, 73, 127, 136, 142
-0.998482, 49, 159, 112, 174
-0.998483, 169, 231, 200, 246
-0.998483, 321, 189, 352, 204
-0.998483, 121, 163, 184, 178
-0.998484, 237, 141, 268, 156
-0.998487, 233, 77, 264, 92
-0.998488, 105, 181, 168, 196
-0.998489, 273, 155, 304, 170
-0.99849, 261, 237, 292, 252
-0.998491, 269, 147, 300, 162
-0.998493, 249, 155, 312, 170
-0.998494, 149, 245, 180, 260
-0.998494, 233, 95, 264, 110
-0.998495, 389, 99, 420, 114
-0.998495, 165, 237, 196, 252
-0.998496, 73, 157, 104, 172
-0.998496, 441, 103, 472, 118
-0.998497, 117, 181, 148, 196
-0.998497, 245, 43, 276, 58
-0.998498, 217, 181, 248, 196
-0.998498, 289, 143, 320, 158
-0.998499, 377, 87, 408, 102
-0.998499, 281, 173, 312, 188
-0.9985, 429, 87, 460, 102
-0.998502, 121, 219, 152, 234
-0.998502, 277, 233, 308, 248
-0.998503, 329, 221, 360, 236
-0.998505, 133, 227, 164, 242
-0.998505, 281, 189, 344, 204
-0.998506, 169, 261, 200, 276
-0.998506, 273, 135, 304, 150
-0.998508, 9, 135, 72, 150
-0.998509, 113, 229, 144, 244
-0.998509, 357, 121, 388, 136
-0.99851, 117, 211, 148, 226
-0.99851, 93, 127, 124, 142
-0.998512, 425, 65, 456, 320
-0.998512, 213, 105, 244, 120
-0.998512, 177, 223, 208, 238
-0.998515, 301, 179, 332, 194
-0.998516, 165, 253, 196, 268
-0.998516, 325, 227, 356, 242
-0.998517, 261, 197, 292, 212
-0.998517, 261, 167, 292, 182
-0.998517, 289, 67, 320, 82
-0.998518, 277, 239, 308, 254
-0.998518, 137, 253, 168, 268
-0.998518, 93, 153, 124, 168
-0.998518, 265, 141, 296, 156
-0.998518, 293, 185, 324, 200
-0.998519, 297, 245, 360, 260
-0.998521, 233, 17, 296, 32
-0.998521, 309, 33, 340, 160
-0.998523, 417, 139, 480, 154
-0.998523, 417, 89, 448, 104
-0.998524, 285, 253, 316, 268
-0.998524, 189, 3, 220, 18
-0.998525, 449, 135, 480, 150
-0.998525, 229, 39, 260, 54
-0.998525, 173, 85, 204, 100
-0.998525, 313, 165, 344, 180
-0.998525, 273, 113, 304, 128
-0.998527, 317, 233, 348, 248
-0.998528, 301, 227, 332, 242
-0.998529, 265, 263, 296, 278
-0.99853, 117, 235, 148, 250
-0.998531, 153, 245, 216, 260
-0.998531, 305, 247, 336, 262
-0.998532, 141, 233, 172, 248
-0.998532, 273, 167, 304, 182
-0.998532, 233, 31, 264, 46
-0.998534, 281, 119, 344, 134
-0.998534, 253, 153, 284, 168
-0.998534, 393, 91, 424, 106
-0.998535, 145, 189, 176, 204
-0.998536, 417, 85, 480, 100
-0.998537, 125, 167, 156, 182
-0.998539, 9, 191, 72, 206
-0.998539, 249, 143, 280, 158
-0.99854, 329, 89, 392, 104
-0.998541, 129, 101, 192, 116
-0.998542, 461, 109, 492, 124
-0.998543, 213, 3, 244, 18
-0.998544, 265, 187, 296, 202
-0.998548, 217, 203, 280, 218
-0.998549, 301, 151, 332, 166
-0.998549, 217, 43, 280, 58
-0.998551, 241, 37, 272, 52
-0.998552, 145, 239, 176, 254
-0.998552, 393, 97, 456, 112
-0.998552, 229, 149, 260, 164
-0.998552, 53, 161, 84, 176
-0.998554, 233, 135, 264, 150
-0.998554, 309, 215, 340, 230
-0.998555, 125, 241, 156, 256
-0.998556, 273, 219, 336, 234
-0.998559, 345, 119, 408, 134
-0.99856, 201, 21, 264, 36
-0.99856, 309, 241, 340, 256
-0.99856, 137, 93, 168, 108
-0.99856, 377, 93, 408, 108
-0.998563, 113, 149, 144, 164
-0.998564, 129, 161, 160, 176
-0.998569, 221, 15, 252, 30
-0.998572, 289, 237, 320, 252
-0.998574, 225, 25, 288, 40
-0.998574, 309, 159, 340, 174
-0.998576, 257, 43, 288, 58
-0.998579, 273, 161, 304, 176
-0.99858, 353, 93, 416, 108
-0.998581, 285, 135, 316, 150
-0.998581, 241, 259, 304, 274
-0.998584, 133, 247, 164, 262
-0.998584, 169, 17, 232, 32
-0.998584, 105, 213, 168, 228
-0.998584, 253, 161, 284, 176
-0.998585, 121, 141, 184, 156
-0.998586, 405, 91, 436, 106
-0.998587, 157, 259, 188, 274
-0.998587, 329, 83, 392, 98
-0.998588, 265, 175, 328, 190
-0.998588, 321, 123, 384, 138
-0.998596, 153, 231, 216, 246
-0.998597, 289, 71, 352, 86
-0.998598, 121, 173, 152, 188
-0.998599, 297, 219, 360, 234
-0.998599, 305, 221, 336, 236
-0.998602, 121, 107, 184, 122
-0.998605, 265, 261, 328, 276
-0.998606, 241, 43, 304, 58
-0.998606, 277, 245, 308, 260
-0.998607, 217, 9, 248, 24
-0.998607, 149, 253, 180, 268
-0.998608, 145, 253, 208, 268
-0.998608, 241, 117, 304, 132
-0.998609, 225, 161, 288, 176
-0.998611, 97, 243, 160, 258
-0.998614, 177, 219, 240, 234
-0.998619, 233, 219, 296, 234
-0.998632, 41, 131, 104, 146
-0.998633, 305, 239, 368, 254
-0.998637, 241, 203, 272, 218
-0.998645, 329, 47, 392, 62
-0.998649, 273, 257, 304, 272
-0.998651, 233, 239, 296, 254
-0.998652, 129, 261, 192, 276
-0.998658, 329, 77, 392, 92
-0.998658, 225, 9, 288, 24
-0.998663, 113, 131, 176, 146
-0.998672, 145, 29, 208, 44
-0.998674, 321, 197, 384, 212
-0.998674, 89, 237, 152, 252
-0.998676, 121, 157, 184, 172
-0.998678, 289, 83, 352, 98
-0.998679, 329, 41, 392, 56
-0.998679, 241, 129, 304, 144
-0.998679, 257, 191, 320, 206
-0.998682, 201, 1, 232, 16
-0.998682, 313, 233, 376, 248
-0.998685, 9, 1, 40, 256
-0.998686, 321, 223, 384, 238
-0.998686, 241, 247, 304, 262
-0.998687, 225, 49, 288, 64
-0.998688, 297, 213, 360, 228
-0.998689, 105, 203, 168, 218
-0.998689, 329, 185, 392, 200
-0.998694, 337, 35, 400, 50
-0.998694, 321, 167, 384, 182
-0.998696, 417, 103, 480, 118
-0.998696, 121, 161, 136, 288
-0.998698, 329, 53, 392, 68
-0.998708, 337, 29, 400, 44
-0.998709, 329, 177, 392, 192
-0.998709, 153, 237, 216, 252
-0.99871, 281, 63, 344, 78
-0.998711, 81, 225, 144, 240
-0.998712, 281, 109, 344, 124
-0.998726, 321, 115, 384, 130
-0.998728, 185, 209, 248, 224
-0.998728, 321, 209, 384, 224
-0.998729, 161, 199, 224, 214
-0.998731, 233, 253, 296, 268
-0.998731, 241, 185, 304, 200
-0.998734, 201, 145, 264, 160
-0.998736, 169, 81, 232, 96
-0.998738, 297, 225, 360, 240
-0.998744, 97, 121, 160, 136
-0.998745, 169, 225, 232, 240
-0.998746, 249, 111, 312, 126
-0.998747, 73, 183, 136, 198
-0.998749, 249, 197, 312, 212
-0.998749, 145, 267, 208, 282
-0.998749, 201, 271, 264, 286
-0.99875, 233, 31, 296, 46
-0.99875, 233, 89, 296, 104
-0.998751, 273, 137, 336, 152
-0.998751, 41, 187, 104, 202
-0.998844, 325, 1, 356, 256
-0.998853, 373, 129, 404, 375
-0.998853, 127, 161, 142, 288
-0.998856, 321, 145, 336, 272
-0.998857, 271, 177, 286, 304
-0.99887, 333, 161, 348, 288
-0.998876, 139, 81, 154, 208
-0.998881, 327, 145, 342, 272
-0.998882, 313, 33, 344, 288
-0.998891, 241, 1, 256, 128
-0.998894, 471, 65, 486, 192
-0.998906, 133, 161, 148, 288
-0.998919, 109, 33, 140, 288
-0.998937, 309, 145, 324, 272
-0.998943, 171, 209, 186, 336
-0.998943, 145, 177, 160, 304
-0.998949, 481, 65, 496, 192
-0.998955, 231, 1, 246, 128
-0.998958, 121, 113, 136, 240
-0.998965, 357, 1, 388, 256
-0.998975, 281, 161, 296, 288
-0.998978, 159, 177, 174, 304
-0.998998, 235, 97, 250, 224
-0.999011, 221, 1, 236, 128
-0.999011, 313, 193, 328, 320
-0.999013, 333, 113, 348, 240
-0.999015, 385, 17, 400, 144
-0.999016, 265, 161, 280, 288
-0.999028, 315, 145, 330, 272
-0.999028, 53, 113, 68, 240
-0.99903, 253, 113, 268, 240
-0.999033, 459, 65, 474, 192
-0.999034, 287, 113, 302, 240
-0.99904, 145, 81, 160, 208
-0.99904, 139, 193, 154, 320
-0.999043, 301, 113, 316, 240
-0.999049, 319, 193, 334, 320
-0.999051, 379, 65, 394, 192
-0.999055, 151, 81, 166, 208
-0.999056, 129, 209, 144, 336
-0.999061, 283, 49, 298, 176
-0.999063, 75, 113, 90, 240
-0.999065, 465, 65, 480, 192
-0.999067, 257, 161, 272, 288
-0.999071, 243, 97, 258, 224
-0.999072, 295, 97, 310, 224
-0.999076, 149, 225, 164, 352
-0.999085, 81, 113, 96, 240
-0.999089, 63, 113, 78, 240
-0.99909, 369, 97, 384, 224
-0.999092, 1, 129, 16, 256
-0.999094, 133, 81, 148, 208
-0.999097, 21, 1, 52, 256
-0.999097, 173, 161, 188, 288
-0.999104, 153, 177, 168, 304
-0.999109, 325, 209, 340, 336
-0.99911, 43, 113, 58, 240
-0.99911, 69, 113, 84, 240
-0.999111, 179, 177, 194, 304
-0.999112, 115, 161, 130, 288
-0.999114, 247, 145, 262, 272
-0.999115, 183, 1, 198, 128
-0.999115, 327, 97, 342, 224
-0.999116, 341, 113, 356, 240
-0.999117, 335, 65, 350, 192
-0.999119, 123, 209, 138, 336
-0.999121, 7, 129, 22, 256
-0.999123, 275, 129, 290, 256
-0.999124, 453, 65, 468, 192
-0.999126, 127, 81, 142, 208
-0.999128, 301, 225, 316, 352
-0.999135, 271, 33, 286, 160
-0.999145, 303, 161, 318, 288
-0.999147, 363, 97, 378, 224
-0.99915, 165, 225, 180, 352
-0.99915, 293, 177, 308, 304
-0.999153, 191, 1, 206, 128
-0.999158, 115, 97, 130, 224
-0.999164, 13, 129, 28, 256
-0.999167, 277, 209, 292, 336
-0.999168, 247, 17, 262, 144
-0.999175, 159, 49, 174, 176
-0.99918, 259, 113, 274, 240
-0.999183, 289, 49, 304, 176
-0.999183, 165, 177, 180, 304
-0.999184, 395, 81, 410, 208
-0.999185, 357, 113, 372, 240
-0.999188, 193, 209, 208, 336
-0.999192, 185, 209, 200, 336
-0.999197, 223, 161, 238, 288
-0.999208, 243, 193, 258, 320
-0.999209, 19, 113, 34, 240
-0.999214, 281, 113, 296, 240
-0.999215, 233, 177, 248, 304
-0.999217, 221, 209, 236, 336
-0.999222, 267, 113, 282, 240
-0.999222, 295, 225, 310, 352
-0.999222, 109, 129, 124, 256
-0.999225, 177, 1, 192, 128
-0.99923, 241, 49, 256, 176
-0.999231, 151, 33, 166, 160
-0.999233, 339, 177, 354, 304
-0.999233, 87, 97, 102, 224
-0.999236, 169, 81, 184, 208
-0.999237, 145, 129, 160, 256
-0.999238, 347, 113, 362, 240
-0.999239, 301, 33, 332, 288
-0.999241, 51, 161, 66, 288
-0.999245, 159, 97, 174, 224
-0.999246, 277, 49, 292, 176
-0.999246, 331, 209, 346, 336
-0.99925, 155, 225, 170, 352
-0.999251, 227, 209, 242, 336
-0.999259, 229, 113, 244, 240
-0.999259, 401, 81, 416, 208
-0.999259, 287, 161, 302, 288
-0.999264, 187, 161, 202, 288
-0.999265, 465, 113, 480, 240
-0.999275, 153, 129, 168, 256
-0.999278, 231, 49, 246, 176
-0.999279, 277, 1, 292, 128
-0.99928, 165, 33, 180, 160
-0.99928, 117, 209, 132, 336
-0.999282, 385, 81, 400, 208
-0.999293, 27, 113, 42, 240
-0.999295, 175, 49, 190, 176
-0.999297, 207, 209, 222, 336
-0.999299, 249, 193, 264, 320
-0.999302, 265, 209, 280, 336
-0.999303, 193, 161, 208, 288
-0.999304, 215, 177, 230, 304
-0.999305, 301, 49, 316, 176
-0.999313, 407, 81, 422, 208
-0.999315, 95, 97, 110, 224
-0.999316, 33, 113, 48, 240
-0.999316, 253, 17, 268, 144
-0.999332, 33, 1, 64, 256
-0.999435, 269, 167, 284, 182
-0.999436, 431, 87, 446, 102
-0.99944, 439, 99, 454, 114
-0.999447, 189, 5, 204, 20
-0.999448, 243, 99, 258, 114
-0.999449, 271, 173, 286, 188
-0.999451, 235, 109, 250, 124
-0.999453, 379, 93, 394, 108
-0.999456, 311, 221, 326, 236
-0.999457, 335, 213, 350, 228
-0.99946, 265, 159, 280, 174
-0.99946, 281, 233, 296, 248
-0.999461, 283, 165, 298, 180
-0.999462, 293, 143, 308, 158
-0.999462, 369, 121, 384, 136
-0.999464, 381, 83, 396, 98
-0.999464, 169, 233, 184, 248
-0.999466, 169, 253, 184, 268
-0.99947, 241, 205, 256, 220
-0.999472, 243, 41, 258, 56
-0.999473, 227, 7, 242, 22
-0.999475, 235, 207, 250, 222
-0.999477, 239, 75, 254, 90
-0.999478, 121, 221, 136, 236
-0.999479, 119, 185, 134, 200
-0.999481, 243, 33, 258, 48
-0.999485, 189, 217, 204, 232
-0.999487, 285, 193, 300, 208
-0.999489, 261, 205, 276, 220
-0.999489, 325, 163, 340, 178
-0.999491, 269, 45, 284, 60
-0.999498, 253, 143, 268, 158
-0.999499, 243, 129, 258, 144
-0.9995, 159, 233, 174, 248
-0.999501, 249, 201, 264, 216
-0.999502, 305, 151, 320, 166
-0.999502, 229, 115, 244, 130
-0.999504, 461, 131, 476, 146
-0.999506, 183, 115, 198, 130
-0.99951, 177, 95, 192, 110
-0.99951, 259, 271, 274, 286
-0.999512, 291, 189, 306, 204
-0.999512, 181, 223, 196, 238
-0.999516, 301, 135, 316, 150
-0.999517, 285, 113, 300, 128
-0.999519, 281, 171, 296, 186
-0.999522, 381, 109, 396, 124
-0.999524, 281, 239, 296, 254
-0.999533, 121, 179, 136, 194
-0.999535, 285, 257, 300, 272
-0.999541, 425, 89, 440, 104
-0.999541, 221, 19, 236, 34
-0.999544, 125, 171, 140, 186
-0.999546, 175, 261, 190, 276
-0.999548, 179, 85, 194, 100
-0.999554, 155, 191, 170, 206
-0.999558, 95, 153, 110, 168
-0.999558, 263, 197, 278, 212
-0.999561, 323, 157, 338, 172
-0.999568, 221, 179, 236, 194
-0.999571, 267, 265, 282, 280
-0.999575, 293, 71, 308, 86
-0.999578, 291, 255, 306, 270
-0.999582, 457, 109, 472, 124
-0.999585, 399, 97, 414, 112
-0.999598, 157, 137, 172, 152
-0.999598, 263, 191, 278, 206
-0.9996, 295, 137, 310, 152
-0.999603, 125, 227, 140, 242
-0.999614, 251, 137, 266, 152
-0.999614, 283, 63, 298, 78
-0.999615, 257, 41, 272, 56
-0.999621, 281, 139, 296, 154
-0.999621, 239, 93, 254, 108
-0.999627, 263, 43, 278, 58
-0.999628, 259, 147, 274, 162
-0.99963, 311, 149, 326, 164
-0.999634, 263, 153, 278, 168
-0.999636, 395, 91, 410, 106
-0.999637, 147, 185, 162, 200
-0.999639, 467, 109, 482, 124
-0.999644, 391, 101, 406, 116
-0.999646, 241, 21, 256, 36
-0.999646, 133, 159, 148, 174
-0.999652, 407, 91, 422, 106
-0.999653, 127, 149, 142, 164
-0.999663, 141, 243, 156, 258
-0.999664, 175, 225, 190, 240
-0.999667, 141, 91, 156, 106
-0.999668, 55, 161, 70, 176
-0.999675, 1, 233, 128, 296
-0.999676, 449, 1, 480, 256
-0.999679, 387, 93, 402, 108
-0.999681, 237, 35, 252, 50
-0.999681, 419, 89, 434, 104
-0.999683, 281, 245, 296, 260
-0.999687, 277, 177, 292, 192
-0.999689, 255, 199, 270, 214
-0.99969, 251, 37, 266, 52
-0.999697, 147, 249, 162, 264
-0.999699, 273, 261, 288, 276
-0.999701, 445, 103, 460, 118
-0.999711, 299, 67, 314, 82
-0.999711, 297, 251, 312, 266
-0.999715, 161, 251, 176, 266
-0.99972, 153, 253, 168, 268
-0.99972, 277, 253, 292, 268
-0.999735, 413, 89, 428, 104
-0.999743, 319, 237, 334, 252
-0.999749, 303, 247, 318, 262
-0.99976, 451, 105, 466, 120
-0.999776, 307, 175, 322, 190
-0.999777, 201, 3, 216, 18
-0.999781, 211, 1, 226, 16
-0.999784, 129, 233, 144, 248
-0.999788, 271, 161, 286, 176
-0.999788, 243, 27, 258, 42
-0.999798, 311, 241, 326, 256
-0.999804, 401, 91, 416, 106
-0.999809, 233, 9, 248, 24
-0.999815, 317, 153, 332, 168
-0.999823, 275, 167, 290, 182
-0.99983, 239, 15, 254, 30
-0.999831, 169, 259, 184, 274
-0.999838, 331, 219, 346, 234
-0.999843, 1, 33, 128, 96
-0.999845, 221, 3, 236, 18
-0.999873, 323, 231, 338, 246
-0.999878, 129, 165, 144, 180
-0.999878, 135, 239, 150, 254
-0.999926, 287, 133, 302, 148
-1, 327, 225, 342, 240
-1.00007, 17, 305, 144, 368
-1.00008, 163, 257, 178, 272
-1.00009, 97, 1, 128, 256
-1.00031, 1, 1, 128, 64
-1.00075, 1, 241, 64, 368
-1.00096, 25, 33, 88, 160
-1.00154, 321, 313, 448, 375
-1.00189, 49, 177, 112, 304
-1.00193, 353, 241, 480, 304
-1.00209, 17, 1, 144, 128
-1.00237, 321, 289, 448, 352
-1.00251, 425, 209, 488, 336
-1.00351, 369, 313, 496, 375
-1.00378, 353, 265, 480, 328
-1.00382, 49, 33, 112, 160
-1.00391, 1, 1, 64, 128
-1.00494, 369, 289, 496, 352
-1.0098, 73, 1, 136, 128
-1.01019, 401, 241, 464, 368
