1972
-0.35854, 1, 1, 500, 256
-0.496154, 1, 1, 500, 375
-0.510526, 161, 1, 416, 375
-0.524559, 65, 1, 320, 375
-0.530008, 257, 1, 500, 375
-0.605359, 1, 1, 256, 256
-0.612518, 1, 129, 500, 375
-0.663524, 97, 1, 352, 256
-0.701186, 225, 1, 480, 256
-0.756398, 129, 129, 384, 375
-0.798226, 1, 97, 256, 352
-0.850823, 161, 1, 288, 256
-0.851831, 225, 129, 480, 375
-0.866257, 161, 1, 288, 375
-0.870285, 1, 1, 128, 256
-0.87441, 49, 1, 176, 256
-0.880279, 337, 1, 464, 375
-0.88112, 113, 1, 240, 256
-0.884651, 209, 1, 336, 375
-0.885428, 273, 1, 400, 256
-0.887195, 369, 1, 496, 256
-0.887765, 209, 1, 336, 256
-0.890282, 289, 1, 416, 375
-0.892629, 1, 33, 500, 160
-0.897427, 321, 1, 448, 256
-0.897904, 1, 113, 500, 240
-0.899667, 1, 1, 128, 375
-0.904513, 145, 97, 272, 352
-0.905868, 113, 1, 240, 375
-0.918353, 97, 97, 224, 352
-0.92118, 33, 113, 288, 240
-0.921343, 1, 49, 256, 176
-0.922457, 1, 97, 128, 352
-0.923512, 193, 97, 320, 352
-0.928313, 49, 1, 176, 375
-0.929845, 241, 97, 368, 352
-0.930502, 49, 97, 176, 352
-0.933821, 1, 161, 500, 288
-0.935181, 129, 1, 384, 128
-0.937668, 1, 49, 128, 176
-0.937739, 33, 1, 288, 128
-0.940392, 129, 113, 384, 240
-0.940678, 193, 65, 448, 192
-0.942145, 25, 49, 88, 176
-0.94234, 65, 49, 128, 176
-0.943957, 17, 113, 144, 240
-0.944327, 145, 113, 272, 240
-0.944503, 225, 113, 480, 240
-0.945036, 97, 65, 352, 192
-0.94599, 289, 97, 416, 352
-0.946265, 73, 113, 136, 240
-0.946755, 33, 97, 96, 224
-0.948063, 1, 49, 64, 176
-0.948637, 97, 65, 224, 192
-0.949977, 65, 113, 192, 240
-0.950414, 161, 97, 224, 224
-0.952236, 225, 129, 352, 256
-0.952524, 225, 1, 480, 128
-0.952561, 9, 113, 72, 240
-0.953274, 17, 1, 144, 128
-0.953808, 49, 49, 176, 176
-0.953808, 145, 65, 272, 192
-0.954069, 185, 97, 248, 224
-0.955062, 89, 49, 152, 176
-0.955141, 17, 1, 80, 128
-0.955465, 257, 129, 320, 256
-0.956567, 337, 97, 464, 352
-0.956818, 97, 113, 160, 240
-0.956836, 65, 1, 192, 128
-0.957507, 105, 121, 168, 184
-0.958708, 57, 1, 120, 128
-0.960709, 193, 1, 320, 128
-0.961154, 209, 121, 272, 184
-0.961686, 129, 113, 192, 240
-0.96196, 257, 137, 320, 200
-0.962289, 113, 17, 240, 144
-0.962433, 169, 49, 232, 176
-0.962635, 9, 113, 72, 176
-0.962836, 233, 129, 296, 256
-0.963073, 209, 97, 272, 224
-0.963239, 281, 129, 344, 256
-0.963535, 289, 81, 416, 208
-0.963542, 137, 65, 200, 192
-0.963736, 169, 121, 232, 184
-0.964135, 33, 105, 96, 168
-0.964241, 129, 121, 192, 184
-0.964351, 193, 161, 448, 288
-0.964452, 233, 121, 296, 184
-0.964758, 369, 65, 496, 192
-0.9651, 169, 1, 232, 128
-0.965371, 65, 57, 128, 120
-0.965554, 97, 161, 352, 288
-0.965801, 25, 49, 88, 112
-0.966089, 337, 113, 464, 240
-0.966487, 337, 97, 400, 224
-0.966528, 225, 145, 352, 208
-0.966559, 193, 49, 320, 176
-0.966724, 177, 145, 240, 208
-0.966859, 65, 33, 128, 96
-0.967203, 241, 1, 368, 128
-0.967693, 297, 161, 360, 224
-0.96785, 65, 105, 128, 168
-0.968418, 97, 1, 160, 128
-0.968424, 233, 145, 296, 208
-0.968867, 337, 17, 464, 144
-0.969221, 273, 129, 400, 256
-0.969357, 305, 161, 368, 288
-0.969575, 289, 1, 416, 128
-0.969859, 193, 49, 256, 176
-0.969976, 1, 161, 256, 288
-0.970146, 241, 65, 368, 192
-0.970442, 97, 41, 160, 104
-0.970466, 65, 121, 192, 184
-0.970995, 193, 1, 256, 256
-0.971047, 201, 1, 264, 128
-0.971051, 9, 25, 72, 88
-0.97139, 193, 121, 320, 184
-0.971604, 145, 121, 272, 184
-0.971613, 17, 113, 144, 176
-0.971637, 193, 241, 448, 368
-0.971722, 169, 97, 232, 160
-0.971865, 393, 65, 456, 192
-0.972501, 209, 145, 272, 272
-0.972663, 97, 241, 352, 368
-0.972714, 281, 137, 344, 200
-0.97273, 209, 145, 272, 208
-0.972865, 145, 145, 208, 208
-0.973061, 297, 81, 360, 208
-0.97319, 113, 65, 176, 192
-0.973635, 129, 1, 192, 128
-0.973656, 41, 25, 104, 88
-0.973905, 369, 33, 432, 160
-0.97395, 145, 145, 272, 208
-0.974214, 129, 57, 192, 120
-0.974468, 169, 57, 232, 120
-0.97453, 93, 49, 124, 176
-0.974602, 297, 1, 360, 128
-0.974864, 393, 17, 456, 144
-0.974868, 345, 33, 408, 160
-0.974936, 25, 1, 88, 64
-0.975113, 1, 241, 256, 368
-0.975178, 169, 1, 232, 256
-0.975479, 417, 65, 480, 192
-0.975526, 9, 89, 72, 152
-0.975701, 1, 1, 64, 256
-0.975724, 233, 81, 296, 208
-0.976017, 257, 177, 384, 304
-0.976019, 249, 1, 312, 128
-0.976207, 41, 137, 104, 200
-0.976224, 5, 105, 36, 168
-0.976398, 65, 145, 128, 208
-0.976459, 273, 1, 336, 128
-0.97646, 289, 137, 320, 200
-0.976572, 53, 49, 84, 176
-0.976803, 257, 81, 320, 208
-0.976831, 145, 97, 208, 160
-0.976941, 9, 137, 72, 200
-0.977003, 337, 145, 400, 272
-0.977006, 65, 1, 128, 256
-0.977142, 273, 161, 336, 224
-0.977144, 49, 145, 112, 272
-0.977154, 41, 81, 104, 144
-0.977233, 121, 145, 184, 208
-0.977291, 1, 25, 128, 88
-0.977458, 37, 49, 68, 176
-0.977831, 53, 105, 84, 168
-0.977863, 25, 33, 88, 288
-0.9779, 17, 49, 144, 112
-0.977931, 93, 97, 124, 224
-0.977952, 49, 1, 112, 64
-0.977964, 1, 1, 64, 64
-0.978087, 81, 97, 112, 224
-0.978103, 65, 49, 96, 176
-0.978128, 45, 97, 76, 224
-0.978145, 225, 1, 288, 128
-0.978385, 1, 49, 64, 112
-0.978447, 417, 81, 480, 144
-0.978493, 233, 1, 296, 256
-0.978536, 77, 49, 108, 176
-0.978594, 321, 1, 384, 128
-0.978642, 65, 81, 128, 144
-0.978658, 277, 145, 308, 208
-0.978722, 261, 121, 292, 184
-0.978752, 105, 1, 168, 64
-0.978757, 17, 105, 48, 168
-0.979008, 21, 49, 52, 176
-0.979012, 61, 113, 92, 240
-0.979177, 249, 137, 280, 200
-0.979454, 93, 57, 124, 120
-0.979533, 41, 105, 72, 168
-0.979715, 89, 145, 152, 208
-0.979729, 33, 97, 64, 224
-0.979787, 57, 57, 88, 120
-0.979841, 73, 1, 136, 64
-0.979844, 417, 17, 480, 144
-0.979871, 281, 129, 312, 256
-0.979918, 81, 33, 208, 96
-0.979928, 369, 313, 432, 375
-0.980001, 385, 1, 448, 256
-0.980145, 141, 121, 172, 184
-0.980192, 9, 49, 40, 176
-0.98023, 153, 145, 216, 272
-0.980241, 105, 49, 136, 176
-0.980347, 137, 65, 200, 320
-0.98038, 45, 49, 76, 112
-0.98053, 105, 113, 136, 176
-0.980537, 137, 25, 200, 88
-0.980541, 97, 161, 224, 288
-0.980541, 321, 161, 448, 288
-0.980609, 161, 161, 288, 288
-0.980686, 113, 97, 240, 160
-0.980704, 145, 1, 208, 64
-0.980757, 153, 97, 184, 224
-0.980798, 393, 73, 456, 136
-0.980865, 237, 121, 268, 184
-0.980879, 1, 1, 128, 64
-0.980977, 281, 1, 344, 256
-0.981139, 93, 105, 124, 168
-0.981171, 105, 97, 136, 224
-0.981253, 401, 313, 464, 375
-0.981272, 185, 145, 248, 272
-0.981279, 89, 33, 152, 288
-0.98132, 265, 145, 296, 208
-0.981419, 121, 97, 184, 160
-0.981582, 257, 113, 320, 176
-0.981593, 1, 241, 500, 368
-0.981596, 21, 113, 52, 240
-0.98162, 257, 1, 320, 256
-0.981666, 301, 153, 332, 216
-0.981742, 161, 121, 192, 184
-0.9818, 425, 113, 488, 240
-0.981889, 17, 89, 144, 152
-0.982081, 29, 121, 60, 184
-0.982121, 77, 57, 108, 120
-0.982135, 345, 313, 408, 375
-0.982155, 337, 1, 400, 256
-0.982203, 65, 97, 192, 160
-0.982232, 321, 161, 384, 224
-0.98231, 185, 97, 216, 224
-0.982411, 1, 97, 32, 224
-0.98243, 193, 121, 224, 184
-0.982437, 97, 145, 224, 208
-0.982469, 209, 121, 240, 184
-0.982498, 361, 81, 424, 208
-0.982511, 425, 313, 488, 375
-0.982614, 265, 129, 296, 256
-0.982615, 49, 241, 176, 368
-0.982635, 25, 25, 56, 88
-0.982663, 121, 121, 152, 184
-0.982682, 29, 1, 60, 128
-0.982703, 193, 17, 256, 80
-0.982881, 1, 137, 128, 200
-0.982897, 305, 313, 368, 375
-0.982909, 49, 161, 176, 288
-0.982918, 1, 1, 32, 128
-0.982967, 353, 81, 480, 144
-0.982976, 193, 97, 256, 160
-0.983102, 177, 121, 208, 184
-0.983175, 173, 97, 204, 224
-0.98325, 81, 1, 208, 64
-0.983264, 433, 105, 496, 168
-0.98327, 201, 97, 232, 224
-0.983358, 225, 169, 288, 232
-0.983419, 145, 241, 272, 368
-0.983456, 289, 241, 416, 368
-0.983506, 273, 121, 304, 184
-0.983527, 237, 97, 268, 224
-0.983541, 221, 145, 252, 208
-0.983597, 1, 161, 128, 288
-0.983613, 89, 65, 152, 128
-0.983631, 1, 25, 32, 88
-0.98364, 57, 1, 88, 128
-0.983644, 193, 65, 256, 128
-0.983658, 41, 1, 72, 128
-0.983674, 237, 153, 268, 216
-0.983682, 113, 57, 240, 120
-0.983751, 17, 1, 48, 128
-0.983755, 293, 129, 324, 256
-0.983806, 221, 121, 252, 184
-0.983818, 201, 145, 232, 208
-0.983876, 409, 105, 472, 168
-0.98392, 89, 97, 152, 160
-0.983997, 177, 49, 208, 176
-0.984093, 249, 177, 312, 240
-0.9841, 141, 97, 172, 224
-0.984128, 161, 97, 224, 352
-0.984168, 153, 97, 184, 160
-0.98417, 93, 1, 124, 128
-0.984224, 209, 241, 336, 368
-0.984267, 249, 129, 280, 256
-0.984269, 313, 1, 376, 256
-0.984322, 305, 185, 368, 248
-0.984423, 217, 97, 248, 224
-0.984435, 337, 137, 400, 200
-0.984565, 361, 1, 424, 256
-0.984733, 281, 305, 344, 368
-0.984743, 177, 145, 208, 208
-0.984773, 81, 121, 112, 184
-0.984879, 1, 241, 128, 368
-0.984895, 249, 97, 312, 352
-0.984981, 369, 73, 432, 136
-0.985052, 241, 121, 368, 184
-0.985057, 325, 161, 356, 224
-0.985265, 209, 177, 336, 304
-0.985301, 353, 241, 480, 368
-0.985307, 169, 33, 232, 96
-0.98535, 425, 1, 488, 256
-0.98536, 65, 105, 96, 168
-0.985374, 117, 113, 148, 240
-0.985415, 73, 1, 104, 128
-0.985447, 189, 145, 220, 208
-0.985614, 321, 313, 448, 375
-0.985773, 1, 97, 64, 352
-0.985796, 157, 1, 188, 128
-0.985845, 281, 177, 344, 304
-0.985941, 257, 313, 320, 375
-0.985945, 385, 113, 448, 240
-0.985945, 361, 129, 424, 256
-0.986029, 33, 49, 64, 112
-0.986092, 41, 81, 72, 144
-0.986127, 289, 113, 416, 176
-0.986189, 113, 1, 176, 256
-0.986192, 193, 305, 256, 368
-0.986289, 201, 169, 264, 232
-0.986295, 49, 145, 176, 208
-0.986299, 273, 161, 400, 224
-0.986341, 209, 169, 336, 232
-0.986382, 37, 25, 68, 88
-0.986427, 337, 113, 400, 176
-0.986434, 305, 129, 368, 192
-0.986446, 217, 97, 280, 160
-0.986455, 273, 97, 336, 352
-0.986477, 193, 17, 224, 144
-0.98666, 173, 1, 204, 128
-0.986683, 69, 33, 100, 96
-0.986685, 225, 313, 288, 375
-0.986763, 21, 57, 52, 120
-0.986768, 161, 97, 288, 160
-0.986791, 121, 305, 184, 368
-0.986863, 1, 1, 32, 64
-0.98693, 201, 41, 264, 104
-0.986969, 165, 145, 196, 208
-0.986978, 53, 25, 84, 88
-0.987033, 33, 305, 96, 368
-0.98707, 93, 33, 124, 96
-0.987207, 369, 313, 496, 375
-0.987239, 313, 161, 344, 224
-0.98724, 153, 49, 184, 176
-0.987242, 185, 97, 248, 352
-0.987246, 345, 113, 376, 240
-0.987268, 169, 1, 232, 64
-0.98733, 65, 57, 192, 120
-0.987338, 65, 305, 128, 368
-0.987376, 65, 97, 128, 352
-0.98741, 13, 25, 44, 88
-0.98746, 161, 65, 288, 128
-0.987511, 141, 89, 172, 152
-0.987541, 9, 49, 40, 112
-0.987583, 217, 1, 248, 128
-0.987703, 17, 1, 80, 375
-0.987705, 281, 185, 344, 248
-0.987715, 161, 57, 192, 120
-0.987766, 97, 241, 224, 368
-0.987802, 241, 17, 304, 80
-0.987805, 17, 1, 48, 64
-0.987884, 9, 305, 72, 368
-0.987888, 9, 161, 72, 288
-0.987917, 233, 177, 296, 304
-0.987924, 345, 1, 408, 375
-0.987955, 153, 241, 216, 368
-0.987973, 389, 65, 420, 192
-0.988009, 165, 49, 196, 176
-0.988048, 169, 1, 232, 375
-0.988122, 225, 129, 288, 375
-0.988125, 169, 305, 232, 368
-0.988139, 393, 1, 456, 375
-0.988158, 297, 1, 328, 128
-0.98819, 457, 105, 488, 168
-0.988208, 429, 65, 460, 192
-0.988263, 369, 121, 432, 184
-0.988291, 229, 145, 260, 272
-0.988402, 105, 1, 136, 128
-0.98843, 81, 145, 112, 208
-0.988432, 97, 161, 160, 288
-0.988465, 205, 1, 236, 128
-0.988503, 409, 17, 440, 144
-0.988535, 369, 1, 432, 375
-0.988541, 29, 81, 60, 144
-0.988605, 365, 65, 396, 192
-0.988607, 369, 161, 496, 288
-0.988629, 321, 137, 448, 200
-0.988649, 57, 81, 88, 144
-0.988679, 117, 65, 148, 192
-0.988703, 89, 305, 152, 368
-0.988753, 109, 41, 140, 104
-0.988762, 129, 129, 160, 256
-0.988779, 41, 1, 72, 64
-0.988783, 205, 49, 236, 176
-0.988785, 305, 241, 368, 368
-0.988809, 53, 1, 84, 64
-0.988816, 321, 1, 384, 375
-0.988873, 333, 145, 364, 272
-0.988915, 249, 113, 280, 176
-0.988931, 401, 65, 432, 192
-0.989035, 281, 81, 312, 208
-0.989051, 81, 25, 112, 88
-0.98906, 105, 65, 136, 128
-0.989125, 25, 129, 88, 375
-0.989144, 265, 81, 296, 208
-0.989151, 445, 97, 476, 160
-0.989163, 161, 169, 288, 232
-0.989171, 29, 1, 60, 64
-0.989195, 389, 17, 420, 144
-0.989211, 309, 1, 340, 128
-0.98925, 97, 145, 128, 208
-0.989271, 393, 241, 456, 368
-0.989288, 193, 241, 256, 368
-0.98933, 241, 241, 304, 368
-0.989431, 425, 177, 488, 240
-0.989453, 329, 1, 360, 128
-0.989455, 165, 81, 196, 144
-0.989467, 329, 241, 392, 368
-0.989481, 145, 305, 208, 368
-0.989482, 137, 49, 168, 176
-0.989527, 273, 313, 400, 375
-0.989529, 257, 177, 320, 304
-0.98957, 129, 161, 192, 288
-0.98959, 17, 57, 80, 88
-0.98962, 321, 49, 384, 176
-0.989628, 425, 17, 456, 144
-0.989653, 345, 65, 408, 128
-0.989658, 441, 81, 472, 208
-0.989667, 305, 129, 336, 256
-0.989693, 121, 49, 152, 112
-0.989707, 345, 89, 408, 152
-0.989708, 357, 17, 388, 144
-0.989722, 433, 25, 496, 88
-0.989739, 49, 109, 112, 140
-0.989757, 369, 105, 496, 168
-0.989807, 297, 105, 360, 168
-0.989829, 69, 145, 100, 208
-0.989832, 385, 97, 448, 160
-0.989836, 153, 145, 184, 208
-0.98987, 369, 17, 400, 144
-0.989872, 97, 145, 128, 272
-0.989873, 65, 121, 320, 184
-0.989874, 453, 81, 484, 208
-0.989884, 425, 1, 488, 375
-0.98989, 97, 241, 160, 368
-0.989965, 361, 241, 424, 368
-0.990002, 25, 109, 88, 140
-0.990011, 273, 241, 336, 368
-0.990062, 49, 61, 112, 92
-0.990098, 193, 1, 256, 375
-0.990106, 41, 1, 104, 375
-0.990106, 17, 137, 48, 200
-0.990122, 469, 81, 500, 208
-0.990151, 201, 149, 264, 180
-0.990187, 133, 57, 164, 120
-0.990204, 265, 149, 328, 180
-0.990267, 297, 65, 328, 192
-0.990334, 217, 17, 280, 80
-0.990337, 125, 145, 156, 208
-0.990343, 377, 65, 408, 192
-0.990353, 241, 145, 304, 176
-0.990355, 417, 241, 480, 368
-0.99038, 353, 65, 384, 192
-0.990406, 181, 97, 212, 160
-0.990409, 469, 105, 500, 168
-0.99041, 161, 33, 288, 96
-0.990415, 341, 65, 372, 192
-0.990449, 257, 185, 384, 248
-0.990474, 249, 1, 280, 128
-0.990483, 217, 1, 280, 375
-0.990488, 257, 1, 320, 375
-0.990489, 105, 53, 168, 84
-0.990521, 117, 1, 148, 128
-0.990533, 285, 1, 316, 128
-0.990552, 201, 57, 232, 120
-0.990552, 249, 329, 312, 360
-0.990563, 129, 1, 256, 64
-0.990564, 81, 145, 112, 272
-0.990605, 73, 49, 136, 80
-0.990605, 289, 137, 352, 168
-0.99061, 45, 137, 76, 200
-0.99061, 401, 25, 464, 88
-0.990639, 433, 153, 496, 216
-0.990648, 273, 329, 336, 360
-0.990656, 265, 137, 328, 168
-0.990661, 345, 161, 408, 224
-0.990674, 1, 105, 64, 136
-0.990674, 181, 49, 212, 112
-0.99068, 321, 161, 352, 288
-0.990711, 297, 17, 360, 80
-0.990743, 449, 313, 480, 375
-0.990755, 85, 1, 116, 64
-0.990759, 73, 113, 136, 144
-0.990776, 385, 113, 416, 240
-0.990779, 169, 125, 232, 156
-0.990779, 49, 333, 112, 364
-0.990786, 225, 305, 352, 368
-0.990801, 169, 149, 232, 180
-0.990821, 433, 129, 496, 192
-0.990831, 225, 329, 288, 360
-0.990838, 17, 333, 80, 364
-0.990846, 297, 161, 360, 192
-0.990852, 17, 81, 48, 144
-0.99091, 449, 17, 480, 144
-0.990912, 217, 241, 280, 368
-0.99093, 217, 145, 248, 272
-0.990941, 241, 129, 304, 160
-0.990946, 97, 145, 352, 208
-0.991009, 361, 17, 424, 80
-0.991019, 417, 325, 480, 356
-0.991023, 73, 333, 136, 364
-0.991041, 121, 241, 184, 368
-0.991041, 385, 113, 416, 176
-0.991078, 265, 17, 328, 80
-0.991081, 1, 137, 32, 200
-0.991091, 337, 17, 400, 80
-0.991106, 233, 1, 264, 128
-0.991128, 297, 1, 360, 375
-0.991128, 345, 329, 408, 360
-0.991142, 157, 145, 188, 272
-0.991173, 109, 145, 140, 208
-0.991205, 49, 121, 112, 152
-0.991221, 109, 89, 140, 152
-0.991238, 297, 325, 360, 356
-0.991255, 73, 65, 136, 96
-0.991284, 57, 137, 88, 200
-0.991294, 233, 157, 296, 188
-0.991311, 217, 49, 248, 176
-0.991314, 57, 145, 120, 176
-0.991344, 145, 149, 208, 180
-0.991357, 193, 125, 256, 156
-0.99136, 5, 81, 36, 144
-0.991376, 177, 313, 304, 375
-0.991376, 449, 73, 480, 136
-0.991403, 97, 333, 160, 364
-0.991413, 113, 149, 176, 180
-0.991428, 393, 325, 456, 356
-0.991432, 89, 145, 152, 176
-0.99145, 145, 125, 208, 156
-0.991452, 169, 61, 232, 92
-0.991494, 1, 45, 64, 76
-0.991514, 153, 113, 216, 144
-0.991541, 73, 33, 136, 64
-0.991541, 201, 329, 264, 360
-0.991554, 369, 313, 400, 375
-0.991554, 413, 313, 444, 375
-0.99156, 289, 141, 320, 172
-0.991603, 153, 329, 216, 360
-0.991607, 369, 325, 432, 356
-0.991607, 49, 109, 80, 140
-0.991637, 217, 65, 280, 128
-0.991652, 49, 97, 112, 128
-0.991693, 129, 333, 192, 364
-0.991718, 49, 49, 112, 80
-0.991754, 321, 329, 384, 360
-0.991767, 193, 161, 256, 192
-0.99177, 1, 29, 64, 60
-0.991775, 61, 109, 92, 140
-0.991782, 141, 145, 172, 208
-0.991786, 1, 145, 64, 176
-0.9918, 413, 65, 444, 192
-0.9918, 177, 113, 240, 144
-0.991809, 265, 1, 296, 128
-0.99182, 97, 121, 160, 152
-0.991822, 97, 65, 160, 96
-0.99184, 217, 137, 280, 168
-0.991842, 77, 97, 108, 160
-0.991843, 177, 333, 240, 364
-0.991855, 345, 17, 376, 144
-0.99186, 9, 121, 72, 152
-0.991865, 429, 313, 460, 375
-0.991885, 409, 89, 472, 120
-0.9919, 169, 77, 232, 108
-0.991907, 325, 97, 356, 224
-0.991913, 417, 57, 480, 120
-0.991915, 129, 57, 192, 88
-0.991943, 289, 149, 352, 180
-0.991949, 233, 181, 296, 212
-0.991981, 297, 97, 360, 352
-0.991991, 393, 169, 456, 232
-0.991991, 33, 145, 96, 176
-0.991995, 385, 313, 416, 375
-0.992021, 425, 101, 488, 132
-0.99203, 25, 97, 88, 128
-0.992051, 357, 113, 388, 240
-0.992066, 469, 313, 500, 375
-0.992073, 65, 77, 128, 108
-0.99208, 145, 145, 176, 272
-0.992082, 377, 49, 440, 112
-0.992088, 393, 137, 456, 200
-0.992094, 285, 113, 316, 176
-0.992109, 49, 33, 112, 64
-0.992109, 81, 97, 144, 128
-0.992116, 65, 241, 128, 368
-0.992123, 369, 113, 400, 240
-0.992146, 93, 113, 124, 144
-0.992154, 113, 97, 176, 352
-0.99216, 59, 89, 74, 152
-0.992161, 321, 165, 384, 196
-0.992163, 137, 1, 168, 128
-0.992187, 177, 49, 240, 80
-0.992196, 437, 73, 468, 136
-0.992202, 73, 133, 136, 164
-0.992207, 437, 17, 468, 144
-0.992214, 33, 161, 96, 224
-0.992221, 145, 1, 208, 375
-0.992235, 241, 97, 368, 160
-0.992241, 265, 145, 296, 176
-0.992268, 425, 117, 488, 148
-0.992275, 25, 77, 88, 108
-0.992275, 63, 57, 78, 120
-0.992301, 409, 77, 472, 108
-0.992311, 217, 125, 280, 156
-0.992318, 113, 137, 176, 168
-0.99234, 1, 161, 64, 224
-0.992361, 161, 89, 224, 120
-0.992365, 321, 121, 384, 152
-0.992366, 265, 185, 328, 216
-0.992369, 289, 153, 320, 184
-0.992375, 161, 137, 224, 168
-0.992386, 65, 305, 192, 368
-0.992392, 105, 41, 168, 72
-0.992395, 225, 17, 352, 80
-0.992403, 273, 161, 336, 192
-0.992425, 153, 49, 216, 80
-0.992433, 113, 305, 240, 368
-0.99245, 313, 181, 376, 212
-0.992458, 1, 93, 64, 124
-0.992462, 1, 57, 256, 120
-0.992482, 193, 65, 256, 96
-0.992485, 25, 29, 88, 60
-0.992487, 169, 169, 232, 232
-0.992495, 201, 173, 264, 204
-0.992499, 345, 345, 408, 375
-0.992531, 185, 137, 248, 168
-0.992538, 53, 61, 84, 92
-0.99255, 121, 113, 184, 144
-0.992571, 433, 89, 496, 120
-0.992579, 345, 317, 408, 348
-0.99259, 313, 133, 376, 164
-0.992619, 113, 25, 176, 56
-0.992625, 397, 121, 428, 184
-0.992626, 401, 121, 464, 152
-0.992629, 105, 101, 168, 132
-0.992644, 225, 41, 288, 104
-0.992647, 385, 77, 448, 108
-0.992653, 121, 1, 152, 64
-0.992667, 93, 65, 124, 96
-0.992675, 173, 145, 204, 272
-0.992679, 73, 105, 104, 136
-0.99268, 385, 337, 448, 368
-0.992682, 233, 341, 296, 372
-0.992693, 41, 345, 104, 375
-0.9927, 321, 317, 384, 348
-0.9927, 169, 101, 232, 132
-0.992711, 25, 45, 88, 76
-0.992717, 49, 133, 112, 164
-0.99272, 365, 97, 396, 160
-0.992726, 369, 169, 432, 232
-0.992727, 153, 161, 216, 192
-0.992731, 65, 321, 128, 352
-0.992735, 377, 117, 440, 148
-0.992748, 393, 193, 456, 256
-0.992748, 29, 105, 60, 136
-0.992748, 113, 321, 176, 352
-0.992753, 201, 113, 264, 144
-0.992764, 209, 145, 240, 176
-0.992772, 401, 105, 464, 136
-0.992775, 1, 77, 64, 108
-0.992777, 289, 125, 352, 156
-0.992789, 265, 125, 328, 156
-0.992795, 209, 341, 272, 372
-0.992798, 397, 313, 428, 375
-0.992799, 321, 345, 384, 375
-0.9928, 273, 317, 336, 348
-0.992834, 5, 109, 36, 140
-0.992839, 137, 137, 200, 168
-0.992842, 65, 1, 96, 64
-0.992842, 121, 125, 184, 156
-0.992864, 337, 57, 464, 120
-0.992884, 57, 333, 88, 364
-0.99289, 193, 125, 224, 156
-0.992893, 145, 101, 208, 132
-0.992898, 217, 65, 280, 96
-0.9929, 177, 321, 240, 352
-0.992901, 65, 345, 128, 375
-0.992902, 193, 121, 448, 184
-0.992902, 321, 169, 448, 232
-0.992909, 409, 337, 472, 368
-0.992926, 1, 45, 32, 76
-0.992934, 201, 53, 264, 84
-0.992935, 73, 161, 136, 288
-0.992936, 89, 321, 152, 352
-0.992939, 41, 321, 104, 352
-0.992943, 289, 185, 352, 216
-0.992943, 153, 113, 184, 144
-0.992956, 73, 157, 136, 188
-0.992969, 1, 25, 256, 88
-0.992979, 325, 165, 356, 196
-0.992981, 433, 337, 496, 368
-0.992986, 277, 149, 308, 180
-0.992993, 77, 333, 108, 364
-0.992997, 293, 177, 324, 240
-0.993011, 197, 97, 228, 160
-0.993021, 233, 145, 264, 176
-0.993036, 425, 113, 456, 240
-0.993083, 1, 121, 500, 184
-0.993093, 37, 53, 68, 84
-0.993097, 301, 137, 332, 168
-0.993102, 37, 145, 68, 272
-0.993105, 17, 241, 80, 368
-0.99314, 277, 329, 308, 360
-0.993149, 89, 81, 120, 144
-0.99316, 309, 65, 340, 192
-0.993169, 249, 81, 280, 208
-0.99317, 65, 1, 128, 375
-0.993177, 241, 89, 304, 152
-0.993194, 249, 329, 280, 360
-0.993226, 77, 61, 108, 92
-0.99324, 49, 145, 80, 272
-0.993254, 293, 329, 324, 360
-0.993272, 81, 117, 112, 148
-0.993281, 329, 313, 360, 375
-0.993282, 253, 145, 284, 176
-0.993302, 237, 329, 268, 360
-0.993331, 261, 329, 292, 360
-0.993334, 17, 305, 144, 368
-0.993352, 369, 25, 496, 88
-0.993359, 273, 177, 304, 240
-0.993368, 121, 97, 152, 160
-0.993385, 209, 49, 336, 112
-0.993408, 181, 1, 212, 64
-0.993415, 277, 133, 308, 164
-0.993447, 181, 25, 212, 88
-0.993455, 461, 325, 492, 356
-0.993457, 321, 289, 384, 352
-0.993459, 181, 113, 212, 144
-0.99346, 65, 65, 96, 96
-0.993465, 153, 89, 184, 120
-0.99347, 141, 25, 172, 88
-0.993472, 305, 329, 336, 360
-0.993475, 237, 157, 268, 188
-0.993479, 273, 89, 336, 152
-0.993482, 337, 185, 400, 248
-0.993483, 33, 97, 288, 160
-0.993486, 177, 125, 208, 156
-0.993501, 1, 145, 256, 208
-0.99352, 45, 333, 76, 364
-0.993542, 461, 33, 492, 160
-0.993549, 433, 161, 496, 288
-0.993552, 93, 333, 124, 364
-0.993558, 205, 145, 236, 272
-0.993563, 97, 145, 128, 176
-0.993566, 29, 333, 60, 364
-0.993583, 225, 169, 256, 232
-0.99361, 445, 325, 476, 356
-0.993622, 317, 313, 348, 375
-0.993632, 421, 73, 452, 136
-0.993638, 193, 145, 224, 272
-0.993641, 117, 149, 148, 180
-0.993679, 69, 121, 100, 152
-0.993703, 357, 313, 388, 375
-0.993705, 177, 73, 208, 136
-0.993708, 197, 149, 228, 180
-0.993715, 385, 177, 448, 304
-0.993724, 169, 1, 200, 64
-0.993734, 5, 333, 36, 364
-0.993741, 433, 325, 464, 356
-0.993761, 237, 177, 268, 240
-0.99377, 369, 145, 432, 208
-0.993779, 221, 145, 252, 176
-0.993798, 109, 53, 140, 84
-0.993828, 229, 49, 260, 176
-0.993843, 1, 1, 256, 64
-0.993865, 305, 17, 432, 80
-0.993907, 321, 329, 352, 360
-0.993915, 17, 333, 48, 364
-0.993926, 105, 333, 136, 364
-0.993927, 137, 169, 200, 232
-0.993929, 269, 313, 300, 375
-0.993939, 209, 129, 336, 160
-0.99396, 53, 97, 84, 128
-0.993966, 285, 145, 300, 208
-0.993968, 93, 53, 124, 84
-0.993978, 17, 101, 48, 132
-0.993986, 225, 149, 352, 180
-0.994008, 301, 157, 332, 188
-0.994018, 225, 329, 256, 360
-0.994019, 161, 149, 192, 180
-0.994039, 217, 157, 248, 188
-0.994048, 413, 325, 444, 356
-0.994065, 345, 289, 408, 352
-0.994079, 401, 73, 432, 136
-0.994107, 177, 9, 304, 72
-0.994114, 205, 125, 236, 156
-0.994116, 377, 289, 440, 352
-0.994137, 461, 81, 492, 144
-0.994149, 149, 1, 180, 64
-0.994155, 397, 129, 428, 256
-0.994172, 305, 313, 336, 375
-0.994176, 149, 149, 180, 180
-0.994179, 453, 97, 484, 128
-0.994187, 17, 57, 48, 88
-0.994191, 361, 329, 392, 360
-0.994202, 341, 325, 372, 356
-0.994212, 121, 333, 152, 364
-0.994218, 409, 161, 472, 288
-0.994227, 97, 33, 128, 64
-0.99423, 37, 117, 68, 148
-0.994233, 157, 329, 188, 360
-0.994235, 1, 109, 128, 140
-0.99425, 85, 145, 116, 176
-0.994251, 217, 289, 280, 352
-0.994254, 133, 149, 164, 180
-0.994255, 153, 305, 184, 368
-0.994263, 213, 329, 244, 360
-0.994278, 161, 101, 192, 132
-0.994293, 9, 145, 40, 272
-0.994317, 133, 1, 164, 64
-0.99434, 133, 333, 164, 364
-0.994343, 109, 1, 140, 64
-0.994344, 145, 149, 272, 180
-0.994348, 401, 289, 464, 352
-0.994353, 1, 153, 500, 216
-0.994356, 389, 329, 420, 360
-0.99438, 401, 325, 432, 356
-0.994384, 213, 97, 244, 160
-0.994388, 193, 333, 224, 364
-0.994389, 105, 169, 168, 232
-0.994392, 73, 49, 104, 80
-0.994395, 291, 137, 306, 200
-0.994413, 169, 113, 200, 144
-0.994422, 373, 329, 404, 360
-0.994428, 173, 149, 204, 180
-0.994449, 97, 1, 128, 64
-0.994467, 105, 117, 136, 148
-0.994476, 169, 329, 200, 360
-0.994487, 353, 97, 416, 352
-0.994489, 313, 133, 344, 164
-0.994504, 33, 145, 64, 208
-0.994506, 181, 53, 212, 84
-0.99451, 145, 333, 176, 364
-0.994514, 329, 49, 360, 176
-0.994525, 285, 313, 316, 375
-0.994539, 73, 145, 104, 176
-0.994541, 141, 105, 172, 136
-0.994548, 161, 125, 192, 156
-0.994571, 325, 137, 356, 200
-0.994582, 305, 153, 320, 216
-0.994589, 121, 53, 152, 84
-0.994602, 129, 125, 256, 156
-0.994623, 265, 129, 296, 160
-0.994642, 289, 129, 320, 160
-0.994643, 305, 89, 432, 152
-0.994655, 193, 145, 448, 208
-0.994675, 257, 97, 500, 160
-0.994679, 13, 145, 44, 176
-0.994706, 85, 101, 116, 132
-0.994707, 1, 17, 500, 80
-0.994753, 317, 241, 348, 368
-0.994764, 129, 97, 384, 160
-0.994778, 221, 169, 252, 200
-0.994778, 337, 169, 368, 200
-0.994801, 257, 313, 500, 375
-0.994802, 61, 145, 92, 176
-0.994817, 1, 145, 32, 176
-0.994833, 245, 153, 260, 216
-0.994852, 305, 177, 336, 304
-0.994867, 17, 45, 48, 76
-0.994872, 181, 329, 212, 360
-0.994883, 17, 29, 48, 60
-0.994888, 17, 113, 48, 144
-0.994889, 97, 17, 352, 80
-0.994893, 225, 329, 352, 360
-0.994924, 113, 41, 144, 72
-0.994924, 197, 109, 228, 140
-0.994925, 97, 1, 160, 375
-0.994932, 369, 193, 432, 256
-0.994946, 237, 177, 268, 208
-0.99495, 469, 93, 500, 124
-0.994966, 1, 41, 500, 104
-0.994967, 121, 1, 184, 375
-0.994967, 141, 89, 172, 120
-0.994968, 109, 101, 140, 132
-0.994974, 193, 169, 448, 232
-0.994981, 337, 241, 368, 368
-0.99499, 413, 113, 444, 240
-0.994999, 1, 29, 32, 60
-0.995002, 249, 157, 280, 188
-0.99501, 49, 113, 64, 176
-0.995017, 305, 241, 336, 368
-0.995029, 257, 289, 320, 352
-0.995032, 97, 97, 128, 128
-0.995042, 149, 125, 180, 156
-0.995062, 281, 177, 312, 304
-0.995065, 105, 65, 136, 96
-0.995072, 49, 49, 80, 80
-0.995093, 57, 121, 88, 152
-0.995097, 41, 97, 72, 128
-0.995098, 37, 41, 68, 72
-0.995099, 185, 149, 216, 180
-0.995111, 217, 125, 248, 156
-0.99512, 113, 121, 128, 184
-0.995128, 441, 85, 472, 116
-0.995139, 89, 133, 120, 164
-0.995169, 251, 121, 266, 184
-0.995192, 5, 57, 36, 88
-0.995205, 161, 77, 192, 108
-0.995213, 57, 113, 72, 176
-0.995216, 279, 145, 294, 208
-0.99522, 357, 345, 388, 375
-0.995229, 23, 105, 38, 168
-0.995231, 457, 129, 488, 256
-0.995231, 41, 241, 104, 368
-0.995236, 275, 121, 290, 184
-0.995247, 25, 145, 56, 176
-0.995247, 269, 185, 300, 216
-0.995256, 209, 113, 240, 144
-0.995262, 245, 129, 276, 160
-0.995263, 181, 241, 212, 368
-0.995263, 273, 137, 400, 168
-0.995264, 53, 81, 68, 144
-0.995309, 17, 33, 144, 64
-0.99531, 1, 65, 500, 128
-0.995393, 25, 161, 56, 288
-0.99541, 89, 129, 152, 375
-0.995412, 49, 49, 64, 112
-0.995419, 29, 113, 44, 176
-0.995435, 259, 137, 274, 200
-0.995457, 149, 241, 180, 368
-0.995474, 35, 113, 50, 176
-0.995512, 433, 289, 496, 352
-0.995514, 7, 105, 22, 168
-0.995525, 81, 53, 208, 84
-0.995601, 1, 333, 128, 364
-0.995607, 289, 57, 416, 120
-0.995626, 63, 113, 78, 176
-0.995626, 137, 241, 168, 368
-0.99563, 257, 161, 384, 192
-0.995644, 1, 161, 128, 224
-0.995654, 81, 125, 208, 156
-0.995698, 17, 105, 32, 168
-0.995707, 1, 97, 500, 160
-0.995731, 1, 53, 128, 84
-0.995735, 197, 1, 228, 256
-0.995736, 211, 121, 226, 184
-0.995736, 107, 113, 122, 176
-0.99574, 245, 121, 260, 184
-0.995741, 57, 177, 120, 240
-0.99575, 237, 145, 252, 208
-0.995759, 125, 241, 156, 368
-0.995774, 321, 329, 448, 360
-0.995798, 251, 145, 266, 208
-0.995802, 151, 121, 166, 184
-0.995817, 385, 241, 416, 368
-0.995853, 425, 241, 456, 368
-0.995854, 71, 57, 86, 120
-0.995864, 81, 149, 208, 180
-0.99592, 101, 57, 116, 120
-0.995928, 109, 241, 140, 368
-0.995942, 397, 241, 428, 368
-0.995947, 297, 137, 312, 200
-0.99595, 193, 57, 448, 120
-0.995955, 321, 57, 384, 120
-0.995955, 81, 113, 208, 144
-0.995991, 205, 121, 220, 184
-0.995997, 25, 1, 56, 256
-0.995998, 245, 241, 276, 368
-0.995999, 123, 121, 138, 184
-0.996, 117, 161, 148, 288
-0.996021, 353, 241, 384, 368
-0.996033, 311, 153, 326, 216
-0.996043, 209, 161, 336, 192
-0.996046, 49, 333, 176, 364
-0.996051, 157, 113, 172, 176
-0.996054, 65, 161, 96, 288
-0.996054, 245, 177, 276, 304
-0.996094, 83, 121, 98, 184
-0.996119, 177, 329, 304, 360
-0.996129, 321, 129, 384, 375
-0.996144, 143, 121, 158, 184
-0.996162, 89, 265, 152, 328
-0.996163, 369, 325, 496, 356
-0.996194, 97, 49, 352, 112
-0.996196, 69, 105, 84, 168
-0.996221, 33, 145, 160, 176
-0.996225, 17, 121, 144, 152
-0.996279, 185, 1, 216, 256
-0.99628, 281, 241, 312, 368
-0.99629, 377, 97, 440, 352
-0.996297, 199, 121, 214, 184
-0.996297, 91, 57, 106, 120
-0.996304, 97, 313, 352, 375
-0.996316, 293, 241, 324, 368
-0.99635, 209, 145, 224, 208
-0.996372, 65, 257, 128, 320
-0.996377, 273, 329, 400, 360
-0.996402, 131, 121, 146, 184
-0.996416, 41, 113, 56, 176
-0.996455, 269, 121, 284, 184
-0.996483, 81, 101, 208, 132
-0.996493, 145, 161, 272, 192
-0.996503, 289, 289, 416, 352
-0.996504, 137, 121, 152, 184
-0.996525, 113, 41, 128, 104
-0.99654, 215, 145, 230, 208
-0.996577, 107, 65, 122, 128
-0.996584, 237, 121, 252, 184
-0.996601, 161, 137, 288, 168
-0.996605, 3, 25, 18, 88
-0.996607, 129, 333, 256, 364
-0.996636, 5, 65, 36, 320
-0.996646, 289, 125, 416, 156
-0.99665, 101, 105, 116, 168
-0.996657, 177, 121, 192, 184
-0.996682, 85, 57, 100, 120
-0.996696, 41, 1, 72, 256
-0.996703, 203, 145, 218, 208
-0.996707, 341, 161, 356, 224
-0.996728, 77, 57, 92, 120
-0.996734, 225, 17, 480, 80
-0.996742, 1, 177, 500, 240
-0.996743, 81, 41, 208, 72
-0.99675, 89, 121, 104, 184
-0.996755, 39, 25, 54, 88
-0.996756, 97, 73, 352, 136
-0.996766, 209, 1, 240, 256
-0.996771, 283, 121, 298, 184
-0.996787, 15, 25, 30, 88
-0.996832, 31, 25, 46, 88
-0.99685, 225, 145, 240, 208
-0.996854, 169, 1, 200, 256
-0.99688, 65, 169, 320, 232
-0.996884, 361, 177, 424, 304
-0.996896, 49, 281, 112, 344
-0.9969, 433, 97, 496, 352
-0.996905, 369, 137, 496, 200
-0.996919, 225, 121, 240, 184
-0.996921, 97, 169, 224, 232
-0.996933, 159, 89, 174, 152
-0.996937, 9, 25, 24, 88
-0.996937, 129, 113, 256, 144
-0.996963, 1, 305, 256, 368
-0.996975, 57, 49, 72, 112
-0.996977, 193, 145, 208, 208
-0.996977, 193, 65, 320, 96
-0.996979, 113, 137, 240, 168
-0.996982, 177, 289, 304, 352
-0.996983, 191, 121, 206, 184
-0.996985, 153, 65, 184, 320
-0.996988, 61, 65, 92, 320
-0.996989, 353, 85, 480, 116
-0.997016, 129, 57, 256, 88
-0.997021, 77, 121, 92, 184
-0.997045, 21, 25, 36, 88
-0.99711, 169, 121, 184, 184
-0.997113, 45, 25, 60, 88
-0.997147, 337, 289, 464, 352
-0.997176, 93, 1, 124, 256
-0.997176, 225, 1, 256, 256
-0.9972, 237, 1, 268, 256
-0.997238, 263, 113, 278, 176
-0.99725, 81, 65, 208, 96
-0.997252, 267, 145, 282, 208
-0.997268, 219, 121, 234, 184
-0.997298, 317, 153, 332, 216
-0.997303, 179, 145, 194, 208
-0.997308, 1, 313, 500, 375
-0.997326, 95, 121, 110, 184
-0.997328, 163, 121, 178, 184
-0.997334, 209, 181, 336, 212
-0.997344, 73, 1, 104, 256
-0.997366, 273, 145, 288, 208
-0.997378, 185, 121, 200, 184
-0.997389, 1, 97, 16, 160
-0.997393, 369, 185, 496, 248
-0.997411, 369, 109, 496, 140
-0.997419, 17, 65, 144, 96
-0.99742, 297, 1, 328, 256
-0.997429, 105, 33, 120, 96
-0.99743, 1, 97, 128, 128
-0.997432, 53, 25, 68, 88
-0.997432, 49, 169, 176, 232
-0.997442, 185, 145, 200, 208
-0.997455, 401, 1, 432, 256
-0.997463, 17, 133, 144, 164
-0.99748, 281, 1, 312, 256
-0.997529, 43, 49, 58, 112
-0.997535, 269, 1, 300, 256
-0.997554, 241, 341, 368, 372
-0.997574, 389, 1, 420, 256
-0.997609, 61, 25, 76, 88
-0.997636, 325, 1, 356, 256
-0.997641, 17, 157, 144, 188
-0.997656, 97, 33, 112, 96
-0.997657, 49, 49, 80, 64
-0.997658, 141, 109, 172, 124
-0.997659, 57, 335, 88, 350
-0.99766, 145, 173, 272, 204
-0.99766, 101, 51, 132, 66
-0.997663, 445, 113, 476, 128
-0.997665, 253, 129, 284, 144
-0.997665, 417, 1, 448, 256
-0.997666, 53, 65, 84, 80
-0.997667, 469, 129, 500, 144
-0.997668, 385, 329, 416, 344
-0.997669, 345, 163, 376, 178
-0.997672, 177, 333, 208, 348
-0.997675, 309, 187, 340, 202
-0.997679, 145, 57, 176, 72
-0.997679, 225, 149, 256, 164
-0.997683, 213, 69, 244, 84
-0.997686, 21, 49, 36, 112
-0.997686, 301, 153, 332, 168
-0.997686, 237, 179, 268, 194
-0.997687, 245, 333, 276, 348
-0.997687, 97, 161, 224, 192
-0.997688, 241, 165, 272, 180
-0.997697, 93, 61, 124, 76
-0.997698, 345, 137, 376, 152
-0.997702, 469, 97, 500, 112
-0.997702, 257, 331, 288, 346
-0.997703, 63, 109, 78, 140
-0.997711, 209, 155, 240, 170
-0.997715, 369, 329, 400, 344
-0.997715, 113, 81, 128, 144
-0.997716, 377, 1, 408, 256
-0.997718, 165, 333, 196, 348
-0.997719, 149, 119, 180, 134
-0.997721, 257, 181, 384, 212
-0.997722, 221, 333, 252, 348
-0.997723, 281, 149, 296, 180
-0.997723, 385, 137, 416, 152
-0.997724, 29, 1, 44, 64
-0.997727, 257, 1, 288, 256
-0.997727, 141, 103, 172, 118
-0.997728, 9, 103, 40, 118
-0.997729, 323, 161, 338, 224
-0.997734, 89, 123, 120, 138
-0.997735, 153, 89, 184, 104
-0.997739, 291, 137, 306, 168
-0.99774, 469, 327, 500, 342
-0.997741, 25, 123, 56, 138
-0.997741, 81, 89, 208, 120
-0.997747, 299, 137, 314, 168
-0.997749, 329, 171, 360, 186
-0.997752, 369, 337, 496, 368
-0.997757, 425, 329, 456, 344
-0.997759, 233, 333, 264, 348
-0.997762, 3, 1, 18, 64
-0.997768, 233, 129, 264, 144
-0.997769, 141, 65, 172, 320
-0.997778, 59, 97, 74, 128
-0.99778, 17, 337, 48, 352
-0.997783, 53, 105, 68, 136
-0.997783, 297, 149, 312, 180
-0.997784, 13, 55, 44, 70
-0.997785, 133, 125, 164, 140
-0.997786, 93, 335, 124, 350
-0.997789, 285, 331, 316, 346
-0.997797, 297, 331, 328, 346
-0.997798, 457, 95, 488, 110
-0.997799, 81, 335, 112, 350
-0.9978, 33, 105, 64, 120
-0.997803, 325, 331, 356, 346
-0.997806, 73, 105, 88, 136
-0.997807, 185, 119, 216, 134
-0.99781, 289, 149, 304, 180
-0.997812, 449, 329, 480, 344
-0.997813, 13, 115, 44, 130
-0.997815, 113, 125, 144, 140
-0.997816, 97, 29, 224, 60
-0.997819, 305, 137, 320, 168
-0.997819, 15, 1, 30, 64
-0.997821, 57, 57, 72, 88
-0.997821, 397, 329, 428, 344
-0.997821, 145, 69, 272, 100
-0.997829, 63, 61, 78, 92
-0.997829, 217, 163, 248, 178
-0.997831, 5, 337, 36, 352
-0.997835, 83, 105, 98, 136
-0.997835, 437, 329, 468, 344
-0.997836, 81, 333, 96, 364
-0.997837, 61, 123, 92, 138
-0.997838, 341, 331, 372, 346
-0.99784, 103, 113, 118, 144
-0.997844, 409, 97, 472, 352
-0.997845, 309, 331, 340, 346
-0.997846, 1, 47, 32, 62
-0.997849, 105, 65, 120, 96
-0.99785, 49, 53, 64, 84
-0.99785, 339, 165, 354, 196
-0.997851, 151, 97, 166, 160
-0.997854, 153, 113, 184, 128
-0.997856, 413, 329, 444, 344
-0.997857, 73, 333, 88, 364
-0.997859, 81, 109, 112, 124
-0.997863, 329, 161, 344, 224
-0.997863, 115, 53, 130, 84
-0.997869, 37, 1, 52, 64
-0.997876, 213, 145, 228, 176
-0.997877, 305, 317, 432, 348
-0.99788, 21, 1, 36, 64
-0.997881, 73, 117, 88, 148
-0.997882, 241, 149, 256, 180
-0.997882, 193, 125, 208, 156
-0.997883, 13, 105, 28, 136
-0.997884, 285, 129, 300, 160
-0.997886, 89, 109, 104, 140
-0.997887, 173, 145, 188, 208
-0.997887, 223, 145, 238, 176
-0.997887, 87, 333, 102, 364
-0.997888, 173, 151, 204, 166
-0.99789, 277, 329, 292, 360
-0.997893, 261, 329, 276, 360
-0.997894, 201, 121, 232, 136
-0.997895, 465, 1, 496, 256
-0.997897, 291, 329, 306, 360
-0.997898, 59, 85, 74, 116
-0.997899, 99, 65, 114, 96
-0.9979, 269, 329, 284, 360
-0.9979, 283, 329, 298, 360
-0.997901, 201, 125, 216, 156
-0.997901, 63, 333, 78, 364
-0.997904, 303, 329, 318, 360
-0.997906, 309, 329, 324, 360
-0.997906, 109, 333, 124, 364
-0.997907, 9, 1, 24, 64
-0.997909, 469, 115, 500, 130
-0.99791, 463, 325, 478, 356
-0.99791, 67, 25, 82, 88
-0.99791, 255, 329, 270, 360
-0.99791, 297, 141, 328, 156
-0.997911, 69, 61, 84, 92
-0.997911, 209, 125, 224, 156
-0.997912, 93, 333, 108, 364
-0.997914, 109, 117, 124, 148
-0.997917, 83, 117, 98, 148
-0.997921, 327, 329, 342, 360
-0.997921, 249, 329, 264, 360
-0.997921, 57, 333, 72, 364
-0.997922, 469, 325, 484, 356
-0.997924, 103, 333, 118, 364
-0.997925, 297, 329, 312, 360
-0.997927, 121, 149, 136, 180
-0.997927, 477, 325, 492, 356
-0.997928, 457, 325, 472, 356
-0.997929, 89, 61, 104, 92
-0.997929, 51, 333, 66, 364
-0.99793, 99, 145, 114, 176
-0.997932, 83, 145, 98, 208
-0.997932, 3, 113, 18, 144
-0.997932, 177, 125, 192, 156
-0.997933, 269, 145, 284, 176
-0.997933, 105, 65, 136, 320
-0.997935, 329, 181, 360, 196
-0.997936, 241, 329, 256, 360
-0.997936, 105, 49, 120, 80
-0.997936, 121, 55, 152, 70
-0.997937, 443, 325, 458, 356
-0.997938, 321, 329, 336, 360
-0.997938, 19, 105, 34, 136
-0.997938, 485, 325, 500, 356
-0.997939, 157, 105, 172, 136
-0.99794, 229, 145, 244, 176
-0.99794, 111, 145, 126, 176
-0.997941, 13, 121, 44, 136
-0.997945, 49, 117, 64, 148
-0.997946, 29, 333, 44, 364
-0.997946, 165, 149, 180, 180
-0.997946, 449, 325, 464, 356
-0.997947, 245, 161, 260, 192
-0.997948, 95, 109, 110, 140
-0.997948, 37, 333, 52, 364
-0.997951, 117, 333, 132, 364
-0.997951, 15, 49, 30, 80
-0.997952, 53, 85, 68, 116
-0.997954, 461, 121, 492, 136
-0.997954, 43, 333, 58, 364
-0.997954, 89, 121, 104, 152
-0.997955, 331, 161, 346, 192
-0.997956, 315, 329, 330, 360
-0.997957, 415, 325, 430, 356
-0.997957, 303, 153, 318, 184
-0.997957, 43, 53, 58, 84
-0.997958, 437, 325, 452, 356
-0.997959, 77, 65, 92, 96
-0.997959, 187, 125, 202, 156
-0.997959, 111, 33, 126, 64
-0.99796, 235, 145, 250, 176
-0.99796, 155, 149, 170, 180
-0.99796, 337, 329, 352, 360
-0.997963, 15, 333, 30, 364
-0.997964, 235, 329, 250, 360
-0.997964, 185, 113, 200, 144
-0.997966, 253, 145, 268, 176
-0.997967, 153, 105, 184, 120
-0.997968, 199, 113, 214, 144
-0.997969, 35, 109, 50, 140
-0.997969, 5, 333, 20, 364
-0.997972, 121, 61, 152, 76
-0.997973, 311, 141, 326, 172
-0.997973, 139, 53, 154, 84
-0.997973, 421, 325, 436, 356
-0.997975, 171, 149, 186, 180
-0.997975, 461, 97, 476, 128
-0.997975, 275, 145, 290, 176
-0.997976, 23, 333, 38, 364
-0.997978, 429, 325, 444, 356
-0.997978, 43, 117, 58, 148
-0.997979, 123, 333, 138, 364
-0.997979, 135, 333, 150, 364
-0.99798, 29, 105, 44, 136
-0.99798, 127, 149, 142, 180
-0.997981, 357, 329, 372, 360
-0.997982, 7, 101, 22, 132
-0.997983, 105, 107, 136, 122
-0.997983, 351, 329, 366, 360
-0.997985, 373, 329, 388, 360
-0.997985, 21, 61, 52, 76
-0.997985, 191, 113, 206, 144
-0.997986, 227, 329, 242, 360
-0.997986, 305, 165, 432, 196
-0.997988, 99, 53, 114, 84
-0.997989, 367, 329, 382, 360
-0.997989, 381, 329, 396, 360
-0.997989, 133, 149, 148, 180
-0.99799, 343, 329, 358, 360
-0.997991, 129, 333, 144, 364
-0.997991, 403, 325, 418, 356
-0.997992, 105, 61, 136, 76
-0.997993, 105, 145, 120, 176
-0.997994, 17, 85, 144, 116
-0.998002, 37, 49, 52, 112
-0.998012, 285, 161, 316, 176
-0.998019, 89, 145, 104, 208
-0.998021, 369, 97, 496, 128
-0.998022, 149, 125, 180, 140
-0.998022, 41, 89, 56, 152
-0.998033, 77, 25, 92, 88
-0.998034, 305, 133, 336, 148
-0.998037, 129, 81, 256, 112
-0.998039, 37, 117, 68, 132
-0.99804, 257, 317, 384, 348
-0.998047, 185, 149, 216, 164
-0.998058, 75, 145, 90, 208
-0.998059, 49, 1, 64, 64
-0.998059, 97, 35, 128, 50
-0.998072, 89, 33, 104, 96
-0.998077, 61, 117, 92, 132
-0.998083, 289, 345, 416, 375
-0.998098, 461, 97, 476, 160
-0.99811, 75, 97, 90, 160
-0.998112, 177, 97, 208, 352
-0.998118, 345, 1, 376, 256
-0.998119, 169, 125, 200, 140
-0.998122, 153, 95, 184, 110
-0.998125, 161, 119, 192, 134
-0.998127, 25, 117, 56, 132
-0.99813, 209, 127, 240, 142
-0.998136, 293, 135, 324, 150
-0.998137, 1, 345, 128, 375
-0.998139, 65, 65, 96, 80
-0.998147, 365, 1, 396, 256
-0.998147, 145, 101, 272, 132
-0.998149, 193, 341, 320, 372
-0.998152, 221, 155, 252, 170
-0.998155, 177, 113, 304, 144
-0.998187, 305, 161, 336, 176
-0.998192, 213, 149, 244, 164
-0.998198, 257, 289, 500, 352
-0.998198, 33, 55, 64, 70
-0.998218, 53, 105, 84, 120
-0.998218, 41, 97, 72, 352
-0.99822, 313, 1, 344, 256
-0.998224, 57, 1, 72, 64
-0.998224, 231, 145, 246, 208
-0.998225, 81, 63, 112, 78
-0.998227, 101, 113, 132, 128
-0.998228, 81, 77, 208, 108
-0.998231, 93, 67, 124, 82
-0.99825, 113, 321, 240, 352
-0.998265, 257, 145, 288, 160
-0.998269, 269, 131, 300, 146
-0.99828, 97, 5, 224, 36
-0.998284, 471, 89, 486, 152
-0.99829, 99, 145, 114, 208
-0.998291, 369, 121, 496, 152
-0.998292, 165, 97, 196, 352
-0.998295, 347, 169, 362, 232
-0.998314, 197, 149, 228, 164
-0.998314, 113, 145, 128, 208
-0.998315, 49, 345, 176, 375
-0.998321, 305, 113, 432, 144
-0.998321, 237, 149, 268, 164
-0.998322, 309, 139, 340, 154
-0.998328, 181, 125, 212, 140
-0.99834, 167, 145, 182, 208
-0.998344, 83, 25, 98, 88
-0.998349, 441, 1, 472, 256
-0.998369, 33, 137, 48, 200
-0.998372, 273, 149, 400, 180
-0.998376, 335, 161, 350, 224
-0.998386, 293, 147, 324, 162
-0.998394, 257, 113, 272, 176
-0.998401, 43, 1, 58, 64
-0.998409, 33, 321, 160, 352
-0.998418, 229, 163, 260, 178
-0.998422, 1, 55, 32, 70
-0.998423, 265, 157, 296, 172
-0.998424, 305, 181, 432, 212
-0.998434, 67, 1, 82, 64
-0.998436, 41, 111, 72, 126
-0.998442, 1, 289, 500, 352
-0.998445, 231, 121, 246, 184
-0.998454, 277, 97, 308, 352
-0.998458, 353, 73, 480, 104
-0.998459, 369, 161, 496, 224
-0.998466, 133, 61, 164, 76
-0.998467, 129, 1, 160, 256
-0.998472, 161, 45, 288, 76
-0.998475, 101, 119, 132, 134
-0.998482, 57, 113, 120, 128
-0.998483, 1, 111, 64, 126
-0.998483, 57, 81, 72, 208
-0.998485, 197, 127, 228, 142
-0.998493, 429, 1, 460, 256
-0.998494, 1, 115, 32, 130
-0.998496, 303, 129, 318, 192
-0.998498, 237, 169, 252, 232
-0.998505, 161, 289, 416, 352
-0.998516, 325, 165, 356, 180
-0.998517, 249, 153, 312, 168
-0.99852, 9, 55, 72, 70
-0.998524, 209, 73, 336, 136
-0.998528, 249, 137, 312, 152
-0.998531, 25, 109, 88, 124
-0.998535, 25, 117, 88, 132
-0.998537, 17, 21, 144, 52
-0.99854, 241, 147, 304, 162
-0.998545, 185, 149, 248, 164
-0.998548, 161, 151, 224, 166
-0.998549, 209, 149, 272, 164
-0.998549, 455, 97, 470, 160
-0.99855, 105, 61, 168, 76
-0.998551, 17, 61, 80, 76
-0.998553, 273, 159, 336, 174
-0.998554, 101, 49, 116, 176
-0.998557, 65, 49, 80, 176
-0.998557, 249, 131, 312, 146
-0.998562, 57, 65, 120, 80
-0.998564, 169, 123, 232, 138
-0.998565, 289, 133, 352, 148
-0.998566, 273, 149, 336, 164
-0.998573, 209, 157, 272, 172
-0.998576, 193, 127, 256, 142
-0.998576, 273, 139, 336, 154
-0.998578, 137, 57, 200, 72
-0.998583, 13, 49, 28, 112
-0.998584, 73, 51, 136, 66
-0.998585, 105, 145, 120, 208
-0.998586, 189, 97, 220, 352
-0.99859, 241, 159, 304, 174
-0.998591, 1, 105, 64, 120
-0.998594, 97, 125, 160, 140
-0.998594, 97, 55, 160, 70
-0.998595, 145, 125, 208, 140
-0.998596, 369, 313, 496, 344
-0.998596, 305, 139, 368, 154
-0.998597, 73, 35, 136, 50
-0.998597, 253, 153, 284, 168
-0.998601, 9, 123, 72, 138
-0.998601, 297, 165, 360, 180
-0.998603, 1, 117, 64, 132
-0.998605, 73, 119, 136, 134
-0.998606, 285, 141, 316, 156
-0.998606, 49, 123, 112, 138
-0.998606, 49, 49, 64, 176
-0.998607, 217, 141, 280, 156
-0.998608, 49, 47, 112, 62
-0.99861, 161, 145, 224, 160
-0.998611, 185, 163, 248, 178
-0.998612, 269, 149, 300, 164
-0.998613, 49, 107, 112, 122
-0.998613, 185, 155, 248, 170
-0.998615, 401, 329, 464, 344
-0.998616, 329, 135, 392, 150
-0.998616, 297, 331, 360, 346
-0.998616, 225, 129, 288, 144
-0.998616, 137, 147, 200, 162
-0.998617, 425, 93, 488, 108
-0.998617, 193, 141, 256, 156
-0.998618, 169, 63, 232, 78
-0.998618, 361, 329, 424, 344
-0.998619, 73, 59, 136, 74
-0.99862, 217, 333, 280, 348
-0.998622, 329, 331, 392, 346
-0.998623, 145, 333, 208, 348
-0.998624, 433, 329, 496, 344
-0.998625, 73, 335, 136, 350
-0.998625, 209, 53, 336, 84
-0.998626, 17, 49, 80, 64
-0.998626, 265, 331, 328, 346
-0.998626, 49, 335, 112, 350
-0.998626, 121, 125, 184, 140
-0.998627, 1, 337, 64, 352
-0.998627, 65, 81, 128, 96
-0.998627, 137, 63, 200, 78
-0.998628, 113, 145, 176, 160
-0.998628, 209, 163, 272, 178
-0.998628, 209, 67, 272, 82
-0.998628, 33, 55, 96, 70
-0.998629, 169, 333, 232, 348
-0.998629, 425, 117, 488, 132
-0.99863, 433, 99, 496, 114
-0.998631, 121, 161, 184, 176
-0.998631, 1, 147, 64, 162
-0.998634, 169, 129, 232, 144
-0.998635, 97, 151, 160, 166
-0.998635, 297, 159, 360, 174
-0.998635, 65, 145, 128, 160
-0.998636, 81, 113, 144, 128
-0.998636, 241, 331, 304, 346
-0.998637, 25, 335, 88, 350
-0.998638, 193, 333, 256, 348
-0.998639, 89, 145, 152, 160
-0.998639, 97, 335, 160, 350
-0.998639, 177, 57, 240, 72
-0.99864, 25, 77, 88, 92
-0.99864, 129, 119, 192, 134
-0.99864, 25, 103, 88, 118
-0.99864, 65, 101, 128, 116
-0.998641, 409, 87, 472, 102
-0.998641, 297, 145, 360, 160
-0.998642, 233, 185, 296, 200
-0.998643, 209, 135, 272, 150
-0.998644, 289, 113, 304, 176
-0.998645, 89, 67, 152, 82
-0.998645, 297, 151, 360, 166
-0.998646, 297, 185, 360, 200
-0.998647, 41, 33, 104, 48
-0.998648, 401, 117, 464, 132
-0.998648, 69, 111, 100, 126
-0.998648, 433, 131, 496, 146
-0.998648, 433, 111, 496, 126
-0.998649, 33, 145, 96, 160
-0.99865, 297, 171, 360, 186
-0.99865, 337, 165, 400, 180
-0.998651, 169, 75, 232, 90
-0.998651, 433, 123, 496, 138
-0.998652, 401, 77, 464, 92
-0.998652, 1, 141, 64, 156
-0.998652, 161, 105, 224, 120
-0.998654, 273, 187, 336, 202
-0.998655, 169, 99, 232, 114
-0.998655, 73, 125, 136, 140
-0.998655, 161, 85, 224, 100
-0.998656, 105, 45, 168, 60
-0.998656, 453, 1, 484, 256
-0.998656, 25, 159, 88, 174
-0.998657, 121, 335, 184, 350
-0.998657, 169, 117, 232, 132
-0.998657, 65, 93, 128, 108
-0.998657, 73, 45, 136, 60
-0.998657, 89, 107, 152, 122
-0.998657, 145, 163, 208, 178
-0.998659, 65, 75, 128, 90
-0.99866, 25, 85, 88, 100
-0.99866, 57, 161, 120, 176
-0.99866, 161, 139, 224, 154
-0.99866, 1, 31, 64, 46
-0.998661, 65, 151, 128, 166
-0.998661, 225, 169, 288, 184
-0.998663, 353, 137, 416, 152
-0.998663, 121, 101, 184, 116
-0.998663, 137, 153, 200, 168
-0.998663, 45, 59, 76, 74
-0.998663, 409, 99, 472, 114
-0.998689, 95, 49, 110, 176
-0.998691, 107, 97, 122, 224
-0.998703, 25, 97, 56, 352
-0.998714, 107, 49, 122, 176
-0.99872, 225, 17, 352, 48
-0.998724, 49, 117, 80, 132
-0.998725, 29, 111, 60, 126
-0.998735, 177, 17, 304, 48
-0.998744, 93, 97, 108, 224
-0.998745, 117, 65, 148, 320
-0.998746, 39, 49, 54, 176
-0.998748, 101, 97, 116, 224
-0.998749, 83, 65, 98, 192
-0.99876, 55, 33, 70, 160
-0.998775, 113, 33, 128, 160
-0.998784, 281, 149, 312, 164
-0.99879, 73, 97, 88, 224
-0.998791, 329, 193, 392, 320
-0.998791, 289, 129, 304, 256
-0.998804, 305, 65, 432, 96
-0.998812, 257, 113, 384, 144
-0.998812, 289, 97, 320, 352
-0.998818, 23, 49, 38, 176
-0.998818, 45, 97, 60, 224
-0.99882, 67, 113, 82, 240
-0.998832, 77, 49, 92, 176
-0.998833, 233, 157, 264, 172
-0.998836, 261, 97, 292, 352
-0.998838, 1, 5, 128, 36
-0.998842, 177, 317, 304, 348
-0.998845, 71, 49, 86, 176
-0.998862, 321, 137, 448, 168
-0.998867, 157, 97, 172, 224
-0.998877, 9, 109, 40, 124
-0.998879, 87, 113, 102, 240
-0.998892, 1, 265, 256, 328
-0.998899, 89, 49, 104, 176
-0.998904, 283, 129, 298, 256
-0.998909, 281, 135, 312, 150
-0.998931, 81, 113, 96, 240
-0.998949, 193, 101, 320, 132
-0.998952, 229, 129, 260, 375
-0.998961, 51, 97, 66, 224
-0.998969, 203, 97, 218, 224
-0.998976, 1, 49, 16, 176
-0.998993, 193, 97, 208, 224
-0.999, 369, 181, 496, 212
-0.99901, 113, 97, 128, 224
-0.999011, 31, 49, 46, 176
-0.999016, 53, 111, 84, 126
-0.999017, 13, 33, 28, 160
-0.999025, 31, 113, 46, 240
-0.999026, 37, 113, 52, 240
-0.999028, 305, 97, 336, 352
-0.999028, 177, 89, 304, 120
-0.999032, 23, 1, 38, 128
-0.999034, 21, 113, 36, 240
-0.999037, 241, 65, 368, 96
-0.999037, 185, 97, 200, 224
-0.999047, 297, 129, 312, 256
-0.999058, 49, 1, 64, 128
-0.999058, 273, 21, 400, 52
-0.999059, 5, 97, 20, 224
-0.999075, 151, 97, 166, 224
-0.999081, 37, 1, 52, 128
-0.999085, 13, 97, 28, 224
-0.999088, 321, 193, 448, 256
-0.999089, 61, 1, 76, 128
-0.999109, 241, 97, 256, 224
-0.99911, 43, 1, 58, 128
-0.999111, 113, 17, 240, 48
-0.999111, 251, 97, 266, 224
-0.999119, 101, 1, 116, 128
-0.999129, 31, 1, 46, 128
-0.999129, 263, 129, 278, 256
-0.99913, 119, 97, 134, 224
-0.999131, 3, 1, 18, 128
-0.999134, 321, 149, 448, 180
-0.999136, 337, 25, 464, 56
-0.999164, 179, 113, 194, 240
-0.999172, 85, 97, 116, 352
-0.999182, 211, 97, 226, 224
-0.999196, 89, 115, 120, 130
-0.999204, 145, 249, 272, 312
-0.999215, 245, 97, 276, 352
-0.999228, 49, 1, 176, 32
-0.999229, 7, 49, 22, 176
-0.99923, 369, 133, 496, 164
-0.999238, 171, 97, 186, 224
-0.999242, 97, 233, 352, 296
-0.999249, 83, 17, 98, 144
-0.999253, 145, 345, 272, 375
-0.999254, 235, 97, 250, 224
-0.999261, 257, 193, 500, 256
-0.999263, 95, 1, 110, 128
-0.999268, 217, 97, 232, 224
-0.999271, 277, 129, 292, 256
-0.999274, 269, 113, 284, 240
-0.999278, 227, 97, 242, 224
-0.999285, 225, 241, 480, 304
-0.999291, 119, 33, 134, 160
-0.999291, 107, 1, 122, 128
-0.999291, 125, 113, 140, 240
-0.999292, 205, 49, 220, 176
-0.999293, 193, 193, 256, 320
-0.999296, 177, 65, 192, 192
-0.999302, 67, 1, 82, 128
-0.999302, 189, 1, 204, 128
-0.999302, 195, 1, 210, 128
-0.999306, 241, 249, 368, 312
-0.999311, 97, 345, 224, 375
-0.999315, 305, 77, 432, 108
-0.999321, 321, 97, 448, 128
-0.999322, 185, 49, 200, 176
-0.999322, 277, 155, 308, 170
-0.999331, 145, 33, 272, 64
-0.999333, 341, 145, 356, 272
-0.999337, 289, 155, 320, 170
-0.999343, 161, 185, 288, 216
-0.999354, 257, 97, 272, 224
-0.999358, 289, 81, 304, 208
-0.999362, 135, 113, 150, 240
-0.999365, 73, 1, 88, 128
-0.999368, 215, 1, 230, 128
-0.999386, 213, 49, 228, 176
-0.999392, 193, 49, 208, 176
-0.999397, 89, 1, 104, 128
-0.999427, 351, 97, 366, 224
-0.999428, 165, 129, 180, 256
-0.999429, 209, 1, 224, 128
-0.999431, 171, 1, 186, 128
-0.999434, 217, 97, 248, 352
-0.99944, 431, 65, 446, 192
-0.999441, 161, 1, 176, 128
-0.999453, 33, 169, 160, 200
-0.999455, 303, 129, 318, 256
-0.999456, 347, 145, 362, 272
-0.999457, 145, 129, 160, 256
-0.999457, 203, 1, 218, 128
-0.999471, 163, 65, 178, 192
-0.999473, 237, 145, 252, 272
-0.999476, 305, 193, 432, 224
-0.999482, 439, 65, 454, 192
-0.999483, 223, 1, 238, 128
-0.999484, 245, 145, 260, 272
-0.999485, 149, 49, 164, 176
-0.999487, 199, 49, 214, 176
-0.999491, 73, 97, 104, 352
-0.999491, 321, 97, 352, 352
-0.999495, 401, 17, 416, 144
-0.999499, 401, 65, 416, 192
-0.9995, 309, 1, 324, 128
-0.999504, 257, 145, 272, 272
-0.99951, 467, 97, 482, 224
-0.99951, 183, 1, 198, 128
-0.999511, 299, 81, 314, 208
-0.999513, 49, 193, 112, 320
-0.999517, 235, 1, 250, 128
-0.999518, 393, 33, 408, 160
-0.999522, 177, 1, 192, 128
-0.999522, 329, 1, 344, 128
-0.999524, 65, 181, 192, 212
-0.999531, 229, 1, 244, 128
-0.999533, 335, 145, 350, 272
-0.999534, 433, 17, 448, 144
-0.999534, 303, 1, 318, 128
-0.999534, 57, 129, 72, 256
-0.999537, 357, 81, 372, 208
-0.99954, 339, 1, 354, 128
-0.999541, 387, 65, 402, 192
-0.999543, 295, 1, 310, 128
-0.999544, 413, 17, 428, 144
-0.999545, 319, 1, 334, 128
-0.999545, 381, 65, 396, 192
-0.99955, 367, 33, 382, 160
-0.999552, 421, 17, 436, 144
-0.999553, 1, 241, 256, 304
-0.99956, 279, 81, 294, 208
-0.999565, 289, 1, 304, 128
-0.999569, 477, 81, 492, 208
-0.99957, 379, 17, 394, 144
-0.999573, 107, 145, 122, 272
-0.999573, 157, 49, 172, 176
-0.999579, 443, 17, 458, 144
-0.999585, 193, 77, 320, 108
-0.999591, 113, 185, 240, 216
-0.999628, 257, 217, 500, 280
-0.999628, 201, 97, 232, 352
-0.999644, 97, 193, 352, 256
-0.999667, 369, 193, 496, 224
-0.999712, 129, 97, 160, 352
-0.999745, 243, 333, 258, 348
-0.999745, 157, 99, 172, 114
-0.999745, 231, 173, 246, 188
-0.999745, 329, 331, 344, 346
-0.999746, 87, 335, 102, 350
-0.999746, 81, 335, 96, 350
-0.999746, 67, 123, 82, 138
-0.999746, 437, 329, 452, 344
-0.999746, 19, 121, 34, 136
-0.999746, 277, 131, 292, 146
-0.999746, 451, 329, 466, 344
-0.999746, 87, 111, 102, 126
-0.999746, 203, 121, 218, 136
-0.999746, 3, 337, 18, 352
-0.999746, 15, 115, 30, 130
-0.999746, 343, 175, 358, 190
-0.999746, 49, 103, 64, 118
-0.999747, 171, 121, 186, 136
-0.999747, 115, 47, 130, 62
-0.999747, 111, 35, 126, 50
-0.999747, 147, 57, 162, 72
-0.999747, 339, 331, 354, 346
-0.999747, 87, 63, 102, 78
-0.999747, 81, 111, 96, 126
-0.999747, 105, 51, 120, 66
-0.999747, 135, 61, 150, 76
-0.999747, 115, 123, 130, 138
-0.999747, 415, 329, 430, 344
-0.999747, 107, 67, 122, 82
-0.999747, 255, 155, 270, 170
-0.999748, 227, 155, 242, 170
-0.999748, 35, 107, 50, 122
-0.999748, 69, 65, 84, 80
-0.999748, 157, 105, 172, 120
-0.999748, 157, 113, 172, 128
-0.999748, 271, 159, 286, 174
-0.999748, 245, 149, 260, 164
-0.999748, 59, 57, 74, 72
-0.999748, 291, 141, 306, 156
-0.999748, 221, 147, 236, 162
-0.999748, 155, 125, 170, 140
-0.999749, 317, 161, 332, 176
-0.999749, 259, 145, 274, 160
-0.999749, 251, 149, 266, 164
-0.999749, 25, 121, 40, 136
-0.999749, 61, 99, 76, 114
-0.999749, 237, 151, 252, 166
-0.999749, 227, 149, 242, 164
-0.999749, 43, 55, 58, 70
-0.99975, 39, 121, 54, 136
-0.99975, 219, 127, 234, 142
-0.99975, 181, 125, 196, 140
-0.99975, 75, 111, 90, 126
-0.99975, 27, 113, 42, 128
-0.99975, 95, 65, 110, 80
-0.99975, 97, 119, 112, 134
-0.99975, 63, 79, 78, 94
-0.99975, 57, 119, 72, 134
-0.999751, 191, 153, 206, 168
-0.999751, 311, 139, 326, 154
-0.999751, 191, 145, 206, 160
-0.999751, 453, 93, 468, 108
-0.999751, 109, 115, 124, 130
-0.999752, 213, 127, 228, 142
-0.999752, 209, 121, 224, 136
-0.999752, 41, 107, 56, 122
-0.999752, 193, 125, 208, 140
-0.999752, 61, 87, 76, 102
-0.999752, 1, 105, 16, 120
-0.999753, 19, 57, 34, 72
-0.999753, 467, 119, 482, 134
-0.999753, 309, 151, 324, 166
-0.999753, 115, 61, 130, 76
-0.999753, 201, 149, 216, 164
-0.999753, 303, 133, 318, 148
-0.999754, 249, 157, 264, 172
-0.999754, 285, 131, 300, 146
-0.999754, 101, 67, 116, 82
-0.999754, 291, 159, 306, 174
-0.999754, 17, 109, 32, 124
-0.999754, 243, 157, 258, 172
-0.999754, 243, 163, 258, 178
-0.999754, 323, 163, 338, 178
-0.999755, 109, 123, 124, 138
-0.999755, 71, 117, 86, 132
-0.999755, 63, 117, 78, 132
-0.999755, 205, 127, 220, 142
-0.999755, 275, 151, 290, 166
-0.999756, 29, 107, 44, 122
-0.999756, 59, 93, 74, 108
-0.999756, 269, 153, 284, 168
-0.999756, 61, 105, 76, 120
-0.999756, 329, 165, 344, 180
-0.999756, 297, 157, 312, 172
-0.999756, 311, 163, 326, 178
-0.999757, 23, 107, 38, 122
-0.999757, 9, 113, 24, 128
-0.999757, 63, 63, 78, 78
-0.999757, 285, 159, 300, 174
-0.999757, 115, 55, 130, 70
-0.999758, 1, 115, 16, 130
-0.999758, 55, 113, 70, 128
-0.999758, 141, 59, 156, 74
-0.999758, 11, 107, 26, 122
-0.999759, 55, 101, 70, 116
-0.99976, 199, 127, 214, 142
-0.99976, 49, 111, 64, 126
-0.999761, 337, 167, 352, 182
-0.999761, 55, 87, 70, 102
-0.999761, 93, 113, 108, 128
-0.999761, 69, 111, 84, 126
-0.999763, 103, 119, 118, 134
-0.999763, 307, 145, 322, 160
-0.999763, 277, 145, 292, 160
-0.999763, 303, 157, 318, 172
-0.999764, 297, 137, 312, 152
-0.999764, 225, 281, 352, 344
-0.999764, 273, 97, 400, 128
-0.999764, 53, 57, 68, 72
-0.999765, 299, 143, 314, 158
-0.999766, 291, 135, 306, 150
-0.999766, 287, 147, 302, 162
-0.99977, 237, 159, 252, 174
-0.99977, 299, 151, 314, 166
-0.999771, 101, 113, 116, 128
-0.999771, 49, 117, 64, 132
-0.999772, 293, 151, 308, 166
-0.999772, 273, 53, 400, 84
-0.999773, 55, 107, 70, 122
-0.999774, 353, 61, 480, 92
-0.999777, 63, 111, 78, 126
-0.99978, 277, 157, 292, 172
-0.999786, 281, 151, 296, 166
-0.999796, 287, 153, 302, 168
-0.99981, 1, 185, 128, 248
-0.999817, 381, 97, 412, 352
-0.999898, 393, 97, 424, 352
-0.999913, 97, 265, 352, 328
-0.999956, 17, 181, 144, 212
-0.999957, 145, 5, 272, 36
-0.999979, 369, 145, 496, 176
-1.00001, 353, 169, 480, 200
-1.00002, 333, 97, 364, 352
-1.00004, 65, 17, 192, 48
-1.00007, 1, 217, 256, 280
-1.00008, 193, 197, 320, 228
-1.0001, 49, 201, 176, 232
-1.00011, 209, 41, 336, 72
-1.00013, 273, 261, 400, 292
-1.00014, 97, 249, 224, 312
-1.00015, 369, 97, 400, 352
-1.00016, 193, 245, 320, 276
-1.00017, 225, 265, 480, 328
-1.00019, 129, 289, 256, 320
-1.00022, 49, 245, 176, 276
-1.00025, 225, 261, 352, 292
-1.00027, 193, 5, 320, 36
-1.00029, 81, 285, 208, 316
-1.00029, 369, 1, 496, 64
-1.00031, 441, 97, 472, 352
-1.00031, 209, 281, 336, 312
-1.00032, 129, 245, 256, 276
-1.00032, 337, 249, 464, 312
-1.00034, 1, 241, 500, 304
-1.00035, 273, 237, 400, 268
-1.00035, 369, 269, 496, 300
-1.00037, 337, 293, 464, 324
-1.00037, 305, 305, 432, 336
-1.00038, 337, 209, 464, 240
-1.00038, 257, 193, 384, 224
-1.00038, 1, 213, 128, 244
-1.00038, 425, 97, 456, 352
-1.00039, 49, 225, 176, 288
-1.00041, 1, 193, 256, 256
-1.00043, 405, 97, 436, 352
-1.00046, 453, 97, 484, 352
-1.00057, 209, 193, 336, 256
-1.00059, 1, 233, 128, 296
-1.00065, 1, 209, 500, 272
-1.00065, 345, 129, 376, 375
-1.00069, 465, 129, 496, 375
-1.0007, 161, 217, 288, 280
-1.0007, 17, 265, 144, 328
-1.00073, 97, 217, 224, 280
-1.0008, 169, 193, 232, 320
-1.00084, 81, 281, 208, 344
-1.00086, 357, 97, 388, 352
-1.00092, 161, 193, 288, 256
-1.00095, 193, 241, 320, 304
-1.00104, 1, 265, 500, 328
-1.00116, 49, 201, 176, 264
-1.00149, 129, 281, 256, 344
-1.00161, 289, 257, 416, 320
-1.0017, 273, 209, 400, 272
-1.00182, 209, 217, 336, 280
-1.00203, 1, 209, 128, 272
-1.00207, 337, 225, 464, 288
-1.00234, 113, 193, 240, 256
-1.00269, 289, 233, 416, 296
