1878
-0.021843, 1, 1, 500, 332
-0.203771, 1, 1, 500, 256
-0.411812, 33, 1, 288, 332
-0.418366, 129, 1, 384, 332
-0.436447, 225, 1, 480, 332
-0.506152, 33, 33, 288, 288
-0.519242, 225, 33, 480, 288
-0.521341, 129, 1, 384, 256
-0.810434, 49, 33, 176, 288
-0.811068, 209, 1, 336, 332
-0.817852, 1, 49, 500, 176
-0.821366, 145, 1, 272, 256
-0.826494, 321, 1, 448, 332
-0.829336, 97, 33, 224, 288
-0.829395, 1, 209, 500, 332
-0.831964, 289, 33, 416, 288
-0.836473, 145, 1, 272, 332
-0.836692, 209, 1, 336, 256
-0.836929, 353, 33, 480, 288
-0.850833, 1, 65, 128, 320
-0.854, 49, 1, 176, 332
-0.860923, 273, 1, 400, 332
-0.86142, 369, 1, 496, 332
-0.864164, 97, 1, 224, 332
-0.870064, 1, 97, 500, 224
-0.875089, 1, 1, 128, 332
-0.888942, 1, 161, 500, 288
-0.899908, 257, 65, 500, 192
-0.90357, 129, 33, 384, 160
-0.904768, 33, 65, 288, 192
-0.908515, 161, 209, 416, 332
-0.916023, 129, 145, 384, 272
-0.91647, 1, 1, 500, 128
-0.918266, 1, 161, 256, 288
-0.918764, 1, 113, 256, 240
-0.918888, 161, 81, 416, 208
-0.927441, 1, 209, 256, 332
-0.927688, 33, 81, 160, 208
-0.927849, 289, 209, 416, 332
-0.928535, 361, 33, 424, 160
-0.929051, 321, 33, 448, 160
-0.930173, 273, 49, 400, 176
-0.930354, 225, 17, 480, 144
-0.930824, 1, 161, 128, 288
-0.931186, 369, 65, 496, 192
-0.931484, 49, 209, 176, 332
-0.931604, 305, 209, 368, 332
-0.932115, 145, 97, 272, 224
-0.932151, 209, 33, 336, 160
-0.932331, 33, 97, 96, 224
-0.933112, 65, 161, 192, 288
-0.935002, 425, 65, 488, 192
-0.935087, 257, 209, 500, 332
-0.935529, 97, 49, 224, 176
-0.936094, 1, 129, 64, 256
-0.936173, 201, 33, 264, 160
-0.936223, 305, 65, 368, 192
-0.93744, 121, 209, 184, 332
-0.937548, 49, 145, 112, 272
-0.937739, 105, 49, 168, 176
-0.937867, 369, 209, 432, 332
-0.9382, 57, 81, 120, 208
-0.938432, 385, 33, 448, 160
-0.939614, 145, 33, 272, 160
-0.939628, 257, 113, 500, 240
-0.940177, 145, 145, 272, 272
-0.940305, 161, 33, 224, 160
-0.940589, 33, 17, 288, 144
-0.941243, 225, 161, 352, 288
-0.94173, 337, 33, 400, 160
-0.941892, 137, 145, 200, 272
-0.942764, 249, 33, 312, 160
-0.94378, 337, 209, 464, 332
-0.943993, 73, 129, 136, 256
-0.944536, 321, 97, 448, 224
-0.945568, 257, 161, 500, 288
-0.945581, 81, 113, 208, 240
-0.94567, 73, 57, 136, 120
-0.9457, 97, 129, 160, 256
-0.946233, 97, 209, 224, 332
-0.946623, 1, 209, 128, 332
-0.946955, 281, 177, 344, 304
-0.947374, 25, 145, 88, 272
-0.947403, 209, 81, 336, 208
-0.947457, 225, 81, 288, 208
-0.947536, 41, 193, 104, 320
-0.947781, 81, 49, 144, 176
-0.947961, 97, 129, 160, 192
-0.948159, 177, 209, 304, 332
-0.948404, 289, 161, 416, 288
-0.948832, 193, 81, 256, 208
-0.949305, 257, 97, 384, 224
-0.949866, 201, 65, 264, 128
-0.949932, 129, 249, 192, 312
-0.950015, 377, 81, 440, 208
-0.950129, 345, 81, 408, 144
-0.950173, 1, 209, 64, 332
-0.950286, 177, 33, 240, 96
-0.950481, 361, 41, 424, 104
-0.950867, 273, 49, 336, 176
-0.951145, 241, 177, 304, 304
-0.951469, 329, 209, 392, 332
-0.951947, 225, 209, 352, 332
-0.952329, 89, 177, 152, 304
-0.952649, 225, 33, 288, 160
-0.952831, 313, 225, 376, 288
-0.953093, 265, 129, 328, 256
-0.953315, 105, 57, 168, 120
-0.953625, 65, 153, 128, 216
-0.954119, 137, 49, 200, 176
-0.954219, 337, 81, 400, 208
-0.954227, 305, 161, 368, 288
-0.954328, 353, 233, 416, 296
-0.954484, 369, 113, 496, 240
-0.95499, 433, 89, 496, 152
-0.955348, 161, 129, 224, 256
-0.95542, 1, 257, 64, 320
-0.956042, 57, 81, 120, 144
-0.956067, 137, 145, 200, 208
-0.956229, 401, 129, 464, 256
-0.956619, 137, 97, 200, 224
-0.956644, 201, 209, 264, 332
-0.956917, 233, 33, 296, 96
-0.956985, 49, 33, 176, 160
-0.957083, 305, 73, 368, 136
-0.957334, 97, 273, 160, 332
-0.957425, 169, 81, 232, 208
-0.95794, 41, 161, 104, 224
-0.958397, 65, 209, 128, 332
-0.958467, 361, 209, 424, 272
-0.959572, 145, 209, 208, 332
-0.959813, 201, 145, 264, 272
-0.959814, 185, 121, 248, 184
-0.959926, 217, 89, 280, 152
-0.959939, 329, 49, 392, 112
-0.960005, 401, 73, 464, 136
-0.960102, 1, 169, 64, 232
-0.960495, 289, 201, 352, 264
-0.960949, 65, 273, 128, 332
-0.961046, 241, 129, 304, 256
-0.961176, 265, 193, 328, 256
-0.961301, 41, 273, 104, 332
-0.961465, 97, 57, 224, 120
-0.961467, 321, 49, 448, 112
-0.961828, 105, 241, 168, 304
-0.961831, 377, 97, 440, 160
-0.962143, 313, 113, 376, 240
-0.96218, 345, 161, 408, 288
-0.962211, 153, 241, 216, 304
-0.962293, 137, 169, 200, 232
-0.962412, 9, 129, 72, 192
-0.962703, 113, 249, 240, 312
-0.962793, 65, 145, 192, 208
-0.962892, 289, 177, 352, 240
-0.963314, 425, 113, 488, 240
-0.963381, 201, 41, 264, 104
-0.963385, 177, 209, 240, 332
-0.963469, 137, 121, 200, 184
-0.963912, 385, 201, 448, 264
-0.963987, 113, 33, 176, 288
-0.964285, 161, 145, 224, 208
-0.964317, 33, 273, 160, 332
-0.96442, 305, 249, 368, 312
-0.964469, 369, 1, 432, 256
-0.964549, 377, 65, 440, 128
-0.964581, 393, 193, 456, 320
-0.96475, 257, 41, 320, 104
-0.964781, 185, 89, 248, 152
-0.964834, 193, 225, 256, 288
-0.965045, 313, 105, 376, 168
-0.965067, 9, 193, 72, 256
-0.96522, 305, 233, 432, 296
-0.965415, 57, 33, 120, 160
-0.965626, 313, 33, 376, 288
-0.965635, 73, 129, 136, 192
-0.96564, 321, 209, 448, 272
-0.965676, 169, 1, 232, 256
-0.965723, 377, 233, 440, 296
-0.965777, 193, 41, 320, 104
-0.965845, 241, 193, 304, 256
-0.965857, 153, 57, 216, 120
-0.965939, 33, 113, 96, 176
-0.966407, 57, 249, 120, 312
-0.966493, 1, 153, 128, 216
-0.966501, 105, 169, 168, 232
-0.967127, 241, 193, 368, 256
-0.967166, 369, 257, 432, 320
-0.967396, 273, 73, 400, 136
-0.967572, 149, 233, 180, 296
-0.967715, 121, 273, 184, 332
-0.967841, 401, 81, 464, 208
-0.967933, 337, 73, 464, 136
-0.968089, 425, 113, 488, 176
-0.96812, 97, 217, 160, 280
-0.968362, 129, 57, 192, 120
-0.968443, 1, 81, 64, 208
-0.968517, 225, 1, 288, 256
-0.968572, 337, 105, 400, 168
-0.968726, 49, 185, 112, 248
-0.968999, 401, 129, 464, 192
-0.969146, 281, 65, 344, 128
-0.969158, 57, 33, 120, 288
-0.969165, 161, 121, 224, 184
-0.969322, 209, 113, 272, 176
-0.969516, 49, 57, 112, 120
-0.969608, 337, 65, 400, 320
-0.969614, 329, 249, 392, 312
-0.969685, 273, 33, 336, 288
-0.96972, 177, 265, 240, 328
-0.969767, 289, 105, 416, 168
-0.969844, 97, 1, 224, 128
-0.969878, 349, 49, 380, 112
-0.969937, 145, 65, 272, 128
-0.969977, 93, 49, 124, 112
-0.970012, 389, 33, 420, 160
-0.970044, 81, 177, 144, 240
-0.970056, 9, 233, 72, 296
-0.97009, 33, 65, 96, 320
-0.97011, 365, 33, 396, 160
-0.970201, 377, 121, 440, 184
-0.97043, 33, 233, 96, 296
-0.970709, 257, 161, 320, 224
-0.97071, 65, 169, 192, 232
-0.970778, 365, 81, 396, 144
-0.970778, 389, 201, 420, 264
-0.971189, 161, 89, 224, 152
-0.971192, 149, 145, 180, 208
-0.971212, 81, 65, 112, 128
-0.971214, 337, 193, 400, 256
-0.971365, 97, 97, 160, 160
-0.97142, 365, 241, 396, 304
-0.971497, 265, 113, 328, 176
-0.971606, 65, 233, 192, 296
-0.971773, 89, 33, 152, 288
-0.97182, 33, 265, 64, 328
-0.971868, 313, 177, 344, 240
-0.971873, 105, 193, 168, 256
-0.971987, 49, 65, 176, 128
-0.972078, 145, 225, 272, 288
-0.972221, 177, 65, 240, 128
-0.972337, 229, 73, 260, 136
-0.972378, 105, 265, 136, 328
-0.972392, 157, 257, 188, 320
-0.972394, 37, 113, 68, 240
-0.972403, 73, 201, 136, 264
-0.972685, 49, 97, 80, 224
-0.972735, 193, 1, 256, 256
-0.972744, 401, 33, 432, 160
-0.9728, 145, 41, 272, 104
-0.972831, 1, 65, 64, 320
-0.972836, 345, 273, 408, 332
-0.973031, 129, 225, 192, 288
-0.973199, 33, 97, 160, 160
-0.97326, 41, 209, 104, 272
-0.973269, 53, 153, 84, 216
-0.973415, 249, 1, 312, 256
-0.973496, 137, 249, 168, 312
-0.973525, 1, 241, 128, 304
-0.973549, 209, 65, 240, 128
-0.973624, 149, 209, 180, 332
-0.973648, 393, 41, 424, 104
-0.973693, 369, 17, 496, 144
-0.973773, 205, 33, 236, 96
-0.973813, 225, 217, 352, 280
-0.973829, 237, 33, 268, 160
-0.973847, 145, 33, 208, 288
-0.973866, 81, 273, 208, 332
-0.973913, 401, 65, 464, 320
-0.973926, 337, 161, 464, 288
-0.973955, 77, 145, 108, 208
-0.974011, 441, 65, 472, 192
-0.974023, 385, 41, 448, 104
-0.974075, 121, 57, 152, 120
-0.974121, 17, 217, 144, 280
-0.97419, 413, 65, 444, 192
-0.974193, 45, 273, 76, 332
-0.974214, 313, 161, 344, 288
-0.974346, 81, 49, 112, 176
-0.974368, 289, 257, 416, 320
-0.974436, 409, 17, 472, 144
-0.974444, 129, 145, 256, 208
-0.974471, 281, 225, 344, 288
-0.974486, 377, 41, 408, 104
-0.974535, 389, 193, 420, 320
-0.974547, 265, 137, 328, 200
-0.974582, 213, 33, 244, 160
-0.97462, 425, 121, 456, 184
-0.974738, 61, 81, 92, 208
-0.97477, 89, 137, 120, 200
-0.974918, 161, 121, 288, 184
-0.974993, 377, 129, 440, 256
-0.975003, 1, 33, 128, 160
-0.975034, 249, 81, 312, 208
-0.975071, 97, 81, 128, 208
-0.975114, 69, 145, 100, 272
-0.975115, 273, 273, 336, 332
-0.975123, 353, 73, 384, 136
-0.975153, 353, 33, 384, 160
-0.975236, 65, 193, 192, 256
-0.975357, 225, 65, 352, 128
-0.975371, 425, 65, 488, 320
-0.975437, 113, 1, 176, 128
-0.975522, 369, 121, 496, 184
-0.975582, 225, 33, 256, 160
-0.975631, 273, 1, 400, 128
-0.975663, 377, 81, 408, 144
-0.97568, 329, 65, 360, 128
-0.975784, 1, 121, 128, 184
-0.975835, 337, 97, 464, 160
-0.97588, 425, 137, 488, 200
-0.975892, 17, 241, 48, 304
-0.975904, 169, 145, 200, 208
-0.975934, 281, 41, 312, 104
-0.975975, 57, 105, 120, 168
-0.976016, 425, 65, 456, 192
-0.976021, 109, 57, 140, 120
-0.976037, 225, 153, 288, 216
-0.976208, 189, 33, 220, 96
-0.976213, 241, 73, 304, 136
-0.976259, 329, 209, 360, 272
-0.976272, 53, 145, 84, 272
-0.97629, 337, 49, 368, 176
-0.976303, 25, 113, 56, 240
-0.976402, 193, 17, 224, 144
-0.976485, 101, 129, 132, 192
-0.976529, 221, 41, 252, 104
-0.976632, 109, 49, 140, 176
-0.976712, 153, 265, 216, 328
-0.976799, 133, 209, 164, 332
-0.976806, 33, 89, 96, 152
-0.976835, 325, 193, 356, 320
-0.976876, 193, 97, 320, 160
-0.976903, 297, 1, 360, 128
-0.976953, 145, 145, 176, 272
-0.976977, 13, 129, 44, 192
-0.977007, 137, 1, 200, 128
-0.977072, 317, 225, 348, 288
-0.977097, 377, 33, 408, 160
-0.977147, 89, 129, 120, 256
-0.977176, 37, 121, 68, 184
-0.977176, 161, 217, 224, 280
-0.977183, 153, 33, 216, 96
-0.977189, 313, 177, 376, 240
-0.977226, 361, 209, 392, 332
-0.977268, 437, 81, 468, 144
-0.977287, 285, 33, 316, 160
-0.977308, 217, 217, 280, 280
-0.977339, 25, 49, 88, 176
-0.977359, 81, 121, 208, 184
-0.977382, 273, 49, 400, 112
-0.977424, 313, 201, 376, 264
-0.977433, 177, 33, 208, 160
-0.977531, 305, 49, 368, 112
-0.977547, 361, 185, 424, 248
-0.97755, 121, 49, 152, 176
-0.977569, 365, 81, 396, 208
-0.977665, 157, 49, 188, 176
-0.97767, 37, 177, 68, 304
-0.977716, 297, 193, 328, 256
-0.977719, 345, 129, 408, 192
-0.977824, 21, 209, 52, 332
-0.977838, 89, 1, 152, 128
-0.977843, 313, 65, 344, 192
-0.977853, 353, 241, 480, 304
-0.977944, 209, 241, 336, 304
-0.97803, 1, 185, 128, 248
-0.978137, 145, 89, 272, 152
-0.978141, 289, 113, 352, 240
-0.978143, 465, 81, 496, 144
-0.978446, 5, 129, 36, 256
-0.978548, 209, 273, 336, 332
-0.97864, 289, 185, 416, 248
-0.97867, 81, 249, 144, 312
-0.978696, 305, 209, 336, 332
-0.978714, 265, 249, 328, 312
-0.978834, 101, 129, 132, 256
-0.978847, 421, 113, 452, 240
-0.978953, 69, 273, 100, 332
-0.978967, 385, 249, 416, 312
-0.978972, 125, 249, 156, 312
-0.979006, 209, 105, 240, 168
-0.979062, 177, 33, 208, 96
-0.979192, 257, 17, 288, 144
-0.979242, 133, 129, 164, 256
-0.979474, 401, 225, 464, 288
-0.979497, 141, 49, 172, 176
-0.979521, 189, 129, 220, 192
-0.979546, 453, 65, 484, 192
-0.979621, 297, 49, 328, 176
-0.97963, 377, 209, 408, 332
-0.97968, 105, 209, 136, 332
-0.979768, 221, 225, 252, 288
-0.979809, 137, 97, 200, 160
-0.979981, 1, 241, 32, 304
-0.980029, 33, 137, 96, 200
-0.980094, 129, 273, 160, 332
-0.980119, 389, 225, 420, 288
-0.98014, 341, 217, 372, 280
-0.980176, 5, 209, 36, 332
-0.980176, 281, 41, 344, 104
-0.980201, 157, 161, 188, 288
-0.980271, 209, 97, 240, 224
-0.980304, 233, 97, 264, 160
-0.980362, 149, 177, 180, 240
-0.98047, 265, 1, 328, 332
-0.980498, 137, 161, 168, 224
-0.980512, 241, 33, 272, 96
-0.980512, 201, 209, 232, 332
-0.980521, 25, 161, 56, 288
-0.980542, 33, 161, 64, 224
-0.980543, 225, 81, 256, 208
-0.980546, 397, 65, 428, 128
-0.980652, 117, 177, 148, 304
-0.980666, 369, 209, 496, 272
-0.980675, 241, 105, 304, 168
-0.980717, 337, 209, 368, 332
-0.980747, 361, 49, 392, 112
-0.980835, 65, 153, 96, 216
-0.980869, 353, 225, 384, 288
-0.980906, 41, 241, 72, 304
-0.98107, 329, 1, 392, 332
-0.981075, 81, 1, 144, 332
-0.981091, 313, 73, 344, 136
-0.981102, 185, 145, 248, 208
-0.981112, 153, 65, 184, 128
-0.981152, 253, 113, 284, 240
-0.981168, 325, 65, 356, 192
-0.981191, 225, 209, 256, 332
-0.981248, 201, 225, 232, 288
-0.981262, 413, 73, 444, 136
-0.981292, 37, 217, 68, 280
-0.981303, 425, 73, 456, 136
-0.981382, 413, 17, 444, 144
-0.981405, 145, 97, 176, 224
-0.981567, 137, 57, 168, 120
-0.981598, 161, 1, 224, 332
-0.981604, 277, 97, 308, 224
-0.981673, 9, 89, 72, 152
-0.981698, 381, 105, 412, 168
-0.981704, 193, 193, 320, 256
-0.981705, 269, 33, 300, 160
-0.981709, 73, 193, 104, 320
-0.981725, 337, 265, 464, 328
-0.981725, 301, 161, 332, 288
-0.981788, 9, 161, 40, 224
-0.981818, 449, 81, 480, 144
-0.981912, 273, 89, 336, 152
-0.981927, 297, 65, 328, 128
-0.981962, 129, 201, 192, 264
-0.981964, 197, 65, 228, 192
-0.982094, 209, 185, 272, 248
-0.982095, 221, 113, 252, 176
-0.98212, 217, 1, 280, 332
-0.982155, 261, 33, 292, 96
-0.982195, 329, 233, 360, 296
-0.982231, 213, 209, 244, 332
-0.982285, 349, 81, 380, 208
-0.982358, 85, 257, 116, 320
-0.982361, 89, 33, 152, 96
-0.982366, 89, 193, 120, 320
-0.982437, 369, 1, 432, 332
-0.982465, 169, 161, 200, 288
-0.982466, 241, 1, 304, 332
-0.982515, 169, 97, 200, 224
-0.982527, 61, 81, 92, 144
-0.982541, 345, 105, 376, 168
-0.982564, 241, 217, 304, 280
-0.982622, 57, 265, 88, 328
-0.982652, 1, 137, 32, 200
-0.98267, 113, 201, 240, 264
-0.982675, 377, 225, 408, 288
-0.982682, 241, 81, 272, 208
-0.982728, 241, 129, 304, 192
-0.982734, 97, 33, 128, 160
-0.982793, 161, 233, 192, 296
-0.982818, 137, 217, 168, 280
-0.982899, 93, 89, 124, 152
-0.982922, 169, 121, 200, 184
-0.98302, 193, 1, 256, 332
-0.983037, 105, 97, 136, 160
-0.983067, 369, 273, 400, 332
-0.983079, 321, 273, 384, 332
-0.983178, 97, 81, 224, 144
-0.98318, 401, 105, 464, 168
-0.983192, 201, 273, 264, 332
-0.983218, 113, 169, 240, 232
-0.98328, 89, 185, 120, 248
-0.983374, 217, 249, 280, 312
-0.983437, 49, 209, 80, 332
-0.983465, 129, 33, 192, 96
-0.983568, 93, 161, 124, 224
-0.983596, 165, 49, 196, 112
-0.983773, 349, 209, 380, 332
-0.983793, 465, 81, 496, 208
-0.983861, 145, 121, 176, 184
-0.983861, 21, 153, 52, 216
-0.983897, 401, 193, 432, 320
-0.983983, 409, 185, 472, 248
-0.984011, 305, 217, 336, 280
-0.984113, 57, 1, 120, 332
-0.984142, 369, 49, 496, 112
-0.98419, 233, 145, 264, 272
-0.984251, 209, 161, 336, 224
-0.984258, 413, 121, 444, 184
-0.984261, 405, 209, 436, 272
-0.984263, 157, 97, 188, 224
-0.984333, 237, 209, 268, 332
-0.984381, 297, 273, 360, 332
-0.9844, 305, 1, 368, 332
-0.984406, 169, 257, 200, 320
-0.984441, 129, 185, 160, 248
-0.984506, 117, 273, 148, 332
-0.984529, 265, 129, 296, 256
-0.984572, 129, 273, 256, 332
-0.984579, 205, 265, 236, 328
-0.98463, 377, 81, 408, 208
-0.984664, 69, 33, 100, 160
-0.984771, 341, 241, 372, 304
-0.98481, 33, 193, 64, 256
-0.984896, 105, 169, 136, 232
-0.985013, 189, 81, 220, 144
-0.98504, 425, 65, 488, 128
-0.985081, 161, 169, 224, 232
-0.985097, 233, 225, 264, 288
-0.985168, 105, 1, 168, 332
-0.985169, 297, 129, 360, 192
-0.985185, 65, 225, 128, 288
-0.985189, 433, 209, 496, 332
-0.98531, 385, 177, 448, 240
-0.985338, 289, 129, 320, 256
-0.985387, 289, 25, 416, 88
-0.985389, 49, 41, 176, 104
-0.985404, 409, 113, 440, 240
-0.985419, 209, 137, 336, 200
-0.985473, 241, 97, 368, 160
-0.985559, 181, 129, 212, 256
-0.985617, 1, 65, 128, 128
-0.985627, 121, 225, 152, 288
-0.985653, 361, 105, 392, 168
-0.985662, 209, 17, 272, 80
-0.985674, 329, 25, 392, 88
-0.985676, 453, 105, 484, 168
-0.985735, 97, 33, 224, 96
-0.985837, 289, 153, 352, 216
-0.985852, 393, 1, 456, 332
-0.985916, 277, 177, 308, 304
-0.986008, 73, 97, 104, 224
-0.986071, 329, 89, 360, 152
-0.986163, 5, 217, 36, 280
-0.986177, 53, 241, 84, 304
-0.986196, 161, 209, 192, 332
-0.986242, 69, 57, 100, 120
-0.98632, 289, 137, 416, 200
-0.986376, 49, 97, 80, 160
-0.986447, 25, 129, 56, 192
-0.986484, 173, 209, 204, 332
-0.98656, 401, 233, 432, 296
-0.986567, 81, 41, 112, 104
-0.986594, 417, 1, 480, 332
-0.986609, 249, 201, 280, 264
-0.986618, 257, 153, 288, 216
-0.986683, 337, 41, 368, 104
-0.986692, 353, 265, 384, 328
-0.986743, 137, 1, 200, 332
-0.986756, 245, 89, 276, 152
-0.986826, 317, 201, 348, 264
-0.986897, 245, 161, 276, 288
-0.986911, 265, 177, 296, 304
-0.986957, 413, 41, 444, 104
-0.986964, 5, 265, 36, 328
-0.986978, 289, 177, 320, 304
-0.986983, 277, 193, 308, 256
-0.986999, 193, 105, 224, 168
-0.987103, 29, 241, 60, 304
-0.987152, 433, 113, 464, 240
-0.987211, 1, 81, 32, 208
-0.987218, 181, 153, 212, 216
-0.987256, 221, 145, 252, 272
-0.987528, 49, 177, 80, 240
-0.987668, 405, 97, 436, 160
-0.987725, 121, 113, 152, 240
-0.987786, 313, 113, 344, 240
-0.987888, 33, 65, 288, 128
-0.987941, 369, 129, 400, 256
-0.988142, 25, 301, 88, 332
-0.988252, 353, 237, 416, 268
-0.988417, 137, 149, 200, 180
-0.988517, 57, 89, 120, 120
-0.988534, 97, 41, 352, 104
-0.988559, 97, 133, 160, 164
-0.988572, 177, 37, 240, 68
-0.988579, 73, 57, 136, 88
-0.988604, 13, 81, 44, 208
-0.988614, 301, 113, 332, 240
-0.988625, 201, 69, 264, 100
-0.988763, 345, 85, 408, 116
-0.988789, 397, 113, 428, 240
-0.988803, 337, 97, 368, 224
-0.988837, 325, 145, 356, 272
-0.988847, 161, 17, 288, 80
-0.98886, 73, 77, 136, 108
-0.98887, 1, 41, 500, 104
-0.988893, 113, 61, 176, 92
-0.988907, 137, 237, 200, 268
-0.988941, 313, 233, 376, 264
-0.988967, 469, 129, 500, 256
-0.989012, 193, 81, 256, 112
-0.98904, 185, 81, 216, 208
-0.989076, 369, 45, 432, 76
-0.989087, 253, 65, 284, 192
-0.989114, 225, 65, 480, 128
-0.989158, 57, 157, 120, 188
-0.989165, 33, 249, 288, 312
-0.989182, 453, 113, 484, 240
-0.989229, 37, 65, 68, 192
-0.98925, 193, 41, 448, 104
-0.98928, 161, 217, 416, 280
-0.989306, 25, 289, 88, 320
-0.989306, 89, 53, 120, 84
-0.989313, 1, 301, 64, 332
-0.989322, 233, 37, 296, 68
-0.989332, 305, 73, 368, 104
-0.989449, 361, 221, 424, 252
-0.989457, 329, 53, 392, 84
-0.989462, 1, 165, 64, 196
-0.98955, 189, 209, 220, 332
-0.989567, 49, 289, 80, 320
-0.989572, 129, 257, 192, 288
-0.989587, 289, 181, 352, 212
-0.989606, 33, 1, 96, 332
-0.989627, 337, 221, 400, 252
-0.989671, 377, 121, 440, 152
-0.989674, 49, 49, 80, 176
-0.989695, 161, 249, 288, 312
-0.989703, 353, 129, 384, 256
-0.989714, 413, 177, 444, 304
-0.989767, 393, 201, 424, 232
-0.989783, 57, 281, 120, 312
-0.989804, 313, 221, 376, 252
-0.989807, 1, 265, 64, 296
-0.98982, 345, 101, 408, 132
-0.98983, 257, 193, 320, 224
-0.989866, 161, 57, 224, 88
-0.989904, 61, 193, 92, 320
-0.989907, 97, 145, 160, 176
-0.989975, 33, 161, 96, 192
-0.989992, 225, 101, 288, 132
-0.989999, 1, 289, 64, 320
-0.990002, 97, 273, 160, 304
-0.990005, 385, 201, 448, 232
-0.990053, 393, 77, 456, 108
-0.990053, 25, 65, 56, 192
-0.990064, 193, 117, 256, 148
-0.990075, 37, 297, 68, 328
-0.990093, 1, 241, 64, 272
-0.99011, 313, 249, 376, 280
-0.990115, 65, 169, 128, 200
-0.990129, 73, 145, 136, 176
-0.990155, 33, 273, 288, 332
-0.990166, 193, 241, 448, 304
-0.990174, 137, 165, 200, 196
-0.990186, 369, 65, 432, 96
-0.990198, 289, 201, 352, 232
-0.99021, 425, 121, 456, 152
-0.990239, 201, 221, 264, 252
-0.990254, 425, 121, 488, 152
-0.990307, 105, 249, 168, 280
-0.990312, 157, 1, 188, 128
-0.990314, 201, 101, 264, 132
-0.990344, 289, 53, 352, 84
-0.990348, 313, 17, 344, 144
-0.990396, 321, 161, 448, 224
-0.990404, 197, 113, 228, 240
-0.990418, 345, 209, 408, 240
-0.990424, 65, 129, 320, 192
-0.990438, 49, 297, 112, 328
-0.990461, 161, 245, 224, 276
-0.990463, 1, 89, 256, 152
-0.99048, 121, 281, 184, 312
-0.990494, 417, 81, 480, 112
-0.990499, 377, 253, 440, 284
-0.990514, 17, 241, 48, 272
-0.990517, 281, 221, 344, 252
-0.990523, 41, 173, 104, 204
-0.990529, 93, 65, 124, 96
-0.990536, 153, 129, 216, 160
-0.990543, 425, 133, 488, 164
-0.99056, 9, 253, 72, 284
-0.990597, 313, 113, 376, 144
-0.990613, 81, 293, 144, 324
-0.990617, 153, 69, 216, 100
-0.990659, 169, 101, 232, 132
-0.990661, 377, 97, 440, 128
-0.990666, 113, 161, 176, 192
-0.990683, 345, 113, 408, 144
-0.990684, 193, 97, 448, 160
-0.990706, 341, 161, 372, 288
-0.990716, 325, 17, 356, 144
-0.990733, 41, 105, 104, 136
-0.990734, 257, 173, 320, 204
-0.990755, 1, 153, 256, 216
-0.990759, 281, 69, 344, 100
-0.99076, 201, 41, 264, 72
-0.990768, 217, 85, 280, 116
-0.990774, 353, 265, 416, 296
-0.990776, 377, 233, 440, 264
-0.990784, 353, 249, 416, 280
-0.990786, 249, 49, 312, 80
-0.990791, 401, 133, 464, 164
-0.990805, 81, 65, 112, 96
-0.990809, 97, 197, 160, 228
-0.990821, 161, 153, 224, 184
-0.990841, 33, 269, 96, 300
-0.990869, 149, 233, 180, 264
-0.990924, 385, 217, 448, 248
-0.990947, 89, 237, 152, 268
-0.990952, 329, 73, 392, 104
-0.990954, 105, 185, 168, 216
-0.990955, 41, 185, 104, 216
-0.990962, 377, 109, 440, 140
-0.990983, 105, 173, 168, 204
-0.990983, 1, 185, 64, 216
-0.990999, 357, 237, 388, 268
-0.991028, 289, 233, 352, 264
-0.99103, 169, 233, 232, 264
-0.991041, 81, 261, 144, 292
-0.991047, 33, 229, 96, 260
-0.991057, 165, 153, 196, 184
-0.99107, 309, 177, 340, 208
-0.99107, 113, 89, 176, 120
-0.991072, 73, 133, 136, 164
-0.991084, 185, 129, 248, 160
-0.991086, 321, 209, 384, 240
-0.991094, 161, 165, 224, 196
-0.991101, 137, 293, 200, 324
-0.991116, 217, 113, 280, 144
-0.991129, 33, 241, 96, 272
-0.991173, 117, 1, 148, 128
-0.991197, 129, 65, 384, 128
-0.991224, 281, 49, 312, 80
-0.991239, 73, 201, 136, 232
-0.991256, 57, 257, 120, 288
-0.991259, 81, 89, 144, 120
-0.991264, 9, 205, 72, 236
-0.991265, 25, 117, 88, 148
-0.991288, 97, 129, 128, 160
-0.991293, 337, 57, 368, 88
-0.991306, 209, 69, 240, 100
-0.991317, 49, 145, 112, 176
-0.991319, 149, 141, 180, 172
-0.991321, 105, 121, 168, 152
-0.991323, 257, 61, 320, 92
-0.991328, 417, 109, 480, 140
-0.991332, 317, 225, 348, 256
-0.991332, 21, 301, 52, 332
-0.991336, 101, 81, 132, 112
-0.991341, 137, 177, 200, 208
-0.991363, 329, 277, 392, 308
-0.991369, 49, 77, 112, 108
-0.991371, 1, 225, 500, 288
-0.991374, 369, 77, 432, 108
-0.991375, 169, 113, 232, 144
-0.991376, 161, 169, 288, 232
-0.991391, 153, 257, 216, 288
-0.991403, 313, 261, 376, 292
-0.991403, 1, 129, 64, 160
-0.991403, 305, 101, 368, 132
-0.991403, 177, 301, 240, 332
-0.991403, 209, 105, 240, 136
-0.991409, 361, 197, 424, 228
-0.99142, 389, 221, 420, 252
-0.991424, 201, 161, 232, 288
-0.991431, 41, 197, 104, 228
-0.991431, 201, 57, 264, 88
-0.991455, 1, 65, 500, 128
-0.991464, 49, 217, 112, 248
-0.991466, 185, 145, 248, 176
-0.99147, 193, 233, 256, 264
-0.991473, 161, 89, 224, 120
-0.991496, 1, 201, 500, 264
-0.991537, 329, 237, 360, 268
-0.991596, 157, 233, 172, 296
-0.991597, 1, 257, 500, 320
-0.99164, 337, 221, 368, 252
-0.991671, 87, 49, 102, 112
-0.991701, 189, 37, 220, 68
-0.991705, 117, 61, 148, 92
-0.991743, 393, 37, 424, 68
-0.991759, 129, 265, 384, 328
-0.991762, 341, 57, 356, 120
-0.99179, 97, 161, 352, 224
-0.991793, 53, 277, 84, 308
-0.991828, 65, 281, 96, 312
-0.991841, 61, 301, 92, 332
-0.991846, 373, 85, 404, 116
-0.991863, 77, 81, 108, 112
-0.991894, 237, 97, 268, 128
-0.99192, 433, 113, 448, 176
-0.991925, 265, 81, 296, 208
-0.991927, 405, 33, 420, 96
-0.991943, 1, 1, 64, 332
-0.991953, 363, 49, 378, 112
-0.991964, 1, 301, 32, 332
-0.992007, 169, 165, 200, 196
-0.992012, 465, 85, 496, 116
-0.992022, 61, 157, 92, 188
-0.992054, 163, 233, 178, 296
-0.992056, 177, 45, 208, 76
-0.99206, 41, 265, 56, 328
-0.992067, 121, 273, 152, 304
-0.99208, 85, 137, 116, 168
-0.992102, 261, 37, 292, 68
-0.992107, 341, 1, 372, 128
-0.992116, 381, 145, 412, 272
-0.992187, 321, 205, 352, 236
-0.9922, 349, 81, 380, 112
-0.992217, 101, 53, 132, 84
-0.992228, 205, 37, 236, 68
-0.992243, 321, 49, 448, 80
-0.99225, 49, 301, 80, 332
-0.992298, 49, 277, 176, 308
-0.99233, 77, 149, 108, 180
-0.992333, 137, 253, 168, 284
-0.992339, 217, 117, 248, 148
-0.992341, 41, 117, 72, 148
-0.992345, 305, 73, 336, 104
-0.992362, 369, 241, 400, 272
-0.992373, 225, 93, 256, 124
-0.992415, 193, 193, 448, 256
-0.992435, 97, 61, 224, 92
-0.992442, 397, 73, 428, 104
-0.992453, 105, 281, 136, 312
-0.992455, 361, 81, 392, 112
-0.99246, 337, 185, 464, 248
-0.99248, 151, 233, 166, 296
-0.992487, 245, 85, 276, 116
-0.992501, 313, 193, 344, 224
-0.992506, 105, 265, 136, 296
-0.992509, 361, 281, 392, 312
-0.992509, 257, 161, 384, 224
-0.992511, 145, 1, 176, 128
-0.992526, 145, 169, 176, 200
-0.992534, 441, 17, 472, 144
-0.992547, 149, 153, 180, 184
-0.992556, 85, 161, 116, 192
-0.992569, 173, 245, 204, 276
-0.992571, 65, 145, 192, 176
-0.992577, 33, 161, 64, 192
-0.992587, 425, 17, 456, 144
-0.992602, 177, 149, 208, 180
-0.992606, 433, 17, 496, 144
-0.992608, 381, 249, 412, 280
-0.992623, 205, 117, 236, 148
-0.992639, 81, 297, 112, 328
-0.992672, 101, 129, 116, 192
-0.992676, 329, 73, 360, 104
-0.992686, 349, 225, 380, 256
-0.992692, 381, 241, 396, 304
-0.992722, 157, 53, 188, 84
-0.992733, 65, 185, 320, 248
-0.99276, 353, 49, 368, 112
-0.992799, 53, 261, 84, 292
-0.992819, 65, 77, 96, 108
-0.992828, 413, 77, 444, 108
-0.992831, 381, 233, 412, 264
-0.992857, 133, 185, 164, 216
-0.992862, 109, 57, 124, 120
-0.992865, 425, 137, 456, 168
-0.992874, 1, 161, 128, 192
-0.992891, 33, 265, 64, 296
-0.992894, 49, 157, 80, 188
-0.9929, 159, 257, 174, 320
-0.992904, 157, 245, 188, 276
-0.992926, 225, 81, 256, 112
-0.992932, 17, 253, 48, 284
-0.99296, 449, 81, 480, 112
-0.992962, 425, 81, 456, 112
-0.992966, 1, 297, 128, 328
-0.992967, 105, 65, 136, 96
-0.992969, 157, 165, 188, 196
-0.992987, 85, 277, 116, 308
-0.992991, 41, 241, 72, 272
-0.993005, 317, 73, 348, 104
-0.993012, 153, 257, 184, 288
-0.993021, 1, 245, 32, 276
-0.99303, 223, 41, 238, 104
-0.993047, 201, 229, 232, 260
-0.993091, 157, 65, 188, 96
-0.9931, 257, 121, 500, 184
-0.993104, 133, 61, 164, 92
-0.993114, 165, 257, 180, 320
-0.993114, 295, 41, 310, 104
-0.993137, 65, 225, 320, 288
-0.993139, 145, 249, 160, 312
-0.993157, 221, 45, 252, 76
-0.993198, 145, 65, 176, 96
-0.9932, 305, 245, 432, 276
-0.993217, 385, 89, 416, 120
-0.993224, 265, 189, 296, 220
-0.993227, 193, 133, 224, 164
-0.993251, 357, 265, 388, 296
-0.993271, 197, 101, 228, 132
-0.99328, 9, 165, 40, 196
-0.993299, 365, 117, 396, 148
-0.993307, 41, 277, 72, 308
-0.993324, 233, 41, 248, 104
-0.993328, 153, 257, 168, 320
-0.993336, 293, 201, 324, 232
-0.993336, 393, 253, 424, 284
-0.993336, 193, 41, 320, 72
-0.993347, 365, 49, 396, 80
-0.993352, 305, 217, 336, 248
-0.993354, 337, 77, 464, 108
-0.993371, 225, 69, 256, 100
-0.993374, 355, 73, 370, 136
-0.993375, 233, 41, 264, 72
-0.993378, 381, 81, 396, 144
-0.99338, 37, 229, 68, 260
-0.993383, 369, 49, 384, 112
-0.993389, 49, 273, 64, 332
-0.993391, 469, 101, 500, 132
-0.993406, 349, 277, 380, 308
-0.993407, 123, 57, 138, 120
-0.993409, 133, 225, 164, 256
-0.993411, 3, 241, 18, 304
-0.993413, 373, 269, 404, 300
-0.993417, 409, 129, 440, 160
-0.993423, 1, 257, 32, 288
-0.993425, 333, 201, 348, 264
-0.993431, 97, 149, 128, 180
-0.993442, 21, 125, 52, 156
-0.993449, 49, 157, 176, 188
-0.993465, 305, 233, 432, 264
-0.993492, 229, 109, 260, 140
-0.993502, 369, 105, 400, 136
-0.993505, 329, 97, 360, 128
-0.99352, 97, 297, 128, 328
-0.993528, 1, 113, 500, 176
-0.993543, 375, 241, 390, 304
-0.993581, 193, 121, 224, 152
-0.993586, 169, 57, 200, 88
-0.993592, 133, 277, 164, 308
-0.993593, 293, 65, 324, 96
-0.993596, 381, 45, 412, 76
-0.993604, 109, 129, 140, 160
-0.993623, 147, 161, 162, 224
-0.993664, 391, 81, 406, 144
-0.993711, 433, 161, 496, 288
-0.993725, 209, 57, 336, 88
-0.993729, 95, 137, 110, 200
-0.99375, 321, 217, 448, 248
-0.993776, 209, 97, 224, 160
-0.993777, 471, 81, 486, 144
-0.993784, 1, 137, 500, 200
-0.993788, 89, 145, 104, 208
-0.993808, 233, 73, 248, 136
-0.993861, 161, 121, 416, 184
-0.993867, 341, 209, 356, 272
-0.993872, 95, 49, 110, 112
-0.993888, 241, 73, 256, 136
-0.993895, 319, 217, 334, 280
-0.993896, 249, 209, 280, 332
-0.993946, 209, 33, 224, 96
-0.994005, 171, 249, 186, 312
-0.994022, 257, 69, 384, 100
-0.994057, 163, 145, 178, 208
-0.994072, 381, 41, 396, 104
-0.994079, 107, 265, 122, 328
-0.994098, 177, 145, 192, 208
-0.994134, 71, 273, 86, 332
-0.994137, 1, 89, 500, 152
-0.994145, 177, 41, 192, 104
-0.994146, 65, 169, 192, 200
-0.994184, 369, 97, 496, 128
-0.994198, 49, 61, 176, 92
-0.994215, 215, 33, 230, 96
-0.994218, 1, 41, 128, 104
-0.994232, 321, 205, 448, 236
-0.994262, 33, 265, 160, 296
-0.994275, 225, 265, 480, 328
-0.994277, 289, 89, 416, 120
-0.99431, 361, 81, 376, 144
-0.994331, 33, 237, 160, 268
-0.994331, 113, 257, 240, 288
-0.994348, 107, 145, 122, 208
-0.994355, 115, 57, 130, 120
-0.994375, 145, 69, 272, 100
-0.994416, 49, 93, 176, 124
-0.994429, 241, 197, 368, 228
-0.994479, 81, 245, 208, 276
-0.994485, 139, 249, 154, 312
-0.994491, 325, 177, 340, 240
-0.9945, 367, 241, 382, 304
-0.994537, 129, 237, 256, 268
-0.99455, 389, 225, 404, 288
-0.99456, 257, 217, 500, 280
-0.994573, 193, 33, 208, 96
-0.994579, 1, 177, 500, 240
-0.994583, 79, 153, 94, 216
-0.994588, 163, 65, 178, 128
-0.99459, 257, 221, 384, 252
-0.994592, 109, 121, 124, 184
-0.9946, 1, 41, 256, 104
-0.9946, 33, 1, 96, 128
-0.994608, 305, 61, 432, 92
-0.994624, 373, 73, 388, 136
-0.99465, 305, 65, 320, 128
-0.99466, 55, 153, 70, 216
-0.994684, 145, 93, 272, 124
-0.994688, 81, 289, 208, 320
-0.99469, 427, 73, 442, 136
-0.994699, 145, 217, 160, 280
-0.994725, 145, 45, 272, 76
-0.994731, 361, 233, 376, 296
-0.994745, 193, 89, 320, 120
-0.994784, 199, 33, 214, 96
-0.994798, 305, 113, 432, 144
-0.994806, 289, 257, 416, 288
-0.994812, 183, 137, 198, 200
-0.994822, 97, 97, 352, 160
-0.994823, 425, 121, 440, 184
-0.994845, 103, 49, 118, 112
-0.994878, 329, 225, 344, 288
-0.994899, 65, 153, 80, 216
-0.994903, 97, 129, 224, 160
-0.994904, 115, 265, 130, 328
-0.994923, 49, 105, 176, 136
-0.994926, 213, 225, 228, 288
-0.994945, 73, 153, 88, 216
-0.994948, 13, 257, 28, 320
-0.994963, 15, 129, 30, 192
-0.994964, 49, 81, 176, 112
-0.994978, 209, 17, 336, 80
-0.995006, 49, 225, 176, 256
-0.995009, 193, 69, 320, 100
-0.995017, 145, 33, 176, 288
-0.995024, 151, 57, 166, 120
-0.995078, 257, 169, 500, 232
-0.995089, 129, 149, 256, 180
-0.995092, 257, 101, 384, 132
-0.995096, 227, 65, 242, 128
-0.995109, 241, 209, 368, 240
-0.99511, 289, 193, 416, 224
-0.995128, 97, 73, 224, 104
-0.995143, 441, 81, 456, 144
-0.995154, 41, 121, 56, 184
-0.995159, 169, 145, 184, 208
-0.995175, 347, 217, 362, 280
-0.995185, 35, 153, 50, 216
-0.995197, 241, 181, 368, 212
-0.99521, 315, 73, 330, 136
-0.995221, 135, 273, 150, 332
-0.995224, 387, 41, 402, 104
-0.995253, 129, 113, 256, 144
-0.995275, 347, 49, 362, 112
-0.995286, 69, 33, 100, 288
-0.995292, 323, 73, 338, 136
-0.995295, 113, 161, 240, 192
-0.995322, 1, 33, 64, 160
-0.995328, 397, 201, 412, 264
-0.99536, 329, 33, 360, 288
-0.995375, 81, 49, 208, 80
-0.99539, 61, 273, 76, 332
-0.995408, 393, 1, 424, 256
-0.995415, 235, 225, 250, 288
-0.995416, 85, 33, 116, 288
-0.995431, 49, 65, 80, 320
-0.995457, 157, 169, 172, 232
-0.995457, 183, 41, 198, 104
-0.995469, 321, 101, 448, 132
-0.995497, 369, 125, 496, 156
-0.995498, 145, 81, 272, 112
-0.995501, 439, 121, 454, 184
-0.995515, 1, 125, 128, 156
-0.995525, 395, 41, 410, 104
-0.995525, 201, 1, 232, 256
-0.995543, 253, 1, 284, 256
-0.995545, 313, 33, 344, 288
-0.995551, 65, 193, 192, 224
-0.995568, 401, 241, 416, 304
-0.995581, 1, 285, 128, 316
-0.995583, 271, 33, 286, 96
-0.995588, 209, 277, 336, 308
-0.995605, 65, 181, 192, 212
-0.995621, 193, 101, 320, 132
-0.995648, 169, 65, 184, 128
-0.99565, 225, 113, 240, 176
-0.995664, 369, 233, 496, 264
-0.995669, 217, 105, 232, 168
-0.995671, 49, 161, 64, 224
-0.995681, 353, 225, 368, 288
-0.995681, 121, 33, 152, 288
-0.995688, 145, 57, 272, 88
-0.995691, 1, 253, 128, 284
-0.995693, 77, 73, 92, 136
-0.995729, 257, 233, 384, 264
-0.995733, 203, 89, 218, 152
-0.995736, 229, 1, 260, 256
-0.995738, 1, 225, 128, 256
-0.995742, 99, 257, 114, 320
-0.995744, 431, 137, 446, 200
-0.995744, 177, 1, 208, 256
-0.995767, 137, 57, 152, 120
-0.99577, 433, 81, 448, 144
-0.995775, 71, 73, 86, 136
-0.995811, 243, 33, 258, 96
-0.995811, 177, 229, 304, 260
-0.995833, 367, 73, 382, 136
-0.995834, 219, 65, 234, 128
-0.995839, 273, 1, 304, 256
-0.995841, 209, 261, 336, 292
-0.995842, 17, 141, 144, 172
-0.995842, 403, 201, 418, 264
-0.995843, 235, 97, 250, 160
-0.995856, 49, 301, 176, 332
-0.995884, 331, 73, 346, 136
-0.995895, 247, 89, 262, 152
-0.995901, 193, 129, 208, 192
-0.995914, 151, 137, 166, 200
-0.995922, 409, 217, 424, 280
-0.995925, 289, 273, 416, 304
-0.995933, 273, 1, 336, 128
-0.995933, 415, 33, 430, 96
-0.995943, 315, 177, 330, 240
-0.995954, 209, 65, 224, 128
-0.995959, 375, 49, 390, 112
-0.995965, 337, 257, 464, 288
-0.995971, 375, 273, 390, 332
-0.996007, 129, 269, 256, 300
-0.996011, 217, 1, 248, 256
-0.996027, 341, 33, 372, 288
-0.996029, 417, 73, 432, 136
-0.99605, 243, 217, 258, 280
-0.99605, 257, 293, 384, 324
-0.996054, 113, 81, 128, 144
-0.996055, 133, 33, 164, 288
-0.99606, 17, 181, 144, 212
-0.996061, 61, 97, 76, 160
-0.996065, 241, 1, 272, 256
-0.996085, 113, 301, 240, 332
-0.9961, 1, 93, 128, 124
-0.99614, 189, 1, 220, 256
-0.99614, 377, 1, 408, 256
-0.996151, 177, 113, 304, 144
-0.996154, 257, 245, 384, 276
-0.996155, 459, 81, 474, 144
-0.996156, 353, 249, 368, 312
-0.996172, 109, 33, 140, 288
-0.996183, 97, 85, 224, 116
-0.996201, 369, 113, 496, 144
-0.996218, 293, 33, 324, 288
-0.996279, 177, 289, 304, 320
-0.996303, 257, 57, 384, 88
-0.996305, 193, 145, 448, 208
-0.996329, 17, 213, 144, 244
-0.996337, 417, 33, 448, 288
-0.996383, 241, 89, 368, 120
-0.996388, 97, 65, 128, 320
-0.99639, 353, 245, 480, 276
-0.99639, 157, 33, 188, 288
-0.996402, 161, 133, 288, 164
-0.996411, 289, 181, 416, 212
-0.996418, 369, 25, 496, 88
-0.996442, 65, 205, 192, 236
-0.996447, 225, 17, 480, 80
-0.996513, 365, 65, 396, 320
-0.996567, 273, 125, 400, 156
-0.996573, 405, 1, 436, 256
-0.996618, 129, 289, 256, 320
-0.996664, 129, 225, 256, 256
-0.996672, 161, 161, 288, 192
-0.996732, 177, 245, 304, 276
-0.99676, 369, 209, 496, 240
-0.996807, 353, 65, 480, 96
-0.996825, 457, 65, 488, 320
-0.996841, 129, 181, 256, 212
-0.996897, 369, 221, 496, 252
-0.996912, 33, 65, 64, 320
-0.996945, 113, 213, 240, 244
-0.996969, 1, 65, 32, 320
-0.997028, 353, 33, 384, 288
-0.997054, 209, 145, 336, 176
-0.997069, 337, 269, 464, 300
-0.997113, 445, 65, 476, 320
-0.997153, 17, 201, 144, 232
-0.99716, 321, 37, 448, 68
-0.997161, 369, 137, 496, 168
-0.997181, 193, 217, 320, 248
-0.997199, 209, 169, 336, 200
-0.997239, 257, 45, 384, 76
-0.997326, 369, 145, 496, 208
-0.997383, 321, 125, 448, 156
-0.997388, 193, 197, 320, 228
-0.997402, 429, 33, 460, 288
-0.997488, 81, 9, 208, 72
-0.997535, 81, 117, 208, 148
-0.99755, 209, 129, 336, 160
-0.997573, 17, 65, 48, 320
-0.997582, 273, 33, 400, 64
-0.997608, 145, 33, 272, 64
-0.997614, 99, 53, 114, 84
-0.997621, 49, 129, 176, 160
-0.997624, 341, 57, 356, 88
-0.997635, 41, 297, 56, 328
-0.997645, 111, 129, 126, 160
-0.997654, 209, 157, 336, 188
-0.997655, 35, 297, 50, 328
-0.997659, 47, 289, 62, 320
-0.99766, 177, 153, 192, 184
-0.997661, 105, 53, 120, 84
-0.997664, 93, 53, 108, 84
-0.997668, 257, 113, 384, 144
-0.997685, 431, 117, 446, 148
-0.997695, 65, 297, 80, 328
-0.997696, 85, 57, 100, 88
-0.997696, 53, 293, 68, 324
-0.997699, 33, 17, 288, 80
-0.997709, 355, 229, 370, 260
-0.99771, 3, 245, 18, 276
-0.997716, 209, 301, 336, 332
-0.997721, 179, 45, 194, 76
-0.997724, 377, 81, 392, 112
-0.99773, 289, 137, 416, 168
-0.997732, 375, 241, 390, 272
-0.997733, 391, 85, 406, 116
-0.997733, 85, 149, 100, 180
-0.997735, 65, 285, 80, 316
-0.997739, 183, 149, 198, 180
-0.997746, 385, 89, 400, 120
-0.997746, 407, 37, 422, 68
-0.997749, 147, 241, 162, 272
-0.997749, 329, 229, 344, 260
-0.997757, 363, 281, 378, 312
-0.997757, 109, 65, 124, 96
-0.997757, 237, 81, 252, 112
-0.997758, 173, 245, 188, 276
-0.997759, 211, 105, 226, 136
-0.997762, 355, 77, 370, 108
-0.997763, 239, 93, 254, 124
-0.997764, 55, 277, 70, 308
-0.997764, 173, 57, 188, 88
-0.997764, 171, 153, 186, 184
-0.997764, 369, 41, 496, 72
-0.997765, 99, 137, 114, 168
-0.99777, 219, 117, 234, 148
-0.997773, 221, 105, 236, 136
-0.997775, 75, 157, 90, 188
-0.997777, 473, 85, 488, 116
-0.99778, 271, 37, 286, 68
-0.99778, 335, 233, 350, 264
-0.99778, 105, 133, 120, 164
-0.99778, 117, 61, 132, 92
-0.997782, 95, 157, 110, 188
-0.997784, 347, 221, 362, 252
-0.997785, 93, 141, 108, 172
-0.997786, 295, 49, 310, 80
-0.99779, 321, 221, 336, 252
-0.997792, 369, 77, 384, 108
-0.997793, 149, 149, 164, 180
-0.997795, 77, 77, 92, 108
-0.997797, 45, 269, 60, 300
-0.997799, 167, 241, 182, 272
-0.9978, 27, 297, 42, 328
-0.997805, 397, 197, 412, 228
-0.997807, 209, 69, 224, 100
-0.997807, 123, 61, 138, 92
-0.997807, 47, 301, 62, 332
-0.997808, 21, 241, 36, 272
-0.997814, 101, 297, 116, 328
-0.997815, 427, 129, 442, 160
-0.997815, 229, 113, 244, 144
-0.997818, 83, 69, 98, 100
-0.997818, 335, 205, 350, 236
-0.997821, 225, 45, 240, 76
-0.997822, 195, 37, 210, 68
-0.997823, 173, 165, 188, 196
-0.997824, 13, 253, 28, 284
-0.997826, 95, 65, 110, 96
-0.997827, 89, 69, 104, 100
-0.997827, 57, 265, 72, 296
-0.997829, 5, 301, 20, 332
-0.997829, 15, 265, 30, 296
-0.997831, 215, 37, 230, 68
-0.997832, 59, 301, 74, 332
-0.997833, 361, 233, 376, 264
-0.997833, 341, 213, 356, 244
-0.997834, 43, 121, 58, 152
-0.997834, 59, 289, 74, 320
-0.997836, 365, 293, 380, 324
-0.997837, 143, 253, 158, 284
-0.997841, 1, 81, 128, 112
-0.997841, 101, 153, 116, 184
-0.997841, 345, 241, 360, 272
-0.997842, 467, 85, 482, 116
-0.997844, 157, 65, 172, 96
-0.997846, 159, 233, 174, 264
-0.997847, 245, 89, 260, 120
-0.997847, 321, 73, 336, 104
-0.997848, 157, 141, 172, 172
-0.997848, 77, 281, 92, 312
-0.997849, 305, 69, 320, 100
-0.997852, 149, 169, 164, 200
-0.997852, 155, 257, 170, 288
-0.997854, 315, 73, 330, 104
-0.997858, 213, 121, 228, 152
-0.997858, 437, 81, 452, 112
-0.99786, 373, 277, 388, 308
-0.997861, 385, 45, 400, 76
-0.997862, 115, 89, 130, 120
-0.997862, 221, 65, 236, 96
-0.997863, 393, 97, 408, 128
-0.997863, 205, 121, 220, 152
-0.997864, 381, 269, 396, 300
-0.997865, 109, 265, 124, 296
-0.997866, 153, 233, 168, 264
-0.997866, 439, 129, 454, 160
-0.997867, 111, 53, 126, 84
-0.997869, 221, 225, 236, 256
-0.997871, 413, 33, 428, 64
-0.997873, 55, 157, 70, 188
-0.997874, 113, 77, 128, 108
-0.997874, 315, 177, 330, 208
-0.997874, 431, 81, 446, 112
-0.997874, 395, 253, 410, 284
-0.997874, 87, 81, 102, 112
-0.997877, 229, 69, 244, 100
-0.997878, 149, 253, 164, 284
-0.997878, 325, 177, 340, 208
-0.997878, 359, 293, 374, 324
-0.99788, 61, 105, 76, 136
-0.99788, 403, 241, 418, 272
-0.997883, 69, 157, 84, 188
-0.997883, 65, 93, 80, 124
-0.997883, 205, 37, 220, 68
-0.997884, 137, 61, 152, 92
-0.997884, 281, 45, 296, 76
-0.997884, 103, 277, 118, 308
-0.997884, 135, 185, 150, 216
-0.997973, 337, 281, 464, 312
-0.997989, 305, 297, 432, 328
-0.998019, 161, 301, 288, 332
-0.998053, 1, 57, 128, 88
-0.998077, 1, 17, 500, 80
-0.99816, 369, 197, 496, 228
-0.998164, 113, 193, 240, 224
-0.998175, 129, 17, 384, 80
-0.998276, 321, 169, 448, 200
-0.998278, 469, 65, 500, 320
-0.998312, 317, 207, 348, 222
-0.998313, 193, 29, 320, 60
-0.998318, 157, 251, 188, 266
-0.998321, 177, 47, 208, 62
-0.998322, 81, 81, 112, 96
-0.998323, 237, 41, 268, 56
-0.998324, 337, 113, 368, 128
-0.998325, 321, 69, 352, 84
-0.998327, 193, 129, 224, 144
-0.998331, 101, 137, 132, 152
-0.998331, 407, 33, 422, 160
-0.998336, 49, 159, 80, 174
-0.99834, 41, 113, 56, 240
-0.998343, 389, 33, 404, 160
-0.998344, 37, 259, 68, 274
-0.998345, 97, 97, 224, 128
-0.998372, 53, 277, 84, 292
-0.998374, 289, 71, 320, 86
-0.998377, 377, 47, 408, 62
-0.998381, 379, 33, 394, 160
-0.998382, 117, 135, 148, 150
-0.998383, 81, 37, 208, 68
-0.998385, 333, 73, 364, 88
-0.998389, 125, 63, 156, 78
-0.998389, 317, 229, 348, 244
-0.998391, 49, 97, 64, 224
-0.998401, 193, 135, 224, 150
-0.998405, 349, 55, 380, 70
-0.998407, 69, 75, 100, 90
-0.998408, 133, 189, 164, 204
-0.998408, 309, 195, 340, 210
-0.998412, 365, 33, 380, 160
-0.998416, 41, 123, 72, 138
-0.998418, 397, 79, 428, 94
-0.99842, 1, 113, 128, 144
-0.998422, 389, 99, 420, 114
-0.998429, 365, 51, 396, 66
-0.99843, 361, 265, 392, 280
-0.998433, 1, 303, 64, 318
-0.998433, 121, 277, 152, 292
-0.99844, 129, 243, 192, 258
-0.998441, 65, 81, 96, 96
-0.998447, 25, 305, 88, 320
-0.998448, 59, 97, 74, 224
-0.998449, 145, 151, 208, 166
-0.99845, 369, 45, 432, 60
-0.998451, 73, 59, 136, 74
-0.998453, 371, 33, 386, 160
-0.998453, 177, 41, 240, 56
-0.998454, 425, 117, 456, 132
-0.998455, 325, 235, 356, 250
-0.998456, 113, 65, 176, 80
-0.998459, 233, 39, 296, 54
-0.998459, 431, 65, 446, 192
-0.99846, 261, 195, 292, 210
-0.998461, 37, 251, 68, 266
-0.998462, 105, 143, 168, 158
-0.998466, 101, 81, 116, 208
-0.998467, 145, 141, 176, 156
-0.99847, 293, 191, 324, 206
-0.998471, 73, 71, 136, 86
-0.998471, 193, 83, 256, 98
-0.998475, 73, 77, 136, 92
-0.998477, 177, 149, 208, 164
-0.998479, 353, 241, 416, 256
-0.998482, 157, 161, 172, 288
-0.998484, 361, 233, 424, 248
-0.998484, 149, 153, 180, 168
-0.998486, 321, 239, 384, 254
-0.998486, 157, 261, 188, 276
-0.998487, 41, 287, 104, 302
-0.998489, 389, 257, 420, 272
-0.99849, 73, 95, 136, 110
-0.998491, 453, 85, 484, 100
-0.998491, 65, 281, 128, 296
-0.998492, 25, 299, 88, 314
-0.998492, 321, 77, 352, 92
-0.998494, 73, 169, 136, 184
-0.9985, 313, 233, 376, 248
-0.9985, 49, 159, 112, 174
-0.998501, 129, 249, 192, 264
-0.998502, 89, 137, 152, 152
-0.998503, 289, 193, 352, 208
-0.998503, 73, 65, 136, 80
-0.998504, 1, 243, 64, 258
-0.998505, 185, 73, 248, 88
-0.998507, 257, 197, 320, 212
-0.998507, 377, 133, 440, 148
-0.998507, 73, 87, 136, 102
-0.998508, 289, 61, 352, 76
-0.998511, 345, 223, 408, 238
-0.998511, 337, 233, 400, 248
-0.998512, 137, 157, 200, 172
-0.998513, 393, 81, 456, 96
-0.998515, 1, 297, 64, 312
-0.998517, 343, 49, 358, 176
-0.998519, 297, 181, 360, 196
-0.99852, 1, 269, 64, 284
-0.99852, 137, 143, 200, 158
-0.998521, 377, 127, 440, 142
-0.998522, 345, 101, 408, 116
-0.998522, 25, 311, 88, 326
-0.998522, 369, 75, 432, 90
-0.998523, 345, 85, 408, 100
-0.998524, 345, 107, 408, 122
-0.998525, 337, 95, 400, 110
-0.998526, 325, 215, 356, 230
-0.998526, 169, 47, 232, 62
-0.998528, 97, 131, 160, 146
-0.998528, 137, 167, 200, 182
-0.998528, 193, 89, 256, 104
-0.998528, 369, 203, 432, 218
-0.998528, 345, 215, 408, 230
-0.998528, 289, 73, 352, 88
-0.998528, 9, 263, 72, 278
-0.998528, 425, 135, 488, 150
-0.998529, 97, 275, 160, 290
-0.998529, 201, 101, 264, 116
-0.998532, 149, 171, 180, 186
-0.998532, 305, 227, 368, 242
-0.998533, 425, 129, 488, 144
-0.998534, 289, 55, 352, 70
-0.998535, 129, 257, 192, 272
-0.998536, 97, 149, 160, 164
-0.998536, 417, 83, 480, 98
-0.998537, 129, 237, 192, 252
-0.998539, 313, 253, 376, 268
-0.998539, 1, 263, 32, 278
-0.998539, 105, 165, 168, 180
-0.99854, 361, 51, 424, 66
-0.998541, 369, 219, 432, 234
-0.998541, 289, 67, 352, 82
-0.998541, 169, 63, 232, 78
-0.998543, 401, 133, 464, 148
-0.998544, 417, 123, 480, 138
-0.998544, 329, 57, 392, 72
-0.998545, 149, 177, 180, 192
-0.998545, 65, 283, 96, 298
-0.998545, 153, 137, 216, 152
-0.998545, 161, 253, 224, 268
-0.998546, 81, 143, 144, 158
-0.998546, 1, 165, 64, 180
-0.998549, 33, 293, 96, 308
-0.998551, 345, 253, 408, 268
-0.998552, 289, 203, 352, 218
-0.998552, 1, 309, 64, 324
-0.998553, 137, 67, 200, 82
-0.998554, 209, 41, 272, 56
-0.998554, 329, 79, 392, 94
-0.998554, 57, 153, 120, 168
-0.998554, 1, 255, 64, 270
-0.998555, 257, 49, 320, 64
-0.998555, 353, 269, 416, 284
-0.998555, 41, 199, 104, 214
-0.998556, 233, 91, 296, 106
-0.998556, 209, 107, 272, 122
-0.998557, 57, 105, 120, 120
-0.998557, 41, 281, 104, 296
-0.998557, 113, 137, 176, 152
-0.998558, 377, 121, 440, 136
-0.998558, 381, 247, 412, 262
-0.998559, 369, 213, 432, 228
-0.99856, 33, 317, 96, 332
-0.99856, 161, 241, 224, 256
-0.99856, 111, 49, 126, 176
-0.998561, 345, 113, 408, 128
-0.998561, 201, 227, 264, 242
-0.998561, 377, 225, 440, 240
-0.998562, 297, 187, 360, 202
-0.998562, 257, 191, 320, 206
-0.998563, 321, 221, 384, 236
-0.998564, 353, 247, 416, 262
-0.998564, 97, 201, 160, 216
-0.998564, 377, 101, 440, 116
-0.998565, 417, 65, 432, 192
-0.998566, 57, 293, 120, 308
-0.998568, 1, 291, 64, 306
-0.998568, 105, 173, 168, 188
-0.998569, 41, 273, 104, 288
-0.998571, 313, 259, 376, 274
-0.998572, 265, 185, 328, 200
-0.998573, 305, 247, 368, 262
-0.998573, 297, 219, 360, 234
-0.998574, 161, 167, 224, 182
-0.998574, 129, 173, 192, 188
-0.998574, 97, 251, 160, 266
-0.998574, 97, 59, 160, 74
-0.998574, 57, 315, 120, 330
-0.998575, 297, 213, 360, 228
-0.998575, 153, 261, 216, 276
-0.998575, 277, 197, 308, 212
-0.998576, 329, 275, 392, 290
-0.998577, 1, 69, 128, 100
-0.998577, 289, 233, 352, 248
-0.998578, 113, 287, 176, 302
-0.998578, 313, 115, 376, 130
-0.998578, 329, 73, 392, 88
-0.998578, 377, 107, 440, 122
-0.998579, 417, 81, 448, 96
-0.998581, 153, 209, 168, 332
-0.998586, 381, 239, 412, 254
-0.998586, 141, 65, 172, 80
-0.998588, 233, 33, 248, 160
-0.998591, 33, 291, 64, 306
-0.998595, 13, 307, 44, 322
-0.998596, 239, 33, 254, 160
-0.998601, 399, 33, 414, 160
-0.998604, 437, 65, 452, 192
-0.998623, 97, 75, 128, 90
-0.998624, 81, 145, 96, 272
-0.998624, 391, 193, 406, 320
-0.998627, 225, 99, 256, 114
-0.998631, 101, 95, 132, 110
-0.998631, 323, 161, 338, 288
-0.998634, 161, 209, 176, 332
-0.998638, 61, 315, 92, 330
-0.99864, 313, 189, 344, 204
-0.998646, 65, 97, 80, 224
-0.998647, 359, 33, 374, 160
-0.998647, 25, 317, 56, 332
-0.998647, 165, 153, 196, 168
-0.998649, 217, 113, 248, 128
-0.99865, 95, 81, 110, 208
-0.998657, 425, 65, 440, 192
-0.998661, 443, 65, 458, 192
-0.998663, 205, 123, 236, 138
-0.998668, 71, 97, 86, 224
-0.998671, 227, 33, 242, 160
-0.998671, 349, 85, 380, 100
-0.998671, 209, 17, 224, 144
-0.998676, 69, 159, 100, 174
-0.998681, 43, 177, 58, 304
-0.998687, 161, 61, 192, 76
-0.998692, 85, 49, 100, 176
-0.998694, 147, 129, 162, 256
-0.998695, 315, 161, 330, 288
-0.998698, 17, 255, 48, 270
-0.998698, 193, 181, 320, 212
-0.998699, 159, 49, 174, 176
-0.9987, 201, 17, 216, 144
-0.998704, 297, 33, 312, 160
-0.998717, 249, 33, 264, 160
-0.99872, 329, 177, 344, 304
-0.998722, 321, 209, 336, 332
-0.998724, 57, 303, 88, 318
-0.998724, 101, 89, 132, 104
-0.998728, 313, 201, 344, 216
-0.998731, 53, 145, 68, 272
-0.998733, 85, 165, 116, 180
-0.998737, 397, 193, 412, 320
-0.998749, 21, 301, 52, 316
-0.998753, 93, 69, 124, 84
-0.998755, 361, 243, 392, 258
-0.998757, 465, 87, 496, 102
-0.998757, 167, 49, 182, 176
-0.998758, 1, 129, 16, 256
-0.998764, 1, 193, 16, 320
-0.998767, 81, 73, 112, 88
-0.998769, 413, 17, 428, 144
-0.998771, 123, 49, 138, 176
-0.998777, 177, 33, 192, 160
-0.998784, 35, 113, 50, 240
-0.998787, 389, 231, 420, 246
-0.998788, 353, 49, 368, 176
-0.99879, 69, 145, 84, 272
-0.998793, 307, 65, 322, 192
-0.998798, 147, 209, 162, 332
-0.998808, 335, 193, 350, 320
-0.998813, 225, 83, 256, 98
-0.998818, 315, 65, 330, 192
-0.998825, 75, 145, 90, 272
-0.998828, 355, 209, 370, 332
-0.998833, 109, 271, 140, 286
-0.998835, 361, 209, 376, 332
-0.998856, 7, 209, 22, 332
-0.998857, 291, 33, 306, 160
-0.998861, 193, 37, 224, 52
-0.998864, 329, 221, 360, 236
-0.998867, 217, 49, 232, 176
-0.998867, 173, 257, 204, 272
-0.998874, 149, 49, 164, 176
-0.998876, 21, 263, 52, 278
-0.998877, 241, 87, 272, 102
-0.998877, 91, 129, 106, 256
-0.99888, 81, 149, 112, 164
-0.998882, 117, 49, 132, 176
-0.998886, 167, 209, 182, 332
-0.998894, 185, 33, 200, 160
-0.998895, 329, 65, 344, 192
-0.998895, 7, 129, 22, 256
-0.998898, 305, 75, 336, 90
-0.998899, 261, 17, 276, 144
-0.998906, 61, 145, 76, 272
-0.998907, 371, 209, 386, 332
-0.998909, 239, 81, 254, 208
-0.998913, 309, 177, 324, 304
-0.998916, 5, 299, 36, 314
-0.998918, 233, 81, 248, 208
-0.99892, 337, 49, 352, 176
-0.99893, 321, 65, 336, 192
-0.998931, 115, 209, 130, 332
-0.998933, 141, 193, 156, 320
-0.998936, 109, 129, 124, 256
-0.998936, 77, 81, 92, 208
-0.998938, 163, 129, 178, 256
-0.998944, 85, 293, 116, 308
-0.998946, 365, 81, 380, 208
-0.998951, 221, 209, 236, 332
-0.998954, 49, 193, 64, 320
-0.998966, 403, 193, 418, 320
-0.998967, 121, 209, 136, 332
-0.998972, 457, 65, 472, 192
-0.998972, 315, 209, 330, 332
-0.998974, 141, 257, 172, 272
-0.998976, 207, 65, 222, 192
-0.998976, 217, 97, 232, 224
-0.99898, 89, 141, 120, 156
-0.998981, 361, 273, 392, 288
-0.998984, 377, 81, 392, 208
-0.998984, 41, 315, 72, 330
-0.998985, 13, 113, 28, 240
-0.998987, 103, 129, 118, 256
-0.998987, 213, 107, 244, 122
-0.998989, 385, 209, 400, 332
-0.998992, 377, 209, 392, 332
-0.998994, 129, 177, 144, 304
-0.998997, 141, 49, 156, 176
-0.998997, 173, 163, 204, 178
-0.999, 269, 129, 284, 256
-0.999008, 273, 17, 288, 144
-0.999008, 471, 81, 486, 208
-0.999011, 89, 209, 104, 332
-0.999011, 37, 177, 52, 304
-0.999014, 281, 33, 296, 160
-0.999018, 237, 103, 268, 118
-0.999022, 229, 209, 244, 332
-0.999023, 135, 49, 150, 176
-0.999026, 427, 113, 442, 240
-0.999029, 101, 193, 116, 320
-0.999041, 341, 193, 356, 320
-0.999042, 77, 89, 108, 104
-0.999044, 191, 33, 206, 160
-0.999046, 463, 65, 478, 192
-0.999049, 349, 209, 364, 332
-0.999051, 409, 193, 424, 320
-0.999055, 169, 161, 184, 288
-0.999056, 337, 59, 368, 74
-0.999059, 477, 81, 492, 208
-0.999062, 215, 209, 230, 332
-0.999073, 13, 161, 28, 288
-0.999075, 227, 81, 242, 208
-0.999078, 281, 49, 312, 64
-0.99908, 25, 129, 40, 256
-0.999082, 157, 113, 172, 240
-0.999095, 329, 241, 360, 256
-0.999111, 135, 177, 150, 304
-0.999115, 371, 81, 386, 208
-0.999123, 235, 209, 250, 332
-0.999123, 393, 219, 424, 234
-0.999127, 425, 135, 456, 150
-0.99913, 353, 79, 384, 94
-0.999131, 49, 283, 80, 298
-0.999132, 449, 65, 464, 192
-0.999132, 435, 113, 450, 240
-0.999134, 337, 229, 368, 244
-0.999137, 129, 49, 144, 176
-0.999137, 267, 17, 282, 144
-0.999141, 247, 145, 262, 272
-0.999145, 257, 39, 288, 54
-0.999147, 243, 209, 258, 332
-0.999149, 107, 209, 122, 332
-0.999192, 25, 307, 56, 322
-0.999215, 1, 309, 32, 324
-0.999217, 397, 39, 428, 54
-0.999227, 389, 225, 420, 240
-0.999227, 345, 235, 376, 250
-0.999238, 17, 241, 48, 256
-0.999249, 37, 299, 68, 314
-0.999277, 113, 63, 144, 78
-0.999348, 365, 83, 396, 98
-0.99935, 149, 147, 180, 162
-0.999362, 85, 61, 116, 76
-0.999382, 377, 87, 408, 102
-0.999384, 81, 67, 112, 82
-0.999401, 393, 213, 424, 228
-0.999427, 209, 71, 240, 86
-0.999429, 425, 123, 456, 138
-0.99948, 41, 309, 72, 324
-0.99955, 313, 179, 344, 194
-0.999609, 45, 293, 76, 308
-0.999629, 425, 129, 456, 144
-0.999644, 149, 237, 180, 252
-0.999675, 97, 63, 128, 78
-0.999698, 93, 55, 124, 70
-0.999749, 393, 203, 424, 218
-0.999756, 185, 43, 200, 58
-0.999757, 235, 111, 250, 126
-0.999757, 365, 295, 380, 310
-0.999757, 351, 57, 366, 72
-0.999757, 385, 89, 400, 104
-0.999757, 13, 257, 28, 272
-0.999757, 331, 77, 346, 92
-0.999757, 37, 243, 52, 258
-0.999757, 181, 253, 196, 268
-0.999757, 75, 73, 90, 88
-0.999757, 101, 131, 132, 146
-0.999757, 199, 129, 214, 144
-0.999757, 407, 201, 422, 216
-0.999757, 63, 307, 78, 322
-0.999757, 421, 137, 436, 152
-0.999757, 7, 305, 22, 320
-0.999758, 431, 81, 446, 96
-0.999758, 65, 107, 80, 122
-0.999758, 245, 89, 260, 104
-0.999758, 109, 97, 124, 112
-0.999758, 359, 75, 374, 90
-0.999758, 429, 123, 444, 138
-0.999758, 465, 85, 480, 100
-0.999758, 91, 293, 106, 308
-0.999758, 23, 301, 38, 316
-0.999759, 437, 133, 452, 148
-0.999759, 357, 269, 372, 284
-0.999759, 53, 297, 68, 312
-0.999759, 163, 237, 178, 252
-0.999759, 301, 71, 316, 86
-0.999759, 43, 269, 58, 284
-0.999759, 57, 291, 72, 306
-0.99976, 95, 159, 110, 174
-0.99976, 315, 179, 330, 194
-0.99976, 151, 173, 166, 188
-0.99976, 17, 243, 32, 258
-0.99976, 237, 97, 252, 112
-0.99976, 159, 67, 174, 82
-0.99976, 215, 69, 230, 84
-0.99976, 365, 273, 380, 288
-0.99976, 149, 65, 164, 80
-0.999761, 197, 37, 212, 52
-0.999761, 325, 181, 340, 196
-0.999761, 347, 247, 362, 262
-0.999761, 71, 101, 86, 116
-0.999761, 79, 81, 94, 96
-0.999761, 381, 271, 396, 286
-0.999762, 157, 181, 172, 196
-0.999762, 3, 317, 18, 332
-0.999762, 87, 59, 102, 74
-0.999762, 157, 259, 172, 274
-0.999762, 47, 303, 62, 318
-0.999762, 399, 201, 414, 216
-0.999762, 7, 299, 22, 314
-0.999762, 357, 233, 372, 248
-0.999762, 3, 247, 18, 262
-0.999762, 13, 297, 28, 312
-0.999762, 339, 239, 354, 254
-0.999762, 149, 145, 164, 160
-0.999762, 327, 231, 342, 246
-0.999763, 83, 73, 98, 88
-0.999763, 233, 77, 248, 92
-0.999763, 307, 73, 322, 88
-0.999763, 143, 245, 158, 260
-0.999763, 263, 195, 278, 210
-0.999763, 175, 153, 190, 168
-0.999763, 41, 251, 56, 266
-0.999763, 183, 161, 198, 176
-0.999763, 351, 95, 366, 110
-0.999763, 149, 257, 164, 272
-0.999764, 101, 55, 116, 70
-0.999764, 295, 49, 310, 64
-0.999764, 13, 305, 28, 320
-0.999764, 365, 279, 380, 294
-0.999764, 143, 255, 158, 270
-0.999764, 177, 49, 192, 64
-0.999765, 107, 71, 122, 86
-0.999765, 213, 107, 228, 122
-0.999765, 89, 163, 104, 178
-0.999765, 149, 155, 164, 170
-0.999765, 363, 285, 378, 300
-0.999765, 115, 91, 130, 106
-0.999765, 155, 141, 170, 156
-0.999765, 359, 297, 374, 312
-0.999765, 99, 293, 114, 308
-0.999766, 177, 163, 192, 178
-0.999766, 175, 63, 190, 78
-0.999766, 271, 39, 286, 54
-0.999766, 229, 117, 244, 132
-0.999766, 427, 137, 442, 152
-0.999766, 223, 115, 238, 130
-0.999766, 93, 67, 108, 82
-0.999766, 183, 151, 198, 166
-0.999767, 225, 71, 240, 86
-0.999767, 65, 283, 80, 298
-0.999767, 355, 81, 370, 96
-0.999767, 113, 59, 128, 74
-0.999767, 51, 309, 66, 324
-0.999767, 315, 75, 330, 90
-0.999768, 215, 39, 230, 54
-0.999769, 333, 235, 348, 250
-0.999769, 45, 291, 60, 306
-0.999769, 85, 65, 100, 80
-0.999769, 87, 83, 102, 98
-0.99977, 57, 279, 72, 294
-0.99977, 433, 117, 448, 132
-0.99977, 377, 85, 392, 100
-0.99977, 51, 287, 66, 302
-0.999771, 43, 309, 58, 324
-0.999771, 237, 83, 252, 98
-0.999771, 241, 103, 256, 118
-0.999771, 207, 131, 222, 146
-0.999772, 471, 87, 486, 102
-0.999773, 41, 315, 56, 330
-0.999774, 375, 243, 390, 258
-0.999774, 93, 55, 108, 70
-0.999775, 65, 301, 80, 316
-0.999776, 15, 263, 30, 278
-0.999776, 217, 121, 232, 136
-0.999776, 5, 311, 20, 326
-0.999777, 157, 235, 172, 250
-0.999777, 39, 295, 54, 310
-0.999778, 101, 63, 116, 78
-0.999778, 111, 129, 126, 144
-0.999778, 35, 301, 50, 316
-0.999779, 391, 87, 406, 102
-0.999779, 117, 65, 132, 80
-0.999779, 369, 79, 384, 94
-0.999779, 107, 57, 122, 72
-0.999782, 411, 37, 426, 52
-0.999783, 341, 59, 356, 74
-1.00053, 273, 1, 400, 64
-1.00176, 369, 1, 496, 64
-1.00334, 1, 17, 128, 80
-1.00405, 321, 1, 448, 64
