1877
-0.353191, 1, 65, 500, 320
-0.364141, 1, 1, 500, 333
-0.475608, 33, 1, 288, 333
-0.518697, 129, 1, 384, 333
-0.547476, 257, 1, 500, 333
-0.603489, 1, 65, 256, 320
-0.675564, 257, 65, 500, 320
-0.689572, 129, 65, 384, 320
-0.858468, 33, 1, 160, 333
-0.863295, 97, 65, 224, 320
-0.863694, 49, 65, 176, 320
-0.864525, 129, 1, 256, 333
-0.869994, 337, 65, 464, 320
-0.871114, 257, 65, 384, 320
-0.872536, 1, 65, 128, 320
-0.874824, 81, 1, 208, 333
-0.875771, 337, 1, 464, 333
-0.878654, 177, 65, 304, 320
-0.88299, 177, 1, 304, 333
-0.889696, 289, 1, 416, 333
-0.89272, 1, 65, 500, 192
-0.903013, 241, 1, 368, 333
-0.912291, 1, 177, 500, 304
-0.928466, 33, 65, 288, 192
-0.928999, 1, 17, 500, 144
-0.931848, 129, 81, 384, 208
-0.942645, 1, 209, 256, 333
-0.943591, 33, 161, 288, 288
-0.943651, 225, 49, 480, 176
-0.945001, 129, 17, 384, 144
-0.946919, 161, 193, 416, 320
-0.947958, 129, 81, 256, 208
-0.949256, 257, 97, 500, 224
-0.949896, 81, 81, 208, 208
-0.950611, 33, 17, 288, 144
-0.951008, 97, 81, 160, 208
-0.952988, 257, 193, 500, 320
-0.953841, 177, 81, 304, 208
-0.954798, 33, 81, 160, 208
-0.955011, 49, 161, 176, 288
-0.955182, 137, 81, 200, 208
-0.958891, 193, 81, 256, 208
-0.959329, 129, 33, 256, 160
-0.959619, 225, 49, 352, 176
-0.960017, 33, 209, 160, 333
-0.961558, 137, 81, 200, 144
-0.961686, 9, 193, 72, 320
-0.961877, 169, 81, 232, 208
-0.963113, 353, 81, 480, 208
-0.963158, 273, 49, 400, 176
-0.963949, 65, 81, 128, 208
-0.964063, 81, 89, 144, 152
-0.964179, 177, 89, 240, 152
-0.964435, 57, 177, 120, 304
-0.964669, 129, 177, 256, 304
-0.964891, 97, 129, 224, 256
-0.965075, 361, 81, 424, 208
-0.965405, 337, 193, 464, 320
-0.965462, 113, 81, 176, 144
-0.965562, 177, 33, 304, 160
-0.965707, 257, 1, 500, 128
-0.96576, 137, 33, 200, 160
-0.96602, 225, 97, 352, 224
-0.966043, 241, 49, 304, 176
-0.966084, 265, 49, 328, 176
-0.966284, 177, 33, 240, 160
-0.966371, 217, 81, 280, 208
-0.966429, 9, 97, 72, 224
-0.967641, 257, 193, 384, 320
-0.96804, 33, 209, 96, 333
-0.96816, 193, 209, 320, 333
-0.968212, 81, 33, 208, 160
-0.96828, 273, 97, 400, 224
-0.968323, 41, 81, 104, 208
-0.969508, 1, 113, 256, 240
-0.97024, 1, 129, 500, 256
-0.970254, 289, 49, 352, 176
-0.970641, 225, 145, 480, 272
-0.970854, 33, 33, 160, 160
-0.971525, 217, 33, 280, 160
-0.972235, 241, 97, 304, 224
-0.97231, 321, 49, 384, 176
-0.972484, 113, 33, 176, 160
-0.972551, 433, 97, 496, 224
-0.972675, 129, 161, 192, 288
-0.972962, 97, 193, 160, 320
-0.972991, 105, 129, 168, 256
-0.973336, 201, 89, 264, 152
-0.973506, 97, 81, 224, 144
-0.973842, 169, 177, 232, 304
-0.973954, 321, 17, 448, 144
-0.974208, 9, 201, 72, 264
-0.974357, 273, 97, 336, 224
-0.974619, 345, 193, 408, 320
-0.974823, 313, 97, 376, 224
-0.974835, 425, 193, 488, 320
-0.975184, 233, 209, 296, 333
-0.975356, 313, 217, 376, 280
-0.97545, 385, 81, 448, 208
-0.975462, 89, 33, 152, 160
-0.97557, 361, 97, 424, 160
-0.975711, 9, 225, 72, 288
-0.975739, 49, 97, 112, 160
-0.975749, 353, 201, 416, 264
-0.975796, 9, 249, 72, 312
-0.975898, 409, 97, 472, 224
-0.975926, 129, 145, 384, 272
-0.976214, 81, 209, 208, 333
-0.976266, 273, 1, 400, 128
-0.976463, 401, 193, 464, 320
-0.976646, 121, 57, 184, 120
-0.976822, 137, 65, 200, 320
-0.976844, 225, 97, 288, 160
-0.976862, 281, 209, 344, 333
-0.976933, 41, 65, 104, 320
-0.977042, 97, 1, 160, 256
-0.977431, 49, 201, 112, 264
-0.977684, 65, 33, 128, 160
-0.977983, 25, 97, 88, 160
-0.978162, 81, 129, 144, 256
-0.978216, 121, 209, 184, 333
-0.978299, 257, 209, 320, 333
-0.978341, 225, 1, 352, 128
-0.97841, 33, 233, 96, 296
-0.9786, 281, 65, 344, 320
-0.978731, 145, 89, 272, 152
-0.978849, 113, 81, 144, 144
-0.978912, 345, 65, 408, 320
-0.978953, 337, 241, 400, 304
-0.978959, 313, 209, 376, 333
-0.97911, 9, 65, 72, 320
-0.979229, 121, 81, 152, 208
-0.979238, 329, 97, 392, 160
-0.97947, 393, 97, 456, 160
-0.979478, 337, 97, 400, 224
-0.979482, 417, 65, 480, 320
-0.979561, 241, 201, 304, 264
-0.979792, 33, 89, 160, 152
-0.979831, 345, 17, 408, 144
-0.979932, 1, 105, 64, 168
-0.980038, 273, 257, 336, 320
-0.980082, 177, 57, 240, 120
-0.980139, 281, 209, 344, 272
-0.980243, 337, 97, 464, 160
-0.980245, 305, 193, 368, 256
-0.980363, 369, 17, 496, 144
-0.980598, 273, 209, 400, 272
-0.980641, 89, 65, 152, 128
-0.980666, 125, 81, 156, 144
-0.980667, 385, 65, 448, 320
-0.980674, 257, 65, 320, 320
-0.980733, 33, 209, 160, 272
-0.980776, 97, 257, 160, 320
-0.980786, 209, 209, 272, 333
-0.980829, 297, 97, 360, 160
-0.980886, 137, 153, 200, 216
-0.980895, 17, 33, 80, 160
-0.980952, 97, 185, 160, 248
-0.981046, 145, 57, 208, 120
-0.981127, 201, 65, 264, 320
-0.98134, 177, 65, 240, 320
-0.981379, 65, 65, 128, 320
-0.981455, 145, 209, 208, 333
-0.981588, 321, 65, 384, 320
-0.981774, 409, 201, 472, 264
-0.981786, 105, 121, 168, 184
-0.981842, 97, 81, 128, 208
-0.981993, 97, 209, 160, 272
-0.982025, 109, 81, 140, 208
-0.982093, 141, 81, 172, 144
-0.982176, 141, 81, 172, 208
-0.982188, 121, 225, 184, 288
-0.98227, 129, 177, 192, 240
-0.982293, 353, 201, 480, 264
-0.982319, 369, 17, 432, 144
-0.982406, 409, 49, 472, 176
-0.98242, 249, 81, 312, 144
-0.982436, 169, 185, 232, 248
-0.982439, 41, 33, 104, 160
-0.982449, 165, 81, 196, 144
-0.98246, 241, 1, 304, 128
-0.982477, 241, 257, 304, 320
-0.982514, 377, 193, 440, 320
-0.98275, 33, 257, 96, 320
-0.98305, 1, 161, 128, 288
-0.983286, 73, 185, 136, 248
-0.983295, 177, 161, 304, 288
-0.983327, 353, 145, 480, 272
-0.98342, 225, 201, 352, 264
-0.983475, 385, 201, 448, 264
-0.983557, 153, 129, 216, 256
-0.983585, 233, 65, 296, 320
-0.983651, 157, 81, 188, 208
-0.983705, 177, 81, 208, 208
-0.983721, 37, 193, 68, 320
-0.983807, 209, 57, 272, 120
-0.983818, 273, 1, 336, 128
-0.98382, 217, 265, 280, 328
-0.983842, 361, 65, 424, 128
-0.983842, 297, 257, 360, 320
-0.984091, 49, 185, 176, 248
-0.984096, 321, 65, 384, 128
-0.984098, 221, 81, 252, 208
-0.984168, 273, 89, 336, 152
-0.984262, 145, 121, 208, 184
-0.984286, 185, 89, 216, 152
-0.98431, 197, 81, 228, 208
-0.984512, 153, 81, 184, 144
-0.984601, 193, 265, 256, 328
-0.98484, 209, 89, 240, 152
-0.985025, 249, 105, 312, 168
-0.985069, 49, 65, 112, 128
-0.985338, 1, 249, 128, 312
-0.985345, 73, 257, 136, 320
-0.985363, 321, 1, 384, 128
-0.985448, 433, 201, 496, 264
-0.985595, 273, 145, 400, 272
-0.985621, 81, 1, 144, 333
-0.985698, 273, 241, 400, 304
-0.985703, 41, 177, 104, 240
-0.985706, 73, 209, 136, 272
-0.98579, 289, 65, 352, 128
-0.985805, 113, 193, 240, 256
-0.985862, 297, 1, 360, 128
-0.985877, 245, 49, 276, 176
-0.985899, 49, 129, 112, 256
-0.985912, 193, 97, 320, 160
-0.985929, 433, 113, 496, 176
-0.986023, 321, 241, 448, 304
-0.986053, 185, 33, 216, 160
-0.986057, 137, 201, 200, 264
-0.986057, 217, 201, 280, 264
-0.986108, 93, 89, 124, 152
-0.98611, 353, 1, 416, 333
-0.9862, 237, 97, 268, 160
-0.986368, 193, 225, 256, 288
-0.986376, 277, 49, 308, 176
-0.986419, 377, 81, 408, 208
-0.986422, 341, 217, 372, 280
-0.986478, 217, 233, 280, 296
-0.986487, 85, 81, 116, 208
-0.986488, 225, 257, 352, 320
-0.986496, 265, 49, 296, 176
-0.986502, 41, 1, 104, 333
-0.986581, 201, 33, 232, 160
-0.986588, 389, 81, 420, 208
-0.986622, 289, 49, 320, 176
-0.986625, 161, 249, 224, 312
-0.986647, 217, 33, 248, 160
-0.98666, 209, 81, 240, 208
-0.986664, 241, 81, 368, 144
-0.986678, 61, 193, 92, 320
-0.986707, 233, 57, 296, 120
-0.986707, 25, 73, 88, 136
-0.986712, 73, 81, 104, 208
-0.986748, 177, 57, 304, 120
-0.986753, 81, 161, 112, 288
-0.986813, 233, 81, 264, 208
-0.986873, 97, 153, 224, 216
-0.986881, 121, 1, 184, 333
-0.986898, 57, 233, 120, 296
-0.986962, 141, 33, 172, 160
-0.987064, 97, 233, 160, 296
-0.987168, 65, 161, 128, 224
-0.987225, 121, 257, 184, 320
-0.98723, 37, 201, 68, 264
-0.987234, 433, 81, 496, 144
-0.987249, 289, 97, 416, 160
-0.987271, 13, 97, 44, 224
-0.987305, 177, 265, 304, 328
-0.987306, 53, 97, 84, 160
-0.987308, 81, 89, 112, 152
-0.987345, 133, 57, 164, 120
-0.98735, 301, 49, 332, 176
-0.987357, 41, 249, 72, 312
-0.987408, 193, 1, 256, 333
-0.987504, 1, 81, 64, 144
-0.987521, 113, 57, 240, 120
-0.987541, 169, 209, 232, 272
-0.987554, 401, 65, 464, 128
-0.987574, 145, 1, 208, 333
-0.987583, 361, 201, 392, 264
-0.987667, 257, 225, 320, 288
-0.987673, 93, 161, 124, 288
-0.987708, 57, 201, 88, 264
-0.987749, 173, 33, 204, 160
-0.98778, 393, 1, 456, 128
-0.987842, 49, 209, 80, 333
-0.987915, 329, 193, 392, 256
-0.98794, 161, 161, 224, 224
-0.987963, 225, 145, 352, 272
-0.988092, 289, 161, 352, 288
-0.988099, 61, 81, 92, 208
-0.988115, 169, 1, 232, 333
-0.98812, 49, 265, 176, 328
-0.98814, 161, 33, 192, 160
-0.988142, 37, 97, 68, 224
-0.988176, 233, 33, 264, 160
-0.988186, 197, 89, 228, 152
-0.988221, 125, 33, 156, 160
-0.988263, 177, 33, 240, 96
-0.988278, 29, 105, 60, 168
-0.988288, 313, 49, 344, 176
-0.988399, 261, 97, 292, 224
-0.988487, 161, 201, 288, 264
-0.988523, 37, 225, 68, 288
-0.98855, 245, 97, 276, 224
-0.988564, 65, 129, 192, 192
-0.988564, 357, 241, 388, 304
-0.988702, 257, 57, 320, 120
-0.988707, 393, 145, 456, 272
-0.988708, 325, 49, 356, 176
-0.988749, 25, 97, 56, 224
-0.98875, 289, 233, 352, 296
-0.988759, 49, 65, 176, 128
-0.988791, 365, 81, 396, 208
-0.988805, 441, 97, 472, 224
-0.988864, 49, 97, 80, 224
-0.988891, 277, 97, 308, 224
-0.988897, 361, 249, 424, 312
-0.988912, 297, 1, 360, 333
-0.988928, 81, 113, 144, 176
-0.98897, 221, 89, 252, 152
-0.988991, 357, 97, 388, 160
-0.989005, 129, 241, 256, 304
-0.98901, 1, 1, 64, 333
-0.989074, 417, 1, 480, 333
-0.989091, 397, 97, 428, 160
-0.989124, 273, 1, 336, 333
-0.989144, 309, 97, 340, 224
-0.989223, 117, 193, 148, 320
-0.989242, 153, 273, 216, 333
-0.989279, 349, 49, 380, 176
-0.989301, 321, 97, 352, 224
-0.989317, 433, 49, 496, 176
-0.989327, 153, 33, 216, 96
-0.989375, 425, 145, 488, 272
-0.989384, 217, 1, 280, 333
-0.989415, 129, 33, 192, 96
-0.989434, 333, 97, 364, 224
-0.989435, 337, 49, 368, 176
-0.989482, 329, 1, 392, 333
-0.989518, 145, 193, 176, 320
-0.989585, 1, 193, 32, 320
-0.989621, 5, 249, 36, 312
-0.98963, 49, 233, 176, 296
-0.989658, 405, 97, 436, 224
-0.989679, 137, 85, 200, 116
-0.989693, 145, 57, 176, 120
-0.989721, 109, 33, 140, 160
-0.989753, 13, 193, 44, 320
-0.989764, 345, 97, 376, 224
-0.989774, 249, 161, 312, 288
-0.989824, 297, 97, 328, 224
-0.98984, 193, 161, 256, 288
-0.989983, 97, 161, 160, 224
-0.990017, 289, 65, 416, 128
-0.990024, 81, 89, 144, 120
-0.990024, 377, 1, 440, 333
-0.990032, 245, 193, 276, 320
-0.990034, 249, 1, 312, 333
-0.990039, 281, 177, 344, 240
-0.99008, 469, 113, 500, 240
-0.990082, 453, 193, 484, 320
-0.990097, 1, 113, 32, 240
-0.990119, 313, 161, 376, 288
-0.990127, 117, 129, 148, 256
-0.990178, 309, 201, 340, 264
-0.990272, 193, 201, 256, 264
-0.990296, 225, 57, 352, 120
-0.990326, 33, 81, 288, 144
-0.990332, 157, 193, 188, 320
-0.990344, 361, 193, 392, 320
-0.990349, 345, 241, 376, 304
-0.990363, 241, 105, 368, 168
-0.990409, 17, 249, 48, 312
-0.990425, 53, 241, 84, 304
-0.990445, 97, 265, 224, 328
-0.990567, 329, 265, 392, 328
-0.990576, 469, 193, 500, 320
-0.990589, 97, 33, 128, 160
-0.990598, 453, 97, 484, 224
-0.990619, 25, 193, 56, 320
-0.990674, 113, 77, 176, 108
-0.990704, 217, 161, 280, 288
-0.990716, 417, 97, 448, 224
-0.990748, 329, 97, 360, 160
-0.990793, 361, 97, 424, 128
-0.990797, 65, 97, 96, 160
-0.990853, 425, 193, 456, 320
-0.990857, 121, 57, 152, 120
-0.990862, 169, 89, 232, 120
-0.990868, 169, 121, 232, 184
-0.990872, 161, 177, 288, 240
-0.99094, 17, 105, 48, 168
-0.990954, 437, 193, 468, 320
-0.99103, 341, 193, 372, 256
-0.991057, 41, 97, 72, 160
-0.991067, 249, 205, 312, 236
-0.991084, 289, 205, 352, 236
-0.991087, 201, 97, 264, 128
-0.991092, 341, 209, 372, 333
-0.991106, 109, 185, 140, 248
-0.99111, 133, 161, 164, 288
-0.991167, 49, 97, 112, 128
-0.991194, 9, 201, 72, 232
-0.991214, 157, 57, 188, 120
-0.991226, 249, 97, 280, 160
-0.991248, 241, 25, 304, 88
-0.991288, 289, 209, 320, 333
-0.991325, 181, 161, 212, 288
-0.991336, 361, 17, 392, 144
-0.991336, 429, 97, 460, 224
-0.991426, 49, 201, 112, 232
-0.991468, 29, 249, 60, 312
-0.991515, 381, 89, 412, 152
-0.991552, 409, 109, 472, 140
-0.991559, 193, 177, 224, 304
-0.991587, 113, 113, 240, 176
-0.991638, 17, 105, 80, 136
-0.991653, 233, 105, 296, 136
-0.991674, 201, 33, 264, 96
-0.991711, 225, 205, 288, 236
-0.991731, 313, 209, 376, 240
-0.991731, 17, 249, 80, 280
-0.991755, 369, 89, 400, 152
-0.991767, 105, 209, 136, 333
-0.991768, 105, 33, 168, 96
-0.991789, 129, 33, 256, 96
-0.991817, 293, 201, 324, 264
-0.991835, 385, 101, 448, 132
-0.991835, 337, 241, 400, 272
-0.991872, 405, 49, 436, 176
-0.991872, 105, 101, 168, 132
-0.991873, 73, 33, 104, 160
-0.991888, 353, 177, 416, 240
-0.991904, 261, 209, 292, 333
-0.991904, 41, 257, 104, 288
-0.991916, 345, 201, 408, 232
-0.991967, 425, 205, 488, 236
-0.99199, 377, 17, 408, 144
-0.991992, 433, 209, 464, 272
-0.992008, 233, 209, 264, 333
-0.992026, 49, 153, 176, 216
-0.992036, 105, 89, 168, 120
-0.992042, 85, 33, 116, 160
-0.992056, 105, 189, 168, 220
-0.992064, 161, 145, 192, 272
-0.992066, 329, 209, 360, 333
-0.992101, 321, 105, 384, 136
-0.992108, 241, 201, 272, 264
-0.992124, 81, 185, 112, 248
-0.992125, 313, 221, 376, 252
-0.992126, 49, 217, 112, 248
-0.992129, 265, 25, 328, 88
-0.992138, 129, 201, 160, 264
-0.992139, 81, 205, 144, 236
-0.992139, 321, 89, 384, 120
-0.992145, 105, 205, 168, 236
-0.992159, 181, 161, 212, 224
-0.992185, 1, 89, 500, 152
-0.992187, 9, 229, 72, 260
-0.992192, 385, 241, 448, 304
-0.992218, 105, 117, 168, 148
-0.992218, 309, 193, 340, 320
-0.992225, 137, 197, 200, 228
-0.992226, 177, 233, 304, 296
-0.992229, 57, 33, 88, 160
-0.992229, 221, 209, 252, 333
-0.992239, 289, 105, 352, 136
-0.992245, 153, 181, 216, 212
-0.992261, 81, 33, 144, 96
-0.99227, 353, 145, 416, 272
-0.992291, 273, 93, 336, 124
-0.992297, 133, 209, 164, 333
-0.992305, 133, 77, 164, 108
-0.992311, 325, 217, 356, 280
-0.992313, 121, 77, 152, 108
-0.992319, 353, 65, 480, 128
-0.992319, 273, 177, 400, 240
-0.992341, 401, 205, 464, 236
-0.992355, 421, 201, 452, 264
-0.992355, 277, 257, 308, 320
-0.992362, 113, 257, 144, 320
-0.992363, 225, 221, 288, 252
-0.992367, 257, 105, 320, 136
-0.992375, 85, 209, 116, 333
-0.992381, 81, 189, 144, 220
-0.992393, 73, 209, 104, 333
-0.992399, 221, 57, 252, 120
-0.992424, 145, 121, 208, 152
-0.992433, 89, 165, 152, 196
-0.992435, 249, 89, 312, 120
-0.992437, 49, 189, 112, 220
-0.99245, 281, 209, 312, 272
-0.99245, 193, 197, 256, 228
-0.992461, 433, 113, 496, 144
-0.992463, 97, 261, 160, 292
-0.992495, 25, 213, 88, 244
-0.992502, 105, 129, 136, 256
-0.992517, 185, 57, 216, 120
-0.992517, 45, 33, 76, 160
-0.992525, 313, 241, 376, 272
-0.99256, 273, 253, 336, 284
-0.99257, 153, 209, 216, 240
-0.992582, 57, 177, 120, 208
-0.992604, 49, 237, 112, 268
-0.992615, 297, 253, 360, 284
-0.992619, 89, 77, 152, 108
-0.992649, 1, 65, 32, 192
-0.99265, 257, 217, 320, 248
-0.992651, 65, 261, 128, 292
-0.992657, 177, 185, 208, 248
-0.992664, 197, 57, 228, 120
-0.992671, 261, 193, 292, 256
-0.992675, 409, 193, 440, 320
-0.992685, 129, 173, 192, 204
-0.992715, 169, 193, 232, 224
-0.992732, 353, 229, 416, 260
-0.992738, 129, 157, 192, 188
-0.992748, 397, 193, 428, 320
-0.992777, 153, 161, 216, 192
-0.992816, 233, 261, 296, 292
-0.992833, 221, 265, 252, 328
-0.99284, 89, 133, 152, 164
-0.992843, 297, 93, 360, 124
-0.992856, 281, 193, 344, 224
-0.992857, 225, 233, 352, 296
-0.992889, 121, 229, 184, 260
-0.992903, 289, 221, 352, 252
-0.992929, 361, 85, 424, 116
-0.992957, 345, 97, 376, 160
-0.992969, 113, 89, 144, 120
-0.992978, 369, 201, 432, 232
-0.992978, 169, 57, 200, 120
-0.992983, 9, 273, 72, 333
-0.992988, 417, 1, 480, 128
-0.993003, 25, 49, 56, 176
-0.993042, 193, 209, 256, 240
-0.993043, 277, 1, 308, 128
-0.993058, 49, 85, 112, 116
-0.993066, 293, 257, 324, 320
-0.993068, 201, 265, 264, 296
-0.993075, 317, 97, 348, 160
-0.993082, 73, 249, 136, 280
-0.993082, 137, 137, 200, 168
-0.993087, 57, 205, 88, 236
-0.993098, 129, 101, 192, 132
-0.99312, 337, 213, 400, 244
-0.993122, 81, 117, 144, 148
-0.993128, 137, 65, 200, 96
-0.993133, 81, 105, 144, 136
-0.99314, 257, 193, 320, 224
-0.993147, 201, 221, 264, 252
-0.993149, 321, 197, 384, 228
-0.99315, 25, 93, 88, 124
-0.993151, 125, 105, 156, 168
-0.993179, 425, 105, 456, 168
-0.993187, 81, 177, 144, 208
-0.993187, 113, 133, 176, 164
-0.99321, 377, 249, 440, 280
-0.993215, 273, 273, 400, 333
-0.993218, 1, 217, 64, 248
-0.99323, 261, 1, 292, 128
-0.993237, 417, 49, 448, 176
-0.993242, 389, 17, 420, 144
-0.993255, 1, 177, 128, 240
-0.993262, 61, 73, 92, 136
-0.993276, 297, 281, 360, 312
-0.993281, 153, 149, 216, 180
-0.993283, 101, 65, 132, 128
-0.993284, 297, 1, 328, 128
-0.993286, 225, 85, 288, 116
-0.993288, 305, 209, 336, 240
-0.993295, 261, 81, 292, 144
-0.993302, 129, 249, 192, 280
-0.99332, 129, 209, 192, 240
-0.993337, 1, 265, 64, 296
-0.993344, 393, 85, 456, 116
-0.993349, 401, 193, 464, 224
-0.99336, 121, 265, 184, 296
-0.993366, 365, 65, 396, 128
-0.993373, 1, 93, 64, 124
-0.993375, 377, 193, 408, 320
-0.993377, 105, 217, 168, 248
-0.993379, 169, 193, 200, 320
-0.993389, 377, 233, 440, 264
-0.993395, 185, 89, 216, 120
-0.9934, 1, 145, 64, 272
-0.9934, 249, 177, 312, 240
-0.99341, 169, 265, 232, 296
-0.993427, 129, 185, 192, 216
-0.993428, 153, 245, 216, 276
-0.993428, 409, 97, 440, 160
-0.993436, 65, 157, 128, 188
-0.993438, 301, 89, 332, 152
-0.993455, 425, 193, 488, 224
-0.99346, 205, 193, 236, 320
-0.993463, 425, 257, 488, 320
-0.993477, 145, 85, 176, 116
-0.993486, 361, 301, 424, 332
-0.993491, 265, 257, 296, 320
-0.993513, 233, 249, 296, 280
-0.993514, 1, 209, 256, 272
-0.993544, 169, 117, 232, 148
-0.993553, 185, 277, 248, 308
-0.993555, 425, 225, 488, 256
-0.993556, 169, 77, 232, 108
-0.99356, 385, 301, 448, 332
-0.993562, 273, 241, 336, 272
-0.993563, 25, 289, 88, 320
-0.993564, 13, 49, 44, 176
-0.993567, 177, 181, 240, 212
-0.993569, 377, 73, 440, 104
-0.993576, 241, 285, 304, 316
-0.993583, 153, 297, 216, 328
-0.993596, 277, 209, 308, 333
-0.993597, 177, 161, 240, 192
-0.993604, 417, 237, 480, 268
-0.993612, 101, 89, 132, 120
-0.993613, 329, 289, 392, 320
-0.993614, 97, 85, 224, 116
-0.993639, 257, 265, 320, 296
-0.993645, 157, 85, 188, 116
-0.993649, 205, 93, 236, 124
-0.99365, 273, 277, 336, 308
-0.993657, 33, 269, 96, 300
-0.993658, 225, 97, 256, 128
-0.993658, 105, 177, 168, 208
-0.993664, 25, 201, 56, 264
-0.993675, 337, 253, 400, 284
-0.993675, 249, 209, 280, 240
-0.99368, 113, 209, 144, 272
-0.993694, 177, 61, 240, 92
-0.993697, 89, 65, 152, 96
-0.993703, 73, 221, 136, 252
-0.993722, 129, 89, 384, 152
-0.9938, 401, 201, 432, 264
-0.993814, 127, 81, 142, 144
-0.993832, 209, 57, 240, 120
-0.993875, 1, 241, 256, 304
-0.993876, 345, 73, 376, 136
-0.993891, 69, 145, 100, 272
-0.99392, 69, 161, 100, 224
-0.993934, 57, 145, 88, 272
-0.99395, 5, 113, 36, 176
-0.993957, 9, 201, 40, 264
-0.993959, 37, 201, 68, 232
-0.993959, 265, 201, 296, 232
-0.993973, 161, 169, 192, 232
-0.993982, 245, 1, 276, 128
-0.994026, 437, 49, 468, 176
-0.994029, 317, 209, 348, 240
-0.994029, 309, 1, 340, 128
-0.994031, 49, 25, 112, 88
-0.994049, 373, 201, 404, 264
-0.994057, 89, 93, 120, 124
-0.994075, 237, 101, 268, 132
-0.994076, 225, 201, 480, 264
-0.99409, 117, 101, 148, 132
-0.994093, 57, 97, 88, 128
-0.994102, 1, 209, 500, 272
-0.994117, 333, 201, 364, 232
-0.994128, 129, 57, 384, 120
-0.99413, 293, 205, 324, 236
-0.994134, 41, 245, 72, 276
-0.99414, 133, 201, 164, 232
-0.994142, 445, 201, 476, 264
-0.994177, 321, 177, 448, 240
-0.994197, 369, 249, 400, 312
-0.994206, 341, 213, 372, 244
-0.994218, 273, 89, 304, 152
-0.99426, 177, 33, 304, 96
-0.994287, 289, 89, 320, 152
-0.994295, 289, 25, 352, 88
-0.994298, 169, 85, 200, 116
-0.994303, 157, 201, 188, 264
-0.994304, 433, 177, 496, 240
-0.994327, 69, 97, 100, 128
-0.994355, 377, 97, 408, 128
-0.994376, 137, 73, 152, 136
-0.99438, 45, 101, 76, 132
-0.99438, 69, 201, 100, 264
-0.994388, 357, 241, 388, 272
-0.994394, 257, 97, 500, 160
-0.994399, 281, 209, 312, 240
-0.994412, 237, 209, 268, 240
-0.994425, 257, 105, 288, 136
-0.99445, 25, 109, 56, 140
-0.994463, 25, 145, 88, 272
-0.994479, 93, 201, 124, 264
-0.9945, 129, 265, 384, 328
-0.994513, 329, 193, 360, 256
-0.994518, 129, 233, 160, 296
-0.994684, 361, 225, 424, 288
-0.994698, 389, 97, 420, 128
-0.994699, 409, 177, 472, 240
-0.994703, 401, 101, 432, 132
-0.994746, 85, 201, 116, 232
-0.994756, 181, 189, 212, 220
-0.994756, 409, 225, 472, 288
-0.994778, 145, 201, 176, 232
-0.994803, 257, 241, 500, 304
-0.994804, 125, 257, 156, 320
-0.994809, 1, 177, 64, 240
-0.99481, 53, 217, 84, 248
-0.994812, 109, 205, 140, 236
-0.99482, 77, 177, 108, 208
-0.994822, 361, 201, 392, 232
-0.994829, 33, 185, 288, 248
-0.994839, 465, 65, 496, 192
-0.99484, 113, 117, 144, 148
-0.994849, 13, 113, 44, 144
-0.994861, 253, 197, 284, 228
-0.994868, 361, 101, 392, 132
-0.994903, 73, 205, 104, 236
-0.99491, 37, 233, 68, 264
-0.994925, 185, 161, 248, 224
-0.994931, 321, 1, 352, 128
-0.994939, 261, 213, 292, 244
-0.994944, 361, 229, 392, 260
-0.994954, 369, 249, 496, 312
-0.994959, 189, 193, 220, 256
-0.994971, 333, 249, 364, 312
-0.994975, 385, 201, 416, 264
-0.994987, 261, 105, 292, 168
-0.994988, 129, 217, 384, 280
-0.994993, 125, 89, 156, 120
-0.994994, 233, 73, 264, 136
-0.994996, 33, 97, 160, 128
-0.995023, 145, 225, 208, 288
-0.995027, 177, 177, 208, 208
-0.995038, 145, 233, 176, 296
-0.995048, 385, 177, 448, 240
-0.995069, 145, 145, 176, 272
-0.995073, 441, 113, 472, 144
-0.995086, 29, 81, 60, 144
-0.995107, 57, 193, 88, 224
-0.995109, 321, 65, 352, 128
-0.995111, 425, 205, 456, 236
-0.99512, 317, 197, 348, 228
-0.995137, 113, 121, 144, 184
-0.995154, 349, 1, 380, 128
-0.995154, 93, 177, 124, 208
-0.995161, 445, 205, 476, 236
-0.995164, 269, 105, 300, 136
-0.995179, 181, 201, 212, 232
-0.99518, 425, 109, 456, 140
-0.99518, 341, 233, 372, 264
-0.995191, 97, 241, 352, 304
-0.995193, 73, 261, 104, 292
-0.995204, 329, 105, 360, 136
-0.99523, 233, 221, 264, 252
-0.995237, 225, 205, 352, 236
-0.995242, 361, 273, 424, 333
-0.995244, 401, 1, 432, 128
-0.995255, 145, 201, 176, 264
-0.995266, 165, 117, 196, 148
-0.995267, 317, 105, 348, 136
-0.995282, 181, 157, 212, 188
-0.995296, 129, 105, 160, 136
-0.995308, 305, 257, 336, 320
-0.995308, 317, 257, 348, 320
-0.995313, 345, 105, 376, 136
-0.995316, 105, 189, 136, 220
-0.995324, 313, 25, 376, 88
-0.995332, 249, 221, 280, 252
-0.995333, 413, 65, 444, 128
-0.995338, 85, 189, 116, 220
-0.995351, 249, 57, 280, 120
-0.995352, 1, 65, 128, 128
-0.995365, 161, 201, 192, 232
-0.995371, 121, 261, 152, 292
-0.995374, 345, 201, 376, 232
-0.995381, 1, 65, 500, 128
-0.995391, 377, 65, 408, 128
-0.995394, 57, 253, 88, 284
-0.995399, 93, 161, 124, 192
-0.995418, 57, 177, 88, 240
-0.995431, 97, 217, 224, 280
-0.995433, 413, 105, 444, 136
-0.995435, 241, 25, 368, 88
-0.99544, 469, 205, 500, 236
-0.995443, 289, 105, 320, 136
-0.995444, 153, 121, 184, 152
-0.995449, 1, 113, 128, 176
-0.995472, 293, 193, 324, 224
-0.99548, 101, 121, 132, 152
-0.995481, 117, 193, 148, 224
-0.995487, 305, 197, 336, 228
-0.995488, 333, 65, 364, 128
-0.995488, 137, 177, 168, 240
-0.995493, 125, 121, 156, 152
-0.995503, 401, 265, 464, 328
-0.995517, 457, 205, 488, 236
-0.995525, 361, 89, 392, 120
-0.995532, 121, 205, 152, 236
-0.995542, 193, 205, 224, 236
-0.995547, 337, 101, 464, 132
-0.995555, 209, 265, 240, 328
-0.995562, 253, 257, 284, 320
-0.995566, 301, 105, 332, 136
-0.995585, 33, 265, 288, 328
-0.995608, 345, 89, 376, 120
-0.995612, 233, 225, 264, 288
-0.995616, 109, 73, 140, 104
-0.995619, 337, 161, 368, 288
-0.99563, 1, 265, 500, 328
-0.995631, 389, 65, 420, 128
-0.995643, 5, 249, 36, 280
-0.995653, 97, 205, 128, 236
-0.995654, 437, 105, 468, 168
-0.995656, 341, 249, 372, 280
-0.995656, 101, 257, 132, 320
-0.995662, 9, 201, 40, 232
-0.995694, 1, 17, 32, 144
-0.995698, 425, 145, 456, 272
-0.995703, 137, 125, 168, 156
-0.995706, 329, 213, 360, 244
-0.995711, 413, 205, 444, 236
-0.995718, 453, 113, 484, 144
-0.995718, 25, 201, 56, 232
-0.995723, 1, 225, 32, 288
-0.995741, 57, 229, 88, 260
-0.995745, 77, 157, 108, 188
-0.995748, 305, 93, 336, 124
-0.995762, 145, 73, 176, 104
-0.995769, 253, 89, 284, 120
-0.995772, 469, 117, 500, 148
-0.995776, 241, 197, 272, 228
-0.995789, 225, 73, 480, 136
-0.99579, 309, 65, 340, 128
-0.995797, 333, 1, 364, 128
-0.995815, 369, 241, 400, 272
-0.995816, 225, 177, 352, 240
-0.99582, 1, 233, 500, 296
-0.995827, 373, 85, 404, 116
-0.995827, 229, 197, 260, 228
-0.995833, 273, 209, 400, 240
-0.995836, 69, 193, 100, 224
-0.995849, 81, 25, 208, 88
-0.995853, 141, 221, 172, 252
-0.995856, 301, 253, 332, 284
-0.995859, 177, 137, 208, 200
-0.995877, 1, 117, 32, 148
-0.99588, 85, 261, 116, 292
-0.995882, 105, 105, 136, 136
-0.995883, 119, 81, 134, 144
-0.995884, 53, 241, 84, 272
-0.99589, 277, 197, 308, 228
-0.995894, 161, 241, 192, 304
-0.995898, 281, 93, 312, 124
-0.995919, 141, 153, 172, 216
-0.99592, 37, 213, 68, 244
-0.995922, 461, 113, 492, 176
-0.995948, 109, 261, 140, 292
-0.995951, 33, 93, 64, 124
-0.995968, 449, 49, 480, 176
-0.995977, 81, 137, 144, 200
-0.995979, 197, 169, 228, 200
-0.995987, 293, 217, 324, 248
-0.996, 325, 93, 356, 124
-0.996003, 45, 257, 76, 288
-0.996012, 121, 169, 152, 200
-0.996037, 297, 65, 328, 128
-0.996037, 253, 217, 284, 280
-0.996099, 265, 217, 296, 280
-0.996122, 181, 209, 212, 333
-0.996131, 445, 145, 476, 272
-0.996133, 33, 209, 160, 240
-0.99615, 49, 193, 176, 224
-0.996151, 361, 145, 392, 272
-0.996162, 457, 145, 488, 272
-0.996226, 233, 265, 264, 328
-0.996268, 25, 25, 88, 88
-0.99627, 145, 93, 272, 124
-0.996276, 143, 81, 158, 144
-0.996305, 293, 177, 324, 240
-0.996369, 369, 225, 496, 288
-0.996376, 321, 265, 448, 328
-0.996398, 177, 81, 192, 144
-0.996458, 1, 185, 500, 248
-0.996473, 461, 201, 492, 264
-0.996473, 21, 225, 52, 288
-0.99649, 145, 129, 176, 192
-0.996525, 113, 201, 240, 232
-0.996546, 129, 193, 384, 256
-0.996641, 49, 85, 176, 116
-0.996652, 109, 89, 124, 152
-0.996673, 221, 89, 236, 152
-0.996674, 413, 1, 444, 128
-0.996684, 183, 81, 198, 144
-0.996712, 33, 33, 160, 96
-0.996713, 297, 161, 328, 288
-0.996728, 141, 65, 172, 320
-0.996735, 121, 65, 152, 320
-0.996742, 337, 25, 400, 88
-0.996783, 209, 177, 272, 240
-0.99683, 321, 201, 448, 232
-0.996861, 161, 201, 288, 232
-0.996897, 153, 81, 168, 144
-0.996926, 189, 89, 204, 152
-0.99702, 257, 221, 384, 252
-0.997026, 21, 65, 52, 320
-0.99704, 433, 57, 496, 120
-0.997067, 261, 65, 292, 320
-0.997084, 289, 25, 416, 88
-0.997096, 55, 241, 70, 304
-0.997113, 305, 245, 432, 276
-0.997131, 97, 33, 352, 96
-0.997149, 225, 105, 352, 136
-0.99715, 81, 177, 208, 208
-0.997178, 321, 1, 384, 64
-0.997191, 49, 225, 176, 256
-0.997199, 241, 93, 368, 124
-0.997207, 109, 1, 140, 256
-0.997229, 97, 65, 128, 320
-0.997233, 251, 97, 266, 160
-0.997242, 65, 133, 192, 164
-0.99726, 33, 257, 160, 288
-0.997261, 171, 81, 186, 144
-0.997265, 181, 65, 212, 320
-0.997282, 73, 65, 104, 320
-0.997288, 353, 217, 368, 280
-0.997299, 33, 57, 288, 120
-0.997316, 159, 81, 174, 144
-0.997322, 77, 263, 108, 278
-0.997323, 157, 177, 188, 192
-0.997334, 73, 201, 104, 216
-0.997336, 301, 109, 332, 124
-0.997336, 93, 169, 124, 184
-0.997339, 181, 193, 212, 208
-0.997346, 153, 129, 184, 144
-0.997347, 101, 121, 132, 136
-0.997351, 165, 197, 196, 212
-0.997352, 433, 65, 464, 320
-0.997353, 93, 185, 124, 200
-0.997355, 1, 105, 256, 168
-0.997356, 181, 181, 212, 196
-0.997357, 273, 113, 336, 176
-0.997359, 141, 175, 172, 190
-0.997361, 53, 65, 84, 320
-0.997365, 261, 217, 292, 232
-0.997372, 37, 223, 68, 238
-0.997374, 41, 253, 72, 268
-0.997388, 181, 157, 212, 172
-0.997393, 433, 201, 464, 216
-0.997393, 145, 189, 272, 220
-0.997399, 93, 209, 124, 224
-0.997401, 161, 203, 192, 218
-0.997409, 57, 97, 72, 160
-0.99741, 157, 121, 188, 136
-0.997417, 305, 215, 336, 230
-0.997418, 305, 201, 336, 216
-0.99742, 49, 201, 64, 264
-0.997423, 89, 161, 120, 176
-0.997424, 193, 207, 224, 222
-0.997425, 201, 199, 232, 214
-0.997425, 357, 65, 388, 320
-0.997428, 57, 233, 88, 248
-0.997432, 21, 249, 52, 264
-0.997436, 97, 261, 128, 276
-0.997437, 9, 65, 40, 320
-0.997439, 101, 129, 132, 144
-0.997443, 341, 225, 372, 240
-0.997452, 81, 209, 112, 224
-0.997454, 141, 195, 172, 210
-0.997454, 53, 223, 84, 238
-0.997455, 125, 207, 156, 222
-0.99746, 129, 105, 160, 120
-0.997461, 369, 247, 400, 262
-0.997463, 457, 117, 488, 132
-0.997468, 241, 253, 368, 284
-0.997474, 225, 265, 480, 328
-0.997476, 105, 111, 136, 126
-0.997491, 277, 109, 308, 124
-0.997501, 337, 65, 368, 320
-0.997511, 113, 157, 240, 188
-0.997513, 181, 187, 212, 202
-0.997517, 215, 89, 230, 152
-0.997525, 345, 243, 376, 258
-0.99753, 129, 111, 160, 126
-0.997531, 293, 65, 324, 320
-0.997531, 57, 259, 88, 274
-0.997532, 205, 65, 236, 320
-0.997545, 165, 81, 180, 144
-0.997548, 1, 33, 256, 96
-0.997556, 273, 105, 400, 136
-0.997573, 113, 161, 144, 176
-0.997577, 289, 109, 320, 124
-0.997579, 33, 65, 64, 320
-0.997582, 349, 213, 380, 228
-0.997586, 37, 239, 68, 254
-0.997589, 389, 65, 420, 320
-0.997591, 417, 65, 448, 320
-0.997593, 329, 205, 360, 220
-0.997593, 153, 9, 216, 72
-0.997595, 445, 115, 476, 130
-0.997596, 241, 65, 272, 320
-0.997599, 181, 201, 212, 216
-0.9976, 193, 25, 448, 88
-0.997601, 161, 209, 192, 224
-0.997602, 65, 161, 192, 192
-0.997614, 317, 107, 348, 122
-0.997619, 345, 107, 376, 122
-0.997621, 445, 205, 476, 220
-0.99763, 377, 65, 408, 320
-0.997631, 85, 65, 116, 320
-0.997633, 9, 115, 40, 130
-0.997635, 329, 219, 360, 234
-0.997637, 153, 197, 184, 212
-0.997641, 245, 221, 276, 236
-0.997642, 277, 65, 308, 320
-0.997646, 469, 117, 500, 132
-0.997647, 377, 101, 408, 116
-0.997654, 93, 179, 124, 194
-0.997659, 121, 201, 152, 216
-0.99766, 309, 65, 340, 320
-0.99766, 81, 117, 208, 148
-0.997666, 135, 77, 150, 108
-0.997674, 129, 89, 160, 104
-0.99768, 333, 105, 364, 120
-0.99768, 421, 205, 452, 220
-0.997684, 369, 205, 496, 236
-0.997686, 41, 201, 72, 216
-0.997692, 417, 109, 448, 124
-0.997705, 445, 65, 476, 320
-0.997728, 245, 97, 260, 160
-0.997735, 145, 217, 272, 248
-0.99774, 169, 123, 200, 138
-0.997744, 117, 111, 148, 126
-0.997746, 199, 89, 214, 152
-0.997748, 161, 65, 192, 320
-0.997755, 137, 221, 168, 236
-0.997766, 113, 263, 144, 278
-0.997767, 305, 89, 432, 120
-0.997768, 133, 97, 148, 160
-0.997771, 249, 209, 280, 224
-0.997782, 57, 209, 72, 272
-0.997786, 97, 203, 128, 218
-0.997787, 97, 189, 224, 220
-0.997791, 123, 89, 138, 120
-0.997799, 33, 161, 288, 224
-0.997802, 401, 65, 432, 320
-0.997804, 41, 247, 72, 262
-0.997815, 277, 203, 308, 218
-0.997816, 233, 207, 264, 222
-0.997822, 433, 225, 496, 288
-0.997831, 433, 113, 464, 128
-0.997833, 257, 201, 272, 232
-0.997837, 99, 89, 114, 152
-0.997837, 57, 209, 72, 240
-0.997841, 121, 95, 152, 110
-0.997845, 353, 205, 384, 220
-0.997853, 73, 97, 104, 112
-0.997854, 281, 209, 312, 224
-0.997863, 325, 65, 356, 320
-0.99787, 101, 161, 132, 176
-0.997891, 129, 81, 144, 112
-0.997892, 143, 85, 158, 116
-0.997894, 145, 153, 272, 216
-0.9979, 69, 207, 100, 222
-0.99791, 341, 205, 372, 220
-0.997912, 353, 209, 368, 240
-0.997916, 329, 209, 344, 240
-0.997917, 233, 97, 248, 128
-0.99792, 129, 93, 144, 124
-0.997923, 217, 93, 232, 124
-0.997927, 201, 89, 216, 120
-0.997928, 257, 107, 288, 122
-0.997931, 257, 177, 500, 240
-0.997933, 49, 201, 64, 232
-0.99794, 311, 205, 326, 236
-0.997942, 233, 221, 264, 236
-0.997942, 273, 197, 400, 228
-0.997944, 111, 89, 126, 120
-0.997945, 193, 261, 320, 292
-0.997948, 161, 85, 176, 116
-0.997949, 63, 205, 78, 236
-0.997952, 169, 85, 184, 116
-0.997953, 57, 101, 72, 132
-0.997959, 405, 105, 436, 120
-0.99796, 195, 89, 210, 120
-0.997963, 121, 77, 152, 92
-0.997968, 55, 245, 70, 276
-0.99797, 175, 85, 190, 116
-0.997971, 185, 89, 200, 120
-0.997971, 69, 97, 84, 128
-0.997974, 433, 207, 464, 222
-0.997978, 133, 105, 148, 136
-0.997978, 193, 65, 224, 320
-0.997978, 211, 93, 226, 124
-0.997978, 245, 101, 260, 132
-0.997979, 267, 201, 282, 232
-0.997981, 105, 89, 120, 120
-0.997981, 1, 25, 500, 88
-0.997983, 117, 85, 132, 116
-0.997983, 227, 97, 242, 128
-0.997987, 135, 93, 150, 124
-0.997988, 205, 89, 220, 152
-0.997989, 317, 205, 332, 236
-0.997991, 345, 201, 360, 232
-0.997991, 245, 205, 260, 236
-0.997996, 73, 205, 88, 236
-0.997997, 155, 85, 170, 116
-0.997997, 363, 201, 378, 232
-0.998, 21, 113, 52, 128
-0.998001, 1, 25, 64, 88
-0.998002, 53, 215, 84, 230
-0.998003, 149, 85, 164, 116
-0.998003, 239, 97, 254, 128
-0.998005, 361, 241, 376, 272
-0.998005, 293, 205, 308, 236
-0.998006, 195, 201, 210, 232
-0.998007, 49, 105, 64, 136
-0.998009, 305, 197, 320, 228
-0.99801, 91, 93, 106, 124
-0.99801, 149, 201, 164, 232
-0.99801, 77, 177, 108, 192
-0.998012, 357, 245, 388, 260
-0.998012, 179, 117, 194, 148
-0.998016, 63, 97, 78, 128
-0.998017, 365, 97, 380, 160
-0.998018, 271, 105, 286, 136
-0.998019, 365, 101, 396, 116
-0.99802, 301, 209, 316, 240
-0.998021, 79, 97, 94, 128
-0.998023, 237, 215, 268, 230
-0.998024, 35, 109, 50, 140
-0.998025, 81, 209, 96, 240
-0.998025, 339, 201, 354, 232
-0.998028, 33, 109, 64, 124
-0.998028, 255, 213, 270, 244
-0.998031, 121, 101, 136, 132
-0.998032, 83, 261, 98, 292
-0.998033, 57, 197, 72, 228
-0.998034, 229, 217, 244, 248
-0.998037, 287, 205, 302, 236
-0.998037, 199, 189, 214, 220
-0.998038, 251, 101, 266, 132
-0.998038, 405, 101, 420, 132
-0.998039, 181, 207, 212, 222
-0.998041, 95, 181, 110, 212
-0.998044, 363, 229, 378, 260
-0.998045, 113, 105, 128, 136
-0.998047, 121, 113, 136, 144
-0.998048, 323, 205, 338, 236
-0.998049, 17, 113, 32, 144
-0.998049, 353, 225, 480, 256
-0.99805, 29, 109, 44, 140
-0.998052, 209, 217, 336, 248
-0.998052, 51, 233, 66, 264
-0.998053, 149, 133, 164, 164
-0.998053, 221, 221, 252, 236
-0.998054, 97, 93, 112, 124
-0.998055, 275, 205, 290, 236
-0.998055, 89, 205, 104, 236
-0.998055, 85, 203, 116, 218
-0.998057, 41, 109, 56, 140
-0.998058, 367, 101, 382, 132
-0.998059, 387, 97, 402, 128
-0.998059, 379, 97, 394, 128
-0.998061, 49, 237, 176, 268
-0.998061, 85, 93, 100, 124
-0.998061, 117, 189, 132, 220
-0.998062, 133, 77, 164, 92
-0.998063, 65, 193, 80, 224
-0.998063, 261, 105, 276, 136
-0.998065, 127, 105, 142, 136
-0.998065, 93, 89, 108, 152
-0.998066, 89, 189, 104, 220
-0.998066, 321, 169, 384, 232
-0.998067, 437, 205, 452, 236
-0.998068, 95, 205, 110, 236
-0.998068, 265, 213, 280, 244
-0.998069, 393, 97, 408, 128
-0.998071, 341, 219, 372, 234
-0.998072, 123, 261, 138, 292
-0.998077, 87, 173, 102, 204
-0.998078, 101, 205, 116, 236
-0.998078, 113, 209, 128, 240
-0.998078, 277, 105, 292, 136
-0.998079, 451, 205, 466, 236
-0.99808, 189, 189, 204, 220
-0.99808, 95, 193, 110, 224
-0.998081, 353, 221, 368, 252
-0.998081, 251, 201, 266, 232
-0.998081, 419, 105, 434, 136
-0.998083, 281, 201, 296, 232
-0.998084, 309, 217, 324, 248
-0.998084, 157, 209, 172, 240
-0.998084, 59, 221, 74, 252
-0.998088, 431, 205, 446, 236
-0.99809, 331, 105, 346, 136
-0.998091, 323, 105, 338, 136
-0.998091, 455, 113, 470, 144
-0.998092, 329, 197, 344, 228
-0.998093, 337, 105, 352, 136
-0.998094, 469, 65, 500, 320
-0.998094, 129, 261, 144, 292
-0.998094, 471, 205, 486, 236
-0.998094, 129, 117, 144, 148
-0.998096, 411, 101, 426, 132
-0.998097, 141, 73, 156, 104
-0.998097, 361, 101, 376, 132
-0.998097, 443, 197, 458, 228
-0.998098, 345, 105, 360, 136
-0.998098, 113, 117, 144, 132
-0.998098, 89, 93, 120, 108
-0.998098, 305, 207, 336, 222
-0.998099, 373, 97, 388, 128
-0.998102, 355, 241, 370, 272
-0.998102, 237, 97, 252, 160
-0.998102, 143, 201, 158, 232
-0.998103, 239, 205, 254, 236
-0.998103, 317, 105, 332, 136
-0.998104, 459, 205, 474, 236
-0.998104, 317, 207, 348, 222
-0.998105, 101, 161, 116, 192
-0.998105, 479, 205, 494, 236
-0.998105, 149, 121, 164, 152
-0.998107, 237, 221, 252, 252
-0.998107, 303, 105, 318, 136
-0.998123, 457, 65, 488, 320
-0.998131, 1, 109, 128, 140
-0.998132, 233, 101, 264, 116
-0.99814, 337, 211, 368, 226
-0.99814, 249, 215, 280, 230
-0.998145, 289, 1, 352, 64
-0.998147, 153, 87, 184, 102
-0.998147, 245, 105, 276, 120
-0.998158, 229, 65, 260, 320
-0.998162, 113, 141, 240, 172
-0.998166, 217, 65, 248, 320
-0.998169, 265, 205, 296, 220
-0.99818, 49, 103, 80, 118
-0.998194, 141, 203, 172, 218
-0.9982, 177, 89, 208, 104
-0.9982, 253, 203, 284, 218
-0.998207, 293, 205, 324, 220
-0.998212, 117, 101, 148, 116
-0.998233, 361, 17, 424, 80
-0.99824, 113, 89, 144, 104
-0.998247, 393, 101, 424, 116
-0.998249, 29, 105, 44, 168
-0.998255, 165, 89, 196, 104
-0.99826, 1, 245, 128, 276
-0.998266, 87, 89, 102, 152
-0.998273, 67, 97, 82, 160
-0.998283, 37, 105, 52, 168
-0.998316, 227, 89, 242, 152
-0.998324, 113, 83, 144, 98
-0.998329, 273, 233, 400, 264
-0.998335, 61, 99, 92, 114
-0.998339, 205, 95, 236, 110
-0.99834, 261, 211, 292, 226
-0.99835, 33, 181, 160, 212
-0.99836, 101, 91, 132, 106
-0.998361, 131, 57, 146, 120
-0.998397, 225, 193, 352, 224
-0.9984, 363, 201, 378, 264
-0.998402, 407, 97, 422, 160
-0.998432, 221, 99, 252, 114
-0.998435, 189, 91, 220, 106
-0.998441, 177, 105, 304, 136
-0.998443, 15, 249, 30, 312
-0.998446, 225, 49, 480, 112
-0.998467, 97, 265, 224, 296
-0.998479, 143, 57, 158, 120
-0.998482, 129, 113, 384, 176
-0.998503, 265, 1, 328, 64
-0.998509, 217, 9, 280, 72
-0.998515, 361, 101, 424, 116
-0.99852, 121, 85, 184, 100
-0.998541, 75, 97, 90, 160
-0.998556, 81, 93, 144, 108
-0.998559, 161, 91, 224, 106
-0.998565, 241, 203, 304, 218
-0.998566, 369, 177, 496, 240
-0.998566, 97, 83, 160, 98
-0.998568, 97, 73, 224, 104
-0.99857, 57, 205, 88, 220
-0.998573, 49, 207, 112, 222
-0.998575, 257, 209, 320, 224
-0.998578, 281, 209, 344, 224
-0.99858, 141, 87, 172, 102
-0.998581, 217, 207, 280, 222
-0.998582, 65, 149, 192, 180
-0.998583, 193, 93, 320, 124
-0.998585, 49, 99, 112, 114
-0.99859, 1, 197, 128, 228
-0.99859, 305, 211, 368, 226
-0.998595, 337, 245, 400, 260
-0.998604, 193, 97, 256, 112
-0.998605, 9, 201, 72, 216
-0.998613, 393, 205, 456, 220
-0.998613, 217, 221, 280, 236
-0.998614, 313, 107, 376, 122
-0.998619, 265, 203, 328, 218
-0.99862, 129, 253, 256, 284
-0.99862, 241, 107, 304, 122
-0.99862, 225, 215, 288, 230
-0.998622, 289, 203, 352, 218
-0.998623, 17, 251, 80, 266
-0.998625, 137, 119, 200, 134
-0.998626, 305, 221, 368, 236
-0.998627, 137, 205, 200, 220
-0.998627, 401, 111, 464, 126
-0.998628, 369, 113, 496, 144
-0.998628, 345, 205, 408, 220
-0.99863, 1, 113, 64, 128
-0.99863, 433, 115, 496, 130
-0.998631, 105, 203, 168, 218
-0.998631, 89, 9, 152, 72
-0.998632, 217, 103, 280, 118
-0.998635, 81, 261, 144, 276
-0.998635, 113, 117, 176, 132
-0.998636, 425, 207, 488, 222
-0.998636, 193, 199, 256, 214
-0.998637, 145, 125, 208, 140
-0.998638, 121, 79, 184, 94
-0.998638, 33, 259, 96, 274
-0.998641, 57, 261, 120, 276
-0.998641, 45, 105, 60, 168
-0.998643, 105, 101, 168, 116
-0.998645, 137, 177, 200, 192
-0.998645, 33, 129, 288, 192
-0.998647, 81, 207, 144, 222
-0.998649, 25, 105, 88, 120
-0.99865, 249, 215, 312, 230
-0.998651, 153, 193, 216, 208
-0.998651, 17, 237, 80, 252
-0.998651, 193, 205, 256, 220
-0.998652, 377, 107, 440, 122
-0.998652, 289, 281, 416, 312
-0.998653, 49, 201, 112, 216
-0.998653, 121, 9, 184, 72
-0.998654, 105, 111, 168, 126
-0.998654, 41, 217, 104, 232
-0.998654, 353, 245, 480, 276
-0.998655, 49, 239, 112, 254
-0.998656, 273, 255, 336, 270
-0.998658, 281, 109, 344, 124
-0.998659, 305, 251, 368, 266
-0.998659, 193, 223, 256, 238
-0.99866, 105, 209, 168, 224
-0.998661, 177, 215, 240, 230
-0.998661, 281, 219, 344, 234
-0.998663, 113, 221, 176, 236
-0.998663, 145, 85, 208, 100
-0.998664, 97, 173, 160, 188
-0.998664, 321, 213, 448, 244
-0.998664, 89, 117, 152, 132
-0.998665, 321, 203, 384, 218
-0.998666, 361, 247, 424, 262
-0.998666, 105, 123, 168, 138
-0.998666, 137, 199, 200, 214
-0.998666, 169, 209, 232, 224
-0.998667, 49, 227, 112, 242
-0.998667, 153, 187, 216, 202
-0.998669, 105, 91, 168, 106
-0.998669, 105, 195, 168, 210
-0.998671, 105, 263, 168, 278
-0.998671, 345, 223, 408, 238
-0.998671, 137, 91, 200, 106
-0.998671, 337, 101, 400, 116
-0.998671, 97, 161, 160, 176
-0.998671, 73, 161, 136, 176
-0.998672, 17, 245, 80, 260
-0.998672, 137, 211, 200, 226
-0.998672, 329, 213, 392, 228
-0.998673, 97, 179, 160, 194
-0.998673, 49, 245, 112, 260
-0.998673, 161, 169, 224, 184
-0.998673, 433, 201, 496, 216
-0.998674, 369, 205, 432, 220
-0.998676, 137, 155, 200, 170
-0.998676, 233, 93, 296, 108
-0.998676, 25, 111, 88, 126
-0.998677, 9, 223, 72, 238
-0.998677, 137, 131, 200, 146
-0.998678, 169, 123, 232, 138
-0.998678, 129, 257, 192, 272
-0.998678, 249, 259, 312, 274
-0.998678, 105, 189, 168, 204
-0.998679, 65, 183, 128, 198
-0.99868, 97, 77, 160, 92
-0.99868, 105, 135, 168, 150
-0.998682, 313, 227, 376, 242
-0.998682, 257, 221, 320, 236
-0.998682, 353, 235, 416, 250
-0.998683, 313, 241, 376, 256
-0.998684, 161, 163, 224, 178
-0.998684, 265, 103, 328, 118
-0.998684, 57, 177, 120, 192
-0.998685, 73, 201, 136, 216
-0.998686, 73, 99, 136, 114
-0.998686, 9, 209, 72, 224
-0.998687, 217, 263, 280, 278
-0.998688, 9, 257, 72, 272
-0.998689, 313, 99, 376, 114
-0.99869, 129, 161, 192, 176
-0.99869, 129, 185, 192, 200
-0.998691, 121, 237, 184, 252
-0.998692, 49, 233, 112, 248
-0.998693, 97, 167, 160, 182
-0.998694, 185, 91, 248, 106
-0.998694, 81, 213, 144, 228
-0.998694, 137, 169, 200, 184
-0.998694, 81, 191, 144, 206
-0.998694, 169, 199, 232, 214
-0.998695, 161, 261, 224, 276
-0.998695, 393, 307, 456, 322
-0.998695, 57, 93, 120, 108
-0.998696, 353, 229, 416, 244
-0.998696, 81, 111, 144, 126
-0.998697, 9, 231, 72, 246
-0.998697, 177, 193, 240, 208
-0.998698, 337, 307, 400, 322
-0.998699, 353, 85, 480, 116
-0.998699, 145, 73, 272, 104
-0.998703, 49, 73, 176, 104
-0.998735, 97, 213, 224, 244
-0.998742, 113, 129, 240, 160
-0.998763, 125, 83, 156, 98
-0.998767, 179, 121, 194, 184
-0.998777, 209, 81, 336, 112
-0.998785, 51, 97, 66, 160
-0.998791, 273, 1, 400, 64
-0.998813, 371, 97, 386, 160
-0.998825, 145, 265, 272, 296
-0.998831, 151, 57, 166, 120
-0.998857, 129, 177, 256, 208
-0.998859, 177, 277, 304, 308
-0.998867, 361, 233, 376, 296
-0.998882, 161, 1, 416, 64
-0.998882, 141, 81, 156, 208
-0.998885, 335, 97, 350, 160
-0.998891, 93, 185, 108, 248
-0.998907, 135, 65, 150, 192
-0.998917, 311, 209, 326, 272
-0.998918, 81, 97, 96, 160
-0.998924, 353, 193, 368, 256
-0.998924, 359, 97, 374, 160
-0.998931, 63, 209, 78, 272
-0.998942, 1, 273, 128, 333
-0.998962, 81, 105, 208, 136
-0.998967, 49, 225, 64, 288
-0.99898, 49, 249, 64, 312
-0.998983, 299, 257, 314, 320
-0.99899, 113, 61, 240, 92
-0.998999, 157, 57, 172, 120
-0.999003, 121, 81, 136, 208
-0.999011, 289, 297, 416, 328
-0.999055, 9, 201, 24, 264
-0.999058, 1, 221, 128, 252
-0.999059, 341, 97, 356, 160
-0.999061, 129, 81, 144, 208
-0.999072, 257, 1, 500, 64
-0.999088, 129, 257, 144, 320
-0.99909, 147, 81, 162, 208
-0.999091, 179, 81, 194, 208
-0.999098, 51, 193, 66, 320
-0.999108, 1, 169, 128, 200
-0.999109, 99, 81, 114, 208
-0.999116, 185, 81, 200, 208
-0.999119, 153, 81, 168, 208
-0.999127, 23, 105, 38, 168
-0.999136, 379, 89, 394, 152
-0.99915, 179, 57, 194, 120
-0.999166, 235, 81, 250, 208
-0.999171, 165, 57, 180, 120
-0.999172, 201, 81, 216, 208
-0.999177, 185, 57, 200, 120
-0.99918, 109, 81, 124, 208
-0.999199, 115, 81, 130, 208
-0.999199, 241, 277, 368, 308
-0.9992, 171, 57, 186, 120
-0.9992, 191, 57, 206, 120
-0.999201, 23, 249, 38, 312
-0.999207, 173, 81, 188, 208
-0.999214, 193, 81, 208, 208
-0.999215, 351, 249, 366, 312
-0.999226, 209, 61, 336, 92
-0.999227, 57, 209, 72, 333
-0.999237, 257, 193, 272, 256
-0.999237, 161, 81, 176, 208
-0.999238, 371, 249, 386, 312
-0.999239, 339, 217, 354, 280
-0.99924, 241, 265, 368, 296
-0.999245, 225, 289, 352, 320
-0.999248, 257, 97, 272, 160
-0.999254, 9, 249, 24, 312
-0.999254, 65, 9, 320, 72
-0.999257, 401, 89, 416, 152
-0.999265, 385, 89, 400, 152
-0.999266, 337, 297, 464, 328
-0.99927, 117, 185, 132, 248
-0.999273, 167, 81, 182, 208
-0.999274, 93, 161, 108, 288
-0.99928, 337, 73, 464, 104
-0.999283, 307, 185, 322, 248
-0.999298, 193, 249, 320, 280
-0.999298, 207, 33, 222, 160
-0.9993, 229, 81, 244, 208
-0.999305, 395, 97, 410, 160
-0.999306, 223, 81, 238, 208
-0.999306, 215, 33, 230, 160
-0.999306, 221, 33, 236, 160
-0.999311, 207, 81, 222, 208
-0.999312, 271, 49, 286, 176
-0.999316, 279, 49, 294, 176
-0.999323, 91, 81, 106, 208
-0.999325, 101, 201, 116, 264
-0.999325, 247, 49, 262, 176
-0.999328, 215, 81, 230, 208
-0.999328, 201, 33, 216, 160
-0.999331, 329, 209, 344, 272
-0.999331, 287, 49, 302, 176
-0.999332, 231, 33, 246, 160
-0.999343, 265, 49, 280, 176
-0.999344, 189, 33, 204, 160
-0.999346, 431, 201, 446, 264
-0.999346, 259, 49, 274, 176
-0.999347, 85, 81, 100, 208
-0.999348, 123, 257, 138, 320
-0.999351, 413, 97, 428, 160
-0.999351, 293, 49, 308, 176
-0.999352, 161, 297, 288, 328
-0.999352, 195, 33, 210, 160
-0.999356, 241, 81, 256, 208
-0.999359, 111, 257, 126, 320
-0.999366, 15, 201, 30, 264
-0.999366, 377, 81, 392, 208
-0.999373, 397, 81, 412, 208
-0.999377, 293, 257, 308, 320
-0.999377, 253, 49, 268, 176
-0.999377, 299, 49, 314, 176
-0.99938, 307, 49, 322, 176
-0.999383, 15, 97, 30, 224
-0.999387, 183, 33, 198, 160
-0.999394, 125, 57, 140, 120
-0.999399, 337, 17, 464, 80
-0.999405, 259, 97, 274, 224
-0.999405, 129, 33, 144, 160
-0.999406, 387, 81, 402, 208
-0.999413, 315, 49, 330, 176
-0.999413, 147, 33, 162, 160
-0.999416, 265, 97, 280, 224
-0.999417, 1, 81, 128, 112
-0.999417, 1, 249, 16, 312
-0.999421, 21, 201, 36, 264
-0.999435, 67, 81, 82, 208
-0.999435, 145, 117, 272, 148
-0.999438, 49, 97, 64, 224
-0.999438, 57, 97, 72, 224
-0.99944, 249, 97, 264, 224
-0.999446, 215, 57, 230, 120
-0.999447, 43, 97, 58, 224
-0.99945, 37, 97, 52, 224
-0.99945, 237, 33, 252, 160
-0.99945, 97, 241, 224, 272
-0.999451, 43, 249, 58, 312
-0.999453, 321, 49, 336, 176
-0.999457, 313, 97, 328, 224
-0.999458, 49, 269, 176, 300
-0.999459, 141, 33, 156, 160
-0.999461, 21, 97, 36, 224
-0.999462, 157, 33, 172, 160
-0.999465, 347, 217, 362, 280
-0.999467, 31, 97, 46, 224
-0.99947, 403, 81, 418, 208
-0.999472, 123, 33, 138, 160
-0.999472, 177, 33, 192, 160
-0.999473, 281, 97, 296, 224
-0.999475, 129, 201, 144, 264
-0.999476, 169, 33, 184, 160
-0.999483, 485, 113, 500, 240
-0.999484, 485, 193, 500, 320
-0.999485, 73, 81, 88, 208
-0.999486, 273, 97, 288, 224
-0.999486, 295, 209, 310, 272
-0.999486, 329, 49, 344, 176
-0.999486, 353, 193, 368, 320
-0.999487, 339, 97, 354, 224
-0.999492, 159, 193, 174, 320
-0.999495, 225, 57, 240, 120
-0.999497, 35, 249, 50, 312
-0.999497, 9, 113, 24, 240
-0.999498, 333, 97, 348, 224
-0.999501, 161, 9, 288, 72
-0.999505, 339, 49, 354, 176
-0.999505, 45, 193, 60, 320
-0.999505, 121, 193, 136, 320
-0.999506, 345, 49, 360, 176
-0.999507, 33, 121, 160, 152
-0.999512, 1, 113, 16, 240
-0.999513, 97, 281, 224, 312
-0.999515, 437, 201, 452, 264
-0.999516, 371, 81, 386, 208
-0.999516, 365, 97, 380, 224
-0.999519, 163, 33, 178, 160
-0.999521, 1, 161, 500, 224
-0.999521, 1, 233, 128, 264
-0.999524, 301, 97, 316, 224
-0.999524, 343, 193, 358, 256
-0.999525, 345, 97, 360, 224
-0.999527, 79, 81, 94, 208
-0.999529, 289, 97, 304, 224
-0.999529, 257, 69, 384, 100
-0.999532, 1, 289, 128, 320
-0.999534, 319, 97, 334, 224
-0.999535, 355, 97, 370, 224
-0.999538, 307, 97, 322, 224
-0.999538, 15, 193, 30, 320
-0.999539, 273, 185, 400, 216
-0.999541, 33, 193, 48, 320
-0.999541, 369, 41, 496, 104
-0.999541, 365, 49, 380, 176
-0.999541, 409, 97, 424, 224
-0.999543, 1, 137, 500, 200
-0.999545, 1, 1, 500, 64
-0.999546, 305, 261, 432, 292
-0.999546, 327, 97, 342, 224
-0.999547, 455, 97, 470, 224
-0.999547, 209, 229, 336, 260
-0.999549, 329, 97, 344, 160
-0.999549, 5, 193, 20, 320
-0.99955, 351, 49, 366, 176
-0.999556, 63, 193, 78, 320
-0.999556, 359, 49, 374, 176
-0.999557, 1, 201, 16, 264
-0.999558, 39, 193, 54, 320
-0.999559, 477, 193, 492, 320
-0.999562, 201, 65, 216, 128
-0.999563, 361, 193, 376, 320
-0.999565, 479, 113, 494, 240
-0.999567, 445, 193, 460, 320
-0.999567, 471, 193, 486, 320
-0.999567, 81, 297, 208, 328
-0.999571, 21, 193, 36, 320
-0.999572, 111, 33, 126, 160
-0.999575, 287, 193, 302, 256
-0.999576, 209, 65, 224, 128
-0.999576, 307, 193, 322, 320
-0.999577, 123, 185, 138, 248
-0.99958, 347, 97, 362, 160
-0.99958, 447, 97, 462, 224
-0.999584, 257, 193, 272, 320
-0.999589, 417, 97, 432, 224
-0.999591, 105, 225, 120, 288
-0.999596, 135, 113, 150, 240
-0.999597, 1, 153, 128, 216
-0.999598, 353, 81, 368, 144
-0.999599, 127, 193, 142, 320
-0.999599, 295, 97, 310, 224
-0.999601, 117, 33, 132, 160
-0.999605, 455, 193, 470, 320
-0.999606, 81, 193, 96, 320
-0.999609, 87, 185, 102, 248
-0.999611, 143, 129, 158, 256
-0.999613, 135, 177, 150, 304
-0.999614, 437, 97, 452, 224
-0.999615, 175, 193, 190, 320
-0.999617, 177, 177, 304, 208
-0.999618, 423, 97, 438, 224
-0.999632, 231, 57, 246, 120
-0.999646, 81, 253, 208, 284
-0.999655, 17, 113, 32, 176
-0.999666, 369, 273, 496, 333
-0.999668, 323, 97, 338, 160
-0.999669, 209, 1, 336, 64
-0.999669, 129, 169, 384, 232
-0.999672, 281, 257, 296, 320
-0.999679, 177, 165, 304, 196
-0.999698, 97, 225, 224, 256
-0.999698, 305, 257, 320, 320
-0.999727, 369, 193, 496, 224
-0.999729, 321, 189, 448, 220
-0.999736, 317, 97, 332, 160
-0.999737, 11, 113, 26, 176
-0.999739, 119, 57, 134, 120
-0.999739, 121, 81, 136, 96
-0.99974, 231, 225, 246, 240
-0.99974, 119, 191, 134, 206
-0.99974, 139, 103, 154, 118
-0.99974, 199, 207, 214, 222
-0.99974, 133, 75, 148, 90
-0.99974, 449, 115, 464, 130
-0.99974, 423, 109, 438, 124
-0.99974, 125, 117, 140, 132
-0.99974, 289, 209, 304, 224
-0.99974, 261, 213, 276, 228
-0.99974, 121, 99, 136, 114
-0.99974, 93, 183, 108, 198
-0.99974, 451, 205, 466, 220
-0.99974, 129, 263, 144, 278
-0.99974, 281, 211, 296, 226
-0.999741, 129, 161, 144, 176
-0.999741, 275, 109, 290, 124
-0.999741, 65, 207, 80, 222
-0.999741, 33, 111, 48, 126
-0.999741, 341, 205, 356, 220
-0.999741, 115, 205, 130, 220
-0.999741, 197, 193, 212, 208
-0.999741, 89, 177, 104, 192
-0.999741, 329, 203, 344, 218
-0.999741, 431, 205, 446, 220
-0.999741, 53, 207, 68, 222
-0.999741, 149, 81, 164, 96
-0.999742, 171, 125, 186, 140
-0.999742, 153, 223, 168, 238
-0.999742, 397, 101, 412, 116
-0.999742, 13, 117, 28, 132
-0.999742, 335, 209, 350, 224
-0.999743, 239, 219, 254, 234
-0.999743, 19, 115, 34, 130
-0.999743, 79, 211, 94, 226
-0.999743, 249, 213, 264, 228
-0.999743, 51, 239, 66, 254
-0.999743, 119, 117, 134, 132
-0.999743, 313, 207, 328, 222
-0.999743, 373, 101, 388, 116
-0.999743, 251, 209, 266, 272
-0.999743, 201, 199, 216, 214
-0.999743, 445, 209, 460, 224
-0.999744, 365, 103, 380, 118
-0.999744, 113, 161, 128, 176
-0.999744, 281, 205, 296, 220
-0.999744, 273, 203, 288, 218
-0.999744, 91, 207, 106, 222
-0.999744, 225, 219, 240, 234
-0.999744, 55, 249, 70, 264
-0.999744, 349, 205, 364, 220
-0.999744, 485, 119, 500, 134
-0.999744, 363, 205, 378, 220
-0.999744, 273, 211, 288, 226
-0.999744, 123, 263, 138, 278
-0.999745, 261, 107, 276, 122
-0.999745, 185, 123, 200, 138
-0.999745, 1, 113, 16, 176
-0.999745, 411, 105, 426, 120
-0.999745, 27, 113, 42, 128
-0.999745, 195, 199, 210, 214
-0.999745, 439, 209, 454, 224
-0.999745, 55, 201, 70, 216
-0.999745, 49, 201, 64, 216
-0.999745, 329, 209, 344, 224
-0.999745, 121, 111, 136, 126
-0.999746, 101, 161, 116, 176
-0.999746, 123, 161, 138, 176
-0.999746, 287, 203, 302, 218
-0.999746, 189, 89, 204, 104
-0.999746, 85, 203, 100, 218
-0.999746, 403, 101, 418, 116
-0.999746, 153, 87, 168, 102
-0.999746, 417, 107, 432, 122
-0.999747, 105, 91, 120, 106
-0.999747, 39, 111, 54, 126
-0.999747, 87, 97, 102, 112
-0.999747, 355, 219, 370, 234
-0.999747, 93, 95, 108, 110
-0.999747, 61, 201, 76, 216
-0.999747, 121, 93, 136, 108
-0.999747, 77, 99, 92, 114
-0.999747, 107, 161, 122, 176
-0.999748, 105, 203, 120, 218
-0.999748, 57, 213, 72, 228
-0.999748, 45, 109, 60, 124
-0.999748, 363, 243, 378, 258
-0.999748, 319, 205, 334, 220
-0.999748, 297, 205, 312, 220
-0.999749, 99, 93, 114, 108
-0.999749, 169, 89, 184, 104
-0.999749, 441, 203, 456, 218
-0.99975, 133, 101, 148, 116
-0.99975, 245, 207, 260, 222
-0.99975, 251, 105, 266, 120
-0.99975, 127, 81, 142, 96
-0.99975, 175, 89, 190, 104
-0.99975, 115, 89, 130, 104
-0.99975, 201, 91, 216, 106
-0.999751, 71, 205, 86, 220
-0.999751, 71, 99, 86, 114
-0.999751, 245, 103, 260, 118
-0.999752, 267, 203, 282, 218
-0.999752, 181, 89, 196, 104
-0.999752, 55, 103, 70, 118
-0.999753, 143, 81, 158, 96
-0.999753, 239, 101, 254, 116
-0.999753, 147, 203, 162, 218
-0.999753, 61, 101, 76, 116
-0.999754, 159, 87, 174, 102
-0.999754, 215, 95, 230, 110
-0.999754, 133, 95, 148, 110
-0.999755, 223, 97, 238, 112
-0.999755, 127, 93, 142, 108
-0.999756, 207, 93, 222, 108
-0.999756, 267, 209, 282, 224
-0.999756, 127, 99, 142, 114
-0.999756, 233, 99, 248, 114
-0.999756, 255, 215, 270, 230
-0.999756, 195, 91, 210, 106
-0.999756, 61, 249, 76, 312
-0.999757, 231, 219, 246, 234
-0.999757, 353, 213, 368, 228
-0.999757, 307, 205, 322, 220
-0.999757, 257, 205, 272, 220
-0.999758, 179, 121, 194, 136
-0.99976, 95, 177, 110, 192
-0.99976, 143, 87, 158, 102
-0.99976, 265, 105, 280, 168
-0.999761, 133, 87, 148, 102
-0.999762, 339, 257, 354, 320
-0.999766, 127, 87, 142, 102
-0.999766, 59, 207, 74, 222
-0.999778, 151, 121, 166, 184
-0.999779, 135, 81, 150, 96
-0.999779, 129, 33, 256, 64
-0.999781, 49, 285, 176, 316
-0.999786, 409, 201, 424, 264
-0.999791, 307, 89, 322, 152
-0.999796, 127, 105, 142, 168
-0.999798, 265, 193, 280, 256
-0.999808, 33, 33, 160, 64
-0.999812, 451, 201, 466, 264
-0.999822, 161, 61, 288, 92
-0.999854, 113, 65, 128, 128
-0.999855, 161, 229, 288, 260
-0.999857, 177, 169, 192, 232
-0.99986, 159, 201, 174, 264
-0.999861, 369, 277, 496, 308
-0.999913, 1, 277, 128, 308
-0.999917, 1, 301, 128, 332
-0.999925, 369, 257, 496, 288
-0.999938, 225, 25, 352, 56
-0.999957, 273, 25, 400, 56
-0.999971, 209, 301, 336, 332
-1.00003, 81, 33, 208, 64
-1.00007, 177, 29, 304, 60
-1.00011, 257, 81, 384, 112
-1.00014, 129, 137, 384, 200
-1.00022, 145, 241, 272, 272
-1.00025, 1, 157, 128, 188
-1.00025, 369, 61, 496, 92
-1.00025, 65, 49, 192, 80
-1.00026, 369, 17, 496, 48
-1.00027, 225, 181, 352, 212
-1.00028, 177, 153, 304, 184
-1.0003, 17, 133, 144, 164
-1.00033, 97, 21, 224, 52
-1.00035, 321, 21, 448, 52
-1.0004, 193, 49, 320, 80
-1.00041, 241, 13, 368, 44
-1.00042, 305, 61, 432, 92
-1.00044, 289, 9, 416, 40
-1.00045, 113, 49, 240, 80
-1.00047, 177, 141, 304, 172
-1.00048, 1, 145, 128, 176
-1.00052, 177, 17, 304, 48
-1.00053, 129, 105, 256, 136
-1.00055, 257, 57, 384, 88
-1.0006, 49, 21, 176, 52
-1.00064, 17, 45, 144, 76
-1.00065, 1, 113, 500, 176
-1.00069, 225, 153, 480, 216
-1.00095, 33, 9, 160, 72
-1.00099, 257, 121, 500, 184
-1.00138, 161, 121, 288, 184
-1.00211, 81, 1, 208, 64
-1.00314, 193, 145, 320, 208
-1.00436, 369, 121, 496, 184
-1.00486, 289, 153, 416, 216
-1.00488, 305, 121, 432, 184
-1.00562, 241, 153, 368, 216
-1.00597, 257, 129, 384, 192
-1.00598, 353, 153, 480, 216
