1966
-0.0799528, 1, 1, 500, 375
-0.236372, 1, 97, 500, 352
-0.393537, 1, 1, 500, 256
-0.451037, 257, 1, 500, 375
-0.50032, 65, 1, 320, 375
-0.516251, 161, 1, 416, 375
-0.580633, 193, 1, 448, 256
-0.634525, 1, 97, 256, 352
-0.634765, 225, 97, 480, 352
-0.648294, 97, 1, 352, 256
-0.66309, 1, 1, 256, 256
-0.692922, 97, 97, 352, 352
-0.837006, 273, 1, 400, 256
-0.857857, 321, 1, 448, 256
-0.858823, 337, 1, 464, 375
-0.861893, 1, 97, 500, 224
-0.86558, 369, 33, 496, 288
-0.866971, 17, 1, 144, 375
-0.867683, 289, 1, 416, 375
-0.870184, 97, 1, 224, 375
-0.873543, 17, 129, 144, 375
-0.876959, 321, 97, 448, 352
-0.877273, 1, 33, 500, 160
-0.877886, 145, 1, 272, 375
-0.879988, 225, 1, 352, 256
-0.880249, 97, 1, 224, 256
-0.881166, 49, 1, 176, 256
-0.887199, 97, 97, 224, 352
-0.887743, 1, 145, 500, 272
-0.88957, 145, 1, 272, 256
-0.890664, 225, 1, 352, 375
-0.893254, 369, 129, 496, 375
-0.895255, 273, 97, 400, 352
-0.904862, 145, 97, 272, 352
-0.905731, 209, 97, 336, 352
-0.906712, 1, 33, 128, 288
-0.907202, 1, 209, 500, 336
-0.912701, 257, 65, 500, 192
-0.91539, 377, 49, 440, 176
-0.916252, 161, 81, 416, 208
-0.916485, 353, 65, 480, 192
-0.924094, 401, 65, 464, 192
-0.924431, 257, 113, 500, 240
-0.927757, 193, 17, 448, 144
-0.932317, 65, 81, 320, 208
-0.933689, 1, 209, 256, 336
-0.935943, 97, 33, 352, 160
-0.93602, 353, 33, 416, 160
-0.936813, 425, 81, 488, 208
-0.937526, 313, 81, 376, 208
-0.937837, 305, 81, 432, 208
-0.937877, 257, 193, 500, 320
-0.937922, 257, 241, 500, 368
-0.938496, 1, 129, 256, 256
-0.938902, 353, 113, 480, 240
-0.941331, 1, 1, 256, 128
-0.942903, 321, 17, 448, 144
-0.943084, 273, 17, 400, 144
-0.943193, 433, 241, 496, 368
-0.943867, 369, 209, 496, 336
-0.946121, 17, 177, 144, 304
-0.946414, 145, 81, 272, 208
-0.947479, 329, 17, 392, 144
-0.947935, 361, 113, 424, 240
-0.94799, 393, 113, 456, 240
-0.94854, 161, 241, 416, 368
-0.948874, 25, 177, 88, 304
-0.949607, 433, 193, 496, 320
-0.950744, 33, 1, 160, 128
-0.950983, 409, 193, 472, 320
-0.951011, 257, 81, 384, 208
-0.952934, 337, 81, 400, 208
-0.95303, 417, 1, 480, 128
-0.953313, 225, 33, 352, 160
-0.954335, 17, 129, 144, 256
-0.955047, 105, 81, 168, 208
-0.955911, 433, 145, 496, 272
-0.956472, 129, 33, 256, 160
-0.956733, 97, 97, 224, 224
-0.957181, 129, 129, 192, 256
-0.957362, 41, 1, 104, 128
-0.957499, 369, 161, 496, 288
-0.95761, 161, 81, 224, 208
-0.958188, 177, 33, 304, 160
-0.958515, 377, 241, 440, 368
-0.958917, 193, 81, 320, 208
-0.959114, 129, 129, 384, 256
-0.959455, 289, 241, 416, 368
-0.960314, 273, 81, 336, 208
-0.96032, 297, 17, 360, 144
-0.961437, 225, 241, 352, 368
-0.961462, 17, 225, 80, 352
-0.961554, 369, 1, 496, 128
-0.96189, 17, 225, 144, 352
-0.961942, 409, 241, 472, 368
-0.962099, 121, 33, 184, 160
-0.962146, 409, 113, 472, 176
-0.962323, 25, 289, 88, 352
-0.962715, 381, 33, 412, 160
-0.962877, 161, 33, 224, 160
-0.963181, 185, 81, 248, 208
-0.963302, 137, 81, 200, 208
-0.963395, 433, 65, 464, 192
-0.96344, 17, 65, 144, 192
-0.963454, 193, 33, 256, 160
-0.96352, 145, 241, 272, 368
-0.963605, 41, 129, 104, 256
-0.963618, 425, 185, 488, 248
-0.963807, 361, 105, 424, 168
-0.963959, 81, 97, 144, 224
-0.964146, 225, 241, 288, 368
-0.964445, 273, 33, 336, 160
-0.96454, 81, 17, 144, 144
-0.964945, 177, 241, 240, 368
-0.965426, 385, 89, 448, 152
-0.965673, 337, 241, 400, 368
-0.965785, 217, 33, 280, 160
-0.965787, 353, 113, 480, 176
-0.966157, 65, 225, 192, 352
-0.966461, 425, 81, 488, 144
-0.966481, 385, 193, 448, 320
-0.967185, 81, 33, 208, 160
-0.967301, 209, 81, 272, 208
-0.967353, 413, 49, 444, 176
-0.967429, 401, 49, 432, 176
-0.967482, 377, 1, 440, 128
-0.967834, 369, 81, 496, 144
-0.967872, 25, 81, 88, 208
-0.967887, 145, 241, 208, 368
-0.968661, 105, 129, 168, 256
-0.968756, 401, 209, 464, 272
-0.968812, 345, 81, 408, 144
-0.968818, 241, 33, 304, 160
-0.968874, 401, 65, 464, 128
-0.968978, 345, 1, 408, 256
-0.96929, 49, 289, 112, 352
-0.96957, 121, 121, 184, 184
-0.969702, 17, 17, 80, 144
-0.969917, 321, 177, 448, 304
-0.97, 249, 81, 312, 208
-0.97003, 313, 97, 376, 160
-0.970111, 313, 241, 376, 368
-0.970163, 433, 281, 496, 344
-0.970176, 49, 1, 112, 64
-0.970242, 401, 33, 464, 288
-0.970544, 321, 1, 384, 256
-0.970751, 425, 209, 488, 272
-0.970859, 249, 241, 312, 368
-0.970873, 437, 113, 468, 176
-0.970894, 377, 201, 440, 264
-0.971157, 25, 185, 88, 248
-0.971356, 377, 49, 440, 112
-0.971363, 9, 313, 72, 375
-0.971705, 401, 137, 464, 200
-0.971757, 425, 257, 488, 320
-0.971785, 201, 241, 264, 368
-0.971842, 361, 17, 392, 144
-0.97195, 401, 161, 464, 224
-0.97212, 397, 89, 428, 152
-0.972132, 457, 81, 488, 208
-0.972216, 17, 1, 144, 64
-0.972238, 25, 209, 88, 272
-0.972624, 433, 121, 496, 184
-0.972695, 33, 41, 96, 104
-0.972764, 289, 89, 352, 152
-0.972778, 409, 233, 472, 296
-0.972793, 305, 17, 368, 80
-0.972854, 377, 33, 440, 288
-0.972855, 305, 97, 432, 160
-0.972916, 289, 1, 352, 256
-0.972994, 137, 97, 200, 160
-0.973155, 321, 129, 384, 256
-0.973162, 409, 97, 440, 160
-0.973324, 33, 65, 96, 128
-0.973355, 73, 1, 136, 64
-0.97338, 1, 273, 64, 336
-0.973511, 25, 1, 88, 64
-0.973564, 461, 97, 492, 160
-0.973609, 273, 241, 336, 368
-0.973812, 425, 161, 488, 224
-0.973824, 1, 305, 128, 368
-0.973847, 385, 113, 448, 176
-0.974249, 449, 145, 480, 272
-0.974411, 53, 289, 84, 352
-0.974425, 469, 193, 500, 320
-0.974464, 65, 145, 128, 272
-0.974566, 421, 105, 452, 168
-0.974567, 97, 137, 160, 200
-0.974665, 273, 129, 400, 256
-0.97472, 289, 17, 416, 80
-0.974728, 97, 177, 224, 304
-0.974767, 57, 49, 120, 176
-0.974779, 169, 97, 232, 160
-0.97492, 361, 273, 424, 336
-0.974944, 437, 89, 468, 152
-0.974994, 381, 81, 412, 144
-0.974999, 433, 233, 496, 296
-0.975081, 17, 129, 80, 256
-0.97509, 153, 121, 216, 184
-0.975125, 105, 97, 168, 160
-0.975136, 433, 65, 496, 320
-0.975144, 17, 185, 144, 248
-0.975213, 361, 97, 392, 224
-0.975335, 37, 1, 68, 64
-0.97554, 29, 177, 60, 304
-0.975549, 401, 185, 464, 248
-0.975596, 353, 33, 416, 96
-0.975611, 337, 289, 400, 352
-0.975644, 377, 177, 440, 240
-0.975646, 201, 81, 264, 144
-0.975666, 369, 257, 496, 320
-0.975698, 337, 105, 400, 168
-0.975757, 361, 177, 424, 304
-0.97576, 329, 17, 392, 80
-0.975787, 33, 161, 96, 224
-0.97581, 313, 73, 376, 136
-0.975833, 445, 209, 476, 336
-0.97588, 353, 97, 416, 352
-0.975904, 9, 153, 72, 216
-0.975928, 33, 1, 64, 128
-0.97599, 425, 73, 456, 136
-0.976198, 145, 265, 208, 328
-0.976328, 369, 201, 496, 264
-0.976468, 25, 89, 88, 152
-0.976497, 377, 249, 440, 312
-0.97663, 353, 177, 416, 240
-0.976721, 265, 1, 328, 256
-0.976748, 389, 113, 420, 240
-0.976819, 25, 233, 88, 296
-0.976838, 305, 281, 368, 344
-0.976979, 185, 289, 248, 352
-0.976997, 105, 33, 168, 96
-0.976999, 449, 177, 480, 240
-0.97712, 169, 73, 232, 136
-0.977126, 1, 193, 64, 256
-0.977138, 121, 1, 184, 256
-0.977153, 313, 129, 376, 192
-0.977158, 417, 201, 448, 264
-0.977215, 121, 217, 184, 280
-0.977234, 161, 193, 416, 320
-0.97727, 401, 57, 432, 120
-0.977345, 145, 1, 208, 256
-0.977346, 37, 289, 68, 352
-0.977362, 393, 1, 456, 64
-0.977375, 121, 1, 184, 64
-0.977381, 137, 73, 200, 136
-0.977501, 17, 241, 48, 368
-0.977541, 121, 145, 184, 208
-0.977567, 25, 289, 56, 352
-0.977589, 97, 81, 224, 144
-0.977678, 393, 273, 456, 336
-0.977724, 81, 41, 144, 104
-0.977736, 429, 193, 460, 320
-0.97777, 121, 97, 184, 352
-0.977798, 81, 113, 144, 176
-0.977813, 281, 281, 344, 344
-0.977902, 169, 49, 232, 112
-0.977989, 321, 257, 384, 320
-0.978023, 425, 113, 456, 240
-0.978039, 25, 129, 88, 375
-0.97812, 373, 81, 404, 208
-0.978159, 341, 81, 372, 208
-0.978184, 57, 49, 120, 112
-0.978226, 97, 209, 160, 272
-0.97828, 9, 25, 72, 88
-0.978303, 361, 105, 392, 168
-0.978402, 457, 193, 488, 320
-0.978475, 265, 89, 328, 152
-0.978493, 457, 137, 488, 200
-0.978498, 57, 225, 120, 352
-0.978523, 225, 265, 288, 328
-0.978584, 125, 113, 156, 240
-0.978727, 409, 129, 472, 375
-0.978841, 97, 1, 160, 256
-0.978848, 145, 41, 208, 104
-0.978896, 97, 1, 160, 64
-0.9789, 65, 153, 128, 216
-0.978988, 345, 225, 408, 288
-0.978992, 169, 1, 232, 256
-0.979054, 169, 265, 232, 328
-0.979172, 145, 145, 208, 208
-0.979189, 353, 57, 480, 120
-0.979209, 41, 137, 104, 200
-0.979223, 445, 65, 476, 192
-0.979333, 369, 161, 496, 224
-0.979363, 1, 177, 64, 304
-0.979373, 33, 185, 64, 248
-0.979386, 1, 217, 64, 280
-0.979569, 337, 177, 400, 304
-0.979594, 449, 89, 480, 152
-0.979604, 329, 81, 360, 208
-0.979604, 381, 241, 412, 368
-0.979611, 241, 1, 304, 256
-0.979831, 145, 97, 208, 352
-0.979845, 469, 81, 500, 208
-0.979923, 289, 129, 352, 192
-0.979926, 433, 1, 496, 64
-0.979969, 97, 97, 160, 352
-0.979982, 361, 297, 424, 360
-0.979982, 413, 65, 444, 128
-0.98, 257, 89, 384, 152
-0.980033, 369, 281, 496, 344
-0.980112, 9, 49, 72, 112
-0.980146, 73, 297, 136, 360
-0.980162, 65, 81, 128, 144
-0.980227, 297, 129, 360, 256
-0.980231, 105, 273, 168, 336
-0.980235, 401, 97, 432, 224
-0.980314, 141, 129, 172, 256
-0.980318, 337, 129, 400, 192
-0.980422, 17, 153, 144, 216
-0.980436, 265, 1, 328, 64
-0.980477, 353, 201, 416, 264
-0.980495, 45, 17, 76, 144
-0.980538, 257, 265, 320, 328
-0.980652, 153, 129, 216, 256
-0.980665, 41, 1, 104, 256
-0.980686, 217, 1, 280, 256
-0.980718, 49, 313, 112, 375
-0.98074, 433, 193, 464, 256
-0.980801, 209, 297, 272, 360
-0.980897, 73, 185, 136, 248
-0.980913, 57, 25, 120, 88
-0.980922, 65, 209, 128, 272
-0.980989, 17, 209, 144, 272
-0.98099, 377, 225, 440, 288
-0.981037, 105, 97, 136, 224
-0.98104, 233, 89, 296, 152
-0.981047, 73, 1, 136, 256
-0.981119, 193, 265, 256, 328
-0.981216, 17, 241, 144, 304
-0.981225, 401, 297, 464, 360
-0.981305, 465, 241, 496, 368
-0.981356, 445, 257, 476, 320
-0.981378, 209, 49, 272, 112
-0.981378, 153, 297, 216, 360
-0.981389, 177, 121, 240, 184
-0.981418, 25, 113, 88, 176
-0.981471, 25, 265, 88, 328
-0.981474, 1, 249, 64, 312
-0.981491, 65, 273, 192, 336
-0.981511, 65, 1, 192, 64
-0.981561, 393, 1, 456, 375
-0.981575, 289, 65, 352, 128
-0.981664, 465, 281, 496, 344
-0.981679, 373, 105, 404, 168
-0.98168, 353, 137, 480, 200
-0.981799, 81, 225, 144, 352
-0.981831, 97, 161, 160, 224
-0.981831, 145, 225, 208, 288
-0.981833, 281, 25, 344, 88
-0.981854, 469, 185, 500, 248
-0.981918, 65, 289, 96, 352
-0.981926, 337, 57, 400, 120
-0.981946, 137, 81, 168, 208
-0.982007, 33, 57, 160, 120
-0.982038, 397, 1, 428, 128
-0.982086, 97, 185, 160, 248
-0.982117, 97, 121, 224, 184
-0.982175, 425, 305, 488, 368
-0.982219, 193, 1, 256, 256
-0.98225, 161, 113, 192, 240
-0.982302, 369, 233, 496, 296
-0.982334, 301, 81, 332, 208
-0.982337, 169, 145, 232, 208
-0.982385, 369, 241, 400, 368
-0.982409, 305, 281, 432, 344
-0.982415, 345, 17, 376, 144
-0.982429, 369, 273, 400, 336
-0.982431, 329, 97, 392, 352
-0.982433, 13, 313, 44, 375
-0.982441, 329, 201, 392, 264
-0.982507, 209, 33, 240, 160
-0.982509, 21, 145, 52, 208
-0.982568, 17, 265, 48, 328
-0.982592, 105, 177, 168, 304
-0.982644, 49, 185, 112, 248
-0.982767, 145, 1, 208, 64
-0.98282, 105, 73, 168, 136
-0.982893, 249, 297, 312, 360
-0.983038, 1, 73, 64, 136
-0.983045, 361, 129, 424, 192
-0.983051, 341, 97, 372, 160
-0.983057, 377, 129, 440, 375
-0.983075, 57, 1, 88, 128
-0.983097, 281, 257, 344, 320
-0.98313, 185, 25, 248, 88
-0.983197, 221, 33, 252, 160
-0.983233, 149, 81, 180, 208
-0.983251, 145, 49, 272, 112
-0.983252, 453, 233, 484, 296
-0.983278, 437, 113, 468, 240
-0.983308, 129, 289, 192, 352
-0.983309, 369, 1, 432, 375
-0.983352, 17, 1, 80, 256
-0.983353, 49, 129, 112, 375
-0.983443, 169, 97, 232, 352
-0.98348, 17, 105, 144, 168
-0.983483, 129, 113, 160, 176
-0.983617, 389, 49, 420, 112
-0.983648, 65, 217, 192, 280
-0.983658, 13, 145, 44, 272
-0.983667, 425, 225, 456, 288
-0.983679, 1, 81, 64, 208
-0.983765, 257, 289, 384, 352
-0.983866, 425, 129, 456, 192
-0.9839, 145, 81, 272, 144
-0.98405, 181, 33, 212, 160
-0.984075, 409, 241, 440, 368
-0.984102, 29, 225, 60, 352
-0.984102, 17, 25, 144, 88
-0.984117, 97, 1, 160, 375
-0.984139, 117, 137, 148, 200
-0.984161, 433, 241, 464, 368
-0.984245, 229, 241, 260, 368
-0.984256, 121, 1, 184, 375
-0.984267, 41, 129, 72, 256
-0.984279, 321, 201, 448, 264
-0.984289, 449, 113, 480, 176
-0.984292, 1, 281, 128, 344
-0.984319, 353, 1, 480, 64
-0.98432, 441, 233, 472, 296
-0.984348, 177, 81, 208, 208
-0.984412, 45, 25, 76, 88
-0.984456, 197, 33, 228, 160
-0.984457, 385, 105, 416, 168
-0.984464, 317, 81, 348, 208
-0.984606, 53, 1, 84, 64
-0.984624, 305, 121, 432, 184
-0.98464, 333, 17, 364, 144
-0.984676, 305, 97, 368, 352
-0.984726, 109, 113, 140, 176
-0.984771, 193, 89, 320, 152
-0.984843, 17, 129, 144, 192
-0.984918, 281, 97, 344, 352
-0.984954, 413, 97, 444, 224
-0.984958, 445, 153, 476, 216
-0.984977, 73, 97, 136, 352
-0.984984, 405, 129, 436, 192
-0.984986, 145, 1, 208, 375
-0.985071, 13, 185, 44, 248
-0.985093, 33, 81, 160, 144
-0.985201, 297, 33, 328, 160
-0.985307, 105, 225, 168, 352
-0.985341, 189, 81, 220, 208
-0.985377, 433, 1, 496, 375
-0.985381, 345, 1, 408, 375
-0.985414, 457, 201, 488, 264
-0.985436, 33, 25, 64, 88
-0.985506, 377, 249, 408, 312
-0.985512, 117, 89, 148, 152
-0.985548, 273, 193, 400, 320
-0.985549, 433, 153, 464, 216
-0.985584, 89, 1, 120, 64
-0.985609, 445, 1, 476, 128
-0.98566, 469, 161, 500, 224
-0.985661, 217, 81, 248, 208
-0.985707, 321, 17, 352, 144
-0.985807, 113, 217, 240, 280
-0.985811, 325, 89, 356, 152
-0.985864, 305, 73, 432, 136
-0.985897, 225, 97, 288, 352
-0.986019, 209, 273, 336, 336
-0.986113, 369, 33, 400, 96
-0.986212, 321, 177, 448, 240
-0.986218, 157, 97, 188, 160
-0.986308, 237, 33, 268, 160
-0.986354, 1, 209, 32, 336
-0.986358, 193, 97, 256, 352
-0.986414, 145, 73, 176, 136
-0.986433, 305, 49, 432, 112
-0.986465, 313, 281, 344, 344
-0.986478, 41, 1, 104, 375
-0.986514, 165, 33, 196, 160
-0.98659, 205, 81, 236, 208
-0.986663, 73, 1, 104, 64
-0.98669, 429, 17, 460, 144
-0.9867, 257, 97, 320, 352
-0.986739, 309, 17, 340, 144
-0.986749, 121, 65, 152, 192
-0.986757, 145, 33, 176, 160
-0.986768, 149, 137, 180, 200
-0.986816, 213, 81, 244, 144
-0.986865, 65, 33, 192, 96
-0.986884, 453, 281, 484, 344
-0.98689, 289, 81, 320, 208
-0.986986, 405, 201, 436, 264
-0.986988, 285, 33, 316, 160
-0.987, 317, 9, 348, 72
-0.987019, 181, 89, 212, 152
-0.98709, 357, 241, 388, 368
-0.987144, 161, 129, 192, 192
-0.987219, 169, 1, 232, 375
-0.987262, 77, 297, 108, 360
-0.987325, 61, 49, 92, 112
-0.987366, 73, 1, 136, 375
-0.987366, 393, 185, 424, 248
-0.987384, 353, 81, 384, 144
-0.987388, 49, 57, 80, 120
-0.98744, 113, 17, 144, 144
-0.987448, 1, 97, 64, 352
-0.98753, 357, 281, 388, 344
-0.987562, 305, 1, 368, 375
-0.987615, 25, 233, 56, 296
-0.987652, 1, 241, 32, 304
-0.9877, 129, 257, 256, 320
-0.987731, 33, 89, 64, 152
-0.987735, 189, 241, 220, 368
-0.987795, 197, 81, 228, 144
-0.98781, 65, 153, 192, 216
-0.987821, 145, 105, 176, 168
-0.987832, 33, 49, 64, 112
-0.987897, 341, 73, 372, 136
-0.987923, 41, 161, 72, 224
-0.987932, 145, 105, 272, 168
-0.988013, 165, 41, 196, 104
-0.988022, 265, 241, 296, 368
-0.988044, 273, 33, 304, 160
-0.988054, 225, 1, 288, 375
-0.9881, 137, 209, 168, 272
-0.98815, 281, 1, 344, 375
-0.988224, 33, 297, 96, 328
-0.988233, 253, 241, 284, 368
-0.988239, 145, 129, 272, 256
-0.988255, 9, 209, 40, 272
-0.988271, 209, 241, 240, 368
-0.988308, 457, 257, 488, 320
-0.988321, 313, 89, 344, 152
-0.988339, 277, 81, 308, 208
-0.988355, 385, 109, 448, 140
-0.988371, 413, 225, 444, 288
-0.988381, 273, 129, 336, 256
-0.988388, 225, 129, 352, 256
-0.988409, 241, 1, 368, 64
-0.98845, 369, 73, 400, 136
-0.988549, 361, 89, 424, 120
-0.988571, 145, 297, 272, 360
-0.988574, 225, 193, 352, 320
-0.988593, 409, 121, 472, 152
-0.988691, 17, 1, 80, 375
-0.988723, 469, 145, 500, 272
-0.988737, 37, 65, 68, 192
-0.988742, 25, 129, 56, 256
-0.988742, 365, 177, 396, 240
-0.988823, 241, 241, 272, 368
-0.988858, 353, 25, 384, 88
-0.988869, 229, 81, 260, 208
-0.988896, 89, 17, 120, 144
-0.988903, 193, 1, 256, 375
-0.988941, 25, 209, 56, 272
-0.988975, 249, 33, 280, 160
-0.989061, 129, 137, 160, 200
-0.989071, 257, 1, 320, 375
-0.989083, 169, 97, 200, 160
-0.989096, 125, 209, 156, 272
-0.98914, 69, 1, 100, 128
-0.989146, 409, 85, 472, 116
-0.989151, 285, 241, 316, 368
-0.98916, 289, 257, 416, 320
-0.989275, 381, 193, 412, 320
-0.989403, 417, 1, 448, 128
-0.989405, 241, 25, 368, 88
-0.989416, 409, 205, 472, 236
-0.98943, 125, 1, 156, 64
-0.989441, 29, 265, 60, 328
-0.989449, 437, 65, 468, 128
-0.989457, 421, 241, 452, 368
-0.989477, 425, 193, 488, 224
-0.989564, 425, 1, 456, 64
-0.989568, 133, 33, 164, 160
-0.989572, 301, 281, 332, 344
-0.989606, 25, 81, 56, 208
-0.98964, 417, 177, 448, 240
-0.989707, 433, 233, 496, 264
-0.989731, 261, 33, 292, 160
-0.989745, 401, 133, 464, 164
-0.989771, 105, 1, 136, 64
-0.989773, 433, 285, 496, 316
-0.989802, 113, 145, 240, 208
-0.989812, 349, 129, 380, 256
-0.989824, 289, 293, 352, 324
-0.989834, 385, 229, 448, 260
-0.98988, 433, 257, 464, 320
-0.989891, 469, 129, 500, 192
-0.989901, 9, 309, 72, 340
-0.989917, 313, 241, 344, 368
-0.989928, 41, 265, 72, 328
-0.989946, 469, 209, 500, 272
-0.989954, 313, 25, 376, 56
-0.989981, 145, 297, 208, 328
-0.989994, 425, 97, 488, 128
-0.990061, 321, 137, 384, 168
-0.990101, 129, 81, 160, 144
-0.990125, 437, 281, 468, 344
-0.990129, 445, 209, 476, 272
-0.990138, 25, 221, 88, 252
-0.990139, 245, 81, 276, 208
-0.99015, 145, 193, 208, 320
-0.99018, 397, 241, 428, 368
-0.990186, 301, 89, 332, 152
-0.990227, 397, 1, 428, 64
-0.990271, 177, 289, 240, 320
-0.99028, 9, 285, 72, 316
-0.990287, 5, 281, 36, 344
-0.990326, 261, 81, 292, 208
-0.990339, 357, 249, 388, 312
-0.990341, 109, 33, 140, 96
-0.990415, 341, 25, 372, 88
-0.990422, 105, 113, 168, 144
-0.99044, 201, 297, 264, 328
-0.990444, 33, 9, 96, 40
-0.990452, 321, 97, 384, 128
-0.990513, 25, 209, 88, 240
-0.990535, 25, 1, 56, 64
-0.990542, 145, 49, 176, 112
-0.990571, 361, 117, 424, 148
-0.990584, 393, 73, 456, 104
-0.990617, 33, 177, 96, 208
-0.990664, 417, 265, 480, 296
-0.990672, 41, 53, 104, 84
-0.990682, 313, 293, 376, 324
-0.990691, 81, 57, 112, 120
-0.990693, 345, 293, 408, 324
-0.99071, 405, 193, 436, 320
-0.990712, 433, 157, 496, 188
-0.990754, 265, 293, 328, 324
-0.990768, 161, 89, 416, 152
-0.990789, 65, 217, 128, 248
-0.990806, 381, 25, 412, 88
-0.990817, 157, 73, 188, 136
-0.990824, 97, 105, 128, 168
-0.990826, 289, 81, 320, 144
-0.990827, 409, 225, 472, 256
-0.990827, 433, 205, 496, 236
-0.99085, 149, 209, 180, 272
-0.99088, 49, 297, 176, 360
-0.990896, 129, 81, 192, 112
-0.99093, 337, 33, 400, 64
-0.990944, 381, 273, 412, 336
-0.990944, 233, 293, 296, 324
-0.990945, 121, 125, 184, 156
-0.990966, 297, 89, 360, 120
-0.990978, 385, 85, 448, 116
-0.990983, 401, 161, 464, 192
-0.990985, 385, 213, 448, 244
-0.990987, 225, 81, 256, 144
-0.991006, 385, 121, 448, 152
-0.991012, 21, 25, 52, 88
-0.991012, 9, 297, 72, 328
-0.991025, 97, 153, 128, 216
-0.99103, 149, 241, 180, 368
-0.991051, 145, 265, 176, 328
-0.991052, 193, 297, 320, 360
-0.991055, 385, 97, 448, 128
-0.991079, 433, 117, 496, 148
-0.9911, 409, 109, 472, 140
-0.991105, 401, 241, 464, 272
-0.991108, 417, 273, 448, 336
-0.991125, 201, 285, 264, 316
-0.99115, 145, 285, 208, 316
-0.991178, 57, 301, 120, 332
-0.99118, 433, 297, 496, 328
-0.991186, 433, 145, 496, 176
-0.991201, 337, 85, 400, 116
-0.991203, 177, 301, 240, 332
-0.991222, 9, 169, 72, 200
-0.991223, 345, 105, 408, 136
-0.99123, 97, 145, 128, 272
-0.991257, 57, 9, 120, 40
-0.991306, 457, 33, 488, 160
-0.991309, 225, 265, 256, 328
-0.991313, 33, 65, 96, 96
-0.991328, 193, 221, 256, 252
-0.991336, 57, 81, 88, 208
-0.991346, 425, 133, 488, 164
-0.991358, 437, 117, 468, 148
-0.991367, 433, 169, 496, 200
-0.991399, 417, 253, 480, 284
-0.991417, 393, 285, 456, 316
-0.991424, 469, 257, 500, 320
-0.991437, 409, 297, 472, 328
-0.991438, 377, 57, 440, 88
-0.99144, 97, 137, 160, 168
-0.991442, 453, 177, 484, 208
-0.991445, 81, 1, 144, 32
-0.991446, 329, 17, 360, 80
-0.99147, 161, 93, 224, 124
-0.991471, 345, 241, 376, 368
-0.991494, 313, 193, 376, 320
-0.991512, 25, 25, 88, 56
-0.991517, 433, 221, 496, 252
-0.991518, 257, 113, 500, 176
-0.991526, 361, 45, 424, 76
-0.991544, 9, 189, 72, 220
-0.991559, 129, 273, 192, 304
-0.991564, 41, 293, 72, 324
-0.991572, 385, 1, 448, 32
-0.991599, 41, 41, 104, 72
-0.991601, 225, 305, 288, 336
-0.991613, 257, 137, 500, 200
-0.991619, 417, 113, 448, 144
-0.991626, 257, 81, 500, 144
-0.991638, 1, 345, 64, 375
-0.991644, 113, 1, 240, 64
-0.991648, 121, 137, 184, 168
-0.99165, 377, 265, 440, 296
-0.99166, 129, 109, 192, 140
-0.991683, 369, 293, 432, 324
-0.991685, 101, 33, 132, 160
-0.991693, 401, 189, 464, 220
-0.9917, 113, 93, 176, 124
-0.991707, 325, 241, 356, 368
-0.991714, 433, 181, 496, 212
-0.991725, 385, 93, 416, 124
-0.991728, 417, 177, 448, 304
-0.991729, 345, 217, 408, 248
-0.991752, 369, 193, 432, 224
-0.991773, 345, 133, 408, 164
-0.991775, 17, 233, 80, 264
-0.991781, 193, 25, 448, 88
-0.991815, 33, 189, 96, 220
-0.991818, 297, 241, 328, 368
-0.99185, 153, 137, 216, 168
-0.991867, 49, 77, 112, 108
-0.991873, 329, 281, 392, 312
-0.991893, 401, 177, 464, 208
-0.991901, 273, 89, 336, 120
-0.991913, 225, 281, 288, 312
-0.991946, 273, 145, 400, 208
-0.991949, 193, 9, 320, 72
-0.991963, 105, 1, 168, 32
-0.991963, 9, 1, 72, 32
-0.991977, 217, 225, 280, 256
-0.991977, 17, 261, 80, 292
-0.991977, 353, 281, 416, 312
-0.992008, 1, 225, 256, 288
-0.992028, 73, 301, 104, 332
-0.99203, 257, 281, 320, 312
-0.992054, 401, 101, 432, 132
-0.992073, 17, 245, 80, 276
-0.992091, 369, 25, 496, 88
-0.992096, 85, 129, 116, 256
-0.992138, 97, 37, 160, 68
-0.992147, 81, 117, 144, 148
-0.992151, 257, 305, 320, 336
-0.992159, 361, 205, 424, 236
-0.992168, 321, 225, 448, 288
-0.992174, 33, 309, 96, 340
-0.992175, 49, 165, 112, 196
-0.99218, 177, 177, 304, 304
-0.992186, 21, 1, 52, 128
-0.992191, 9, 13, 72, 44
-0.992193, 425, 9, 488, 40
-0.992206, 33, 89, 96, 120
-0.992228, 217, 93, 280, 124
-0.992228, 61, 297, 92, 328
-0.992235, 417, 205, 448, 236
-0.99224, 33, 153, 96, 184
-0.992259, 65, 37, 128, 68
-0.99228, 185, 85, 248, 116
-0.992284, 29, 301, 60, 332
-0.9923, 145, 121, 208, 152
-0.9923, 121, 149, 184, 180
-0.992303, 361, 233, 424, 264
-0.992317, 17, 285, 48, 316
-0.992326, 461, 285, 492, 316
-0.992331, 49, 21, 112, 52
-0.992348, 289, 281, 352, 312
-0.992374, 9, 321, 72, 352
-0.992396, 145, 309, 208, 340
-0.992411, 169, 221, 232, 252
-0.99242, 393, 13, 456, 44
-0.992432, 369, 177, 400, 304
-0.992433, 145, 25, 272, 88
-0.992434, 113, 285, 176, 316
-0.992454, 461, 209, 492, 240
-0.992457, 437, 129, 468, 160
-0.992468, 81, 49, 144, 80
-0.992481, 57, 225, 88, 352
-0.992492, 53, 129, 84, 256
-0.992554, 345, 137, 376, 168
-0.992571, 445, 193, 476, 224
-0.99259, 225, 65, 352, 128
-0.992607, 37, 13, 68, 44
-0.992622, 257, 241, 500, 304
-0.99263, 453, 149, 484, 180
-0.992661, 449, 237, 480, 268
-0.992669, 17, 309, 48, 340
-0.992688, 457, 97, 488, 128
-0.992714, 121, 121, 152, 152
-0.992734, 1, 217, 500, 280
-0.992788, 33, 25, 64, 56
-0.992793, 1, 41, 500, 104
-0.99281, 369, 305, 496, 368
-0.992868, 397, 85, 428, 116
-0.99287, 353, 101, 384, 132
-0.992884, 177, 297, 208, 328
-0.992888, 37, 185, 68, 216
-0.992896, 433, 201, 464, 232
-0.992912, 1, 129, 256, 192
-0.99292, 325, 293, 356, 324
-0.992944, 177, 241, 208, 368
-0.992946, 1, 1, 256, 64
-0.99296, 461, 197, 492, 228
-0.992963, 417, 125, 448, 156
-0.992981, 437, 81, 468, 112
-0.992984, 433, 241, 464, 272
-0.992986, 413, 225, 444, 256
-0.993004, 373, 85, 404, 116
-0.993005, 289, 293, 320, 324
-0.993009, 193, 41, 320, 104
-0.993023, 417, 69, 448, 100
-0.993038, 1, 177, 256, 240
-0.993048, 381, 117, 412, 148
-0.993055, 437, 161, 468, 192
-0.993061, 165, 297, 196, 328
-0.993062, 457, 137, 488, 168
-0.993072, 449, 121, 480, 152
-0.993072, 469, 105, 500, 136
-0.99308, 53, 21, 84, 52
-0.993087, 213, 285, 244, 316
-0.99309, 153, 297, 184, 328
-0.993108, 53, 9, 84, 40
-0.993112, 393, 125, 424, 156
-0.993124, 41, 173, 72, 204
-0.993131, 445, 293, 476, 324
-0.993146, 433, 101, 464, 132
-0.993147, 465, 177, 496, 208
-0.993149, 137, 101, 168, 132
-0.993157, 257, 209, 500, 272
-0.993159, 1, 153, 500, 216
-0.993161, 337, 85, 368, 116
-0.993167, 257, 121, 384, 184
-0.993184, 133, 129, 164, 160
-0.993184, 469, 225, 500, 256
-0.993189, 369, 285, 400, 316
-0.993199, 365, 105, 396, 136
-0.993203, 13, 197, 44, 228
-0.993208, 401, 213, 432, 244
-0.99321, 345, 293, 376, 324
-0.993219, 157, 117, 188, 148
-0.99322, 113, 105, 144, 136
-0.993223, 413, 101, 444, 132
-0.993225, 1, 265, 256, 328
-0.993246, 189, 297, 220, 328
-0.993255, 301, 293, 332, 324
-0.993255, 469, 297, 500, 328
-0.993257, 365, 37, 396, 68
-0.99326, 333, 97, 364, 128
-0.993265, 29, 289, 60, 320
-0.993268, 381, 45, 412, 76
-0.993294, 449, 281, 480, 312
-0.993302, 457, 161, 488, 192
-0.993307, 29, 169, 60, 200
-0.993314, 401, 225, 432, 256
-0.99332, 361, 297, 392, 328
-0.993329, 397, 53, 428, 84
-0.993358, 109, 145, 140, 272
-0.993386, 13, 213, 44, 244
-0.993388, 385, 81, 416, 112
-0.993392, 45, 53, 76, 84
-0.993402, 161, 145, 288, 208
-0.993407, 225, 277, 256, 308
-0.993419, 77, 217, 108, 248
-0.993421, 233, 293, 264, 324
-0.993421, 333, 137, 364, 168
-0.993422, 385, 225, 416, 256
-0.993442, 317, 93, 348, 124
-0.993442, 437, 229, 468, 260
-0.993453, 449, 261, 480, 292
-0.993462, 17, 273, 48, 304
-0.993462, 441, 181, 472, 212
-0.993463, 433, 293, 464, 324
-0.993466, 245, 293, 276, 324
-0.993469, 85, 305, 116, 336
-0.993475, 25, 237, 56, 268
-0.993485, 57, 309, 88, 340
-0.993487, 33, 1, 64, 32
-0.993497, 449, 109, 480, 140
-0.993498, 213, 221, 244, 252
-0.993502, 109, 117, 140, 148
-0.993504, 33, 209, 64, 240
-0.993511, 269, 293, 300, 324
-0.993511, 257, 293, 288, 324
-0.993529, 313, 293, 344, 324
-0.993541, 33, 73, 64, 104
-0.993551, 201, 221, 232, 252
-0.993551, 121, 133, 152, 164
-0.993557, 225, 221, 256, 252
-0.993563, 457, 297, 488, 328
-0.993564, 9, 225, 40, 256
-0.993567, 405, 113, 436, 144
-0.993569, 357, 129, 388, 160
-0.993569, 389, 1, 420, 32
-0.993578, 429, 217, 460, 248
-0.993587, 469, 237, 500, 268
-0.993592, 425, 273, 456, 304
-0.993601, 241, 249, 368, 312
-0.993604, 425, 229, 456, 260
-0.99361, 357, 285, 388, 316
-0.99361, 317, 25, 348, 56
-0.993618, 217, 297, 248, 328
-0.993637, 405, 129, 436, 160
-0.99364, 45, 37, 76, 68
-0.993651, 369, 273, 400, 304
-0.993656, 97, 1, 128, 32
-0.993657, 173, 285, 204, 316
-0.993664, 5, 273, 36, 304
-0.993674, 1, 129, 500, 192
-0.993676, 201, 289, 232, 320
-0.993682, 449, 85, 480, 116
-0.993683, 45, 309, 76, 340
-0.993698, 137, 117, 168, 148
-0.9937, 53, 173, 84, 204
-0.993713, 69, 129, 100, 256
-0.993796, 369, 97, 496, 128
-0.99383, 249, 129, 312, 256
-0.993859, 393, 161, 424, 288
-0.994028, 369, 1, 400, 256
-0.994043, 1, 105, 500, 168
-0.994046, 357, 193, 388, 320
-0.994068, 1, 309, 128, 340
-0.994082, 97, 113, 352, 176
-0.994083, 41, 1, 56, 64
-0.994106, 97, 57, 224, 120
-0.994107, 1, 289, 256, 352
-0.99414, 369, 125, 496, 156
-0.994143, 419, 97, 434, 160
-0.994158, 53, 289, 68, 352
-0.994209, 193, 129, 256, 256
-0.994242, 161, 281, 416, 344
-0.994249, 69, 225, 100, 352
-0.994288, 97, 1, 352, 64
-0.99432, 257, 273, 500, 336
-0.994322, 435, 113, 450, 176
-0.994363, 65, 193, 192, 256
-0.994373, 403, 89, 418, 152
-0.994375, 209, 137, 336, 200
-0.994406, 225, 193, 288, 320
-0.994441, 129, 241, 160, 368
-0.994443, 449, 113, 464, 176
-0.99445, 61, 289, 76, 352
-0.994453, 425, 105, 440, 168
-0.994493, 77, 65, 108, 192
-0.994509, 395, 97, 410, 160
-0.994528, 369, 85, 496, 116
-0.994549, 369, 285, 496, 316
-0.994563, 1, 153, 256, 216
-0.994563, 17, 193, 48, 320
-0.994575, 345, 1, 376, 256
-0.994584, 257, 57, 500, 120
-0.994617, 165, 225, 196, 352
-0.99466, 457, 145, 472, 208
-0.994685, 17, 221, 144, 252
-0.994693, 27, 281, 42, 344
-0.994698, 39, 289, 54, 352
-0.994719, 67, 289, 82, 352
-0.994738, 97, 217, 352, 280
-0.99474, 405, 1, 436, 256
-0.99474, 33, 49, 288, 112
-0.994757, 425, 65, 440, 128
-0.994757, 241, 293, 368, 324
-0.994809, 443, 193, 458, 256
-0.994812, 1, 289, 500, 352
-0.99482, 1, 73, 256, 136
-0.994828, 437, 73, 452, 136
-0.99483, 305, 89, 432, 120
-0.99483, 289, 293, 416, 324
-0.994832, 451, 89, 466, 152
-0.994846, 289, 29, 416, 60
-0.994854, 337, 113, 464, 144
-0.994867, 1, 1, 500, 64
-0.994867, 385, 89, 400, 152
-0.994868, 33, 25, 288, 88
-0.994873, 423, 201, 438, 264
-0.994902, 265, 193, 328, 320
-0.994921, 369, 273, 496, 304
-0.994932, 321, 305, 448, 368
-0.99498, 1, 313, 256, 375
-0.994994, 445, 81, 460, 144
-0.995016, 257, 297, 500, 360
-0.995021, 257, 161, 500, 224
-0.995023, 369, 221, 496, 252
-0.995027, 257, 185, 500, 248
-0.995031, 459, 89, 474, 152
-0.995032, 411, 105, 426, 168
-0.995117, 193, 113, 320, 176
-0.995126, 17, 13, 144, 44
-0.995151, 411, 57, 426, 120
-0.99516, 385, 33, 416, 288
-0.995171, 37, 185, 52, 248
-0.995194, 131, 113, 146, 176
-0.995202, 1, 201, 256, 264
-0.99521, 73, 177, 104, 304
-0.995213, 97, 137, 352, 200
-0.995222, 429, 201, 444, 264
-0.995245, 201, 177, 264, 304
-0.99525, 21, 265, 36, 328
-0.995251, 321, 1, 352, 256
-0.995265, 21, 305, 36, 368
-0.995276, 113, 169, 240, 232
-0.995323, 161, 293, 288, 324
-0.995334, 33, 281, 48, 344
-0.995337, 1, 185, 500, 248
-0.995352, 449, 185, 464, 248
-0.995353, 451, 241, 466, 304
-0.99537, 129, 257, 384, 320
-0.995376, 401, 49, 416, 112
-0.995387, 425, 65, 456, 320
-0.995389, 437, 201, 452, 264
-0.995418, 471, 97, 486, 160
-0.995418, 93, 81, 124, 208
-0.99543, 1, 241, 500, 304
-0.995432, 357, 1, 388, 256
-0.995442, 169, 193, 232, 320
-0.995456, 417, 201, 432, 264
-0.995464, 161, 209, 288, 272
-0.995474, 321, 101, 448, 132
-0.995501, 363, 97, 378, 160
-0.995506, 483, 105, 498, 168
-0.995523, 17, 185, 144, 216
-0.995539, 35, 1, 50, 64
-0.995541, 455, 169, 470, 232
-0.995566, 273, 177, 400, 240
-0.995583, 473, 185, 488, 248
-0.995627, 53, 1, 68, 64
-0.995631, 257, 1, 500, 64
-0.995665, 409, 81, 424, 144
-0.995721, 1, 81, 500, 144
-0.995731, 373, 105, 388, 168
-0.995743, 379, 89, 394, 152
-0.995746, 1, 97, 256, 160
-0.995751, 17, 1, 144, 32
-0.995752, 337, 297, 464, 328
-0.995758, 443, 121, 458, 184
-0.995761, 369, 257, 496, 288
-0.995775, 129, 65, 384, 128
-0.995779, 447, 153, 462, 216
-0.995784, 357, 97, 372, 160
-0.995788, 293, 1, 324, 256
-0.995789, 1, 233, 128, 264
-0.995793, 17, 25, 144, 56
-0.995815, 1, 209, 128, 240
-0.995821, 391, 73, 406, 136
-0.99583, 37, 25, 52, 88
-0.995909, 419, 57, 434, 120
-0.995914, 241, 93, 368, 124
-0.995916, 97, 297, 224, 360
-0.995916, 29, 257, 44, 320
-0.995923, 225, 129, 288, 256
-0.995924, 369, 237, 496, 268
-0.995932, 353, 137, 480, 168
-0.995934, 137, 113, 152, 176
-0.99594, 375, 273, 390, 336
-0.995944, 81, 225, 112, 352
-0.995952, 73, 289, 88, 352
-0.996, 475, 281, 490, 344
-0.996009, 467, 193, 482, 256
-0.996028, 65, 289, 192, 320
-0.996032, 465, 89, 480, 152
-0.996044, 383, 33, 398, 96
-0.996076, 417, 129, 432, 192
-0.996082, 469, 33, 500, 160
-0.996107, 119, 105, 134, 168
-0.996112, 127, 89, 142, 152
-0.996116, 483, 177, 498, 240
-0.996128, 129, 305, 384, 368
-0.996141, 305, 1, 336, 256
-0.996144, 333, 1, 364, 256
-0.996145, 289, 177, 352, 304
-0.996166, 33, 161, 160, 192
-0.996168, 369, 197, 496, 228
-0.996169, 97, 121, 224, 152
-0.996174, 427, 129, 442, 192
-0.996178, 193, 249, 320, 312
-0.996195, 453, 65, 484, 320
-0.996199, 321, 209, 448, 240
-0.996204, 369, 209, 496, 240
-0.996211, 49, 25, 64, 88
-0.996234, 457, 121, 472, 184
-0.996235, 17, 297, 144, 328
-0.996241, 469, 281, 484, 344
-0.996247, 321, 229, 448, 260
-0.996271, 47, 289, 62, 352
-0.996272, 209, 281, 336, 312
-0.996289, 117, 1, 148, 256
-0.996293, 351, 97, 366, 160
-0.996296, 273, 105, 400, 136
-0.996297, 33, 209, 48, 272
-0.996302, 133, 97, 164, 352
-0.996304, 369, 161, 496, 192
-0.996309, 49, 37, 176, 68
-0.996319, 457, 233, 472, 296
-0.996326, 477, 97, 492, 160
-0.996329, 477, 161, 492, 224
-0.996333, 125, 113, 140, 176
-0.996336, 39, 161, 54, 224
-0.996337, 405, 121, 420, 184
-0.996346, 431, 73, 446, 136
-0.996349, 481, 281, 496, 344
-0.996361, 313, 129, 344, 256
-0.996369, 369, 73, 496, 104
-0.996379, 337, 185, 464, 216
-0.996383, 33, 173, 160, 204
-0.996387, 289, 281, 416, 312
-0.996404, 381, 257, 396, 320
-0.996414, 1, 265, 500, 328
-0.996419, 129, 273, 256, 304
-0.996423, 141, 1, 172, 256
-0.996446, 65, 301, 192, 332
-0.996451, 43, 265, 58, 328
-0.996455, 393, 41, 408, 104
-0.996457, 177, 225, 304, 256
-0.996458, 209, 305, 336, 336
-0.996465, 47, 1, 62, 64
-0.99647, 321, 125, 448, 156
-0.996482, 65, 1, 192, 32
-0.996498, 471, 161, 486, 224
-0.9965, 457, 257, 472, 320
-0.996501, 33, 129, 64, 375
-0.996504, 117, 97, 148, 352
-0.996505, 397, 97, 428, 352
-0.996518, 411, 129, 426, 192
-0.996518, 443, 233, 458, 296
-0.996539, 273, 137, 400, 168
-0.996539, 27, 209, 42, 272
-0.996544, 463, 113, 478, 176
-0.996554, 177, 1, 208, 256
-0.996566, 413, 97, 444, 352
-0.996574, 65, 221, 192, 252
-0.996575, 143, 97, 158, 160
-0.996576, 437, 1, 468, 256
-0.996588, 1, 245, 128, 276
-0.9966, 289, 41, 416, 72
-0.996602, 17, 149, 144, 180
-0.996604, 173, 97, 188, 160
-0.996604, 73, 1, 88, 64
-0.996604, 45, 177, 76, 304
-0.996605, 79, 289, 94, 352
-0.996605, 41, 1, 72, 256
-0.996607, 281, 1, 312, 256
-0.996638, 257, 305, 384, 336
-0.996643, 17, 53, 144, 84
-0.996647, 17, 77, 144, 108
-0.996648, 17, 93, 144, 124
-0.99666, 1, 269, 128, 300
-0.996668, 437, 225, 452, 288
-0.996669, 353, 21, 480, 52
-0.996673, 1, 197, 128, 228
-0.996674, 145, 89, 272, 120
-0.996678, 399, 121, 414, 184
-0.996691, 345, 89, 360, 152
-0.996692, 257, 225, 384, 288
-0.996701, 387, 113, 402, 176
-0.996708, 113, 301, 240, 332
-0.99671, 87, 289, 102, 352
-0.996714, 33, 145, 48, 208
-0.996718, 441, 129, 472, 375
-0.996723, 97, 85, 224, 116
-0.996724, 319, 281, 334, 344
-0.996727, 365, 97, 396, 352
-0.996728, 397, 73, 412, 136
-0.996738, 463, 281, 478, 344
-0.996739, 149, 121, 164, 184
-0.99675, 129, 193, 384, 256
-0.996762, 111, 113, 126, 176
-0.996771, 81, 1, 96, 64
-0.996792, 113, 193, 240, 256
-0.996792, 33, 137, 160, 168
-0.996803, 91, 1, 106, 64
-0.996815, 135, 209, 150, 272
-0.996824, 47, 161, 62, 224
-0.996825, 361, 25, 376, 88
-0.996826, 143, 129, 158, 192
-0.996835, 473, 257, 488, 320
-0.996855, 57, 65, 72, 128
-0.996868, 461, 185, 476, 248
-0.996872, 373, 33, 388, 96
-0.996889, 273, 201, 400, 264
-0.996893, 473, 217, 488, 280
-0.996897, 47, 73, 62, 136
-0.996897, 97, 109, 224, 140
-0.996908, 147, 209, 162, 272
-0.996916, 17, 65, 144, 96
-0.996917, 97, 161, 352, 224
-0.996925, 129, 1, 160, 256
-0.996927, 41, 225, 72, 352
-0.996927, 15, 313, 30, 375
-0.996933, 105, 97, 136, 352
-0.99694, 313, 281, 328, 344
-0.996953, 419, 225, 434, 288
-0.996955, 369, 273, 384, 336
-0.996963, 357, 129, 372, 192
-0.99697, 121, 161, 152, 288
-0.996973, 339, 89, 354, 152
-0.996974, 257, 313, 384, 375
-0.996976, 17, 121, 144, 152
-0.996978, 145, 73, 160, 136
-0.996988, 333, 89, 348, 152
-0.996992, 449, 281, 464, 344
-0.997001, 67, 41, 82, 104
-0.997002, 353, 173, 480, 204
-0.997008, 385, 185, 400, 248
-0.997027, 175, 129, 190, 192
-0.997031, 369, 33, 496, 64
-0.997041, 321, 57, 448, 88
-0.997044, 183, 89, 198, 152
-0.997052, 39, 57, 54, 120
-0.997055, 31, 25, 46, 88
-0.997072, 397, 85, 412, 116
-0.99708, 1, 329, 128, 360
-0.99708, 193, 89, 320, 120
-0.997146, 153, 1, 184, 256
-0.99718, 1, 37, 128, 68
-0.997182, 369, 1, 496, 32
-0.997199, 451, 117, 466, 148
-0.997202, 161, 305, 288, 336
-0.997208, 1, 341, 128, 372
-0.997213, 145, 97, 176, 352
-0.997219, 353, 149, 480, 180
-0.997224, 225, 141, 352, 172
-0.997242, 113, 221, 240, 252
-0.997246, 1, 257, 128, 288
-0.997246, 1, 285, 128, 316
-0.997251, 17, 105, 144, 136
-0.997254, 165, 1, 196, 256
-0.997261, 225, 9, 352, 40
-0.99727, 81, 157, 208, 188
-0.997274, 65, 13, 192, 44
-0.997275, 305, 269, 432, 300
-0.997277, 161, 97, 192, 352
-0.997305, 431, 113, 446, 144
-0.997346, 105, 1, 136, 256
-0.997347, 97, 141, 224, 172
-0.99735, 49, 277, 176, 308
-0.997359, 391, 89, 406, 120
-0.997364, 145, 49, 272, 80
-0.997368, 97, 41, 224, 72
-0.997375, 465, 1, 496, 256
-0.997391, 225, 221, 352, 252
-0.997391, 249, 1, 280, 256
-0.997395, 189, 1, 220, 256
-0.997396, 321, 197, 448, 228
-0.997401, 269, 1, 300, 256
-0.997417, 51, 293, 66, 324
-0.997435, 321, 1, 448, 32
-0.997435, 455, 181, 470, 212
-0.997459, 437, 117, 452, 148
-0.997466, 225, 41, 352, 72
-0.997472, 161, 101, 288, 132
-0.997477, 145, 113, 272, 144
-0.997485, 81, 97, 208, 128
-0.997514, 85, 301, 100, 332
-0.997545, 443, 121, 458, 152
-0.997571, 65, 209, 192, 240
-0.997573, 113, 289, 240, 320
-0.997582, 289, 77, 416, 108
-0.997586, 423, 205, 438, 236
-0.997617, 79, 301, 94, 332
-0.997626, 475, 289, 490, 320
-0.997627, 81, 173, 208, 204
-0.997639, 413, 213, 428, 244
-0.997643, 257, 265, 384, 296
-0.997656, 71, 297, 86, 328
-0.997664, 273, 217, 400, 248
-0.997664, 385, 85, 400, 116
-0.997674, 415, 101, 430, 132
-0.997704, 209, 269, 336, 300
-0.997718, 41, 297, 56, 328
-0.997728, 125, 117, 140, 148
-0.997731, 305, 149, 432, 180
-0.997732, 221, 1, 252, 256
-0.997733, 37, 13, 52, 44
-0.997739, 469, 97, 500, 352
-0.99774, 353, 129, 384, 375
-0.997747, 447, 161, 462, 192
-0.997771, 241, 25, 368, 56
-0.997774, 425, 109, 440, 140
-0.997779, 65, 53, 192, 84
-0.997822, 237, 1, 268, 256
-0.997829, 65, 297, 80, 328
-0.997846, 439, 201, 454, 232
-0.997851, 409, 97, 424, 128
-0.997855, 33, 285, 48, 316
-0.997864, 257, 125, 384, 156
-0.997865, 145, 141, 272, 172
-0.997868, 481, 289, 496, 320
-0.997879, 467, 193, 482, 224
-0.997886, 337, 45, 464, 76
-0.997889, 475, 201, 490, 232
-0.997892, 469, 285, 484, 316
-0.997895, 209, 1, 240, 256
-0.997903, 465, 177, 480, 208
-0.997908, 355, 133, 370, 164
-0.997909, 53, 1, 84, 256
-0.997916, 91, 301, 106, 332
-0.997926, 119, 121, 134, 152
-0.99793, 431, 125, 446, 156
-0.997931, 303, 293, 318, 324
-0.997937, 459, 145, 474, 176
-0.997939, 305, 17, 432, 48
-0.997939, 449, 185, 464, 216
-0.997951, 113, 69, 240, 100
-0.997953, 241, 81, 368, 112
-0.997965, 145, 157, 272, 188
-0.997984, 21, 309, 36, 340
-0.997991, 161, 37, 288, 68
-0.997995, 47, 25, 62, 56
-0.997996, 53, 173, 68, 204
-0.998, 305, 257, 432, 288
-0.998002, 479, 221, 494, 252
-0.998012, 429, 205, 444, 236
-0.998019, 433, 241, 496, 256
-0.998024, 131, 125, 146, 156
-0.998027, 183, 297, 198, 328
-0.998028, 113, 5, 240, 36
-0.998032, 273, 161, 400, 192
-0.998041, 119, 109, 134, 140
-0.998043, 59, 297, 74, 328
-0.998048, 421, 97, 436, 128
-0.998049, 403, 89, 418, 120
-0.99805, 131, 113, 146, 144
-0.998054, 457, 157, 472, 188
-0.998055, 393, 117, 456, 132
-0.998058, 423, 69, 438, 100
-0.998061, 43, 173, 58, 204
-0.998068, 177, 257, 304, 288
-0.998074, 129, 261, 256, 292
-0.998077, 417, 225, 432, 256
-0.998078, 189, 297, 204, 328
-0.998083, 345, 85, 360, 116
-0.998091, 457, 229, 472, 260
-0.998095, 473, 101, 488, 132
-0.998097, 447, 241, 462, 272
-0.998098, 467, 97, 482, 128
-0.998101, 175, 297, 190, 328
-0.998102, 39, 189, 54, 220
-0.998102, 459, 193, 474, 224
-0.998104, 333, 293, 348, 324
-0.998106, 481, 197, 496, 228
-0.998111, 455, 89, 470, 120
-0.998112, 429, 73, 444, 104
-0.998118, 381, 129, 412, 375
-0.99812, 65, 73, 192, 104
-0.99812, 477, 169, 492, 200
-0.998122, 455, 169, 470, 200
-0.998124, 441, 241, 456, 272
-0.998126, 169, 297, 184, 328
-0.998129, 361, 293, 376, 324
-0.998132, 93, 209, 124, 336
-0.998132, 339, 293, 354, 324
-0.998142, 35, 301, 50, 332
-0.998145, 351, 293, 366, 324
-0.998146, 49, 299, 112, 314
-0.998148, 453, 293, 468, 324
-0.99815, 463, 293, 478, 324
-0.998153, 193, 153, 320, 184
-0.998154, 373, 281, 388, 312
-0.998155, 29, 33, 60, 288
-0.998159, 155, 141, 170, 172
-0.99817, 25, 223, 88, 238
-0.998176, 405, 129, 420, 160
-0.998176, 297, 293, 312, 324
-0.998179, 447, 229, 462, 260
-0.998179, 377, 105, 440, 120
-0.99818, 433, 235, 496, 250
-0.998182, 195, 297, 210, 328
-0.998186, 349, 133, 364, 164
-0.998187, 139, 121, 154, 152
-0.998191, 129, 101, 144, 132
-0.998191, 447, 85, 462, 116
-0.998192, 473, 229, 488, 260
-0.998196, 79, 217, 94, 248
-0.998197, 423, 225, 438, 256
-0.998197, 37, 29, 52, 60
-0.998201, 451, 149, 466, 180
-0.998201, 57, 129, 88, 375
-0.998203, 353, 93, 416, 108
-0.998206, 409, 125, 472, 140
-0.99821, 17, 129, 48, 375
-0.998211, 449, 253, 464, 284
-0.998217, 163, 297, 178, 328
-0.998218, 417, 61, 432, 92
-0.998218, 55, 17, 70, 48
-0.998219, 125, 129, 140, 160
-0.998226, 21, 273, 36, 304
-0.998226, 433, 195, 496, 210
-0.998226, 399, 125, 414, 156
-0.998227, 357, 101, 372, 132
-0.998228, 439, 81, 454, 112
-0.99823, 391, 121, 406, 152
-0.99823, 449, 197, 464, 228
-0.998231, 479, 105, 494, 136
-0.998244, 445, 293, 460, 324
-0.998246, 257, 253, 384, 284
-0.998247, 409, 133, 472, 148
-0.998248, 145, 129, 272, 160
-0.998251, 177, 97, 208, 352
-0.998254, 361, 99, 424, 114
-0.998258, 351, 97, 366, 128
-0.998259, 113, 209, 240, 240
-0.998259, 33, 13, 96, 28
-0.99826, 399, 53, 414, 84
-0.998262, 47, 305, 62, 336
-0.998264, 113, 117, 128, 148
-0.998265, 461, 133, 476, 164
-0.998265, 313, 29, 376, 44
-0.998266, 321, 245, 448, 276
-0.998275, 441, 229, 456, 260
-0.998277, 345, 293, 360, 324
-0.998282, 309, 293, 324, 324
-0.998283, 353, 299, 416, 314
-0.998284, 485, 109, 500, 140
-0.998286, 461, 109, 476, 140
-0.998287, 65, 1, 96, 256
-0.99829, 485, 229, 500, 260
-0.998291, 225, 221, 240, 252
-0.998292, 379, 105, 394, 136
-0.998293, 387, 45, 402, 76
-0.998293, 407, 225, 422, 256
-0.998294, 43, 9, 58, 40
-0.998294, 29, 229, 44, 260
-0.998297, 263, 293, 278, 324
-0.998301, 157, 297, 172, 328
-0.998303, 397, 225, 412, 256
-0.998304, 219, 285, 234, 316
-0.998306, 337, 97, 368, 352
-0.998308, 481, 181, 496, 212
-0.998314, 461, 205, 476, 236
-0.998315, 327, 293, 342, 324
-0.998315, 465, 229, 480, 260
-0.998316, 377, 87, 440, 102
-0.99832, 363, 97, 378, 128
-0.998327, 385, 111, 448, 126
-0.99833, 65, 25, 192, 56
-0.998342, 369, 57, 496, 88
-0.998342, 401, 85, 464, 100
-0.998348, 193, 25, 320, 56
-0.99837, 17, 305, 80, 320
-0.998375, 289, 177, 416, 208
-0.998402, 433, 295, 496, 310
-0.998406, 313, 137, 376, 152
-0.998411, 93, 97, 124, 352
-0.998411, 425, 99, 488, 114
-0.998417, 145, 299, 208, 314
-0.998424, 173, 129, 204, 256
-0.998438, 433, 123, 496, 138
-0.998456, 401, 211, 464, 226
-0.998457, 409, 205, 472, 220
-0.998465, 185, 301, 248, 316
-0.998465, 409, 231, 472, 246
-0.998469, 225, 297, 288, 312
-0.998475, 89, 307, 120, 322
-0.998476, 461, 121, 492, 136
-0.998476, 381, 109, 412, 124
-0.998476, 333, 91, 364, 106
-0.998476, 393, 297, 424, 312
-0.998477, 453, 115, 484, 130
-0.998477, 365, 293, 396, 308
-0.998478, 13, 203, 44, 218
-0.998478, 57, 55, 88, 70
-0.998478, 185, 225, 216, 240
-0.998478, 285, 297, 316, 312
-0.998478, 393, 215, 424, 230
-0.998479, 433, 85, 464, 100
-0.998479, 409, 231, 440, 246
-0.99848, 445, 295, 476, 310
-0.998481, 25, 303, 56, 318
-0.998482, 373, 43, 404, 58
-0.998484, 333, 97, 364, 112
-0.998484, 213, 227, 244, 242
-0.998485, 381, 49, 412, 64
-0.998486, 145, 79, 176, 94
-0.998486, 173, 225, 204, 240
-0.998487, 101, 223, 132, 238
-0.998487, 421, 101, 452, 116
-0.998488, 353, 141, 384, 156
-0.99849, 433, 297, 464, 312
-0.99849, 373, 87, 404, 102
-0.998492, 37, 77, 68, 92
-0.998492, 137, 137, 168, 152
-0.998493, 253, 227, 284, 242
-0.998493, 409, 67, 440, 82
-0.998494, 465, 293, 496, 308
-0.998494, 385, 123, 416, 138
-0.998494, 241, 227, 272, 242
-0.998495, 37, 293, 68, 308
-0.998496, 441, 271, 472, 286
-0.998497, 425, 243, 456, 258
-0.998498, 37, 299, 68, 314
-0.998499, 21, 149, 52, 164
-0.9985, 337, 229, 368, 244
-0.998501, 353, 33, 384, 48
-0.998501, 229, 297, 260, 312
-0.998502, 41, 183, 72, 198
-0.998502, 421, 107, 452, 122
-0.998502, 345, 297, 376, 312
-0.998502, 329, 139, 360, 154
-0.998503, 389, 55, 420, 70
-0.998503, 409, 103, 440, 118
-0.998503, 153, 299, 184, 314
-0.998503, 65, 301, 96, 316
-0.998504, 437, 167, 468, 182
-0.998504, 401, 85, 432, 100
-0.998505, 417, 127, 448, 142
-0.998506, 457, 139, 488, 154
-0.998506, 373, 115, 404, 130
-0.998507, 453, 263, 484, 278
-0.998508, 17, 311, 80, 326
-0.998508, 433, 163, 496, 178
-0.998509, 469, 287, 500, 302
-0.998509, 117, 131, 148, 146
-0.998509, 373, 103, 404, 118
-0.998509, 449, 121, 480, 136
-0.99851, 453, 167, 484, 182
-0.998512, 421, 121, 452, 136
-0.998514, 213, 301, 244, 316
-0.998514, 121, 139, 184, 154
-0.998515, 365, 37, 396, 52
-0.998516, 189, 301, 220, 316
-0.998517, 433, 105, 496, 120
-0.998517, 33, 25, 64, 40
-0.998518, 113, 117, 144, 132
-0.998521, 225, 227, 256, 242
-0.998521, 409, 225, 472, 240
-0.998522, 469, 163, 500, 178
-0.998524, 457, 131, 488, 146
-0.998524, 125, 137, 156, 152
-0.998524, 445, 91, 476, 106
-0.998524, 385, 123, 448, 138
-0.998525, 313, 143, 376, 158
-0.998526, 317, 139, 348, 154
-0.998527, 433, 129, 496, 144
-0.998527, 465, 105, 496, 120
-0.998529, 425, 133, 456, 148
-0.998529, 225, 161, 352, 224
-0.99853, 433, 235, 464, 250
-0.998531, 453, 173, 484, 188
-0.998531, 65, 11, 96, 26
-0.998533, 453, 151, 484, 166
-0.998533, 437, 135, 468, 150
-0.998534, 461, 241, 492, 256
-0.998536, 429, 113, 460, 128
-0.998536, 57, 11, 120, 26
-0.998538, 425, 79, 456, 94
-0.998538, 381, 299, 412, 314
-0.998539, 417, 73, 448, 88
-0.99854, 457, 99, 488, 114
-0.998541, 297, 93, 360, 108
-0.998542, 457, 207, 488, 222
-0.998542, 37, 39, 68, 54
-0.998544, 345, 101, 376, 116
-0.998545, 361, 299, 392, 314
-0.998545, 33, 33, 64, 48
-0.998546, 377, 93, 408, 108
-0.998546, 457, 145, 488, 160
-0.998546, 121, 123, 152, 138
-0.998548, 29, 221, 60, 236
-0.99855, 361, 109, 392, 124
-0.998551, 37, 173, 68, 188
-0.998551, 421, 231, 452, 246
-0.998554, 53, 11, 84, 26
-0.998555, 449, 187, 480, 202
-0.998555, 281, 293, 344, 308
-0.998556, 465, 181, 496, 196
-0.998556, 457, 197, 488, 212
-0.998557, 369, 221, 432, 236
-0.998559, 417, 117, 480, 132
-0.99856, 329, 297, 392, 312
-0.99856, 429, 203, 460, 218
-0.998562, 105, 117, 168, 132
-0.998562, 397, 129, 428, 144
-0.998562, 289, 139, 352, 154
-0.998566, 433, 201, 496, 216
-0.998568, 25, 299, 88, 314
-0.998569, 445, 161, 476, 176
-0.998573, 21, 287, 52, 302
-0.998575, 41, 9, 72, 24
-0.998579, 21, 309, 52, 324
-0.998583, 413, 209, 444, 224
-0.998584, 377, 299, 440, 314
-0.998587, 417, 115, 448, 130
-0.998588, 457, 235, 488, 250
-0.998588, 401, 91, 432, 106
-0.998589, 77, 305, 108, 320
-0.99859, 209, 227, 272, 242
-0.998592, 445, 199, 476, 214
-0.998596, 41, 15, 72, 30
-0.998597, 469, 201, 500, 216
-0.9986, 445, 193, 476, 208
-0.998603, 49, 305, 112, 320
-0.998605, 169, 225, 232, 240
-0.998608, 405, 109, 436, 124
-0.99861, 45, 129, 76, 375
-0.998614, 409, 165, 472, 180
-0.998616, 409, 111, 472, 126
-0.998617, 341, 137, 372, 152
-0.998617, 469, 235, 500, 250
-0.99862, 37, 305, 68, 320
-0.99862, 441, 241, 472, 256
-0.998622, 337, 87, 400, 102
-0.998627, 441, 129, 472, 144
-0.99863, 337, 137, 400, 152
-0.998632, 393, 79, 456, 94
-0.998633, 445, 235, 476, 250
-0.998634, 397, 103, 428, 118
-0.998638, 49, 295, 80, 310
-0.998641, 453, 181, 484, 196
-0.998642, 385, 87, 416, 102
-0.998643, 81, 129, 112, 375
-0.998643, 313, 99, 376, 114
-0.998649, 409, 91, 472, 106
-0.998661, 41, 179, 104, 194
-0.998663, 313, 231, 376, 246
-0.998664, 417, 271, 480, 286
-0.998666, 417, 263, 480, 278
-0.998668, 409, 297, 472, 312
-0.998677, 233, 227, 296, 242
-0.998678, 385, 97, 448, 112
-0.998683, 129, 119, 192, 134
-0.998689, 105, 123, 168, 138
-0.998694, 389, 97, 420, 112
-0.998697, 41, 311, 104, 326
-0.998699, 41, 55, 104, 70
-0.998699, 433, 179, 496, 194
-0.9987, 105, 225, 168, 240
-0.998704, 257, 297, 320, 312
-0.998705, 409, 143, 472, 158
-0.998707, 385, 129, 448, 144
-0.998713, 353, 227, 416, 242
-0.998714, 49, 223, 112, 238
-0.998715, 401, 105, 464, 120
-0.998718, 447, 65, 462, 192
-0.998719, 437, 119, 468, 134
-0.998723, 337, 103, 400, 118
-0.998724, 189, 97, 220, 352
-0.998724, 265, 229, 328, 244
-0.998729, 33, 185, 96, 200
-0.998734, 25, 229, 88, 244
-0.998734, 433, 221, 496, 236
-0.998735, 393, 245, 456, 260
-0.998735, 433, 287, 496, 302
-0.998736, 1, 351, 64, 366
-0.998741, 361, 127, 424, 142
-0.998742, 409, 217, 472, 232
-0.998742, 437, 65, 452, 192
-0.998743, 9, 317, 72, 332
-0.998746, 377, 271, 440, 286
-0.998747, 9, 293, 72, 308
-0.998747, 401, 191, 464, 206
-0.998749, 33, 5, 96, 20
-0.998749, 161, 169, 288, 232
-0.99875, 113, 145, 176, 160
-0.998752, 9, 173, 72, 188
-0.998755, 49, 37, 112, 52
-0.998757, 33, 157, 96, 172
-0.99876, 121, 131, 184, 146
-0.99876, 403, 49, 418, 176
-0.998761, 433, 211, 496, 226
-0.998765, 41, 49, 104, 64
-0.998765, 289, 229, 352, 244
-0.998766, 385, 235, 448, 250
-0.998767, 9, 287, 72, 302
-0.998768, 25, 217, 88, 232
-0.998768, 25, 19, 88, 34
-0.998771, 433, 157, 496, 172
-0.998771, 369, 213, 432, 228
-0.998771, 431, 65, 446, 192
-0.998776, 177, 93, 240, 108
-0.998777, 425, 281, 488, 296
-0.998781, 33, 293, 96, 308
-0.998784, 433, 185, 496, 200
-0.998789, 387, 33, 402, 160
-0.998791, 305, 293, 368, 308
-0.998795, 129, 125, 192, 140
-0.998797, 41, 67, 104, 82
-0.998801, 401, 185, 464, 200
-0.998802, 153, 121, 216, 136
-0.998803, 433, 303, 496, 318
-0.998804, 1, 313, 500, 375
-0.99881, 361, 121, 424, 136
-0.99881, 65, 217, 128, 232
-0.998811, 395, 33, 410, 160
-0.998814, 1, 217, 64, 232
-0.998814, 409, 303, 472, 318
-0.998816, 25, 209, 88, 224
-0.998821, 361, 133, 424, 148
-0.998823, 89, 129, 152, 144
-0.998823, 401, 253, 464, 268
-0.998824, 41, 61, 104, 76
-0.998826, 377, 69, 440, 84
-0.998829, 41, 43, 104, 58
-0.99883, 25, 237, 88, 252
-0.998837, 17, 261, 80, 276
-0.998839, 361, 59, 424, 74
-0.998839, 337, 113, 400, 128
-0.99885, 85, 1, 116, 256
-0.998865, 69, 129, 100, 375
-0.998865, 415, 49, 430, 176
-0.998867, 209, 97, 240, 352
-0.998869, 321, 129, 352, 375
-0.998893, 23, 241, 38, 368
-0.998911, 421, 49, 436, 176
-0.998919, 457, 113, 472, 240
-0.998922, 357, 81, 372, 208
-0.998924, 483, 193, 498, 320
-0.998926, 45, 1, 60, 128
-0.998933, 409, 65, 424, 192
-0.998938, 289, 97, 320, 352
-0.99894, 29, 209, 44, 336
-0.998958, 301, 97, 332, 352
-0.998959, 381, 49, 396, 176
-0.998973, 465, 209, 480, 336
-0.998978, 445, 177, 460, 304
-0.998983, 445, 113, 460, 240
-0.998995, 405, 1, 420, 128
-0.999, 347, 65, 362, 192
-0.999003, 451, 145, 466, 272
-0.999004, 209, 217, 336, 280
-0.999005, 375, 17, 390, 144
-0.999018, 473, 193, 488, 320
-0.999024, 453, 65, 468, 192
-0.999043, 395, 97, 410, 224
-0.999044, 35, 145, 50, 272
-0.999046, 463, 81, 478, 208
-0.999049, 363, 81, 378, 208
-0.999051, 455, 209, 470, 336
-0.999065, 261, 97, 292, 352
-0.999068, 477, 241, 492, 368
-0.99907, 483, 241, 498, 368
-0.999073, 349, 17, 364, 144
-0.999075, 51, 1, 66, 128
-0.999078, 383, 241, 398, 368
-0.999084, 423, 113, 438, 240
-0.999087, 403, 113, 418, 240
-0.999092, 5, 129, 36, 375
-0.999107, 361, 17, 376, 144
-0.99911, 355, 17, 370, 144
-0.999116, 37, 1, 52, 128
-0.999117, 135, 81, 150, 208
-0.999119, 447, 241, 462, 368
-0.999126, 473, 81, 488, 208
-0.999127, 375, 81, 390, 208
-0.999133, 119, 97, 134, 224
-0.999133, 213, 33, 228, 160
-0.999135, 141, 113, 156, 240
-0.999142, 277, 97, 308, 352
-0.999143, 61, 1, 76, 128
-0.999144, 369, 97, 384, 224
-0.999145, 223, 33, 238, 160
-0.999148, 225, 97, 256, 352
-0.999151, 325, 81, 340, 208
-0.999152, 149, 81, 164, 208
-0.999157, 341, 17, 356, 144
-0.999161, 369, 17, 384, 144
-0.999163, 471, 241, 486, 368
-0.999166, 153, 129, 168, 256
-0.999171, 481, 97, 496, 224
-0.999171, 163, 81, 178, 208
-0.999176, 435, 113, 450, 240
-0.999176, 439, 193, 454, 320
-0.999177, 203, 33, 218, 160
-0.999179, 35, 193, 50, 320
-0.999183, 429, 113, 444, 240
-0.999186, 331, 81, 346, 208
-0.999186, 125, 97, 140, 224
-0.999197, 439, 17, 454, 144
-0.999199, 409, 113, 424, 240
-0.999207, 245, 97, 276, 352
-0.99921, 229, 33, 244, 160
-0.999214, 461, 161, 476, 288
-0.999217, 319, 81, 334, 208
-0.999219, 311, 81, 326, 208
-0.999219, 235, 33, 250, 160
-0.999222, 339, 81, 354, 208
-0.999225, 197, 33, 212, 160
-0.999226, 191, 33, 206, 160
-0.999226, 373, 241, 388, 368
-0.999231, 389, 241, 404, 368
-0.999233, 127, 17, 142, 144
-0.999241, 335, 17, 350, 144
-0.999242, 305, 33, 320, 160
-0.999246, 23, 145, 38, 272
-0.999253, 185, 33, 200, 160
-0.999254, 113, 97, 128, 224
-0.999256, 329, 17, 344, 144
-0.99926, 67, 1, 82, 128
-0.99926, 229, 241, 244, 368
-0.999266, 205, 81, 220, 208
-0.999266, 389, 97, 404, 224
-0.999269, 167, 33, 182, 160
-0.99927, 241, 33, 256, 160
-0.999274, 315, 17, 330, 144
-0.999277, 421, 225, 436, 352
-0.999277, 417, 113, 432, 240
-0.999281, 219, 81, 234, 208
-0.999284, 155, 33, 170, 160
-0.999286, 431, 17, 446, 144
-0.999286, 147, 129, 162, 256
-0.999287, 299, 33, 314, 160
-0.999288, 41, 145, 56, 272
-0.99929, 193, 81, 208, 208
-0.999292, 293, 33, 308, 160
-0.999292, 183, 81, 198, 208
-0.999292, 237, 241, 252, 368
-0.999293, 481, 145, 496, 272
-0.999293, 429, 209, 444, 336
-0.999293, 305, 81, 320, 208
-0.999293, 445, 17, 460, 144
-0.999295, 47, 129, 62, 256
-0.999298, 249, 33, 264, 160
-0.999306, 137, 33, 152, 160
-0.999307, 179, 33, 194, 160
-0.999309, 275, 241, 290, 368
-0.999309, 243, 241, 258, 368
-0.99931, 397, 241, 412, 368
-0.999314, 283, 33, 298, 160
-0.999314, 159, 129, 174, 256
-0.999317, 299, 81, 314, 208
-0.999319, 313, 241, 328, 368
-0.999321, 17, 33, 48, 288
-0.999322, 467, 161, 482, 288
-0.999323, 29, 129, 44, 256
-0.999324, 17, 241, 32, 368
-0.999324, 177, 81, 192, 208
-0.999324, 257, 241, 272, 368
-0.999325, 133, 129, 148, 256
-0.999326, 51, 49, 66, 176
-0.999327, 423, 1, 438, 128
-0.99933, 403, 241, 418, 368
-0.99933, 435, 241, 450, 368
-0.999331, 267, 241, 282, 368
-0.999335, 173, 33, 188, 160
-0.999532, 53, 181, 68, 196
-0.999536, 463, 241, 478, 256
-0.999539, 441, 129, 456, 144
-0.999539, 173, 121, 188, 136
-0.999543, 459, 155, 474, 170
-0.999545, 393, 121, 408, 136
-0.99955, 347, 135, 362, 150
-0.999553, 375, 39, 390, 54
-0.999554, 337, 139, 352, 154
-0.999554, 229, 227, 244, 242
-0.999558, 255, 227, 270, 242
-0.999562, 421, 231, 436, 246
-0.999566, 21, 281, 36, 296
-0.999566, 33, 9, 48, 24
-0.999568, 51, 175, 66, 190
-0.999571, 411, 95, 426, 110
-0.999571, 77, 301, 92, 316
-0.999574, 159, 143, 174, 158
-0.999575, 381, 299, 396, 314
-0.999576, 325, 137, 340, 152
-0.999578, 461, 115, 476, 130
-0.999578, 459, 191, 474, 206
-0.999579, 381, 115, 396, 130
-0.999581, 63, 11, 78, 26
-0.999581, 427, 231, 442, 246
-0.999583, 417, 99, 432, 114
-0.999585, 405, 57, 420, 72
-0.999586, 421, 69, 436, 84
-0.999591, 347, 229, 362, 244
-0.999591, 453, 241, 468, 256
-0.999592, 119, 129, 134, 144
-0.999594, 43, 293, 58, 308
-0.999596, 443, 83, 458, 98
-0.999602, 471, 101, 486, 116
-0.999608, 431, 75, 446, 90
-0.999609, 479, 241, 494, 256
-0.999616, 37, 27, 52, 42
-0.999619, 431, 119, 446, 134
-0.999621, 399, 53, 414, 68
-0.999625, 53, 17, 68, 32
-0.999627, 475, 195, 490, 210
-0.999627, 485, 111, 500, 126
-0.999629, 383, 43, 398, 58
-0.99963, 393, 49, 408, 64
-0.999632, 433, 235, 448, 250
-0.999634, 437, 79, 452, 94
-0.999636, 441, 201, 456, 216
-0.999636, 453, 89, 468, 104
-0.999637, 475, 287, 490, 302
-0.999638, 485, 241, 500, 256
-0.999639, 459, 93, 474, 108
-0.999639, 367, 107, 382, 122
-0.999643, 23, 311, 38, 326
-0.999646, 435, 125, 450, 140
-0.999651, 473, 241, 488, 256
-0.999652, 399, 125, 414, 140
-0.999654, 43, 35, 58, 50
-0.999654, 373, 109, 388, 124
-0.999655, 439, 235, 454, 250
-0.999658, 125, 119, 140, 134
-0.999658, 447, 197, 462, 212
-0.999659, 117, 97, 132, 112
-0.999661, 113, 117, 128, 132
-0.999662, 359, 137, 374, 152
-0.999665, 413, 63, 428, 78
-0.999674, 359, 103, 374, 118
-0.999674, 461, 141, 476, 156
-0.999686, 131, 119, 146, 134
-0.999687, 363, 299, 378, 314
-0.99969, 123, 135, 138, 150
-0.99969, 449, 167, 464, 182
-0.999692, 459, 147, 474, 162
-0.999693, 473, 205, 488, 220
-0.999695, 419, 111, 434, 126
-0.999697, 469, 235, 484, 250
-0.999698, 53, 11, 68, 26
-0.999698, 33, 287, 48, 302
-0.9997, 123, 113, 138, 128
-0.999706, 459, 173, 474, 188
-0.999714, 465, 97, 480, 112
-0.999714, 435, 205, 450, 220
-0.999715, 135, 137, 150, 152
-0.999717, 425, 207, 440, 222
-0.99972, 447, 161, 462, 176
-0.99972, 485, 295, 500, 310
-0.999729, 467, 199, 482, 214
-0.999731, 437, 241, 452, 256
-0.999733, 387, 93, 402, 108
-0.999734, 455, 161, 470, 176
-0.99974, 481, 199, 496, 214
-0.999758, 457, 179, 472, 194
-0.999759, 425, 115, 440, 130
-0.999767, 49, 37, 64, 52
-0.999783, 393, 95, 408, 110
-0.999783, 85, 305, 100, 320
-0.999794, 451, 235, 466, 250
-0.999798, 443, 123, 458, 138
-0.999803, 463, 235, 478, 250
-0.999803, 37, 33, 52, 48
-0.999804, 43, 299, 58, 314
-0.999806, 49, 303, 64, 318
-0.999807, 405, 129, 420, 144
-0.99981, 465, 177, 480, 192
-0.999811, 45, 9, 60, 24
-0.999811, 331, 139, 346, 154
-0.999811, 451, 191, 466, 206
-0.999814, 475, 235, 490, 250
-0.999822, 39, 305, 54, 320
-0.999845, 457, 235, 472, 250
-0.999847, 447, 241, 462, 256
-0.999861, 353, 137, 368, 152
-0.999877, 127, 125, 142, 140
-0.999883, 53, 295, 68, 310
-0.999891, 425, 109, 440, 124
-0.999892, 403, 91, 418, 106
-0.999952, 387, 87, 402, 102
-0.999957, 419, 105, 434, 120
-0.99996, 417, 211, 432, 226
-0.999976, 131, 131, 146, 146
-0.99998, 455, 185, 470, 200
-0.999982, 481, 235, 496, 250
-0.999998, 405, 97, 420, 112
-0.999999, 409, 103, 424, 118
-1.00001, 91, 305, 106, 320
-1.00002, 445, 235, 460, 250
-1.00005, 431, 113, 446, 128
-1.00007, 399, 97, 414, 112
-1.0001, 451, 119, 466, 134
-1.00012, 437, 117, 452, 132
-1.00029, 225, 185, 352, 248
-1.0003, 393, 87, 408, 102
-1.00059, 65, 249, 192, 312
-1.00128, 1, 1, 32, 256
