1957
-0.235309, 1, 1, 500, 375
-0.39749, 1, 65, 500, 320
-0.451228, 193, 1, 448, 375
-0.559696, 97, 1, 352, 375
-0.576665, 1, 1, 256, 375
-0.578812, 225, 1, 480, 256
-0.614104, 65, 97, 320, 352
-0.692562, 257, 97, 500, 352
-0.74301, 161, 97, 416, 352
-0.743846, 1, 1, 256, 256
-0.776671, 129, 1, 384, 256
-0.854373, 1, 1, 128, 375
-0.85677, 1, 81, 500, 208
-0.869376, 1, 33, 500, 160
-0.869859, 225, 1, 352, 375
-0.871819, 1, 209, 500, 336
-0.874389, 97, 97, 224, 352
-0.875068, 353, 1, 480, 375
-0.875638, 17, 33, 144, 288
-0.87626, 49, 1, 176, 375
-0.876366, 161, 97, 288, 352
-0.88332, 177, 1, 304, 375
-0.885664, 241, 1, 368, 256
-0.887765, 305, 1, 432, 375
-0.890899, 369, 97, 496, 352
-0.891618, 337, 1, 464, 256
-0.895453, 33, 129, 160, 375
-0.897771, 97, 1, 224, 375
-0.899453, 225, 129, 352, 375
-0.908538, 305, 129, 432, 375
-0.908592, 1, 161, 500, 288
-0.909171, 225, 33, 480, 160
-0.913274, 289, 1, 416, 256
-0.919361, 65, 97, 320, 224
-0.920279, 65, 1, 192, 256
-0.923466, 113, 1, 240, 256
-0.926033, 33, 145, 288, 272
-0.926608, 129, 209, 384, 336
-0.930784, 33, 209, 288, 336
-0.9327, 193, 1, 320, 256
-0.934424, 193, 161, 448, 288
-0.940566, 225, 209, 480, 336
-0.940629, 225, 177, 288, 304
-0.940783, 273, 1, 400, 128
-0.944102, 257, 193, 384, 320
-0.944773, 129, 113, 256, 240
-0.945317, 33, 65, 160, 192
-0.946893, 353, 97, 480, 224
-0.94757, 265, 193, 328, 320
-0.947612, 81, 97, 208, 224
-0.947894, 97, 81, 160, 208
-0.94831, 257, 81, 500, 208
-0.948743, 41, 209, 104, 336
-0.948839, 433, 145, 496, 272
-0.949856, 17, 225, 144, 352
-0.951773, 209, 193, 336, 320
-0.952206, 401, 193, 464, 320
-0.952871, 161, 177, 288, 304
-0.953297, 73, 145, 136, 272
-0.953648, 161, 81, 416, 208
-0.954217, 1, 49, 256, 176
-0.954582, 273, 1, 336, 128
-0.954602, 353, 1, 416, 128
-0.954678, 73, 65, 136, 192
-0.954688, 137, 97, 200, 224
-0.954772, 369, 193, 496, 320
-0.955775, 25, 33, 88, 160
-0.956136, 49, 161, 176, 288
-0.956746, 9, 177, 72, 304
-0.956999, 305, 225, 432, 352
-0.957671, 241, 225, 304, 352
-0.958017, 225, 33, 352, 160
-0.958035, 425, 193, 488, 320
-0.958207, 65, 193, 128, 320
-0.958465, 249, 33, 312, 160
-0.958555, 41, 161, 104, 288
-0.958783, 1, 17, 64, 144
-0.958904, 393, 65, 456, 192
-0.959524, 209, 81, 336, 208
-0.959627, 185, 161, 248, 288
-0.960026, 49, 113, 112, 240
-0.960057, 1, 225, 64, 352
-0.960536, 289, 145, 352, 272
-0.960547, 1, 161, 128, 288
-0.960773, 65, 1, 320, 128
-0.961208, 129, 225, 256, 352
-0.961259, 49, 49, 112, 176
-0.96157, 321, 33, 448, 160
-0.961603, 225, 65, 288, 192
-0.962065, 1, 17, 128, 144
-0.962129, 417, 97, 480, 224
-0.962402, 161, 177, 224, 304
-0.962518, 289, 209, 352, 336
-0.962544, 201, 113, 264, 240
-0.962792, 201, 209, 264, 336
-0.963296, 65, 241, 192, 368
-0.963409, 313, 177, 376, 304
-0.963959, 89, 241, 152, 368
-0.964165, 241, 129, 368, 256
-0.964591, 321, 225, 384, 352
-0.965324, 369, 49, 432, 176
-0.965533, 241, 193, 304, 256
-0.965649, 249, 217, 312, 280
-0.966052, 49, 241, 112, 304
-0.96649, 1, 225, 64, 288
-0.966629, 185, 193, 248, 256
-0.966969, 89, 129, 152, 192
-0.966972, 65, 241, 128, 368
-0.967197, 217, 193, 280, 256
-0.967447, 1, 129, 64, 256
-0.967819, 17, 113, 144, 240
-0.968366, 241, 217, 368, 280
-0.968611, 225, 217, 288, 280
-0.968696, 417, 129, 480, 192
-0.968721, 65, 121, 128, 184
-0.968754, 425, 209, 488, 272
-0.968866, 137, 105, 200, 168
-0.968979, 169, 113, 232, 240
-0.969038, 89, 249, 152, 312
-0.969501, 281, 225, 344, 288
-0.969609, 177, 129, 304, 256
-0.969817, 249, 241, 312, 304
-0.970056, 305, 177, 432, 304
-0.970284, 265, 25, 328, 88
-0.970381, 177, 241, 304, 368
-0.970387, 217, 169, 280, 232
-0.970416, 41, 145, 104, 208
-0.970524, 361, 33, 424, 96
-0.970551, 433, 185, 496, 248
-0.970641, 153, 225, 216, 288
-0.970648, 241, 241, 368, 368
-0.970665, 401, 209, 464, 272
-0.970753, 89, 193, 152, 320
-0.970788, 217, 257, 280, 320
-0.970853, 289, 9, 416, 72
-0.9709, 337, 241, 400, 304
-0.971132, 105, 105, 168, 168
-0.971305, 121, 153, 184, 216
-0.971607, 113, 225, 176, 352
-0.971612, 177, 169, 240, 232
-0.971618, 121, 145, 184, 272
-0.971628, 113, 177, 240, 304
-0.971884, 329, 1, 392, 64
-0.971958, 377, 65, 440, 128
-0.971987, 41, 169, 104, 232
-0.972037, 81, 153, 144, 216
-0.972037, 353, 225, 416, 352
-0.972089, 305, 1, 368, 64
-0.972133, 265, 193, 328, 256
-0.972159, 409, 145, 472, 272
-0.972168, 25, 249, 88, 312
-0.972361, 97, 129, 160, 256
-0.972487, 433, 241, 496, 368
-0.972498, 297, 177, 360, 240
-0.972556, 289, 201, 352, 264
-0.972579, 425, 233, 488, 296
-0.972651, 177, 225, 240, 288
-0.97272, 249, 145, 312, 272
-0.972735, 81, 89, 144, 152
-0.972803, 313, 225, 376, 288
-0.9729, 25, 193, 88, 256
-0.973004, 73, 209, 104, 336
-0.973243, 385, 233, 448, 296
-0.973411, 273, 201, 304, 264
-0.973453, 297, 1, 360, 128
-0.973465, 1, 145, 64, 208
-0.973504, 393, 113, 456, 176
-0.973508, 417, 97, 480, 352
-0.973575, 113, 249, 176, 312
-0.973631, 113, 129, 176, 192
-0.973639, 41, 217, 104, 280
-0.973691, 25, 41, 88, 104
-0.973741, 105, 81, 168, 144
-0.973864, 65, 57, 128, 120
-0.973971, 433, 153, 496, 216
-0.974291, 281, 153, 344, 216
-0.974328, 145, 225, 208, 352
-0.974461, 241, 65, 304, 128
-0.974513, 369, 217, 496, 280
-0.974543, 177, 193, 304, 256
-0.974559, 161, 129, 224, 192
-0.974806, 1, 1, 64, 256
-0.974974, 377, 209, 440, 336
-0.975115, 277, 193, 308, 320
-0.975139, 161, 65, 288, 192
-0.975194, 73, 225, 136, 288
-0.975225, 1, 25, 64, 88
-0.975244, 361, 241, 424, 304
-0.975408, 201, 217, 264, 280
-0.975416, 145, 153, 208, 216
-0.97552, 49, 265, 112, 328
-0.9756, 249, 145, 312, 208
-0.975601, 145, 217, 272, 280
-0.975636, 121, 225, 184, 288
-0.97569, 329, 153, 392, 216
-0.975905, 337, 177, 400, 304
-0.97609, 409, 185, 472, 248
-0.9762, 65, 177, 128, 240
-0.97632, 321, 233, 448, 296
-0.976337, 393, 89, 456, 152
-0.97645, 33, 73, 160, 136
-0.976452, 49, 33, 112, 288
-0.976494, 85, 161, 116, 288
-0.976524, 253, 177, 284, 304
-0.976547, 305, 145, 368, 208
-0.976672, 193, 217, 320, 280
-0.976677, 257, 193, 384, 256
-0.976677, 1, 81, 64, 208
-0.976767, 1, 249, 64, 312
-0.976777, 265, 1, 328, 256
-0.976783, 41, 113, 104, 176
-0.976785, 201, 97, 264, 352
-0.976833, 193, 265, 256, 328
-0.976848, 137, 129, 200, 192
-0.976873, 225, 209, 256, 336
-0.976954, 9, 65, 72, 128
-0.97696, 369, 145, 496, 272
-0.977055, 353, 9, 416, 72
-0.977112, 81, 153, 208, 216
-0.977151, 417, 105, 480, 168
-0.977176, 153, 201, 216, 264
-0.977252, 249, 169, 312, 232
-0.97726, 93, 113, 124, 240
-0.977271, 209, 105, 272, 168
-0.977331, 1, 169, 64, 232
-0.977366, 97, 65, 160, 320
-0.977373, 185, 121, 248, 184
-0.977519, 445, 121, 476, 184
-0.977525, 353, 241, 480, 368
-0.977682, 73, 241, 104, 304
-0.977734, 97, 273, 160, 336
-0.977745, 233, 65, 296, 320
-0.977952, 249, 265, 312, 328
-0.977964, 217, 281, 280, 344
-0.977983, 353, 121, 480, 184
-0.978102, 89, 65, 120, 192
-0.978164, 129, 97, 192, 352
-0.97828, 321, 201, 384, 264
-0.978287, 393, 33, 456, 288
-0.978437, 73, 113, 104, 240
-0.978467, 137, 249, 200, 312
-0.978507, 17, 249, 144, 312
-0.978516, 217, 81, 280, 144
-0.978537, 225, 241, 352, 304
-0.978556, 73, 273, 136, 336
-0.978556, 25, 33, 88, 288
-0.978597, 433, 257, 496, 320
-0.978603, 429, 97, 460, 224
-0.978662, 265, 225, 296, 352
-0.978737, 93, 129, 124, 192
-0.978966, 169, 129, 232, 375
-0.978988, 265, 49, 328, 112
-0.978991, 333, 225, 364, 288
-0.979039, 57, 233, 88, 296
-0.979039, 113, 241, 240, 304
-0.979079, 225, 153, 352, 216
-0.979106, 257, 313, 320, 375
-0.979128, 297, 281, 360, 344
-0.979151, 313, 249, 376, 312
-0.979172, 321, 225, 352, 288
-0.979203, 65, 201, 128, 264
-0.979226, 265, 241, 328, 368
-0.979255, 273, 225, 304, 288
-0.97928, 401, 49, 464, 112
-0.979313, 281, 1, 344, 64
-0.97938, 321, 177, 352, 304
-0.979404, 153, 177, 216, 240
-0.979456, 321, 177, 384, 240
-0.979506, 33, 137, 160, 200
-0.979518, 305, 209, 432, 272
-0.979552, 361, 209, 424, 272
-0.979583, 1, 193, 64, 256
-0.979589, 9, 225, 40, 288
-0.979614, 281, 249, 344, 312
-0.979615, 105, 81, 136, 208
-0.979874, 337, 265, 400, 328
-0.979917, 201, 145, 264, 208
-0.97994, 265, 177, 296, 304
-0.979943, 413, 65, 444, 192
-0.979976, 73, 65, 136, 320
-0.979978, 385, 17, 416, 144
-0.980021, 73, 161, 104, 288
-0.980059, 229, 241, 260, 304
-0.980065, 373, 1, 404, 128
-0.980081, 289, 25, 352, 88
-0.980116, 361, 1, 424, 256
-0.980165, 57, 225, 88, 352
-0.980194, 261, 233, 292, 296
-0.980233, 301, 1, 332, 128
-0.980369, 393, 33, 424, 96
-0.980418, 329, 129, 392, 256
-0.980487, 365, 241, 396, 304
-0.980494, 97, 225, 160, 288
-0.980656, 169, 225, 232, 352
-0.980685, 257, 289, 320, 352
-0.980712, 41, 289, 104, 352
-0.980855, 161, 105, 224, 168
-0.980857, 409, 289, 472, 352
-0.980906, 249, 217, 280, 280
-0.980916, 129, 153, 256, 216
-0.980961, 161, 121, 288, 184
-0.98102, 329, 1, 392, 128
-0.981031, 257, 185, 288, 248
-0.981048, 461, 241, 492, 304
-0.981052, 369, 129, 432, 192
-0.981058, 461, 145, 492, 272
-0.981069, 161, 249, 224, 312
-0.981075, 329, 129, 392, 192
-0.981117, 369, 313, 432, 375
-0.981118, 189, 113, 220, 240
-0.981161, 145, 97, 176, 224
-0.981203, 429, 193, 460, 256
-0.981225, 89, 177, 152, 240
-0.981291, 41, 89, 104, 152
-0.981366, 209, 313, 272, 375
-0.981411, 161, 241, 288, 304
-0.981415, 425, 105, 456, 168
-0.981453, 297, 305, 360, 368
-0.981553, 81, 113, 208, 176
-0.981568, 217, 185, 248, 248
-0.981571, 9, 105, 72, 168
-0.981602, 25, 81, 88, 208
-0.981656, 285, 217, 316, 280
-0.981664, 161, 297, 224, 360
-0.981692, 325, 225, 356, 352
-0.981741, 225, 217, 256, 280
-0.981814, 185, 97, 248, 160
-0.981835, 9, 297, 72, 360
-0.981852, 369, 241, 496, 304
-0.981856, 305, 129, 432, 256
-0.981862, 9, 273, 72, 336
-0.981873, 17, 225, 144, 288
-0.981957, 193, 289, 256, 352
-0.981965, 273, 129, 336, 192
-0.982052, 385, 145, 448, 272
-0.982102, 337, 313, 400, 375
-0.982107, 401, 257, 464, 320
-0.982194, 425, 81, 488, 144
-0.982199, 177, 169, 304, 232
-0.982312, 377, 169, 440, 232
-0.982316, 129, 289, 192, 352
-0.982362, 233, 313, 296, 375
-0.982486, 289, 129, 352, 375
-0.982488, 421, 193, 452, 320
-0.982492, 405, 65, 436, 128
-0.982496, 69, 145, 100, 208
-0.982573, 105, 129, 136, 192
-0.982598, 49, 1, 112, 375
-0.982607, 117, 81, 148, 208
-0.982617, 281, 97, 344, 224
-0.982648, 245, 225, 276, 352
-0.982721, 89, 305, 152, 368
-0.982793, 241, 241, 272, 304
-0.982799, 321, 73, 448, 136
-0.982813, 321, 185, 352, 248
-0.982816, 305, 121, 368, 184
-0.982843, 25, 129, 88, 375
-0.982883, 377, 241, 408, 304
-0.982937, 249, 65, 280, 128
-0.982951, 225, 81, 352, 144
-0.982994, 73, 49, 104, 176
-0.983021, 213, 193, 244, 320
-0.983036, 141, 105, 172, 168
-0.983049, 257, 1, 320, 375
-0.983063, 305, 33, 432, 96
-0.983075, 333, 249, 364, 312
-0.98309, 433, 129, 464, 192
-0.983094, 65, 249, 192, 312
-0.983127, 281, 17, 312, 144
-0.98313, 441, 217, 472, 280
-0.98314, 121, 89, 152, 152
-0.983206, 261, 209, 292, 272
-0.983238, 437, 193, 468, 320
-0.983259, 249, 49, 280, 176
-0.983279, 225, 129, 288, 256
-0.983288, 305, 185, 432, 248
-0.983305, 113, 49, 240, 176
-0.983336, 257, 33, 384, 96
-0.983368, 269, 33, 300, 160
-0.983407, 289, 17, 320, 80
-0.983482, 469, 193, 500, 320
-0.983501, 469, 209, 500, 272
-0.983564, 197, 177, 228, 240
-0.983669, 85, 241, 116, 304
-0.983728, 41, 33, 72, 160
-0.983744, 397, 17, 428, 144
-0.983772, 113, 249, 144, 312
-0.983796, 409, 241, 472, 368
-0.983874, 57, 33, 88, 160
-0.984027, 229, 89, 260, 152
-0.984072, 445, 145, 476, 272
-0.984072, 5, 161, 36, 288
-0.984134, 245, 185, 276, 248
-0.984182, 81, 145, 112, 208
-0.98421, 5, 209, 36, 336
-0.984226, 169, 65, 232, 192
-0.984226, 345, 241, 376, 304
-0.984297, 369, 1, 432, 375
-0.984315, 73, 121, 104, 184
-0.984337, 201, 113, 232, 240
-0.984356, 461, 241, 492, 368
-0.984359, 305, 257, 432, 320
-0.984376, 289, 1, 352, 256
-0.984385, 1, 97, 64, 352
-0.984446, 65, 217, 192, 280
-0.984469, 1, 169, 128, 232
-0.984549, 49, 129, 112, 375
-0.984582, 9, 1, 72, 375
-0.984627, 337, 177, 368, 304
-0.984724, 169, 113, 200, 240
-0.984736, 361, 161, 424, 288
-0.984746, 129, 177, 256, 240
-0.984754, 433, 145, 464, 272
-0.984789, 269, 33, 300, 96
-0.984849, 277, 145, 308, 272
-0.984866, 305, 81, 432, 208
-0.984876, 5, 17, 36, 144
-0.984894, 257, 129, 320, 375
-0.984936, 337, 1, 400, 256
-0.984942, 245, 265, 276, 328
-0.984995, 73, 217, 104, 280
-0.984998, 45, 161, 76, 288
-0.98506, 49, 257, 80, 320
-0.985089, 217, 241, 248, 304
-0.985101, 85, 225, 116, 352
-0.985105, 209, 265, 336, 328
-0.985132, 81, 169, 112, 232
-0.985154, 285, 193, 316, 256
-0.985181, 73, 17, 136, 144
-0.985243, 1, 41, 128, 104
-0.985305, 313, 153, 344, 216
-0.985395, 213, 97, 244, 224
-0.985451, 409, 225, 440, 288
-0.985486, 121, 129, 152, 192
-0.985515, 57, 113, 88, 240
-0.98555, 157, 97, 188, 224
-0.985597, 81, 1, 144, 375
-0.985604, 29, 33, 60, 160
-0.985667, 93, 153, 124, 216
-0.985758, 45, 225, 76, 352
-0.985818, 357, 225, 388, 352
-0.985851, 97, 73, 128, 136
-0.985864, 97, 257, 128, 320
-0.985895, 365, 9, 396, 72
-0.985905, 165, 209, 196, 272
-0.985953, 237, 217, 268, 280
-0.985957, 33, 273, 160, 336
-0.986017, 105, 153, 136, 216
-0.98602, 233, 1, 296, 375
-0.986028, 405, 41, 436, 104
-0.986042, 393, 129, 456, 375
-0.986104, 17, 201, 144, 264
-0.98614, 369, 33, 496, 160
-0.986156, 289, 193, 320, 320
-0.986163, 229, 193, 260, 256
-0.98622, 353, 129, 416, 375
-0.986251, 133, 97, 164, 224
-0.986266, 301, 201, 332, 264
-0.986284, 197, 161, 228, 288
-0.986373, 109, 81, 140, 144
-0.986386, 161, 265, 288, 328
-0.9864, 313, 129, 376, 375
-0.986414, 321, 145, 448, 208
-0.986476, 225, 57, 352, 120
-0.986502, 417, 193, 448, 256
-0.986521, 233, 265, 264, 328
-0.986532, 77, 265, 108, 328
-0.986541, 337, 97, 464, 160
-0.986541, 209, 289, 336, 352
-0.986602, 449, 241, 480, 304
-0.986613, 205, 201, 236, 264
-0.986636, 97, 241, 128, 368
-0.986696, 413, 89, 444, 152
-0.986766, 161, 105, 192, 168
-0.986771, 441, 97, 472, 224
-0.986781, 453, 209, 484, 272
-0.986781, 313, 1, 344, 64
-0.986788, 121, 153, 152, 216
-0.986796, 237, 65, 268, 128
-0.986804, 169, 161, 200, 288
-0.986829, 465, 153, 496, 216
-0.986897, 381, 17, 412, 80
-0.986963, 241, 177, 272, 304
-0.986986, 89, 105, 120, 168
-0.987048, 49, 41, 80, 104
-0.987156, 157, 225, 188, 352
-0.987181, 69, 169, 100, 232
-0.987181, 25, 225, 56, 288
-0.987212, 61, 161, 92, 288
-0.987235, 209, 313, 336, 375
-0.98728, 453, 193, 484, 320
-0.987329, 453, 145, 484, 208
-0.987336, 441, 185, 472, 248
-0.98734, 273, 281, 400, 344
-0.98747, 273, 137, 400, 200
-0.987473, 13, 201, 44, 264
-0.987523, 153, 33, 216, 288
-0.987631, 389, 249, 420, 312
-0.987667, 237, 81, 268, 208
-0.987677, 65, 193, 192, 256
-0.987719, 117, 129, 148, 256
-0.987751, 181, 169, 212, 232
-0.98777, 137, 145, 168, 208
-0.987817, 37, 249, 68, 312
-0.987827, 229, 161, 260, 288
-0.987852, 177, 97, 304, 160
-0.987875, 301, 17, 332, 80
-0.987884, 409, 193, 440, 320
-0.987904, 257, 257, 288, 320
-0.987934, 1, 17, 32, 80
-0.987968, 225, 81, 256, 208
-0.988028, 353, 1, 384, 64
-0.988043, 213, 265, 244, 328
-0.988107, 153, 241, 184, 304
-0.988111, 317, 129, 348, 256
-0.988136, 33, 225, 64, 352
-0.988142, 397, 225, 428, 288
-0.988177, 337, 145, 368, 208
-0.988179, 345, 217, 376, 280
-0.988179, 5, 145, 36, 208
-0.988304, 181, 161, 212, 288
-0.98831, 85, 65, 116, 128
-0.988345, 33, 33, 64, 96
-0.988352, 105, 129, 136, 256
-0.988362, 169, 129, 200, 192
-0.98837, 393, 1, 456, 375
-0.988403, 161, 17, 288, 144
-0.988489, 333, 177, 364, 240
-0.988492, 121, 1, 184, 375
-0.98851, 281, 1, 344, 375
-0.988544, 53, 169, 84, 232
-0.988622, 241, 217, 304, 248
-0.988646, 81, 89, 208, 152
-0.988661, 25, 161, 56, 288
-0.988704, 193, 65, 256, 192
-0.988712, 137, 241, 168, 368
-0.988721, 217, 105, 248, 168
-0.988828, 261, 57, 292, 120
-0.988828, 229, 169, 260, 232
-0.988835, 97, 33, 160, 160
-0.988836, 61, 257, 92, 320
-0.988856, 49, 245, 112, 276
-0.9889, 345, 1, 408, 375
-0.988937, 21, 33, 52, 96
-0.989011, 321, 249, 352, 312
-0.989024, 265, 153, 296, 216
-0.98906, 129, 73, 256, 136
-0.989066, 241, 89, 272, 152
-0.989125, 73, 57, 104, 120
-0.989173, 37, 177, 68, 240
-0.989184, 177, 217, 208, 280
-0.989188, 61, 49, 92, 112
-0.989195, 161, 313, 288, 375
-0.989214, 125, 249, 156, 312
-0.989216, 373, 225, 404, 352
-0.989245, 57, 145, 88, 208
-0.989304, 25, 201, 56, 264
-0.989332, 209, 1, 272, 375
-0.989402, 9, 169, 40, 232
-0.989455, 401, 217, 464, 248
-0.98952, 393, 65, 424, 128
-0.989537, 105, 105, 136, 168
-0.989538, 289, 145, 320, 272
-0.989581, 385, 241, 416, 368
-0.989585, 425, 1, 488, 256
-0.989594, 337, 81, 400, 208
-0.989608, 217, 217, 280, 248
-0.989637, 129, 97, 256, 160
-0.989664, 149, 137, 180, 200
-0.989695, 57, 281, 88, 344
-0.989705, 225, 193, 288, 224
-0.989712, 457, 121, 488, 184
-0.989754, 325, 273, 356, 336
-0.98976, 97, 233, 128, 296
-0.989765, 341, 1, 372, 64
-0.989772, 121, 1, 184, 256
-0.989809, 321, 145, 384, 176
-0.98984, 305, 1, 368, 32
-0.989852, 209, 129, 240, 192
-0.989869, 185, 197, 248, 228
-0.989963, 453, 185, 484, 248
-0.990009, 45, 113, 76, 240
-0.990033, 345, 225, 376, 352
-0.990044, 97, 177, 128, 304
-0.990062, 353, 249, 416, 280
-0.990079, 209, 229, 272, 260
-0.990082, 265, 129, 296, 256
-0.990087, 257, 205, 320, 236
-0.990114, 81, 273, 208, 336
-0.990123, 361, 1, 392, 128
-0.990128, 129, 109, 192, 140
-0.990134, 289, 313, 416, 375
-0.99014, 249, 157, 312, 188
-0.990169, 281, 221, 344, 252
-0.990192, 41, 173, 104, 204
-0.990274, 241, 233, 304, 264
-0.990285, 109, 241, 140, 368
-0.990308, 417, 1, 480, 375
-0.990366, 369, 145, 496, 208
-0.990367, 225, 157, 288, 188
-0.990374, 185, 1, 248, 256
-0.99041, 213, 145, 244, 272
-0.990455, 41, 257, 104, 288
-0.990456, 217, 205, 280, 236
-0.990473, 145, 1, 208, 375
-0.990504, 329, 241, 392, 272
-0.990519, 417, 133, 480, 164
-0.990534, 49, 1, 112, 128
-0.990536, 1, 237, 64, 268
-0.990543, 225, 57, 480, 120
-0.99055, 329, 253, 392, 284
-0.990559, 81, 249, 144, 280
-0.990583, 185, 1, 248, 375
-0.990587, 281, 233, 344, 264
-0.990598, 17, 113, 144, 176
-0.990605, 21, 225, 52, 352
-0.990617, 1, 225, 64, 256
-0.990635, 369, 265, 496, 328
-0.990648, 353, 141, 416, 172
-0.990662, 121, 157, 184, 188
-0.99067, 113, 121, 176, 152
-0.990691, 353, 25, 416, 56
-0.990711, 377, 1, 440, 128
-0.990759, 185, 169, 248, 200
-0.990766, 1, 97, 500, 160
-0.990774, 409, 229, 472, 260
-0.990801, 89, 153, 152, 184
-0.990821, 81, 137, 144, 168
-0.990822, 401, 345, 464, 375
-0.990831, 25, 241, 88, 272
-0.990832, 249, 81, 312, 208
-0.990865, 17, 17, 48, 144
-0.990874, 81, 165, 144, 196
-0.990875, 209, 173, 272, 204
-0.990902, 33, 153, 288, 216
-0.99091, 433, 153, 496, 184
-0.990922, 177, 217, 240, 248
-0.990931, 417, 201, 480, 232
-0.990959, 297, 149, 360, 180
-0.990961, 313, 229, 376, 260
-0.990987, 281, 209, 344, 240
-0.990992, 313, 225, 344, 352
-0.991046, 209, 257, 272, 288
-0.991101, 1, 249, 64, 280
-0.991118, 113, 253, 176, 284
-0.991135, 145, 289, 272, 352
-0.991159, 433, 253, 496, 284
-0.99116, 249, 73, 312, 104
-0.991162, 25, 113, 56, 240
-0.991168, 169, 181, 232, 212
-0.99118, 353, 33, 480, 96
-0.991192, 433, 221, 496, 252
-0.991211, 213, 241, 244, 368
-0.991235, 337, 129, 368, 256
-0.99126, 281, 25, 344, 56
-0.991272, 161, 217, 416, 280
-0.991283, 65, 125, 128, 156
-0.991288, 33, 249, 288, 312
-0.991305, 273, 153, 336, 184
-0.991308, 377, 245, 440, 276
-0.99131, 145, 161, 208, 192
-0.991426, 97, 93, 160, 124
-0.991432, 393, 117, 456, 148
-0.991439, 305, 241, 368, 272
-0.991479, 337, 313, 464, 375
-0.991479, 73, 261, 136, 292
-0.991504, 137, 121, 200, 152
-0.991512, 1, 165, 64, 196
-0.991514, 33, 105, 288, 168
-0.99153, 329, 1, 392, 32
-0.991536, 201, 245, 264, 276
-0.991543, 225, 33, 480, 96
-0.991554, 201, 185, 264, 216
-0.991555, 377, 73, 440, 104
-0.991579, 241, 245, 304, 276
-0.991608, 49, 233, 112, 264
-0.991626, 121, 49, 184, 176
-0.991636, 153, 229, 216, 260
-0.991653, 49, 17, 176, 144
-0.991656, 209, 117, 272, 148
-0.991663, 409, 257, 472, 288
-0.991672, 121, 241, 184, 272
-0.991686, 361, 49, 424, 80
-0.991694, 313, 1, 376, 256
-0.991702, 1, 49, 500, 112
-0.991705, 169, 125, 232, 156
-0.991717, 301, 177, 332, 304
-0.99172, 153, 217, 216, 248
-0.991743, 233, 265, 296, 296
-0.991747, 5, 113, 36, 240
-0.99175, 369, 341, 432, 372
-0.991756, 377, 85, 440, 116
-0.99176, 49, 153, 112, 184
-0.991773, 329, 265, 392, 296
-0.99178, 433, 233, 496, 264
-0.99179, 1, 73, 500, 136
-0.991821, 305, 253, 368, 284
-0.991849, 57, 281, 120, 312
-0.991857, 73, 81, 136, 112
-0.99187, 361, 37, 424, 68
-0.991898, 249, 185, 312, 216
-0.991898, 49, 269, 112, 300
-0.991914, 329, 13, 392, 44
-0.991928, 353, 237, 416, 268
-0.991934, 289, 189, 352, 220
-0.991958, 401, 245, 464, 276
-0.99196, 265, 245, 328, 276
-0.991961, 453, 97, 484, 224
-0.991961, 25, 221, 88, 252
-0.991967, 273, 37, 336, 68
-0.991968, 305, 13, 368, 44
-0.991974, 257, 57, 320, 88
-0.991983, 9, 29, 72, 60
-0.991993, 257, 225, 500, 288
-0.991997, 385, 97, 448, 128
-0.992006, 257, 329, 320, 360
-0.992022, 33, 41, 96, 72
-0.992045, 97, 269, 160, 300
-0.992066, 217, 325, 280, 356
-0.99208, 105, 33, 136, 160
-0.992093, 1, 217, 500, 280
-0.992093, 225, 193, 480, 256
-0.99213, 353, 13, 416, 44
-0.992132, 209, 1, 272, 256
-0.992132, 33, 197, 96, 228
-0.992136, 177, 145, 304, 208
-0.992137, 433, 49, 496, 176
-0.992139, 433, 121, 496, 152
-0.992141, 233, 85, 296, 116
-0.992146, 185, 233, 248, 264
-0.99215, 41, 121, 104, 152
-0.992176, 65, 65, 128, 96
-0.992181, 65, 177, 128, 208
-0.992186, 105, 105, 168, 136
-0.992193, 369, 61, 432, 92
-0.992196, 257, 129, 500, 192
-0.992215, 41, 133, 104, 164
-0.992218, 137, 253, 200, 284
-0.992218, 313, 337, 376, 368
-0.992221, 281, 241, 312, 368
-0.992227, 393, 129, 456, 160
-0.99223, 1, 213, 64, 244
-0.992235, 417, 333, 480, 364
-0.992238, 209, 285, 272, 316
-0.992249, 337, 9, 464, 72
-0.992253, 369, 193, 496, 256
-0.992259, 49, 53, 112, 84
-0.992264, 233, 277, 296, 308
-0.992272, 1, 145, 64, 176
-0.992274, 337, 337, 400, 368
-0.992274, 169, 157, 232, 188
-0.992275, 257, 9, 500, 72
-0.992298, 409, 153, 472, 184
-0.992305, 57, 241, 88, 272
-0.992307, 313, 189, 376, 220
-0.992322, 305, 1, 368, 375
-0.992353, 1, 101, 64, 132
-0.992357, 441, 125, 472, 156
-0.992368, 1, 297, 128, 360
-0.992369, 33, 129, 288, 192
-0.992369, 41, 185, 104, 216
-0.992379, 81, 213, 144, 244
-0.99241, 33, 225, 288, 288
-0.992418, 209, 269, 272, 300
-0.992443, 225, 81, 480, 144
-0.992485, 253, 65, 284, 96
-0.992495, 273, 161, 400, 224
-0.992503, 217, 189, 248, 220
-0.992538, 9, 225, 40, 256
-0.992551, 133, 157, 164, 188
-0.992571, 281, 201, 312, 232
-0.992624, 321, 233, 352, 264
-0.99264, 337, 253, 368, 284
-0.992672, 137, 109, 168, 140
-0.992701, 229, 213, 260, 244
-0.992768, 265, 217, 296, 248
-0.992784, 117, 117, 148, 148
-0.992786, 193, 153, 448, 216
-0.9928, 93, 145, 124, 176
-0.992801, 217, 225, 248, 256
-0.99281, 225, 257, 256, 288
-0.992816, 101, 129, 132, 160
-0.99282, 81, 305, 208, 368
-0.992826, 281, 229, 312, 260
-0.992845, 461, 245, 492, 276
-0.992851, 301, 21, 332, 52
-0.992872, 365, 241, 396, 272
-0.992876, 253, 77, 284, 108
-0.992877, 205, 189, 236, 220
-0.99289, 133, 145, 164, 272
-0.992899, 113, 253, 144, 284
-0.9929, 121, 157, 152, 188
-0.992943, 217, 201, 248, 232
-0.992946, 65, 65, 320, 128
-0.992949, 457, 141, 488, 172
-0.99295, 421, 113, 452, 144
-0.992955, 113, 137, 144, 168
-0.992966, 389, 37, 420, 68
-0.992988, 321, 149, 352, 180
-0.99299, 357, 141, 388, 172
-0.992995, 129, 113, 384, 176
-0.993003, 325, 189, 356, 220
-0.993017, 293, 217, 324, 248
-0.993023, 57, 173, 88, 204
-0.993027, 465, 205, 496, 236
-0.993034, 97, 193, 352, 256
-0.993053, 377, 245, 408, 276
-0.99306, 385, 25, 416, 56
-0.99306, 157, 113, 188, 144
-0.993068, 321, 221, 352, 252
-0.993069, 249, 217, 280, 248
-0.993071, 333, 241, 364, 272
-0.993081, 289, 21, 320, 52
-0.993085, 369, 73, 496, 136
-0.993089, 161, 241, 416, 304
-0.993093, 245, 241, 276, 272
-0.993101, 37, 181, 68, 212
-0.993109, 73, 245, 104, 276
-0.993114, 81, 161, 112, 192
-0.993116, 345, 145, 376, 176
-0.993127, 365, 17, 396, 48
-0.993147, 217, 213, 248, 244
-0.993201, 45, 245, 76, 276
-0.993201, 57, 257, 88, 288
-0.993201, 57, 269, 88, 300
-0.993204, 13, 65, 44, 192
-0.993208, 257, 157, 288, 188
-0.993209, 445, 149, 476, 180
-0.993215, 341, 229, 372, 260
-0.993218, 69, 169, 100, 200
-0.993241, 77, 261, 108, 292
-0.993242, 405, 73, 436, 104
-0.993245, 373, 141, 404, 172
-0.993249, 257, 185, 288, 216
-0.993259, 285, 33, 316, 64
-0.993267, 281, 213, 312, 244
-0.993289, 225, 105, 352, 168
-0.993295, 17, 213, 48, 244
-0.993295, 265, 205, 296, 236
-0.993311, 353, 253, 384, 284
-0.993317, 125, 145, 156, 176
-0.99332, 85, 17, 116, 144
-0.993325, 301, 241, 332, 368
-0.993332, 145, 157, 176, 188
-0.993346, 169, 209, 200, 240
-0.993348, 453, 205, 484, 236
-0.99335, 333, 145, 364, 176
-0.993355, 401, 17, 464, 144
-0.993358, 413, 85, 444, 116
-0.99336, 69, 141, 100, 172
-0.99337, 1, 25, 500, 88
-0.993373, 429, 201, 460, 232
-0.993381, 445, 221, 476, 252
-0.993388, 317, 1, 348, 32
-0.993396, 125, 241, 156, 368
-0.993407, 245, 253, 276, 284
-0.99341, 181, 169, 212, 200
-0.993417, 269, 45, 300, 76
-0.993435, 389, 253, 420, 284
-0.993444, 241, 89, 272, 120
-0.993458, 229, 201, 260, 232
-0.993465, 249, 197, 280, 228
-0.993468, 441, 137, 472, 168
-0.993487, 213, 177, 244, 208
-0.993488, 165, 161, 196, 192
-0.993494, 217, 237, 248, 268
-0.993496, 385, 193, 416, 320
-0.993497, 5, 161, 36, 192
-0.993499, 129, 121, 160, 152
-0.993501, 433, 213, 464, 244
-0.993508, 309, 153, 340, 184
-0.993511, 453, 257, 484, 288
-0.993523, 413, 97, 444, 128
-0.993544, 237, 225, 268, 256
-0.993547, 341, 265, 372, 296
-0.99356, 257, 241, 288, 272
-0.99356, 301, 233, 332, 264
-0.993563, 245, 161, 276, 192
-0.993566, 389, 49, 420, 80
-0.993568, 445, 237, 476, 268
-0.993572, 193, 177, 224, 208
-0.993572, 233, 181, 264, 212
-0.993575, 225, 113, 256, 144
-0.993578, 109, 161, 140, 192
-0.993583, 417, 217, 448, 248
-0.993586, 233, 245, 264, 276
-0.99359, 9, 237, 40, 268
-0.993592, 125, 93, 156, 124
-0.993599, 161, 265, 416, 328
-0.993619, 45, 257, 76, 288
-0.993643, 397, 61, 428, 92
-0.993645, 257, 249, 500, 312
-0.993646, 177, 57, 304, 120
-0.993647, 357, 265, 388, 296
-0.993657, 205, 213, 236, 244
-0.993659, 77, 121, 108, 152
-0.993669, 89, 249, 120, 280
-0.993675, 325, 253, 356, 284
-0.993675, 465, 153, 496, 184
-0.993704, 433, 113, 464, 144
-0.993704, 293, 197, 324, 228
-0.993712, 245, 277, 276, 308
-0.993712, 405, 241, 436, 272
-0.993717, 153, 241, 184, 272
-0.993722, 269, 153, 300, 184
-0.993724, 241, 69, 272, 100
-0.993727, 73, 273, 104, 304
-0.993733, 469, 217, 500, 248
-0.993738, 409, 345, 440, 375
-0.993742, 37, 233, 68, 264
-0.993744, 349, 1, 380, 32
-0.993747, 381, 13, 412, 44
-0.993749, 9, 173, 40, 204
-0.993781, 273, 113, 400, 176
-0.993802, 401, 65, 432, 192
-0.993827, 109, 193, 140, 320
-0.993938, 313, 1, 344, 128
-0.994051, 1, 121, 500, 184
-0.994082, 279, 201, 294, 264
-0.994209, 65, 273, 320, 336
-0.994287, 129, 49, 160, 176
-0.994318, 225, 9, 352, 72
-0.994359, 257, 105, 500, 168
-0.994382, 241, 217, 368, 248
-0.994455, 65, 41, 320, 104
-0.994465, 225, 313, 480, 375
-0.994473, 13, 217, 28, 280
-0.994547, 273, 233, 400, 264
-0.994569, 1, 241, 500, 304
-0.994571, 361, 177, 392, 304
-0.994656, 129, 89, 384, 152
-0.994725, 1, 177, 256, 240
-0.994753, 403, 33, 418, 96
-0.994846, 111, 121, 126, 184
-0.99486, 321, 289, 448, 352
-0.994867, 289, 17, 416, 48
-0.994891, 409, 17, 440, 144
-0.994907, 429, 49, 460, 176
-0.994928, 193, 213, 320, 244
-0.994938, 1, 201, 256, 264
-0.994943, 411, 49, 426, 112
-0.99495, 225, 289, 480, 352
-0.99496, 241, 245, 368, 276
-0.994988, 449, 241, 480, 368
-0.995022, 239, 217, 254, 280
-0.995092, 1, 161, 500, 224
-0.995143, 129, 313, 384, 375
-0.995221, 335, 217, 350, 280
-0.995257, 81, 117, 208, 148
-0.995304, 353, 133, 480, 164
-0.995323, 49, 165, 176, 196
-0.995337, 223, 193, 238, 256
-0.995351, 245, 129, 276, 256
-0.995375, 469, 241, 484, 304
-0.995386, 287, 193, 302, 256
-0.995391, 69, 241, 84, 304
-0.995396, 17, 249, 144, 280
-0.995401, 223, 217, 238, 280
-0.99541, 379, 17, 394, 80
-0.995422, 455, 121, 470, 184
-0.995462, 237, 241, 252, 304
-0.995466, 393, 25, 408, 88
-0.995477, 441, 185, 456, 248
-0.995494, 437, 113, 452, 176
-0.995501, 321, 217, 448, 248
-0.995505, 383, 241, 398, 304
-0.995508, 345, 225, 360, 288
-0.995529, 87, 241, 102, 304
-0.995543, 369, 241, 496, 272
-0.995548, 321, 145, 448, 176
-0.995549, 193, 201, 320, 232
-0.995556, 81, 41, 208, 104
-0.995561, 263, 57, 278, 120
-0.995564, 75, 225, 90, 288
-0.995605, 369, 229, 496, 260
-0.995608, 417, 113, 448, 240
-0.995615, 89, 153, 104, 216
-0.99562, 129, 109, 256, 140
-0.995628, 295, 209, 310, 272
-0.995632, 59, 241, 74, 304
-0.995646, 273, 41, 288, 104
-0.99565, 247, 225, 262, 288
-0.995694, 321, 253, 448, 284
-0.995708, 137, 193, 168, 320
-0.995712, 97, 161, 224, 192
-0.995714, 209, 185, 336, 216
-0.995722, 255, 217, 270, 280
-0.995734, 447, 113, 462, 176
-0.995735, 461, 129, 476, 192
-0.995742, 387, 17, 402, 80
-0.995768, 259, 241, 274, 304
-0.99579, 397, 225, 428, 352
-0.995793, 233, 209, 248, 272
-0.995796, 269, 233, 284, 296
-0.995808, 229, 257, 244, 320
-0.995813, 113, 129, 240, 160
-0.995815, 249, 249, 264, 312
-0.995815, 241, 157, 368, 188
-0.995819, 269, 185, 284, 248
-0.995825, 259, 185, 274, 248
-0.995836, 17, 177, 144, 208
-0.99584, 435, 193, 450, 256
-0.995844, 303, 17, 318, 80
-0.995845, 269, 209, 284, 272
-0.99585, 463, 233, 478, 296
-0.995856, 33, 297, 288, 360
-0.995857, 313, 81, 376, 208
-0.995859, 335, 177, 350, 240
-0.995862, 369, 1, 384, 64
-0.995867, 3, 241, 18, 304
-0.995881, 95, 137, 110, 200
-0.995884, 287, 217, 302, 280
-0.995897, 233, 89, 248, 152
-0.99591, 87, 121, 102, 184
-0.995926, 193, 225, 320, 256
-0.995933, 377, 241, 392, 304
-0.995979, 279, 225, 294, 288
-0.996014, 321, 237, 448, 268
-0.996036, 325, 225, 340, 288
-0.996054, 65, 253, 192, 284
-0.996065, 457, 217, 472, 280
-0.996075, 229, 177, 244, 240
-0.996078, 193, 237, 320, 268
-0.99608, 257, 197, 384, 228
-0.99608, 305, 1, 432, 32
-0.99608, 473, 209, 488, 272
-0.996082, 421, 73, 436, 136
-0.996083, 177, 9, 304, 72
-0.996093, 121, 193, 152, 320
-0.996103, 479, 249, 494, 312
-0.996108, 161, 225, 176, 288
-0.996111, 409, 225, 424, 288
-0.996112, 353, 121, 480, 152
-0.996117, 33, 85, 160, 116
-0.996176, 65, 145, 192, 176
-0.996183, 17, 261, 144, 292
-0.996186, 325, 201, 340, 264
-0.99619, 257, 65, 272, 128
-0.996197, 261, 217, 276, 280
-0.996203, 345, 1, 360, 64
-0.996211, 305, 201, 432, 232
-0.99622, 233, 33, 264, 160
-0.996238, 369, 169, 496, 232
-0.996239, 341, 185, 356, 248
-0.99625, 105, 121, 120, 184
-0.996251, 1, 237, 128, 268
-0.996256, 451, 209, 466, 272
-0.996271, 1, 153, 16, 216
-0.996272, 321, 77, 448, 108
-0.996276, 241, 257, 368, 288
-0.996277, 109, 257, 124, 320
-0.996287, 431, 89, 446, 152
-0.996293, 337, 241, 352, 304
-0.996294, 79, 249, 94, 312
-0.996297, 399, 241, 414, 304
-0.996297, 37, 1, 68, 256
-0.996308, 131, 89, 146, 152
-0.996312, 83, 169, 98, 232
-0.996323, 223, 241, 238, 304
-0.996335, 445, 97, 476, 352
-0.996343, 145, 217, 272, 248
-0.996351, 71, 145, 86, 208
-0.996381, 17, 149, 144, 180
-0.996383, 33, 273, 160, 304
-0.996389, 123, 129, 138, 192
-0.996391, 433, 97, 464, 352
-0.996396, 239, 89, 254, 152
-0.996403, 243, 65, 258, 128
-0.996406, 177, 121, 304, 152
-0.996415, 145, 145, 176, 272
-0.996423, 19, 217, 34, 280
-0.996437, 65, 129, 192, 160
-0.996447, 447, 137, 462, 200
-0.996459, 241, 49, 368, 80
-0.996467, 95, 257, 110, 320
-0.996471, 1, 69, 128, 100
-0.99649, 361, 233, 376, 296
-0.99649, 223, 105, 238, 168
-0.996491, 235, 177, 250, 240
-0.996494, 305, 33, 432, 64
-0.996498, 117, 137, 132, 200
-0.9965, 305, 45, 432, 76
-0.996501, 9, 1, 40, 256
-0.996502, 129, 189, 256, 220
-0.996524, 257, 181, 384, 212
-0.99653, 485, 249, 500, 312
-0.996545, 273, 145, 400, 176
-0.996547, 257, 1, 384, 32
-0.996551, 93, 65, 124, 320
-0.996552, 225, 81, 352, 112
-0.996558, 371, 233, 386, 296
-0.996559, 169, 105, 184, 168
-0.996568, 193, 165, 320, 196
-0.996571, 133, 121, 148, 184
-0.996575, 393, 241, 408, 304
-0.996584, 479, 217, 494, 280
-0.996591, 129, 177, 256, 208
-0.996592, 415, 73, 430, 136
-0.996605, 129, 97, 256, 128
-0.996616, 325, 145, 340, 208
-0.996639, 141, 121, 156, 184
-0.996657, 149, 105, 164, 168
-0.996659, 49, 101, 176, 132
-0.996675, 49, 257, 64, 320
-0.996675, 429, 193, 444, 256
-0.996679, 117, 249, 132, 312
-0.996686, 285, 25, 300, 88
-0.996688, 161, 249, 288, 280
-0.996689, 241, 61, 368, 92
-0.996691, 145, 229, 272, 260
-0.996697, 195, 225, 210, 288
-0.996701, 105, 65, 136, 320
-0.996704, 17, 189, 144, 220
-0.996708, 245, 65, 276, 320
-0.996718, 189, 217, 204, 280
-0.996718, 1, 225, 128, 256
-0.996719, 245, 193, 260, 256
-0.996728, 409, 65, 440, 320
-0.996731, 329, 169, 344, 232
-0.996738, 125, 89, 140, 152
-0.996745, 417, 49, 432, 112
-0.996755, 479, 193, 494, 256
-0.996759, 161, 1, 416, 64
-0.996766, 209, 97, 336, 128
-0.996774, 351, 1, 366, 64
-0.99678, 297, 97, 328, 224
-0.99678, 197, 209, 228, 336
-0.996783, 321, 65, 448, 96
-0.996785, 467, 209, 482, 272
-0.996786, 161, 261, 288, 292
-0.996788, 395, 1, 410, 64
-0.996789, 321, 181, 448, 212
-0.996793, 257, 29, 384, 60
-0.996794, 397, 1, 428, 256
-0.996795, 217, 241, 232, 304
-0.996796, 251, 65, 266, 128
-0.996801, 81, 145, 96, 208
-0.996802, 293, 241, 308, 304
-0.996805, 417, 209, 432, 272
-0.996805, 285, 1, 316, 256
-0.99681, 169, 209, 184, 272
-0.996816, 217, 201, 232, 264
-0.996829, 197, 161, 212, 224
-0.996829, 49, 169, 64, 232
-0.99683, 137, 145, 152, 208
-0.996835, 113, 249, 240, 280
-0.996836, 421, 97, 452, 352
-0.996855, 137, 97, 152, 160
-0.996859, 157, 145, 188, 272
-0.996859, 369, 217, 496, 248
-0.996862, 209, 109, 336, 140
-0.996865, 441, 209, 456, 272
-0.99687, 73, 121, 88, 184
-0.996876, 225, 97, 256, 352
-0.996878, 99, 281, 114, 344
-0.996883, 33, 285, 160, 316
-0.99689, 241, 269, 368, 300
-0.996899, 405, 65, 420, 128
-0.996901, 297, 17, 312, 80
-0.996904, 33, 117, 160, 148
-0.996908, 319, 1, 334, 64
-0.996908, 447, 233, 462, 296
-0.996911, 119, 81, 134, 144
-0.996943, 65, 241, 192, 272
-0.996944, 305, 277, 432, 308
-0.996944, 161, 273, 288, 304
-0.996947, 209, 97, 240, 352
-0.996957, 133, 65, 164, 320
-0.996984, 369, 145, 496, 176
-0.997006, 337, 101, 464, 132
-0.997025, 161, 65, 288, 96
-0.997032, 145, 201, 272, 232
-0.99704, 321, 265, 448, 296
-0.997043, 429, 241, 460, 368
-0.997051, 177, 33, 304, 96
-0.997052, 1, 213, 128, 244
-0.997056, 1, 161, 128, 192
-0.99706, 337, 89, 464, 120
-0.997068, 17, 137, 144, 168
-0.997068, 457, 129, 488, 375
-0.997069, 1, 17, 256, 80
-0.997071, 273, 1, 304, 256
-0.997077, 337, 345, 464, 375
-0.99709, 209, 325, 336, 356
-0.997098, 169, 97, 200, 352
-0.997102, 97, 213, 224, 244
-0.997116, 145, 161, 272, 192
-0.997134, 369, 253, 496, 284
-0.997149, 13, 221, 28, 252
-0.997152, 65, 229, 192, 260
-0.997162, 197, 97, 228, 352
-0.997167, 361, 97, 424, 224
-0.997169, 369, 197, 496, 228
-0.997192, 241, 285, 368, 316
-0.997218, 257, 321, 384, 352
-0.997223, 257, 133, 384, 164
-0.997247, 257, 81, 384, 208
-0.997262, 329, 81, 360, 208
-0.997265, 369, 57, 496, 88
-0.997272, 181, 97, 212, 352
-0.997276, 53, 33, 84, 288
-0.997279, 305, 157, 432, 188
-0.997309, 117, 65, 148, 320
-0.997309, 81, 177, 208, 208
-0.997318, 73, 33, 104, 288
-0.997341, 469, 129, 500, 375
-0.997344, 129, 149, 256, 180
-0.997356, 149, 97, 180, 352
-0.997381, 377, 1, 408, 256
-0.997409, 209, 17, 272, 144
-0.99741, 1, 201, 128, 232
-0.997421, 21, 1, 52, 256
-0.997428, 345, 1, 376, 128
-0.997434, 289, 309, 416, 340
-0.997443, 273, 337, 400, 368
-0.997476, 81, 201, 208, 232
-0.997484, 1, 65, 32, 192
-0.997493, 209, 309, 336, 340
-0.997502, 1, 281, 500, 344
-0.997507, 1, 57, 128, 88
-0.997513, 113, 265, 240, 296
-0.997519, 287, 201, 302, 232
-0.997523, 97, 281, 224, 312
-0.997535, 291, 233, 306, 264
-0.997542, 221, 189, 236, 220
-0.997579, 201, 65, 232, 192
-0.997598, 1, 193, 500, 256
-0.997608, 263, 65, 278, 96
-0.997609, 169, 209, 200, 336
-0.997612, 177, 149, 304, 180
-0.997621, 129, 337, 256, 368
-0.997635, 229, 197, 244, 228
-0.997637, 1, 1, 500, 64
-0.997652, 225, 341, 352, 372
-0.997663, 225, 129, 352, 192
-0.997697, 1, 45, 128, 76
-0.997703, 369, 45, 496, 76
-0.997705, 231, 225, 246, 256
-0.997706, 305, 169, 432, 200
-0.997712, 345, 221, 360, 252
-0.997719, 249, 249, 264, 280
-0.997725, 241, 169, 368, 200
-0.99774, 49, 305, 176, 336
-0.997759, 459, 145, 474, 176
-0.997763, 257, 73, 272, 104
-0.997764, 369, 177, 496, 208
-0.997767, 61, 241, 76, 272
-0.997773, 241, 229, 256, 260
-0.997778, 49, 73, 176, 104
-0.99778, 337, 245, 352, 276
-0.997782, 407, 45, 422, 76
-0.997782, 353, 157, 480, 188
-0.997783, 261, 33, 292, 288
-0.997786, 225, 213, 240, 244
-0.997788, 1, 297, 128, 328
-0.997792, 223, 201, 238, 232
-0.997793, 177, 65, 208, 192
-0.9978, 49, 217, 176, 248
-0.997804, 177, 133, 304, 164
-0.997807, 369, 33, 496, 64
-0.99781, 87, 245, 102, 276
-0.99781, 287, 213, 302, 244
-0.99781, 5, 129, 36, 375
-0.997812, 255, 245, 270, 276
-0.99782, 369, 269, 496, 300
-0.997821, 401, 33, 416, 64
-0.997825, 161, 309, 288, 340
-0.997828, 353, 9, 480, 40
-0.997843, 249, 221, 264, 252
-0.997853, 453, 129, 468, 160
-0.997854, 353, 297, 480, 328
-0.997855, 333, 221, 348, 252
-0.997856, 469, 245, 484, 276
-0.997872, 305, 321, 432, 352
-0.997872, 231, 213, 246, 244
-0.99789, 369, 289, 496, 352
-0.997898, 193, 289, 320, 320
-0.9979, 149, 105, 164, 136
-0.997903, 283, 225, 298, 256
-0.997903, 369, 317, 496, 348
-0.997911, 443, 121, 458, 152
-0.997915, 113, 85, 240, 116
-0.997916, 135, 113, 150, 144
-0.997919, 277, 205, 292, 236
-0.997927, 145, 321, 272, 352
-0.997931, 369, 77, 496, 108
-0.997931, 419, 81, 434, 112
-0.997935, 303, 21, 318, 52
-0.997938, 377, 241, 392, 272
-0.997945, 253, 1, 284, 128
-0.997945, 389, 21, 404, 52
-0.997947, 383, 245, 398, 276
-0.997949, 359, 141, 374, 172
-0.99795, 219, 229, 234, 260
-0.997952, 177, 337, 304, 368
-0.997952, 293, 213, 308, 244
-0.997954, 1, 305, 500, 368
-0.997975, 225, 145, 352, 176
-0.997977, 463, 245, 478, 276
-0.997985, 395, 33, 410, 64
-0.997985, 1, 161, 16, 192
-0.997985, 49, 17, 176, 80
-0.997986, 409, 61, 424, 92
-0.997988, 451, 217, 466, 248
-0.997988, 49, 177, 64, 208
-0.997996, 75, 237, 90, 268
-0.997997, 395, 17, 410, 48
-0.998, 365, 1, 396, 256
-0.998001, 85, 173, 100, 204
-0.998003, 125, 157, 140, 188
-0.998005, 407, 33, 422, 64
-0.998013, 411, 73, 426, 104
-0.998013, 81, 129, 112, 375
-0.998015, 73, 1, 104, 128
-0.998041, 129, 113, 144, 144
-0.998047, 75, 169, 90, 200
-0.998063, 257, 215, 320, 230
-0.998064, 467, 209, 482, 240
-0.998073, 377, 17, 392, 48
-0.99808, 301, 1, 332, 256
-0.998087, 71, 249, 86, 280
-0.998094, 293, 197, 308, 228
-0.998101, 297, 225, 312, 256
-0.998105, 427, 97, 442, 128
-0.998107, 379, 137, 394, 168
-0.998113, 133, 145, 148, 176
-0.998114, 225, 245, 240, 276
-0.998115, 269, 213, 284, 244
-0.998116, 61, 129, 92, 375
-0.998124, 475, 245, 490, 276
-0.998125, 433, 201, 448, 232
-0.998127, 325, 225, 340, 256
-0.998134, 239, 253, 254, 284
-0.998139, 483, 205, 498, 236
-0.998148, 247, 237, 262, 268
-0.998149, 383, 17, 398, 48
-0.998152, 433, 109, 448, 140
-0.998159, 235, 193, 250, 224
-0.998159, 329, 237, 344, 268
-0.998161, 319, 1, 334, 32
-0.998168, 147, 157, 162, 188
-0.998169, 275, 45, 290, 76
-0.99817, 457, 221, 472, 252
-0.99817, 133, 125, 148, 156
-0.998175, 89, 161, 104, 192
-0.998178, 239, 209, 254, 240
-0.998198, 97, 137, 112, 168
-0.998199, 49, 129, 80, 375
-0.9982, 447, 133, 462, 164
-0.998205, 209, 173, 224, 204
-0.998207, 397, 177, 428, 304
-0.99821, 115, 253, 130, 284
-0.998219, 241, 225, 304, 240
-0.998221, 109, 129, 124, 160
-0.998223, 203, 165, 218, 196
-0.998225, 19, 213, 34, 244
-0.998226, 123, 137, 138, 168
-0.998226, 49, 247, 112, 262
-0.998227, 331, 181, 346, 212
-0.998232, 197, 169, 212, 200
-0.998235, 439, 193, 454, 224
-0.998237, 59, 253, 74, 284
-0.998241, 349, 145, 364, 176
-0.998242, 137, 157, 152, 188
-0.998252, 21, 97, 52, 352
-0.998252, 289, 29, 304, 60
-0.998254, 141, 101, 156, 132
-0.998255, 449, 117, 464, 148
-0.998257, 235, 241, 250, 272
-0.998258, 263, 217, 278, 248
-0.998269, 215, 193, 230, 224
-0.998276, 399, 249, 414, 280
-0.998278, 209, 191, 272, 206
-0.998278, 335, 233, 350, 264
-0.99828, 257, 61, 272, 92
-0.998281, 89, 121, 104, 152
-0.998283, 259, 185, 274, 216
-0.998283, 257, 217, 272, 248
-0.998289, 405, 249, 420, 280
-0.998293, 425, 85, 440, 116
-0.998294, 281, 241, 296, 272
-0.998296, 269, 237, 284, 268
-0.998296, 389, 249, 404, 280
-0.9983, 261, 253, 276, 284
-0.998301, 369, 17, 384, 48
-0.998303, 185, 225, 248, 240
-0.998303, 217, 205, 232, 236
-0.998309, 229, 257, 244, 288
-0.998315, 251, 77, 266, 108
-0.998317, 459, 129, 474, 160
-0.998318, 77, 265, 92, 296
-0.998322, 219, 249, 234, 280
-0.998322, 481, 253, 496, 284
-0.998324, 313, 153, 328, 184
-0.998328, 401, 217, 464, 232
-0.998328, 361, 249, 376, 280
-0.998329, 225, 199, 288, 214
-0.998332, 49, 237, 64, 268
-0.998332, 103, 129, 118, 160
-0.998333, 117, 125, 132, 156
-0.998334, 185, 173, 200, 204
-0.998335, 3, 249, 18, 280
-0.998337, 473, 201, 488, 232
-0.998338, 339, 145, 354, 176
-0.998338, 345, 249, 360, 280
-0.998351, 49, 253, 112, 268
-0.998359, 169, 185, 232, 200
-0.998407, 265, 231, 328, 246
-0.998431, 65, 171, 128, 186
-0.998435, 321, 1, 384, 16
-0.998442, 217, 227, 280, 242
-0.998447, 265, 129, 296, 375
-0.998448, 417, 233, 480, 248
-0.998456, 337, 143, 400, 158
-0.998457, 313, 233, 376, 248
-0.998459, 185, 195, 248, 210
-0.998462, 325, 97, 356, 352
-0.998472, 241, 247, 304, 262
-0.998475, 125, 165, 156, 180
-0.998476, 93, 149, 124, 164
-0.998476, 233, 219, 296, 234
-0.998476, 329, 221, 360, 236
-0.998476, 113, 165, 144, 180
-0.998477, 329, 1, 360, 16
-0.998478, 313, 181, 344, 196
-0.998479, 237, 215, 268, 230
-0.998479, 301, 19, 332, 34
-0.99848, 289, 229, 320, 244
-0.99848, 217, 127, 248, 142
-0.998481, 57, 271, 88, 286
-0.998481, 257, 183, 288, 198
-0.998481, 249, 225, 280, 240
-0.998481, 57, 141, 88, 156
-0.998483, 281, 201, 312, 216
-0.998484, 13, 219, 44, 234
-0.998485, 277, 223, 308, 238
-0.998486, 25, 177, 56, 192
-0.998486, 385, 247, 416, 262
-0.998486, 253, 65, 284, 80
-0.998486, 253, 241, 284, 256
-0.998487, 281, 33, 312, 48
-0.998487, 141, 123, 172, 138
-0.998488, 393, 71, 424, 86
-0.998488, 449, 133, 480, 148
-0.998488, 393, 53, 424, 68
-0.998489, 429, 201, 460, 216
-0.99849, 69, 151, 100, 166
-0.998491, 453, 209, 484, 224
-0.998491, 445, 219, 476, 234
-0.998491, 441, 125, 472, 140
-0.998491, 417, 133, 480, 148
-0.998492, 45, 257, 76, 272
-0.998493, 317, 1, 348, 16
-0.998493, 249, 197, 280, 212
-0.998493, 241, 255, 272, 270
-0.998494, 341, 225, 372, 240
-0.998494, 73, 171, 104, 186
-0.998495, 213, 225, 244, 240
-0.998496, 409, 81, 440, 96
-0.998496, 269, 195, 300, 210
-0.998497, 397, 43, 428, 58
-0.998497, 417, 109, 448, 124
-0.998498, 9, 235, 40, 250
-0.998498, 217, 239, 248, 254
-0.998499, 49, 265, 80, 280
-0.998499, 113, 117, 144, 132
-0.998501, 389, 31, 420, 46
-0.998501, 465, 213, 496, 228
-0.998502, 441, 259, 472, 274
-0.998502, 213, 249, 244, 264
-0.998504, 181, 171, 212, 186
-0.998504, 321, 239, 352, 254
-0.998504, 161, 127, 192, 142
-0.998504, 81, 255, 112, 270
-0.998507, 253, 79, 284, 94
-0.998507, 413, 95, 444, 110
-0.998508, 461, 249, 492, 264
-0.998508, 225, 261, 256, 276
-0.998508, 273, 229, 304, 244
-0.998509, 333, 261, 364, 276
-0.998509, 345, 269, 376, 284
-0.998509, 169, 217, 200, 232
-0.99851, 341, 233, 372, 248
-0.998513, 461, 255, 492, 270
-0.998513, 193, 179, 224, 194
-0.998513, 145, 117, 176, 132
-0.998513, 225, 223, 256, 238
-0.998513, 33, 175, 96, 190
-0.998513, 301, 25, 332, 40
-0.998513, 73, 273, 104, 288
-0.998515, 73, 121, 104, 136
-0.998517, 445, 139, 476, 154
-0.998517, 393, 59, 424, 74
-0.998517, 357, 253, 388, 268
-0.998518, 157, 113, 188, 128
-0.998518, 321, 233, 352, 248
-0.998519, 69, 255, 100, 270
-0.998519, 57, 239, 88, 254
-0.998519, 425, 115, 456, 130
-0.99852, 385, 253, 416, 268
-0.99852, 241, 231, 272, 246
-0.99852, 241, 241, 272, 256
-0.998521, 125, 151, 156, 166
-0.998522, 113, 139, 144, 154
-0.998522, 249, 159, 280, 174
-0.998522, 9, 229, 40, 244
-0.998523, 101, 135, 132, 150
-0.998523, 45, 239, 76, 254
-0.998524, 365, 19, 396, 34
-0.998525, 357, 239, 388, 254
-0.998525, 117, 127, 148, 142
-0.998526, 433, 195, 464, 210
-0.998526, 345, 253, 376, 268
-0.998527, 209, 197, 240, 212
-0.99853, 77, 265, 108, 280
-0.998532, 57, 259, 88, 274
-0.998534, 93, 143, 124, 158
-0.998535, 73, 253, 136, 268
-0.998536, 281, 241, 344, 256
-0.998537, 321, 151, 352, 166
-0.998537, 281, 207, 312, 222
-0.998538, 389, 37, 420, 52
-0.998539, 113, 255, 176, 270
-0.998539, 461, 145, 492, 160
-0.998539, 49, 251, 80, 266
-0.99854, 445, 155, 476, 170
-0.998541, 73, 143, 104, 158
-0.998542, 333, 249, 364, 264
-0.998544, 321, 187, 352, 202
-0.998545, 325, 227, 356, 242
-0.998545, 341, 145, 372, 160
-0.998546, 257, 189, 288, 204
-0.998547, 225, 217, 256, 232
-0.998547, 257, 217, 288, 232
-0.99855, 433, 217, 464, 232
-0.998551, 81, 249, 112, 264
-0.998552, 253, 71, 284, 86
-0.998554, 113, 159, 176, 174
-0.998556, 1, 237, 64, 252
-0.998557, 225, 229, 256, 244
-0.998559, 361, 141, 392, 156
-0.99856, 73, 259, 136, 274
-0.99856, 49, 245, 80, 260
-0.99856, 225, 241, 288, 256
-0.998561, 113, 255, 144, 270
-0.998562, 233, 247, 264, 262
-0.998563, 125, 115, 156, 130
-0.998563, 61, 245, 92, 260
-0.998566, 121, 159, 152, 174
-0.998567, 221, 201, 252, 216
-0.998568, 289, 221, 352, 236
-0.99857, 269, 215, 300, 230
-0.998571, 213, 191, 244, 206
-0.998571, 73, 133, 136, 148
-0.998579, 61, 173, 92, 188
-0.998585, 81, 161, 144, 176
-0.998585, 281, 215, 312, 230
-0.998589, 137, 161, 200, 176
-0.998589, 89, 147, 152, 162
-0.998592, 333, 255, 364, 270
-0.998593, 185, 177, 248, 192
-0.998603, 105, 129, 168, 144
-0.998604, 349, 1, 380, 16
-0.998606, 113, 115, 176, 130
-0.998608, 353, 251, 416, 266
-0.998609, 321, 151, 384, 166
-0.998611, 437, 131, 468, 146
-0.998613, 209, 273, 272, 288
-0.998614, 209, 219, 272, 234
-0.998614, 273, 155, 336, 170
-0.998615, 417, 201, 480, 216
-0.998616, 217, 233, 280, 248
-0.998626, 161, 235, 224, 250
-0.998627, 169, 171, 232, 186
-0.998629, 1, 9, 128, 72
-0.998634, 269, 209, 300, 224
-0.998639, 425, 207, 488, 222
-0.99864, 321, 255, 384, 270
-0.998641, 169, 129, 232, 144
-0.998641, 73, 267, 136, 282
-0.998646, 209, 213, 272, 228
-0.998647, 137, 121, 200, 136
-0.998651, 417, 225, 480, 240
-0.998651, 1, 227, 64, 242
-0.998655, 201, 201, 264, 216
-0.998656, 289, 229, 352, 244
-0.998657, 1, 249, 64, 264
-0.998662, 49, 259, 112, 274
-0.998664, 409, 153, 472, 168
-0.998664, 337, 245, 400, 260
-0.99867, 241, 209, 304, 224
-0.99867, 433, 155, 496, 170
-0.998672, 81, 155, 144, 170
-0.998674, 393, 253, 456, 268
-0.998676, 201, 241, 264, 256
-0.998677, 417, 239, 480, 254
-0.998679, 193, 231, 256, 246
-0.998681, 249, 189, 312, 204
-0.998685, 185, 219, 248, 234
-0.998685, 425, 195, 488, 210
-0.998686, 345, 149, 408, 164
-0.998695, 273, 33, 336, 48
-0.998702, 401, 127, 464, 142
-0.998702, 1, 243, 64, 258
-0.998704, 1, 255, 64, 270
-0.998713, 129, 127, 192, 142
-0.998713, 25, 247, 88, 262
-0.998716, 305, 13, 368, 28
-0.998719, 321, 261, 384, 276
-0.998721, 161, 165, 224, 180
-0.998721, 305, 7, 368, 22
-0.998722, 89, 117, 152, 132
-0.998722, 73, 247, 136, 262
-0.998722, 89, 167, 152, 182
-0.998723, 193, 171, 256, 186
-0.998723, 217, 259, 280, 274
-0.998725, 385, 103, 448, 118
-0.998725, 393, 229, 456, 244
-0.998725, 385, 97, 448, 112
-0.998725, 49, 141, 112, 156
-0.998727, 217, 247, 280, 262
-0.998728, 33, 181, 96, 196
-0.998728, 265, 223, 328, 238
-0.998736, 249, 183, 312, 198
-0.998739, 361, 43, 424, 58
-0.99874, 433, 247, 496, 262
-0.998741, 321, 227, 384, 242
-0.998742, 137, 113, 200, 128
-0.998743, 249, 195, 312, 210
-0.998747, 321, 239, 384, 254
-0.998754, 225, 185, 288, 200
-0.998756, 433, 213, 496, 228
-0.998757, 105, 153, 168, 168
-0.998758, 289, 181, 352, 196
-0.998763, 361, 23, 424, 38
-0.998763, 129, 249, 192, 264
-0.998764, 257, 237, 320, 252
-0.998765, 49, 267, 112, 282
-0.998765, 241, 163, 304, 178
-0.998769, 321, 269, 384, 284
-0.99877, 65, 125, 128, 140
-0.998773, 433, 147, 496, 162
-0.998774, 297, 155, 360, 170
-0.998775, 289, 235, 352, 250
-0.998775, 409, 351, 472, 366
-0.998777, 49, 149, 112, 164
-0.99878, 201, 165, 264, 180
-0.99878, 217, 265, 280, 280
-0.998781, 433, 259, 496, 274
-0.998784, 25, 253, 88, 268
-0.998786, 201, 253, 264, 268
-0.998791, 25, 241, 88, 256
-0.998793, 369, 53, 432, 68
-0.998795, 153, 217, 216, 232
-0.998795, 65, 273, 128, 288
-0.998798, 249, 75, 312, 90
-0.998801, 433, 355, 496, 370
-0.998801, 105, 123, 168, 138
-0.998803, 393, 223, 456, 238
-0.998803, 297, 187, 360, 202
-0.998807, 25, 143, 88, 158
-0.998872, 337, 129, 368, 375
-0.998911, 145, 49, 208, 176
-0.998922, 291, 177, 306, 304
-0.998962, 285, 177, 300, 304
-0.998971, 273, 49, 336, 176
-0.998994, 87, 193, 102, 320
-0.999001, 5, 1, 20, 128
-0.999006, 279, 177, 294, 304
-0.999007, 89, 113, 104, 240
-0.999022, 269, 177, 284, 304
-0.999024, 385, 129, 416, 375
-0.999033, 235, 209, 250, 336
-0.999039, 407, 33, 422, 160
-0.999041, 81, 65, 208, 128
-0.999062, 303, 1, 318, 128
-0.999062, 79, 65, 94, 192
-0.999063, 261, 177, 276, 304
-0.999071, 107, 81, 122, 208
-0.999072, 423, 65, 438, 192
-0.999076, 381, 1, 396, 128
-0.999088, 333, 177, 348, 304
-0.999091, 375, 1, 390, 128
-0.999094, 223, 193, 238, 320
-0.999097, 441, 97, 456, 224
-0.9991, 95, 145, 110, 272
-0.999103, 93, 65, 108, 192
-0.999117, 229, 177, 244, 304
-0.999118, 247, 241, 262, 368
-0.999118, 81, 209, 96, 336
-0.999123, 457, 145, 472, 272
-0.999124, 127, 113, 142, 240
-0.999125, 117, 65, 132, 192
-0.999131, 269, 225, 284, 352
-0.999133, 473, 145, 488, 272
-0.999135, 395, 1, 410, 128
-0.999138, 147, 97, 162, 224
-0.999141, 69, 209, 84, 336
-0.999145, 435, 177, 450, 304
-0.999146, 191, 113, 206, 240
-0.999146, 59, 225, 74, 352
-0.999152, 449, 113, 464, 240
-0.999153, 289, 225, 304, 352
-0.999157, 401, 17, 416, 144
-0.999159, 469, 225, 484, 352
-0.99916, 77, 161, 92, 288
-0.99916, 389, 1, 404, 128
-0.999164, 483, 193, 498, 320
-0.999178, 373, 129, 404, 375
-0.999179, 435, 97, 450, 224
-0.99918, 415, 33, 430, 160
-0.999181, 295, 225, 310, 352
-0.999182, 429, 177, 444, 304
-0.999186, 121, 113, 136, 240
-0.999195, 275, 225, 290, 352
-0.999202, 83, 113, 98, 240
-0.999207, 73, 113, 88, 240
-0.99921, 37, 129, 68, 375
-0.999214, 265, 49, 280, 176
-0.999216, 19, 17, 34, 144
-0.999216, 475, 193, 490, 320
-0.999216, 325, 161, 340, 288
-0.999217, 181, 113, 196, 240
-0.999218, 7, 161, 22, 288
-0.999225, 99, 97, 114, 224
-0.999228, 261, 225, 276, 352
-0.999228, 463, 145, 478, 272
-0.999232, 203, 113, 218, 240
-0.999234, 271, 33, 286, 160
-0.999236, 277, 33, 292, 160
-0.999238, 369, 1, 384, 128
-0.999243, 335, 225, 350, 352
-0.999245, 117, 161, 132, 288
-0.999245, 99, 49, 114, 176
-0.99925, 163, 97, 178, 224
-0.99925, 91, 241, 106, 368
-0.999253, 173, 113, 188, 240
-0.999255, 113, 113, 128, 240
-0.999256, 309, 1, 324, 128
-0.999256, 45, 33, 60, 160
-0.999257, 1, 161, 16, 288
-0.99926, 215, 113, 230, 240
-0.99926, 251, 193, 266, 320
-0.999261, 45, 161, 60, 288
-0.999261, 13, 209, 28, 336
-0.999262, 71, 33, 86, 160
-0.999263, 285, 17, 300, 144
-0.999264, 253, 65, 268, 192
-0.999269, 85, 65, 100, 192
-0.99927, 281, 225, 296, 352
-0.999273, 359, 225, 374, 352
-0.999273, 229, 225, 244, 352
-0.999278, 53, 33, 68, 160
-0.999278, 479, 145, 494, 272
-0.999278, 313, 129, 344, 375
-0.999285, 241, 209, 256, 336
-0.999289, 457, 209, 472, 336
-0.999289, 39, 17, 54, 144
-0.99929, 429, 65, 444, 192
-0.99929, 11, 1, 26, 128
-0.999291, 27, 17, 42, 144
-0.999293, 41, 209, 56, 336
-0.999297, 75, 209, 90, 336
-0.999303, 159, 225, 174, 352
-0.999306, 483, 241, 498, 368
-0.999308, 125, 65, 140, 192
-0.999308, 51, 161, 66, 288
-0.999309, 153, 97, 168, 224
-0.99931, 379, 225, 394, 352
-0.999314, 223, 241, 238, 368
-0.999317, 197, 113, 212, 240
-0.999318, 451, 193, 466, 320
-0.999319, 15, 161, 30, 288
-0.99932, 1, 113, 16, 240
-0.999323, 329, 225, 344, 352
-0.999325, 289, 129, 304, 256
-0.999326, 259, 65, 274, 192
-0.999326, 105, 145, 120, 272
-0.999328, 61, 33, 76, 160
-0.999328, 477, 241, 492, 368
-0.999333, 341, 225, 356, 352
-0.999334, 455, 97, 470, 224
-0.999335, 99, 209, 114, 336
-0.999339, 243, 81, 258, 208
-0.99934, 255, 241, 270, 368
-0.99934, 19, 209, 34, 336
-0.999341, 293, 129, 324, 375
-0.999343, 235, 161, 250, 288
-0.999346, 225, 113, 240, 240
-0.999347, 33, 17, 48, 144
-0.999347, 55, 113, 70, 240
-0.999349, 209, 113, 224, 240
-0.99935, 193, 161, 208, 288
-0.999352, 463, 225, 478, 352
-0.999353, 331, 129, 346, 256
-0.999356, 293, 17, 308, 144
-0.999356, 373, 225, 388, 352
-0.999357, 395, 241, 410, 368
-0.999359, 183, 161, 198, 288
-0.99936, 133, 81, 148, 208
-0.999394, 465, 33, 496, 288
-0.999434, 313, 1, 344, 256
-0.999519, 153, 1, 184, 256
-0.999527, 361, 129, 392, 375
-0.99954, 287, 229, 302, 244
-0.999541, 333, 151, 348, 166
-0.999541, 229, 201, 244, 216
-0.999541, 77, 171, 92, 186
-0.999543, 127, 117, 142, 132
-0.999543, 71, 255, 86, 270
-0.999547, 49, 179, 64, 194
-0.999549, 395, 249, 410, 264
-0.999549, 267, 157, 282, 172
-0.999551, 339, 149, 354, 164
-0.999551, 197, 181, 212, 196
-0.999552, 287, 223, 302, 238
-0.999556, 193, 167, 208, 182
-0.999556, 425, 95, 440, 110
-0.999558, 65, 245, 80, 260
-0.999558, 451, 151, 466, 166
-0.999559, 463, 205, 478, 220
-0.999561, 353, 1, 384, 256
-0.999565, 203, 169, 218, 184
-0.999566, 187, 181, 202, 196
-0.999566, 295, 213, 310, 228
-0.999566, 293, 223, 308, 238
-0.999567, 149, 117, 164, 132
-0.999567, 197, 175, 212, 190
-0.999572, 277, 129, 308, 375
-0.999572, 325, 181, 340, 196
-0.999573, 465, 247, 480, 262
-0.999573, 421, 79, 436, 94
-0.999574, 283, 217, 298, 232
-0.999574, 143, 153, 158, 168
-0.999576, 177, 129, 192, 144
-0.999584, 335, 241, 350, 256
-0.999585, 351, 1, 366, 16
-0.999585, 455, 129, 470, 144
-0.999587, 335, 225, 350, 240
-0.999589, 257, 67, 272, 82
-0.99959, 217, 195, 232, 210
-0.99959, 233, 229, 248, 244
-0.999591, 85, 173, 100, 188
-0.999591, 247, 241, 262, 256
-0.999599, 461, 145, 476, 160
-0.999599, 303, 19, 318, 34
-0.999599, 39, 181, 54, 196
-0.9996, 405, 55, 420, 70
-0.999602, 379, 139, 394, 154
-0.999605, 393, 25, 408, 40
-0.999605, 137, 151, 152, 166
-0.999605, 261, 241, 276, 256
-0.999605, 253, 233, 268, 248
-0.999606, 117, 255, 132, 270
-0.999607, 91, 167, 106, 182
-0.999608, 223, 221, 238, 236
-0.999608, 1, 171, 16, 186
-0.999608, 473, 255, 488, 270
-0.999609, 13, 231, 28, 246
-0.999609, 281, 247, 296, 262
-0.99961, 261, 159, 276, 174
-0.999614, 421, 85, 436, 100
-0.999617, 321, 155, 336, 170
-0.99962, 347, 147, 362, 162
-0.999622, 409, 43, 424, 58
-0.999625, 349, 259, 364, 274
-0.999626, 255, 221, 270, 236
-0.999626, 409, 35, 424, 50
-0.999627, 433, 1, 464, 256
-0.999628, 411, 73, 426, 88
-0.999629, 431, 107, 446, 122
-0.999634, 353, 145, 368, 160
-0.999635, 401, 39, 416, 54
-0.999635, 441, 133, 456, 148
-0.999637, 225, 1, 256, 256
-0.99964, 275, 207, 290, 222
-0.999644, 439, 191, 454, 206
-0.999644, 325, 233, 340, 248
-0.999645, 473, 209, 488, 224
-0.99965, 449, 217, 464, 232
-0.999654, 281, 227, 296, 242
-0.999658, 225, 195, 240, 210
-0.999659, 377, 243, 392, 258
-0.99966, 373, 21, 388, 36
-0.999661, 433, 203, 448, 218
-0.999665, 241, 241, 256, 256
-0.999665, 383, 249, 398, 264
-0.999666, 347, 251, 362, 266
-0.999667, 361, 143, 376, 158
-0.999669, 223, 215, 238, 230
-0.999679, 221, 227, 236, 242
-0.99968, 337, 251, 352, 266
-0.999685, 257, 73, 272, 88
-0.99969, 231, 209, 246, 224
-0.999698, 147, 159, 162, 174
-0.999704, 331, 235, 346, 250
-0.999704, 295, 199, 310, 214
-0.999714, 449, 133, 464, 148
-0.999717, 239, 231, 254, 246
-0.999718, 339, 257, 354, 272
-0.999722, 441, 115, 456, 130
-0.999725, 443, 127, 458, 142
-0.999734, 483, 209, 498, 224
-0.999735, 231, 195, 246, 210
-0.999741, 383, 19, 398, 34
-0.999742, 85, 121, 100, 136
-0.999743, 289, 215, 304, 230
-0.999743, 107, 131, 122, 146
-0.999751, 247, 251, 262, 266
-0.999767, 459, 135, 474, 150
-0.999773, 293, 229, 308, 244
-0.99978, 135, 115, 150, 130
-0.999782, 17, 217, 32, 232
-0.999786, 267, 217, 282, 232
-0.999789, 235, 223, 250, 238
-0.9998, 331, 183, 346, 198
-0.999803, 223, 201, 238, 216
-0.999807, 421, 1, 452, 256
-0.999815, 401, 33, 416, 48
-0.999815, 409, 49, 424, 64
-0.999816, 345, 223, 360, 238
-0.999817, 239, 247, 254, 262
-0.999817, 255, 247, 270, 262
-0.999824, 387, 25, 402, 40
-0.99983, 283, 203, 298, 218
-0.99984, 61, 239, 76, 254
-0.999846, 227, 227, 242, 242
-0.999857, 273, 89, 400, 152
-0.999864, 229, 215, 244, 230
-0.999879, 221, 189, 236, 204
-0.999894, 87, 247, 102, 262
-0.999894, 457, 151, 472, 166
-0.999897, 263, 69, 278, 84
-0.999898, 197, 1, 228, 256
-0.999909, 273, 213, 288, 228
-0.999923, 397, 129, 428, 375
-0.999928, 247, 225, 262, 240
-0.999938, 289, 203, 304, 218
-0.999953, 395, 33, 410, 48
-0.999967, 267, 75, 282, 90
-0.999996, 13, 225, 28, 240
-1.00001, 281, 209, 296, 224
-1.00001, 349, 129, 380, 375
-1.00001, 173, 1, 204, 256
-1.00002, 213, 1, 244, 256
-1.00022, 273, 65, 400, 128
-1.00026, 445, 1, 476, 256
-1.00036, 333, 1, 364, 256
-1.00062, 185, 1, 216, 256
-1.00287, 129, 49, 256, 112
-1.00427, 185, 17, 248, 144
-1.00538, 113, 1, 240, 64
-1.00591, 97, 1, 224, 128
-1.0066, 425, 1, 488, 128
-1.00861, 129, 25, 256, 88
-1.01076, 137, 1, 200, 128
-1.01923, 161, 1, 224, 128
