1973
-0.413761, 1, 129, 500, 375
-0.456729, 1, 1, 500, 375
-0.560237, 1, 33, 500, 288
-0.571083, 225, 1, 480, 375
-0.635214, 97, 1, 352, 375
-0.645637, 1, 1, 256, 375
-0.766863, 97, 129, 352, 375
-0.78238, 193, 129, 448, 375
-0.831354, 1, 209, 500, 336
-0.836904, 225, 33, 480, 288
-0.864724, 1, 97, 256, 352
-0.870589, 1, 1, 128, 375
-0.878815, 1, 161, 500, 288
-0.898689, 305, 1, 432, 375
-0.900734, 369, 1, 496, 375
-0.902994, 129, 129, 256, 375
-0.906463, 369, 129, 496, 375
-0.9102, 1, 1, 128, 256
-0.912893, 81, 129, 208, 375
-0.916609, 49, 1, 176, 375
-0.916812, 1, 1, 500, 128
-0.919215, 289, 129, 416, 375
-0.922087, 225, 209, 480, 336
-0.924277, 209, 129, 336, 375
-0.924546, 49, 33, 176, 288
-0.924643, 369, 33, 496, 288
-0.924856, 97, 1, 224, 375
-0.925265, 225, 1, 352, 375
-0.928042, 65, 193, 320, 320
-0.930287, 17, 129, 144, 375
-0.931571, 1, 65, 500, 192
-0.932213, 1, 113, 500, 240
-0.93676, 305, 33, 432, 288
-0.94085, 65, 145, 320, 272
-0.941797, 177, 1, 304, 375
-0.94227, 97, 241, 352, 368
-0.94651, 305, 209, 432, 336
-0.948292, 353, 241, 416, 368
-0.948339, 225, 161, 480, 288
-0.949417, 33, 1, 96, 128
-0.952095, 1, 241, 256, 368
-0.953201, 97, 161, 224, 288
-0.955003, 369, 241, 496, 368
-0.956378, 201, 161, 264, 288
-0.9577, 225, 113, 480, 240
-0.958077, 81, 161, 144, 288
-0.961243, 193, 193, 320, 320
-0.96132, 369, 177, 496, 304
-0.961452, 225, 17, 480, 144
-0.962155, 73, 241, 136, 368
-0.962247, 129, 145, 192, 272
-0.962249, 145, 161, 272, 288
-0.962635, 113, 209, 240, 336
-0.962965, 385, 193, 448, 320
-0.963904, 177, 129, 240, 256
-0.964476, 17, 161, 144, 288
-0.964787, 353, 249, 416, 312
-0.965002, 225, 65, 480, 192
-0.965677, 225, 177, 288, 304
-0.965727, 241, 193, 368, 320
-0.966316, 185, 145, 248, 208
-0.966515, 1, 1, 256, 128
-0.967589, 369, 81, 496, 208
-0.967661, 369, 129, 496, 256
-0.967886, 305, 145, 432, 272
-0.968043, 1, 1, 128, 128
-0.968063, 369, 1, 496, 128
-0.968132, 377, 241, 440, 368
-0.96836, 97, 33, 224, 288
-0.969137, 313, 209, 376, 336
-0.969161, 49, 241, 176, 368
-0.969363, 97, 313, 160, 375
-0.969526, 49, 17, 112, 80
-0.970109, 57, 33, 120, 160
-0.970633, 305, 49, 432, 176
-0.970848, 249, 193, 312, 320
-0.970978, 193, 145, 320, 272
-0.971117, 377, 305, 440, 368
-0.971417, 353, 193, 416, 320
-0.971631, 201, 169, 264, 232
-0.971645, 97, 209, 160, 336
-0.971654, 185, 209, 248, 336
-0.972002, 385, 225, 448, 288
-0.97203, 73, 185, 136, 248
-0.972335, 105, 161, 168, 288
-0.972375, 201, 217, 264, 280
-0.972526, 1, 49, 128, 176
-0.972551, 193, 241, 320, 368
-0.972762, 385, 145, 448, 272
-0.972874, 345, 225, 408, 288
-0.972961, 1, 225, 128, 352
-0.973182, 153, 145, 216, 272
-0.973186, 393, 1, 456, 128
-0.973332, 389, 305, 420, 368
-0.973398, 289, 201, 352, 264
-0.973797, 1, 97, 256, 224
-0.97401, 217, 193, 280, 256
-0.974304, 65, 113, 192, 240
-0.974561, 289, 193, 352, 320
-0.974674, 49, 33, 176, 160
-0.974782, 249, 209, 312, 272
-0.974818, 305, 97, 432, 224
-0.974904, 353, 273, 416, 336
-0.975027, 161, 33, 288, 288
-0.975381, 1, 113, 128, 240
-0.975632, 73, 249, 136, 312
-0.975887, 137, 161, 200, 224
-0.975937, 73, 289, 136, 352
-0.976088, 373, 233, 404, 296
-0.976197, 73, 161, 136, 224
-0.976373, 209, 33, 336, 288
-0.976538, 9, 1, 72, 128
-0.976586, 81, 209, 144, 272
-0.976664, 305, 1, 432, 128
-0.976765, 385, 281, 448, 344
-0.976831, 305, 233, 432, 296
-0.976964, 97, 193, 224, 256
-0.977098, 97, 185, 160, 248
-0.977166, 389, 265, 420, 328
-0.977198, 25, 1, 88, 64
-0.97748, 241, 241, 368, 368
-0.977607, 305, 265, 432, 328
-0.977729, 177, 225, 240, 288
-0.977746, 161, 193, 224, 320
-0.97812, 57, 129, 120, 256
-0.978168, 385, 201, 448, 264
-0.978674, 377, 225, 408, 352
-0.978931, 305, 225, 368, 288
-0.979213, 389, 241, 420, 368
-0.979221, 209, 225, 272, 352
-0.979441, 97, 113, 160, 240
-0.979487, 225, 97, 352, 224
-0.97957, 1, 49, 256, 176
-0.979681, 369, 305, 496, 368
-0.979747, 113, 209, 176, 272
-0.979927, 81, 1, 144, 128
-0.979938, 97, 153, 160, 216
-0.980128, 49, 1, 112, 256
-0.980143, 305, 209, 432, 272
-0.980192, 81, 129, 144, 375
-0.980283, 393, 1, 456, 64
-0.980475, 41, 209, 104, 336
-0.980541, 353, 33, 416, 160
-0.980581, 137, 129, 200, 375
-0.980669, 177, 177, 240, 240
-0.980937, 193, 201, 320, 264
-0.981002, 353, 145, 416, 272
-0.981206, 265, 241, 328, 368
-0.981655, 129, 97, 384, 224
-0.981811, 41, 1, 72, 128
-0.982016, 137, 193, 200, 320
-0.982252, 121, 313, 152, 375
-0.982321, 257, 209, 384, 272
-0.982406, 129, 113, 256, 240
-0.98243, 41, 233, 104, 296
-0.982549, 369, 281, 496, 344
-0.982552, 49, 49, 112, 112
-0.982674, 73, 25, 136, 88
-0.982675, 233, 177, 264, 304
-0.982818, 97, 169, 224, 232
-0.982855, 289, 241, 352, 368
-0.983014, 237, 193, 268, 256
-0.983025, 145, 161, 272, 224
-0.983075, 201, 113, 264, 240
-0.983117, 209, 249, 272, 312
-0.983117, 313, 257, 376, 320
-0.98312, 313, 201, 376, 264
-0.983142, 137, 185, 200, 248
-0.983351, 1, 1, 256, 256
-0.983424, 73, 313, 136, 375
-0.983445, 369, 209, 496, 272
-0.98354, 225, 161, 288, 224
-0.983552, 1, 17, 128, 80
-0.983601, 17, 1, 80, 256
-0.983697, 385, 257, 448, 320
-0.983824, 17, 193, 144, 256
-0.983847, 393, 49, 456, 176
-0.983904, 345, 201, 408, 264
-0.983977, 289, 265, 352, 328
-0.984425, 385, 177, 448, 240
-0.98457, 17, 81, 80, 208
-0.984595, 33, 169, 160, 232
-0.984667, 57, 1, 88, 128
-0.984827, 65, 313, 192, 375
-0.984831, 117, 201, 148, 264
-0.984852, 105, 281, 168, 344
-0.985011, 221, 161, 252, 288
-0.985019, 409, 241, 472, 368
-0.985024, 193, 129, 256, 375
-0.985053, 393, 25, 456, 88
-0.985172, 353, 97, 416, 224
-0.985172, 385, 129, 448, 375
-0.985269, 85, 161, 116, 288
-0.985326, 385, 97, 448, 224
-0.985348, 397, 177, 428, 304
-0.985404, 345, 305, 408, 368
-0.985502, 17, 25, 80, 88
-0.985595, 257, 145, 384, 272
-0.985598, 97, 217, 224, 280
-0.985693, 81, 1, 144, 64
-0.985706, 353, 1, 416, 64
-0.985725, 161, 201, 224, 264
-0.985759, 233, 161, 264, 224
-0.985844, 225, 185, 256, 248
-0.985902, 305, 169, 432, 232
-0.985976, 49, 161, 112, 224
-0.986019, 385, 145, 448, 208
-0.986123, 273, 225, 336, 288
-0.986145, 209, 145, 240, 208
-0.986165, 81, 25, 112, 88
-0.986196, 117, 177, 148, 304
-0.986258, 369, 241, 496, 304
-0.986266, 197, 161, 228, 288
-0.986314, 49, 137, 112, 200
-0.986343, 225, 217, 288, 280
-0.986395, 145, 185, 272, 248
-0.986482, 101, 161, 132, 288
-0.986708, 89, 169, 120, 232
-0.986708, 209, 225, 336, 288
-0.986775, 297, 201, 328, 264
-0.986896, 369, 129, 496, 192
-0.986933, 353, 41, 416, 104
-0.986995, 233, 129, 296, 256
-0.987033, 41, 81, 104, 208
-0.987087, 109, 177, 140, 240
-0.987109, 209, 129, 240, 256
-0.987145, 369, 105, 496, 168
-0.9873, 369, 153, 496, 216
-0.987331, 161, 145, 224, 208
-0.98739, 225, 129, 288, 375
-0.987405, 49, 25, 176, 88
-0.987416, 25, 49, 88, 112
-0.987438, 97, 33, 352, 160
-0.987456, 361, 233, 392, 296
-0.987458, 369, 185, 496, 248
-0.987618, 49, 1, 112, 375
-0.987625, 65, 281, 192, 344
-0.987715, 249, 201, 280, 264
-0.987781, 73, 1, 104, 128
-0.987799, 245, 177, 276, 304
-0.987943, 353, 161, 416, 224
-0.987976, 161, 225, 288, 288
-0.987996, 149, 145, 180, 272
-0.988006, 81, 1, 144, 256
-0.988013, 85, 241, 116, 368
-0.988022, 217, 217, 248, 280
-0.988043, 209, 249, 336, 312
-0.988137, 345, 209, 376, 336
-0.988147, 277, 193, 308, 320
-0.988245, 113, 129, 176, 375
-0.988264, 369, 81, 496, 144
-0.98832, 289, 145, 352, 272
-0.988449, 233, 241, 296, 368
-0.988479, 393, 225, 424, 288
-0.988482, 305, 89, 432, 152
-0.988561, 129, 241, 192, 368
-0.988561, 353, 113, 416, 176
-0.988572, 353, 97, 416, 352
-0.988579, 289, 209, 320, 336
-0.988631, 309, 201, 340, 264
-0.988634, 393, 49, 456, 112
-0.988673, 81, 49, 144, 176
-0.988715, 305, 121, 432, 184
-0.988784, 41, 257, 104, 320
-0.988864, 309, 225, 340, 288
-0.988865, 289, 289, 416, 352
-0.988936, 57, 1, 88, 64
-0.988963, 385, 121, 448, 184
-0.988974, 405, 225, 436, 352
-0.988995, 305, 145, 432, 208
-0.989042, 309, 209, 340, 336
-0.989044, 181, 193, 212, 320
-0.989045, 1, 145, 64, 208
-0.989072, 81, 257, 112, 320
-0.989078, 365, 209, 396, 336
-0.989139, 41, 313, 104, 375
-0.989156, 1, 49, 128, 112
-0.989213, 129, 193, 160, 320
-0.989214, 129, 305, 256, 368
-0.98922, 329, 281, 392, 344
-0.989274, 25, 1, 88, 375
-0.989346, 137, 209, 200, 272
-0.989416, 369, 25, 496, 88
-0.989421, 129, 289, 192, 352
-0.989462, 161, 145, 192, 272
-0.98947, 393, 1, 456, 256
-0.989546, 193, 177, 320, 240
-0.989604, 401, 17, 432, 144
-0.989619, 265, 265, 328, 328
-0.989633, 417, 129, 480, 256
-0.989635, 401, 281, 432, 344
-0.989707, 17, 105, 80, 168
-0.989718, 369, 1, 496, 64
-0.98972, 81, 145, 208, 208
-0.989746, 17, 233, 144, 296
-0.989766, 73, 49, 104, 176
-0.989817, 185, 249, 248, 312
-0.989842, 393, 81, 456, 144
-0.989948, 353, 137, 416, 200
-0.989993, 201, 217, 232, 280
-0.99, 217, 209, 248, 336
-0.990002, 1, 1, 64, 375
-0.990002, 69, 17, 100, 80
-0.990003, 397, 129, 428, 256
-0.990095, 341, 225, 372, 288
-0.990129, 325, 209, 356, 272
-0.990194, 221, 161, 252, 224
-0.990254, 369, 57, 496, 120
-0.990256, 425, 1, 488, 128
-0.990262, 105, 233, 168, 296
-0.99029, 121, 313, 184, 375
-0.990296, 45, 1, 76, 64
-0.990353, 257, 33, 384, 288
-0.990403, 1, 129, 128, 192
-0.990439, 57, 129, 120, 375
-0.990441, 353, 81, 416, 144
-0.990454, 249, 185, 312, 248
-0.990495, 1, 265, 500, 328
-0.990497, 65, 209, 96, 336
-0.990505, 1, 145, 64, 272
-0.990549, 129, 129, 160, 256
-0.990563, 233, 249, 296, 312
-0.990619, 353, 269, 416, 300
-0.99063, 133, 161, 164, 224
-0.990676, 409, 257, 472, 320
-0.990758, 33, 209, 96, 272
-0.990824, 161, 129, 224, 375
-0.990846, 105, 129, 168, 192
-0.990851, 377, 177, 408, 304
-0.990865, 65, 257, 192, 320
-0.990932, 73, 129, 104, 256
-0.990949, 81, 233, 112, 296
-0.990952, 353, 1, 416, 375
-0.990972, 289, 313, 416, 375
-0.991002, 133, 185, 164, 248
-0.991004, 397, 161, 428, 224
-0.991044, 49, 25, 112, 56
-0.99105, 97, 257, 160, 320
-0.991053, 385, 1, 448, 375
-0.991056, 73, 57, 136, 120
-0.991083, 1, 217, 500, 280
-0.991115, 345, 257, 408, 288
-0.991151, 185, 149, 248, 180
-0.991157, 85, 49, 116, 176
-0.99116, 73, 257, 136, 288
-0.991204, 185, 177, 248, 208
-0.991231, 153, 153, 184, 216
-0.991257, 1, 169, 64, 232
-0.991291, 105, 313, 168, 344
-0.991307, 277, 209, 308, 272
-0.991312, 289, 201, 352, 232
-0.991325, 233, 129, 264, 256
-0.99134, 417, 193, 480, 320
-0.991341, 361, 281, 424, 312
-0.991369, 257, 193, 288, 320
-0.99137, 197, 209, 228, 336
-0.991392, 257, 265, 384, 328
-0.991393, 249, 209, 312, 240
-0.991406, 345, 233, 408, 264
-0.991408, 49, 1, 176, 64
-0.991421, 377, 309, 440, 340
-0.991457, 401, 81, 432, 208
-0.991505, 73, 269, 136, 300
-0.991518, 73, 305, 136, 336
-0.991519, 65, 233, 96, 296
-0.991521, 389, 305, 420, 336
-0.99153, 345, 245, 408, 276
-0.991535, 201, 221, 264, 252
-0.991584, 229, 217, 260, 280
-0.991607, 385, 237, 448, 268
-0.991618, 313, 273, 376, 304
-0.991623, 399, 265, 414, 328
-0.991631, 289, 213, 352, 244
-0.991675, 97, 1, 224, 128
-0.991703, 193, 49, 320, 176
-0.991708, 61, 49, 92, 176
-0.991719, 21, 33, 52, 160
-0.991724, 89, 185, 152, 216
-0.991753, 377, 333, 440, 364
-0.991759, 1, 241, 500, 304
-0.991761, 97, 329, 160, 360
-0.991765, 225, 313, 480, 375
-0.991766, 73, 317, 136, 348
-0.991778, 325, 209, 356, 336
-0.991793, 65, 209, 320, 272
-0.991799, 377, 297, 440, 328
-0.991811, 217, 209, 280, 240
-0.991817, 225, 233, 480, 296
-0.991818, 185, 129, 216, 256
-0.991818, 41, 13, 104, 44
-0.991819, 89, 345, 152, 375
-0.991836, 385, 249, 448, 280
-0.991844, 137, 165, 200, 196
-0.991867, 121, 97, 184, 224
-0.991884, 209, 181, 272, 212
-0.991892, 209, 233, 272, 264
-0.991898, 69, 57, 100, 120
-0.991902, 249, 225, 312, 256
-0.991918, 237, 225, 268, 352
-0.99192, 377, 345, 440, 375
-0.991931, 377, 321, 440, 352
-0.991935, 97, 145, 128, 208
-0.991942, 397, 201, 428, 264
-0.991945, 185, 161, 248, 192
-0.991966, 41, 281, 104, 344
-0.991967, 153, 97, 216, 224
-0.991997, 73, 245, 136, 276
-0.992032, 57, 37, 120, 68
-0.992033, 345, 221, 408, 252
-0.992035, 373, 241, 404, 272
-0.99207, 217, 345, 280, 375
-0.992079, 409, 281, 472, 344
-0.992083, 97, 213, 160, 244
-0.992085, 57, 49, 88, 112
-0.992086, 201, 253, 264, 284
-0.992088, 385, 225, 448, 256
-0.9921, 209, 169, 272, 200
-0.992111, 73, 1, 136, 375
-0.992129, 353, 1, 416, 256
-0.992133, 213, 185, 244, 248
-0.992172, 73, 233, 136, 264
-0.992195, 209, 137, 272, 200
-0.992202, 73, 221, 136, 252
-0.99221, 97, 169, 160, 200
-0.992244, 121, 169, 152, 232
-0.992257, 57, 181, 120, 212
-0.992263, 117, 241, 148, 368
-0.992275, 385, 273, 448, 304
-0.992278, 73, 281, 136, 312
-0.992287, 313, 145, 376, 272
-0.992311, 313, 233, 376, 264
-0.992322, 209, 329, 272, 360
-0.992355, 289, 233, 352, 264
-0.992389, 313, 217, 376, 248
-0.99239, 225, 261, 288, 292
-0.992394, 177, 221, 240, 252
-0.992409, 313, 261, 376, 292
-0.992438, 345, 345, 408, 375
-0.992443, 185, 305, 248, 368
-0.992444, 225, 273, 480, 336
-0.992452, 81, 13, 144, 44
-0.992455, 385, 213, 448, 244
-0.992458, 73, 293, 136, 324
-0.992461, 345, 265, 376, 328
-0.992475, 97, 157, 160, 188
-0.992476, 345, 333, 408, 364
-0.992487, 73, 333, 136, 364
-0.992514, 33, 53, 96, 84
-0.992515, 385, 285, 448, 316
-0.992516, 377, 209, 408, 272
-0.992543, 5, 33, 36, 160
-0.992548, 225, 209, 480, 272
-0.992556, 145, 137, 272, 200
-0.992568, 393, 9, 456, 40
-0.992572, 97, 193, 128, 256
-0.992572, 345, 321, 408, 352
-0.992594, 137, 181, 200, 212
-0.992594, 201, 265, 264, 296
-0.992598, 105, 201, 168, 232
-0.992628, 249, 345, 312, 375
-0.992632, 185, 321, 248, 352
-0.992641, 201, 145, 232, 176
-0.992656, 65, 233, 320, 296
-0.99266, 337, 281, 400, 312
-0.992661, 185, 189, 248, 220
-0.992691, 137, 197, 200, 228
-0.992694, 17, 1, 80, 32
-0.992705, 289, 285, 352, 316
-0.992732, 289, 261, 352, 292
-0.992743, 97, 181, 128, 212
-0.99275, 261, 209, 292, 272
-0.992777, 113, 341, 176, 372
-0.992781, 17, 41, 80, 72
-0.992784, 81, 197, 144, 228
-0.992784, 197, 185, 228, 248
-0.992787, 353, 49, 416, 80
-0.992793, 301, 161, 332, 288
-0.992797, 225, 245, 288, 276
-0.992813, 49, 1, 112, 32
-0.992835, 177, 205, 240, 236
-0.992844, 345, 305, 408, 336
-0.992857, 393, 37, 456, 68
-0.992857, 41, 197, 104, 228
-0.992858, 385, 201, 448, 232
-0.992861, 393, 21, 456, 52
-0.992869, 1, 313, 128, 375
-0.992872, 417, 81, 480, 208
-0.992886, 1, 289, 500, 352
-0.992889, 417, 153, 480, 216
-0.992889, 289, 273, 352, 304
-0.992895, 297, 129, 360, 375
-0.992901, 49, 337, 112, 368
-0.992911, 57, 53, 120, 84
-0.992911, 353, 1, 416, 32
-0.99292, 385, 261, 448, 292
-0.992932, 105, 1, 168, 375
-0.992932, 1, 185, 500, 248
-0.992934, 161, 149, 224, 180
-0.99294, 173, 145, 204, 272
-0.992946, 249, 241, 312, 272
-0.992963, 385, 189, 448, 220
-0.992965, 105, 281, 168, 312
-0.992999, 249, 169, 280, 232
-0.993008, 225, 197, 288, 228
-0.993012, 385, 17, 416, 144
-0.99302, 305, 49, 432, 112
-0.993022, 113, 181, 176, 212
-0.993041, 93, 1, 124, 128
-0.993045, 313, 201, 376, 232
-0.993049, 1, 1, 64, 64
-0.993059, 41, 25, 72, 88
-0.993061, 217, 157, 280, 188
-0.993061, 77, 161, 108, 224
-0.993074, 65, 145, 128, 176
-0.993075, 385, 177, 448, 208
-0.993087, 73, 1, 136, 32
-0.993089, 65, 169, 128, 200
-0.993091, 137, 213, 200, 244
-0.993098, 385, 157, 448, 188
-0.993098, 161, 165, 224, 196
-0.993099, 17, 21, 80, 52
-0.993103, 33, 233, 96, 264
-0.993119, 217, 325, 248, 356
-0.993125, 177, 241, 240, 272
-0.993126, 97, 225, 160, 256
-0.993126, 265, 273, 328, 304
-0.993127, 401, 297, 464, 328
-0.993128, 353, 117, 416, 148
-0.993138, 401, 33, 432, 96
-0.993151, 73, 25, 136, 56
-0.993153, 105, 301, 168, 332
-0.993156, 357, 265, 388, 328
-0.993158, 225, 221, 288, 252
-0.993164, 117, 313, 148, 344
-0.993168, 289, 233, 320, 296
-0.993168, 353, 205, 416, 236
-0.993177, 389, 273, 420, 304
-0.993202, 353, 37, 416, 68
-0.993207, 137, 345, 200, 375
-0.993208, 101, 113, 132, 240
-0.993211, 41, 265, 104, 296
-0.993229, 225, 317, 288, 348
-0.993232, 81, 45, 144, 76
-0.993242, 17, 201, 80, 232
-0.993246, 73, 209, 136, 240
-0.993252, 225, 129, 352, 192
-0.993259, 241, 185, 368, 248
-0.993268, 41, 253, 104, 284
-0.993271, 129, 325, 192, 356
-0.993297, 81, 129, 144, 192
-0.993326, 393, 297, 408, 360
-0.993391, 101, 9, 132, 72
-0.993396, 389, 293, 420, 324
-0.993398, 129, 281, 256, 344
-0.993401, 377, 257, 408, 320
-0.993435, 57, 25, 88, 88
-0.993457, 113, 241, 240, 304
-0.993489, 33, 313, 288, 375
-0.993494, 105, 1, 136, 128
-0.9935, 1, 313, 500, 375
-0.993505, 309, 265, 340, 328
-0.993572, 385, 1, 416, 64
-0.993598, 105, 209, 136, 336
-0.993614, 233, 297, 296, 360
-0.99367, 245, 345, 276, 375
-0.993678, 197, 145, 228, 208
-0.993689, 305, 1, 432, 64
-0.993713, 1, 161, 500, 224
-0.993718, 261, 345, 292, 375
-0.993733, 129, 241, 160, 368
-0.993749, 401, 1, 432, 64
-0.993749, 185, 145, 216, 208
-0.993829, 389, 321, 420, 352
-0.993843, 409, 313, 472, 375
-0.993915, 33, 185, 288, 248
-0.993923, 1, 289, 128, 352
-0.993932, 205, 241, 236, 304
-0.993941, 81, 281, 112, 344
-0.993948, 361, 237, 392, 268
-0.993966, 325, 265, 356, 328
-0.993989, 397, 129, 428, 192
-0.994023, 121, 209, 152, 240
-0.994025, 169, 121, 232, 184
-0.994026, 161, 249, 288, 312
-0.994028, 241, 313, 368, 375
-0.994065, 233, 161, 264, 192
-0.994081, 265, 313, 328, 375
-0.994086, 245, 233, 276, 296
-0.994091, 57, 209, 120, 272
-0.994102, 1, 257, 128, 320
-0.994118, 265, 145, 328, 272
-0.994121, 49, 49, 176, 112
-0.994123, 65, 257, 96, 320
-0.99416, 85, 209, 116, 272
-0.994172, 113, 181, 144, 212
-0.994175, 213, 149, 244, 180
-0.994193, 233, 197, 264, 228
-0.994204, 81, 121, 208, 184
-0.994209, 417, 129, 448, 256
-0.99423, 225, 185, 256, 216
-0.994232, 417, 225, 480, 288
-0.994248, 109, 313, 140, 375
-0.994257, 401, 57, 432, 120
-0.994263, 425, 1, 488, 64
-0.994281, 65, 161, 320, 224
-0.994295, 41, 97, 104, 160
-0.99434, 81, 269, 112, 300
-0.994349, 81, 25, 112, 56
-0.994371, 89, 169, 120, 200
-0.994379, 389, 333, 420, 364
-0.994422, 393, 249, 424, 280
-0.994434, 393, 233, 424, 264
-0.994455, 417, 129, 480, 192
-0.994463, 369, 281, 400, 344
-0.994476, 113, 129, 144, 256
-0.99448, 297, 289, 360, 352
-0.994501, 377, 229, 408, 260
-0.994504, 185, 225, 216, 288
-0.994509, 153, 241, 216, 368
-0.994527, 41, 177, 72, 304
-0.994528, 377, 257, 408, 288
-0.994539, 209, 153, 336, 216
-0.994557, 213, 173, 244, 204
-0.99459, 89, 113, 120, 240
-0.994617, 141, 193, 172, 320
-0.994617, 405, 257, 436, 320
-0.994632, 129, 1, 192, 375
-0.994645, 109, 193, 140, 224
-0.994646, 197, 221, 228, 252
-0.994659, 217, 249, 248, 312
-0.994684, 217, 253, 248, 284
-0.994684, 137, 297, 168, 360
-0.994687, 305, 273, 432, 304
-0.994692, 249, 1, 312, 375
-0.994697, 245, 197, 276, 228
-0.99471, 81, 257, 112, 288
-0.994748, 217, 221, 248, 252
-0.994751, 297, 265, 328, 328
-0.994755, 105, 33, 168, 288
-0.994767, 65, 257, 320, 320
-0.994768, 9, 193, 72, 256
-0.994777, 325, 201, 356, 232
-0.994784, 401, 293, 432, 324
-0.994809, 417, 201, 480, 264
-0.994822, 389, 261, 420, 292
-0.99483, 233, 173, 264, 204
-0.994839, 297, 201, 328, 232
-0.994853, 117, 169, 148, 200
-0.994857, 309, 201, 340, 232
-0.994862, 1, 105, 128, 168
-0.994865, 57, 9, 88, 40
-0.994871, 305, 25, 432, 88
-0.994872, 41, 73, 104, 136
-0.994888, 129, 197, 160, 228
-0.994915, 81, 245, 112, 276
-0.994959, 213, 161, 244, 192
-0.994961, 73, 137, 104, 200
-0.994969, 385, 345, 416, 375
-0.995005, 57, 49, 88, 80
-0.995006, 229, 217, 260, 248
-0.995009, 325, 217, 356, 248
-0.995021, 305, 1, 368, 375
-0.995029, 277, 209, 308, 240
-0.995051, 345, 273, 376, 304
-0.995076, 381, 97, 412, 224
-0.995078, 409, 177, 440, 304
-0.995104, 1, 49, 64, 112
-0.995104, 401, 305, 432, 368
-0.995175, 1, 137, 500, 200
-0.995177, 309, 273, 340, 304
-0.995183, 5, 161, 36, 288
-0.995201, 221, 205, 252, 236
-0.995204, 313, 213, 344, 244
-0.99522, 237, 245, 268, 276
-0.995222, 249, 249, 280, 280
-0.995226, 197, 113, 228, 240
-0.995226, 405, 277, 436, 308
-0.995226, 281, 1, 344, 375
-0.995233, 69, 17, 100, 48
-0.995239, 153, 233, 216, 296
-0.995261, 417, 177, 480, 240
-0.995291, 233, 241, 264, 304
-0.995292, 9, 81, 72, 144
-0.995303, 257, 233, 384, 296
-0.995303, 257, 145, 288, 272
-0.995314, 297, 217, 328, 248
-0.995345, 81, 281, 112, 312
-0.995354, 225, 161, 480, 224
-0.995356, 1, 209, 64, 336
-0.995372, 261, 313, 292, 375
-0.995376, 301, 261, 332, 292
-0.995378, 65, 233, 96, 264
-0.995379, 321, 129, 384, 375
-0.995386, 381, 145, 412, 208
-0.995392, 333, 273, 364, 304
-0.995394, 341, 233, 372, 264
-0.995396, 65, 81, 128, 144
-0.995397, 45, 1, 76, 32
-0.995405, 193, 273, 256, 336
-0.995406, 177, 1, 240, 375
-0.995407, 241, 213, 272, 244
-0.995426, 1, 25, 500, 88
-0.99544, 233, 257, 264, 288
-0.995443, 33, 185, 96, 248
-0.995447, 33, 161, 96, 288
-0.995447, 397, 173, 428, 204
-0.99546, 129, 209, 160, 272
-0.99546, 405, 261, 436, 292
-0.995468, 301, 233, 332, 264
-0.995473, 193, 181, 224, 212
-0.995484, 117, 325, 148, 356
-0.995495, 81, 233, 112, 264
-0.995499, 9, 97, 72, 352
-0.995509, 329, 161, 360, 288
-0.995516, 133, 185, 164, 216
-0.995522, 65, 261, 96, 292
-0.995522, 369, 305, 400, 368
-0.995524, 401, 37, 432, 68
-0.995532, 353, 257, 384, 288
-0.995533, 357, 269, 388, 300
-0.995546, 225, 185, 480, 248
-0.99555, 353, 285, 384, 316
-0.995551, 1, 73, 128, 136
-0.995554, 377, 297, 408, 328
-0.995562, 153, 161, 184, 192
-0.995566, 397, 221, 428, 252
-0.995583, 261, 213, 292, 244
-0.995595, 81, 37, 112, 68
-0.995595, 317, 261, 348, 292
-0.995606, 397, 189, 428, 220
-0.995627, 177, 97, 304, 224
-0.995635, 369, 273, 400, 304
-0.995636, 97, 205, 224, 236
-0.995637, 397, 157, 428, 188
-0.99564, 249, 129, 312, 375
-0.99565, 213, 185, 244, 216
-0.995661, 89, 1, 120, 64
-0.995661, 121, 345, 152, 375
-0.995666, 369, 345, 400, 375
-0.995667, 357, 225, 388, 256
-0.995672, 417, 1, 480, 375
-0.99568, 133, 169, 164, 200
-0.995685, 341, 213, 372, 244
-0.995712, 69, 61, 100, 92
-0.995718, 209, 105, 336, 168
-0.995721, 109, 213, 140, 244
-0.995726, 57, 29, 88, 60
-0.995729, 281, 225, 312, 256
-0.99573, 105, 217, 136, 280
-0.995749, 273, 129, 336, 375
-0.995755, 401, 25, 432, 56
-0.995756, 373, 313, 404, 344
-0.995758, 201, 1, 264, 375
-0.995762, 65, 245, 96, 276
-0.995782, 273, 345, 304, 375
-0.995788, 153, 1, 216, 375
-0.995799, 33, 129, 96, 375
-0.9958, 77, 137, 108, 168
-0.995818, 377, 217, 408, 248
-0.995818, 321, 273, 352, 304
-0.995828, 401, 1, 432, 32
-0.995834, 369, 333, 400, 364
-0.995834, 401, 81, 432, 144
-0.995841, 181, 193, 212, 256
-0.995858, 261, 333, 292, 364
-0.995867, 105, 165, 136, 196
-0.99587, 401, 61, 432, 92
-0.99588, 209, 209, 240, 240
-0.995882, 229, 329, 260, 360
-0.995885, 385, 45, 416, 76
-0.995889, 73, 105, 136, 168
-0.99589, 201, 241, 232, 272
-0.995891, 201, 165, 232, 196
-0.995891, 101, 341, 132, 372
-0.995906, 401, 13, 432, 44
-0.995909, 45, 41, 76, 72
-0.995912, 69, 273, 100, 304
-0.995928, 41, 17, 72, 48
-0.995939, 249, 225, 280, 256
-0.995945, 145, 313, 208, 375
-0.995952, 137, 309, 168, 340
-0.995956, 385, 1, 416, 32
-0.995956, 401, 145, 432, 176
-0.995958, 341, 261, 372, 292
-0.995965, 97, 281, 352, 344
-0.995978, 185, 149, 216, 180
-0.995983, 81, 293, 112, 324
-0.995984, 329, 261, 360, 292
-0.996027, 401, 305, 432, 336
-0.99603, 149, 197, 180, 228
-0.996031, 401, 49, 432, 80
-0.996048, 305, 233, 432, 264
-0.996049, 425, 25, 488, 88
-0.996052, 25, 129, 88, 192
-0.996054, 97, 65, 224, 192
-0.996054, 53, 161, 84, 288
-0.996061, 225, 137, 480, 200
-0.99607, 387, 233, 402, 296
-0.996076, 225, 1, 288, 375
-0.996106, 313, 161, 344, 288
-0.996109, 29, 161, 60, 288
-0.996115, 417, 225, 448, 352
-0.996117, 393, 265, 408, 328
-0.996118, 209, 313, 272, 375
-0.996121, 369, 305, 496, 336
-0.996146, 209, 113, 272, 176
-0.996159, 281, 177, 344, 240
-0.996278, 413, 81, 444, 208
-0.9963, 97, 25, 160, 88
-0.996322, 129, 317, 256, 348
-0.99633, 241, 185, 256, 248
-0.996351, 165, 161, 196, 224
-0.996356, 329, 1, 392, 375
-0.996361, 305, 261, 432, 292
-0.996381, 1, 113, 500, 176
-0.996388, 109, 153, 140, 216
-0.99639, 361, 209, 392, 272
-0.996494, 193, 213, 320, 244
-0.996501, 61, 97, 92, 224
-0.996521, 245, 129, 276, 256
-0.996522, 337, 201, 368, 264
-0.996524, 369, 253, 496, 284
-0.996531, 33, 1, 64, 64
-0.996564, 105, 1, 168, 128
-0.996569, 375, 233, 390, 296
-0.996582, 221, 113, 252, 240
-0.996598, 305, 213, 432, 244
-0.996612, 305, 245, 432, 276
-0.996638, 1, 1, 500, 64
-0.996644, 305, 285, 432, 316
-0.996645, 129, 201, 144, 264
-0.996657, 369, 225, 496, 256
-0.996661, 1, 73, 500, 136
-0.996672, 129, 185, 384, 248
-0.996682, 353, 329, 480, 360
-0.996685, 97, 193, 224, 224
-0.996686, 153, 97, 184, 224
-0.996686, 417, 129, 480, 375
-0.996714, 149, 177, 180, 240
-0.996719, 225, 1, 480, 64
-0.996726, 209, 281, 336, 344
-0.996729, 369, 241, 496, 272
-0.996736, 25, 81, 56, 208
-0.996743, 353, 345, 480, 375
-0.996755, 401, 105, 432, 168
-0.996776, 193, 225, 320, 256
-0.99679, 81, 65, 112, 128
-0.996821, 247, 193, 262, 256
-0.996827, 353, 317, 480, 348
-0.996832, 41, 81, 72, 208
-0.996846, 241, 229, 368, 260
-0.996867, 369, 293, 496, 324
-0.996882, 257, 1, 384, 128
-0.996943, 293, 113, 324, 240
-0.996957, 261, 241, 292, 368
-0.996969, 65, 313, 192, 344
-0.997006, 241, 209, 368, 240
-0.997026, 97, 153, 112, 216
-0.997028, 145, 121, 208, 184
-0.997039, 385, 33, 416, 96
-0.997042, 13, 81, 44, 208
-0.997065, 273, 289, 336, 352
-0.997069, 357, 161, 388, 288
-0.997071, 201, 121, 232, 184
-0.99708, 97, 217, 224, 248
-0.997098, 311, 201, 326, 264
-0.9971, 225, 41, 480, 104
-0.997113, 121, 273, 152, 336
-0.997128, 1, 49, 500, 112
-0.997139, 177, 345, 304, 375
-0.997187, 213, 313, 244, 375
-0.997198, 129, 33, 192, 288
-0.997198, 289, 161, 320, 288
-0.997203, 65, 325, 192, 356
-0.997209, 421, 1, 452, 128
-0.997224, 97, 181, 224, 212
-0.997241, 17, 129, 48, 256
-0.997243, 129, 169, 256, 200
-0.997267, 305, 201, 432, 232
-0.997271, 49, 185, 176, 216
-0.997284, 93, 41, 124, 104
-0.997302, 85, 305, 116, 368
-0.997316, 145, 185, 272, 216
-0.997323, 225, 113, 480, 176
-0.997341, 297, 235, 328, 250
-0.997342, 181, 163, 212, 178
-0.997342, 309, 205, 340, 220
-0.997349, 257, 273, 384, 304
-0.997349, 401, 45, 432, 60
-0.997351, 425, 65, 488, 128
-0.997354, 313, 259, 344, 274
-0.997359, 197, 229, 228, 244
-0.997362, 281, 233, 312, 248
-0.997364, 233, 257, 264, 272
-0.997365, 373, 317, 404, 332
-0.997369, 141, 241, 172, 368
-0.997375, 81, 243, 112, 258
-0.997383, 405, 275, 436, 290
-0.997386, 277, 213, 308, 228
-0.997388, 305, 105, 432, 136
-0.997389, 229, 171, 260, 186
-0.99739, 397, 173, 428, 188
-0.997391, 81, 289, 112, 304
-0.997395, 305, 169, 368, 232
-0.997399, 97, 229, 224, 260
-0.997405, 123, 169, 138, 232
-0.997408, 397, 165, 428, 180
-0.997408, 309, 233, 340, 248
-0.99741, 353, 275, 384, 290
-0.997415, 117, 179, 148, 194
-0.997419, 65, 345, 192, 375
-0.997423, 369, 265, 496, 296
-0.997423, 65, 267, 96, 282
-0.997425, 405, 283, 436, 298
-0.997425, 369, 357, 400, 372
-0.99743, 345, 253, 376, 268
-0.997433, 133, 199, 164, 214
-0.997436, 373, 311, 404, 326
-0.99744, 225, 209, 256, 224
-0.99744, 161, 201, 288, 232
-0.997441, 53, 51, 84, 66
-0.997449, 61, 21, 92, 36
-0.997457, 397, 159, 428, 174
-0.997458, 241, 137, 304, 200
-0.997463, 213, 161, 244, 176
-0.997464, 329, 211, 360, 226
-0.997466, 337, 217, 368, 232
-0.997469, 305, 121, 432, 152
-0.997471, 89, 189, 120, 204
-0.997473, 237, 251, 268, 266
-0.997473, 409, 291, 440, 306
-0.997477, 425, 105, 488, 168
-0.997477, 65, 281, 192, 312
-0.997477, 237, 193, 268, 208
-0.997488, 381, 163, 412, 178
-0.997489, 249, 211, 280, 226
-0.99749, 217, 255, 248, 270
-0.997492, 217, 233, 248, 248
-0.997493, 241, 221, 272, 236
-0.997494, 277, 355, 308, 370
-0.997496, 249, 255, 280, 270
-0.997497, 49, 1, 80, 256
-0.997501, 297, 209, 328, 224
-0.997501, 293, 219, 324, 234
-0.997504, 393, 233, 424, 248
-0.997505, 389, 343, 420, 358
-0.99751, 133, 189, 164, 204
-0.99751, 117, 323, 148, 338
-0.997513, 213, 183, 244, 198
-0.997515, 81, 283, 112, 298
-0.997524, 81, 33, 112, 48
-0.997527, 1, 29, 128, 60
-0.997529, 341, 259, 372, 274
-0.99753, 73, 27, 104, 42
-0.997534, 289, 345, 416, 375
-0.997535, 225, 225, 256, 240
-0.997539, 369, 213, 496, 244
-0.997544, 81, 169, 208, 200
-0.997549, 117, 191, 148, 206
-0.997551, 305, 189, 432, 220
-0.997555, 153, 165, 184, 180
-0.997567, 357, 233, 388, 248
-0.997573, 377, 303, 408, 318
-0.997574, 301, 257, 332, 272
-0.997579, 213, 217, 244, 232
-0.997579, 233, 161, 248, 224
-0.997593, 57, 15, 88, 30
-0.997594, 409, 297, 440, 312
-0.997595, 369, 109, 496, 140
-0.997599, 209, 169, 240, 184
-0.997599, 369, 281, 400, 296
-0.997605, 293, 225, 324, 240
-0.99761, 369, 165, 496, 196
-0.997611, 117, 217, 148, 232
-0.997611, 241, 345, 368, 375
-0.997612, 1, 217, 64, 280
-0.997613, 1, 281, 256, 344
-0.997618, 397, 245, 428, 260
-0.997631, 233, 263, 264, 278
-0.997638, 229, 219, 260, 234
-0.99764, 309, 215, 340, 230
-0.997641, 385, 361, 416, 375
-0.997647, 369, 93, 496, 124
-0.997647, 81, 249, 112, 264
-0.997652, 233, 177, 264, 192
-0.997653, 385, 351, 416, 366
-0.997655, 81, 265, 112, 280
-0.997657, 225, 81, 288, 208
-0.997661, 197, 153, 228, 168
-0.997662, 259, 345, 274, 375
-0.997666, 225, 65, 480, 128
-0.997668, 401, 303, 432, 318
-0.99767, 249, 247, 280, 262
-0.997676, 405, 233, 436, 296
-0.997681, 49, 81, 176, 144
-0.997681, 81, 277, 112, 292
-0.997683, 33, 137, 288, 200
-0.99769, 87, 265, 102, 328
-0.9977, 373, 257, 404, 272
-0.997701, 225, 89, 480, 152
-0.997703, 469, 1, 500, 128
-0.997707, 145, 157, 272, 188
-0.997714, 369, 149, 496, 180
-0.997719, 393, 301, 408, 332
-0.997719, 389, 267, 420, 282
-0.997721, 169, 193, 200, 320
-0.997722, 205, 223, 236, 238
-0.997724, 369, 121, 496, 152
-0.997724, 261, 345, 292, 360
-0.997725, 81, 257, 112, 272
-0.99773, 389, 337, 420, 352
-0.997733, 227, 325, 242, 356
-0.997739, 381, 121, 412, 184
-0.997749, 225, 325, 256, 340
-0.997751, 305, 297, 432, 328
-0.997753, 399, 269, 414, 300
-0.997761, 393, 239, 424, 254
-0.997765, 109, 197, 140, 212
-0.997767, 113, 185, 128, 248
-0.997771, 341, 161, 372, 288
-0.997784, 129, 329, 256, 360
-0.99779, 325, 257, 356, 272
-0.997796, 181, 81, 212, 208
-0.997798, 17, 177, 48, 304
-0.997799, 209, 257, 336, 288
-0.997813, 125, 361, 156, 375
-0.997815, 253, 201, 268, 264
-0.997816, 377, 249, 408, 264
-0.997821, 395, 241, 410, 304
-0.997826, 209, 151, 240, 166
-0.99783, 169, 33, 232, 288
-0.997833, 1, 17, 256, 80
-0.997839, 399, 305, 414, 368
-0.997847, 369, 177, 496, 208
-0.997851, 105, 169, 120, 232
-0.997856, 209, 177, 240, 192
-0.997866, 237, 199, 268, 214
-0.997877, 85, 129, 116, 375
-0.99788, 425, 1, 488, 256
-0.997883, 109, 177, 124, 208
-0.997885, 131, 313, 146, 375
-0.997885, 377, 231, 408, 246
-0.997887, 377, 263, 408, 278
-0.997889, 265, 345, 280, 375
-0.997894, 369, 281, 496, 312
-0.997904, 325, 217, 356, 232
-0.997905, 389, 331, 420, 346
-0.997906, 305, 157, 432, 188
-0.997907, 247, 161, 262, 224
-0.997909, 81, 271, 112, 286
-0.997911, 375, 237, 390, 268
-0.997911, 161, 237, 288, 268
-0.997918, 369, 197, 496, 228
-0.997918, 393, 265, 408, 296
-0.997924, 421, 177, 452, 304
-0.997926, 389, 233, 404, 264
-0.997936, 99, 169, 114, 200
-0.997937, 211, 141, 226, 172
-0.997937, 397, 129, 428, 375
-0.997937, 129, 313, 384, 375
-0.997941, 273, 361, 304, 375
-0.997943, 241, 189, 256, 220
-0.997951, 203, 145, 218, 176
-0.997952, 321, 201, 336, 232
-0.997962, 221, 321, 236, 352
-0.997962, 387, 245, 402, 276
-0.997969, 49, 29, 176, 60
-0.997972, 247, 197, 262, 228
-0.997973, 65, 293, 192, 324
-0.997975, 233, 169, 248, 200
-0.997977, 125, 211, 156, 226
-0.997977, 121, 197, 136, 228
-0.997977, 217, 141, 232, 172
-0.997978, 225, 245, 352, 276
-0.997981, 393, 251, 424, 266
-0.997982, 129, 205, 144, 236
-0.997987, 253, 345, 268, 375
-0.99799, 113, 245, 240, 276
-0.997992, 369, 81, 496, 112
-0.997998, 87, 273, 102, 304
-0.997999, 113, 189, 128, 220
-0.998002, 399, 305, 414, 336
-0.998003, 223, 153, 238, 184
-0.998004, 69, 281, 100, 344
-0.998006, 113, 185, 144, 200
-0.998007, 95, 33, 110, 64
-0.998012, 231, 181, 246, 212
-0.998013, 399, 285, 414, 316
-0.998013, 231, 253, 246, 284
-0.998016, 389, 325, 420, 340
-0.998018, 87, 257, 102, 288
-0.998024, 17, 213, 144, 244
-0.998025, 233, 163, 264, 178
-0.998026, 369, 137, 496, 168
-0.998026, 121, 313, 136, 344
-0.998027, 389, 319, 420, 334
-0.998027, 391, 341, 406, 372
-0.998029, 393, 317, 408, 348
-0.99803, 87, 237, 102, 268
-0.998031, 329, 209, 344, 272
-0.998033, 55, 1, 70, 32
-0.998035, 397, 245, 412, 276
-0.998035, 405, 297, 420, 328
-0.998035, 331, 201, 346, 232
-0.998038, 131, 313, 146, 344
-0.998038, 391, 329, 406, 360
-0.998042, 311, 201, 326, 232
-0.998043, 319, 261, 334, 292
-0.998044, 393, 257, 424, 272
-0.998051, 61, 9, 76, 40
-0.998052, 223, 173, 238, 204
-0.998053, 357, 273, 372, 304
-0.998054, 369, 45, 496, 76
-0.998057, 85, 137, 116, 200
-0.998058, 409, 281, 424, 312
-0.998061, 87, 285, 102, 316
-0.998062, 227, 209, 242, 240
-0.998062, 129, 185, 144, 216
-0.998064, 395, 233, 410, 264
-0.998064, 365, 261, 380, 292
-0.998066, 289, 333, 416, 364
-0.998067, 193, 325, 320, 356
-0.998067, 393, 289, 408, 320
-0.998068, 233, 329, 248, 360
-0.998071, 161, 249, 288, 280
-0.998073, 61, 1, 76, 64
-0.998075, 333, 221, 348, 252
-0.998076, 205, 173, 220, 204
-0.998077, 245, 347, 276, 362
-0.998077, 311, 233, 326, 264
-0.998077, 201, 225, 216, 256
-0.998078, 381, 241, 396, 272
-0.998079, 87, 25, 102, 56
-0.998081, 49, 13, 64, 44
-0.998081, 245, 249, 260, 280
-0.998085, 287, 209, 302, 240
-0.998085, 229, 129, 260, 375
-0.998085, 25, 153, 88, 216
-0.998086, 107, 189, 122, 220
-0.998087, 129, 341, 256, 372
-0.998089, 115, 177, 130, 208
-0.998091, 221, 213, 236, 244
-0.998092, 311, 261, 326, 292
-0.998094, 123, 213, 138, 244
-0.998094, 327, 221, 342, 252
-0.998094, 253, 209, 268, 240
-0.998095, 311, 273, 326, 304
-0.998095, 249, 161, 312, 224
-0.998097, 129, 205, 160, 220
-0.998098, 87, 65, 102, 96
-0.998098, 135, 197, 150, 228
-0.9981, 79, 21, 94, 52
-0.9981, 293, 229, 308, 260
-0.998101, 227, 221, 242, 252
-0.998103, 247, 173, 262, 204
-0.998105, 303, 253, 318, 284
-0.998105, 365, 229, 380, 260
-0.998105, 87, 313, 102, 344
-0.998105, 247, 161, 262, 192
-0.998105, 77, 233, 92, 264
-0.998106, 303, 241, 318, 272
-0.998108, 145, 221, 272, 252
-0.998108, 225, 253, 240, 284
-0.998108, 339, 213, 354, 244
-0.998109, 215, 217, 230, 248
-0.99811, 233, 217, 248, 248
-0.99811, 101, 181, 116, 212
-0.99811, 289, 317, 416, 348
-0.99811, 87, 297, 102, 328
-0.99811, 279, 345, 294, 375
-0.998111, 73, 17, 88, 48
-0.998112, 319, 213, 334, 244
-0.998112, 303, 221, 318, 252
-0.998112, 83, 333, 98, 364
-0.998113, 233, 157, 248, 188
-0.998113, 337, 201, 352, 232
-0.998113, 405, 309, 420, 340
-0.998114, 325, 273, 340, 304
-0.998115, 347, 273, 362, 304
-0.998115, 233, 205, 248, 236
-0.998117, 397, 221, 412, 252
-0.998118, 365, 249, 380, 280
-0.998118, 237, 253, 252, 284
-0.998118, 343, 201, 358, 232
-0.998118, 207, 221, 222, 252
-0.998119, 121, 173, 136, 204
-0.998119, 293, 213, 308, 244
-0.998122, 243, 217, 258, 248
-0.998123, 253, 229, 268, 260
-0.998123, 409, 261, 424, 292
-0.998125, 217, 233, 232, 264
-0.998125, 209, 153, 224, 184
-0.998125, 333, 261, 348, 292
-0.998125, 67, 49, 82, 80
-0.998125, 303, 265, 318, 296
-0.998126, 155, 161, 170, 192
-0.998126, 345, 213, 360, 244
-0.998126, 383, 225, 398, 256
-0.998129, 65, 305, 96, 368
-0.99813, 341, 273, 356, 304
-0.99813, 331, 273, 346, 304
-0.998131, 203, 161, 218, 192
-0.998131, 325, 261, 340, 292
-0.998132, 303, 201, 318, 264
-0.998132, 387, 257, 402, 288
-0.998133, 319, 273, 334, 304
-0.998136, 21, 89, 52, 152
-0.998136, 81, 61, 96, 92
-0.998136, 213, 165, 228, 196
-0.998137, 255, 241, 270, 272
-0.998138, 219, 253, 234, 284
-0.998138, 311, 225, 326, 288
-0.99814, 79, 269, 94, 300
-0.99814, 223, 145, 238, 208
-0.99814, 387, 293, 402, 324
-0.998149, 389, 273, 420, 288
-0.99815, 97, 183, 128, 198
-0.998162, 389, 289, 420, 304
-0.998166, 145, 201, 176, 264
-0.998168, 389, 281, 420, 296
-0.998174, 305, 113, 336, 240
-0.998174, 249, 359, 280, 374
-0.99818, 117, 317, 148, 332
-0.998212, 231, 217, 246, 280
-0.998223, 209, 197, 336, 228
-0.998229, 377, 237, 408, 252
-0.998235, 405, 273, 420, 336
-0.99824, 129, 305, 256, 336
-0.998248, 369, 29, 496, 60
-0.998249, 133, 81, 164, 208
-0.998264, 17, 233, 144, 264
-0.998294, 101, 191, 132, 206
-0.998295, 121, 313, 136, 375
-0.998296, 369, 1, 496, 32
-0.998297, 381, 169, 412, 232
-0.998299, 389, 295, 420, 310
-0.998317, 213, 325, 244, 340
-0.998325, 305, 169, 432, 200
-0.998326, 37, 1, 68, 256
-0.998327, 89, 81, 152, 144
-0.99833, 201, 145, 216, 208
-0.998333, 369, 69, 496, 100
-0.998341, 1, 113, 32, 240
-0.998343, 369, 13, 496, 44
-0.998343, 305, 137, 432, 168
-0.998347, 389, 313, 420, 328
-0.998357, 305, 1, 432, 32
-0.998361, 401, 33, 432, 288
-0.998375, 65, 241, 192, 272
-0.998376, 17, 201, 144, 232
-0.998377, 457, 241, 488, 368
-0.998378, 305, 49, 432, 80
-0.998379, 317, 201, 332, 264
-0.998386, 257, 49, 384, 176
-0.998392, 85, 33, 116, 288
-0.9984, 193, 269, 320, 300
-0.998418, 65, 269, 192, 300
-0.998427, 121, 129, 152, 375
-0.998441, 41, 129, 72, 256
-0.998442, 361, 239, 392, 254
-0.998446, 193, 1, 320, 128
-0.998481, 1, 49, 128, 80
-0.998483, 269, 145, 300, 272
-0.998497, 1, 345, 128, 375
-0.998498, 369, 57, 496, 88
-0.9985, 41, 193, 72, 256
-0.998511, 87, 241, 102, 304
-0.998514, 49, 41, 176, 72
-0.998515, 81, 157, 208, 188
-0.998528, 95, 33, 110, 96
-0.998538, 395, 241, 410, 368
-0.998555, 17, 169, 144, 200
-0.998558, 65, 257, 192, 288
-0.998567, 353, 269, 416, 284
-0.998572, 345, 253, 408, 268
-0.998573, 361, 281, 424, 296
-0.998581, 91, 161, 106, 224
-0.998581, 231, 185, 246, 248
-0.998582, 227, 313, 242, 375
-0.998584, 13, 161, 44, 224
-0.998586, 97, 183, 160, 198
-0.998588, 265, 351, 296, 366
-0.998588, 233, 359, 296, 374
-0.99859, 65, 209, 96, 272
-0.998591, 353, 237, 416, 252
-0.998592, 241, 353, 304, 368
-0.998593, 51, 9, 66, 72
-0.998595, 73, 267, 136, 282
-0.998596, 73, 261, 136, 276
-0.998597, 193, 329, 256, 344
-0.9986, 345, 261, 408, 276
-0.998601, 293, 201, 308, 264
-0.998602, 73, 275, 136, 290
-0.998603, 361, 275, 424, 290
-0.998606, 185, 181, 248, 196
-0.998608, 377, 311, 440, 326
-0.998609, 137, 167, 200, 182
-0.998611, 73, 255, 136, 270
-0.998611, 49, 29, 112, 44
-0.998613, 209, 183, 272, 198
-0.998613, 105, 317, 168, 332
-0.998614, 345, 247, 408, 262
-0.998615, 385, 243, 448, 258
-0.998615, 209, 217, 272, 232
-0.998618, 193, 185, 320, 216
-0.998619, 73, 323, 136, 338
-0.998619, 377, 303, 440, 318
-0.99862, 353, 287, 416, 302
-0.99862, 289, 219, 352, 234
-0.998621, 1, 153, 128, 184
-0.998621, 201, 241, 264, 256
-0.998622, 89, 349, 152, 364
-0.998624, 185, 165, 248, 180
-0.998625, 185, 151, 248, 166
-0.998626, 385, 251, 448, 266
-0.998626, 377, 343, 440, 358
-0.998627, 73, 311, 136, 326
-0.998628, 353, 231, 416, 246
-0.998631, 221, 209, 236, 272
-0.998631, 201, 145, 232, 160
-0.998631, 385, 257, 448, 272
-0.998632, 217, 165, 280, 180
-0.998632, 265, 355, 328, 370
-0.998632, 73, 329, 136, 344
-0.998632, 377, 353, 440, 368
-0.998633, 185, 225, 248, 240
-0.998633, 49, 35, 112, 50
-0.998633, 105, 339, 168, 354
-0.998633, 97, 325, 160, 340
-0.998634, 209, 177, 272, 192
-0.998635, 377, 359, 440, 374
-0.998635, 33, 21, 96, 36
-0.998635, 73, 281, 136, 296
-0.998636, 377, 337, 440, 352
-0.998636, 297, 205, 360, 220
-0.998637, 209, 171, 272, 186
-0.998637, 289, 225, 352, 240
-0.998637, 377, 317, 440, 332
-0.998638, 249, 215, 312, 230
-0.998638, 249, 229, 312, 244
-0.998638, 73, 249, 136, 264
-0.998639, 1, 61, 128, 92
-0.998639, 377, 331, 440, 346
-0.99864, 241, 223, 304, 238
-0.99864, 185, 157, 248, 172
-0.99864, 97, 165, 160, 180
-0.998641, 81, 231, 144, 246
-0.998641, 289, 211, 352, 226
-0.998641, 73, 241, 136, 256
-0.998642, 113, 215, 176, 230
-0.998643, 73, 317, 136, 332
-0.998643, 225, 327, 288, 342
-0.998644, 377, 325, 440, 340
-0.998645, 81, 189, 144, 204
-0.998645, 177, 81, 240, 208
-0.998646, 185, 171, 248, 186
-0.998646, 313, 259, 376, 274
-0.998647, 225, 261, 288, 276
-0.998648, 385, 227, 448, 242
-0.998649, 385, 263, 448, 278
-0.998649, 217, 229, 280, 244
-0.99865, 161, 159, 224, 174
-0.99865, 97, 331, 160, 346
-0.99865, 385, 233, 448, 248
-0.99865, 133, 273, 164, 336
-0.998651, 209, 223, 272, 238
-0.998652, 201, 235, 264, 250
-0.998653, 97, 171, 160, 186
-0.998655, 49, 41, 112, 56
-0.998655, 149, 129, 180, 375
-0.998656, 105, 189, 168, 204
-0.998656, 321, 275, 384, 290
-0.998656, 385, 271, 448, 286
-0.998657, 137, 173, 200, 188
-0.998657, 113, 361, 176, 375
-0.998657, 193, 145, 256, 160
-0.998657, 217, 211, 280, 226
-0.998658, 137, 191, 200, 206
-0.998658, 217, 351, 280, 366
-0.998659, 89, 355, 152, 370
-0.998659, 97, 223, 160, 238
-0.998659, 465, 113, 496, 240
-0.998659, 345, 353, 408, 368
-0.99866, 185, 187, 248, 202
-0.99866, 345, 339, 408, 354
-0.998661, 289, 257, 352, 272
-0.998662, 209, 189, 272, 204
-0.998662, 73, 287, 136, 302
-0.998662, 177, 219, 240, 234
-0.998663, 345, 347, 408, 362
-0.998663, 393, 11, 456, 26
-0.998664, 105, 177, 168, 192
-0.998664, 249, 347, 312, 362
-0.998664, 137, 199, 200, 214
-0.998665, 345, 359, 408, 374
-0.998665, 57, 187, 120, 202
-0.998666, 185, 255, 248, 270
-0.998666, 217, 333, 280, 348
-0.998666, 113, 345, 176, 360
-0.998668, 289, 275, 352, 290
-0.998668, 401, 291, 464, 306
-0.998668, 401, 285, 464, 300
-0.998669, 305, 233, 368, 248
-0.998669, 73, 297, 136, 312
-0.998669, 81, 361, 144, 375
-0.998669, 73, 335, 136, 350
-0.99867, 393, 3, 456, 18
-0.99867, 73, 225, 136, 240
-0.99867, 113, 353, 176, 368
-0.99867, 73, 343, 136, 358
-0.998671, 377, 297, 440, 312
-0.998671, 385, 221, 448, 236
-0.998671, 225, 251, 288, 266
-0.998671, 105, 195, 168, 210
-0.998672, 345, 325, 408, 340
-0.998672, 345, 317, 408, 332
-0.998673, 73, 305, 136, 320
-0.998673, 345, 331, 408, 346
-0.998673, 353, 51, 416, 66
-0.998673, 377, 243, 408, 258
-0.998673, 81, 195, 144, 210
-0.998687, 67, 9, 82, 72
-0.99869, 233, 137, 264, 200
-0.998691, 217, 129, 248, 375
-0.998695, 305, 93, 432, 124
-0.998701, 389, 301, 420, 316
-0.998706, 203, 217, 218, 280
-0.998707, 145, 257, 208, 320
-0.998709, 261, 359, 292, 374
-0.99871, 79, 17, 94, 80
-0.998736, 185, 241, 216, 368
-0.998754, 5, 209, 36, 336
-0.998754, 129, 145, 256, 176
-0.998759, 405, 297, 420, 360
-0.998764, 65, 1, 96, 256
-0.998769, 33, 1, 160, 32
-0.99877, 9, 1, 40, 256
-0.998776, 177, 173, 304, 204
-0.998778, 433, 241, 496, 368
-0.998801, 17, 261, 144, 292
-0.99881, 429, 129, 460, 256
-0.998814, 209, 161, 336, 192
-0.998821, 177, 313, 304, 375
-0.998827, 335, 209, 350, 272
-0.998831, 209, 313, 336, 344
-0.998835, 215, 233, 230, 296
-0.998842, 233, 297, 264, 360
-0.998849, 1, 321, 128, 352
-0.998876, 1, 333, 128, 364
-0.998892, 1, 301, 128, 332
-0.998901, 249, 353, 280, 368
-0.998903, 129, 269, 256, 300
-0.998903, 123, 209, 138, 272
-0.998919, 33, 13, 160, 44
-0.998934, 209, 81, 240, 208
-0.998936, 303, 241, 318, 304
-0.998944, 129, 177, 144, 240
-0.998948, 101, 289, 132, 352
-0.998958, 129, 233, 192, 296
-0.998973, 249, 241, 280, 368
-0.998993, 365, 249, 380, 312
-0.998999, 1, 249, 128, 280
-0.999001, 1, 273, 128, 304
-0.999011, 389, 307, 420, 322
-0.999025, 1, 185, 128, 216
-0.999029, 389, 225, 404, 352
-0.999029, 217, 137, 232, 200
-0.999039, 257, 285, 384, 316
-0.999042, 257, 261, 384, 292
-0.999046, 397, 217, 412, 280
-0.999057, 207, 137, 222, 200
-0.999063, 305, 61, 432, 92
-0.999073, 305, 81, 432, 112
-0.999074, 461, 161, 492, 288
-0.999078, 221, 331, 252, 346
-0.999086, 1, 289, 128, 320
-0.999086, 153, 225, 184, 352
-0.999092, 469, 65, 500, 192
-0.999108, 169, 129, 200, 375
-0.99911, 69, 97, 100, 352
-0.999114, 197, 129, 228, 375
-0.999135, 257, 197, 384, 228
-0.999136, 243, 217, 258, 280
-0.999137, 277, 241, 308, 368
-0.999144, 213, 209, 228, 272
-0.999154, 97, 129, 128, 375
-0.99916, 17, 141, 144, 172
-0.999168, 385, 129, 416, 375
-0.999172, 325, 233, 356, 296
-0.999178, 53, 1, 68, 128
-0.999179, 5, 41, 36, 104
-0.999179, 25, 1, 56, 256
-0.999183, 239, 161, 254, 224
-0.99919, 367, 225, 382, 288
-0.999203, 129, 137, 384, 200
-0.999205, 41, 225, 72, 352
-0.999208, 33, 97, 288, 160
-0.999215, 241, 177, 256, 304
-0.999222, 401, 241, 416, 368
-0.999225, 97, 49, 128, 176
-0.999225, 133, 129, 164, 375
-0.999229, 225, 117, 352, 148
-0.999233, 135, 185, 150, 248
-0.999235, 47, 1, 62, 128
-0.999244, 89, 25, 104, 88
-0.999249, 111, 161, 126, 224
-0.999257, 241, 129, 272, 375
-0.99926, 129, 137, 160, 200
-0.999261, 101, 33, 132, 288
-0.999265, 87, 241, 102, 368
-0.999277, 49, 53, 176, 84
-0.999291, 145, 1, 272, 128
-0.999294, 383, 225, 398, 352
-0.999298, 235, 177, 250, 304
-0.999298, 375, 225, 390, 352
-0.999299, 201, 33, 264, 288
-0.999308, 399, 193, 414, 320
-0.999321, 305, 37, 432, 68
-0.999322, 59, 1, 74, 128
-0.999328, 323, 209, 338, 272
-0.999332, 29, 209, 60, 336
-0.999334, 79, 1, 94, 128
-0.999334, 251, 193, 266, 320
-0.999345, 441, 193, 472, 320
-0.999355, 293, 177, 324, 240
-0.999367, 121, 161, 136, 288
-0.999374, 425, 81, 456, 208
-0.999382, 301, 129, 332, 375
-0.999386, 293, 193, 308, 320
-0.999387, 65, 1, 80, 128
-0.99939, 305, 25, 432, 56
-0.999394, 201, 129, 216, 256
-0.999399, 209, 233, 224, 296
-0.999405, 73, 1, 88, 128
-0.999409, 221, 129, 236, 256
-0.999415, 247, 145, 262, 272
-0.999418, 207, 161, 222, 288
-0.999419, 145, 49, 272, 176
-0.999423, 99, 161, 114, 288
-0.999424, 1, 41, 256, 104
-0.999425, 241, 333, 368, 364
-0.999426, 127, 177, 142, 304
-0.999429, 121, 209, 136, 336
-0.999429, 373, 129, 404, 375
-0.999432, 229, 161, 244, 288
-0.999442, 93, 161, 108, 288
-0.999444, 305, 13, 432, 44
-0.999446, 155, 145, 170, 272
-0.99946, 173, 145, 188, 272
-0.999461, 93, 233, 124, 296
-0.999471, 113, 281, 240, 312
-0.999474, 113, 81, 144, 208
-0.999475, 277, 233, 308, 296
-0.999497, 177, 145, 304, 176
-0.999499, 293, 225, 308, 288
-0.999501, 1, 109, 128, 140
-0.999501, 353, 209, 368, 336
-0.999501, 309, 49, 340, 176
-0.999504, 311, 177, 326, 304
-0.999507, 367, 209, 382, 336
-0.999508, 357, 265, 372, 328
-0.999512, 45, 49, 76, 112
-0.999512, 301, 209, 316, 336
-0.999514, 113, 257, 240, 288
-0.999526, 173, 217, 204, 280
-0.999532, 97, 9, 224, 72
-0.999548, 409, 241, 424, 304
-0.999552, 81, 17, 208, 48
-0.999554, 409, 129, 440, 375
-0.999555, 89, 1, 104, 128
-0.999558, 115, 161, 130, 288
-0.999561, 253, 145, 268, 272
-0.999561, 409, 209, 424, 336
-0.999561, 61, 49, 76, 112
-0.999562, 399, 145, 414, 272
-0.999563, 355, 225, 370, 288
-0.999563, 105, 161, 120, 288
-0.999568, 359, 241, 374, 368
-0.999585, 77, 49, 92, 176
-0.999586, 253, 129, 284, 375
-0.999594, 329, 193, 344, 320
-0.999601, 41, 1, 56, 128
-0.999602, 85, 49, 100, 176
-0.999604, 1, 201, 32, 264
-0.999611, 139, 209, 154, 336
-0.999614, 195, 209, 210, 336
-0.999622, 195, 161, 210, 288
-0.999632, 347, 209, 362, 336
-0.999632, 81, 241, 96, 368
-0.999634, 95, 33, 110, 160
-0.99964, 95, 113, 110, 240
-0.99964, 201, 177, 216, 304
-0.999645, 205, 169, 220, 232
-0.99965, 53, 209, 84, 336
-0.999663, 87, 129, 102, 256
-0.999663, 271, 193, 286, 320
-0.999663, 87, 193, 102, 320
-0.999666, 213, 209, 228, 336
-0.99967, 437, 241, 468, 368
-0.999671, 189, 193, 204, 320
-0.999671, 97, 313, 128, 375
-0.999673, 1, 65, 256, 128
-0.999679, 215, 129, 230, 256
-0.999681, 117, 1, 148, 128
-0.999687, 405, 1, 420, 128
-0.999688, 339, 193, 354, 320
-0.999689, 109, 129, 140, 375
-0.99969, 87, 289, 102, 352
-0.999691, 133, 193, 148, 320
-0.999692, 229, 209, 244, 336
-0.999692, 223, 177, 238, 304
-0.999693, 311, 225, 326, 352
-0.999694, 255, 177, 270, 240
-0.999694, 445, 129, 476, 256
-0.999695, 239, 129, 254, 256
-0.999703, 263, 193, 278, 320
-0.999707, 163, 145, 178, 272
-0.999707, 27, 33, 42, 160
-0.999708, 401, 97, 416, 224
-0.999712, 453, 1, 484, 128
-0.999714, 129, 241, 144, 368
-0.999717, 257, 193, 272, 320
-0.999717, 21, 33, 36, 160
-0.999722, 317, 209, 332, 336
-0.999723, 243, 225, 258, 352
-0.999729, 181, 169, 212, 232
-0.999729, 225, 177, 240, 240
-0.999735, 87, 317, 102, 332
-0.999735, 323, 257, 338, 272
-0.999735, 303, 243, 318, 258
-0.999736, 243, 219, 258, 234
-0.999736, 247, 187, 262, 202
-0.999736, 87, 243, 102, 258
-0.999736, 303, 259, 318, 274
-0.999736, 331, 257, 346, 272
-0.999736, 387, 299, 402, 314
-0.999736, 223, 183, 238, 198
-0.999736, 311, 233, 326, 248
-0.999736, 311, 257, 326, 272
-0.999736, 203, 181, 218, 196
-0.999736, 389, 361, 404, 375
-0.999736, 61, 11, 76, 26
-0.999736, 129, 317, 144, 332
-0.999736, 303, 269, 318, 284
-0.999736, 323, 205, 338, 220
-0.999736, 49, 1, 64, 16
-0.999736, 87, 307, 102, 322
-0.999736, 81, 63, 96, 78
-0.999736, 365, 287, 380, 302
-0.999736, 47, 15, 62, 30
-0.999736, 245, 255, 260, 270
-0.999737, 201, 227, 216, 242
-0.999737, 127, 215, 142, 230
-0.999737, 393, 323, 408, 338
-0.999737, 233, 225, 248, 240
-0.999737, 397, 241, 412, 256
-0.999737, 79, 23, 94, 38
-0.999737, 247, 195, 262, 210
-0.999737, 347, 211, 362, 226
-0.999737, 277, 193, 292, 320
-0.999737, 303, 253, 318, 268
-0.999737, 369, 233, 384, 248
-0.999737, 391, 329, 406, 344
-0.999737, 389, 263, 404, 278
-0.999737, 155, 167, 170, 182
-0.999738, 391, 353, 406, 368
-0.999738, 319, 215, 334, 230
-0.999738, 275, 355, 290, 370
-0.999738, 233, 177, 248, 192
-0.999738, 301, 209, 316, 224
-0.999738, 331, 219, 346, 234
-0.999738, 303, 161, 318, 288
-0.999738, 239, 191, 254, 206
-0.999738, 87, 297, 102, 312
-0.999738, 227, 321, 242, 336
-0.999739, 131, 203, 146, 218
-0.999739, 55, 197, 70, 212
-0.999739, 203, 155, 218, 170
-0.999739, 381, 241, 396, 256
-0.999739, 87, 249, 102, 264
-0.999739, 121, 181, 136, 196
-0.999739, 227, 225, 242, 240
-0.999739, 391, 341, 406, 356
-0.999739, 115, 181, 130, 196
-0.999739, 409, 297, 424, 312
-0.999739, 409, 283, 424, 298
-0.999739, 403, 49, 418, 176
-0.999739, 395, 263, 410, 278
-0.999739, 391, 335, 406, 350
-0.999739, 87, 287, 102, 302
-0.999739, 121, 317, 136, 332
-0.999739, 239, 335, 254, 350
-0.99974, 203, 175, 218, 190
-0.99974, 393, 317, 408, 332
-0.99974, 85, 27, 100, 42
-0.99974, 397, 247, 412, 262
-0.99974, 383, 233, 398, 248
-0.99974, 109, 193, 124, 208
-0.99974, 391, 347, 406, 362
-0.99974, 409, 291, 424, 306
-0.99974, 223, 177, 238, 192
-0.99974, 395, 235, 410, 250
-0.99974, 397, 257, 412, 272
-0.999741, 231, 257, 246, 272
-0.999741, 293, 225, 308, 240
-0.999741, 173, 161, 188, 224
-0.999741, 293, 233, 308, 248
-0.999741, 235, 241, 250, 368
-0.999741, 95, 35, 110, 50
-0.999741, 317, 205, 332, 220
-0.999741, 87, 255, 102, 270
-0.999741, 401, 287, 416, 302
-0.999741, 87, 281, 102, 296
-0.999741, 233, 165, 248, 180
-0.999742, 229, 183, 244, 198
-0.999742, 311, 201, 326, 216
-0.999742, 119, 187, 134, 202
-0.999742, 393, 299, 408, 314
-0.999742, 401, 281, 416, 296
-0.999742, 127, 191, 142, 206
-0.999743, 417, 145, 448, 208
-0.999743, 247, 201, 262, 216
-0.999743, 85, 261, 100, 276
-0.999743, 221, 151, 236, 166
-0.999743, 103, 173, 118, 188
-0.999743, 283, 353, 298, 368
-0.999744, 103, 179, 118, 194
-0.999744, 87, 269, 102, 284
-0.999744, 341, 259, 356, 274
-0.999744, 389, 235, 404, 250
-0.999744, 393, 311, 408, 326
-0.999744, 405, 305, 420, 320
-0.999745, 339, 217, 354, 232
-0.999745, 233, 325, 248, 340
-0.999746, 115, 193, 130, 208
-0.999746, 205, 145, 220, 160
-0.999747, 129, 209, 144, 224
-0.999747, 227, 333, 242, 348
-0.999747, 97, 171, 112, 186
-0.999747, 87, 275, 102, 290
-0.999747, 145, 193, 160, 320
-0.999748, 417, 241, 432, 368
-0.999748, 241, 197, 256, 212
-0.999748, 323, 209, 338, 336
-0.999748, 281, 361, 296, 375
-0.999748, 123, 199, 138, 214
-0.999748, 399, 297, 414, 312
-0.999749, 399, 309, 414, 324
-0.999749, 287, 193, 302, 320
-0.999749, 387, 247, 402, 262
-0.99975, 215, 145, 230, 160
-0.999751, 401, 273, 416, 288
-0.999752, 269, 357, 284, 372
-0.999753, 221, 325, 236, 340
-0.999754, 113, 187, 128, 202
-0.999758, 265, 351, 280, 366
-0.999758, 17, 225, 48, 352
-0.999759, 109, 181, 124, 196
-0.999759, 389, 241, 404, 256
-0.999762, 375, 239, 390, 254
-0.999762, 233, 331, 248, 346
-0.999763, 255, 353, 270, 368
-0.999765, 129, 129, 144, 256
-0.999766, 263, 357, 278, 372
-0.999767, 395, 269, 410, 284
-0.999768, 275, 361, 290, 375
-0.999775, 393, 305, 408, 320
-0.999776, 227, 327, 242, 342
-0.999777, 115, 209, 130, 336
-0.999778, 237, 217, 252, 280
-0.999779, 35, 33, 50, 160
-0.99978, 207, 209, 222, 336
-0.999782, 25, 41, 56, 104
-0.999784, 259, 347, 274, 362
-0.999786, 1, 33, 16, 160
-0.999788, 179, 145, 194, 272
-0.999793, 195, 193, 210, 256
-0.999798, 149, 145, 164, 272
-0.999804, 393, 177, 408, 304
-0.999805, 135, 145, 150, 272
-0.999807, 7, 33, 22, 160
-0.999811, 93, 225, 108, 352
-0.999814, 69, 49, 84, 176
-0.999822, 45, 161, 60, 288
-0.99983, 107, 1, 122, 128
-0.999836, 387, 177, 402, 304
-0.999839, 207, 113, 222, 240
-0.999845, 77, 193, 92, 320
-0.999848, 341, 209, 356, 272
-0.99985, 103, 113, 118, 240
-0.999851, 1, 169, 32, 232
-0.999852, 105, 1, 120, 64
-0.99986, 421, 193, 436, 320
-0.99986, 15, 33, 30, 160
-0.999863, 225, 33, 288, 288
-0.999865, 19, 145, 34, 272
-0.999865, 19, 97, 34, 224
-0.999865, 421, 145, 436, 272
-0.999866, 295, 241, 310, 368
-0.999868, 221, 225, 236, 352
-0.99987, 213, 185, 228, 248
-0.999871, 63, 49, 78, 176
-0.999871, 395, 17, 410, 144
-0.999876, 51, 177, 66, 304
-0.999877, 183, 193, 198, 320
-0.999878, 101, 1, 116, 128
-0.999882, 341, 241, 356, 368
-0.999884, 97, 177, 112, 240
-0.999885, 85, 57, 100, 120
-0.999886, 73, 9, 88, 72
-0.999888, 79, 57, 94, 120
-0.999897, 81, 129, 96, 256
-0.999898, 373, 33, 404, 160
-0.999905, 121, 113, 136, 240
-0.99991, 379, 177, 394, 304
-0.999916, 335, 241, 350, 368
-0.999917, 385, 33, 416, 288
-0.999924, 329, 241, 344, 368
-0.999935, 103, 145, 118, 208
-0.999935, 79, 265, 94, 328
-0.99994, 187, 145, 202, 272
-0.999942, 227, 113, 242, 240
-0.999944, 195, 113, 210, 240
-0.999955, 13, 145, 28, 272
-0.99996, 181, 129, 212, 375
-0.999965, 37, 161, 52, 288
-0.999966, 201, 225, 216, 352
-0.999966, 55, 129, 70, 256
-0.999969, 427, 145, 442, 272
-0.999971, 413, 129, 428, 256
-0.999975, 25, 145, 40, 272
-0.999975, 259, 145, 274, 272
-0.999982, 323, 161, 338, 288
-0.999988, 401, 161, 416, 224
-1.00002, 221, 233, 236, 296
-1.00004, 421, 97, 452, 352
-1.00005, 77, 233, 92, 296
-1.00006, 133, 33, 164, 288
-1.00006, 341, 129, 372, 375
-1.00008, 325, 265, 340, 328
-1.00008, 311, 257, 326, 320
-1.00009, 277, 129, 308, 375
-1.0001, 357, 129, 388, 375
-1.00012, 155, 153, 170, 216
-1.00012, 45, 129, 76, 375
-1.00014, 343, 265, 358, 328
-1.00014, 87, 217, 102, 280
-1.00015, 289, 65, 320, 192
-1.00017, 81, 313, 96, 375
-1.00018, 261, 209, 276, 272
-1.00022, 335, 265, 350, 328
-1.00023, 347, 225, 362, 288
-1.00023, 321, 129, 352, 375
-1.00026, 195, 225, 210, 288
-1.00026, 1, 129, 32, 375
-1.00027, 267, 209, 282, 272
-1.00027, 233, 33, 264, 288
-1.00028, 417, 1, 448, 256
-1.00028, 285, 209, 300, 272
-1.00029, 449, 81, 480, 208
-1.00029, 21, 97, 52, 352
-1.00032, 33, 97, 64, 352
-1.00032, 383, 297, 398, 360
-1.00033, 273, 209, 288, 272
-1.00033, 255, 225, 270, 288
-1.00034, 289, 129, 320, 375
-1.00034, 57, 129, 88, 375
-1.00035, 153, 33, 184, 288
-1.00036, 113, 313, 128, 375
-1.00036, 399, 193, 414, 256
-1.00039, 113, 1, 144, 256
-1.00039, 95, 225, 110, 288
-1.0004, 381, 233, 396, 296
-1.0004, 411, 265, 426, 328
-1.00041, 469, 1, 500, 256
-1.00041, 141, 297, 156, 360
-1.00043, 95, 129, 110, 192
-1.00044, 45, 9, 60, 72
-1.00044, 165, 97, 196, 224
-1.00045, 221, 313, 236, 375
-1.00047, 405, 1, 420, 64
-1.00048, 97, 33, 352, 288
-1.00049, 433, 33, 464, 160
-1.0005, 83, 137, 98, 200
-1.00051, 71, 49, 86, 112
-1.00051, 367, 281, 382, 344
-1.00053, 195, 153, 210, 216
-1.00053, 361, 33, 392, 160
-1.00056, 181, 33, 212, 288
-1.00057, 249, 233, 264, 296
-1.00057, 397, 1, 412, 64
-1.00057, 253, 33, 284, 288
-1.00058, 303, 265, 318, 328
-1.00058, 219, 185, 234, 248
-1.00059, 13, 137, 28, 200
-1.00059, 233, 313, 248, 375
-1.0006, 129, 113, 384, 176
-1.0006, 461, 129, 492, 375
-1.00061, 317, 225, 332, 288
-1.00066, 61, 25, 76, 88
-1.00067, 153, 185, 168, 248
-1.00068, 39, 1, 54, 64
-1.00068, 265, 129, 296, 375
-1.00069, 319, 265, 334, 328
-1.00069, 97, 1, 352, 64
-1.0007, 53, 33, 68, 96
-1.0007, 129, 89, 384, 152
-1.00071, 47, 193, 62, 256
-1.00074, 81, 289, 96, 352
-1.00075, 189, 217, 204, 280
-1.00076, 437, 81, 468, 208
-1.00077, 405, 33, 420, 96
-1.00077, 99, 1, 114, 64
-1.00078, 209, 33, 240, 288
-1.00083, 129, 25, 384, 88
-1.00087, 429, 1, 460, 256
-1.00088, 297, 33, 360, 288
-1.00089, 437, 129, 468, 375
-1.00089, 197, 33, 228, 288
-1.00091, 233, 81, 264, 208
-1.00091, 257, 153, 384, 216
-1.00093, 309, 33, 340, 288
-1.00095, 129, 65, 384, 128
-1.00099, 257, 105, 384, 168
-1.001, 221, 33, 252, 288
-1.00107, 445, 1, 476, 256
-1.00107, 165, 33, 196, 288
-1.00109, 373, 33, 404, 288
-1.0011, 293, 33, 324, 288
-1.00111, 457, 1, 488, 256
-1.00112, 321, 33, 352, 288
-1.00115, 333, 33, 364, 288
-1.00117, 257, 97, 288, 224
-1.00122, 449, 129, 480, 375
-1.00124, 357, 33, 388, 288
-1.00129, 329, 1, 392, 128
-1.00132, 265, 33, 296, 288
-1.00137, 341, 113, 372, 240
-1.00138, 345, 33, 376, 288
-1.00145, 313, 97, 376, 224
-1.00149, 281, 33, 312, 288
-1.00149, 221, 65, 252, 192
-1.00152, 321, 113, 352, 240
-1.00207, 209, 81, 336, 144
-1.00208, 249, 33, 312, 288
-1.00219, 201, 65, 264, 192
-1.00221, 305, 1, 368, 128
-1.00229, 257, 97, 320, 224
-1.00261, 97, 33, 224, 96
-1.00309, 321, 33, 384, 288
-1.00326, 97, 97, 224, 160
-1.00331, 105, 49, 168, 176
-1.0038, 97, 57, 224, 120
-1.00385, 129, 17, 192, 144
-1.00407, 273, 33, 336, 288
-1.0042, 225, 41, 352, 104
-1.00421, 305, 49, 368, 176
-1.00422, 329, 49, 392, 176
-1.00441, 281, 97, 344, 224
-1.00458, 281, 1, 344, 128
-1.00514, 257, 65, 384, 128
-1.00517, 161, 113, 288, 176
-1.00519, 145, 9, 272, 72
-1.00522, 185, 1, 248, 128
-1.00523, 225, 17, 352, 80
-1.00529, 265, 49, 328, 176
-1.00586, 161, 1, 224, 128
-1.00588, 161, 89, 288, 152
-1.0059, 145, 41, 272, 104
-1.0059, 145, 65, 272, 128
-1.00594, 153, 49, 216, 176
-1.00614, 249, 1, 312, 128
-1.00653, 225, 33, 288, 160
