1906
-0.455458, 1, 1, 334, 500
-0.521432, 1, 257, 334, 500
-0.55251, 65, 1, 320, 500
-0.614923, 1, 129, 334, 384
-0.65547, 1, 1, 334, 256
-0.715161, 1, 257, 256, 500
-0.762237, 65, 97, 320, 352
-0.835625, 65, 1, 320, 256
-0.866041, 177, 1, 304, 500
-0.875627, 177, 1, 304, 256
-0.886581, 17, 225, 144, 480
-0.889058, 97, 97, 224, 352
-0.889183, 1, 257, 334, 384
-0.889191, 129, 1, 256, 500
-0.89102, 1, 1, 128, 500
-0.895014, 65, 225, 192, 480
-0.900819, 161, 225, 288, 480
-0.909855, 209, 129, 334, 384
-0.913248, 113, 225, 240, 480
-0.915759, 49, 1, 176, 500
-0.921785, 1, 17, 334, 144
-0.9226, 1, 257, 256, 384
-0.929188, 17, 129, 144, 384
-0.93131, 1, 65, 334, 192
-0.931665, 145, 129, 272, 384
-0.934143, 1, 193, 334, 320
-0.939337, 17, 241, 144, 368
-0.942509, 177, 1, 304, 128
-0.942565, 129, 1, 256, 256
-0.945159, 65, 145, 320, 272
-0.945198, 65, 17, 320, 144
-0.946018, 1, 145, 334, 272
-0.949049, 65, 209, 320, 336
-0.950546, 209, 225, 334, 480
-0.9518, 1, 65, 256, 192
-0.952399, 1, 241, 64, 368
-0.95364, 65, 241, 192, 368
-0.955344, 1, 305, 256, 432
-0.955884, 1, 305, 334, 432
-0.956291, 137, 257, 200, 384
-0.957323, 161, 65, 288, 192
-0.957741, 17, 289, 144, 416
-0.958344, 33, 33, 160, 288
-0.95848, 185, 17, 248, 144
-0.958501, 161, 241, 288, 368
-0.958967, 17, 193, 144, 320
-0.960216, 89, 225, 152, 352
-0.960336, 25, 273, 88, 400
-0.960443, 81, 289, 208, 416
-0.960606, 57, 241, 120, 368
-0.960821, 209, 273, 334, 400
-0.96208, 185, 65, 248, 192
-0.962413, 97, 273, 160, 400
-0.962749, 225, 17, 288, 144
-0.963564, 97, 97, 224, 224
-0.965124, 209, 49, 334, 176
-0.965229, 1, 289, 64, 416
-0.965245, 265, 1, 328, 128
-0.965512, 89, 273, 152, 336
-0.965783, 97, 33, 224, 160
-0.966001, 25, 193, 88, 320
-0.966612, 177, 209, 240, 336
-0.966702, 41, 241, 104, 304
-0.967176, 153, 33, 216, 160
-0.96733, 249, 49, 312, 176
-0.967489, 65, 257, 128, 320
-0.968051, 81, 193, 208, 320
-0.968685, 17, 273, 80, 336
-0.968743, 209, 97, 334, 224
-0.969039, 185, 73, 248, 136
-0.969102, 1, 305, 64, 368
-0.969182, 49, 193, 112, 320
-0.96922, 169, 273, 232, 400
-0.969297, 137, 257, 200, 320
-0.96935, 129, 193, 256, 320
-0.969664, 89, 249, 152, 312
-0.969717, 73, 217, 136, 280
-0.970433, 41, 209, 104, 272
-0.97064, 17, 249, 144, 312
-0.970702, 273, 81, 334, 208
-0.970809, 209, 225, 334, 352
-0.97136, 129, 289, 256, 416
-0.971473, 113, 241, 240, 368
-0.971559, 1, 201, 64, 264
-0.971675, 113, 273, 176, 336
-0.972583, 81, 145, 208, 272
-0.97267, 17, 273, 144, 336
-0.972704, 241, 113, 304, 240
-0.973502, 113, 225, 176, 352
-0.973532, 1, 33, 128, 160
-0.973572, 49, 81, 176, 208
-0.973706, 265, 57, 328, 120
-0.974083, 1, 145, 128, 272
-0.974183, 153, 209, 216, 336
-0.974268, 145, 113, 272, 240
-0.974328, 177, 161, 304, 288
-0.97438, 209, 1, 272, 64
-0.974399, 1, 193, 64, 320
-0.974519, 257, 305, 320, 432
-0.974572, 177, 265, 240, 328
-0.9748, 65, 273, 192, 336
-0.974839, 1, 33, 64, 160
-0.975544, 81, 1, 208, 256
-0.975558, 273, 161, 334, 288
-0.975591, 209, 81, 272, 208
-0.975601, 185, 1, 248, 64
-0.975727, 217, 25, 280, 88
-0.976097, 145, 289, 208, 352
-0.976153, 257, 209, 320, 272
-0.976458, 193, 25, 256, 88
-0.97664, 29, 273, 60, 336
-0.976841, 161, 129, 224, 256
-0.976856, 25, 305, 88, 368
-0.97703, 1, 81, 128, 208
-0.977095, 185, 49, 248, 112
-0.977291, 89, 273, 120, 336
-0.977409, 185, 97, 248, 160
-0.977449, 177, 9, 304, 72
-0.977476, 73, 177, 136, 304
-0.977672, 273, 177, 334, 240
-0.977842, 97, 225, 160, 288
-0.977879, 81, 249, 208, 312
-0.977918, 177, 33, 304, 96
-0.977995, 209, 81, 272, 144
-0.978096, 1, 353, 256, 480
-0.978353, 201, 161, 264, 224
-0.978378, 121, 273, 152, 336
-0.978388, 233, 217, 296, 280
-0.978595, 21, 241, 52, 368
-0.978836, 209, 321, 334, 448
-0.979279, 185, 161, 248, 288
-0.979403, 81, 249, 112, 312
-0.97947, 113, 249, 176, 312
-0.979539, 273, 33, 334, 96
-0.979773, 129, 97, 192, 224
-0.979794, 1, 249, 64, 312
-0.97995, 177, 225, 240, 288
-0.979954, 241, 9, 304, 72
-0.980219, 81, 225, 144, 480
-0.980412, 25, 249, 56, 312
-0.980529, 185, 65, 248, 320
-0.980539, 109, 257, 140, 320
-0.980561, 177, 73, 304, 136
-0.980591, 105, 209, 136, 336
-0.980659, 1, 305, 128, 368
-0.980694, 193, 193, 256, 256
-0.980934, 1, 297, 32, 360
-0.98124, 5, 241, 36, 368
-0.981598, 233, 137, 296, 200
-0.98173, 233, 113, 296, 176
-0.981777, 265, 9, 328, 72
-0.981809, 105, 225, 168, 480
-0.981836, 265, 89, 328, 152
-0.982028, 249, 161, 312, 224
-0.982054, 233, 1, 296, 256
-0.982095, 209, 145, 272, 272
-0.982109, 197, 17, 228, 144
-0.982131, 125, 257, 156, 384
-0.98243, 153, 81, 216, 144
-0.982444, 101, 233, 132, 296
-0.982505, 165, 241, 196, 368
-0.982539, 25, 33, 88, 160
-0.982767, 9, 113, 72, 240
-0.982788, 65, 81, 128, 208
-0.98279, 233, 49, 296, 112
-0.982998, 13, 297, 44, 360
-0.98322, 233, 321, 296, 384
-0.983245, 209, 137, 272, 200
-0.983278, 193, 257, 256, 384
-0.983319, 273, 33, 334, 288
-0.98354, 161, 97, 288, 160
-0.983557, 129, 73, 256, 136
-0.983666, 273, 233, 334, 296
-0.983701, 113, 257, 144, 384
-0.98376, 241, 185, 304, 248
-0.983781, 201, 209, 264, 336
-0.983797, 197, 1, 228, 64
-0.983842, 1, 329, 64, 392
-0.984002, 41, 273, 104, 336
-0.984019, 97, 97, 224, 160
-0.984019, 161, 257, 288, 320
-0.984047, 113, 161, 176, 288
-0.984073, 13, 193, 44, 320
-0.984087, 93, 257, 124, 384
-0.984151, 73, 289, 136, 416
-0.984181, 185, 121, 248, 184
-0.984234, 1, 337, 64, 464
-0.984312, 161, 137, 224, 200
-0.984349, 269, 1, 300, 128
-0.984356, 217, 241, 280, 304
-0.984413, 233, 89, 296, 152
-0.984416, 153, 81, 216, 208
-0.984515, 13, 249, 44, 312
-0.984541, 89, 81, 152, 208
-0.984776, 33, 305, 64, 368
-0.984833, 137, 273, 168, 336
-0.984932, 209, 97, 334, 160
-0.984995, 49, 193, 112, 448
-0.985015, 161, 105, 224, 168
-0.985036, 137, 225, 200, 480
-0.985117, 45, 241, 76, 304
-0.98512, 1, 209, 128, 272
-0.985129, 9, 209, 40, 272
-0.985214, 185, 113, 248, 240
-0.985297, 1, 193, 64, 448
-0.985339, 33, 257, 64, 384
-0.985352, 21, 289, 52, 416
-0.985359, 185, 209, 216, 336
-0.985424, 209, 225, 334, 288
-0.985424, 165, 257, 196, 320
-0.985434, 249, 161, 312, 288
-0.985461, 17, 177, 80, 240
-0.985484, 41, 81, 104, 208
-0.985517, 153, 41, 216, 104
-0.985535, 193, 65, 224, 192
-0.985536, 185, 1, 248, 500
-0.98569, 137, 233, 200, 296
-0.985726, 9, 289, 40, 416
-0.985738, 45, 257, 76, 384
-0.985825, 169, 289, 232, 352
-0.985863, 185, 265, 216, 328
-0.985889, 161, 225, 224, 480
-0.985903, 241, 257, 304, 320
-0.98593, 177, 177, 304, 240
-0.985944, 193, 145, 320, 208
-0.985975, 141, 257, 172, 384
-0.986008, 193, 57, 224, 120
-0.986067, 97, 297, 160, 360
-0.98617, 165, 289, 196, 352
-0.986314, 81, 193, 144, 256
-0.986335, 69, 193, 100, 320
-0.986387, 257, 289, 320, 352
-0.986412, 281, 177, 312, 240
-0.986489, 241, 257, 304, 384
-0.98659, 209, 281, 334, 344
-0.986624, 169, 289, 200, 416
-0.986627, 29, 193, 60, 320
-0.986629, 161, 281, 288, 344
-0.986748, 81, 241, 112, 368
-0.986798, 41, 193, 72, 320
-0.986838, 81, 297, 208, 360
-0.986841, 209, 1, 240, 128
-0.986861, 189, 129, 220, 256
-0.986886, 177, 17, 208, 144
-0.986892, 1, 65, 64, 320
-0.986908, 65, 281, 128, 344
-0.986955, 209, 217, 272, 280
-0.986975, 41, 145, 104, 272
-0.986985, 41, 273, 72, 336
-0.986987, 233, 321, 296, 448
-0.986999, 257, 137, 320, 200
-0.987033, 101, 281, 132, 344
-0.987044, 173, 65, 204, 192
-0.987162, 81, 129, 144, 256
-0.9872, 25, 201, 56, 264
-0.987204, 197, 25, 228, 88
-0.987378, 241, 97, 304, 352
-0.987415, 137, 305, 200, 432
-0.987472, 1, 193, 32, 320
-0.987485, 273, 433, 334, 496
-0.987519, 245, 1, 276, 128
-0.987526, 153, 1, 216, 64
-0.987567, 209, 1, 272, 256
-0.987585, 193, 105, 224, 168
-0.987607, 145, 121, 272, 184
-0.987611, 169, 169, 232, 232
-0.987657, 197, 209, 228, 272
-0.987698, 269, 177, 300, 240
-0.987703, 237, 1, 268, 64
-0.987761, 153, 241, 184, 368
-0.987843, 257, 113, 320, 176
-0.987921, 41, 185, 104, 248
-0.987987, 1, 337, 128, 464
-0.987991, 93, 209, 124, 336
-0.988016, 49, 33, 176, 160
-0.988041, 113, 273, 240, 336
-0.9882, 217, 273, 280, 336
-0.988204, 209, 201, 334, 264
-0.988213, 209, 305, 334, 368
-0.988235, 17, 225, 80, 288
-0.988263, 153, 129, 216, 384
-0.988289, 121, 249, 152, 312
-0.988338, 221, 1, 252, 128
-0.988349, 145, 337, 272, 464
-0.988401, 297, 161, 328, 288
-0.988404, 257, 1, 320, 500
-0.988445, 25, 337, 88, 464
-0.988475, 17, 1, 80, 500
-0.988486, 201, 321, 264, 384
-0.988501, 185, 273, 216, 400
-0.98857, 225, 193, 288, 320
-0.988585, 289, 209, 320, 272
-0.988655, 209, 113, 272, 176
-0.988657, 49, 289, 112, 416
-0.988682, 85, 209, 116, 272
-0.988702, 73, 129, 136, 384
-0.988713, 269, 49, 300, 176
-0.988749, 209, 129, 272, 384
-0.988759, 225, 161, 288, 224
-0.988857, 305, 1, 334, 128
-0.988872, 233, 1, 296, 500
-0.988891, 249, 433, 312, 496
-0.988893, 209, 305, 272, 432
-0.9889, 113, 209, 240, 272
-0.988902, 269, 161, 300, 288
-0.988993, 273, 209, 334, 336
-0.989004, 117, 209, 148, 336
-0.98902, 105, 89, 168, 152
-0.989114, 153, 201, 216, 264
-0.989119, 157, 289, 188, 416
-0.989128, 57, 193, 88, 320
-0.989259, 261, 209, 292, 272
-0.989268, 17, 273, 48, 336
-0.989283, 1, 81, 64, 144
-0.989316, 105, 65, 168, 320
-0.989356, 177, 145, 208, 272
-0.989363, 161, 1, 224, 256
-0.989367, 161, 217, 288, 280
-0.989372, 49, 97, 176, 160
-0.9894, 97, 209, 128, 272
-0.989432, 25, 161, 88, 416
-0.989493, 257, 321, 320, 384
-0.989497, 305, 81, 334, 208
-0.989508, 149, 289, 180, 352
-0.989518, 17, 17, 48, 144
-0.989568, 205, 241, 236, 368
-0.989631, 209, 241, 240, 304
-0.989745, 129, 17, 192, 144
-0.989806, 281, 81, 312, 208
-0.989814, 185, 161, 248, 416
-0.989856, 257, 33, 288, 160
-0.989862, 113, 153, 240, 216
-0.989866, 41, 1, 104, 500
-0.989873, 49, 305, 112, 368
-0.989893, 129, 129, 192, 384
-0.989921, 209, 1, 272, 500
-0.989922, 197, 193, 228, 320
-0.989926, 73, 225, 104, 288
-0.989985, 97, 129, 224, 192
-0.989985, 193, 121, 320, 184
-0.99002, 209, 249, 334, 312
-0.990039, 297, 161, 328, 224
-0.99008, 1, 281, 256, 344
-0.990093, 217, 193, 280, 256
-0.990099, 65, 217, 192, 280
-0.990102, 129, 113, 192, 176
-0.990217, 45, 209, 76, 272
-0.990256, 25, 337, 88, 400
-0.990259, 245, 113, 276, 176
-0.990363, 57, 209, 88, 272
-0.990385, 17, 209, 80, 240
-0.990391, 113, 185, 240, 248
-0.990418, 9, 273, 72, 304
-0.990422, 293, 49, 324, 176
-0.99046, 217, 297, 280, 360
-0.990473, 89, 265, 152, 296
-0.990481, 253, 241, 284, 368
-0.990487, 269, 9, 300, 72
-0.99049, 1, 309, 64, 340
-0.990603, 241, 217, 272, 280
-0.990605, 225, 81, 256, 144
-0.99061, 293, 57, 324, 120
-0.990646, 57, 265, 120, 296
-0.990668, 221, 305, 252, 432
-0.990676, 81, 169, 144, 232
-0.990695, 217, 17, 248, 80
-0.990697, 57, 273, 88, 400
-0.99073, 273, 209, 304, 272
-0.990745, 257, 97, 288, 224
-0.990782, 41, 209, 104, 240
-0.99079, 293, 1, 324, 128
-0.990842, 1, 49, 32, 176
-0.990862, 233, 17, 264, 144
-0.990875, 105, 277, 168, 308
-0.99088, 41, 81, 104, 144
-0.990914, 209, 73, 240, 136
-0.990914, 193, 185, 224, 248
-0.99092, 65, 277, 128, 308
-0.990941, 97, 297, 160, 328
-0.990948, 89, 253, 152, 284
-0.99097, 69, 249, 100, 312
-0.99099, 293, 185, 324, 248
-0.991025, 121, 297, 184, 360
-0.991058, 193, 329, 320, 392
-0.991092, 25, 65, 88, 320
-0.9911, 9, 137, 72, 200
-0.991115, 185, 29, 248, 60
-0.991117, 81, 241, 144, 272
-0.991119, 17, 65, 48, 192
-0.991124, 25, 261, 56, 292
-0.991131, 73, 1, 136, 500
-0.991143, 277, 137, 308, 200
-0.991144, 185, 73, 248, 104
-0.99118, 257, 97, 288, 160
-0.991182, 17, 361, 80, 424
-0.991199, 137, 265, 200, 296
-0.991203, 269, 113, 300, 176
-0.991243, 93, 161, 124, 288
-0.991258, 237, 137, 268, 200
-0.991277, 257, 137, 288, 200
-0.991285, 73, 221, 136, 252
-0.991288, 89, 273, 120, 304
-0.991295, 233, 81, 264, 208
-0.991307, 73, 201, 104, 264
-0.991338, 129, 209, 160, 336
-0.991344, 9, 185, 40, 248
-0.991354, 269, 113, 300, 240
-0.991358, 185, 113, 248, 144
-0.991398, 1, 261, 64, 292
-0.991419, 41, 253, 104, 284
-0.991422, 185, 85, 248, 116
-0.99143, 257, 409, 320, 472
-0.991446, 81, 177, 112, 304
-0.991472, 177, 277, 240, 308
-0.991489, 213, 65, 244, 192
-0.991498, 69, 241, 100, 368
-0.991506, 137, 277, 200, 308
-0.991507, 225, 209, 256, 336
-0.99152, 145, 297, 208, 328
-0.991525, 301, 209, 332, 336
-0.9916, 269, 241, 300, 368
-0.991618, 105, 193, 168, 256
-0.99162, 185, 17, 248, 48
-0.991629, 245, 289, 276, 416
-0.991648, 273, 73, 304, 136
-0.991694, 185, 97, 248, 128
-0.991708, 233, 93, 296, 124
-0.991718, 201, 169, 264, 200
-0.991732, 45, 305, 76, 368
-0.991738, 249, 241, 280, 304
-0.991745, 193, 129, 224, 192
-0.991748, 141, 209, 172, 336
-0.991762, 257, 193, 288, 320
-0.991768, 49, 177, 176, 240
-0.9918, 273, 213, 334, 244
-0.991802, 25, 313, 88, 344
-0.991816, 193, 297, 256, 360
-0.991852, 1, 185, 128, 248
-0.991884, 253, 9, 284, 72
-0.991902, 1, 257, 256, 320
-0.991908, 153, 113, 216, 144
-0.991917, 241, 13, 304, 44
-0.991917, 265, 61, 328, 92
-0.991931, 265, 129, 328, 384
-0.991937, 245, 321, 276, 384
-0.991949, 161, 1, 224, 500
-0.991953, 13, 321, 44, 384
-0.991972, 241, 241, 272, 368
-0.991997, 229, 161, 260, 288
-0.992, 185, 49, 248, 80
-0.992004, 237, 89, 268, 152
-0.992021, 285, 305, 316, 432
-0.992031, 193, 1, 256, 32
-0.992038, 217, 433, 280, 496
-0.992043, 113, 265, 176, 296
-0.992063, 121, 297, 184, 328
-0.992068, 185, 61, 248, 92
-0.99207, 97, 1, 160, 500
-0.992071, 109, 209, 140, 272
-0.992073, 297, 273, 328, 400
-0.99209, 17, 249, 80, 280
-0.992091, 273, 257, 334, 384
-0.992093, 209, 121, 272, 152
-0.992098, 285, 161, 316, 288
-0.992102, 153, 49, 216, 80
-0.992105, 193, 189, 256, 220
-0.992139, 233, 121, 296, 152
-0.992149, 197, 81, 228, 144
-0.992156, 241, 205, 304, 236
-0.992163, 273, 457, 334, 488
-0.992165, 193, 369, 320, 496
-0.992169, 257, 165, 320, 196
-0.992179, 249, 209, 312, 336
-0.992199, 217, 257, 280, 384
-0.992206, 265, 121, 328, 152
-0.99222, 281, 241, 312, 368
-0.992225, 209, 161, 240, 288
-0.992228, 17, 197, 80, 228
-0.992234, 273, 49, 334, 80
-0.992243, 33, 269, 96, 300
-0.992244, 177, 289, 240, 320
-0.992249, 233, 109, 296, 140
-0.992251, 49, 221, 112, 252
-0.992263, 257, 469, 320, 500
-0.992265, 209, 37, 272, 68
-0.992282, 137, 161, 200, 288
-0.992283, 217, 257, 280, 288
-0.992287, 185, 129, 248, 160
-0.992289, 1, 121, 128, 184
-0.992296, 73, 289, 136, 320
-0.992317, 117, 265, 148, 296
-0.992319, 233, 153, 296, 184
-0.992398, 37, 305, 68, 432
-0.992401, 33, 225, 64, 288
-0.992405, 177, 265, 240, 296
-0.992405, 29, 65, 60, 192
-0.992426, 225, 249, 256, 312
-0.992446, 1, 281, 334, 344
-0.992449, 273, 181, 334, 212
-0.992455, 97, 337, 224, 464
-0.992455, 173, 193, 204, 320
-0.992469, 101, 261, 132, 292
-0.992518, 205, 289, 236, 416
-0.992523, 217, 225, 280, 256
-0.992536, 17, 365, 80, 396
-0.99254, 109, 285, 140, 316
-0.992545, 225, 257, 256, 384
-0.99255, 249, 29, 312, 60
-0.992553, 153, 37, 216, 68
-0.992555, 241, 77, 304, 108
-0.992556, 245, 97, 276, 224
-0.992565, 97, 49, 224, 112
-0.99258, 121, 253, 184, 284
-0.992591, 225, 345, 288, 408
-0.992596, 25, 273, 56, 304
-0.992606, 241, 225, 304, 256
-0.992615, 249, 133, 312, 164
-0.99264, 217, 21, 280, 52
-0.992642, 153, 101, 216, 132
-0.99265, 153, 129, 216, 160
-0.992662, 217, 333, 280, 364
-0.992667, 189, 161, 220, 224
-0.99268, 65, 253, 128, 284
-0.992684, 49, 337, 176, 464
-0.992687, 25, 325, 88, 356
-0.992705, 273, 85, 334, 116
-0.992716, 33, 281, 96, 312
-0.992717, 177, 237, 240, 268
-0.992727, 29, 17, 60, 144
-0.992727, 1, 325, 64, 356
-0.992743, 49, 33, 112, 160
-0.992752, 265, 17, 328, 48
-0.992754, 241, 333, 304, 364
-0.992766, 49, 241, 112, 272
-0.992766, 281, 17, 312, 144
-0.992774, 193, 213, 256, 244
-0.992777, 81, 205, 144, 236
-0.992805, 193, 253, 256, 284
-0.99283, 1, 329, 128, 392
-0.992837, 193, 201, 256, 232
-0.992856, 209, 109, 272, 140
-0.992859, 37, 273, 68, 304
-0.992867, 265, 105, 328, 136
-0.992877, 49, 97, 112, 352
-0.992878, 49, 305, 112, 336
-0.992878, 1, 337, 64, 368
-0.992886, 225, 173, 288, 204
-0.992896, 9, 213, 40, 244
-0.992904, 257, 285, 320, 316
-0.992905, 73, 65, 104, 192
-0.992911, 21, 309, 52, 340
-0.992937, 217, 1, 280, 32
-0.992949, 193, 337, 256, 368
-0.992951, 105, 233, 168, 264
-0.992958, 265, 73, 328, 104
-0.992959, 153, 25, 216, 56
-0.992977, 217, 141, 280, 172
-0.99299, 77, 273, 108, 336
-0.992998, 153, 61, 216, 92
-0.992999, 233, 469, 296, 500
-0.993002, 233, 409, 296, 472
-0.993021, 177, 225, 240, 256
-0.993022, 273, 33, 304, 96
-0.993034, 273, 193, 334, 224
-0.993036, 169, 181, 232, 212
-0.993036, 273, 329, 334, 360
-0.993038, 209, 89, 272, 120
-0.993048, 217, 237, 280, 268
-0.993048, 273, 341, 334, 372
-0.993055, 25, 349, 88, 380
-0.993095, 57, 197, 120, 228
-0.993096, 25, 337, 88, 368
-0.993107, 17, 145, 48, 272
-0.993112, 113, 221, 176, 252
-0.993119, 249, 49, 312, 80
-0.993121, 209, 153, 272, 184
-0.993123, 77, 257, 108, 288
-0.993125, 153, 233, 216, 264
-0.993132, 217, 209, 280, 240
-0.993142, 233, 113, 264, 176
-0.993149, 217, 385, 280, 448
-0.993151, 153, 113, 184, 240
-0.993152, 45, 145, 76, 272
-0.993162, 129, 9, 256, 72
-0.993165, 273, 1, 334, 32
-0.993169, 121, 285, 152, 316
-0.993171, 97, 265, 112, 328
-0.993184, 273, 33, 334, 64
-0.99319, 81, 89, 144, 152
-0.993196, 153, 13, 216, 44
-0.993212, 13, 261, 44, 292
-0.993214, 97, 93, 160, 124
-0.993221, 1, 349, 64, 380
-0.993224, 37, 257, 52, 320
-0.993226, 153, 89, 216, 120
-0.993237, 65, 49, 128, 80
-0.993264, 273, 149, 334, 180
-0.993281, 145, 177, 208, 240
-0.993281, 241, 321, 304, 352
-0.993314, 201, 321, 264, 352
-0.993316, 225, 185, 288, 216
-0.993318, 33, 217, 288, 280
-0.993337, 145, 141, 208, 172
-0.993338, 273, 237, 334, 268
-0.993355, 273, 445, 334, 476
-0.993364, 173, 105, 204, 168
-0.993364, 41, 49, 104, 80
-0.993366, 105, 273, 136, 304
-0.993368, 133, 249, 164, 312
-0.993372, 33, 293, 96, 324
-0.993377, 89, 49, 152, 80
-0.993382, 37, 313, 68, 344
-0.993396, 193, 433, 320, 496
-0.993403, 245, 193, 276, 256
-0.993412, 137, 1, 200, 500
-0.993493, 221, 137, 252, 200
-0.993506, 61, 209, 92, 240
-0.993508, 17, 145, 144, 208
-0.993516, 225, 217, 256, 280
-0.993558, 293, 1, 324, 64
-0.993566, 217, 369, 280, 496
-0.993575, 1, 145, 32, 272
-0.993638, 25, 337, 56, 464
-0.99365, 185, 225, 216, 288
-0.993678, 289, 89, 320, 152
-0.99368, 229, 281, 260, 344
-0.993699, 257, 145, 288, 272
-0.993704, 165, 17, 196, 144
-0.993724, 33, 145, 64, 272
-0.993725, 193, 73, 224, 104
-0.993727, 137, 137, 200, 200
-0.993736, 257, 345, 320, 408
-0.993752, 305, 321, 334, 448
-0.993776, 41, 33, 72, 160
-0.993816, 89, 233, 120, 264
-0.993821, 57, 145, 120, 208
-0.993825, 53, 273, 84, 336
-0.99383, 265, 265, 328, 328
-0.993837, 265, 289, 296, 416
-0.993874, 17, 261, 144, 292
-0.993877, 89, 261, 120, 292
-0.993891, 193, 121, 224, 152
-0.993895, 9, 309, 40, 340
-0.993929, 101, 249, 132, 280
-0.993961, 245, 193, 276, 320
-0.993995, 37, 261, 68, 292
-0.993999, 45, 209, 76, 240
-0.994033, 197, 13, 228, 44
-0.994043, 89, 185, 120, 248
-0.994065, 105, 297, 136, 328
-0.994072, 165, 297, 196, 328
-0.994079, 233, 1, 264, 32
-0.994094, 33, 129, 96, 192
-0.99411, 105, 161, 136, 288
-0.994143, 77, 269, 108, 300
-0.994144, 5, 201, 36, 232
-0.994157, 25, 209, 56, 240
-0.994167, 305, 185, 334, 248
-0.994198, 293, 97, 324, 224
-0.994203, 125, 81, 156, 208
-0.994227, 113, 81, 144, 208
-0.99424, 73, 245, 104, 276
-0.994259, 301, 209, 332, 272
-0.994267, 1, 81, 128, 144
-0.994273, 297, 233, 328, 296
-0.994276, 177, 289, 208, 352
-0.994301, 265, 321, 296, 384
-0.994345, 173, 145, 204, 208
-0.994362, 185, 285, 216, 316
-0.994392, 13, 273, 44, 304
-0.994401, 121, 161, 152, 288
-0.994422, 37, 245, 68, 276
-0.994431, 105, 217, 136, 248
-0.994433, 185, 257, 248, 500
-0.994437, 257, 161, 288, 224
-0.994462, 189, 213, 220, 244
-0.994469, 185, 273, 216, 304
-0.994472, 237, 121, 268, 152
-0.994477, 289, 169, 320, 200
-0.994502, 205, 185, 236, 248
-0.994507, 305, 265, 334, 328
-0.994536, 33, 105, 96, 168
-0.994539, 113, 245, 144, 276
-0.99454, 293, 65, 324, 96
-0.994562, 25, 257, 88, 500
-0.994564, 137, 97, 168, 224
-0.99457, 53, 65, 84, 192
-0.99459, 37, 185, 68, 248
-0.994592, 117, 297, 148, 328
-0.994599, 1, 113, 64, 176
-0.994605, 129, 265, 160, 296
-0.99462, 1, 89, 32, 152
-0.994627, 1, 89, 256, 152
-0.994631, 197, 29, 228, 60
-0.994651, 249, 257, 312, 500
-0.994661, 293, 205, 324, 236
-0.994667, 17, 273, 144, 304
-0.994668, 25, 249, 56, 280
-0.994693, 65, 121, 128, 184
-0.994719, 153, 265, 184, 328
-0.994719, 1, 321, 32, 384
-0.99472, 9, 249, 40, 280
-0.994733, 209, 245, 240, 276
-0.994744, 245, 265, 276, 328
-0.99476, 31, 273, 46, 336
-0.994771, 137, 297, 168, 328
-0.994774, 305, 65, 334, 128
-0.99478, 273, 257, 334, 500
-0.994809, 113, 145, 176, 208
-0.994822, 97, 285, 128, 316
-0.994823, 269, 209, 300, 240
-0.994828, 169, 321, 232, 448
-0.994844, 209, 189, 240, 220
-0.994856, 193, 109, 224, 140
-0.994862, 149, 297, 180, 328
-0.994866, 65, 145, 96, 272
-0.99487, 197, 57, 228, 88
-0.994871, 49, 277, 80, 308
-0.994875, 1, 353, 334, 480
-0.994879, 133, 277, 164, 308
-0.994894, 31, 241, 46, 304
-0.994918, 261, 469, 292, 500
-0.994918, 101, 81, 132, 208
-0.994922, 81, 277, 208, 308
-0.994927, 193, 133, 224, 164
-0.994929, 209, 217, 240, 280
-0.994936, 213, 97, 244, 160
-0.994937, 237, 141, 268, 172
-0.994953, 105, 233, 136, 264
-0.994962, 89, 209, 120, 240
-0.994969, 1, 97, 32, 224
-0.994971, 131, 257, 146, 320
-0.994982, 197, 1, 228, 32
-0.994985, 189, 201, 220, 232
-0.994996, 233, 249, 264, 280
-0.995009, 221, 113, 252, 144
-0.995019, 209, 57, 272, 120
-0.995021, 189, 177, 220, 208
-0.995022, 29, 341, 60, 372
-0.995023, 193, 45, 224, 76
-0.995028, 273, 353, 334, 480
-0.995031, 165, 277, 196, 308
-0.995031, 273, 121, 304, 152
-0.995032, 125, 273, 140, 336
-0.995048, 89, 221, 120, 252
-0.995051, 245, 257, 276, 288
-0.995061, 269, 233, 300, 296
-0.995063, 249, 33, 280, 96
-0.995073, 89, 113, 120, 240
-0.995081, 225, 101, 256, 132
-0.995081, 173, 81, 204, 144
-0.995095, 177, 113, 208, 144
-0.995095, 45, 197, 76, 228
-0.995101, 277, 101, 308, 132
-0.995103, 153, 193, 184, 320
-0.995105, 41, 81, 72, 208
-0.995111, 153, 313, 216, 376
-0.995141, 165, 265, 196, 296
-0.995152, 273, 173, 304, 204
-0.995153, 289, 137, 320, 200
-0.995176, 217, 29, 248, 60
-0.995176, 29, 365, 60, 396
-0.995185, 229, 169, 260, 232
-0.99519, 89, 33, 152, 160
-0.995212, 245, 205, 276, 236
-0.995214, 241, 325, 272, 356
-0.995236, 305, 121, 334, 152
-0.995249, 57, 245, 88, 276
-0.995296, 73, 209, 104, 240
-0.995305, 1, 305, 256, 368
-0.995307, 205, 121, 236, 152
-0.99531, 65, 177, 320, 240
-0.995311, 29, 197, 60, 228
-0.995314, 257, 133, 288, 164
-0.995318, 269, 41, 300, 72
-0.995339, 281, 81, 312, 112
-0.99535, 281, 205, 312, 236
-0.995353, 177, 297, 208, 328
-0.995355, 177, 321, 240, 384
-0.995357, 233, 89, 264, 120
-0.995369, 269, 17, 300, 48
-0.99537, 285, 113, 316, 144
-0.995375, 305, 281, 334, 312
-0.995375, 121, 305, 152, 432
-0.995377, 49, 313, 80, 344
-0.995381, 229, 177, 260, 208
-0.995386, 57, 241, 88, 304
-0.995396, 165, 129, 196, 256
-0.995401, 253, 245, 284, 276
-0.995404, 305, 165, 334, 196
-0.995414, 289, 217, 320, 248
-0.995414, 305, 433, 334, 496
-0.995429, 297, 189, 328, 220
-0.995432, 269, 77, 300, 108
-0.995434, 133, 305, 164, 432
-0.99544, 129, 253, 160, 284
-0.995442, 21, 329, 52, 360
-0.995452, 73, 221, 104, 252
-0.995452, 85, 245, 116, 276
-0.995475, 181, 129, 212, 160
-0.99549, 153, 49, 184, 176
-0.995491, 91, 249, 106, 312
-0.995497, 249, 313, 280, 344
-0.995498, 145, 305, 272, 368
-0.995505, 269, 225, 300, 256
-0.995516, 253, 217, 284, 248
-0.995517, 245, 49, 276, 176
-0.995542, 41, 325, 72, 356
-0.995543, 49, 257, 80, 288
-0.995587, 105, 169, 168, 232
-0.995607, 173, 141, 204, 172
-0.995623, 265, 321, 296, 352
-0.995626, 209, 225, 272, 480
-0.995635, 269, 433, 300, 496
-0.995638, 209, 261, 240, 292
-0.99564, 221, 313, 252, 344
-0.995641, 209, 17, 240, 48
-0.995646, 261, 117, 292, 148
-0.995648, 281, 289, 312, 320
-0.995661, 241, 41, 272, 72
-0.995673, 289, 453, 320, 484
-0.995679, 201, 273, 232, 336
-0.995679, 225, 305, 256, 368
-0.995685, 65, 261, 96, 292
-0.995705, 233, 261, 264, 292
-0.995711, 5, 305, 20, 368
-0.995713, 1, 249, 128, 280
-0.995745, 1, 93, 32, 124
-0.995746, 81, 297, 208, 328
-0.995754, 237, 309, 268, 340
-0.995769, 225, 217, 256, 248
-0.995772, 97, 305, 128, 432
-0.995775, 205, 209, 236, 240
-0.995776, 269, 237, 300, 268
-0.995782, 65, 257, 192, 288
-0.995795, 77, 177, 108, 240
-0.995827, 245, 297, 276, 360
-0.99585, 1, 89, 334, 152
-0.995852, 13, 297, 28, 360
-0.995915, 177, 117, 304, 148
-0.995943, 237, 241, 268, 304
-0.99595, 43, 273, 58, 336
-0.995968, 177, 17, 208, 80
-0.995991, 65, 65, 320, 128
-0.995999, 1, 145, 256, 208
-0.996014, 241, 337, 272, 464
-0.996027, 77, 129, 108, 256
-0.996036, 145, 305, 176, 432
-0.996066, 193, 369, 256, 496
-0.996066, 77, 305, 108, 432
-0.99607, 161, 277, 288, 308
-0.99608, 103, 273, 118, 336
-0.996085, 1, 9, 256, 72
-0.996095, 25, 329, 56, 392
-0.996122, 137, 273, 152, 336
-0.996126, 177, 9, 304, 40
-0.99613, 241, 385, 304, 448
-0.996142, 21, 305, 36, 368
-0.996153, 261, 297, 292, 360
-0.996179, 119, 273, 134, 336
-0.996214, 245, 145, 276, 272
-0.99626, 33, 293, 160, 324
-0.996268, 49, 329, 112, 392
-0.996296, 305, 121, 334, 184
-0.99632, 73, 33, 136, 288
-0.996328, 65, 113, 320, 176
-0.996345, 27, 305, 42, 368
-0.996351, 1, 225, 334, 288
-0.996358, 177, 25, 304, 56
-0.99636, 281, 289, 312, 352
-0.996362, 1, 209, 128, 240
-0.99639, 1, 257, 334, 320
-0.996391, 195, 129, 210, 192
-0.996397, 305, 1, 334, 64
-0.996398, 203, 177, 218, 240
-0.996398, 81, 337, 144, 464
-0.99641, 37, 353, 68, 480
-0.996432, 5, 273, 36, 336
-0.996441, 285, 433, 316, 496
-0.996507, 295, 177, 310, 240
-0.996508, 221, 193, 252, 256
-0.996523, 177, 45, 304, 76
-0.996525, 185, 321, 216, 448
-0.996538, 213, 161, 244, 224
-0.996558, 37, 305, 52, 368
-0.996622, 177, 93, 304, 124
-0.996624, 1, 193, 334, 256
-0.996628, 13, 81, 44, 144
-0.996636, 89, 145, 152, 208
-0.996637, 305, 33, 334, 96
-0.996644, 177, 185, 208, 248
-0.996647, 261, 73, 292, 136
-0.996661, 65, 329, 192, 392
-0.996708, 189, 265, 204, 328
-0.99672, 201, 345, 264, 408
-0.99673, 129, 89, 160, 152
-0.996736, 209, 113, 240, 240
-0.996749, 65, 33, 320, 96
-0.996752, 1, 305, 334, 368
-0.996776, 47, 241, 62, 304
-0.996793, 161, 265, 288, 296
-0.996796, 129, 89, 192, 152
-0.996805, 193, 1, 224, 256
-0.996832, 287, 201, 302, 264
-0.996843, 161, 289, 288, 320
-0.996848, 109, 305, 140, 432
-0.996865, 81, 329, 144, 392
-0.99687, 209, 105, 334, 136
-0.996876, 37, 281, 52, 344
-0.996937, 197, 41, 212, 104
-0.996947, 103, 233, 118, 296
-0.996954, 179, 289, 194, 352
-0.99696, 113, 113, 240, 144
-0.996964, 45, 305, 60, 368
-0.996993, 193, 425, 256, 488
-0.997019, 9, 209, 24, 272
-0.997035, 145, 329, 272, 392
-0.997043, 1, 57, 334, 120
-0.997054, 113, 265, 240, 296
-0.997069, 109, 257, 124, 320
-0.997089, 25, 273, 40, 336
-0.997105, 177, 65, 304, 96
-0.997113, 129, 201, 192, 264
-0.997116, 221, 113, 252, 240
-0.99714, 97, 225, 128, 480
-0.997141, 193, 377, 256, 440
-0.997141, 125, 249, 140, 312
-0.997174, 179, 257, 194, 320
-0.997176, 177, 77, 304, 108
-0.997204, 85, 65, 116, 192
-0.997207, 161, 177, 288, 208
-0.997214, 213, 161, 228, 224
-0.997292, 119, 249, 134, 312
-0.997345, 209, 281, 334, 312
-0.997367, 193, 201, 320, 232
-0.997416, 193, 161, 320, 192
-0.997455, 21, 365, 52, 380
-0.997456, 165, 295, 196, 310
-0.99746, 277, 125, 308, 140
-0.99746, 245, 121, 276, 136
-0.997461, 189, 201, 220, 216
-0.997467, 209, 125, 240, 140
-0.997468, 37, 345, 68, 360
-0.997469, 293, 125, 324, 140
-0.99747, 189, 183, 220, 198
-0.997471, 133, 277, 164, 292
-0.997473, 261, 249, 292, 264
-0.997473, 289, 455, 320, 470
-0.997476, 25, 257, 56, 272
-0.997478, 85, 233, 100, 296
-0.997478, 257, 229, 288, 244
-0.99748, 173, 145, 204, 160
-0.997483, 229, 253, 260, 268
-0.997486, 261, 343, 292, 358
-0.997486, 193, 177, 208, 240
-0.997489, 209, 225, 334, 256
-0.99749, 217, 263, 248, 278
-0.997494, 217, 33, 248, 48
-0.997498, 249, 183, 280, 198
-0.997507, 195, 105, 210, 168
-0.997509, 257, 311, 288, 326
-0.997509, 261, 471, 292, 486
-0.99751, 269, 119, 300, 134
-0.997512, 73, 205, 104, 220
-0.997516, 249, 139, 280, 154
-0.997523, 257, 121, 288, 136
-0.997525, 297, 231, 328, 246
-0.997525, 185, 269, 216, 284
-0.997529, 177, 333, 304, 364
-0.997529, 197, 337, 228, 464
-0.997537, 193, 113, 224, 128
-0.997559, 285, 167, 316, 182
-0.997561, 109, 225, 140, 480
-0.997566, 241, 229, 272, 244
-0.997571, 45, 261, 76, 276
-0.997579, 197, 3, 228, 18
-0.997588, 277, 345, 308, 360
-0.99759, 197, 21, 228, 36
-0.997591, 89, 293, 120, 308
-0.997593, 125, 265, 156, 280
-0.997594, 275, 201, 290, 264
-0.997595, 257, 319, 288, 334
-0.997597, 149, 301, 180, 316
-0.997599, 1, 219, 32, 234
-0.997602, 237, 151, 268, 166
-0.997607, 101, 253, 132, 268
-0.997607, 117, 255, 148, 270
-0.997609, 225, 125, 256, 140
-0.997611, 301, 117, 332, 132
-0.997626, 197, 15, 228, 30
-0.997633, 1, 317, 128, 348
-0.997634, 277, 207, 308, 222
-0.997636, 273, 179, 304, 194
-0.997641, 237, 131, 268, 146
-0.997645, 77, 193, 108, 448
-0.997646, 137, 301, 168, 316
-0.997647, 83, 209, 98, 272
-0.997649, 45, 281, 76, 296
-0.99765, 197, 43, 228, 58
-0.997653, 65, 329, 320, 392
-0.997666, 25, 347, 56, 362
-0.997666, 177, 53, 208, 68
-0.997667, 253, 255, 284, 270
-0.997668, 253, 115, 284, 130
-0.997669, 37, 269, 52, 300
-0.99767, 237, 201, 252, 264
-0.997671, 25, 241, 40, 304
-0.997677, 193, 51, 224, 66
-0.997679, 177, 113, 208, 128
-0.997679, 97, 273, 112, 304
-0.99768, 1, 209, 16, 272
-0.997681, 49, 121, 176, 184
-0.997682, 209, 293, 334, 324
-0.997685, 49, 73, 176, 136
-0.997688, 29, 261, 44, 292
-0.997688, 239, 161, 254, 224
-0.997689, 281, 177, 296, 240
-0.997698, 261, 337, 292, 464
-0.9977, 297, 207, 328, 222
-0.9977, 129, 257, 160, 272
-0.997705, 121, 299, 152, 314
-0.997713, 145, 145, 272, 176
-0.997715, 65, 245, 192, 276
-0.997723, 209, 119, 240, 134
-0.997723, 221, 119, 252, 134
-0.997727, 165, 265, 196, 280
-0.997729, 193, 133, 224, 148
-0.99773, 65, 247, 96, 262
-0.997739, 197, 29, 228, 44
-0.997744, 189, 207, 220, 222
-0.997748, 97, 49, 224, 80
-0.997749, 117, 273, 148, 288
-0.997755, 209, 269, 334, 300
-0.997756, 105, 289, 136, 304
-0.997759, 95, 261, 110, 292
-0.997771, 89, 243, 120, 258
-0.997773, 5, 263, 36, 278
-0.997775, 233, 161, 248, 224
-0.997776, 209, 255, 240, 270
-0.997778, 105, 245, 136, 260
-0.997782, 245, 261, 276, 276
-0.997782, 65, 211, 96, 226
-0.997784, 197, 37, 228, 52
-0.997788, 1, 113, 334, 176
-0.997792, 197, 223, 228, 238
-0.997797, 185, 285, 216, 300
-0.997799, 65, 153, 192, 216
-0.997805, 193, 75, 224, 90
-0.997809, 243, 201, 258, 264
-0.997814, 43, 269, 58, 300
-0.997816, 119, 285, 134, 316
-0.997817, 281, 117, 312, 132
-0.997818, 101, 221, 132, 236
-0.997819, 289, 179, 320, 194
-0.99782, 33, 367, 64, 382
-0.997825, 145, 129, 272, 160
-0.997844, 35, 257, 50, 288
-0.997846, 81, 261, 112, 276
-0.997848, 305, 125, 334, 140
-0.997849, 25, 281, 56, 296
-0.99785, 131, 269, 146, 300
-0.99785, 1, 137, 334, 200
-0.997855, 127, 281, 142, 312
-0.997858, 45, 313, 60, 344
-0.997868, 105, 239, 136, 254
-0.997874, 121, 279, 152, 294
-0.997876, 77, 253, 108, 268
-0.997878, 185, 295, 216, 310
-0.99788, 105, 277, 136, 292
-0.997885, 111, 209, 126, 272
-0.997887, 13, 269, 44, 284
-0.997888, 35, 309, 50, 340
-0.997893, 195, 129, 210, 160
-0.997897, 15, 213, 30, 244
-0.997898, 291, 205, 306, 236
-0.997902, 89, 257, 104, 288
-0.997911, 129, 97, 256, 128
-0.997911, 111, 285, 126, 316
-0.997915, 1, 17, 334, 80
-0.997916, 233, 119, 264, 134
-0.997916, 29, 309, 44, 340
-0.997916, 5, 205, 20, 236
-0.997921, 197, 117, 212, 148
-0.997923, 281, 173, 312, 188
-0.997929, 305, 209, 320, 240
-0.99793, 209, 245, 240, 260
-0.99793, 109, 273, 124, 304
-0.997932, 23, 261, 38, 292
-0.997932, 7, 217, 22, 248
-0.997934, 21, 309, 36, 340
-0.997935, 101, 261, 116, 292
-0.997936, 305, 169, 334, 184
-0.997936, 189, 217, 220, 232
-0.997939, 103, 273, 118, 304
-0.997941, 309, 169, 324, 200
-0.997941, 85, 217, 100, 248
-0.997941, 189, 277, 204, 308
-0.997944, 223, 169, 238, 200
-0.997944, 121, 249, 136, 280
-0.997945, 125, 261, 140, 292
-0.997946, 69, 209, 84, 240
-0.997946, 299, 209, 314, 240
-0.997954, 31, 273, 46, 304
-0.997954, 89, 233, 120, 248
-0.997957, 193, 81, 224, 96
-0.997958, 141, 161, 172, 288
-0.997963, 21, 213, 36, 244
-0.997963, 233, 169, 248, 200
-0.997964, 203, 173, 218, 204
-0.997964, 13, 207, 44, 222
-0.997966, 9, 309, 40, 324
-0.997968, 17, 201, 32, 232
-0.997968, 15, 309, 30, 340
-0.99797, 1, 309, 16, 340
-0.99797, 11, 201, 26, 232
-0.99797, 107, 261, 122, 292
-0.997971, 9, 309, 24, 340
-0.997971, 33, 263, 64, 278
-0.997972, 185, 275, 216, 290
-0.997974, 193, 189, 320, 220
-0.997976, 29, 249, 44, 280
-0.997981, 197, 53, 212, 84
-0.997985, 37, 337, 52, 368
-0.997986, 83, 245, 98, 276
-0.997987, 113, 173, 240, 204
-0.997988, 89, 281, 120, 296
-0.997988, 213, 169, 228, 200
-0.997989, 39, 349, 54, 380
-0.997989, 133, 281, 148, 312
-0.99799, 299, 185, 314, 216
-0.997991, 27, 209, 42, 240
-0.997994, 103, 245, 118, 276
-0.997994, 165, 301, 196, 316
-0.997996, 259, 137, 274, 168
-0.997999, 243, 209, 258, 240
-0.998, 249, 205, 264, 236
-0.998001, 237, 205, 252, 236
-0.998001, 305, 189, 320, 220
-0.998004, 105, 113, 168, 176
-0.998004, 301, 165, 316, 196
-0.998008, 301, 177, 316, 240
-0.998008, 315, 217, 330, 248
-0.998009, 275, 205, 290, 236
-0.998009, 221, 189, 236, 220
-0.998009, 89, 269, 104, 300
-0.998009, 179, 297, 194, 328
-0.998009, 51, 313, 66, 344
-0.998009, 199, 9, 214, 40
-0.998011, 281, 209, 296, 240
-0.998012, 233, 145, 248, 176
-0.998012, 315, 205, 330, 236
-0.998013, 187, 289, 202, 320
-0.998014, 185, 161, 216, 416
-0.998015, 193, 177, 208, 208
-0.998018, 121, 225, 152, 480
-0.998019, 135, 297, 150, 328
-0.99802, 191, 113, 206, 144
-0.998026, 197, 33, 212, 64
-0.998026, 105, 285, 120, 316
-0.998029, 239, 169, 254, 200
-0.998031, 115, 265, 130, 296
-0.998033, 137, 269, 152, 300
-0.998033, 35, 205, 50, 236
-0.998034, 207, 205, 222, 236
-0.998036, 229, 249, 244, 280
-0.998036, 37, 361, 52, 392
-0.998036, 59, 205, 74, 236
-0.998037, 295, 173, 310, 204
-0.998037, 229, 157, 244, 188
-0.998037, 1, 217, 16, 248
-0.998038, 107, 297, 122, 328
-0.998038, 235, 245, 250, 276
-0.998038, 199, 1, 214, 64
-0.998039, 315, 169, 330, 200
-0.99804, 315, 193, 330, 224
-0.99804, 197, 21, 212, 52
-0.99804, 129, 297, 144, 328
-0.998041, 49, 261, 64, 292
-0.998042, 205, 277, 220, 308
-0.998042, 281, 121, 296, 152
-0.998042, 59, 277, 74, 308
-0.998043, 229, 185, 244, 216
-0.998044, 77, 205, 92, 236
-0.998044, 111, 241, 126, 272
-0.998044, 243, 221, 258, 252
-0.998045, 245, 257, 260, 288
-0.998045, 251, 313, 266, 344
-0.998045, 281, 221, 296, 252
-0.998045, 123, 297, 138, 328
-0.998046, 275, 121, 290, 152
-0.998048, 187, 265, 202, 296
-0.998048, 25, 273, 40, 304
-0.998048, 239, 121, 254, 152
-0.998048, 237, 189, 252, 220
-0.998049, 151, 297, 166, 328
-0.99805, 229, 121, 244, 152
-0.99805, 285, 105, 300, 136
-0.998053, 179, 277, 194, 308
-0.998055, 17, 265, 32, 296
-0.998055, 47, 205, 62, 236
-0.998056, 131, 253, 146, 284
-0.998058, 101, 233, 116, 264
-0.998059, 297, 113, 312, 144
-0.998059, 41, 257, 56, 288
-0.998062, 193, 201, 208, 232
-0.998062, 231, 101, 246, 132
-0.998063, 201, 189, 216, 220
-0.998063, 259, 309, 274, 340
-0.998063, 65, 65, 128, 128
-0.998064, 89, 245, 104, 276
-0.998064, 287, 221, 302, 252
-0.998064, 259, 285, 274, 316
-0.998064, 117, 297, 132, 328
-0.998065, 159, 297, 174, 328
-0.998065, 319, 181, 334, 212
-0.998069, 39, 233, 54, 296
-0.998073, 77, 275, 108, 290
-0.998108, 197, 119, 228, 134
-0.998119, 315, 209, 330, 272
-0.998124, 1, 169, 334, 232
-0.998138, 105, 297, 136, 312
-0.998139, 233, 1, 264, 256
-0.99814, 15, 209, 30, 272
-0.998145, 113, 253, 240, 284
-0.998148, 41, 57, 104, 120
-0.99815, 173, 129, 204, 384
-0.998152, 21, 311, 52, 326
-0.998155, 1, 207, 32, 222
-0.99816, 17, 237, 144, 268
-0.998165, 97, 61, 224, 92
-0.99817, 89, 65, 152, 128
-0.998171, 97, 259, 128, 274
-0.998172, 53, 17, 84, 144
-0.998173, 177, 401, 304, 464
-0.998187, 37, 207, 68, 222
-0.998189, 307, 161, 322, 224
-0.998194, 277, 1, 308, 256
-0.998198, 281, 209, 296, 272
-0.99821, 221, 177, 236, 240
-0.998212, 267, 201, 282, 264
-0.998225, 295, 209, 310, 272
-0.998227, 315, 177, 330, 240
-0.998238, 233, 137, 248, 200
-0.998238, 153, 225, 184, 480
-0.998239, 189, 129, 204, 192
-0.99824, 249, 305, 264, 368
-0.99826, 23, 209, 38, 272
-0.998283, 165, 225, 196, 480
-0.998286, 193, 149, 320, 180
-0.998289, 193, 127, 224, 142
-0.998301, 85, 269, 116, 284
-0.998306, 209, 313, 334, 344
-0.998309, 209, 257, 334, 288
-0.99831, 97, 233, 224, 264
-0.998316, 157, 289, 172, 352
-0.998316, 101, 271, 132, 286
-0.998317, 17, 275, 48, 290
-0.99832, 265, 1, 296, 256
-0.998323, 161, 249, 288, 280
-0.998333, 251, 201, 266, 264
-0.998334, 97, 241, 112, 304
-0.998342, 37, 269, 68, 284
-0.998345, 113, 265, 144, 280
-0.998352, 209, 177, 334, 208
-0.998358, 133, 225, 164, 480
-0.998358, 257, 97, 288, 352
-0.998362, 33, 313, 64, 328
-0.998378, 1, 197, 128, 228
-0.998378, 65, 425, 320, 488
-0.99838, 1, 361, 128, 424
-0.998393, 5, 281, 20, 344
-0.998412, 193, 401, 256, 464
-0.998418, 149, 289, 164, 352
-0.998461, 1, 329, 128, 360
-0.998462, 41, 275, 72, 290
-0.998464, 129, 85, 256, 116
-0.998467, 257, 217, 272, 280
-0.998475, 113, 17, 240, 48
-0.998475, 109, 283, 140, 298
-0.998489, 113, 1, 240, 32
-0.998491, 319, 273, 334, 336
-0.998496, 17, 209, 80, 224
-0.998507, 189, 241, 204, 304
-0.998508, 53, 209, 84, 224
-0.998517, 97, 221, 224, 252
-0.998525, 247, 1, 262, 64
-0.998527, 29, 201, 44, 264
-0.998529, 165, 289, 180, 352
-0.998538, 89, 273, 152, 288
-0.998547, 245, 225, 260, 288
-0.998551, 17, 277, 80, 292
-0.998553, 145, 229, 272, 260
-0.998567, 101, 265, 132, 280
-0.998567, 209, 237, 334, 268
-0.998568, 209, 461, 334, 492
-0.99857, 1, 311, 64, 326
-0.998574, 97, 299, 160, 314
-0.998578, 193, 119, 256, 134
-0.998578, 129, 417, 192, 480
-0.998581, 185, 33, 248, 48
-0.998584, 185, 83, 248, 98
-0.998588, 193, 125, 256, 140
-0.998588, 57, 269, 120, 284
-0.998592, 41, 211, 104, 226
-0.998593, 137, 275, 200, 290
-0.998594, 81, 255, 144, 270
-0.998596, 89, 267, 152, 282
-0.998597, 65, 275, 128, 290
-0.998599, 137, 267, 200, 282
-0.998602, 89, 261, 152, 276
-0.998602, 185, 97, 248, 112
-0.998603, 73, 221, 136, 236
-0.998604, 201, 169, 264, 184
-0.998604, 143, 257, 158, 320
-0.998605, 177, 285, 240, 300
-0.998605, 65, 281, 128, 296
-0.998605, 17, 261, 80, 276
-0.998608, 233, 121, 296, 136
-0.998608, 105, 285, 168, 300
-0.998609, 81, 249, 144, 264
-0.99861, 185, 77, 248, 92
-0.99861, 185, 131, 248, 146
-0.998611, 97, 279, 160, 294
-0.998612, 177, 295, 240, 310
-0.998613, 177, 277, 240, 292
-0.998614, 185, 17, 248, 32
-0.998614, 153, 53, 216, 68
-0.998616, 97, 125, 224, 156
-0.998616, 185, 27, 248, 42
-0.998616, 273, 125, 334, 140
-0.998617, 185, 49, 248, 64
-0.998618, 25, 271, 88, 286
-0.998619, 249, 343, 312, 358
-0.998621, 129, 425, 256, 488
-0.998622, 241, 1, 256, 64
-0.998622, 41, 259, 104, 274
-0.998623, 193, 39, 256, 54
-0.998624, 1, 215, 64, 230
-0.998624, 5, 257, 36, 500
-0.998624, 81, 201, 208, 232
-0.998625, 193, 113, 256, 128
-0.998628, 233, 109, 296, 124
-0.998629, 1, 271, 64, 286
-0.998629, 273, 221, 334, 236
-0.99863, 185, 67, 248, 82
-0.99863, 273, 117, 334, 132
-0.998631, 105, 291, 168, 306
-0.998631, 193, 89, 256, 104
-0.998632, 273, 345, 334, 360
-0.998632, 137, 301, 200, 316
-0.998632, 81, 239, 144, 254
-0.998632, 185, 61, 248, 76
-0.998632, 65, 295, 128, 310
-0.998635, 41, 217, 104, 232
-0.998639, 195, 81, 210, 144
-0.99864, 161, 129, 224, 144
-0.998642, 153, 295, 216, 310
-0.998642, 273, 459, 334, 474
-0.998643, 153, 59, 216, 74
-0.998645, 161, 115, 224, 130
-0.998646, 25, 283, 88, 298
-0.998646, 17, 203, 80, 218
-0.998647, 233, 227, 296, 242
-0.998648, 193, 103, 256, 118
-0.998648, 257, 169, 320, 184
-0.998648, 273, 63, 334, 78
-0.998648, 177, 267, 240, 282
-0.998648, 81, 233, 144, 248
-0.998648, 41, 205, 104, 220
-0.99865, 249, 115, 312, 130
-0.998651, 41, 277, 104, 292
-0.998653, 153, 123, 216, 138
-0.998653, 193, 1, 256, 16
-0.998654, 185, 11, 248, 26
-0.998655, 41, 249, 104, 264
-0.998655, 273, 215, 334, 230
-0.998655, 177, 337, 240, 352
-0.998655, 225, 115, 288, 130
-0.998656, 257, 477, 320, 492
-0.998656, 241, 15, 304, 30
-0.998657, 217, 333, 280, 348
-0.998658, 177, 255, 240, 270
-0.998658, 137, 281, 200, 296
-0.998659, 233, 95, 296, 110
-0.998659, 225, 339, 288, 354
-0.99866, 49, 223, 112, 238
-0.99866, 137, 261, 200, 276
-0.998661, 113, 273, 176, 288
-0.998661, 273, 69, 334, 84
-0.998662, 249, 139, 312, 154
-0.998664, 185, 55, 248, 70
-0.998664, 65, 289, 128, 304
-0.998664, 177, 233, 240, 248
-0.998665, 249, 471, 312, 486
-0.998665, 273, 231, 334, 246
-0.998665, 257, 465, 320, 480
-0.998665, 65, 261, 128, 276
-0.998666, 73, 215, 136, 230
-0.998666, 25, 341, 88, 356
-0.998667, 249, 35, 312, 50
-0.998667, 233, 257, 296, 272
-0.998668, 25, 315, 88, 330
-0.998668, 41, 307, 104, 322
-0.998668, 153, 47, 216, 62
-0.998668, 241, 221, 304, 236
-0.998669, 121, 255, 184, 270
-0.99867, 217, 149, 280, 164
-0.998671, 97, 73, 224, 104
-0.998671, 241, 207, 304, 222
-0.998671, 273, 483, 334, 498
-0.998672, 257, 179, 320, 194
-0.998673, 153, 39, 216, 54
-0.998673, 177, 227, 240, 242
-0.998673, 287, 177, 302, 240
-0.998674, 209, 139, 272, 154
-0.998674, 153, 33, 216, 48
-0.998675, 81, 227, 144, 242
-0.998675, 17, 369, 80, 384
-0.998675, 1, 341, 64, 356
-0.998675, 137, 289, 200, 304
-0.998675, 153, 109, 216, 124
-0.998676, 1, 55, 64, 70
-0.998676, 185, 137, 248, 152
-0.998676, 273, 75, 334, 90
-0.998676, 177, 261, 240, 276
-0.998677, 209, 7, 272, 22
-0.998677, 271, 177, 286, 240
-0.998678, 113, 261, 176, 276
-0.998678, 225, 31, 288, 46
-0.998678, 145, 353, 208, 480
-0.998678, 217, 251, 280, 266
-0.99868, 177, 245, 240, 260
-0.99868, 1, 347, 64, 362
-0.998681, 265, 57, 328, 72
-0.998698, 17, 221, 144, 252
-0.998721, 305, 33, 334, 288
-0.998722, 25, 269, 56, 284
-0.998725, 49, 49, 176, 80
-0.998726, 205, 1, 236, 256
-0.998742, 131, 281, 146, 344
-0.998745, 9, 213, 40, 228
-0.998747, 121, 225, 136, 288
-0.998758, 173, 289, 188, 352
-0.998778, 129, 29, 256, 60
-0.99878, 65, 193, 96, 448
-0.998783, 233, 249, 248, 312
-0.998788, 161, 409, 224, 472
-0.998792, 25, 209, 56, 224
-0.998794, 287, 137, 302, 200
-0.998796, 247, 177, 262, 240
-0.998798, 81, 161, 208, 192
-0.998798, 211, 209, 226, 272
-0.9988, 253, 1, 284, 256
-0.998802, 269, 113, 284, 176
-0.99881, 101, 129, 132, 384
-0.99881, 145, 189, 272, 220
-0.998814, 269, 97, 300, 352
-0.998814, 91, 273, 106, 336
-0.998839, 49, 105, 176, 136
-0.998841, 23, 241, 38, 368
-0.998843, 193, 133, 320, 164
-0.998846, 301, 201, 316, 264
-0.998855, 29, 241, 44, 368
-0.998862, 229, 201, 244, 264
-0.998876, 161, 305, 288, 336
-0.998882, 241, 369, 304, 496
-0.998917, 193, 153, 208, 216
-0.998924, 209, 213, 334, 244
-0.998928, 209, 97, 240, 352
-0.998933, 73, 305, 136, 368
-0.998937, 17, 225, 48, 480
-0.998944, 145, 201, 272, 232
-0.998949, 61, 209, 76, 272
-0.998957, 13, 185, 28, 248
-0.99896, 143, 289, 158, 352
-0.998966, 247, 113, 262, 176
-0.998972, 81, 189, 208, 220
-0.998979, 1, 65, 32, 320
-0.99898, 181, 33, 212, 288
-0.998982, 1, 81, 128, 112
-0.99899, 81, 93, 208, 124
-0.998996, 21, 263, 52, 278
-0.999001, 109, 233, 124, 296
-0.999004, 209, 345, 334, 376
-0.999006, 29, 193, 60, 448
-0.99902, 1, 305, 128, 336
-0.999033, 197, 17, 212, 144
-0.999036, 17, 341, 144, 372
-0.999038, 77, 97, 108, 352
-0.999048, 81, 145, 208, 176
-0.999049, 125, 65, 156, 320
-0.999053, 319, 233, 334, 296
-0.999054, 185, 153, 200, 216
-0.999069, 117, 225, 132, 352
-0.999081, 49, 161, 80, 416
-0.999085, 193, 129, 208, 256
-0.999089, 225, 257, 256, 500
-0.999094, 217, 1, 248, 256
-0.999094, 279, 137, 294, 200
-0.999096, 113, 65, 144, 320
-0.999097, 125, 257, 140, 384
-0.999099, 225, 129, 256, 384
-0.999107, 17, 133, 144, 164
-0.999109, 29, 193, 44, 320
-0.999112, 145, 213, 272, 244
-0.999114, 189, 225, 204, 352
-0.99913, 9, 273, 24, 400
-0.999135, 1, 161, 32, 416
-0.999138, 1, 329, 334, 392
-0.999139, 199, 265, 214, 328
-0.99914, 109, 209, 124, 336
-0.999145, 257, 113, 272, 176
-0.99915, 15, 273, 30, 400
-0.999152, 243, 281, 258, 344
-0.999163, 237, 97, 268, 352
-0.999163, 89, 129, 120, 384
-0.999165, 141, 257, 156, 384
-0.999171, 95, 257, 110, 384
-0.999173, 35, 257, 50, 384
-0.999179, 1, 353, 256, 416
-0.999191, 49, 309, 176, 340
-0.999198, 161, 129, 192, 384
-0.999198, 179, 273, 194, 400
-0.999206, 209, 1, 224, 128
-0.999209, 17, 57, 80, 120
-0.999209, 137, 249, 152, 312
-0.999213, 263, 225, 278, 288
-0.999218, 195, 81, 210, 208
-0.99922, 51, 209, 66, 272
-0.999221, 319, 1, 334, 64
-0.999227, 17, 225, 32, 352
-0.999227, 249, 137, 264, 200
-0.999239, 45, 217, 60, 280
-0.999241, 49, 273, 64, 336
-0.999244, 89, 275, 120, 290
-0.999245, 135, 257, 150, 384
-0.999246, 51, 305, 66, 368
-0.999248, 13, 65, 44, 320
-0.999256, 1, 365, 128, 396
-0.999258, 145, 161, 272, 192
-0.999263, 97, 325, 224, 356
-0.999281, 149, 129, 180, 384
-0.999283, 109, 257, 124, 384
-0.999285, 19, 241, 34, 304
-0.999288, 307, 185, 322, 248
-0.999295, 103, 257, 118, 384
-0.999299, 311, 297, 326, 360
-0.9993, 167, 241, 182, 368
-0.999303, 317, 161, 332, 288
-0.999304, 289, 97, 320, 352
-0.999311, 173, 241, 188, 368
-0.999315, 93, 193, 108, 256
-0.999318, 35, 193, 50, 320
-0.999319, 3, 273, 18, 400
-0.999323, 37, 337, 52, 400
-0.999335, 1, 57, 128, 88
-0.999342, 29, 289, 44, 416
-0.99935, 41, 289, 56, 416
-0.99936, 23, 289, 38, 416
-0.999364, 35, 201, 50, 264
-0.999366, 213, 81, 228, 144
-0.999367, 65, 65, 96, 320
-0.999376, 221, 1, 236, 128
-0.999378, 279, 1, 294, 128
-0.999381, 33, 97, 64, 352
-0.999388, 191, 177, 206, 304
-0.999389, 1, 425, 334, 488
-0.999389, 17, 177, 144, 208
-0.999397, 9, 209, 24, 336
-0.999399, 103, 209, 118, 336
-0.999405, 85, 209, 100, 336
-0.999408, 23, 193, 38, 320
-0.99941, 65, 193, 80, 320
-0.999414, 305, 161, 334, 416
-0.999414, 33, 93, 160, 124
-0.999415, 147, 257, 162, 384
-0.999417, 71, 201, 86, 264
-0.999418, 185, 145, 200, 272
-0.999424, 53, 241, 68, 368
-0.999428, 81, 353, 144, 416
-0.999429, 255, 1, 270, 128
-0.999436, 1, 401, 256, 464
-0.999446, 155, 257, 170, 384
-0.999447, 243, 193, 258, 320
-0.999449, 41, 193, 56, 320
-0.99945, 223, 73, 238, 136
-0.999451, 53, 241, 68, 304
-0.999451, 307, 1, 322, 128
-0.999457, 105, 209, 120, 272
-0.999458, 237, 241, 252, 368
-0.999461, 185, 273, 200, 400
-0.999463, 43, 241, 58, 368
-0.999464, 199, 145, 214, 272
-0.999465, 109, 281, 124, 344
-0.99947, 261, 1, 276, 128
-0.999478, 71, 193, 86, 320
-0.99948, 319, 113, 334, 240
-0.99948, 3, 225, 18, 352
-0.999482, 61, 257, 76, 384
-0.999485, 197, 193, 212, 320
-0.999489, 227, 241, 242, 368
-0.999489, 177, 257, 208, 500
-0.999491, 291, 161, 306, 288
-0.999492, 251, 241, 266, 368
-0.999492, 161, 289, 176, 416
-0.999493, 305, 161, 320, 288
-0.999495, 193, 201, 208, 264
-0.999495, 295, 153, 310, 216
-0.999501, 211, 1, 226, 64
-0.999502, 173, 289, 188, 416
-0.999504, 307, 81, 322, 208
-0.999507, 259, 281, 274, 344
-0.999515, 53, 65, 84, 320
-0.999519, 161, 241, 176, 368
-0.999522, 273, 1, 288, 128
-0.999523, 167, 289, 182, 416
-0.999524, 21, 17, 36, 144
-0.999526, 55, 193, 70, 320
-0.999526, 187, 105, 202, 168
-0.999527, 187, 65, 202, 192
-0.99953, 291, 49, 306, 176
-0.999531, 33, 17, 48, 144
-0.999532, 41, 361, 104, 424
-0.999532, 29, 275, 60, 290
-0.999534, 89, 257, 104, 384
-0.99954, 79, 193, 94, 320
-0.999541, 131, 233, 146, 296
-0.999545, 293, 1, 324, 256
-0.999545, 203, 193, 218, 320
-0.999547, 205, 201, 220, 264
-0.999547, 243, 257, 258, 384
-0.99955, 189, 17, 204, 144
-0.999551, 197, 273, 212, 400
-0.999555, 57, 353, 120, 480
-0.999556, 161, 317, 288, 348
-0.99956, 297, 145, 312, 272
-0.99956, 17, 353, 144, 384
-0.999563, 259, 89, 274, 152
-0.999565, 235, 17, 250, 144
-0.999566, 273, 161, 288, 288
-0.999567, 209, 421, 334, 452
-0.999567, 123, 209, 138, 336
-0.999577, 299, 49, 314, 176
-0.999582, 291, 257, 306, 384
-0.999583, 91, 193, 106, 320
-0.999587, 41, 257, 72, 500
-0.999593, 17, 117, 144, 148
-0.999593, 229, 161, 244, 288
-0.999596, 191, 273, 206, 400
-0.999598, 285, 49, 300, 176
-0.999598, 39, 337, 54, 464
-0.9996, 285, 305, 300, 432
-0.9996, 5, 161, 20, 288
-0.999601, 237, 161, 252, 288
-0.999604, 315, 209, 330, 336
-0.999606, 257, 241, 272, 368
-0.999609, 269, 49, 284, 176
-0.999615, 207, 241, 222, 368
-0.999618, 177, 449, 304, 480
-0.999629, 267, 1, 282, 128
-0.999629, 271, 241, 286, 368
-0.999629, 47, 193, 62, 320
-0.99963, 205, 257, 236, 500
-0.999634, 213, 273, 228, 400
-0.999635, 179, 225, 194, 352
-0.999636, 97, 209, 112, 336
-0.999639, 215, 161, 230, 288
-0.999639, 285, 241, 300, 368
-0.99964, 267, 113, 282, 240
-0.999641, 293, 305, 308, 432
-0.999643, 27, 17, 42, 144
-0.999648, 315, 305, 330, 432
-0.999649, 287, 97, 302, 224
-0.999651, 15, 177, 30, 304
-0.999651, 317, 65, 332, 192
-0.999655, 235, 289, 250, 416
-0.999659, 319, 1, 334, 128
-0.999664, 247, 33, 262, 160
-0.999666, 29, 65, 44, 192
-0.999666, 297, 97, 312, 224
-0.999668, 281, 97, 296, 224
-0.999668, 117, 177, 132, 304
-0.999674, 251, 193, 266, 320
-0.999677, 249, 113, 264, 240
-0.999683, 133, 209, 148, 336
-0.999684, 21, 65, 36, 192
-0.999686, 175, 17, 190, 144
-0.999687, 15, 33, 30, 160
-0.999689, 319, 257, 334, 384
-0.99969, 283, 193, 298, 320
-0.999698, 221, 273, 236, 400
-0.999702, 265, 257, 280, 384
-0.999704, 1, 97, 16, 224
-0.999706, 235, 81, 250, 208
-0.999707, 203, 17, 218, 144
-0.999707, 279, 273, 294, 400
-0.999713, 17, 165, 144, 196
-0.999728, 1, 377, 256, 440
-0.999733, 253, 225, 284, 480
-0.999742, 271, 205, 286, 220
-0.999742, 199, 277, 214, 292
-0.999742, 235, 249, 250, 264
-0.999742, 265, 469, 280, 484
-0.999742, 259, 287, 274, 302
-0.999742, 79, 215, 94, 230
-0.999742, 123, 281, 138, 296
-0.999742, 243, 219, 258, 234
-0.999742, 137, 65, 168, 320
-0.999742, 229, 185, 244, 200
-0.999742, 197, 31, 212, 46
-0.999742, 197, 51, 212, 66
-0.999742, 277, 177, 292, 192
-0.999742, 203, 119, 218, 134
-0.999743, 87, 261, 102, 276
-0.999743, 305, 117, 320, 132
-0.999743, 297, 217, 312, 232
-0.999743, 187, 269, 202, 284
-0.999743, 203, 127, 218, 142
-0.999743, 281, 219, 296, 234
-0.999743, 165, 301, 180, 316
-0.999743, 125, 251, 140, 266
-0.999743, 231, 259, 246, 274
-0.999743, 17, 271, 32, 286
-0.999743, 129, 299, 144, 314
-0.999743, 269, 319, 284, 334
-0.999743, 131, 277, 146, 292
-0.999743, 199, 19, 214, 34
-0.999743, 237, 205, 252, 220
-0.999743, 299, 179, 314, 194
-0.999743, 295, 173, 310, 188
-0.999743, 237, 171, 252, 186
-0.999743, 193, 185, 208, 200
-0.999743, 277, 225, 292, 240
-0.999744, 281, 139, 296, 154
-0.999744, 279, 117, 294, 132
-0.999744, 289, 213, 304, 228
-0.999744, 235, 119, 250, 134
-0.999744, 309, 187, 324, 202
-0.999744, 47, 267, 62, 282
-0.999744, 225, 119, 240, 134
-0.999744, 131, 255, 146, 270
-0.999744, 179, 299, 194, 314
-0.999744, 243, 205, 258, 220
-0.999744, 1, 211, 16, 226
-0.999744, 85, 221, 100, 236
-0.999744, 287, 225, 302, 240
-0.999745, 199, 171, 214, 186
-0.999745, 81, 249, 96, 264
-0.999745, 291, 207, 306, 222
-0.999745, 15, 309, 30, 324
-0.999745, 55, 207, 70, 222
-0.999745, 121, 245, 136, 260
-0.999745, 305, 179, 320, 194
-0.999745, 203, 205, 218, 220
-0.999745, 129, 283, 144, 298
-0.999745, 199, 25, 214, 40
-0.999746, 257, 137, 272, 152
-0.999746, 197, 61, 212, 76
-0.999746, 285, 173, 300, 188
-0.999746, 129, 265, 144, 280
-0.999746, 41, 207, 56, 222
-0.999746, 23, 205, 38, 220
-0.999746, 275, 321, 290, 336
-0.999746, 15, 207, 30, 222
-0.999746, 315, 205, 330, 220
-0.999746, 297, 117, 312, 132
-0.999746, 315, 211, 330, 226
-0.999746, 25, 311, 40, 326
-0.999746, 311, 173, 326, 188
-0.999747, 23, 213, 38, 228
-0.999747, 213, 171, 228, 186
-0.999747, 25, 275, 40, 290
-0.999747, 55, 279, 70, 294
-0.999747, 285, 117, 300, 132
-0.999747, 187, 283, 202, 298
-0.999747, 107, 297, 122, 312
-0.999748, 25, 267, 40, 282
-0.999748, 233, 145, 248, 160
-0.999748, 307, 209, 322, 224
-0.999748, 7, 207, 22, 222
-0.999748, 115, 283, 130, 298
-0.999748, 87, 253, 102, 268
-0.999748, 109, 281, 124, 296
-0.999748, 197, 119, 212, 134
-0.999748, 41, 365, 56, 380
-0.999748, 31, 311, 46, 326
-0.999748, 109, 291, 124, 306
-0.999749, 107, 267, 122, 282
-0.999749, 37, 341, 52, 356
-0.999749, 195, 133, 210, 148
-0.999749, 315, 221, 330, 236
-0.999749, 189, 277, 204, 292
-0.99975, 301, 169, 316, 184
-0.99975, 105, 337, 168, 464
-0.99975, 39, 313, 54, 328
-0.99975, 35, 363, 50, 378
-0.999751, 49, 207, 64, 222
-0.999751, 223, 171, 238, 186
-0.999751, 133, 271, 148, 286
-0.999752, 197, 127, 212, 142
-0.999752, 99, 261, 114, 276
-0.999752, 123, 263, 138, 278
-0.999752, 295, 185, 310, 200
-0.999752, 89, 267, 104, 282
-0.999753, 45, 279, 60, 294
-0.999753, 187, 291, 202, 306
-0.999753, 299, 207, 314, 222
-0.999753, 45, 315, 60, 330
-0.999754, 19, 263, 34, 278
-0.999754, 69, 211, 84, 226
-0.999754, 307, 215, 322, 230
-0.999755, 35, 207, 50, 222
-0.999755, 11, 215, 26, 230
-0.999756, 61, 209, 76, 224
-0.999756, 17, 153, 144, 184
-0.999756, 29, 209, 44, 224
-0.999758, 105, 273, 120, 288
-0.999758, 3, 217, 18, 232
-0.999759, 93, 273, 108, 288
-0.999759, 93, 261, 108, 276
-0.999759, 31, 269, 46, 284
-0.999763, 33, 263, 48, 278
-0.999763, 17, 213, 32, 228
-0.999764, 39, 267, 54, 282
-0.999765, 97, 267, 112, 282
-0.999765, 99, 279, 114, 294
-0.999766, 43, 273, 58, 288
-0.999767, 129, 337, 256, 368
-0.999769, 39, 279, 54, 294
-0.99977, 27, 261, 42, 276
-0.999773, 31, 275, 46, 290
-0.999784, 99, 273, 114, 288
-0.999787, 65, 341, 192, 372
-0.999793, 37, 273, 52, 288
-0.9998, 209, 437, 334, 468
-0.999841, 49, 353, 176, 416
-0.999868, 197, 161, 228, 416
-0.999911, 277, 257, 308, 500
-0.99992, 49, 61, 176, 92
-0.999925, 189, 257, 220, 500
-0.999974, 129, 465, 256, 496
-0.999988, 241, 225, 272, 480
-1.00001, 1, 401, 334, 464
-1.00002, 289, 257, 320, 500
-1.00005, 53, 257, 84, 500
-1.00006, 305, 257, 334, 500
-1.0001, 145, 349, 272, 380
-1.00011, 49, 77, 176, 108
-1.00017, 49, 1, 112, 256
-1.00017, 93, 33, 124, 288
-1.00018, 65, 173, 192, 204
-1.0002, 129, 445, 256, 476
-1.00021, 265, 257, 296, 500
-1.00021, 1, 353, 334, 416
-1.00022, 169, 369, 232, 496
-1.00022, 1, 57, 128, 120
-1.00031, 1, 41, 128, 72
-1.00032, 81, 469, 208, 500
-1.00034, 169, 33, 200, 288
-1.00034, 145, 409, 272, 440
-1.00034, 209, 409, 334, 440
-1.00035, 81, 353, 208, 384
-1.00036, 161, 425, 288, 456
-1.0004, 209, 397, 334, 428
-1.00042, 97, 313, 224, 344
-1.00043, 1, 449, 128, 480
-1.00044, 1, 377, 334, 440
-1.00045, 193, 385, 320, 416
-1.00047, 49, 453, 176, 484
-1.00049, 145, 365, 272, 396
-1.00057, 1, 377, 128, 408
-1.00058, 145, 385, 272, 416
-1.0006, 129, 401, 256, 464
-1.00061, 37, 1, 68, 256
-1.00062, 49, 441, 176, 472
-1.00062, 49, 37, 176, 68
-1.00063, 209, 365, 334, 396
-1.00066, 1, 69, 128, 100
-1.00067, 33, 465, 160, 496
-1.00067, 1, 105, 128, 136
-1.00067, 65, 417, 192, 480
-1.00071, 49, 365, 176, 396
-1.00074, 1, 389, 128, 420
-1.00076, 149, 1, 180, 256
-1.00077, 49, 329, 176, 360
-1.00078, 25, 1, 56, 256
-1.00079, 129, 33, 192, 288
-1.0008, 81, 429, 208, 460
-1.00081, 145, 397, 272, 428
-1.00087, 1, 437, 128, 468
-1.00088, 177, 369, 304, 432
-1.00092, 49, 401, 176, 432
-1.00093, 97, 393, 224, 424
-1.00093, 97, 365, 224, 396
-1.00094, 65, 377, 192, 408
-1.00098, 17, 409, 144, 472
-1.00098, 77, 1, 108, 256
-1.00142, 81, 393, 208, 456
-1.00156, 97, 353, 224, 416
-1.00196, 1, 433, 128, 496
-1.00202, 129, 377, 256, 440
-1.00203, 1, 385, 128, 448
-1.00355, 49, 41, 176, 104
-1.00473, 1, 25, 128, 88
-1.00532, 17, 1, 144, 64
-1.00558, 81, 9, 208, 72
