1735
-0.283165, 1, 1, 500, 249
-0.637672, 97, 1, 352, 249
-0.72264, 1, 1, 256, 249
-0.754134, 225, 1, 480, 249
-0.845992, 1, 65, 500, 192
-0.846935, 193, 1, 320, 249
-0.865783, 145, 1, 272, 249
-0.881086, 1, 113, 500, 240
-0.88461, 33, 1, 160, 249
-0.891362, 369, 1, 496, 249
-0.894432, 81, 1, 208, 249
-0.904334, 1, 17, 500, 144
-0.908132, 241, 1, 368, 249
-0.910181, 1, 81, 256, 208
-0.910714, 1, 129, 256, 249
-0.917221, 225, 65, 480, 192
-0.925515, 321, 1, 448, 249
-0.928816, 65, 17, 320, 144
-0.930596, 161, 129, 416, 249
-0.934676, 369, 81, 496, 208
-0.934821, 81, 97, 208, 224
-0.935207, 1, 113, 128, 240
-0.936083, 97, 65, 352, 192
-0.937805, 145, 97, 272, 224
-0.939009, 81, 33, 144, 160
-0.940214, 161, 17, 416, 144
-0.940563, 57, 33, 120, 160
-0.940637, 385, 81, 448, 208
-0.941053, 161, 97, 224, 224
-0.941958, 33, 65, 160, 192
-0.942232, 233, 17, 296, 144
-0.942332, 177, 33, 240, 160
-0.943001, 409, 81, 472, 208
-0.943925, 177, 17, 304, 144
-0.943948, 209, 81, 272, 208
-0.944399, 369, 129, 496, 249
-0.944807, 113, 129, 176, 249
-0.945642, 49, 81, 112, 208
-0.946521, 153, 153, 216, 216
-0.946614, 89, 81, 152, 208
-0.948171, 193, 129, 256, 249
-0.948782, 257, 129, 500, 249
-0.950402, 433, 129, 496, 249
-0.950459, 81, 49, 208, 176
-0.951096, 89, 81, 152, 144
-0.951287, 321, 81, 448, 208
-0.951382, 137, 81, 200, 208
-0.951722, 385, 129, 448, 249
-0.951968, 401, 81, 464, 144
-0.952081, 233, 25, 296, 88
-0.952703, 225, 49, 352, 176
-0.952753, 121, 121, 184, 184
-0.952931, 153, 33, 216, 160
-0.953417, 201, 33, 264, 160
-0.954555, 25, 65, 88, 192
-0.954613, 113, 81, 176, 208
-0.956013, 241, 49, 304, 112
-0.957159, 433, 185, 496, 248
-0.957171, 25, 113, 88, 240
-0.957296, 257, 33, 320, 160
-0.957924, 129, 97, 192, 160
-0.958035, 129, 49, 256, 176
-0.958059, 385, 129, 448, 192
-0.958116, 169, 49, 232, 112
-0.958359, 137, 129, 200, 249
-0.958957, 433, 1, 496, 128
-0.958979, 209, 73, 272, 136
-0.959198, 393, 177, 456, 240
-0.959255, 33, 81, 96, 144
-0.959333, 193, 129, 320, 249
-0.959385, 185, 81, 248, 208
-0.959704, 161, 97, 224, 160
-0.959974, 65, 65, 128, 128
-0.960083, 233, 65, 296, 192
-0.96013, 185, 177, 248, 240
-0.960459, 321, 129, 448, 249
-0.960482, 209, 25, 272, 88
-0.960538, 417, 161, 480, 224
-0.961122, 225, 97, 288, 160
-0.961743, 57, 33, 120, 96
-0.961806, 193, 129, 256, 192
-0.961923, 345, 97, 408, 224
-0.962318, 185, 153, 248, 216
-0.962569, 89, 49, 152, 112
-0.962998, 73, 129, 136, 249
-0.963099, 361, 185, 424, 248
-0.963312, 185, 97, 248, 160
-0.963499, 273, 81, 400, 208
-0.964351, 257, 17, 500, 144
-0.964352, 33, 17, 160, 144
-0.964356, 225, 1, 352, 128
-0.964555, 113, 153, 176, 216
-0.965125, 105, 33, 168, 160
-0.965763, 177, 25, 240, 88
-0.965795, 193, 49, 256, 112
-0.965806, 217, 129, 280, 249
-0.965911, 433, 121, 496, 184
-0.966065, 113, 73, 176, 136
-0.966085, 321, 33, 448, 160
-0.966087, 49, 105, 112, 168
-0.966295, 233, 1, 296, 249
-0.966508, 385, 33, 448, 160
-0.96652, 209, 161, 272, 224
-0.966714, 145, 129, 208, 192
-0.966984, 41, 57, 104, 120
-0.967118, 33, 17, 96, 144
-0.967382, 209, 185, 272, 248
-0.967624, 161, 177, 224, 240
-0.967902, 369, 1, 496, 128
-0.967914, 49, 1, 112, 249
-0.967954, 73, 137, 136, 200
-0.968098, 361, 49, 424, 176
-0.968152, 433, 81, 496, 208
-0.968422, 81, 137, 208, 200
-0.968779, 137, 73, 200, 136
-0.969156, 177, 1, 240, 249
-0.969162, 217, 49, 280, 112
-0.969218, 385, 105, 448, 168
-0.969266, 353, 81, 480, 144
-0.969346, 129, 1, 256, 128
-0.969454, 393, 153, 456, 216
-0.969535, 145, 161, 272, 224
-0.969585, 353, 81, 416, 144
-0.969645, 169, 129, 232, 192
-0.96978, 249, 73, 312, 136
-0.969865, 145, 137, 272, 200
-0.97002, 369, 177, 496, 240
-0.970599, 25, 121, 88, 184
-0.970656, 145, 41, 208, 104
-0.970698, 401, 81, 432, 208
-0.971515, 73, 65, 104, 128
-0.971583, 305, 65, 368, 192
-0.971655, 65, 73, 192, 136
-0.971701, 97, 113, 160, 176
-0.971759, 385, 1, 448, 249
-0.97177, 377, 73, 440, 136
-0.971867, 425, 97, 488, 160
-0.972002, 409, 129, 472, 249
-0.972094, 253, 25, 284, 88
-0.972185, 1, 113, 64, 240
-0.972266, 369, 105, 496, 168
-0.972378, 121, 177, 184, 240
-0.972534, 73, 65, 104, 192
-0.972571, 281, 65, 344, 192
-0.972655, 97, 177, 160, 240
-0.972677, 145, 105, 272, 168
-0.97299, 121, 49, 184, 112
-0.97315, 73, 169, 136, 232
-0.973257, 1, 145, 128, 208
-0.973336, 433, 9, 496, 72
-0.973646, 101, 137, 132, 200
-0.973708, 97, 113, 224, 176
-0.973715, 81, 161, 208, 224
-0.973934, 469, 177, 500, 240
-0.974022, 237, 73, 268, 136
-0.974352, 137, 65, 168, 128
-0.974377, 201, 1, 264, 64
-0.974393, 369, 129, 496, 192
-0.974558, 177, 33, 304, 96
-0.974578, 401, 81, 432, 144
-0.974761, 457, 113, 488, 240
-0.97477, 165, 129, 196, 192
-0.974789, 241, 113, 304, 240
-0.974961, 185, 73, 248, 136
-0.975008, 241, 25, 272, 88
-0.975046, 9, 185, 72, 248
-0.975112, 165, 153, 196, 216
-0.975125, 205, 185, 236, 248
-0.97513, 1, 65, 64, 192
-0.975234, 453, 185, 484, 248
-0.975263, 429, 81, 460, 208
-0.975396, 441, 185, 472, 248
-0.975671, 25, 1, 88, 249
-0.975689, 361, 113, 424, 176
-0.975723, 145, 89, 176, 152
-0.975728, 193, 57, 320, 120
-0.97578, 81, 1, 144, 249
-0.975789, 1, 113, 128, 176
-0.976031, 225, 177, 256, 240
-0.97604, 369, 161, 432, 224
-0.976106, 9, 161, 72, 224
-0.976326, 381, 161, 412, 224
-0.976506, 353, 153, 480, 216
-0.976515, 461, 121, 492, 184
-0.976557, 157, 97, 188, 160
-0.976577, 57, 9, 120, 72
-0.976725, 129, 33, 192, 160
-0.976808, 17, 81, 144, 144
-0.97686, 409, 129, 472, 192
-0.976966, 273, 129, 400, 249
-0.977035, 225, 33, 256, 96
-0.977328, 1, 169, 128, 232
-0.977393, 345, 145, 408, 208
-0.977424, 305, 73, 368, 136
-0.977535, 73, 1, 104, 128
-0.977543, 245, 1, 276, 128
-0.97756, 169, 129, 200, 249
-0.977645, 125, 97, 156, 224
-0.977702, 81, 49, 208, 112
-0.977787, 93, 73, 124, 136
-0.977956, 81, 33, 112, 96
-0.978025, 213, 129, 244, 192
-0.978046, 185, 33, 216, 160
-0.978303, 33, 33, 96, 96
-0.978331, 445, 97, 476, 224
-0.978388, 145, 129, 176, 192
-0.978475, 241, 81, 272, 208
-0.978505, 149, 81, 180, 208
-0.978514, 413, 81, 444, 208
-0.978651, 61, 81, 92, 144
-0.978685, 409, 1, 472, 128
-0.978689, 129, 41, 256, 104
-0.978705, 229, 97, 260, 224
-0.978757, 201, 1, 264, 249
-0.978843, 273, 73, 336, 136
-0.978945, 145, 185, 272, 248
-0.978968, 73, 105, 136, 168
-0.978971, 57, 17, 88, 144
-0.97899, 1, 113, 64, 176
-0.97905, 85, 49, 116, 176
-0.979175, 73, 105, 104, 168
-0.97918, 153, 1, 216, 249
-0.979283, 265, 33, 296, 96
-0.97932, 181, 41, 212, 104
-0.97934, 241, 73, 368, 136
-0.979431, 181, 97, 212, 224
-0.979477, 125, 113, 156, 176
-0.979484, 457, 153, 488, 216
-0.9795, 421, 81, 452, 144
-0.979607, 241, 97, 272, 160
-0.979609, 225, 33, 256, 160
-0.979611, 49, 129, 112, 249
-0.979655, 57, 65, 88, 192
-0.979697, 181, 137, 212, 200
-0.979783, 33, 49, 160, 112
-0.9798, 469, 153, 500, 216
-0.980192, 81, 25, 144, 88
-0.980235, 397, 105, 428, 168
-0.98038, 241, 137, 304, 200
-0.980532, 81, 1, 208, 128
-0.980689, 73, 9, 104, 72
-0.9807, 345, 57, 408, 120
-0.980755, 109, 65, 140, 192
-0.980759, 105, 177, 136, 240
-0.980789, 137, 65, 168, 192
-0.980817, 217, 97, 248, 224
-0.980902, 97, 49, 128, 112
-0.980923, 53, 33, 84, 96
-0.980929, 253, 49, 284, 112
-0.98099, 409, 1, 472, 249
-0.981014, 161, 73, 224, 136
-0.981022, 241, 49, 272, 112
-0.981031, 193, 97, 224, 224
-0.981064, 145, 129, 176, 249
-0.981099, 265, 49, 328, 112
-0.981135, 409, 129, 440, 249
-0.981151, 49, 105, 176, 168
-0.981193, 441, 89, 472, 152
-0.981202, 469, 129, 500, 249
-0.981225, 41, 65, 72, 192
-0.98124, 97, 49, 128, 176
-0.981281, 193, 161, 320, 224
-0.981353, 125, 49, 156, 176
-0.981467, 117, 81, 148, 144
-0.981497, 85, 97, 116, 224
-0.981576, 193, 153, 224, 216
-0.981579, 217, 137, 280, 200
-0.981606, 417, 129, 448, 192
-0.981643, 429, 153, 460, 216
-0.981691, 221, 97, 252, 160
-0.981727, 381, 129, 412, 249
-0.981815, 1, 137, 64, 200
-0.981833, 205, 17, 236, 144
-0.981897, 45, 65, 76, 128
-0.981906, 145, 81, 272, 144
-0.982047, 237, 185, 268, 248
-0.982105, 117, 49, 148, 112
-0.982142, 205, 129, 236, 249
-0.982303, 161, 9, 288, 72
-0.982372, 101, 129, 132, 249
-0.982482, 433, 1, 496, 249
-0.982497, 385, 81, 416, 208
-0.982607, 273, 17, 400, 144
-0.982616, 193, 137, 320, 200
-0.982649, 193, 97, 224, 160
-0.982817, 257, 17, 288, 144
-0.982866, 433, 129, 464, 249
-0.982959, 173, 49, 204, 176
-0.982973, 469, 17, 500, 80
-0.983043, 81, 185, 208, 248
-0.983273, 201, 25, 232, 88
-0.983319, 249, 73, 280, 136
-0.98333, 1, 89, 64, 152
-0.983434, 201, 49, 232, 112
-0.983531, 385, 49, 448, 112
-0.9836, 337, 113, 400, 176
-0.983644, 249, 97, 312, 160
-0.983691, 205, 153, 236, 216
-0.983726, 73, 113, 104, 240
-0.983764, 65, 33, 96, 96
-0.983769, 321, 161, 384, 224
-0.983847, 445, 161, 476, 224
-0.983951, 121, 1, 184, 249
-0.983968, 229, 153, 260, 216
-0.984003, 269, 33, 300, 160
-0.984038, 281, 17, 344, 144
-0.984127, 273, 57, 304, 120
-0.984161, 229, 9, 260, 72
-0.984172, 29, 97, 60, 224
-0.984237, 49, 129, 112, 192
-0.984238, 257, 1, 320, 249
-0.984383, 425, 185, 456, 248
-0.98445, 181, 97, 212, 160
-0.984485, 385, 81, 416, 144
-0.984488, 233, 1, 296, 64
-0.984519, 405, 145, 436, 208
-0.984569, 321, 113, 448, 176
-0.984644, 209, 113, 336, 176
-0.984674, 337, 33, 400, 160
-0.984717, 353, 1, 416, 249
-0.98472, 29, 121, 60, 184
-0.984725, 161, 81, 192, 208
-0.984896, 469, 1, 500, 128
-0.985014, 49, 113, 80, 240
-0.985031, 305, 81, 432, 144
-0.985125, 313, 185, 376, 248
-0.985183, 393, 33, 424, 160
-0.985286, 89, 129, 120, 192
-0.985316, 385, 105, 416, 168
-0.985348, 61, 105, 92, 168
-0.98535, 17, 25, 144, 88
-0.985427, 225, 57, 256, 120
-0.985442, 305, 185, 432, 248
-0.985451, 61, 113, 92, 240
-0.985507, 89, 153, 120, 216
-0.985591, 93, 97, 124, 160
-0.985602, 17, 57, 80, 120
-0.985612, 305, 153, 432, 216
-0.985687, 245, 1, 276, 64
-0.985736, 205, 81, 236, 208
-0.985833, 421, 129, 452, 249
-0.985835, 185, 177, 216, 240
-0.986018, 37, 89, 68, 152
-0.986029, 449, 113, 480, 176
-0.986265, 113, 137, 144, 200
-0.986296, 153, 17, 216, 80
-0.986506, 233, 161, 296, 224
-0.986553, 189, 17, 220, 80
-0.986689, 229, 129, 260, 192
-0.986763, 373, 137, 404, 200
-0.986796, 241, 185, 368, 248
-0.986827, 405, 33, 436, 160
-0.986837, 45, 113, 76, 176
-0.986851, 213, 73, 244, 136
-0.98686, 441, 137, 472, 200
-0.987141, 457, 1, 488, 128
-0.987171, 385, 17, 448, 80
-0.987191, 321, 57, 448, 120
-0.987231, 257, 25, 320, 88
-0.987239, 49, 89, 80, 152
-0.987342, 397, 129, 428, 249
-0.987353, 113, 129, 144, 249
-0.987398, 369, 113, 400, 240
-0.987485, 49, 153, 112, 216
-0.987523, 389, 129, 420, 192
-0.987599, 157, 129, 188, 249
-0.987664, 289, 73, 320, 136
-0.987678, 409, 169, 440, 232
-0.987701, 417, 49, 480, 112
-0.987822, 285, 65, 316, 192
-0.98783, 133, 89, 164, 152
-0.987869, 201, 129, 232, 192
-0.988084, 169, 81, 200, 144
-0.988124, 93, 1, 124, 128
-0.988158, 253, 65, 284, 192
-0.988244, 421, 1, 452, 128
-0.988259, 149, 185, 180, 248
-0.988292, 209, 9, 336, 72
-0.988321, 241, 45, 304, 76
-0.988356, 41, 17, 72, 144
-0.98837, 105, 73, 136, 136
-0.988396, 61, 9, 92, 72
-0.988438, 17, 129, 48, 249
-0.988516, 217, 153, 248, 216
-0.988517, 401, 89, 464, 120
-0.988654, 89, 89, 152, 120
-0.98883, 161, 33, 192, 160
-0.988847, 233, 33, 296, 64
-0.98895, 329, 89, 392, 152
-0.989037, 193, 89, 320, 152
-0.989037, 253, 97, 284, 160
-0.989137, 77, 129, 108, 192
-0.989139, 289, 185, 352, 248
-0.989167, 433, 181, 496, 212
-0.989199, 57, 81, 120, 112
-0.989217, 61, 57, 92, 120
-0.989217, 169, 105, 200, 168
-0.989217, 89, 185, 120, 248
-0.989231, 1, 113, 256, 176
-0.989241, 325, 65, 356, 192
-0.989282, 13, 185, 44, 248
-0.989455, 41, 41, 72, 104
-0.989469, 153, 157, 216, 188
-0.989473, 209, 49, 272, 80
-0.989482, 425, 169, 488, 200
-0.989489, 97, 73, 160, 104
-0.989515, 201, 185, 264, 216
-0.989532, 373, 65, 404, 192
-0.989536, 109, 113, 140, 176
-0.989547, 409, 9, 472, 72
-0.989554, 153, 49, 184, 112
-0.989571, 193, 157, 256, 188
-0.989599, 49, 29, 112, 60
-0.989652, 121, 161, 152, 224
-0.98967, 137, 105, 200, 136
-0.98967, 297, 129, 360, 249
-0.989682, 289, 49, 352, 112
-0.989683, 65, 25, 192, 88
-0.989688, 241, 57, 304, 88
-0.989735, 209, 97, 240, 160
-0.989753, 13, 153, 44, 216
-0.989754, 433, 193, 496, 224
-0.989764, 341, 81, 372, 208
-0.989765, 97, 57, 352, 120
-0.989788, 121, 77, 184, 108
-0.989804, 225, 93, 288, 124
-0.989806, 381, 185, 412, 248
-0.989817, 209, 33, 272, 64
-0.989832, 169, 33, 200, 96
-0.989834, 185, 201, 248, 232
-0.989841, 213, 49, 244, 112
-0.98985, 193, 185, 320, 248
-0.989852, 173, 177, 204, 240
-0.989915, 393, 197, 456, 228
-0.989929, 209, 209, 272, 240
-0.989949, 249, 129, 280, 249
-0.989957, 185, 105, 248, 136
-0.989978, 241, 33, 368, 96
-0.989982, 369, 185, 400, 248
-0.990014, 1, 1, 64, 249
-0.990041, 137, 89, 200, 120
-0.990047, 385, 73, 448, 104
-0.990047, 209, 81, 272, 112
-0.990052, 305, 137, 368, 200
-0.990072, 161, 201, 224, 232
-0.990092, 409, 57, 440, 120
-0.990109, 393, 173, 456, 204
-0.990135, 161, 49, 224, 80
-0.990156, 33, 117, 96, 148
-0.990223, 393, 185, 456, 216
-0.990231, 241, 161, 272, 224
-0.990237, 357, 97, 388, 224
-0.990263, 93, 25, 124, 88
-0.990268, 65, 69, 128, 100
-0.990287, 257, 185, 320, 248
-0.990288, 169, 217, 232, 248
-0.990296, 353, 201, 416, 232
-0.990312, 1, 153, 256, 216
-0.990314, 153, 145, 216, 176
-0.990316, 241, 69, 304, 100
-0.990335, 153, 169, 216, 200
-0.990357, 161, 189, 224, 220
-0.990373, 113, 129, 176, 160
-0.990379, 185, 129, 248, 160
-0.99044, 177, 145, 240, 176
-0.990445, 97, 53, 160, 84
-0.990457, 337, 185, 400, 248
-0.990475, 385, 133, 448, 164
-0.990478, 145, 117, 208, 148
-0.990507, 113, 17, 240, 80
-0.990508, 393, 57, 424, 120
-0.990517, 33, 77, 96, 108
-0.990549, 353, 217, 416, 248
-0.99056, 461, 185, 492, 216
-0.990566, 433, 205, 496, 236
-0.990617, 113, 157, 176, 188
-0.990637, 149, 153, 180, 216
-0.990645, 425, 117, 488, 148
-0.990645, 33, 97, 96, 128
-0.990655, 361, 185, 424, 216
-0.99066, 433, 153, 496, 184
-0.990687, 97, 77, 128, 108
-0.990705, 113, 145, 176, 176
-0.99073, 241, 33, 272, 64
-0.990733, 385, 161, 448, 192
-0.990746, 321, 217, 384, 248
-0.990752, 33, 89, 288, 152
-0.990754, 393, 209, 456, 240
-0.990755, 429, 129, 460, 192
-0.990765, 177, 33, 240, 64
-0.990772, 57, 97, 120, 128
-0.990784, 113, 169, 176, 200
-0.990843, 201, 169, 264, 200
-0.990845, 117, 185, 148, 248
-0.990852, 161, 105, 224, 136
-0.99088, 177, 169, 240, 200
-0.990888, 225, 73, 480, 136
-0.990892, 433, 17, 496, 48
-0.990893, 113, 105, 176, 136
-0.990898, 457, 1, 488, 64
-0.990898, 9, 193, 72, 224
-0.990901, 297, 65, 328, 192
-0.99091, 177, 61, 240, 92
-0.990922, 57, 41, 120, 72
-0.990937, 33, 9, 96, 72
-0.990943, 121, 117, 184, 148
-0.990955, 113, 93, 176, 124
-0.990979, 245, 49, 276, 80
-0.99099, 157, 73, 188, 136
-0.990997, 253, 33, 284, 64
-0.991003, 137, 133, 200, 164
-0.991015, 217, 105, 280, 136
-0.991017, 49, 17, 112, 48
-0.991023, 409, 137, 472, 168
-0.991033, 1, 109, 64, 140
-0.991042, 345, 149, 408, 180
-0.991093, 369, 9, 496, 72
-0.991096, 361, 101, 424, 132
-0.991097, 73, 173, 136, 204
-0.991112, 129, 145, 384, 208
-0.991128, 97, 117, 160, 148
-0.991194, 121, 181, 184, 212
-0.991197, 409, 101, 472, 132
-0.991222, 201, 65, 264, 96
-0.991275, 201, 21, 264, 52
-0.991276, 77, 77, 108, 108
-0.991279, 297, 81, 360, 112
-0.991285, 129, 17, 192, 80
-0.991291, 81, 141, 144, 172
-0.991299, 169, 93, 232, 124
-0.991322, 1, 177, 256, 240
-0.991325, 81, 101, 144, 132
-0.991327, 385, 145, 448, 176
-0.991334, 13, 105, 44, 168
-0.991346, 1, 65, 256, 128
-0.991352, 137, 45, 200, 76
-0.99136, 201, 73, 232, 136
-0.991362, 137, 61, 200, 92
-0.991363, 209, 197, 272, 228
-0.991365, 41, 57, 104, 88
-0.991371, 201, 93, 264, 124
-0.991389, 1, 73, 500, 136
-0.991395, 97, 181, 160, 212
-0.991403, 213, 141, 244, 172
-0.991405, 201, 141, 264, 172
-0.99141, 425, 85, 456, 116
-0.991411, 337, 81, 368, 144
-0.991424, 133, 73, 164, 104
-0.991437, 121, 197, 184, 228
-0.991437, 1, 105, 500, 168
-0.991452, 89, 153, 152, 184
-0.991502, 353, 85, 416, 116
-0.991548, 169, 137, 200, 168
-0.991552, 225, 21, 288, 52
-0.991572, 265, 77, 328, 108
-0.991592, 233, 81, 296, 112
-0.991601, 169, 117, 232, 148
-0.991603, 409, 149, 472, 180
-0.991605, 321, 129, 384, 249
-0.991609, 81, 65, 112, 96
-0.991633, 209, 125, 272, 156
-0.991636, 433, 33, 464, 160
-0.99166, 377, 117, 440, 148
-0.991663, 261, 45, 292, 76
-0.99168, 405, 89, 436, 120
-0.99168, 181, 45, 212, 76
-0.991686, 233, 189, 264, 220
-0.991688, 149, 85, 180, 116
-0.991728, 469, 201, 500, 232
-0.991736, 9, 217, 72, 248
-0.991756, 1, 125, 64, 156
-0.991761, 433, 133, 496, 164
-0.991767, 321, 205, 384, 236
-0.991772, 229, 41, 260, 72
-0.991781, 441, 185, 472, 216
-0.991793, 185, 49, 248, 80
-0.991797, 145, 113, 176, 144
-0.991798, 73, 185, 136, 216
-0.991807, 233, 217, 296, 248
-0.991809, 205, 201, 236, 232
-0.991818, 13, 81, 44, 208
-0.991828, 97, 33, 352, 96
-0.991843, 57, 161, 120, 192
-0.991877, 113, 17, 144, 144
-0.991887, 117, 89, 148, 120
-0.991888, 9, 17, 72, 144
-0.991898, 313, 65, 344, 192
-0.991899, 377, 89, 440, 120
-0.991901, 137, 97, 168, 128
-0.991916, 161, 113, 416, 176
-0.991923, 197, 157, 228, 188
-0.991948, 217, 153, 280, 184
-0.991948, 353, 165, 416, 196
-0.991965, 165, 157, 196, 188
-0.991966, 9, 205, 72, 236
-0.991977, 105, 177, 136, 208
-0.991988, 1, 129, 32, 249
-0.992014, 405, 77, 436, 108
-0.992021, 97, 201, 160, 232
-0.992031, 57, 109, 120, 140
-0.992037, 433, 217, 496, 248
-0.992054, 17, 141, 80, 172
-0.99208, 57, 133, 120, 164
-0.99208, 125, 137, 156, 200
-0.992093, 121, 213, 184, 244
-0.992126, 441, 201, 472, 232
-0.992126, 249, 65, 264, 128
-0.992131, 69, 17, 100, 48
-0.992139, 185, 33, 216, 64
-0.992149, 81, 41, 144, 72
-0.99216, 9, 177, 72, 208
-0.992166, 169, 73, 232, 104
-0.99219, 385, 101, 448, 132
-0.992191, 241, 101, 272, 132
-0.992193, 453, 169, 484, 200
-0.992198, 29, 49, 60, 176
-0.992208, 201, 9, 264, 40
-0.992209, 137, 85, 168, 116
-0.992227, 73, 29, 136, 60
-0.992244, 221, 209, 252, 240
-0.992245, 241, 105, 304, 136
-0.992252, 265, 37, 328, 68
-0.992259, 121, 73, 152, 104
-0.99226, 465, 65, 496, 192
-0.992261, 233, 185, 296, 248
-0.992276, 373, 81, 404, 144
-0.992304, 225, 53, 256, 84
-0.992317, 241, 81, 272, 112
-0.992318, 469, 173, 500, 204
-0.992339, 185, 73, 216, 136
-0.992382, 429, 169, 460, 200
-0.992416, 381, 165, 412, 196
-0.992431, 161, 169, 416, 232
-0.992436, 149, 33, 180, 160
-0.992436, 25, 145, 56, 208
-0.992462, 213, 129, 244, 160
-0.992467, 469, 213, 500, 244
-0.992493, 125, 113, 156, 144
-0.992501, 225, 157, 256, 188
-0.992528, 221, 185, 252, 216
-0.992592, 161, 125, 192, 156
-0.99263, 353, 105, 384, 168
-0.992676, 425, 197, 456, 228
-0.992694, 281, 25, 344, 88
-0.992739, 45, 73, 76, 104
-0.992739, 257, 97, 384, 160
-0.992741, 417, 133, 448, 164
-0.992745, 385, 177, 416, 208
-0.992749, 469, 21, 500, 52
-0.992752, 77, 29, 108, 60
-0.992753, 181, 145, 212, 176
-0.992766, 213, 25, 244, 88
-0.992818, 445, 1, 476, 128
-0.992827, 245, 25, 260, 88
-0.992833, 201, 49, 232, 80
-0.992844, 209, 165, 240, 196
-0.992854, 457, 125, 488, 156
-0.992886, 221, 105, 252, 136
-0.992935, 81, 101, 112, 132
-0.992938, 449, 153, 480, 184
-0.992942, 245, 21, 276, 52
-0.992975, 185, 197, 216, 228
-0.992977, 169, 129, 184, 192
-0.992986, 105, 141, 136, 172
-0.992994, 369, 113, 400, 176
-0.992996, 237, 205, 268, 236
-0.993035, 397, 121, 428, 152
-0.993036, 397, 185, 428, 248
-0.993038, 465, 157, 496, 188
-0.993063, 93, 65, 124, 96
-0.99308, 129, 81, 384, 144
-0.993082, 433, 157, 464, 188
-0.993083, 177, 1, 240, 64
-0.993099, 257, 1, 320, 64
-0.993124, 9, 33, 72, 96
-0.993127, 169, 189, 200, 220
-0.993132, 457, 197, 488, 228
-0.993138, 105, 157, 136, 188
-0.993173, 201, 181, 232, 212
-0.993178, 437, 93, 468, 124
-0.993192, 289, 17, 320, 144
-0.993207, 189, 177, 220, 208
-0.993211, 145, 73, 176, 104
-0.993253, 185, 101, 216, 132
-0.993261, 373, 149, 404, 180
-0.993284, 61, 29, 92, 60
-0.993306, 469, 125, 500, 156
-0.993308, 145, 165, 272, 196
-0.993309, 105, 189, 136, 220
-0.993315, 37, 121, 68, 152
-0.993328, 257, 25, 272, 88
-0.99333, 225, 137, 256, 168
-0.993352, 241, 137, 368, 200
-0.993438, 173, 1, 204, 128
-0.993448, 423, 129, 438, 192
-0.993478, 385, 101, 416, 132
-0.993493, 273, 45, 304, 76
-0.993503, 205, 213, 236, 244
-0.993563, 257, 161, 320, 224
-0.99357, 429, 181, 460, 212
-0.993574, 407, 81, 422, 144
-0.99358, 369, 57, 496, 120
-0.993581, 61, 81, 92, 112
-0.993596, 475, 169, 490, 232
-0.993609, 141, 129, 172, 160
-0.993611, 393, 89, 424, 120
-0.993613, 201, 25, 232, 56
-0.993652, 85, 45, 116, 76
-0.993667, 105, 209, 136, 240
-0.993675, 257, 97, 500, 160
-0.993679, 225, 33, 480, 96
-0.993696, 181, 165, 212, 196
-0.993707, 73, 113, 104, 144
-0.993716, 449, 213, 480, 244
-0.993721, 165, 97, 196, 128
-0.993724, 173, 117, 204, 148
-0.993737, 441, 105, 472, 136
-0.993745, 227, 129, 242, 192
-0.993755, 89, 65, 104, 128
-0.993761, 393, 161, 408, 224
-0.993768, 229, 25, 260, 56
-0.993797, 181, 113, 196, 176
-0.993814, 201, 61, 232, 92
-0.993834, 93, 93, 124, 124
-0.993836, 209, 37, 240, 68
-0.993844, 153, 137, 184, 168
-0.993861, 197, 37, 228, 68
-0.993873, 399, 105, 414, 168
-0.99388, 109, 77, 140, 108
-0.993888, 81, 89, 112, 120
-0.99392, 89, 173, 120, 204
-0.993922, 465, 141, 496, 172
-0.993923, 417, 73, 448, 104
-0.993931, 227, 177, 242, 240
-0.993935, 417, 145, 448, 176
-0.993943, 65, 9, 320, 72
-0.993984, 369, 185, 496, 216
-0.993997, 269, 33, 300, 64
-0.994001, 433, 145, 464, 176
-0.994002, 393, 141, 424, 172
-0.99401, 125, 57, 156, 88
-0.994016, 441, 173, 472, 204
-0.994021, 91, 25, 106, 88
-0.994062, 149, 97, 180, 128
-0.994062, 69, 101, 100, 132
-0.994064, 147, 73, 162, 136
-0.994065, 231, 105, 246, 168
-0.99412, 53, 105, 84, 136
-0.99412, 185, 137, 200, 200
-0.994121, 157, 97, 172, 160
-0.99413, 257, 153, 500, 216
-0.994135, 17, 117, 48, 148
-0.994138, 93, 133, 124, 164
-0.994157, 229, 173, 260, 204
-0.994157, 477, 121, 492, 184
-0.99416, 137, 97, 152, 160
-0.994191, 405, 133, 436, 164
-0.994195, 481, 185, 496, 248
-0.994196, 165, 85, 196, 116
-0.994197, 57, 17, 88, 48
-0.994213, 33, 109, 64, 140
-0.994221, 233, 137, 248, 200
-0.99423, 129, 133, 256, 164
-0.994232, 221, 97, 236, 160
-0.99424, 459, 185, 474, 248
-0.994257, 1, 49, 500, 112
-0.99429, 57, 69, 88, 100
-0.994301, 89, 201, 120, 232
-0.994305, 187, 33, 202, 96
-0.99432, 393, 73, 424, 104
-0.99433, 213, 153, 244, 184
-0.994332, 277, 69, 308, 100
-0.994338, 65, 85, 192, 116
-0.994347, 169, 41, 200, 72
-0.994361, 1, 185, 500, 248
-0.994403, 1, 129, 500, 192
-0.994412, 265, 25, 280, 88
-0.994434, 1, 17, 500, 80
-0.994447, 73, 81, 88, 144
-0.994449, 65, 97, 192, 128
-0.994452, 465, 185, 480, 248
-0.994562, 145, 177, 272, 208
-0.994582, 175, 121, 190, 184
-0.994585, 457, 105, 472, 168
-0.99459, 41, 177, 104, 240
-0.994612, 463, 113, 478, 176
-0.994618, 97, 145, 224, 176
-0.994621, 233, 177, 248, 240
-0.994675, 485, 153, 500, 216
-0.994677, 177, 33, 304, 64
-0.994687, 145, 153, 272, 184
-0.994694, 145, 201, 272, 232
-0.994719, 337, 201, 464, 232
-0.994745, 193, 57, 320, 88
-0.994747, 129, 113, 256, 144
-0.99476, 445, 49, 476, 176
-0.994797, 305, 217, 432, 248
-0.99485, 33, 109, 160, 140
-0.99485, 81, 165, 208, 196
-0.994876, 257, 185, 500, 248
-0.994958, 129, 1, 160, 128
-0.994967, 195, 169, 210, 232
-0.995003, 353, 93, 480, 124
-0.995015, 269, 81, 300, 208
-0.995043, 117, 137, 132, 200
-0.995054, 191, 145, 206, 208
-0.995076, 1, 149, 128, 180
-0.995085, 99, 57, 114, 120
-0.995112, 65, 1, 192, 64
-0.995115, 255, 49, 270, 112
-0.995128, 1, 153, 500, 216
-0.995129, 171, 153, 186, 216
-0.995134, 65, 129, 192, 160
-0.995146, 369, 137, 496, 168
-0.995164, 433, 161, 448, 224
-0.995204, 113, 97, 240, 128
-0.995228, 369, 105, 496, 136
-0.995235, 193, 45, 320, 76
-0.995255, 97, 1, 160, 64
-0.995261, 427, 81, 442, 144
-0.995278, 369, 173, 496, 204
-0.995283, 189, 1, 220, 249
-0.995298, 103, 137, 118, 200
-0.995299, 97, 81, 112, 144
-0.995341, 481, 17, 496, 80
-0.995344, 369, 157, 496, 188
-0.995344, 1, 165, 128, 196
-0.995359, 251, 25, 266, 88
-0.995364, 241, 1, 272, 249
-0.995365, 305, 1, 368, 249
-0.995381, 1, 41, 256, 104
-0.995407, 241, 161, 368, 224
-0.995414, 83, 97, 98, 160
-0.995427, 155, 121, 170, 184
-0.99543, 193, 217, 320, 248
-0.995449, 353, 213, 480, 244
-0.995467, 217, 129, 232, 192
-0.995469, 471, 121, 486, 184
-0.995489, 271, 25, 286, 88
-0.995524, 257, 121, 500, 184
-0.995526, 145, 53, 272, 84
-0.99553, 435, 81, 450, 144
-0.995532, 133, 73, 148, 136
-0.995539, 81, 205, 208, 236
-0.99555, 81, 177, 208, 208
-0.995564, 163, 97, 178, 160
-0.995634, 65, 89, 80, 152
-0.995638, 445, 177, 460, 240
-0.995651, 65, 73, 192, 104
-0.995656, 211, 41, 226, 104
-0.995659, 177, 21, 304, 52
-0.995681, 241, 161, 256, 224
-0.995681, 237, 105, 252, 168
-0.995704, 193, 1, 448, 64
-0.995735, 257, 81, 272, 144
-0.995755, 201, 25, 216, 88
-0.995766, 17, 77, 144, 108
-0.995779, 265, 129, 328, 249
-0.995782, 369, 117, 496, 148
-0.995785, 193, 165, 320, 196
-0.995785, 1, 177, 128, 208
-0.995789, 33, 57, 160, 88
-0.995796, 463, 161, 478, 224
-0.995815, 281, 1, 344, 249
-0.995823, 451, 177, 466, 240
-0.995824, 79, 73, 94, 136
-0.995836, 283, 49, 298, 112
-0.995839, 439, 185, 454, 248
-0.995858, 385, 145, 400, 208
-0.995864, 193, 69, 320, 100
-0.995866, 177, 141, 304, 172
-0.995883, 455, 145, 470, 208
-0.99589, 1, 133, 128, 164
-0.995902, 401, 81, 416, 144
-0.995917, 57, 25, 72, 88
-0.995925, 53, 1, 84, 249
-0.995935, 451, 89, 466, 152
-0.995937, 305, 17, 368, 144
-0.995937, 173, 1, 204, 249
-0.99594, 145, 85, 272, 116
-0.995944, 17, 93, 144, 124
-0.995972, 189, 169, 204, 232
-0.996004, 243, 49, 258, 112
-0.996061, 361, 33, 424, 96
-0.996068, 147, 121, 162, 184
-0.996076, 211, 185, 226, 248
-0.996079, 483, 129, 498, 192
-0.99608, 201, 153, 216, 216
-0.996085, 465, 1, 496, 249
-0.996115, 241, 185, 256, 248
-0.996161, 361, 1, 424, 128
-0.996165, 401, 1, 432, 249
-0.996181, 329, 1, 392, 249
-0.996222, 81, 193, 208, 224
-0.996227, 139, 49, 154, 112
-0.99623, 211, 121, 226, 184
-0.996243, 1, 205, 128, 236
-0.996244, 413, 65, 428, 128
-0.996245, 91, 97, 106, 160
-0.996291, 81, 217, 208, 248
-0.996293, 105, 57, 120, 120
-0.996295, 145, 189, 272, 220
-0.996296, 187, 105, 202, 168
-0.996296, 193, 129, 320, 160
-0.996311, 77, 1, 108, 249
-0.996313, 205, 1, 236, 249
-0.996319, 205, 177, 220, 240
-0.996338, 93, 129, 108, 192
-0.996357, 273, 205, 400, 236
-0.996358, 145, 217, 272, 248
-0.996368, 1, 193, 128, 224
-0.996387, 1, 121, 128, 152
-0.996442, 241, 81, 368, 112
-0.996442, 209, 193, 336, 224
-0.996459, 417, 121, 432, 184
-0.996459, 369, 81, 496, 112
-0.996473, 321, 81, 448, 112
-0.996475, 261, 1, 292, 249
-0.996482, 101, 161, 116, 224
-0.99651, 39, 81, 54, 144
-0.996536, 181, 161, 196, 224
-0.996561, 111, 177, 126, 240
-0.99658, 85, 33, 100, 96
-0.99658, 333, 129, 364, 249
-0.996598, 247, 177, 262, 240
-0.9966, 1, 217, 128, 248
-0.996603, 83, 9, 98, 72
-0.996613, 305, 17, 336, 144
-0.996626, 261, 49, 276, 112
-0.996648, 445, 89, 460, 152
-0.996654, 163, 129, 178, 192
-0.996656, 49, 65, 64, 128
-0.996682, 193, 25, 208, 88
-0.996684, 171, 97, 186, 160
-0.996717, 151, 97, 166, 160
-0.99672, 207, 153, 222, 216
-0.996725, 89, 1, 120, 249
-0.996733, 193, 153, 320, 184
-0.996748, 403, 177, 418, 240
-0.996757, 113, 65, 240, 96
-0.996757, 445, 153, 460, 216
-0.99677, 193, 97, 208, 160
-0.996771, 431, 137, 446, 200
-0.996792, 97, 53, 224, 84
-0.996793, 433, 185, 448, 248
-0.996801, 373, 17, 404, 144
-0.996817, 111, 137, 126, 200
-0.996827, 281, 105, 344, 168
-0.99689, 471, 145, 486, 208
-0.996895, 277, 129, 308, 249
-0.996918, 163, 73, 178, 136
-0.996934, 129, 41, 256, 72
-0.996936, 65, 17, 80, 80
-0.996956, 421, 89, 436, 152
-0.997002, 49, 153, 176, 184
-0.997019, 139, 73, 154, 136
-0.997024, 225, 1, 256, 249
-0.997038, 395, 81, 410, 144
-0.99708, 177, 105, 304, 136
-0.997117, 239, 25, 254, 88
-0.997118, 65, 1, 96, 249
-0.99713, 209, 205, 336, 236
-0.997133, 439, 161, 454, 224
-0.997138, 321, 161, 448, 192
-0.997161, 115, 81, 130, 144
-0.997189, 257, 217, 384, 248
-0.997201, 223, 33, 238, 96
-0.997214, 257, 9, 384, 72
-0.997216, 133, 49, 148, 112
-0.997222, 33, 113, 48, 176
-0.997225, 1, 25, 128, 56
-0.997229, 193, 89, 320, 120
-0.997244, 97, 33, 112, 96
-0.997247, 421, 1, 452, 249
-0.997254, 217, 49, 232, 112
-0.997272, 437, 1, 468, 249
-0.997288, 395, 129, 410, 192
-0.997321, 243, 97, 258, 160
-0.99735, 209, 181, 336, 212
-0.997365, 249, 1, 264, 64
-0.997383, 305, 181, 432, 212
-0.997401, 433, 73, 496, 136
-0.997409, 73, 105, 88, 168
-0.997417, 209, 117, 336, 148
-0.997419, 33, 45, 160, 76
-0.997429, 81, 117, 208, 148
-0.997431, 153, 73, 168, 136
-0.997442, 241, 45, 368, 76
-0.997447, 321, 117, 448, 148
-0.997465, 419, 65, 434, 128
-0.997491, 237, 57, 252, 120
-0.997515, 211, 17, 226, 80
-0.997531, 475, 17, 490, 80
-0.997557, 321, 69, 448, 100
-0.997628, 475, 189, 490, 220
-0.997663, 481, 181, 496, 212
-0.997674, 475, 177, 490, 208
-0.997676, 321, 129, 448, 160
-0.997678, 227, 141, 242, 172
-0.997679, 369, 13, 496, 44
-0.997682, 243, 193, 258, 224
-0.997686, 249, 49, 264, 80
-0.997697, 483, 201, 498, 232
-0.997713, 267, 45, 282, 76
-0.997722, 407, 89, 422, 120
-0.997725, 269, 33, 284, 64
-0.997725, 439, 197, 454, 228
-0.997726, 231, 129, 246, 160
-0.997737, 317, 17, 348, 144
-0.997741, 463, 193, 478, 224
-0.997742, 137, 109, 152, 140
-0.997744, 139, 81, 154, 112
-0.997748, 473, 201, 488, 232
-0.997752, 393, 165, 408, 196
-0.997752, 249, 73, 264, 104
-0.997757, 225, 205, 240, 236
-0.99776, 169, 153, 184, 184
-0.997761, 449, 1, 480, 249
-0.997767, 423, 129, 438, 160
-0.997771, 457, 149, 472, 180
-0.997771, 469, 185, 484, 216
-0.997775, 215, 149, 230, 180
-0.997776, 137, 93, 152, 124
-0.997779, 259, 49, 274, 80
-0.99778, 385, 153, 400, 184
-0.997784, 221, 137, 236, 168
-0.997784, 481, 169, 496, 200
-0.997786, 345, 33, 376, 160
-0.997795, 225, 9, 352, 40
-0.997795, 445, 197, 460, 228
-0.997796, 467, 169, 482, 200
-0.997797, 245, 37, 260, 68
-0.997803, 87, 65, 102, 96
-0.997808, 101, 73, 116, 104
-0.997809, 81, 41, 208, 72
-0.99781, 435, 81, 450, 112
-0.99781, 163, 89, 178, 120
-0.997811, 275, 45, 290, 76
-0.997811, 131, 77, 146, 108
-0.997812, 479, 157, 494, 188
-0.997812, 201, 201, 216, 232
-0.997815, 233, 205, 248, 236
-0.997816, 483, 213, 498, 244
-0.997818, 471, 125, 486, 156
-0.997821, 107, 73, 122, 104
-0.997821, 147, 93, 162, 124
-0.997822, 17, 33, 48, 160
-0.997827, 231, 153, 246, 184
-0.997828, 157, 93, 172, 124
-0.997828, 243, 25, 258, 56
-0.997831, 483, 25, 498, 56
-0.997831, 189, 41, 204, 72
-0.997833, 251, 33, 266, 64
-0.997835, 203, 45, 218, 76
-0.997837, 189, 101, 204, 132
-0.997838, 197, 41, 212, 72
-0.997838, 125, 77, 140, 108
-0.997838, 179, 137, 194, 168
-0.997839, 115, 81, 130, 112
-0.997842, 131, 89, 146, 120
-0.997842, 85, 33, 100, 64
-0.997843, 447, 93, 462, 124
-0.997844, 243, 177, 258, 208
-0.997845, 191, 165, 206, 196
-0.997848, 369, 33, 496, 96
-0.997848, 273, 193, 400, 224
-0.997849, 465, 157, 480, 188
-0.997849, 237, 185, 252, 216
-0.99785, 155, 109, 170, 140
-0.99785, 485, 141, 500, 172
-0.99785, 259, 97, 274, 128
-0.99785, 257, 33, 272, 64
-0.99785, 283, 49, 298, 80
-0.997851, 171, 125, 186, 156
-0.997853, 63, 25, 78, 56
-0.997857, 109, 185, 124, 216
-0.997858, 397, 101, 412, 132
-0.997858, 221, 149, 236, 180
-0.997859, 229, 217, 244, 248
-0.997859, 217, 49, 232, 80
-0.99786, 161, 117, 176, 148
-0.99786, 433, 165, 448, 196
-0.997865, 73, 17, 88, 48
-0.997867, 419, 77, 434, 108
-0.997867, 401, 217, 416, 248
-0.99787, 485, 153, 500, 184
-0.99787, 233, 109, 248, 140
-0.997871, 463, 117, 478, 148
-0.997872, 161, 137, 176, 168
-0.997872, 427, 85, 442, 116
-0.997876, 451, 189, 466, 220
-0.997876, 111, 209, 126, 240
-0.997879, 463, 181, 478, 212
-0.997879, 209, 45, 224, 76
-0.997881, 91, 21, 106, 52
-0.997881, 83, 17, 98, 48
-0.997884, 167, 137, 182, 168
-0.997884, 231, 177, 246, 208
-0.997885, 217, 125, 232, 156
-0.997889, 189, 181, 204, 212
-0.997889, 255, 81, 270, 112
-0.99789, 485, 125, 500, 156
-0.99789, 155, 133, 170, 164
-0.997891, 463, 205, 478, 236
-0.997894, 411, 69, 426, 100
-0.997897, 457, 197, 472, 228
-0.997898, 365, 205, 380, 236
-0.997898, 147, 73, 162, 104
-0.997898, 97, 61, 112, 92
-0.997899, 73, 81, 88, 112
-0.9979, 199, 173, 214, 204
-0.9979, 473, 165, 488, 196
-0.997903, 199, 97, 214, 128
-0.997905, 197, 153, 212, 184
-0.997905, 123, 89, 138, 120
-0.997905, 139, 57, 154, 88
-0.997906, 91, 85, 106, 116
-0.997907, 257, 93, 384, 124
-0.997907, 193, 29, 208, 60
-0.997908, 201, 217, 216, 248
-0.99791, 117, 157, 132, 188
-0.997912, 435, 177, 450, 208
-0.997913, 237, 161, 252, 192
-0.997913, 417, 129, 432, 160
-0.997913, 249, 189, 264, 220
-0.997913, 401, 89, 416, 120
-0.997914, 245, 101, 260, 132
-0.997914, 413, 81, 428, 112
-0.997915, 93, 33, 108, 64
-0.997915, 215, 137, 230, 168
-0.997915, 177, 121, 192, 152
-0.997915, 263, 29, 278, 60
-0.997917, 239, 93, 254, 124
-0.997917, 449, 149, 464, 180
-0.997918, 209, 185, 224, 216
-0.997919, 357, 49, 388, 176
-0.997925, 49, 141, 176, 172
-0.99794, 49, 25, 176, 56
-0.997981, 273, 1, 304, 249
-0.998003, 41, 1, 72, 249
-0.998004, 105, 25, 168, 88
-0.998016, 297, 161, 360, 224
-0.998048, 161, 1, 288, 32
-0.99806, 321, 149, 448, 180
-0.998066, 305, 101, 432, 132
-0.99809, 125, 1, 156, 249
-0.998113, 241, 69, 368, 100
-0.998192, 457, 129, 488, 144
-0.998194, 37, 123, 68, 138
-0.998195, 449, 213, 480, 228
-0.998197, 41, 79, 72, 94
-0.998205, 457, 173, 488, 188
-0.998207, 189, 183, 220, 198
-0.998213, 137, 131, 168, 146
-0.998214, 469, 27, 500, 42
-0.998224, 381, 187, 412, 202
-0.998224, 433, 163, 464, 178
-0.998227, 241, 57, 368, 88
-0.99823, 137, 81, 168, 96
-0.998235, 241, 43, 272, 58
-0.998241, 169, 197, 200, 212
-0.998243, 233, 179, 264, 194
-0.998245, 241, 205, 272, 220
-0.998251, 209, 47, 240, 62
-0.998251, 377, 163, 408, 178
-0.998253, 105, 167, 136, 182
-0.99826, 225, 21, 352, 52
-0.998261, 9, 9, 72, 72
-0.998262, 253, 53, 284, 68
-0.998263, 109, 75, 140, 90
-0.998268, 105, 141, 136, 156
-0.998269, 221, 107, 252, 122
-0.998274, 385, 101, 416, 116
-0.998277, 401, 87, 432, 102
-0.998285, 105, 213, 136, 228
-0.998292, 185, 53, 216, 68
-0.998293, 241, 91, 272, 106
-0.998298, 97, 147, 128, 162
-0.998302, 273, 47, 304, 62
-0.998307, 249, 103, 280, 118
-0.99831, 105, 1, 136, 249
-0.998311, 241, 157, 368, 188
-0.998313, 385, 175, 416, 190
-0.998322, 217, 185, 248, 200
-0.998322, 161, 1, 192, 249
-0.998325, 69, 111, 100, 126
-0.998333, 413, 139, 444, 154
-0.998342, 81, 33, 112, 48
-0.998345, 205, 59, 236, 74
-0.998347, 181, 103, 212, 118
-0.998364, 149, 149, 180, 164
-0.99837, 453, 151, 484, 166
-0.998372, 45, 73, 76, 88
-0.998383, 429, 203, 460, 218
-0.998389, 205, 233, 236, 248
-0.998396, 241, 33, 368, 64
-0.998403, 381, 169, 412, 184
-0.998404, 381, 1, 412, 249
-0.998405, 185, 109, 216, 124
-0.998413, 445, 181, 476, 196
-0.998422, 85, 49, 100, 176
-0.998427, 201, 197, 232, 212
-0.998432, 209, 155, 240, 170
-0.998439, 169, 191, 200, 206
-0.99844, 221, 225, 252, 240
-0.998441, 453, 225, 484, 240
-0.998453, 193, 161, 224, 176
-0.998454, 241, 51, 304, 66
-0.998465, 185, 39, 216, 54
-0.998465, 241, 57, 272, 72
-0.998465, 441, 195, 472, 210
-0.998472, 221, 195, 252, 210
-0.998479, 89, 91, 152, 106
-0.998481, 201, 53, 264, 68
-0.998486, 181, 155, 212, 170
-0.998488, 441, 151, 472, 166
-0.998492, 433, 201, 496, 216
-0.998499, 229, 31, 260, 46
-0.998502, 233, 33, 296, 48
-0.998502, 393, 191, 456, 206
-0.998505, 65, 79, 128, 94
-0.998505, 89, 77, 152, 92
-0.998506, 401, 93, 464, 108
-0.998512, 469, 173, 500, 188
-0.998513, 425, 81, 440, 208
-0.998516, 233, 97, 248, 224
-0.998519, 57, 31, 120, 46
-0.998521, 121, 83, 184, 98
-0.998522, 137, 119, 200, 134
-0.998522, 433, 195, 496, 210
-0.998523, 417, 165, 480, 180
-0.998523, 177, 47, 240, 62
-0.998524, 129, 95, 160, 110
-0.998526, 185, 103, 248, 118
-0.998527, 153, 155, 216, 170
-0.998527, 137, 107, 200, 122
-0.998528, 353, 1, 416, 64
-0.998528, 417, 173, 480, 188
-0.998528, 33, 81, 96, 96
-0.998529, 397, 129, 428, 144
-0.99853, 153, 163, 216, 178
-0.99853, 97, 83, 160, 98
-0.998532, 153, 191, 216, 206
-0.998534, 377, 77, 440, 92
-0.998536, 145, 141, 208, 156
-0.998536, 429, 183, 460, 198
-0.998537, 425, 187, 488, 202
-0.998537, 129, 95, 192, 110
-0.998537, 193, 161, 256, 176
-0.998538, 209, 191, 272, 206
-0.998539, 161, 213, 224, 228
-0.998539, 113, 147, 176, 162
-0.998539, 417, 179, 480, 194
-0.998539, 169, 199, 232, 214
-0.99854, 185, 137, 248, 152
-0.99854, 177, 53, 240, 68
-0.99854, 217, 59, 280, 74
-0.998541, 233, 45, 296, 60
-0.998541, 97, 73, 128, 88
-0.998541, 209, 225, 272, 240
-0.998542, 153, 149, 216, 164
-0.998542, 393, 87, 456, 102
-0.998542, 113, 177, 176, 192
-0.998543, 153, 175, 216, 190
-0.998543, 33, 75, 96, 90
-0.998544, 241, 57, 304, 72
-0.998546, 233, 195, 264, 210
-0.998546, 241, 73, 304, 88
-0.998546, 153, 169, 216, 184
-0.998547, 113, 133, 176, 148
-0.998547, 225, 101, 288, 116
-0.998547, 469, 149, 500, 164
-0.998547, 393, 185, 456, 200
-0.998547, 105, 179, 136, 194
-0.998548, 401, 197, 464, 212
-0.998549, 185, 207, 248, 222
-0.99855, 121, 157, 184, 172
-0.99855, 393, 203, 456, 218
-0.998553, 57, 87, 120, 102
-0.998554, 377, 173, 440, 188
-0.998555, 201, 45, 264, 60
-0.998556, 353, 231, 416, 246
-0.998556, 129, 89, 192, 104
-0.998556, 49, 23, 112, 38
-0.998557, 121, 185, 184, 200
-0.998557, 201, 53, 232, 68
-0.998558, 361, 225, 424, 240
-0.998559, 193, 197, 256, 212
-0.99856, 169, 219, 232, 234
-0.998561, 393, 211, 456, 226
-0.998561, 201, 31, 264, 46
-0.998561, 201, 93, 264, 108
-0.998562, 433, 207, 496, 222
-0.998562, 361, 195, 424, 210
-0.998562, 89, 97, 152, 112
-0.998562, 353, 205, 416, 220
-0.998563, 217, 213, 280, 228
-0.998563, 385, 143, 448, 158
-0.998564, 385, 133, 448, 148
-0.998564, 409, 141, 472, 156
-0.998565, 161, 99, 224, 114
-0.998565, 49, 69, 112, 84
-0.998565, 113, 171, 176, 186
-0.998566, 353, 211, 416, 226
-0.998566, 113, 77, 176, 92
-0.998566, 193, 59, 256, 74
-0.998567, 105, 191, 136, 206
-0.998567, 201, 179, 264, 194
-0.998568, 33, 105, 96, 120
-0.998569, 217, 87, 280, 102
-0.998569, 433, 149, 496, 164
-0.998569, 177, 155, 240, 170
-0.998569, 137, 101, 200, 116
-0.99857, 433, 157, 496, 172
-0.998571, 177, 187, 240, 202
-0.998572, 89, 55, 152, 70
-0.998574, 441, 207, 472, 222
-0.998575, 377, 167, 440, 182
-0.998575, 41, 119, 104, 134
-0.998576, 321, 219, 384, 234
-0.998576, 185, 143, 248, 158
-0.998576, 249, 79, 312, 94
-0.998577, 361, 103, 424, 118
-0.998578, 209, 77, 272, 92
-0.998579, 233, 39, 296, 54
-0.99858, 81, 155, 144, 170
-0.99858, 393, 179, 456, 194
-0.99858, 225, 95, 288, 110
-0.998581, 425, 123, 488, 138
-0.998581, 121, 199, 184, 214
-0.998581, 185, 169, 248, 184
-0.998582, 385, 161, 448, 176
-0.998582, 409, 147, 472, 162
-0.998583, 409, 101, 472, 116
-0.998583, 97, 183, 160, 198
-0.998583, 81, 177, 144, 192
-0.998584, 113, 165, 176, 180
-0.998584, 81, 143, 144, 158
-0.998584, 57, 97, 120, 112
-0.998585, 137, 113, 200, 128
-0.998585, 57, 37, 120, 52
-0.998586, 161, 181, 224, 196
-0.998586, 241, 87, 304, 102
-0.998587, 209, 231, 272, 246
-0.998587, 409, 75, 440, 90
-0.998587, 361, 109, 424, 124
-0.998588, 361, 189, 424, 204
-0.998588, 185, 109, 248, 124
-0.998588, 153, 53, 216, 68
-0.99859, 121, 139, 184, 154
-0.99859, 177, 65, 240, 80
-0.99859, 153, 47, 216, 62
-0.99859, 201, 39, 264, 54
-0.998591, 217, 219, 280, 234
-0.998591, 433, 21, 496, 36
-0.998592, 73, 103, 136, 118
-0.998592, 89, 161, 152, 176
-0.998593, 321, 225, 384, 240
-0.998593, 73, 71, 136, 86
-0.998596, 77, 83, 108, 98
-0.998601, 157, 137, 188, 152
-0.998602, 221, 143, 252, 158
-0.998611, 467, 113, 482, 240
-0.998618, 91, 33, 106, 160
-0.998619, 205, 205, 236, 220
-0.998631, 461, 213, 492, 228
-0.998632, 221, 219, 252, 234
-0.998636, 79, 65, 94, 192
-0.998638, 205, 217, 236, 232
-0.998638, 133, 111, 164, 126
-0.998638, 229, 189, 260, 204
-0.998646, 225, 141, 352, 172
-0.998652, 469, 165, 500, 180
-0.998652, 225, 211, 256, 226
-0.998662, 445, 189, 476, 204
-0.998666, 455, 97, 470, 224
-0.998668, 413, 81, 428, 208
-0.998677, 305, 33, 432, 96
-0.99868, 469, 219, 500, 234
-0.998686, 81, 71, 112, 86
-0.998689, 229, 43, 260, 58
-0.998694, 241, 85, 272, 100
-0.9987, 479, 113, 494, 240
-0.998713, 65, 13, 192, 44
-0.998714, 129, 29, 256, 60
-0.998715, 91, 97, 106, 224
-0.998722, 61, 29, 92, 44
-0.998726, 225, 105, 352, 136
-0.998737, 429, 169, 460, 184
-0.998737, 385, 181, 416, 196
-0.998746, 149, 1, 180, 249
-0.998752, 429, 195, 460, 210
-0.998753, 437, 81, 452, 208
-0.998759, 399, 97, 414, 224
-0.998767, 401, 93, 432, 108
-0.99877, 241, 33, 272, 48
-0.998771, 145, 111, 176, 126
-0.998772, 345, 129, 376, 249
-0.998772, 227, 129, 242, 249
-0.998779, 473, 113, 488, 240
-0.998783, 453, 205, 484, 220
-0.998786, 247, 1, 262, 128
-0.998791, 213, 131, 244, 146
-0.998799, 419, 81, 434, 208
-0.998802, 229, 201, 260, 216
-0.998806, 185, 97, 200, 224
-0.99881, 405, 81, 420, 208
-0.998814, 443, 81, 458, 208
-0.998817, 105, 185, 136, 200
-0.998818, 429, 175, 460, 190
-0.998829, 241, 169, 368, 200
-0.998829, 409, 133, 440, 148
-0.998837, 431, 81, 446, 208
-0.99885, 449, 81, 464, 208
-0.998856, 137, 87, 168, 102
-0.998865, 129, 75, 160, 90
-0.998877, 191, 97, 206, 224
-0.998878, 117, 81, 148, 96
-0.99889, 221, 113, 236, 240
-0.998891, 393, 113, 408, 240
-0.998892, 461, 97, 476, 224
-0.998892, 225, 161, 256, 176
-0.998893, 453, 195, 484, 210
-0.998898, 117, 91, 148, 106
-0.998906, 237, 103, 268, 118
-0.998906, 149, 65, 164, 192
-0.998908, 191, 17, 206, 144
-0.998911, 171, 113, 186, 240
-0.998914, 153, 87, 184, 102
-0.998921, 239, 33, 254, 160
-0.998928, 197, 33, 212, 160
-0.998928, 69, 21, 100, 36
-0.998929, 425, 129, 440, 249
-0.998934, 221, 49, 252, 64
-0.99894, 247, 65, 262, 192
-0.998948, 57, 65, 72, 192
-0.998949, 193, 103, 224, 118
-0.998952, 73, 65, 88, 192
-0.998955, 321, 113, 352, 240
-0.998958, 85, 1, 100, 128
-0.99896, 155, 81, 170, 208
-0.998965, 127, 81, 142, 208
-0.998975, 253, 33, 284, 48
-0.998978, 97, 33, 112, 160
-0.99898, 281, 129, 344, 192
-0.99899, 369, 1, 496, 32
-0.998992, 209, 97, 224, 224
-0.999004, 85, 97, 100, 224
-0.99902, 461, 189, 492, 204
-0.99905, 137, 81, 152, 208
-0.999069, 163, 81, 178, 208
-0.999069, 169, 141, 200, 156
-0.999076, 219, 49, 234, 176
-0.999081, 261, 47, 292, 62
-0.999083, 145, 113, 160, 240
-0.999083, 97, 85, 128, 100
-0.999085, 177, 113, 192, 240
-0.999087, 145, 119, 176, 134
-0.999088, 197, 97, 212, 224
-0.999094, 481, 17, 496, 144
-0.999099, 123, 33, 138, 160
-0.999102, 225, 55, 256, 70
-0.999105, 143, 49, 158, 176
-0.999107, 65, 65, 80, 192
-0.999111, 43, 65, 58, 192
-0.999112, 449, 129, 464, 249
-0.999119, 79, 1, 94, 128
-0.999123, 209, 1, 224, 128
-0.999135, 49, 97, 64, 224
-0.999135, 73, 1, 88, 128
-0.999139, 97, 81, 112, 208
-0.999141, 267, 1, 282, 128
-0.999147, 213, 137, 244, 152
-0.999148, 255, 17, 270, 144
-0.999151, 157, 129, 172, 249
-0.999151, 239, 97, 254, 224
-0.999154, 165, 161, 196, 176
-0.999157, 369, 69, 496, 100
-0.999169, 197, 47, 228, 62
-0.999171, 71, 113, 86, 240
-0.999172, 215, 113, 230, 240
-0.999172, 97, 129, 112, 249
-0.999179, 441, 129, 456, 249
-0.99919, 283, 33, 298, 160
-0.999197, 485, 113, 500, 240
-0.9992, 115, 129, 130, 249
-0.999201, 57, 17, 72, 144
-0.999202, 185, 17, 200, 144
-0.999203, 465, 195, 496, 210
-0.99921, 419, 129, 434, 249
-0.999211, 203, 97, 218, 224
-0.999212, 225, 33, 240, 160
-0.999217, 29, 1, 60, 249
-0.99922, 399, 33, 414, 160
-0.999223, 261, 1, 276, 128
-0.999226, 253, 81, 268, 208
-0.999228, 273, 117, 400, 148
-0.999231, 105, 129, 120, 249
-0.999231, 203, 17, 218, 144
-0.999237, 227, 81, 242, 208
-0.999243, 115, 81, 130, 208
-0.999249, 51, 49, 66, 176
-0.999252, 151, 129, 166, 249
-0.999253, 117, 33, 132, 160
-0.999278, 475, 1, 490, 128
-0.999281, 277, 33, 292, 160
-0.999283, 67, 17, 82, 144
-0.999284, 369, 57, 496, 88
-0.999291, 121, 81, 136, 208
-0.999299, 261, 49, 276, 176
-0.999299, 435, 129, 450, 249
-0.999301, 369, 41, 496, 72
-0.999314, 31, 113, 46, 240
-0.999316, 37, 81, 52, 208
-0.999325, 329, 17, 360, 144
-0.999332, 241, 51, 272, 66
-0.999333, 57, 113, 72, 240
-0.999336, 137, 1, 168, 249
-0.999337, 179, 49, 194, 176
-0.999348, 125, 129, 140, 249
-0.999359, 135, 33, 150, 160
-0.999369, 273, 145, 400, 176
-0.999383, 107, 65, 122, 192
-0.999391, 213, 49, 228, 176
-0.999396, 391, 65, 406, 192
-0.999399, 387, 129, 402, 249
-0.999408, 77, 77, 108, 92
-0.999409, 173, 49, 188, 176
-0.999412, 129, 33, 144, 160
-0.999412, 369, 1, 400, 249
-0.999413, 185, 45, 216, 60
-0.999418, 427, 33, 442, 160
-0.999422, 409, 33, 424, 160
-0.999423, 469, 203, 500, 218
-0.999432, 65, 113, 80, 240
-0.999442, 77, 113, 92, 240
-0.999443, 163, 129, 178, 249
-0.999454, 241, 129, 368, 160
-0.999472, 433, 33, 448, 160
-0.999477, 417, 33, 432, 160
-0.999487, 165, 33, 180, 160
-0.999488, 443, 1, 458, 128
-0.999502, 337, 65, 352, 192
-0.999502, 43, 113, 58, 240
-0.999507, 405, 129, 420, 249
-0.999509, 469, 183, 500, 198
-0.999515, 359, 97, 374, 224
-0.999522, 349, 81, 364, 208
-0.999528, 289, 33, 304, 160
-0.999531, 381, 113, 396, 240
-0.999537, 159, 33, 174, 160
-0.99955, 295, 65, 310, 192
-0.99955, 145, 93, 176, 108
-0.999552, 471, 65, 486, 192
-0.999571, 1, 1, 128, 64
-0.999582, 93, 79, 124, 94
-0.9996, 425, 89, 456, 104
-0.999605, 301, 65, 316, 192
-0.999614, 441, 201, 472, 216
-0.999617, 321, 49, 384, 112
-0.999618, 451, 1, 466, 128
-0.999618, 373, 113, 388, 240
-0.999621, 289, 57, 416, 88
-0.999633, 267, 49, 282, 176
-0.999635, 215, 1, 230, 128
-0.999643, 245, 113, 260, 240
-0.999647, 251, 129, 266, 249
-0.999654, 469, 1, 484, 128
-0.999659, 343, 81, 358, 208
-0.999659, 289, 129, 320, 249
-0.99966, 25, 129, 40, 249
-0.999702, 285, 1, 316, 249
-0.999757, 455, 193, 470, 208
-0.999757, 209, 195, 224, 210
-0.999757, 189, 181, 204, 196
-0.999757, 397, 95, 412, 110
-0.999757, 227, 149, 242, 164
-0.999757, 115, 143, 130, 158
-0.999757, 283, 51, 298, 66
-0.999758, 221, 145, 236, 160
-0.999758, 155, 93, 170, 108
-0.999758, 383, 149, 398, 164
-0.999758, 111, 213, 126, 228
-0.999758, 205, 99, 220, 114
-0.999758, 457, 203, 472, 218
-0.999758, 195, 43, 210, 58
-0.999758, 431, 175, 446, 190
-0.999758, 247, 73, 262, 88
-0.999758, 469, 159, 484, 174
-0.999758, 187, 167, 202, 182
-0.999758, 475, 213, 490, 228
-0.999758, 471, 165, 486, 180
-0.999758, 447, 97, 462, 112
-0.999758, 365, 231, 380, 246
-0.999758, 235, 211, 250, 226
-0.999758, 481, 217, 496, 232
-0.999758, 233, 141, 248, 156
-0.999758, 453, 165, 468, 180
-0.999759, 215, 61, 230, 76
-0.999759, 403, 119, 418, 134
-0.999759, 435, 193, 450, 208
-0.999759, 139, 105, 154, 120
-0.999759, 187, 107, 202, 122
-0.999759, 133, 95, 148, 110
-0.999759, 445, 187, 460, 202
-0.999759, 157, 85, 172, 100
-0.999759, 97, 71, 112, 86
-0.999759, 479, 149, 494, 164
-0.999759, 485, 191, 500, 206
-0.999759, 449, 193, 464, 208
-0.999759, 389, 163, 404, 178
-0.999759, 145, 115, 160, 130
-0.99976, 215, 197, 230, 212
-0.99976, 235, 45, 250, 60
-0.99976, 83, 101, 98, 116
-0.99976, 149, 95, 164, 110
-0.99976, 431, 169, 446, 184
-0.99976, 233, 217, 248, 232
-0.99976, 107, 185, 122, 200
-0.99976, 181, 141, 196, 156
-0.99976, 201, 211, 216, 226
-0.999761, 239, 203, 254, 218
-0.999761, 479, 23, 494, 38
-0.999761, 249, 187, 264, 202
-0.999761, 197, 37, 212, 52
-0.999762, 233, 135, 248, 150
-0.999762, 105, 79, 120, 94
-0.999762, 153, 133, 168, 148
-0.999762, 221, 155, 236, 170
-0.999762, 469, 209, 484, 224
-0.999762, 163, 139, 178, 154
-0.999762, 117, 79, 132, 94
-0.999762, 485, 177, 500, 192
-0.999762, 243, 33, 258, 48
-0.999762, 239, 189, 254, 204
-0.999762, 247, 201, 262, 216
-0.999762, 243, 211, 258, 226
-0.999763, 221, 139, 236, 154
-0.999763, 483, 211, 498, 226
-0.999763, 443, 207, 458, 222
-0.999763, 219, 127, 234, 142
-0.999763, 227, 223, 242, 238
-0.999763, 449, 149, 464, 164
-0.999763, 155, 109, 170, 124
-0.999763, 163, 103, 178, 118
-0.999763, 89, 71, 104, 86
-0.999763, 189, 187, 204, 202
-0.999764, 485, 153, 500, 168
-0.999764, 485, 147, 500, 162
-0.999764, 425, 139, 440, 154
-0.999764, 231, 155, 246, 170
-0.999765, 133, 75, 148, 90
-0.999765, 473, 189, 488, 204
-0.999765, 213, 49, 228, 64
-0.999765, 129, 89, 144, 104
-0.999765, 399, 101, 414, 116
-0.999765, 193, 173, 208, 188
-0.999765, 477, 181, 492, 196
-0.999765, 467, 187, 482, 202
-0.999765, 385, 155, 400, 170
-0.999765, 449, 199, 464, 214
-0.999766, 255, 51, 270, 66
-0.999766, 393, 169, 408, 184
-0.999766, 233, 129, 248, 144
-0.999766, 159, 149, 174, 164
-0.999766, 201, 105, 216, 120
-0.999766, 477, 195, 492, 210
-0.999767, 427, 87, 442, 102
-0.999767, 189, 43, 204, 58
-0.999767, 483, 159, 498, 174
-0.999768, 227, 143, 242, 158
-0.999768, 479, 167, 494, 182
-0.999769, 271, 47, 286, 62
-0.999769, 479, 173, 494, 188
-0.999769, 169, 157, 184, 172
-0.999769, 459, 153, 474, 168
-0.999769, 207, 47, 222, 62
-0.999769, 199, 49, 214, 64
-0.999769, 455, 147, 470, 162
-0.999769, 217, 55, 232, 70
-0.999769, 99, 77, 114, 92
-0.999769, 463, 195, 478, 210
-0.999769, 229, 209, 244, 224
-0.99977, 413, 73, 428, 88
-0.999771, 435, 87, 450, 102
-0.999771, 249, 51, 264, 66
-0.999772, 485, 205, 500, 220
-0.999772, 483, 183, 498, 198
-0.999772, 365, 225, 380, 240
-0.999773, 123, 81, 138, 96
-0.999773, 193, 103, 208, 118
-0.999773, 1, 13, 128, 44
-0.999775, 265, 47, 280, 62
-0.999775, 247, 79, 262, 94
-0.999775, 443, 197, 458, 212
-0.999775, 405, 91, 420, 106
-0.999776, 137, 111, 152, 126
-0.999776, 201, 43, 216, 58
-0.999776, 483, 197, 498, 212
-0.999777, 423, 131, 438, 146
-0.999777, 473, 203, 488, 218
-0.999777, 227, 135, 242, 150
-0.999786, 245, 195, 260, 210
-0.999843, 305, 97, 368, 160
-0.999857, 13, 1, 44, 249
-0.999871, 309, 129, 340, 249
-0.999921, 369, 25, 496, 56
-0.999982, 305, 29, 432, 60
-1.00002, 113, 17, 240, 48
-1.00004, 305, 41, 432, 72
-1.00005, 1, 81, 32, 208
-1.00016, 321, 9, 448, 40
-1.00029, 281, 1, 344, 64
-1.00029, 257, 181, 384, 212
-1.0003, 321, 1, 352, 249
-1.00032, 65, 1, 192, 32
-1.00033, 345, 1, 376, 249
-1.00038, 357, 1, 388, 249
-1.00046, 297, 1, 328, 249
-1.00049, 261, 129, 292, 249
-1.00053, 333, 1, 364, 249
-1.00059, 309, 1, 340, 249
-1.00065, 1, 1, 128, 32
-1.00085, 273, 17, 400, 48
-1.00102, 1, 1, 32, 249
-1.00105, 305, 9, 432, 72
-1.00119, 113, 5, 240, 36
-1.00129, 273, 1, 400, 32
-1.00173, 361, 1, 392, 128
-1.00225, 29, 1, 60, 128
-1.00253, 1, 33, 32, 160
-1.00265, 337, 25, 400, 88
-1.00529, 313, 25, 376, 88
-1.00547, 329, 1, 392, 64
-1.00633, 305, 1, 368, 64
