1965
-0.281083, 1, 1, 500, 375
-0.294596, 1, 65, 500, 320
-0.454804, 257, 1, 500, 375
-0.466594, 97, 1, 352, 375
-0.46829, 1, 1, 256, 375
-0.610536, 161, 97, 416, 352
-0.630361, 65, 97, 320, 352
-0.639624, 257, 33, 500, 288
-0.659639, 1, 1, 256, 256
-0.695625, 257, 129, 500, 375
-0.76173, 129, 1, 384, 256
-0.85055, 225, 65, 352, 320
-0.855935, 337, 1, 464, 375
-0.860641, 81, 1, 208, 375
-0.866514, 161, 97, 288, 352
-0.868314, 129, 1, 256, 375
-0.869305, 321, 33, 448, 288
-0.869316, 1, 1, 128, 375
-0.86985, 81, 1, 208, 256
-0.870478, 225, 1, 352, 375
-0.875905, 1, 177, 500, 304
-0.876028, 177, 1, 304, 375
-0.88413, 273, 1, 400, 375
-0.884881, 273, 129, 400, 375
-0.888541, 113, 129, 240, 375
-0.889295, 1, 129, 500, 256
-0.890312, 369, 129, 496, 375
-0.891269, 1, 241, 500, 368
-0.893373, 369, 1, 496, 256
-0.895633, 1, 81, 500, 208
-0.897436, 273, 33, 400, 288
-0.8975, 321, 129, 448, 375
-0.900306, 1, 1, 128, 256
-0.900425, 177, 1, 304, 256
-0.903414, 1, 129, 128, 375
-0.905225, 97, 129, 352, 256
-0.906103, 49, 129, 176, 375
-0.909522, 1, 33, 500, 160
-0.914624, 193, 113, 448, 240
-0.915013, 129, 1, 256, 256
-0.917522, 97, 177, 352, 304
-0.91915, 161, 241, 416, 368
-0.920689, 1, 177, 256, 304
-0.921929, 241, 113, 368, 240
-0.924788, 257, 241, 500, 368
-0.925824, 193, 97, 320, 224
-0.92837, 193, 161, 448, 288
-0.928715, 129, 65, 384, 192
-0.933952, 177, 113, 240, 240
-0.934821, 233, 81, 296, 208
-0.935839, 241, 161, 368, 288
-0.936154, 17, 177, 144, 304
-0.937182, 257, 113, 320, 240
-0.93724, 241, 241, 368, 368
-0.938413, 289, 113, 416, 240
-0.939371, 25, 193, 88, 320
-0.940323, 33, 33, 288, 160
-0.94105, 33, 225, 288, 352
-0.941395, 177, 145, 304, 272
-0.941909, 201, 113, 264, 240
-0.942687, 281, 113, 344, 240
-0.942754, 257, 65, 384, 192
-0.942896, 225, 65, 480, 192
-0.943542, 89, 177, 152, 304
-0.943809, 65, 177, 192, 304
-0.943961, 305, 113, 368, 240
-0.944199, 65, 177, 128, 304
-0.944946, 185, 65, 248, 192
-0.945636, 353, 241, 480, 368
-0.94619, 305, 241, 368, 368
-0.946205, 193, 241, 320, 368
-0.947915, 289, 241, 416, 368
-0.94844, 1, 193, 64, 320
-0.949349, 129, 145, 256, 272
-0.949734, 217, 161, 280, 288
-0.949738, 273, 241, 336, 368
-0.95027, 305, 161, 368, 288
-0.950777, 17, 225, 144, 352
-0.951144, 185, 241, 248, 368
-0.951197, 161, 49, 288, 176
-0.951412, 417, 1, 480, 128
-0.952726, 281, 161, 344, 288
-0.953611, 81, 33, 208, 160
-0.953949, 225, 241, 288, 368
-0.954071, 329, 241, 392, 368
-0.954359, 273, 65, 336, 192
-0.954637, 249, 161, 312, 288
-0.955239, 337, 113, 400, 240
-0.955295, 33, 81, 288, 208
-0.955972, 369, 241, 432, 368
-0.957942, 129, 241, 256, 368
-0.95854, 177, 161, 240, 288
-0.959025, 153, 241, 216, 368
-0.959243, 433, 129, 496, 256
-0.959812, 177, 193, 304, 320
-0.959823, 249, 241, 312, 368
-0.960185, 145, 97, 272, 224
-0.960259, 417, 177, 480, 304
-0.960273, 201, 161, 264, 224
-0.96064, 41, 193, 104, 256
-0.961303, 337, 33, 464, 160
-0.961404, 369, 177, 496, 304
-0.961854, 265, 145, 328, 208
-0.961958, 209, 49, 336, 176
-0.962074, 297, 65, 360, 192
-0.962154, 209, 65, 272, 192
-0.962468, 185, 265, 248, 328
-0.962704, 289, 177, 416, 304
-0.963001, 201, 297, 264, 360
-0.963253, 337, 81, 464, 208
-0.963419, 1, 17, 128, 144
-0.963433, 137, 33, 200, 160
-0.963576, 129, 17, 384, 144
-0.9638, 241, 137, 304, 200
-0.96385, 153, 273, 216, 336
-0.963933, 81, 193, 144, 256
-0.96407, 225, 161, 288, 224
-0.964134, 17, 193, 80, 256
-0.964622, 393, 1, 456, 128
-0.964633, 177, 161, 240, 224
-0.964643, 217, 137, 280, 200
-0.964745, 1, 129, 256, 256
-0.965026, 57, 225, 120, 352
-0.965102, 217, 185, 280, 248
-0.965154, 417, 185, 480, 248
-0.96547, 193, 137, 320, 200
-0.965604, 297, 153, 360, 216
-0.965845, 105, 225, 168, 352
-0.965944, 241, 73, 304, 136
-0.966, 425, 297, 488, 360
-0.966077, 65, 225, 192, 352
-0.9661, 41, 217, 104, 280
-0.966237, 313, 289, 376, 352
-0.966293, 249, 305, 312, 368
-0.966309, 17, 193, 144, 256
-0.966526, 177, 313, 304, 375
-0.966559, 185, 137, 248, 200
-0.966907, 281, 265, 344, 328
-0.967152, 273, 313, 336, 375
-0.967193, 337, 241, 400, 304
-0.967335, 177, 289, 240, 352
-0.967445, 225, 305, 352, 368
-0.96752, 281, 185, 344, 248
-0.967635, 225, 297, 288, 360
-0.967664, 153, 113, 216, 240
-0.967726, 257, 17, 500, 144
-0.967839, 425, 1, 488, 64
-0.967858, 177, 185, 240, 248
-0.967993, 161, 49, 224, 176
-0.968138, 9, 217, 72, 280
-0.968155, 393, 241, 456, 368
-0.968431, 193, 161, 320, 224
-0.968433, 425, 241, 488, 368
-0.96849, 129, 193, 256, 320
-0.968823, 329, 121, 392, 184
-0.968939, 249, 169, 312, 232
-0.969196, 41, 145, 104, 272
-0.969304, 193, 97, 256, 160
-0.969399, 249, 265, 312, 328
-0.969497, 241, 161, 368, 224
-0.969679, 325, 129, 356, 256
-0.969893, 241, 113, 304, 176
-0.969941, 217, 273, 280, 336
-0.97004, 337, 33, 400, 160
-0.970113, 65, 217, 128, 280
-0.970199, 225, 185, 352, 248
-0.970217, 329, 265, 392, 328
-0.970292, 305, 201, 368, 264
-0.970304, 353, 265, 416, 328
-0.970349, 361, 33, 424, 160
-0.970576, 201, 65, 264, 128
-0.970668, 257, 105, 384, 168
-0.970703, 401, 297, 464, 360
-0.97071, 221, 113, 252, 240
-0.970815, 297, 121, 360, 184
-0.970875, 305, 177, 368, 240
-0.970991, 401, 17, 464, 80
-0.971014, 113, 265, 176, 328
-0.971064, 273, 97, 336, 160
-0.971188, 361, 241, 424, 304
-0.971226, 177, 313, 240, 375
-0.971235, 225, 265, 352, 328
-0.971306, 281, 113, 312, 240
-0.971363, 305, 257, 368, 320
-0.971442, 353, 33, 416, 96
-0.971487, 81, 33, 144, 160
-0.971667, 177, 289, 304, 352
-0.971682, 297, 113, 328, 240
-0.971777, 337, 129, 464, 256
-0.971792, 273, 289, 336, 352
-0.971848, 273, 65, 336, 128
-0.971925, 273, 121, 336, 184
-0.971931, 1, 17, 64, 144
-0.972014, 153, 297, 216, 360
-0.972108, 49, 17, 112, 144
-0.972214, 177, 265, 304, 328
-0.972259, 309, 113, 340, 240
-0.972344, 161, 129, 224, 192
-0.972416, 269, 113, 300, 240
-0.972489, 177, 97, 240, 352
-0.972523, 305, 289, 432, 352
-0.97256, 409, 257, 472, 320
-0.972644, 45, 177, 76, 304
-0.972664, 377, 25, 440, 88
-0.972703, 385, 265, 448, 328
-0.972706, 321, 153, 384, 216
-0.972801, 337, 289, 400, 352
-0.972806, 81, 225, 144, 352
-0.973005, 145, 161, 272, 224
-0.973079, 217, 97, 280, 352
-0.973081, 197, 313, 228, 375
-0.973147, 193, 97, 320, 160
-0.973158, 177, 65, 240, 128
-0.973212, 305, 241, 336, 368
-0.973251, 137, 41, 200, 104
-0.97328, 297, 145, 328, 208
-0.973548, 209, 97, 240, 224
-0.973606, 433, 273, 496, 336
-0.973766, 161, 65, 288, 128
-0.973822, 113, 177, 176, 304
-0.973866, 353, 265, 480, 328
-0.973922, 33, 241, 96, 304
-0.973997, 237, 113, 268, 240
-0.9741, 233, 33, 296, 160
-0.974219, 97, 177, 128, 304
-0.974221, 265, 161, 296, 224
-0.974223, 273, 257, 400, 320
-0.974328, 205, 161, 236, 224
-0.974335, 273, 137, 304, 200
-0.974472, 137, 249, 200, 312
-0.974519, 369, 297, 432, 360
-0.974586, 337, 217, 400, 280
-0.974707, 85, 177, 116, 304
-0.974777, 145, 193, 208, 320
-0.974807, 241, 137, 368, 200
-0.974843, 105, 33, 168, 160
-0.974933, 325, 153, 356, 216
-0.974939, 25, 241, 88, 368
-0.97497, 369, 297, 496, 360
-0.975077, 369, 17, 496, 80
-0.975159, 257, 65, 384, 128
-0.975169, 209, 249, 272, 312
-0.975195, 293, 313, 324, 375
-0.975216, 329, 193, 392, 320
-0.975262, 57, 193, 88, 320
-0.975281, 297, 313, 360, 375
-0.975352, 325, 129, 356, 192
-0.975359, 33, 193, 64, 320
-0.975502, 281, 241, 312, 368
-0.975524, 257, 81, 288, 208
-0.975525, 57, 201, 88, 264
-0.975567, 189, 113, 220, 240
-0.975589, 221, 185, 252, 248
-0.975603, 33, 209, 64, 272
-0.975643, 357, 241, 388, 304
-0.975657, 9, 145, 72, 272
-0.975914, 237, 161, 268, 224
-0.97593, 217, 97, 280, 160
-0.975953, 225, 161, 256, 224
-0.975986, 89, 193, 120, 256
-0.976098, 221, 161, 252, 288
-0.97611, 277, 161, 308, 224
-0.976239, 45, 193, 76, 256
-0.976374, 161, 249, 224, 312
-0.97644, 309, 145, 340, 208
-0.976601, 281, 241, 344, 304
-0.976696, 189, 265, 220, 328
-0.976703, 169, 89, 232, 152
-0.976733, 229, 297, 260, 360
-0.97674, 333, 241, 364, 368
-0.976756, 241, 97, 304, 352
-0.976759, 17, 193, 48, 320
-0.976887, 9, 241, 72, 304
-0.976906, 297, 73, 360, 136
-0.97691, 145, 161, 208, 224
-0.976931, 205, 289, 236, 352
-0.976938, 461, 129, 492, 256
-0.976966, 277, 313, 308, 375
-0.976987, 433, 161, 496, 224
-0.977122, 5, 193, 36, 320
-0.977132, 97, 33, 160, 96
-0.977147, 273, 313, 400, 375
-0.977202, 437, 289, 468, 352
-0.977235, 309, 305, 340, 368
-0.977286, 321, 241, 448, 304
-0.977364, 1, 217, 128, 280
-0.977386, 97, 97, 224, 224
-0.977479, 321, 177, 448, 240
-0.977503, 225, 241, 256, 368
-0.977539, 73, 257, 136, 320
-0.977614, 297, 97, 360, 160
-0.977645, 337, 97, 400, 160
-0.977695, 105, 201, 168, 264
-0.977775, 377, 193, 440, 256
-0.977796, 189, 121, 220, 184
-0.977805, 25, 17, 88, 144
-0.977828, 49, 217, 176, 280
-0.977982, 77, 193, 108, 256
-0.977991, 393, 1, 456, 256
-0.977993, 325, 185, 356, 248
-0.978033, 33, 1, 96, 256
-0.978124, 209, 137, 240, 200
-0.978148, 425, 297, 456, 360
-0.978163, 313, 233, 376, 296
-0.978164, 393, 177, 456, 304
-0.978205, 41, 33, 104, 96
-0.978207, 465, 177, 496, 304
-0.978216, 285, 137, 316, 200
-0.978385, 337, 33, 400, 288
-0.978416, 241, 49, 304, 112
-0.978444, 305, 49, 368, 112
-0.978471, 89, 1, 152, 256
-0.9785, 293, 241, 324, 368
-0.978671, 137, 33, 200, 288
-0.978687, 161, 185, 288, 248
-0.978783, 253, 137, 284, 200
-0.978795, 69, 177, 100, 304
-0.978812, 205, 265, 236, 328
-0.978816, 253, 161, 284, 224
-0.978884, 297, 129, 360, 375
-0.979022, 197, 241, 228, 368
-0.979064, 89, 129, 152, 256
-0.979122, 241, 193, 304, 256
-0.979189, 289, 153, 416, 216
-0.979216, 89, 225, 152, 288
-0.979226, 1, 25, 64, 88
-0.979315, 73, 33, 136, 96
-0.979363, 201, 209, 264, 272
-0.979413, 257, 241, 320, 304
-0.979436, 65, 185, 192, 248
-0.979493, 81, 217, 112, 280
-0.979516, 289, 129, 416, 192
-0.979567, 105, 177, 168, 240
-0.979642, 465, 1, 496, 128
-0.979646, 189, 161, 220, 224
-0.979716, 273, 33, 336, 288
-0.979842, 409, 49, 472, 176
-0.979846, 453, 1, 484, 128
-0.979876, 217, 313, 248, 375
-0.979893, 245, 265, 276, 328
-0.97997, 337, 41, 464, 104
-0.979986, 421, 1, 452, 128
-0.980002, 425, 25, 488, 88
-0.980004, 185, 241, 248, 304
-0.980023, 49, 169, 112, 232
-0.980083, 153, 65, 216, 128
-0.980087, 337, 57, 400, 120
-0.980102, 237, 161, 268, 288
-0.980127, 217, 265, 248, 328
-0.980131, 321, 289, 352, 352
-0.980173, 213, 241, 244, 368
-0.980205, 265, 313, 296, 375
-0.980239, 113, 1, 176, 256
-0.98026, 161, 41, 224, 104
-0.980262, 277, 265, 308, 328
-0.980267, 113, 185, 240, 248
-0.980343, 361, 217, 424, 280
-0.980349, 273, 65, 304, 192
-0.980368, 201, 145, 232, 272
-0.980388, 145, 97, 208, 160
-0.980473, 209, 49, 240, 176
-0.980473, 121, 289, 184, 352
-0.980488, 329, 177, 392, 240
-0.980515, 17, 273, 80, 336
-0.980559, 433, 1, 496, 256
-0.980612, 353, 201, 480, 264
-0.98062, 429, 1, 460, 64
-0.980637, 233, 137, 264, 200
-0.980638, 361, 265, 392, 328
-0.980657, 9, 209, 40, 272
-0.980699, 409, 233, 472, 296
-0.980725, 201, 1, 264, 256
-0.980729, 113, 265, 240, 328
-0.980739, 129, 305, 256, 368
-0.980773, 229, 265, 260, 328
-0.980782, 45, 217, 76, 280
-0.980827, 209, 57, 336, 120
-0.980834, 361, 1, 424, 256
-0.980858, 317, 241, 348, 368
-0.980866, 253, 161, 284, 288
-0.980908, 101, 193, 132, 256
-0.980924, 305, 185, 336, 248
-0.981003, 233, 241, 296, 304
-0.981161, 209, 193, 240, 320
-0.981269, 417, 129, 480, 375
-0.981337, 433, 241, 496, 304
-0.981341, 353, 129, 416, 192
-0.981345, 265, 81, 296, 144
-0.981355, 265, 41, 328, 104
-0.981375, 245, 65, 276, 192
-0.981394, 57, 33, 120, 288
-0.981415, 129, 185, 192, 248
-0.98146, 329, 129, 392, 375
-0.981465, 357, 217, 388, 280
-0.981654, 377, 1, 440, 64
-0.981664, 185, 289, 216, 352
-0.981684, 57, 129, 120, 375
-0.981699, 369, 225, 400, 288
-0.981743, 81, 41, 208, 104
-0.98175, 393, 169, 456, 232
-0.981876, 253, 73, 284, 136
-0.981904, 425, 185, 456, 248
-0.981945, 113, 241, 176, 304
-0.981961, 385, 49, 448, 176
-0.981968, 9, 1, 72, 256
-0.982033, 249, 297, 280, 360
-0.982042, 417, 17, 448, 80
-0.98206, 257, 209, 384, 272
-0.982073, 177, 209, 240, 272
-0.982078, 73, 97, 136, 160
-0.982081, 345, 241, 376, 304
-0.982081, 305, 161, 336, 288
-0.982085, 109, 177, 140, 304
-0.98212, 257, 265, 288, 328
-0.982182, 217, 289, 248, 352
-0.982186, 289, 265, 320, 328
-0.982193, 129, 241, 192, 368
-0.98221, 285, 97, 316, 160
-0.982276, 21, 209, 52, 272
-0.982322, 153, 185, 216, 248
-0.982367, 309, 265, 340, 328
-0.982376, 297, 289, 328, 352
-0.982381, 49, 265, 112, 328
-0.982382, 361, 241, 392, 368
-0.982404, 265, 241, 296, 368
-0.982432, 401, 41, 464, 104
-0.982482, 385, 241, 448, 304
-0.982507, 1, 241, 64, 368
-0.982542, 369, 177, 496, 240
-0.982555, 289, 65, 320, 192
-0.982579, 437, 313, 468, 375
-0.982598, 433, 209, 496, 272
-0.98264, 1, 169, 64, 232
-0.982658, 345, 241, 376, 368
-0.98276, 385, 257, 416, 320
-0.982782, 241, 73, 272, 136
-0.982791, 137, 137, 200, 200
-0.982791, 321, 313, 384, 375
-0.9828, 309, 121, 340, 184
-0.982848, 345, 81, 376, 208
-0.982855, 81, 169, 144, 232
-0.982861, 325, 193, 356, 320
-0.98292, 345, 313, 408, 375
-0.982922, 329, 33, 392, 96
-0.982995, 369, 129, 432, 375
-0.983138, 405, 265, 436, 328
-0.98317, 81, 129, 144, 375
-0.983265, 457, 185, 488, 248
-0.983265, 449, 313, 480, 375
-0.983289, 237, 241, 268, 368
-0.983355, 333, 257, 364, 320
-0.983386, 353, 193, 416, 320
-0.983396, 33, 33, 160, 96
-0.983433, 249, 185, 280, 248
-0.983435, 221, 49, 252, 176
-0.983464, 221, 137, 252, 200
-0.983494, 177, 265, 208, 328
-0.983495, 209, 41, 272, 104
-0.983532, 369, 97, 432, 160
-0.983691, 273, 129, 336, 375
-0.983721, 289, 17, 416, 144
-0.983744, 233, 1, 296, 256
-0.983805, 289, 177, 320, 240
-0.983806, 9, 1, 72, 375
-0.983903, 333, 289, 364, 352
-0.98393, 137, 1, 200, 375
-0.983992, 381, 25, 412, 88
-0.984023, 373, 241, 404, 368
-0.984025, 129, 1, 256, 128
-0.984047, 125, 177, 156, 304
-0.984073, 273, 113, 304, 176
-0.984074, 265, 161, 296, 288
-0.98409, 425, 1, 488, 375
-0.984102, 321, 97, 448, 160
-0.984109, 17, 129, 80, 375
-0.984112, 441, 1, 472, 128
-0.984124, 73, 1, 136, 375
-0.98415, 177, 1, 240, 128
-0.98418, 465, 225, 496, 352
-0.984184, 165, 265, 196, 328
-0.984199, 277, 161, 308, 288
-0.984237, 145, 137, 272, 200
-0.984246, 65, 129, 128, 256
-0.98425, 177, 1, 240, 256
-0.984274, 237, 185, 268, 248
-0.984582, 321, 257, 352, 320
-0.98461, 201, 1, 264, 375
-0.984632, 153, 129, 216, 375
-0.984682, 277, 289, 308, 352
-0.984686, 233, 65, 264, 192
-0.984771, 273, 233, 400, 296
-0.984813, 265, 57, 296, 120
-0.98482, 345, 289, 376, 352
-0.984835, 441, 241, 472, 368
-0.984896, 441, 1, 472, 64
-0.984918, 417, 265, 448, 328
-0.984923, 209, 185, 240, 248
-0.984923, 97, 1, 160, 375
-0.984925, 261, 185, 292, 248
-0.985063, 33, 257, 160, 320
-0.985091, 469, 201, 500, 264
-0.985093, 97, 161, 224, 224
-0.985105, 377, 1, 440, 375
-0.98518, 273, 185, 400, 248
-0.985189, 49, 1, 112, 375
-0.985191, 241, 97, 272, 160
-0.985228, 69, 217, 100, 280
-0.985234, 233, 1, 296, 375
-0.98525, 441, 177, 472, 240
-0.98529, 345, 265, 376, 328
-0.985296, 33, 233, 64, 296
-0.985325, 249, 241, 280, 368
-0.985396, 69, 225, 100, 352
-0.985397, 369, 33, 400, 96
-0.98546, 373, 265, 404, 328
-0.985474, 453, 177, 484, 304
-0.985517, 293, 161, 324, 288
-0.985543, 289, 41, 416, 104
-0.985553, 265, 1, 328, 375
-0.985667, 145, 105, 272, 168
-0.985685, 393, 129, 456, 375
-0.985691, 253, 113, 284, 176
-0.985914, 369, 129, 432, 256
-0.98594, 261, 33, 292, 160
-0.985952, 345, 1, 408, 375
-0.985974, 17, 129, 144, 256
-0.986015, 205, 97, 236, 160
-0.986089, 133, 225, 164, 352
-0.986157, 285, 65, 316, 128
-0.986316, 193, 241, 320, 304
-0.986327, 133, 265, 164, 328
-0.98637, 105, 129, 168, 375
-0.986386, 345, 113, 376, 176
-0.986389, 401, 241, 432, 368
-0.986415, 401, 1, 464, 375
-0.986446, 385, 241, 416, 368
-0.986447, 449, 273, 480, 336
-0.986541, 21, 233, 52, 296
-0.986552, 297, 121, 328, 184
-0.986559, 365, 289, 396, 352
-0.986591, 153, 273, 184, 336
-0.986628, 193, 185, 224, 248
-0.986641, 405, 289, 436, 352
-0.986656, 261, 289, 292, 352
-0.986657, 409, 129, 472, 256
-0.98667, 93, 217, 124, 280
-0.986702, 161, 1, 224, 375
-0.986702, 161, 41, 192, 104
-0.986757, 209, 17, 272, 144
-0.986788, 97, 209, 224, 272
-0.986847, 185, 65, 216, 192
-0.98686, 297, 241, 328, 304
-0.98686, 321, 313, 352, 375
-0.98686, 345, 33, 376, 160
-0.986895, 381, 233, 412, 296
-0.986932, 185, 313, 216, 375
-0.986976, 273, 185, 304, 248
-0.98704, 433, 81, 496, 208
-0.987071, 165, 33, 196, 160
-0.987111, 49, 209, 112, 240
-0.987146, 465, 161, 496, 224
-0.987179, 345, 217, 376, 280
-0.987188, 185, 241, 216, 368
-0.987194, 297, 65, 328, 128
-0.9872, 461, 1, 492, 64
-0.987218, 305, 1, 368, 128
-0.987251, 337, 193, 368, 256
-0.987392, 321, 313, 448, 375
-0.987423, 245, 49, 276, 112
-0.987502, 313, 33, 376, 288
-0.98764, 305, 65, 336, 192
-0.987652, 369, 241, 496, 304
-0.987698, 461, 257, 492, 320
-0.987764, 421, 177, 452, 304
-0.987835, 321, 1, 384, 375
-0.987835, 89, 33, 120, 160
-0.987865, 337, 193, 368, 320
-0.987873, 337, 145, 368, 208
-0.987884, 393, 33, 424, 96
-0.987948, 125, 185, 156, 248
-0.987973, 45, 225, 76, 352
-0.988055, 121, 225, 152, 352
-0.988089, 225, 113, 256, 176
-0.988111, 337, 129, 464, 192
-0.988128, 81, 225, 112, 352
-0.988138, 161, 225, 192, 352
-0.988201, 113, 193, 144, 256
-0.988209, 449, 129, 480, 256
-0.988365, 49, 221, 112, 252
-0.988378, 17, 229, 80, 260
-0.988397, 193, 305, 448, 368
-0.988526, 273, 305, 336, 336
-0.988821, 209, 309, 272, 340
-0.988842, 409, 1, 440, 128
-0.98886, 281, 149, 344, 180
-0.988875, 89, 209, 152, 240
-0.988928, 161, 265, 416, 328
-0.989083, 429, 241, 460, 368
-0.989112, 177, 269, 240, 300
-0.989129, 389, 33, 420, 160
-0.989129, 453, 241, 484, 368
-0.989133, 9, 205, 72, 236
-0.989246, 241, 89, 304, 120
-0.98928, 257, 325, 320, 356
-0.98929, 241, 301, 304, 332
-0.989332, 281, 181, 344, 212
-0.989346, 361, 81, 424, 208
-0.989353, 425, 189, 488, 220
-0.989373, 217, 185, 280, 216
-0.989381, 197, 65, 228, 192
-0.989416, 273, 293, 336, 324
-0.989418, 185, 297, 248, 328
-0.989434, 81, 305, 208, 368
-0.989443, 177, 181, 240, 212
-0.989557, 337, 129, 368, 256
-0.989617, 193, 333, 256, 364
-0.989642, 305, 181, 368, 212
-0.989665, 33, 197, 96, 228
-0.989687, 113, 33, 144, 160
-0.989692, 177, 149, 240, 180
-0.989693, 217, 333, 280, 364
-0.989706, 97, 137, 224, 200
-0.989709, 69, 17, 100, 144
-0.98972, 297, 309, 360, 340
-0.989741, 257, 181, 320, 212
-0.989756, 409, 261, 472, 292
-0.98977, 305, 149, 368, 180
-0.98982, 273, 113, 336, 144
-0.989822, 369, 261, 432, 292
-0.989826, 161, 41, 288, 104
-0.989842, 305, 293, 368, 324
-0.989856, 113, 73, 240, 136
-0.989862, 353, 249, 416, 280
-0.989893, 437, 161, 468, 288
-0.989894, 433, 1, 496, 32
-0.989899, 273, 345, 336, 375
-0.98991, 97, 185, 352, 248
-0.989944, 137, 269, 200, 300
-0.989974, 233, 321, 296, 352
-0.989983, 217, 297, 280, 328
-0.99, 345, 45, 408, 76
-0.990015, 257, 137, 320, 168
-0.990035, 249, 149, 312, 180
-0.990064, 241, 341, 304, 372
-0.990067, 217, 173, 280, 204
-0.990097, 369, 33, 432, 64
-0.9901, 17, 217, 80, 248
-0.990163, 129, 121, 384, 184
-0.990164, 193, 321, 256, 352
-0.990221, 89, 197, 152, 228
-0.990241, 177, 129, 240, 160
-0.990266, 185, 193, 216, 320
-0.990292, 73, 221, 136, 252
-0.990299, 217, 197, 280, 228
-0.990315, 329, 261, 392, 292
-0.990317, 177, 193, 240, 224
-0.990344, 265, 193, 328, 224
-0.99037, 337, 289, 400, 320
-0.990375, 193, 113, 256, 144
-0.990378, 297, 161, 360, 192
-0.990385, 417, 241, 448, 368
-0.990391, 173, 241, 204, 368
-0.990401, 193, 345, 256, 375
-0.99041, 113, 269, 176, 300
-0.990426, 137, 177, 168, 304
-0.990462, 297, 129, 360, 160
-0.990479, 241, 105, 304, 136
-0.990509, 153, 293, 216, 324
-0.99051, 273, 85, 336, 116
-0.990526, 333, 81, 364, 208
-0.990544, 265, 161, 328, 192
-0.990553, 201, 161, 264, 192
-0.99061, 105, 225, 136, 352
-0.990623, 217, 345, 280, 375
-0.990624, 281, 257, 344, 288
-0.990654, 357, 33, 388, 160
-0.990665, 97, 161, 352, 224
-0.990697, 145, 281, 208, 312
-0.990707, 225, 257, 288, 288
-0.990723, 153, 309, 216, 340
-0.990728, 305, 65, 432, 128
-0.990737, 249, 265, 312, 296
-0.99075, 321, 305, 384, 336
-0.990751, 401, 189, 464, 220
-0.990752, 305, 193, 368, 224
-0.990757, 5, 17, 36, 144
-0.990835, 241, 161, 304, 192
-0.990858, 145, 241, 272, 304
-0.990883, 425, 301, 488, 332
-0.990892, 57, 145, 88, 272
-0.990913, 289, 1, 352, 375
-0.990923, 193, 89, 256, 120
-0.990934, 369, 301, 432, 332
-0.990938, 233, 121, 296, 152
-0.990947, 177, 257, 240, 288
-0.990949, 417, 317, 480, 348
-0.990954, 433, 289, 496, 320
-0.990958, 9, 33, 72, 64
-0.99096, 321, 125, 384, 156
-0.990968, 417, 201, 480, 232
-0.99097, 345, 225, 408, 256
-0.990975, 369, 45, 432, 76
-0.990987, 201, 145, 264, 176
-0.991023, 369, 277, 432, 308
-0.991024, 57, 197, 120, 228
-0.991053, 129, 129, 192, 375
-0.991056, 225, 149, 288, 180
-0.991059, 393, 41, 456, 72
-0.991079, 385, 341, 448, 372
-0.991083, 201, 257, 264, 288
-0.991102, 193, 101, 256, 132
-0.991118, 425, 177, 488, 208
-0.99113, 97, 241, 224, 304
-0.991133, 417, 13, 480, 44
-0.991147, 185, 309, 248, 340
-0.99116, 13, 145, 44, 272
-0.991173, 305, 265, 368, 296
-0.991192, 129, 97, 384, 160
-0.991195, 177, 1, 304, 128
-0.991195, 369, 33, 400, 160
-0.991231, 393, 29, 456, 60
-0.991238, 241, 193, 304, 224
-0.991291, 81, 213, 112, 244
-0.991301, 137, 257, 200, 288
-0.99131, 385, 289, 448, 320
-0.991335, 225, 137, 288, 168
-0.991348, 257, 257, 500, 320
-0.991354, 41, 233, 104, 264
-0.991375, 329, 249, 392, 280
-0.991379, 33, 145, 64, 272
-0.991407, 145, 173, 208, 204
-0.991409, 273, 101, 336, 132
-0.991414, 177, 113, 208, 240
-0.99144, 321, 137, 384, 168
-0.991453, 73, 265, 136, 296
-0.991471, 401, 301, 464, 332
-0.991489, 305, 205, 368, 236
-0.991501, 1, 265, 256, 328
-0.991532, 409, 289, 472, 320
-0.991543, 97, 221, 160, 252
-0.991553, 133, 33, 164, 160
-0.991581, 289, 321, 352, 352
-0.991582, 209, 77, 272, 108
-0.991604, 281, 333, 344, 364
-0.991604, 305, 253, 368, 284
-0.991605, 321, 161, 384, 192
-0.991618, 257, 169, 500, 232
-0.991624, 393, 313, 456, 344
-0.991628, 177, 161, 240, 192
-0.991639, 257, 125, 320, 156
-0.991656, 433, 41, 496, 72
-0.99166, 281, 205, 344, 236
-0.991669, 97, 113, 224, 176
-0.991679, 257, 253, 320, 284
-0.99168, 201, 269, 264, 300
-0.991699, 177, 77, 240, 108
-0.991703, 433, 257, 496, 288
-0.991729, 169, 325, 232, 356
-0.991731, 113, 257, 176, 288
-0.991739, 241, 77, 304, 108
-0.991739, 17, 17, 48, 144
-0.991745, 41, 265, 104, 296
-0.991751, 137, 45, 200, 76
-0.991767, 1, 281, 128, 344
-0.991825, 37, 225, 68, 256
-0.991869, 449, 49, 480, 176
-0.991915, 277, 301, 308, 332
-0.991918, 325, 149, 356, 180
-0.991921, 257, 281, 500, 344
-0.992011, 309, 149, 340, 180
-0.992091, 33, 17, 64, 144
-0.992101, 129, 73, 384, 136
-0.992107, 193, 145, 448, 208
-0.992145, 297, 149, 328, 180
-0.992152, 201, 321, 232, 352
-0.992163, 281, 313, 312, 344
-0.992167, 105, 129, 136, 256
-0.992169, 425, 337, 456, 368
-0.992172, 257, 173, 288, 204
-0.992191, 49, 17, 80, 144
-0.992197, 265, 17, 328, 144
-0.992214, 69, 205, 100, 236
-0.992217, 93, 217, 124, 248
-0.992229, 469, 49, 500, 176
-0.992257, 21, 233, 52, 264
-0.992259, 317, 65, 348, 192
-0.992272, 293, 313, 324, 344
-0.992285, 17, 169, 144, 232
-0.992287, 221, 333, 252, 364
-0.992288, 325, 161, 356, 192
-0.992293, 221, 309, 252, 340
-0.992298, 305, 305, 336, 336
-0.992303, 245, 173, 276, 204
-0.992344, 425, 321, 456, 352
-0.992363, 425, 189, 456, 220
-0.992386, 289, 297, 320, 328
-0.992389, 233, 297, 264, 328
-0.992416, 261, 297, 292, 328
-0.992419, 29, 241, 60, 368
-0.992432, 309, 293, 340, 324
-0.992458, 69, 217, 100, 248
-0.992467, 53, 213, 84, 244
-0.992483, 1, 193, 500, 256
-0.992491, 185, 269, 216, 300
-0.992497, 325, 197, 356, 228
-0.992499, 373, 249, 404, 280
-0.992506, 93, 205, 124, 236
-0.992512, 385, 261, 416, 292
-0.992526, 405, 261, 436, 292
-0.992558, 201, 297, 232, 328
-0.992575, 221, 297, 252, 328
-0.992597, 285, 149, 316, 180
-0.992601, 225, 121, 480, 184
-0.992607, 221, 185, 252, 216
-0.99261, 17, 205, 48, 236
-0.992628, 453, 189, 484, 220
-0.992636, 289, 325, 320, 356
-0.992642, 237, 325, 268, 356
-0.992649, 189, 177, 220, 208
-0.992676, 265, 309, 296, 340
-0.992689, 265, 161, 296, 192
-0.992719, 53, 201, 84, 232
-0.99273, 245, 301, 276, 332
-0.992736, 101, 33, 132, 160
-0.992737, 165, 269, 196, 300
-0.99274, 325, 181, 356, 212
-0.992746, 309, 317, 340, 348
-0.992801, 245, 313, 276, 344
-0.992805, 265, 149, 296, 180
-0.992808, 257, 193, 500, 256
-0.99282, 289, 137, 320, 168
-0.992822, 437, 329, 468, 360
-0.992828, 237, 161, 268, 192
-0.992836, 33, 213, 64, 244
-0.992843, 1, 265, 500, 328
-0.992861, 437, 293, 468, 324
-0.992863, 329, 297, 360, 328
-0.992863, 1, 217, 32, 248
-0.992882, 305, 177, 336, 208
-0.992886, 277, 345, 308, 375
-0.992888, 269, 181, 300, 212
-0.9929, 265, 89, 296, 120
-0.992906, 449, 317, 480, 348
-0.992915, 273, 137, 304, 168
-0.99292, 369, 113, 400, 240
-0.992926, 105, 213, 136, 244
-0.992929, 81, 201, 112, 232
-0.992944, 373, 45, 404, 76
-0.992945, 321, 17, 448, 80
-0.992956, 261, 193, 292, 224
-0.992965, 49, 229, 80, 260
-0.992965, 97, 297, 352, 360
-0.992984, 197, 345, 228, 375
-0.992988, 233, 309, 264, 340
-0.992998, 353, 193, 384, 320
-0.993001, 429, 309, 460, 340
-0.99301, 321, 309, 352, 340
-0.993012, 209, 141, 240, 172
-0.993019, 361, 261, 392, 292
-0.99302, 209, 309, 240, 340
-0.993032, 277, 161, 308, 192
-0.993036, 281, 181, 312, 212
-0.993049, 197, 261, 228, 292
-0.993082, 81, 225, 112, 256
-0.993083, 185, 125, 216, 156
-0.993083, 385, 249, 416, 280
-0.993086, 253, 257, 284, 288
-0.993088, 221, 201, 252, 232
-0.993096, 265, 321, 296, 352
-0.9931, 437, 189, 468, 220
-0.993101, 301, 341, 332, 372
-0.993114, 305, 189, 336, 220
-0.993141, 381, 33, 412, 64
-0.993151, 465, 189, 496, 220
-0.99316, 1, 193, 256, 256
-0.99318, 257, 49, 500, 112
-0.993181, 249, 341, 280, 372
-0.993185, 293, 181, 324, 212
-0.993187, 201, 185, 232, 216
-0.993194, 277, 325, 308, 356
-0.993195, 357, 249, 388, 280
-0.993197, 201, 173, 232, 204
-0.993201, 329, 125, 360, 156
-0.993213, 409, 293, 440, 324
-0.993217, 249, 149, 280, 180
-0.993223, 221, 173, 252, 204
-0.993225, 209, 153, 240, 184
-0.993231, 321, 257, 352, 288
-0.993234, 241, 257, 272, 288
-0.993236, 269, 257, 300, 288
-0.993237, 285, 113, 316, 144
-0.993245, 297, 257, 328, 288
-0.993246, 237, 185, 268, 216
-0.993247, 401, 41, 432, 72
-0.993253, 209, 261, 240, 292
-0.993254, 361, 41, 392, 72
-0.993257, 465, 265, 496, 296
-0.993271, 341, 253, 372, 284
-0.993274, 221, 269, 252, 300
-0.993275, 281, 257, 312, 288
-0.993287, 357, 225, 388, 256
-0.993294, 37, 201, 68, 232
-0.993295, 225, 297, 352, 328
-0.993296, 9, 241, 40, 368
-0.993308, 149, 265, 180, 296
-0.993311, 241, 89, 272, 120
-0.993316, 429, 9, 460, 40
-0.993334, 253, 89, 284, 120
-0.993334, 309, 257, 340, 288
-0.993346, 189, 141, 220, 172
-0.993348, 253, 161, 284, 192
-0.993359, 305, 201, 336, 232
-0.993363, 193, 309, 224, 340
-0.993365, 285, 85, 316, 116
-0.993371, 305, 161, 336, 192
-0.993372, 457, 1, 488, 32
-0.993391, 133, 265, 164, 296
-0.993395, 289, 101, 320, 132
-0.99344, 93, 225, 124, 352
-0.99344, 57, 241, 88, 368
-0.993453, 149, 33, 180, 160
-0.99354, 357, 81, 388, 208
-0.993558, 337, 153, 464, 216
-0.993582, 161, 209, 416, 272
-0.993583, 1, 305, 256, 368
-0.993598, 257, 233, 500, 296
-0.993667, 149, 225, 180, 352
-0.993724, 129, 129, 192, 256
-0.993743, 1, 225, 256, 288
-0.993821, 85, 129, 116, 256
-0.993877, 1, 41, 256, 104
-0.99391, 197, 193, 228, 320
-0.993938, 173, 177, 204, 304
-0.993961, 33, 9, 160, 72
-0.993961, 225, 161, 240, 224
-0.994013, 241, 1, 368, 128
-0.994029, 267, 161, 282, 224
-0.994034, 215, 161, 230, 224
-0.994034, 225, 89, 480, 152
-0.994035, 33, 105, 288, 168
-0.99406, 251, 161, 266, 224
-0.994061, 193, 309, 320, 340
-0.994082, 39, 209, 54, 272
-0.994168, 201, 313, 216, 375
-0.99419, 17, 209, 144, 240
-0.994201, 95, 185, 110, 248
-0.994286, 1, 169, 500, 232
-0.994295, 177, 325, 304, 356
-0.994339, 177, 173, 304, 204
-0.994365, 241, 181, 368, 212
-0.994406, 209, 145, 224, 208
-0.994408, 291, 145, 306, 208
-0.994427, 193, 265, 208, 328
-0.994453, 281, 313, 296, 375
-0.994466, 1, 289, 500, 352
-0.99451, 319, 313, 334, 375
-0.994515, 261, 169, 276, 232
-0.994541, 321, 137, 336, 200
-0.99456, 241, 313, 368, 344
-0.994587, 193, 137, 320, 168
-0.994591, 241, 149, 368, 180
-0.994598, 277, 137, 292, 200
-0.994612, 283, 137, 298, 200
-0.994614, 49, 193, 64, 256
-0.994616, 161, 241, 416, 304
-0.994633, 301, 137, 316, 200
-0.994641, 329, 161, 344, 224
-0.994651, 1, 73, 500, 136
-0.994655, 311, 161, 326, 224
-0.994662, 201, 289, 216, 352
-0.994682, 437, 49, 468, 176
-0.994688, 89, 193, 104, 256
-0.994701, 257, 121, 384, 152
-0.994739, 371, 241, 386, 304
-0.994743, 161, 157, 288, 188
-0.994746, 441, 289, 456, 352
-0.994748, 225, 185, 240, 248
-0.994759, 259, 137, 274, 200
-0.994769, 231, 161, 246, 224
-0.994777, 429, 313, 444, 375
-0.994788, 283, 161, 298, 224
-0.994794, 177, 297, 304, 328
-0.99482, 271, 137, 286, 200
-0.994822, 337, 301, 464, 332
-0.994833, 1, 113, 500, 176
-0.994836, 327, 185, 342, 248
-0.994853, 353, 261, 480, 292
-0.994874, 1, 169, 256, 232
-0.994882, 305, 161, 320, 224
-0.994918, 365, 241, 380, 304
-0.994929, 237, 161, 252, 224
-0.994943, 275, 313, 290, 375
-0.994957, 193, 93, 320, 124
-0.994962, 81, 209, 96, 272
-0.994972, 129, 49, 384, 112
-0.994994, 235, 289, 250, 352
-0.994999, 1, 197, 128, 228
-0.995006, 199, 265, 214, 328
-0.995007, 69, 201, 84, 264
-0.995009, 177, 209, 304, 272
-0.995014, 321, 249, 448, 280
-0.995023, 1, 145, 32, 272
-0.995058, 309, 305, 324, 368
-0.995065, 257, 105, 384, 136
-0.995068, 273, 289, 400, 320
-0.995071, 205, 265, 220, 328
-0.995072, 437, 113, 468, 240
-0.995073, 307, 137, 322, 200
-0.9951, 241, 161, 368, 192
-0.995119, 31, 209, 46, 272
-0.995126, 189, 289, 204, 352
-0.995129, 289, 305, 416, 336
-0.995153, 337, 45, 464, 76
-0.995155, 453, 289, 468, 352
-0.995156, 297, 161, 312, 224
-0.995181, 193, 105, 320, 136
-0.995188, 221, 265, 236, 328
-0.995197, 33, 225, 160, 256
-0.995199, 187, 265, 202, 328
-0.9952, 225, 325, 352, 356
-0.995207, 235, 265, 250, 328
-0.995211, 317, 161, 332, 224
-0.995212, 437, 313, 452, 375
-0.995215, 357, 241, 372, 304
-0.995226, 421, 17, 436, 80
-0.995232, 229, 265, 244, 328
-0.995254, 223, 313, 238, 375
-0.995254, 273, 265, 400, 296
-0.995255, 377, 241, 392, 304
-0.995259, 129, 25, 384, 88
-0.995264, 241, 89, 368, 120
-0.995272, 33, 65, 288, 128
-0.995273, 321, 289, 448, 320
-0.995281, 229, 289, 244, 352
-0.995285, 329, 289, 344, 352
-0.995303, 207, 297, 222, 360
-0.995309, 287, 265, 302, 328
-0.995321, 273, 161, 288, 224
-0.995325, 145, 309, 272, 340
-0.995325, 247, 137, 262, 200
-0.995332, 339, 145, 354, 208
-0.995341, 101, 185, 116, 248
-0.995343, 229, 313, 244, 375
-0.995344, 211, 265, 226, 328
-0.995357, 19, 209, 34, 272
-0.995361, 245, 265, 260, 328
-0.995361, 217, 297, 232, 360
-0.995371, 161, 77, 288, 108
-0.995373, 215, 137, 230, 200
-0.995375, 241, 193, 368, 224
-0.995387, 47, 233, 62, 296
-0.995394, 163, 273, 178, 336
-0.995398, 247, 73, 262, 136
-0.9954, 299, 313, 314, 375
-0.995406, 177, 269, 304, 300
-0.995418, 219, 185, 234, 248
-0.995428, 473, 185, 488, 248
-0.995437, 327, 137, 342, 200
-0.995441, 33, 129, 288, 192
-0.995446, 209, 337, 336, 368
-0.995465, 161, 125, 288, 156
-0.995497, 3, 193, 18, 256
-0.995504, 97, 265, 224, 296
-0.995516, 359, 217, 374, 280
-0.995541, 319, 289, 334, 352
-0.995547, 291, 305, 306, 368
-0.995555, 259, 313, 274, 375
-0.995556, 57, 193, 72, 256
-0.99556, 321, 185, 336, 248
-0.995565, 353, 33, 480, 64
-0.995577, 265, 313, 280, 375
-0.995584, 349, 129, 380, 256
-0.995596, 241, 297, 256, 360
-0.995603, 467, 185, 482, 248
-0.995604, 95, 209, 110, 272
-0.995611, 25, 217, 40, 280
-0.995612, 447, 313, 462, 375
-0.995613, 447, 289, 462, 352
-0.995616, 185, 17, 216, 144
-0.995621, 153, 265, 168, 328
-0.995627, 177, 185, 304, 216
-0.995629, 81, 81, 144, 208
-0.995645, 259, 73, 274, 136
-0.995646, 369, 105, 496, 168
-0.995655, 259, 265, 274, 328
-0.995661, 249, 289, 264, 352
-0.995665, 281, 265, 296, 328
-0.995666, 305, 209, 432, 272
-0.995672, 295, 265, 310, 328
-0.99568, 161, 337, 288, 368
-0.995688, 13, 209, 28, 272
-0.99569, 209, 257, 336, 288
-0.995696, 321, 193, 448, 224
-0.995713, 257, 17, 384, 80
-0.995718, 333, 137, 348, 200
-0.995719, 367, 217, 382, 280
-0.995722, 241, 137, 256, 200
-0.995749, 253, 265, 268, 328
-0.995753, 289, 317, 416, 348
-0.995761, 377, 265, 392, 328
-0.995765, 477, 1, 492, 64
-0.995768, 323, 161, 338, 224
-0.995777, 75, 209, 90, 272
-0.995777, 257, 133, 384, 164
-0.995795, 317, 265, 332, 328
-0.995816, 65, 201, 192, 232
-0.995816, 313, 137, 328, 200
-0.995825, 305, 337, 432, 368
-0.995828, 427, 185, 442, 248
-0.995843, 349, 257, 364, 320
-0.99585, 265, 121, 280, 184
-0.995855, 279, 73, 294, 136
-0.995866, 1, 145, 500, 208
-0.995868, 341, 121, 356, 184
-0.995872, 311, 265, 326, 328
-0.995878, 289, 181, 416, 212
-0.995887, 301, 265, 316, 328
-0.995894, 427, 9, 442, 72
-0.995916, 161, 257, 288, 288
-0.995917, 233, 185, 248, 248
-0.99592, 223, 289, 238, 352
-0.995923, 243, 161, 258, 224
-0.995933, 265, 57, 280, 120
-0.995935, 275, 265, 290, 328
-0.99594, 417, 257, 432, 320
-0.995956, 339, 169, 354, 232
-0.995958, 241, 185, 256, 248
-0.995966, 459, 281, 474, 344
-0.995972, 271, 57, 286, 120
-0.995992, 369, 189, 496, 220
-0.995992, 1, 313, 500, 375
-0.996001, 383, 225, 398, 288
-0.996006, 225, 97, 256, 352
-0.996021, 251, 185, 266, 248
-0.996028, 81, 189, 208, 220
-0.996046, 435, 177, 450, 240
-0.996047, 191, 161, 206, 224
-0.996058, 49, 261, 176, 292
-0.996076, 353, 277, 480, 308
-0.996117, 129, 297, 256, 328
-0.99614, 49, 281, 176, 344
-0.996141, 129, 181, 256, 212
-0.996163, 209, 117, 336, 148
-0.996235, 65, 213, 192, 244
-0.996245, 17, 37, 144, 68
-0.996255, 289, 149, 416, 180
-0.996266, 1, 33, 500, 96
-0.996277, 305, 129, 432, 160
-0.996278, 273, 253, 400, 284
-0.996291, 237, 97, 268, 352
-0.996312, 369, 317, 496, 348
-0.996327, 257, 77, 384, 108
-0.996336, 257, 341, 384, 372
-0.996337, 257, 25, 500, 88
-0.996372, 1, 261, 128, 292
-0.996374, 165, 97, 196, 224
-0.996383, 161, 65, 288, 96
-0.996434, 405, 49, 436, 176
-0.996467, 321, 117, 448, 148
-0.996477, 409, 177, 440, 304
-0.996486, 161, 197, 288, 228
-0.996521, 257, 1, 500, 64
-0.996597, 97, 309, 224, 340
-0.996598, 81, 41, 208, 72
-0.996599, 257, 33, 288, 288
-0.996607, 369, 289, 496, 320
-0.996669, 1, 9, 500, 72
-0.996672, 425, 49, 456, 176
-0.996681, 1, 241, 500, 304
-0.996693, 1, 17, 256, 80
-0.996696, 97, 277, 224, 308
-0.996699, 205, 65, 236, 320
-0.996738, 113, 141, 240, 172
-0.996744, 369, 249, 496, 280
-0.996744, 113, 325, 240, 356
-0.996752, 289, 161, 416, 192
-0.996778, 289, 237, 416, 268
-0.996788, 165, 33, 196, 288
-0.996819, 337, 237, 464, 268
-0.996821, 209, 65, 336, 96
-0.996835, 81, 225, 208, 256
-0.996839, 189, 97, 220, 352
-0.996887, 369, 333, 496, 364
-0.996893, 321, 105, 448, 136
-0.996899, 321, 205, 448, 236
-0.996904, 257, 129, 288, 375
-0.996906, 257, 209, 384, 240
-0.996907, 85, 213, 100, 244
-0.996908, 113, 209, 240, 240
-0.996919, 113, 169, 240, 200
-0.996929, 289, 49, 416, 80
-0.996933, 1, 217, 500, 280
-0.997002, 337, 225, 464, 256
-0.997041, 369, 5, 496, 36
-0.997046, 91, 209, 106, 240
-0.997057, 89, 1, 120, 256
-0.99706, 337, 141, 464, 172
-0.997062, 1, 237, 128, 268
-0.997089, 177, 285, 304, 316
-0.997117, 369, 21, 496, 52
-0.997126, 81, 17, 208, 80
-0.997136, 145, 89, 272, 120
-0.997157, 329, 97, 360, 352
-0.997168, 225, 269, 352, 300
-0.997174, 113, 129, 240, 160
-0.997208, 273, 97, 304, 352
-0.997226, 145, 101, 272, 132
-0.997248, 349, 33, 380, 288
-0.997275, 369, 1, 400, 256
-0.997313, 41, 1, 72, 256
-0.997317, 145, 113, 272, 144
-0.997333, 287, 313, 302, 344
-0.997341, 97, 209, 112, 240
-0.997355, 31, 229, 46, 260
-0.997384, 369, 345, 496, 375
-0.997395, 283, 301, 298, 332
-0.99743, 439, 337, 454, 368
-0.99743, 33, 185, 160, 216
-0.997431, 259, 173, 274, 204
-0.997432, 209, 205, 336, 236
-0.997432, 113, 337, 240, 368
-0.997432, 323, 149, 338, 180
-0.997435, 385, 1, 416, 256
-0.997471, 289, 225, 416, 256
-0.99752, 293, 301, 308, 332
-0.997527, 369, 121, 496, 152
-0.997531, 113, 253, 240, 284
-0.99754, 17, 273, 144, 304
-0.997542, 369, 201, 496, 232
-0.997562, 233, 297, 248, 328
-0.997567, 305, 73, 432, 104
-0.99757, 113, 1, 144, 256
-0.997571, 401, 1, 432, 256
-0.99758, 429, 1, 460, 256
-0.997581, 129, 45, 256, 76
-0.997598, 305, 305, 320, 336
-0.997598, 79, 205, 94, 236
-0.997608, 329, 149, 344, 180
-0.997612, 277, 297, 292, 328
-0.997614, 49, 225, 64, 256
-0.997631, 311, 149, 326, 180
-0.997633, 79, 217, 94, 248
-0.997635, 433, 341, 448, 372
-0.997638, 293, 313, 308, 344
-0.997639, 189, 269, 204, 300
-0.997646, 417, 1, 448, 256
-0.997649, 461, 1, 492, 256
-0.997657, 223, 297, 238, 328
-0.997658, 17, 313, 144, 375
-0.997659, 339, 161, 354, 192
-0.997666, 299, 293, 314, 324
-0.997667, 53, 1, 84, 256
-0.997675, 313, 129, 344, 375
-0.997678, 299, 313, 314, 344
-0.997679, 341, 129, 372, 375
-0.99768, 91, 221, 106, 252
-0.997681, 337, 57, 464, 88
-0.997699, 55, 229, 70, 260
-0.997699, 239, 301, 254, 332
-0.997704, 81, 81, 208, 112
-0.997709, 369, 177, 496, 208
-0.997713, 373, 249, 388, 280
-0.997713, 293, 153, 308, 184
-0.997714, 257, 65, 384, 96
-0.997716, 113, 65, 240, 96
-0.997733, 13, 1, 44, 256
-0.997735, 317, 149, 332, 180
-0.997739, 319, 305, 334, 336
-0.997739, 385, 249, 400, 280
-0.997743, 229, 309, 244, 340
-0.99775, 209, 77, 336, 108
-0.997751, 225, 185, 240, 216
-0.997756, 309, 317, 324, 348
-0.997759, 301, 145, 316, 176
-0.997761, 157, 269, 172, 300
-0.997761, 417, 261, 432, 292
-0.997769, 321, 93, 448, 124
-0.997774, 103, 213, 118, 244
-0.997778, 269, 301, 284, 332
-0.997782, 253, 173, 268, 204
-0.997785, 337, 149, 352, 180
-0.997795, 25, 229, 40, 260
-0.997802, 113, 157, 240, 188
-0.997814, 265, 181, 280, 212
-0.997817, 273, 313, 288, 344
-0.997817, 369, 213, 496, 244
-0.997823, 291, 325, 306, 356
-0.997826, 103, 201, 118, 232
-0.997826, 81, 117, 208, 148
-0.997832, 437, 297, 452, 328
-0.997837, 437, 325, 452, 356
-0.997841, 225, 285, 352, 316
-0.997847, 319, 293, 334, 324
-0.997853, 81, 53, 208, 84
-0.997855, 223, 309, 238, 340
-0.997858, 441, 309, 456, 340
-0.997868, 53, 209, 68, 240
-0.997872, 403, 257, 418, 288
-0.997873, 265, 153, 328, 168
-0.997883, 449, 317, 464, 348
-0.997885, 253, 301, 268, 332
-0.997896, 327, 193, 342, 224
-0.997896, 217, 297, 232, 328
-0.997898, 313, 305, 328, 336
-0.997899, 273, 37, 400, 68
-0.997902, 309, 293, 324, 324
-0.997903, 233, 321, 248, 352
-0.997903, 331, 297, 346, 328
-0.997903, 287, 149, 302, 180
-0.997905, 245, 297, 260, 328
-0.997908, 333, 161, 348, 192
-0.99791, 217, 317, 232, 348
-0.997914, 279, 89, 294, 120
-0.997915, 43, 225, 58, 256
-0.997919, 73, 205, 88, 236
-0.997921, 379, 249, 394, 280
-0.997923, 281, 313, 296, 344
-0.997925, 219, 181, 234, 212
-0.997925, 311, 333, 326, 364
-0.997927, 73, 223, 136, 238
-0.997935, 305, 277, 432, 308
-0.997938, 65, 1, 96, 256
-0.99794, 279, 137, 294, 168
-0.997944, 269, 161, 284, 192
-0.997951, 1, 249, 128, 280
-0.997954, 327, 161, 342, 192
-0.997955, 201, 261, 216, 292
-0.997955, 317, 333, 332, 364
-0.997958, 427, 333, 442, 364
-0.997959, 465, 129, 496, 375
-0.99796, 1, 1, 32, 256
-0.99796, 247, 161, 262, 192
-0.997963, 241, 157, 304, 172
-0.997963, 101, 1, 132, 256
-0.997965, 411, 261, 426, 292
-0.997973, 109, 205, 124, 236
-0.997978, 97, 129, 128, 375
-0.997978, 271, 181, 286, 212
-0.997978, 279, 149, 294, 180
-0.997978, 161, 1, 416, 64
-0.997981, 211, 261, 226, 292
-0.997981, 25, 1, 56, 256
-0.997983, 207, 297, 222, 328
-0.997988, 253, 185, 268, 216
-0.997993, 225, 333, 240, 364
-0.997998, 301, 325, 316, 356
-0.998002, 73, 217, 88, 248
-0.998004, 281, 325, 296, 356
-0.998005, 469, 189, 484, 220
-0.998005, 321, 129, 336, 160
-0.998009, 449, 1, 480, 256
-0.99801, 49, 225, 112, 240
-0.998011, 319, 317, 334, 348
-0.998015, 417, 195, 480, 210
-0.99802, 39, 213, 54, 244
-0.998023, 367, 249, 382, 280
-0.998026, 445, 129, 476, 375
-0.998029, 199, 325, 214, 356
-0.99803, 327, 181, 342, 212
-0.998032, 317, 345, 332, 375
-0.998034, 237, 177, 252, 208
-0.998037, 57, 209, 120, 224
-0.998037, 283, 161, 298, 192
-0.998041, 263, 301, 278, 332
-0.998043, 141, 1, 172, 256
-0.998045, 239, 329, 254, 360
-0.998047, 263, 193, 278, 224
-0.998049, 241, 313, 256, 344
-0.998049, 201, 345, 216, 375
-0.998053, 201, 179, 264, 194
-0.998058, 371, 41, 386, 72
-0.998062, 125, 1, 156, 256
-0.998064, 299, 173, 314, 204
-0.998067, 13, 217, 28, 248
-0.998069, 67, 209, 82, 240
-0.99807, 453, 193, 468, 224
-0.998071, 431, 189, 446, 220
-0.998073, 443, 325, 458, 356
-0.998074, 383, 237, 398, 268
-0.998079, 33, 211, 96, 226
-0.998081, 77, 1, 108, 256
-0.998087, 161, 301, 176, 332
-0.998088, 225, 173, 240, 204
-0.998088, 189, 173, 204, 204
-0.998091, 327, 257, 342, 288
-0.998092, 475, 201, 490, 232
-0.998096, 263, 149, 278, 180
-0.998099, 289, 85, 304, 116
-0.9981, 379, 45, 394, 76
-0.998106, 253, 161, 268, 192
-0.998107, 219, 265, 234, 296
-0.998107, 245, 325, 260, 356
-0.998109, 249, 345, 264, 375
-0.998116, 213, 181, 228, 212
-0.998119, 281, 159, 344, 174
-0.998122, 293, 181, 308, 212
-0.998127, 379, 33, 394, 64
-0.998133, 225, 313, 288, 328
-0.998136, 193, 157, 256, 172
-0.998143, 369, 153, 496, 184
-0.998144, 241, 307, 304, 322
-0.998146, 185, 309, 248, 324
-0.998152, 273, 307, 336, 322
-0.998162, 209, 269, 272, 284
-0.998163, 1, 25, 128, 56
-0.998169, 297, 153, 360, 168
-0.99818, 89, 211, 152, 226
-0.998181, 25, 205, 88, 220
-0.998194, 81, 93, 208, 124
-0.998198, 81, 105, 208, 136
-0.998215, 89, 217, 152, 232
-0.998217, 265, 329, 328, 344
-0.998221, 321, 13, 448, 44
-0.998221, 57, 215, 120, 230
-0.998227, 17, 233, 80, 248
-0.998229, 177, 183, 240, 198
-0.998247, 369, 81, 496, 144
-0.998249, 161, 209, 288, 240
-0.998256, 169, 271, 232, 286
-0.998263, 1, 207, 64, 222
-0.998281, 285, 33, 316, 288
-0.998283, 193, 323, 256, 338
-0.998285, 321, 303, 384, 318
-0.998286, 201, 185, 264, 200
-0.998287, 369, 263, 432, 278
-0.998292, 1, 301, 128, 332
-0.998298, 281, 177, 344, 192
-0.998304, 49, 197, 112, 212
-0.998316, 57, 129, 88, 375
-0.998317, 1, 217, 64, 232
-0.998327, 281, 313, 344, 328
-0.998334, 337, 265, 400, 280
-0.998338, 33, 129, 64, 375
-0.998347, 177, 53, 304, 84
-0.99835, 233, 91, 296, 106
-0.998359, 233, 269, 296, 284
-0.998363, 217, 343, 280, 358
-0.998366, 305, 179, 368, 194
-0.998369, 105, 271, 168, 286
-0.998369, 137, 271, 200, 286
-0.998372, 353, 301, 416, 316
-0.998378, 385, 299, 448, 314
-0.998379, 65, 297, 192, 328
-0.998383, 217, 157, 280, 172
-0.998395, 193, 347, 256, 362
-0.998402, 81, 129, 112, 375
-0.998403, 345, 47, 408, 62
-0.998408, 233, 151, 296, 166
-0.998409, 153, 1, 184, 256
-0.99841, 273, 347, 336, 362
-0.998412, 257, 179, 320, 194
-0.998413, 297, 305, 360, 320
-0.998421, 225, 177, 288, 192
-0.998424, 425, 5, 488, 20
-0.998436, 25, 227, 88, 242
-0.99844, 201, 151, 264, 166
-0.998445, 177, 151, 240, 166
-0.998448, 177, 177, 240, 192
-0.99845, 425, 261, 488, 276
-0.998455, 273, 87, 336, 102
-0.998456, 241, 325, 304, 340
-0.998456, 201, 193, 264, 208
-0.998456, 217, 307, 280, 322
-0.998456, 425, 189, 488, 204
-0.998458, 249, 313, 312, 328
-0.99846, 217, 205, 280, 220
-0.998465, 209, 333, 272, 348
-0.998476, 369, 47, 432, 62
-0.99848, 417, 201, 480, 216
-0.998486, 305, 201, 368, 216
-0.998486, 241, 349, 304, 364
-0.998488, 425, 317, 488, 332
-0.998489, 265, 267, 328, 282
-0.998491, 177, 189, 240, 204
-0.998493, 153, 303, 216, 318
-0.998498, 177, 129, 208, 375
-0.998505, 233, 331, 296, 346
-0.998508, 221, 1, 252, 256
-0.998516, 197, 347, 228, 362
-0.998516, 133, 271, 164, 286
-0.998517, 241, 329, 272, 344
-0.998517, 201, 323, 232, 338
-0.998517, 241, 89, 272, 104
-0.998518, 185, 127, 216, 142
-0.998519, 421, 291, 452, 306
-0.99852, 49, 229, 80, 244
-0.99852, 309, 33, 340, 288
-0.99852, 293, 177, 324, 192
-0.99852, 109, 271, 140, 286
-0.998522, 325, 147, 356, 162
-0.998522, 13, 237, 44, 252
-0.998522, 37, 273, 68, 288
-0.998522, 177, 203, 240, 218
-0.998524, 405, 269, 436, 284
-0.998524, 153, 305, 184, 320
-0.998524, 225, 183, 288, 198
-0.998525, 293, 159, 324, 174
-0.998525, 269, 267, 300, 282
-0.998525, 201, 199, 264, 214
-0.998526, 289, 267, 352, 282
-0.998527, 209, 159, 240, 174
-0.998527, 73, 193, 136, 208
-0.998528, 265, 91, 296, 106
-0.998528, 297, 339, 328, 354
-0.998528, 1, 219, 32, 234
-0.998528, 273, 301, 304, 316
-0.998528, 265, 177, 296, 192
-0.998529, 249, 347, 280, 362
-0.99853, 189, 1, 220, 256
-0.998532, 265, 319, 328, 334
-0.998532, 429, 11, 460, 26
-0.998532, 341, 265, 372, 280
-0.998532, 177, 309, 208, 324
-0.998532, 297, 267, 328, 282
-0.998532, 41, 235, 72, 250
-0.998533, 233, 163, 296, 178
-0.998534, 325, 205, 356, 220
-0.998534, 425, 361, 456, 375
-0.998535, 293, 305, 324, 320
-0.998535, 93, 203, 124, 218
-0.998536, 281, 177, 312, 192
-0.998537, 425, 129, 456, 375
-0.998537, 85, 195, 116, 210
-0.998538, 213, 191, 244, 206
-0.998538, 33, 273, 96, 288
-0.998538, 21, 215, 52, 230
-0.998539, 257, 171, 288, 186
-0.99854, 321, 155, 384, 170
-0.99854, 361, 265, 392, 280
-0.99854, 325, 127, 356, 142
-0.998541, 425, 331, 456, 346
-0.998541, 121, 271, 152, 286
-0.998544, 281, 195, 344, 210
-0.998544, 385, 47, 416, 62
-0.998547, 257, 183, 288, 198
-0.998547, 425, 353, 456, 368
-0.998548, 309, 335, 340, 350
-0.998551, 461, 193, 492, 208
-0.998551, 145, 271, 176, 286
-0.998551, 61, 217, 92, 232
-0.998553, 145, 309, 208, 324
-0.998553, 277, 329, 308, 344
-0.998553, 193, 91, 256, 106
-0.998553, 225, 177, 256, 192
-0.998554, 177, 195, 240, 210
-0.998554, 437, 331, 468, 346
-0.998554, 237, 163, 268, 178
-0.998555, 253, 151, 284, 166
-0.998555, 373, 47, 404, 62
-0.998555, 429, 187, 460, 202
-0.998556, 105, 219, 136, 234
-0.998558, 309, 319, 340, 334
-0.99856, 305, 177, 336, 192
-0.998562, 289, 319, 352, 334
-0.998563, 81, 203, 112, 218
-0.998563, 325, 199, 356, 214
-0.998564, 393, 263, 456, 278
-0.998566, 281, 321, 312, 336
-0.998567, 1, 209, 32, 224
-0.998567, 57, 203, 120, 218
-0.998567, 45, 129, 76, 375
-0.998568, 213, 201, 244, 216
-0.99857, 257, 269, 288, 284
-0.998571, 21, 231, 52, 246
-0.998571, 97, 211, 128, 226
-0.998571, 165, 271, 196, 286
-0.998572, 185, 271, 216, 286
-0.998573, 449, 193, 480, 208
-0.998573, 261, 313, 292, 328
-0.998577, 201, 269, 232, 284
-0.998577, 297, 295, 360, 310
-0.998577, 45, 211, 76, 226
-0.998578, 417, 21, 480, 36
-0.998578, 177, 137, 240, 152
-0.998579, 221, 335, 252, 350
-0.998579, 229, 309, 260, 324
-0.99858, 329, 305, 360, 320
-0.998583, 201, 179, 232, 194
-0.998583, 425, 325, 456, 340
-0.998585, 273, 93, 336, 108
-0.998588, 69, 197, 100, 212
-0.998589, 269, 163, 300, 178
-0.99859, 281, 207, 344, 222
-0.99859, 385, 263, 416, 278
-0.998591, 193, 121, 256, 136
-0.998594, 437, 193, 468, 208
-0.998596, 221, 207, 252, 222
-0.998597, 393, 45, 456, 60
-0.998597, 293, 329, 324, 344
-0.998598, 425, 337, 456, 352
-0.998599, 425, 195, 456, 210
-0.998599, 265, 299, 328, 314
-0.9986, 313, 311, 376, 326
-0.9986, 13, 207, 44, 222
-0.9986, 37, 227, 68, 242
-0.9986, 221, 157, 252, 172
-0.998602, 197, 309, 228, 324
-0.998602, 213, 317, 244, 332
-0.998603, 313, 265, 376, 280
-0.998603, 325, 161, 356, 176
-0.998604, 41, 203, 72, 218
-0.998605, 393, 349, 456, 364
-0.998605, 281, 357, 344, 372
-0.998605, 321, 133, 384, 148
-0.998605, 213, 177, 244, 192
-0.998606, 53, 201, 84, 216
-0.998607, 265, 307, 296, 322
-0.998609, 249, 177, 280, 192
-0.99861, 289, 313, 320, 328
-0.99861, 193, 339, 256, 354
-0.998611, 233, 153, 264, 168
-0.998611, 233, 1, 264, 256
-0.998611, 81, 205, 144, 220
-0.998612, 209, 309, 240, 324
-0.998612, 25, 205, 56, 220
-0.998612, 253, 307, 284, 322
-0.998613, 221, 269, 252, 284
-0.998613, 245, 269, 276, 284
-0.998614, 305, 305, 336, 320
-0.998615, 85, 215, 116, 230
-0.998615, 193, 97, 256, 112
-0.998615, 241, 307, 272, 322
-0.998615, 225, 301, 288, 316
-0.998615, 273, 99, 336, 114
-0.998617, 189, 181, 220, 196
-0.998619, 57, 209, 88, 224
-0.998621, 265, 153, 296, 168
-0.998621, 277, 313, 308, 328
-0.998622, 237, 179, 268, 194
-0.998622, 269, 319, 300, 334
-0.998622, 209, 153, 240, 168
-0.998624, 305, 185, 368, 200
-0.998625, 277, 307, 308, 322
-0.998625, 145, 287, 208, 302
-0.998627, 61, 223, 92, 238
-0.998628, 425, 303, 488, 318
-0.998629, 409, 15, 472, 30
-0.998629, 405, 263, 436, 278
-0.99863, 233, 269, 264, 284
-0.998632, 81, 271, 144, 286
-0.998632, 273, 117, 336, 132
-0.998632, 177, 127, 240, 142
-0.998636, 345, 227, 408, 242
-0.998638, 305, 191, 368, 206
-0.998641, 281, 143, 344, 158
-0.998646, 109, 129, 140, 375
-0.998646, 241, 97, 304, 112
-0.998646, 97, 189, 160, 204
-0.998649, 77, 223, 108, 238
-0.998651, 457, 199, 488, 214
-0.998654, 325, 181, 356, 196
-0.998654, 289, 153, 320, 168
-0.998659, 221, 183, 252, 198
-0.998659, 265, 341, 328, 356
-0.998666, 137, 47, 200, 62
-0.998666, 321, 149, 384, 164
-0.998667, 241, 111, 304, 126
-0.998671, 305, 207, 368, 222
-0.998671, 393, 195, 456, 210
-0.998671, 73, 41, 136, 56
-0.998674, 193, 115, 256, 130
-0.998674, 361, 129, 392, 375
-0.998676, 305, 161, 368, 176
-0.998677, 89, 221, 120, 236
-0.998677, 273, 105, 336, 120
-0.998685, 1, 35, 64, 50
-0.99869, 77, 209, 108, 224
-0.998693, 73, 215, 104, 230
-0.998704, 253, 157, 284, 172
-0.998708, 325, 153, 356, 168
-0.998728, 277, 155, 308, 170
-0.998746, 305, 155, 336, 170
-0.998778, 297, 65, 328, 320
-0.998797, 49, 177, 64, 304
-0.998827, 385, 129, 416, 375
-0.998845, 373, 129, 404, 375
-0.998864, 225, 113, 240, 240
-0.998866, 329, 113, 344, 240
-0.998873, 301, 113, 316, 240
-0.998877, 69, 129, 100, 375
-0.998881, 321, 113, 336, 240
-0.998887, 335, 113, 350, 240
-0.998889, 235, 113, 250, 240
-0.998889, 287, 113, 302, 240
-0.998891, 225, 161, 240, 288
-0.998892, 245, 1, 276, 256
-0.998896, 281, 113, 296, 240
-0.998898, 219, 113, 234, 240
-0.998913, 295, 113, 310, 240
-0.998914, 177, 33, 208, 288
-0.998931, 71, 193, 86, 320
-0.998941, 309, 113, 324, 240
-0.998941, 35, 193, 50, 320
-0.998946, 277, 65, 292, 192
-0.998951, 1, 129, 32, 375
-0.998953, 309, 241, 324, 368
-0.998959, 129, 17, 256, 80
-0.99896, 315, 113, 330, 240
-0.998963, 235, 241, 250, 368
-0.998967, 295, 241, 310, 368
-0.998971, 265, 113, 280, 240
-0.998973, 213, 129, 228, 256
-0.998976, 303, 241, 318, 368
-0.99898, 65, 193, 80, 320
-0.998988, 101, 177, 116, 304
-0.998992, 43, 177, 58, 304
-0.998992, 243, 113, 258, 240
-0.998997, 21, 193, 36, 320
-0.998998, 229, 241, 244, 368
-0.999002, 239, 161, 254, 288
-0.999002, 341, 113, 356, 240
-0.999008, 77, 193, 92, 320
-0.999018, 55, 177, 70, 304
-0.999019, 341, 241, 356, 368
-0.999021, 279, 241, 294, 368
-0.999023, 273, 113, 288, 240
-0.999024, 253, 161, 268, 288
-0.999026, 209, 33, 336, 96
-0.999027, 319, 241, 334, 368
-0.999031, 255, 113, 270, 240
-0.999032, 9, 193, 24, 320
-0.999032, 95, 177, 110, 304
-0.999038, 13, 97, 44, 352
-0.999039, 473, 177, 488, 304
-0.999042, 29, 193, 44, 320
-0.999045, 217, 177, 232, 304
-0.999049, 471, 129, 486, 256
-0.999057, 335, 241, 350, 368
-0.999063, 467, 1, 482, 128
-0.999064, 347, 241, 362, 368
-0.999065, 459, 1, 474, 128
-0.999067, 481, 177, 496, 304
-0.999068, 89, 177, 104, 304
-0.999081, 325, 161, 340, 288
-0.999086, 249, 113, 264, 240
-0.999092, 261, 161, 276, 288
-0.999096, 109, 177, 124, 304
-0.999097, 209, 81, 224, 208
-0.9991, 265, 65, 280, 192
-0.9991, 245, 161, 260, 288
-0.999109, 207, 129, 222, 256
-0.999114, 329, 241, 344, 368
-0.999114, 241, 241, 256, 368
-0.99912, 289, 241, 304, 368
-0.999122, 133, 177, 148, 304
-0.999123, 283, 65, 298, 192
-0.999125, 223, 241, 238, 368
-0.999129, 215, 241, 230, 368
-0.999134, 375, 241, 390, 368
-0.999138, 271, 65, 286, 192
-0.99914, 289, 65, 304, 192
-0.999141, 233, 161, 248, 288
-0.999144, 477, 129, 492, 256
-0.999146, 453, 1, 468, 128
-0.999147, 259, 65, 274, 192
-0.999148, 83, 193, 98, 320
-0.999151, 427, 1, 442, 128
-0.999153, 467, 177, 482, 304
-0.999155, 199, 241, 214, 368
-0.999156, 223, 49, 238, 176
-0.999156, 15, 193, 30, 320
-0.999156, 453, 241, 468, 368
-0.999167, 191, 241, 206, 368
-0.999172, 233, 65, 248, 192
-0.999173, 341, 193, 356, 320
-0.99918, 443, 241, 458, 368
-0.99918, 351, 33, 366, 160
-0.999184, 121, 177, 136, 304
-0.999185, 127, 177, 142, 304
-0.999185, 3, 193, 18, 320
-0.999186, 319, 161, 334, 288
-0.999187, 405, 129, 436, 375
-0.999192, 353, 241, 368, 368
-0.999192, 331, 161, 346, 288
-0.999198, 205, 241, 220, 368
-0.999202, 421, 1, 436, 128
-0.999207, 115, 177, 130, 304
-0.999209, 473, 1, 488, 128
-0.99921, 247, 65, 262, 192
-0.999217, 279, 161, 294, 288
-0.99922, 381, 241, 396, 368
-0.999221, 285, 129, 316, 375
-0.999223, 369, 241, 384, 368
-0.999224, 217, 65, 232, 192
-0.999226, 189, 113, 204, 240
-0.999231, 313, 65, 328, 192
-0.999235, 433, 1, 448, 128
-0.999238, 273, 161, 288, 288
-0.999241, 465, 129, 480, 256
-0.999242, 177, 33, 192, 160
-0.999244, 291, 161, 306, 288
-0.999244, 361, 241, 376, 368
-0.999247, 267, 161, 282, 288
-0.999253, 305, 161, 320, 288
-0.999257, 269, 241, 284, 368
-0.999259, 311, 161, 326, 288
-0.99926, 43, 225, 58, 352
-0.999265, 483, 129, 498, 256
-0.999267, 461, 177, 476, 304
-0.999269, 253, 65, 268, 192
-0.999271, 201, 113, 216, 240
-0.999274, 285, 161, 300, 288
-0.999277, 483, 1, 498, 128
-0.999279, 299, 161, 314, 288
-0.999281, 155, 225, 170, 352
-0.999286, 269, 1, 300, 256
-0.999304, 57, 225, 72, 352
-0.999305, 423, 241, 438, 368
-0.999308, 459, 225, 474, 352
-0.99931, 247, 241, 262, 368
-0.999312, 139, 177, 154, 304
-0.999312, 417, 241, 432, 368
-0.999317, 301, 65, 316, 192
-0.999318, 465, 225, 480, 352
-0.999319, 239, 65, 254, 192
-0.999427, 133, 129, 164, 375
-0.999427, 121, 129, 152, 375
-0.999457, 325, 1, 356, 256
-0.999545, 65, 73, 192, 136
-0.999672, 207, 153, 222, 168
-0.999674, 449, 17, 464, 32
-0.999674, 329, 147, 344, 162
-0.999676, 439, 321, 454, 336
-0.999681, 429, 343, 444, 358
-0.999681, 55, 201, 70, 216
-0.999681, 299, 331, 314, 346
-0.999682, 453, 197, 468, 212
-0.999685, 235, 325, 250, 340
-0.999686, 303, 159, 318, 174
-0.999688, 199, 345, 214, 360
-0.999693, 389, 47, 404, 62
-0.999695, 71, 199, 86, 214
-0.999695, 307, 337, 322, 352
-0.999695, 427, 337, 442, 352
-0.999696, 263, 313, 278, 328
-0.999697, 209, 309, 224, 324
-0.999703, 243, 177, 258, 192
-0.999703, 225, 177, 240, 192
-0.999703, 219, 185, 234, 200
-0.999705, 143, 271, 158, 286
-0.999708, 269, 161, 284, 176
-0.999709, 21, 207, 36, 222
-0.999714, 201, 271, 216, 286
-0.999715, 325, 129, 340, 144
-0.999724, 197, 309, 212, 324
-0.999726, 189, 177, 204, 192
-0.999726, 199, 327, 214, 342
-0.999728, 283, 319, 298, 334
-0.999733, 45, 227, 60, 242
-0.999737, 151, 271, 166, 286
-0.999737, 259, 153, 274, 168
-0.999738, 9, 209, 24, 224
-0.999739, 439, 349, 454, 364
-0.999742, 105, 219, 120, 234
-0.999746, 165, 129, 196, 375
-0.999746, 319, 305, 334, 320
-0.999748, 477, 201, 492, 216
-0.999749, 227, 153, 242, 168
-0.999751, 315, 319, 330, 334
-0.999757, 29, 233, 44, 248
-0.999761, 245, 307, 260, 322
-0.999763, 339, 151, 354, 166
-0.999765, 439, 337, 454, 352
-0.999771, 295, 159, 310, 174
-0.999771, 417, 263, 432, 278
-0.999773, 437, 195, 452, 210
-0.999773, 423, 193, 438, 208
-0.999775, 281, 329, 296, 344
-0.999775, 445, 293, 460, 308
-0.999776, 91, 205, 106, 220
-0.999781, 401, 263, 416, 278
-0.999782, 303, 315, 318, 330
-0.999784, 21, 237, 36, 252
-0.999791, 65, 209, 80, 224
-0.999795, 285, 307, 300, 322
-0.999797, 157, 271, 172, 286
-0.999799, 447, 195, 462, 210
-0.9998, 207, 269, 222, 284
-0.999801, 111, 213, 126, 228
-0.999806, 223, 309, 238, 324
-0.999808, 465, 199, 480, 214
-0.99981, 255, 179, 270, 194
-0.999812, 281, 313, 296, 328
-0.999816, 297, 305, 312, 320
-0.999817, 99, 225, 114, 240
-0.999821, 323, 155, 338, 170
-0.999823, 435, 329, 450, 344
-0.999826, 221, 153, 236, 168
-0.999834, 281, 151, 296, 166
-0.99984, 245, 163, 260, 178
-0.999844, 439, 343, 454, 358
-0.999848, 81, 207, 96, 222
-0.99985, 263, 269, 278, 284
-0.999854, 223, 317, 238, 332
-0.999855, 293, 319, 308, 334
-0.999857, 339, 161, 354, 176
-0.999859, 409, 263, 424, 278
-0.999859, 253, 153, 268, 168
-0.99986, 199, 177, 214, 192
-0.999862, 459, 197, 474, 212
-0.999871, 265, 307, 280, 322
-0.999874, 187, 271, 202, 286
-0.999879, 257, 307, 272, 322
-0.999888, 329, 153, 344, 168
-0.999889, 233, 309, 248, 324
-0.999892, 51, 227, 66, 242
-0.999894, 275, 163, 290, 178
-0.999896, 257, 269, 272, 284
-0.999897, 329, 181, 344, 196
-0.99991, 217, 269, 232, 284
-0.999912, 261, 177, 276, 192
-0.999913, 207, 183, 222, 198
-0.999919, 291, 311, 306, 326
-0.999919, 233, 179, 248, 194
-0.999921, 429, 193, 444, 208
-0.999935, 235, 157, 250, 172
-0.99994, 295, 325, 310, 340
-0.999943, 233, 269, 248, 284
-0.999949, 83, 217, 98, 232
-0.999951, 267, 155, 282, 170
-0.999955, 251, 307, 266, 322
-0.999955, 239, 183, 254, 198
-0.999961, 249, 179, 264, 194
-0.999975, 277, 307, 292, 322
-0.999987, 73, 219, 88, 234
-0.99999, 251, 269, 266, 284
-0.999993, 99, 211, 114, 226
-1, 223, 269, 238, 284
-1.00001, 471, 199, 486, 214
-1.00001, 213, 153, 228, 168
-1.00002, 313, 335, 328, 350
-1.00004, 297, 153, 312, 168
-1.00005, 271, 307, 286, 322
-1.00007, 215, 177, 230, 192
-1.00007, 245, 269, 260, 284
-1.00008, 239, 269, 254, 284
-1.00009, 75, 211, 90, 226
-1.0001, 99, 219, 114, 234
-1.00013, 89, 215, 104, 230
-1.00014, 287, 325, 302, 340
-1.00014, 273, 153, 288, 168
-1.00015, 83, 223, 98, 238
-1.00017, 291, 153, 306, 168
-1.00017, 305, 153, 320, 168
-1.00017, 89, 223, 104, 238
-1.00021, 245, 157, 260, 172
-1.00021, 225, 183, 240, 198
-1.00021, 311, 153, 326, 168
-1.00023, 283, 157, 298, 172
-1.00024, 317, 153, 332, 168
-1.00026, 153, 129, 184, 375
-1.00035, 1, 89, 128, 152
-1.00035, 337, 1, 368, 256
-1.00054, 105, 81, 168, 208
-1.0006, 49, 145, 176, 208
-1.00121, 49, 121, 176, 184
-1.00151, 41, 65, 104, 192
-1.00218, 49, 97, 176, 160
-1.00219, 1, 113, 128, 176
-1.00341, 1, 65, 128, 128
-1.00354, 33, 65, 160, 192
-1.00507, 129, 81, 192, 208
-1.00511, 209, 1, 336, 64
-1.00545, 1, 145, 128, 208
-1.00817, 17, 65, 80, 192
