1948
-0.459442, 257, 1, 500, 344
-0.49737, 1, 97, 500, 344
-0.52322, 33, 1, 288, 344
-0.569112, 1, 1, 500, 256
-0.579138, 161, 1, 416, 344
-0.608608, 1, 1, 500, 344
-0.652603, 257, 65, 500, 320
-0.667639, 161, 97, 416, 344
-0.684086, 129, 1, 384, 256
-0.686002, 33, 1, 288, 256
-0.766257, 1, 97, 256, 344
-0.851901, 305, 1, 432, 344
-0.865114, 337, 1, 464, 256
-0.866458, 257, 97, 384, 344
-0.871474, 257, 1, 384, 344
-0.875939, 289, 1, 416, 256
-0.876844, 353, 1, 480, 344
-0.882043, 161, 33, 288, 288
-0.884866, 193, 1, 320, 344
-0.886272, 209, 97, 336, 344
-0.888853, 49, 1, 176, 344
-0.88976, 33, 1, 160, 256
-0.891712, 241, 1, 368, 256
-0.892952, 1, 1, 500, 128
-0.893604, 97, 1, 224, 344
-0.89614, 1, 193, 500, 320
-0.897413, 305, 97, 432, 344
-0.897523, 1, 145, 500, 272
-0.898622, 145, 1, 272, 344
-0.900703, 97, 1, 224, 256
-0.901973, 1, 1, 128, 344
-0.915253, 1, 49, 500, 176
-0.919393, 321, 17, 448, 144
-0.921591, 353, 97, 480, 344
-0.923133, 241, 177, 368, 304
-0.924114, 97, 97, 224, 344
-0.925178, 1, 97, 500, 224
-0.926852, 369, 17, 496, 144
-0.926985, 241, 129, 368, 256
-0.927163, 225, 65, 480, 192
-0.927253, 129, 1, 384, 128
-0.927825, 377, 1, 440, 128
-0.928843, 225, 161, 480, 288
-0.929255, 433, 17, 496, 144
-0.929826, 257, 17, 500, 144
-0.931343, 313, 81, 376, 208
-0.933132, 257, 113, 320, 240
-0.935445, 273, 65, 400, 192
-0.936256, 33, 33, 288, 160
-0.937091, 297, 145, 360, 272
-0.937226, 129, 161, 384, 288
-0.937744, 225, 113, 480, 240
-0.938673, 353, 33, 416, 160
-0.939173, 329, 33, 392, 160
-0.939556, 49, 97, 176, 344
-0.940085, 289, 145, 416, 272
-0.9405, 321, 65, 448, 192
-0.941448, 289, 81, 352, 208
-0.94266, 129, 113, 384, 240
-0.943758, 129, 49, 384, 176
-0.947272, 409, 33, 472, 160
-0.947441, 241, 225, 368, 344
-0.949093, 193, 113, 320, 240
-0.949264, 225, 1, 352, 128
-0.949759, 193, 161, 320, 288
-0.950411, 161, 209, 416, 336
-0.950803, 273, 17, 400, 144
-0.951337, 321, 129, 384, 256
-0.951386, 337, 81, 400, 208
-0.951564, 321, 193, 384, 320
-0.951807, 241, 161, 304, 288
-0.952296, 281, 33, 344, 160
-0.953062, 289, 209, 416, 336
-0.953464, 433, 81, 496, 208
-0.953967, 257, 209, 500, 336
-0.95534, 305, 17, 368, 144
-0.955379, 369, 65, 496, 192
-0.955517, 289, 193, 352, 320
-0.955765, 1, 97, 128, 344
-0.955954, 393, 1, 456, 64
-0.956953, 345, 161, 408, 288
-0.95709, 33, 17, 160, 144
-0.958155, 225, 49, 352, 176
-0.959849, 337, 209, 464, 336
-0.960097, 33, 145, 288, 272
-0.960366, 369, 25, 432, 88
-0.960664, 369, 1, 432, 64
-0.961591, 177, 65, 304, 192
-0.961663, 265, 129, 328, 192
-0.962053, 433, 225, 496, 344
-0.962161, 329, 73, 392, 136
-0.962277, 273, 153, 336, 216
-0.962375, 417, 17, 480, 80
-0.96259, 297, 89, 360, 152
-0.962721, 129, 1, 256, 128
-0.963241, 1, 1, 64, 128
-0.963429, 1, 1, 64, 64
-0.963802, 265, 209, 328, 336
-0.964394, 345, 209, 408, 336
-0.964402, 313, 113, 376, 176
-0.96445, 329, 49, 392, 112
-0.964558, 393, 25, 456, 88
-0.964654, 257, 113, 384, 176
-0.964667, 89, 1, 152, 128
-0.964684, 433, 41, 496, 104
-0.964684, 297, 177, 360, 240
-0.964829, 241, 169, 368, 232
-0.965021, 297, 41, 360, 104
-0.965101, 257, 1, 320, 128
-0.965525, 353, 49, 416, 112
-0.965725, 321, 49, 352, 176
-0.966067, 249, 169, 312, 232
-0.96627, 273, 105, 336, 168
-0.966305, 345, 25, 408, 88
-0.966407, 105, 1, 168, 64
-0.966785, 225, 1, 288, 128
-0.966846, 33, 97, 288, 224
-0.966897, 337, 113, 464, 240
-0.967435, 337, 41, 464, 104
-0.967436, 265, 161, 328, 288
-0.967787, 397, 1, 428, 64
-0.967792, 369, 1, 496, 64
-0.968018, 321, 193, 384, 256
-0.968128, 177, 1, 304, 128
-0.968152, 313, 137, 376, 200
-0.968224, 65, 225, 320, 344
-0.968364, 241, 137, 304, 200
-0.96849, 337, 97, 368, 224
-0.968625, 345, 1, 408, 64
-0.968639, 113, 145, 240, 272
-0.968649, 1, 225, 64, 344
-0.968669, 297, 65, 360, 128
-0.968746, 385, 49, 448, 112
-0.968799, 337, 161, 464, 288
-0.968933, 377, 49, 440, 176
-0.968988, 433, 129, 496, 256
-0.969024, 333, 177, 364, 304
-0.969143, 385, 1, 416, 128
-0.9694, 337, 49, 368, 176
-0.969429, 401, 193, 464, 320
-0.969491, 49, 1, 112, 64
-0.969526, 265, 41, 328, 104
-0.969939, 233, 113, 296, 240
-0.969995, 381, 17, 412, 80
-0.970069, 313, 161, 344, 224
-0.970151, 313, 1, 376, 64
-0.970162, 361, 97, 424, 224
-0.970277, 325, 97, 356, 224
-0.970334, 217, 193, 280, 320
-0.970348, 309, 97, 340, 224
-0.970403, 81, 49, 208, 176
-0.970408, 433, 273, 496, 336
-0.970456, 281, 129, 312, 256
-0.970472, 273, 65, 336, 320
-0.97048, 1, 49, 64, 176
-0.970506, 425, 1, 456, 64
-0.970556, 161, 1, 224, 64
-0.970556, 305, 145, 336, 272
-0.970578, 269, 129, 300, 256
-0.970697, 409, 49, 472, 112
-0.970728, 81, 1, 144, 64
-0.970759, 65, 17, 128, 144
-0.970769, 321, 25, 384, 88
-0.970911, 429, 1, 460, 128
-0.970993, 321, 169, 384, 232
-0.971198, 409, 81, 472, 208
-0.971282, 241, 113, 304, 176
-0.97134, 25, 1, 88, 128
-0.97146, 433, 81, 496, 144
-0.971525, 345, 137, 408, 200
-0.971585, 269, 129, 300, 192
-0.971643, 377, 193, 440, 320
-0.971652, 357, 33, 388, 160
-0.97181, 333, 177, 364, 240
-0.971836, 49, 1, 176, 64
-0.971967, 337, 97, 400, 160
-0.971971, 273, 201, 336, 264
-0.971996, 257, 145, 288, 272
-0.972135, 305, 281, 368, 344
-0.972172, 321, 145, 352, 272
-0.972297, 225, 1, 288, 64
-0.97234, 1, 273, 64, 336
-0.972375, 433, 177, 496, 304
-0.972396, 161, 97, 224, 224
-0.97245, 297, 201, 360, 264
-0.972459, 413, 1, 444, 128
-0.972478, 337, 73, 368, 136
-0.97248, 193, 209, 320, 336
-0.972481, 305, 65, 432, 128
-0.972603, 185, 1, 248, 128
-0.97264, 329, 41, 360, 104
-0.972729, 341, 49, 372, 112
-0.972819, 433, 217, 496, 280
-0.972925, 305, 1, 432, 64
-0.972955, 25, 1, 88, 64
-0.97301, 257, 1, 320, 64
-0.973055, 441, 17, 472, 144
-0.97314, 437, 17, 468, 80
-0.973145, 329, 281, 392, 344
-0.973274, 97, 97, 224, 224
-0.973409, 297, 33, 360, 288
-0.97348, 129, 1, 192, 64
-0.973483, 369, 17, 400, 144
-0.973554, 209, 137, 336, 200
-0.973607, 289, 145, 416, 208
-0.973656, 281, 1, 344, 64
-0.973756, 329, 217, 392, 280
-0.973783, 353, 73, 416, 136
-0.973913, 337, 1, 368, 128
-0.974237, 305, 233, 368, 296
-0.974239, 401, 241, 464, 304
-0.974252, 73, 161, 136, 288
-0.974316, 185, 1, 248, 64
-0.974348, 129, 33, 192, 160
-0.974358, 353, 1, 416, 256
-0.974372, 401, 81, 464, 144
-0.974403, 233, 65, 296, 192
-0.974617, 217, 193, 280, 256
-0.974716, 1, 41, 64, 104
-0.974748, 345, 161, 408, 224
-0.974889, 273, 177, 336, 240
-0.975003, 49, 25, 112, 88
-0.975071, 361, 241, 424, 304
-0.975073, 281, 281, 344, 344
-0.97508, 33, 193, 160, 320
-0.975115, 457, 1, 488, 128
-0.975209, 257, 49, 384, 112
-0.975219, 333, 201, 364, 264
-0.975227, 345, 193, 408, 256
-0.975421, 353, 81, 384, 208
-0.975436, 289, 129, 352, 192
-0.975484, 433, 249, 496, 312
-0.975538, 321, 257, 384, 320
-0.975601, 413, 1, 444, 64
-0.97566, 265, 177, 296, 240
-0.975689, 321, 33, 384, 288
-0.975878, 161, 89, 288, 152
-0.975935, 49, 209, 112, 336
-0.976021, 357, 49, 388, 112
-0.976028, 257, 89, 384, 152
-0.976088, 361, 97, 424, 160
-0.976091, 289, 185, 416, 248
-0.976134, 265, 81, 328, 144
-0.976572, 17, 65, 144, 192
-0.976698, 89, 65, 152, 192
-0.976702, 281, 129, 312, 192
-0.976711, 217, 145, 280, 208
-0.976773, 353, 281, 416, 344
-0.97685, 233, 41, 296, 104
-0.976986, 369, 1, 400, 64
-0.977003, 317, 65, 348, 128
-0.977296, 305, 185, 336, 248
-0.977318, 321, 185, 352, 248
-0.97735, 25, 41, 88, 104
-0.977371, 225, 169, 288, 232
-0.977377, 177, 81, 240, 144
-0.977441, 385, 145, 448, 272
-0.977458, 225, 89, 288, 152
-0.977462, 337, 105, 368, 168
-0.977479, 409, 265, 472, 328
-0.977526, 249, 97, 312, 344
-0.977534, 289, 105, 320, 168
-0.977655, 349, 129, 380, 256
-0.977695, 241, 193, 304, 256
-0.977715, 305, 193, 336, 320
-0.977716, 241, 233, 368, 296
-0.977776, 145, 1, 272, 64
-0.977796, 289, 1, 320, 128
-0.977828, 257, 1, 384, 64
-0.977849, 345, 193, 376, 256
-0.977876, 241, 193, 368, 256
-0.97794, 349, 73, 380, 136
-0.977943, 345, 97, 408, 344
-0.977955, 317, 1, 348, 128
-0.977964, 321, 193, 352, 320
-0.978052, 277, 105, 308, 168
-0.978072, 129, 281, 192, 344
-0.978106, 81, 1, 208, 128
-0.97829, 325, 105, 356, 168
-0.97829, 261, 153, 292, 216
-0.97829, 409, 145, 472, 272
-0.978375, 321, 97, 448, 160
-0.978425, 289, 209, 416, 272
-0.978434, 349, 25, 380, 88
-0.978467, 33, 209, 96, 272
-0.978481, 425, 49, 456, 176
-0.978514, 433, 121, 496, 184
-0.978563, 257, 65, 320, 192
-0.978575, 289, 257, 416, 320
-0.978678, 1, 233, 64, 296
-0.978696, 321, 137, 352, 200
-0.978727, 193, 113, 320, 176
-0.978783, 5, 1, 36, 64
-0.97884, 285, 153, 316, 216
-0.978846, 377, 281, 440, 344
-0.978873, 249, 217, 312, 280
-0.97889, 385, 217, 448, 280
-0.979009, 1, 1, 128, 64
-0.979019, 353, 129, 384, 192
-0.979163, 277, 177, 308, 304
-0.979204, 129, 49, 256, 176
-0.979224, 113, 257, 176, 320
-0.979235, 1, 177, 64, 304
-0.979326, 121, 25, 184, 88
-0.97934, 33, 249, 96, 312
-0.97942, 433, 33, 496, 288
-0.979432, 153, 105, 216, 168
-0.979438, 297, 257, 360, 320
-0.979438, 209, 97, 272, 224
-0.979471, 317, 41, 348, 104
-0.979477, 377, 73, 440, 136
-0.979558, 293, 129, 324, 256
-0.979728, 57, 201, 120, 264
-0.979771, 261, 1, 292, 64
-0.97978, 309, 49, 340, 176
-0.979919, 281, 233, 344, 296
-0.979924, 25, 49, 88, 176
-0.979985, 273, 281, 400, 344
-0.980029, 433, 145, 496, 208
-0.98005, 209, 49, 272, 176
-0.980083, 405, 25, 436, 88
-0.980104, 65, 241, 128, 304
-0.98016, 209, 49, 272, 112
-0.980171, 185, 145, 248, 272
-0.980172, 57, 177, 120, 240
-0.980179, 153, 281, 216, 344
-0.980218, 49, 273, 112, 336
-0.980268, 193, 177, 256, 240
-0.980282, 369, 193, 432, 256
-0.980288, 301, 153, 332, 216
-0.980293, 117, 1, 148, 64
-0.98033, 33, 25, 160, 88
-0.980367, 97, 1, 224, 64
-0.980474, 137, 1, 168, 64
-0.980482, 145, 193, 272, 320
-0.980513, 1, 193, 64, 256
-0.980533, 233, 281, 296, 344
-0.980585, 361, 217, 424, 280
-0.980626, 1, 113, 64, 240
-0.980637, 433, 41, 464, 104
-0.980642, 457, 1, 488, 64
-0.980664, 305, 233, 432, 296
-0.980676, 1, 65, 64, 128
-0.980731, 105, 233, 168, 296
-0.980813, 65, 65, 128, 192
-0.980917, 289, 1, 320, 64
-0.980937, 253, 185, 284, 248
-0.980973, 89, 25, 152, 88
-0.980979, 193, 1, 320, 64
-0.981007, 333, 145, 364, 208
-0.981013, 97, 161, 160, 224
-0.98102, 321, 233, 352, 296
-0.981061, 193, 169, 320, 232
-0.981077, 25, 273, 88, 336
-0.981098, 145, 25, 208, 88
-0.981196, 17, 145, 144, 272
-0.981201, 421, 25, 452, 88
-0.981216, 105, 1, 136, 64
-0.981285, 401, 185, 464, 248
-0.981299, 377, 121, 440, 184
-0.981314, 1, 137, 64, 200
-0.981329, 153, 1, 216, 128
-0.981389, 261, 1, 292, 128
-0.981413, 397, 17, 428, 144
-0.981489, 305, 89, 336, 152
-0.981542, 29, 1, 60, 64
-0.981579, 65, 1, 96, 64
-0.981687, 113, 57, 176, 120
-0.981722, 433, 193, 496, 256
-0.981735, 257, 257, 320, 320
-0.981738, 105, 209, 168, 336
-0.981766, 1, 161, 64, 224
-0.981776, 217, 121, 280, 184
-0.981814, 385, 97, 448, 224
-0.981868, 201, 81, 264, 144
-0.981887, 469, 1, 500, 128
-0.98193, 433, 169, 496, 232
-0.981955, 137, 49, 200, 112
-0.982, 345, 177, 376, 304
-0.982003, 177, 281, 240, 344
-0.982066, 393, 25, 424, 88
-0.982072, 369, 49, 400, 112
-0.982092, 45, 1, 76, 64
-0.982262, 361, 97, 392, 160
-0.982272, 305, 121, 432, 184
-0.982295, 137, 257, 200, 320
-0.982309, 97, 1, 160, 256
-0.982345, 137, 217, 200, 280
-0.982369, 233, 1, 296, 256
-0.982382, 81, 281, 144, 344
-0.982396, 293, 193, 324, 320
-0.982398, 305, 41, 336, 104
-0.982406, 81, 65, 144, 128
-0.982481, 317, 257, 348, 320
-0.982505, 89, 209, 152, 272
-0.982516, 33, 1, 96, 256
-0.982579, 349, 1, 380, 64
-0.982603, 377, 1, 440, 256
-0.982615, 161, 129, 224, 192
-0.982634, 57, 129, 120, 192
-0.982642, 469, 41, 500, 104
-0.982667, 93, 1, 124, 64
-0.982729, 49, 49, 112, 112
-0.982866, 193, 57, 320, 120
-0.982956, 1, 1, 32, 128
-0.983051, 297, 65, 328, 192
-0.983178, 341, 225, 372, 344
-0.98322, 353, 281, 480, 344
-0.983311, 321, 209, 352, 272
-0.983322, 369, 25, 400, 88
-0.983341, 469, 81, 500, 208
-0.983394, 469, 1, 500, 64
-0.983396, 81, 209, 208, 336
-0.983442, 289, 41, 320, 104
-0.983588, 185, 81, 216, 144
-0.983652, 373, 97, 404, 224
-0.983665, 469, 65, 500, 128
-0.983675, 313, 1, 344, 64
-0.9837, 329, 1, 360, 64
-0.983737, 65, 1, 128, 256
-0.983988, 185, 65, 248, 192
-0.984001, 329, 281, 360, 344
-0.984052, 369, 65, 496, 128
-0.984167, 401, 209, 432, 272
-0.984222, 209, 33, 272, 288
-0.984237, 129, 33, 256, 96
-0.984281, 413, 225, 444, 288
-0.984302, 433, 1, 496, 344
-0.984364, 369, 89, 496, 152
-0.984497, 181, 1, 212, 64
-0.984506, 273, 153, 304, 216
-0.984527, 361, 73, 392, 136
-0.98454, 265, 105, 296, 168
-0.984589, 265, 193, 296, 320
-0.984611, 353, 257, 480, 320
-0.984629, 177, 201, 304, 264
-0.984759, 169, 1, 200, 64
-0.984778, 329, 1, 392, 344
-0.984805, 269, 81, 300, 208
-0.984818, 301, 209, 332, 272
-0.984834, 297, 1, 360, 344
-0.985019, 313, 281, 344, 344
-0.985041, 421, 81, 452, 144
-0.98508, 449, 25, 480, 88
-0.985089, 245, 1, 276, 64
-0.985121, 241, 257, 368, 320
-0.985181, 361, 193, 392, 320
-0.985266, 73, 209, 136, 336
-0.985289, 293, 129, 324, 192
-0.985317, 137, 145, 200, 272
-0.985322, 413, 49, 444, 112
-0.985335, 273, 41, 304, 104
-0.985352, 361, 1, 424, 344
-0.985353, 301, 1, 332, 64
-0.985406, 285, 81, 316, 208
-0.985415, 65, 145, 192, 272
-0.985479, 33, 161, 96, 288
-0.985484, 113, 161, 176, 288
-0.985488, 425, 241, 456, 304
-0.985528, 121, 1, 184, 256
-0.985583, 121, 1, 152, 128
-0.985606, 465, 225, 496, 344
-0.985755, 353, 225, 480, 288
-0.985757, 289, 25, 416, 88
-0.985772, 249, 193, 280, 320
-0.985785, 1, 49, 128, 112
-0.985805, 97, 65, 224, 128
-0.985807, 81, 1, 112, 64
-0.985859, 337, 201, 464, 264
-0.986061, 177, 65, 240, 320
-0.986119, 357, 193, 388, 256
-0.986146, 277, 201, 308, 264
-0.986165, 409, 1, 472, 256
-0.986183, 277, 177, 308, 240
-0.986219, 305, 1, 336, 128
-0.986278, 241, 209, 304, 336
-0.9863, 393, 1, 456, 344
-0.986314, 233, 1, 264, 128
-0.986342, 273, 1, 336, 344
-0.986392, 233, 1, 264, 64
-0.986429, 145, 161, 272, 224
-0.986443, 381, 185, 412, 248
-0.986543, 153, 65, 216, 320
-0.986567, 205, 1, 236, 64
-0.986589, 1, 65, 64, 320
-0.986622, 349, 97, 380, 160
-0.986626, 361, 217, 392, 280
-0.986633, 381, 177, 412, 304
-0.986661, 345, 161, 376, 224
-0.986665, 41, 33, 72, 96
-0.986675, 249, 1, 312, 344
-0.986698, 469, 97, 500, 160
-0.986838, 337, 161, 464, 224
-0.986864, 337, 225, 368, 288
-0.986896, 413, 49, 444, 176
-0.986923, 193, 1, 224, 64
-0.986947, 305, 233, 336, 296
-0.986993, 309, 121, 340, 184
-0.987004, 257, 129, 288, 192
-0.98705, 113, 89, 240, 152
-0.987069, 221, 1, 252, 128
-0.9871, 249, 153, 280, 216
-0.987218, 209, 145, 272, 272
-0.987305, 365, 281, 396, 344
-0.987306, 409, 97, 472, 344
-0.987392, 161, 281, 288, 344
-0.987618, 241, 185, 272, 248
-0.987647, 313, 53, 376, 84
-0.987653, 197, 81, 228, 144
-0.987744, 97, 113, 160, 240
-0.987794, 453, 49, 484, 176
-0.987812, 437, 241, 468, 304
-0.987823, 469, 281, 500, 344
-0.987838, 245, 1, 276, 128
-0.987884, 145, 257, 272, 320
-0.987912, 209, 1, 272, 344
-0.987915, 217, 1, 248, 64
-0.987963, 401, 49, 432, 112
-0.988009, 1, 49, 32, 112
-0.988124, 273, 1, 304, 64
-0.98813, 405, 177, 436, 304
-0.988138, 249, 97, 280, 224
-0.988144, 209, 281, 336, 344
-0.988163, 97, 1, 160, 344
-0.988166, 305, 65, 336, 128
-0.988188, 273, 105, 336, 136
-0.988189, 41, 113, 104, 240
-0.98823, 361, 145, 392, 272
-0.988231, 265, 157, 328, 188
-0.988244, 341, 281, 372, 344
-0.98826, 149, 1, 180, 64
-0.988324, 193, 225, 320, 288
-0.988423, 93, 17, 124, 144
-0.988426, 225, 25, 352, 88
-0.988426, 185, 193, 248, 320
-0.988448, 369, 113, 496, 176
-0.988458, 297, 109, 360, 140
-0.988461, 209, 89, 336, 152
-0.988563, 313, 41, 376, 72
-0.988642, 65, 1, 96, 128
-0.988648, 253, 105, 284, 168
-0.988664, 353, 281, 384, 344
-0.988668, 161, 225, 224, 344
-0.988677, 265, 141, 328, 172
-0.988698, 385, 49, 416, 112
-0.988707, 417, 21, 480, 52
-0.988747, 265, 121, 328, 152
-0.988755, 17, 1, 48, 64
-0.988759, 393, 13, 456, 44
-0.98876, 313, 93, 376, 124
-0.988766, 469, 217, 500, 280
-0.988845, 49, 233, 176, 296
-0.988872, 73, 1, 136, 344
-0.988878, 261, 33, 292, 96
-0.988942, 381, 49, 412, 176
-0.988962, 345, 45, 408, 76
-0.989033, 121, 81, 184, 208
-0.989055, 333, 257, 364, 320
-0.989129, 345, 257, 376, 320
-0.989138, 321, 113, 384, 144
-0.989201, 305, 257, 336, 320
-0.989219, 433, 41, 496, 72
-0.989245, 137, 193, 200, 320
-0.989259, 41, 1, 72, 128
-0.989284, 257, 209, 288, 272
-0.989289, 437, 65, 468, 128
-0.989319, 297, 161, 360, 192
-0.989323, 385, 33, 448, 64
-0.989349, 161, 137, 288, 200
-0.989384, 373, 89, 404, 152
-0.989388, 321, 69, 384, 100
-0.989406, 305, 197, 368, 228
-0.989426, 469, 257, 500, 320
-0.989457, 257, 177, 320, 208
-0.989505, 353, 17, 416, 48
-0.989547, 17, 209, 144, 272
-0.989553, 297, 173, 360, 204
-0.98959, 373, 217, 404, 280
-0.989608, 441, 81, 472, 208
-0.989662, 409, 49, 472, 80
-0.989673, 329, 209, 392, 240
-0.989694, 277, 81, 308, 144
-0.989733, 353, 57, 416, 88
-0.989735, 289, 93, 352, 124
-0.989806, 73, 113, 136, 240
-0.989809, 49, 57, 176, 120
-0.989812, 209, 1, 240, 128
-0.989829, 97, 113, 224, 176
-0.989847, 1, 177, 32, 304
-0.989869, 293, 233, 324, 296
-0.989884, 1, 1, 64, 344
-0.989885, 281, 49, 344, 80
-0.989909, 393, 193, 424, 320
-0.989939, 449, 281, 480, 344
-0.989947, 393, 65, 424, 192
-0.989969, 289, 121, 352, 152
-0.989982, 369, 5, 432, 36
-0.990033, 1, 5, 64, 36
-0.990054, 113, 137, 240, 200
-0.990055, 273, 209, 336, 240
-0.990104, 109, 17, 140, 144
-0.990149, 385, 45, 448, 76
-0.990185, 177, 1, 240, 344
-0.990231, 105, 97, 168, 344
-0.990281, 129, 1, 192, 344
-0.990303, 297, 185, 360, 216
-0.990313, 345, 33, 408, 64
-0.990322, 321, 169, 384, 200
-0.990337, 289, 133, 352, 164
-0.99042, 273, 17, 304, 144
-0.990426, 313, 81, 376, 112
-0.990453, 237, 193, 268, 320
-0.990548, 337, 97, 400, 128
-0.990555, 233, 193, 296, 224
-0.990577, 417, 5, 480, 36
-0.99058, 1, 273, 128, 336
-0.990602, 33, 1, 96, 344
-0.990607, 161, 1, 416, 64
-0.990659, 313, 137, 376, 168
-0.990696, 241, 137, 304, 168
-0.990715, 233, 153, 296, 184
-0.990736, 313, 125, 376, 156
-0.990761, 337, 309, 400, 340
-0.990801, 433, 69, 496, 100
-0.990811, 153, 1, 216, 344
-0.990843, 321, 221, 384, 252
-0.990874, 321, 157, 384, 188
-0.99089, 257, 45, 320, 76
-0.990901, 1, 37, 64, 68
-0.990935, 241, 117, 304, 148
-0.99094, 345, 133, 408, 164
-0.990959, 433, 53, 496, 84
-0.990961, 337, 81, 400, 112
-0.990963, 305, 297, 368, 328
-0.990965, 345, 5, 408, 36
-0.991005, 469, 129, 500, 256
-0.991007, 81, 177, 208, 240
-0.991044, 369, 97, 432, 344
-0.991072, 433, 293, 496, 324
-0.991079, 345, 221, 408, 252
-0.991094, 353, 197, 416, 228
-0.991097, 425, 225, 456, 344
-0.991111, 29, 1, 60, 128
-0.991113, 305, 309, 368, 340
-0.991122, 433, 221, 496, 252
-0.991133, 125, 49, 156, 176
-0.991137, 281, 37, 344, 68
-0.991161, 297, 69, 360, 100
-0.991173, 409, 37, 472, 68
-0.991184, 433, 241, 496, 272
-0.991187, 381, 225, 412, 344
-0.991188, 345, 153, 408, 184
-0.991188, 353, 69, 416, 100
-0.991191, 81, 5, 144, 36
-0.991207, 337, 185, 400, 216
-0.99122, 129, 97, 192, 344
-0.991223, 297, 149, 360, 180
-0.991262, 129, 233, 256, 296
-0.991274, 321, 29, 384, 60
-0.991279, 393, 1, 456, 32
-0.991294, 369, 209, 432, 240
-0.991319, 305, 209, 368, 240
-0.991325, 13, 1, 44, 128
-0.991334, 49, 281, 176, 344
-0.991365, 433, 93, 496, 124
-0.991373, 433, 273, 496, 304
-0.991405, 241, 165, 304, 196
-0.991414, 233, 177, 296, 208
-0.991442, 433, 81, 496, 112
-0.991456, 273, 221, 336, 252
-0.991474, 385, 57, 448, 88
-0.991495, 1, 25, 256, 88
-0.991501, 433, 305, 496, 336
-0.991507, 265, 85, 328, 116
-0.991508, 313, 5, 376, 36
-0.991512, 333, 45, 364, 76
-0.991517, 329, 269, 392, 300
-0.991535, 337, 281, 400, 312
-0.991546, 193, 57, 448, 120
-0.991547, 305, 233, 368, 264
-0.991556, 249, 105, 312, 136
-0.991571, 1, 53, 64, 84
-0.991577, 225, 177, 480, 240
-0.991582, 309, 173, 340, 204
-0.99159, 349, 41, 380, 72
-0.991591, 425, 17, 456, 48
-0.9916, 289, 81, 352, 112
-0.991609, 337, 201, 368, 232
-0.991609, 17, 177, 144, 240
-0.991617, 257, 197, 320, 228
-0.991626, 433, 261, 496, 292
-0.991628, 1, 289, 64, 320
-0.991636, 353, 237, 416, 268
-0.991646, 225, 45, 288, 76
-0.991647, 337, 109, 368, 140
-0.991659, 269, 133, 300, 164
-0.991705, 337, 293, 400, 324
-0.99172, 169, 93, 232, 124
-0.991727, 349, 205, 380, 236
-0.991769, 113, 177, 144, 304
-0.99177, 281, 197, 344, 228
-0.99177, 305, 269, 368, 300
-0.991777, 105, 5, 168, 36
-0.991781, 395, 1, 410, 64
-0.991802, 441, 25, 472, 56
-0.991811, 409, 265, 472, 296
-0.99182, 385, 233, 448, 264
-0.991839, 277, 109, 308, 140
-0.991847, 417, 209, 480, 240
-0.991865, 325, 193, 356, 224
-0.991885, 401, 253, 464, 284
-0.991885, 345, 121, 408, 152
-0.991902, 41, 97, 104, 344
-0.991912, 265, 153, 296, 184
-0.991921, 325, 181, 356, 212
-0.991926, 321, 45, 352, 76
-0.991927, 441, 37, 472, 68
-0.991938, 25, 5, 88, 36
-0.991942, 89, 21, 152, 52
-0.991943, 425, 49, 456, 80
-0.991951, 329, 197, 392, 228
-0.991957, 65, 1, 320, 64
-0.991981, 81, 25, 208, 88
-0.991992, 273, 61, 336, 92
-0.991992, 345, 109, 408, 140
-0.991992, 345, 165, 408, 196
-0.992002, 297, 221, 360, 252
-0.992019, 1, 197, 64, 228
-0.992025, 41, 33, 104, 64
-0.992026, 1, 1, 500, 64
-0.992045, 281, 309, 344, 340
-0.992049, 1, 313, 64, 344
-0.99205, 345, 249, 408, 280
-0.99205, 381, 25, 412, 56
-0.992057, 1, 261, 64, 292
-0.992058, 193, 5, 256, 36
-0.992058, 269, 121, 300, 152
-0.992062, 423, 1, 438, 64
-0.992071, 357, 57, 388, 88
-0.992072, 25, 45, 88, 76
-0.992077, 49, 5, 112, 36
-0.992084, 317, 81, 348, 112
-0.992085, 257, 5, 320, 36
-0.992088, 329, 233, 392, 264
-0.992088, 289, 161, 320, 192
-0.992092, 317, 97, 348, 128
-0.992104, 233, 217, 296, 248
-0.992105, 361, 97, 424, 128
-0.992108, 433, 129, 496, 160
-0.992113, 105, 245, 168, 276
-0.992117, 409, 81, 472, 112
-0.992121, 297, 109, 328, 140
-0.992124, 469, 177, 500, 304
-0.992126, 177, 33, 304, 96
-0.992142, 33, 309, 96, 340
-0.992144, 305, 281, 368, 312
-0.992157, 377, 305, 440, 336
-0.992158, 337, 189, 368, 220
-0.992159, 437, 13, 468, 44
-0.992167, 377, 221, 440, 252
-0.992168, 161, 97, 416, 160
-0.992175, 449, 193, 480, 320
-0.992177, 25, 209, 88, 336
-0.992178, 301, 157, 332, 188
-0.992186, 397, 17, 428, 48
-0.992201, 49, 257, 176, 320
-0.992206, 337, 85, 368, 116
-0.992216, 181, 81, 212, 208
-0.992227, 337, 33, 368, 64
-0.992227, 361, 45, 392, 76
-0.992234, 257, 89, 500, 152
-0.992251, 353, 69, 384, 100
-0.992267, 277, 145, 308, 176
-0.992276, 329, 121, 360, 152
-0.992289, 313, 185, 344, 216
-0.992294, 393, 145, 424, 272
-0.992303, 397, 5, 428, 36
-0.992348, 425, 29, 456, 60
-0.992351, 81, 97, 144, 344
-0.992402, 405, 45, 436, 76
-0.99241, 337, 65, 368, 96
-0.992413, 65, 153, 192, 216
-0.992414, 257, 181, 288, 212
-0.992427, 257, 33, 500, 96
-0.992443, 377, 37, 408, 68
-0.992481, 425, 5, 456, 36
-0.992487, 385, 5, 416, 36
-0.992492, 345, 53, 376, 84
-0.992519, 129, 33, 384, 96
-0.992519, 337, 133, 368, 164
-0.992525, 129, 169, 384, 232
-0.99253, 353, 129, 384, 160
-0.992532, 313, 161, 344, 192
-0.992554, 405, 1, 420, 64
-0.992557, 1, 49, 32, 176
-0.992568, 141, 1, 172, 128
-0.992612, 161, 145, 224, 272
-0.992616, 109, 65, 140, 192
-0.992631, 261, 165, 292, 196
-0.992641, 301, 97, 332, 128
-0.992643, 413, 33, 444, 64
-0.992647, 293, 145, 324, 176
-0.992662, 277, 177, 308, 208
-0.992683, 369, 57, 400, 88
-0.992805, 337, 97, 368, 128
-0.992814, 369, 213, 400, 244
-0.99282, 113, 281, 240, 344
-0.992823, 353, 81, 384, 112
-0.992826, 285, 45, 316, 76
-0.99283, 435, 1, 450, 64
-0.992836, 325, 109, 356, 140
-0.992847, 277, 161, 308, 192
-0.992848, 429, 1, 444, 64
-0.992855, 413, 5, 444, 36
-0.992858, 337, 29, 464, 60
-0.992864, 453, 37, 484, 68
-0.992892, 411, 1, 426, 64
-0.992895, 349, 29, 380, 60
-0.992895, 369, 17, 400, 48
-0.992903, 393, 29, 424, 60
-0.992904, 437, 49, 468, 80
-0.992907, 297, 173, 328, 204
-0.992908, 417, 1, 432, 64
-0.992912, 53, 1, 84, 128
-0.992915, 325, 165, 356, 196
-0.992938, 285, 125, 316, 156
-0.992943, 413, 17, 444, 48
-0.992945, 129, 185, 256, 248
-0.992958, 345, 217, 376, 248
-0.992979, 353, 97, 384, 128
-0.992979, 245, 145, 276, 272
-0.99298, 193, 201, 448, 264
-0.992992, 317, 57, 348, 88
-0.993002, 465, 41, 496, 72
-0.993005, 317, 141, 348, 172
-0.993008, 225, 153, 480, 216
-0.993012, 441, 1, 456, 64
-0.993021, 329, 297, 360, 328
-0.993029, 317, 125, 348, 156
-0.993041, 289, 97, 320, 128
-0.993044, 353, 193, 384, 224
-0.993066, 333, 229, 364, 260
-0.993102, 353, 145, 384, 176
-0.993109, 345, 177, 376, 208
-0.993115, 369, 5, 400, 36
-0.99313, 329, 213, 360, 244
-0.993149, 341, 121, 372, 152
-0.993149, 355, 49, 370, 112
-0.993152, 297, 45, 328, 76
-0.993158, 385, 197, 416, 228
-0.993159, 261, 49, 292, 80
-0.993181, 5, 5, 36, 36
-0.993183, 185, 89, 216, 120
-0.993184, 315, 153, 330, 216
-0.993187, 145, 113, 272, 176
-0.993208, 469, 273, 500, 304
-0.993246, 225, 49, 256, 80
-0.993253, 389, 45, 420, 76
-0.993259, 469, 61, 500, 92
-0.993266, 257, 49, 288, 176
-0.993268, 257, 1, 500, 64
-0.993271, 469, 217, 500, 248
-0.993276, 265, 193, 296, 224
-0.99328, 365, 97, 396, 128
-0.993287, 313, 197, 344, 228
-0.993287, 321, 309, 352, 340
-0.993293, 333, 153, 364, 184
-0.993296, 305, 145, 336, 176
-0.993311, 447, 25, 462, 88
-0.993321, 301, 185, 332, 216
-0.993358, 289, 5, 320, 36
-0.993368, 193, 73, 224, 104
-0.993379, 261, 5, 292, 36
-0.993384, 65, 201, 192, 264
-0.993385, 257, 141, 288, 172
-0.993389, 225, 121, 480, 184
-0.99341, 469, 93, 500, 124
-0.993416, 349, 309, 380, 340
-0.993423, 417, 161, 448, 288
-0.993425, 321, 69, 352, 100
-0.993429, 37, 37, 68, 68
-0.993429, 305, 85, 336, 116
-0.993437, 269, 37, 300, 68
-0.99344, 313, 109, 344, 140
-0.993451, 161, 49, 224, 176
-0.993461, 469, 293, 500, 324
-0.993473, 309, 237, 340, 268
-0.993498, 121, 5, 152, 36
-0.993499, 317, 261, 348, 292
-0.993502, 229, 145, 260, 272
-0.993524, 387, 1, 402, 64
-0.993526, 277, 225, 308, 344
-0.993534, 17, 153, 144, 216
-0.993538, 465, 5, 496, 36
-0.993539, 257, 217, 288, 248
-0.993542, 349, 297, 380, 328
-0.993549, 309, 297, 340, 328
-0.993556, 277, 213, 308, 244
-0.993563, 449, 5, 480, 36
-0.993575, 341, 265, 372, 296
-0.993581, 265, 229, 296, 260
-0.993588, 277, 225, 308, 256
-0.993588, 309, 41, 340, 72
-0.993588, 365, 113, 396, 144
-0.993594, 357, 217, 388, 248
-0.993628, 357, 157, 388, 188
-0.993638, 337, 309, 368, 340
-0.993639, 241, 177, 368, 208
-0.993641, 465, 313, 496, 344
-0.993684, 65, 89, 320, 152
-0.993688, 271, 145, 286, 208
-0.993724, 33, 129, 160, 192
-0.993767, 5, 225, 36, 344
-0.993781, 97, 57, 352, 120
-0.993808, 161, 281, 416, 344
-0.993827, 197, 1, 228, 128
-0.993838, 257, 281, 500, 344
-0.993842, 289, 121, 304, 184
-0.993869, 325, 185, 340, 248
-0.993896, 193, 257, 320, 320
-0.993937, 281, 113, 296, 176
-0.993971, 1, 185, 500, 248
-0.993973, 305, 41, 432, 72
-0.994009, 273, 129, 400, 160
-0.994017, 369, 49, 496, 80
-0.994046, 353, 137, 480, 200
-0.994079, 1, 129, 32, 256
-0.994085, 351, 169, 366, 232
-0.994122, 241, 189, 368, 220
-0.994138, 217, 177, 248, 304
-0.994141, 85, 65, 116, 192
-0.994147, 129, 145, 384, 208
-0.99415, 257, 241, 500, 304
-0.994176, 425, 97, 456, 224
-0.994186, 361, 57, 376, 120
-0.99421, 351, 193, 366, 256
-0.994226, 433, 25, 448, 88
-0.994229, 345, 169, 360, 232
-0.994253, 257, 109, 384, 140
-0.994293, 113, 209, 240, 272
-0.994293, 1, 49, 256, 112
-0.994305, 333, 177, 348, 240
-0.994324, 349, 41, 364, 104
-0.994373, 161, 257, 416, 320
-0.99438, 283, 137, 298, 200
-0.9944, 339, 97, 354, 160
-0.994415, 273, 113, 288, 176
-0.994446, 395, 25, 410, 88
-0.994457, 351, 73, 366, 136
-0.994457, 329, 73, 344, 136
-0.994463, 257, 53, 384, 84
-0.99448, 329, 49, 344, 112
-0.994489, 1, 209, 500, 272
-0.99449, 321, 153, 336, 216
-0.994506, 337, 61, 464, 92
-0.994506, 407, 25, 422, 88
-0.99451, 353, 17, 480, 48
-0.994511, 437, 209, 468, 336
-0.994516, 241, 141, 368, 172
-0.994523, 81, 17, 112, 144
-0.994528, 145, 57, 272, 120
-0.994547, 355, 129, 370, 192
-0.994547, 355, 97, 370, 160
-0.994569, 457, 97, 488, 224
-0.994605, 349, 105, 364, 168
-0.994612, 1, 249, 128, 312
-0.994664, 289, 145, 304, 208
-0.994682, 97, 161, 128, 288
-0.994713, 129, 121, 384, 184
-0.99472, 343, 49, 358, 112
-0.994725, 447, 1, 462, 64
-0.994738, 241, 165, 368, 196
-0.994748, 421, 25, 436, 88
-0.994754, 339, 177, 354, 240
-0.994774, 323, 73, 338, 136
-0.994788, 161, 225, 416, 288
-0.994825, 405, 97, 436, 224
-0.994832, 385, 25, 400, 88
-0.994834, 201, 145, 232, 272
-0.994838, 7, 1, 22, 64
-0.994855, 341, 201, 356, 264
-0.994881, 289, 189, 416, 220
-0.994881, 335, 41, 350, 104
-0.994943, 1, 25, 500, 88
-0.994952, 1, 233, 500, 296
-0.994978, 325, 97, 356, 344
-0.995025, 413, 25, 428, 88
-0.99504, 369, 41, 384, 104
-0.995042, 479, 41, 494, 104
-0.995075, 137, 49, 168, 176
-0.995082, 33, 153, 288, 216
-0.995089, 369, 5, 496, 36
-0.995109, 277, 137, 292, 200
-0.995127, 317, 177, 332, 240
-0.995132, 45, 209, 76, 336
-0.995143, 441, 25, 456, 88
-0.99517, 317, 81, 332, 144
-0.99517, 345, 145, 360, 208
-0.995175, 273, 97, 400, 128
-0.995183, 97, 201, 352, 264
-0.995194, 77, 193, 108, 320
-0.99522, 357, 193, 372, 256
-0.995229, 361, 33, 376, 96
-0.99523, 321, 205, 448, 236
-0.995244, 401, 25, 416, 88
-0.995254, 327, 161, 342, 224
-0.995258, 289, 85, 416, 116
-0.995263, 265, 153, 280, 216
-0.995268, 303, 153, 318, 216
-0.995274, 463, 1, 478, 64
-0.995286, 479, 1, 494, 64
-0.995288, 1, 225, 256, 288
-0.995303, 279, 161, 294, 224
-0.995326, 337, 153, 352, 216
-0.995335, 453, 25, 468, 88
-0.995351, 455, 1, 470, 64
-0.995352, 327, 129, 342, 192
-0.995368, 1, 137, 500, 200
-0.995393, 259, 169, 274, 232
-0.995399, 413, 225, 444, 344
-0.995404, 375, 1, 390, 64
-0.995407, 265, 177, 280, 240
-0.995432, 323, 49, 338, 112
-0.99544, 275, 1, 290, 64
-0.995448, 289, 153, 416, 184
-0.995465, 225, 49, 256, 176
-0.995468, 305, 41, 320, 104
-0.995486, 193, 153, 320, 184
-0.995505, 257, 221, 384, 252
-0.995515, 289, 165, 416, 196
-0.995523, 135, 1, 150, 64
-0.995524, 273, 169, 288, 232
-0.995548, 343, 121, 358, 184
-0.995551, 329, 281, 344, 344
-0.995557, 315, 49, 330, 112
-0.995563, 289, 73, 416, 104
-0.995567, 361, 121, 376, 184
-0.995581, 107, 1, 122, 64
-0.99559, 57, 1, 72, 64
-0.995595, 377, 41, 392, 104
-0.995613, 329, 1, 360, 256
-0.995617, 321, 121, 448, 152
-0.99562, 129, 1, 144, 64
-0.995628, 339, 73, 354, 136
-0.995643, 65, 281, 320, 344
-0.995667, 381, 1, 396, 64
-0.995689, 289, 177, 416, 208
-0.995693, 333, 97, 348, 160
-0.995702, 337, 121, 352, 184
-0.995704, 291, 1, 306, 64
-0.995705, 17, 1, 32, 64
-0.995713, 321, 217, 448, 248
-0.995724, 117, 1, 132, 64
-0.995734, 341, 97, 372, 344
-0.995737, 67, 1, 82, 64
-0.995738, 97, 65, 128, 192
-0.995743, 327, 225, 342, 288
-0.995748, 257, 201, 384, 232
-0.995755, 427, 25, 442, 88
-0.995762, 165, 1, 196, 128
-0.995775, 295, 113, 310, 176
-0.995776, 399, 49, 414, 112
-0.995811, 89, 209, 120, 336
-0.995819, 353, 33, 384, 288
-0.995821, 321, 257, 336, 320
-0.995825, 277, 97, 308, 344
-0.99583, 429, 49, 444, 112
-0.995835, 441, 49, 456, 112
-0.995836, 97, 257, 224, 320
-0.995843, 311, 73, 326, 136
-0.995854, 149, 1, 164, 64
-0.995857, 31, 1, 46, 64
-0.995862, 177, 89, 304, 120
-0.995878, 311, 177, 326, 240
-0.99592, 485, 41, 500, 104
-0.995921, 143, 1, 158, 64
-0.995925, 75, 1, 90, 64
-0.995936, 335, 201, 350, 264
-0.995943, 289, 285, 416, 316
-0.995949, 317, 1, 348, 256
-0.995951, 305, 5, 432, 36
-0.995963, 359, 1, 374, 64
-0.995963, 1, 121, 256, 184
-0.995964, 305, 89, 320, 152
-0.995966, 345, 1, 360, 64
-0.995973, 479, 65, 494, 128
-0.995978, 123, 1, 138, 64
-0.995989, 257, 233, 384, 264
-0.995999, 257, 253, 384, 284
-0.996001, 267, 121, 282, 184
-0.996013, 209, 49, 336, 80
-0.996028, 345, 81, 360, 144
-0.996034, 33, 177, 288, 240
-0.99604, 369, 201, 496, 232
-0.996044, 193, 137, 320, 168
-0.996046, 321, 109, 448, 140
-0.996052, 369, 285, 496, 316
-0.996063, 339, 1, 354, 64
-0.996064, 1, 161, 500, 224
-0.996067, 355, 25, 370, 88
-0.996074, 289, 65, 320, 320
-0.996075, 309, 137, 324, 200
-0.996084, 321, 97, 448, 128
-0.99611, 129, 45, 256, 76
-0.996115, 337, 77, 464, 108
-0.99613, 49, 25, 176, 56
-0.996145, 241, 153, 368, 184
-0.996147, 429, 161, 460, 288
-0.996162, 305, 17, 432, 48
-0.996163, 257, 41, 384, 72
-0.996169, 193, 117, 320, 148
-0.996177, 241, 85, 368, 116
-0.996177, 367, 113, 382, 176
-0.996178, 51, 1, 66, 64
-0.996187, 95, 1, 110, 64
-0.996189, 101, 1, 116, 64
-0.996206, 337, 309, 464, 340
-0.996208, 241, 73, 368, 104
-0.996208, 263, 1, 278, 64
-0.996209, 61, 145, 92, 272
-0.99622, 169, 97, 200, 224
-0.996224, 309, 1, 324, 64
-0.996231, 351, 1, 366, 64
-0.996233, 297, 153, 312, 216
-0.996239, 193, 185, 320, 216
-0.996243, 65, 257, 320, 320
-0.996246, 347, 217, 362, 280
-0.996246, 289, 297, 416, 328
-0.996249, 411, 49, 426, 112
-0.996257, 1, 49, 500, 112
-0.996269, 155, 1, 170, 64
-0.996288, 339, 281, 354, 344
-0.996289, 333, 1, 348, 64
-0.996289, 45, 1, 60, 64
-0.996296, 17, 5, 144, 36
-0.996297, 323, 281, 338, 344
-0.996301, 289, 269, 416, 300
-0.996311, 377, 1, 408, 256
-0.996337, 289, 141, 416, 172
-0.996338, 193, 165, 320, 196
-0.996348, 369, 273, 496, 304
-0.99637, 301, 65, 332, 320
-0.99638, 133, 193, 164, 320
-0.996386, 1, 105, 500, 168
-0.996425, 225, 97, 352, 128
-0.996441, 1, 257, 500, 320
-0.996442, 313, 97, 344, 344
-0.996477, 369, 297, 496, 328
-0.996478, 33, 37, 160, 68
-0.996482, 113, 5, 240, 36
-0.996525, 1, 49, 128, 80
-0.996542, 177, 101, 304, 132
-0.996573, 305, 229, 432, 260
-0.996579, 289, 309, 416, 340
-0.996581, 369, 213, 496, 244
-0.996593, 337, 257, 464, 288
-0.996603, 257, 5, 384, 36
-0.996636, 389, 1, 420, 256
-0.996638, 209, 61, 336, 92
-0.996648, 1, 201, 256, 264
-0.996657, 337, 185, 464, 216
-0.996702, 269, 1, 300, 256
-0.996745, 53, 65, 84, 192
-0.996757, 209, 209, 336, 240
-0.996763, 65, 5, 192, 36
-0.996783, 209, 249, 336, 280
-0.996807, 1, 73, 500, 136
-0.996841, 209, 233, 336, 264
-0.996856, 391, 9, 406, 40
-0.996883, 73, 65, 104, 192
-0.996889, 161, 5, 288, 36
-0.996921, 241, 273, 368, 304
-0.996968, 17, 277, 144, 308
-0.996973, 185, 1, 216, 128
-0.996973, 193, 65, 224, 192
-0.996998, 33, 313, 160, 344
-0.997028, 193, 77, 320, 108
-0.997032, 337, 245, 464, 276
-0.997054, 337, 133, 464, 164
-0.997056, 369, 89, 496, 120
-0.997064, 341, 1, 372, 256
-0.997084, 449, 37, 464, 68
-0.997093, 351, 197, 366, 228
-0.997107, 265, 97, 296, 344
-0.997111, 17, 209, 48, 336
-0.997133, 449, 21, 464, 52
-0.997144, 341, 181, 356, 212
-0.997149, 153, 1, 184, 128
-0.997153, 161, 61, 288, 92
-0.997163, 113, 73, 240, 104
-0.997169, 209, 37, 336, 68
-0.997171, 331, 181, 346, 212
-0.997174, 357, 69, 372, 100
-0.997196, 81, 281, 208, 312
-0.997216, 337, 173, 464, 204
-0.997254, 435, 45, 450, 76
-0.997255, 177, 197, 304, 228
-0.997269, 441, 25, 456, 56
-0.997291, 81, 61, 208, 92
-0.997298, 113, 29, 240, 60
-0.997299, 65, 89, 192, 152
-0.997305, 387, 25, 402, 56
-0.997325, 327, 77, 342, 108
-0.997359, 361, 41, 376, 72
-0.99736, 245, 49, 276, 176
-0.99736, 225, 309, 352, 340
-0.997369, 65, 165, 192, 196
-0.99737, 317, 181, 332, 212
-0.997374, 289, 29, 416, 60
-0.99738, 341, 105, 356, 136
-0.997387, 353, 53, 368, 84
-0.99739, 397, 17, 412, 48
-0.997404, 1, 221, 128, 252
-0.997406, 325, 193, 340, 224
-0.997409, 315, 161, 330, 192
-0.997412, 209, 5, 336, 36
-0.997413, 209, 297, 336, 328
-0.997414, 1, 61, 128, 92
-0.997424, 371, 49, 386, 80
-0.997431, 271, 121, 286, 152
-0.997447, 177, 221, 304, 252
-0.997449, 337, 149, 464, 180
-0.997459, 341, 193, 356, 224
-0.997463, 325, 177, 340, 208
-0.997465, 161, 285, 288, 316
-0.997466, 129, 113, 160, 240
-0.997478, 313, 149, 328, 180
-0.997499, 349, 113, 364, 144
-0.997508, 113, 145, 240, 176
-0.997553, 263, 177, 278, 208
-0.997558, 337, 41, 352, 72
-0.99756, 409, 45, 424, 76
-0.997561, 435, 17, 450, 48
-0.997564, 403, 5, 418, 36
-0.997569, 323, 153, 338, 184
-0.997579, 351, 209, 366, 240
-0.997587, 277, 153, 292, 184
-0.997592, 129, 89, 256, 120
-0.997594, 145, 173, 272, 204
-0.997596, 283, 169, 298, 200
-0.997597, 335, 109, 350, 140
-0.997599, 347, 37, 362, 68
-0.997601, 357, 197, 372, 228
-0.997606, 291, 125, 306, 156
-0.997607, 343, 69, 358, 100
-0.997615, 273, 181, 288, 212
-0.997615, 427, 45, 442, 76
-0.997615, 303, 161, 318, 192
-0.997618, 429, 25, 444, 56
-0.997627, 97, 293, 224, 324
-0.997629, 363, 57, 378, 88
-0.997634, 443, 37, 458, 68
-0.997636, 445, 145, 476, 272
-0.997639, 317, 93, 332, 124
-0.997639, 335, 97, 350, 128
-0.997643, 1, 189, 128, 220
-0.997652, 273, 165, 288, 196
-0.997655, 417, 17, 432, 48
-0.997661, 369, 101, 496, 132
-0.997662, 403, 45, 418, 76
-0.997668, 321, 165, 336, 196
-0.997685, 365, 1, 396, 256
-0.997686, 369, 225, 496, 256
-0.99769, 413, 5, 428, 36
-0.99769, 113, 253, 240, 284
-0.997692, 423, 13, 438, 44
-0.997695, 347, 177, 362, 208
-0.997695, 113, 121, 240, 152
-0.997697, 337, 161, 464, 192
-0.997701, 129, 313, 256, 344
-0.99771, 313, 81, 328, 112
-0.99771, 267, 145, 282, 176
-0.997721, 353, 81, 368, 112
-0.997727, 1, 289, 128, 320
-0.997729, 369, 121, 496, 152
-0.99773, 449, 9, 464, 40
-0.997732, 253, 97, 284, 344
-0.997735, 363, 69, 378, 100
-0.997736, 33, 245, 160, 276
-0.997739, 291, 161, 306, 192
-0.99774, 359, 125, 374, 156
-0.997746, 333, 169, 348, 200
-0.99775, 333, 85, 348, 116
-0.997757, 331, 41, 346, 72
-0.997775, 283, 109, 298, 140
-0.997775, 113, 133, 240, 164
-0.997775, 457, 33, 472, 64
-0.997781, 441, 5, 456, 36
-0.997781, 277, 113, 292, 144
-0.997782, 331, 193, 346, 224
-0.997782, 405, 17, 420, 48
-0.997786, 329, 125, 344, 156
-0.997788, 65, 193, 96, 320
-0.997788, 117, 1, 148, 256
-0.99779, 1, 173, 128, 204
-0.997795, 267, 157, 282, 188
-0.997796, 353, 33, 368, 64
-0.997807, 97, 17, 224, 48
-0.997811, 341, 121, 356, 152
-0.997812, 241, 285, 368, 316
-0.997818, 33, 129, 160, 160
-0.997823, 81, 309, 208, 340
-0.997828, 403, 29, 418, 60
-0.997831, 429, 9, 444, 40
-0.997844, 311, 93, 326, 124
-0.997845, 343, 49, 358, 80
-0.99785, 287, 145, 302, 176
-0.997851, 351, 65, 366, 96
-0.997856, 363, 205, 378, 236
-0.997859, 49, 297, 176, 328
-0.997859, 345, 217, 360, 248
-0.99786, 323, 101, 338, 132
-0.99786, 81, 49, 208, 80
-0.997863, 81, 185, 208, 216
-0.99787, 97, 101, 224, 132
-0.99787, 1, 201, 128, 232
-0.99787, 1, 233, 128, 264
-0.997872, 333, 69, 348, 100
-0.997874, 301, 101, 316, 132
-0.997883, 369, 61, 384, 92
-0.997887, 273, 133, 288, 164
-0.997889, 53, 1, 84, 256
-0.997898, 129, 269, 256, 300
-0.997898, 145, 297, 272, 328
-0.997903, 113, 157, 240, 188
-0.997908, 401, 1, 432, 256
-0.99791, 359, 81, 374, 112
-0.997923, 157, 225, 188, 344
-0.997925, 209, 261, 336, 292
-0.997936, 357, 213, 372, 244
-0.997937, 345, 205, 360, 236
-0.997939, 397, 45, 412, 76
-0.997942, 321, 77, 336, 108
-0.997943, 65, 153, 192, 184
-0.997946, 367, 141, 382, 172
-0.997953, 209, 49, 240, 176
-0.997955, 333, 57, 348, 88
-0.997968, 323, 141, 338, 172
-0.997972, 51, 37, 66, 68
-0.997973, 307, 149, 322, 180
-0.997973, 341, 93, 356, 124
-0.997974, 1, 265, 128, 296
-0.997975, 379, 5, 394, 36
-0.997981, 351, 165, 366, 196
-0.997982, 371, 213, 386, 244
-0.997992, 479, 45, 494, 76
-0.997992, 81, 269, 208, 300
-0.997994, 435, 33, 450, 64
-0.998001, 365, 125, 380, 156
-0.998003, 295, 113, 310, 144
-0.998004, 273, 107, 336, 122
-0.998004, 265, 133, 280, 164
-0.998005, 415, 45, 430, 76
-0.99801, 321, 45, 336, 76
-0.998012, 441, 49, 456, 80
-0.998014, 417, 25, 480, 40
-0.998023, 377, 45, 392, 76
-0.998026, 327, 221, 342, 252
-0.998029, 315, 53, 330, 84
-0.998031, 311, 181, 326, 212
-0.998031, 347, 125, 362, 156
-0.998031, 355, 109, 370, 140
-0.998036, 413, 29, 428, 60
-0.998038, 357, 145, 372, 176
-0.998038, 1, 105, 128, 168
-0.998041, 305, 113, 368, 128
-0.998045, 1, 281, 500, 344
-0.998047, 455, 21, 470, 52
-0.99805, 253, 1, 284, 256
-0.998052, 337, 217, 352, 248
-0.998053, 385, 13, 400, 44
-0.998055, 419, 33, 434, 64
-0.998059, 285, 133, 300, 164
-0.998064, 479, 61, 494, 92
-0.998064, 7, 5, 22, 36
-0.998074, 319, 129, 334, 160
-0.998077, 305, 101, 368, 116
-0.998085, 265, 161, 328, 176
-0.998085, 269, 45, 284, 76
-0.998087, 465, 1, 496, 256
-0.998088, 321, 73, 384, 88
-0.998089, 307, 105, 322, 136
-0.998091, 189, 129, 220, 256
-0.998095, 329, 97, 344, 128
-0.998103, 303, 181, 318, 212
-0.998103, 375, 61, 390, 92
-0.998104, 45, 37, 60, 68
-0.998104, 33, 161, 64, 288
-0.998127, 417, 1, 448, 256
-0.998128, 377, 17, 440, 32
-0.99814, 73, 145, 104, 272
-0.998152, 129, 1, 160, 256
-0.99816, 369, 25, 432, 40
-0.998161, 29, 225, 60, 344
-0.998191, 181, 209, 212, 336
-0.998197, 265, 147, 328, 162
-0.998198, 313, 59, 376, 74
-0.998219, 385, 51, 448, 66
-0.998221, 273, 173, 336, 188
-0.998233, 257, 141, 320, 156
-0.998237, 105, 1, 136, 256
-0.998241, 353, 49, 416, 64
-0.998251, 257, 155, 320, 170
-0.99829, 265, 45, 328, 60
-0.998291, 433, 49, 496, 64
-0.998297, 281, 53, 344, 68
-0.9983, 313, 45, 376, 60
-0.998304, 393, 25, 456, 40
-0.998305, 149, 177, 180, 304
-0.99831, 417, 19, 480, 34
-0.998311, 393, 31, 456, 46
-0.998325, 321, 91, 384, 106
-0.998325, 305, 165, 368, 180
-0.998327, 297, 193, 360, 208
-0.998344, 321, 53, 384, 68
-0.998345, 313, 203, 376, 218
-0.998348, 329, 39, 392, 54
-0.998354, 273, 117, 336, 132
-0.998359, 417, 31, 480, 46
-0.998366, 305, 171, 368, 186
-0.998373, 313, 119, 376, 134
-0.998373, 289, 139, 352, 154
-0.998374, 281, 153, 344, 168
-0.998376, 353, 57, 416, 72
-0.998377, 1, 329, 64, 344
-0.998387, 321, 213, 384, 228
-0.99839, 369, 97, 400, 344
-0.998391, 289, 183, 352, 198
-0.998402, 305, 159, 368, 174
-0.998408, 369, 43, 432, 58
-0.99841, 297, 107, 360, 122
-0.998412, 409, 51, 472, 66
-0.998421, 273, 167, 336, 182
-0.998423, 289, 43, 352, 58
-0.998425, 273, 129, 336, 144
-0.998429, 321, 79, 384, 94
-0.998434, 369, 31, 432, 46
-0.998435, 249, 181, 312, 196
-0.99844, 345, 207, 408, 222
-0.998443, 329, 189, 392, 204
-0.998444, 65, 329, 128, 344
-0.998446, 257, 135, 320, 150
-0.998453, 257, 123, 320, 138
-0.998462, 237, 1, 268, 256
-0.998463, 337, 99, 400, 114
-0.998466, 321, 219, 384, 234
-0.998481, 385, 57, 448, 72
-0.998491, 321, 177, 384, 192
-0.998495, 25, 1, 56, 256
-0.998495, 1, 7, 64, 22
-0.998509, 429, 65, 460, 320
-0.998513, 313, 139, 344, 154
-0.998513, 121, 329, 152, 344
-0.998513, 469, 93, 500, 108
-0.998513, 305, 193, 336, 208
-0.998513, 337, 133, 368, 148
-0.998514, 41, 329, 72, 344
-0.998515, 381, 47, 412, 62
-0.998516, 297, 95, 360, 110
-0.998518, 413, 21, 444, 36
-0.998518, 77, 329, 108, 344
-0.998519, 285, 139, 316, 154
-0.99852, 333, 173, 364, 188
-0.998521, 449, 23, 480, 38
-0.998523, 345, 123, 376, 138
-0.998524, 365, 99, 396, 114
-0.998526, 297, 179, 328, 194
-0.998526, 269, 41, 300, 56
-0.998526, 293, 119, 324, 134
-0.998526, 341, 111, 372, 126
-0.998527, 13, 329, 44, 344
-0.998527, 369, 25, 400, 40
-0.998528, 301, 151, 332, 166
-0.998528, 345, 213, 408, 228
-0.998528, 189, 93, 220, 108
-0.998529, 353, 143, 384, 158
-0.998531, 469, 97, 500, 344
-0.998532, 313, 147, 344, 162
-0.998533, 321, 131, 384, 146
-0.998533, 321, 107, 384, 122
-0.998534, 329, 217, 360, 232
-0.998536, 469, 51, 500, 66
-0.998536, 1, 43, 64, 58
-0.998536, 337, 33, 368, 48
-0.998537, 425, 43, 456, 58
-0.998538, 321, 41, 352, 56
-0.998539, 369, 45, 400, 60
-0.998539, 469, 43, 500, 58
-0.998539, 337, 89, 368, 104
-0.99854, 297, 113, 328, 128
-0.99854, 1, 7, 32, 22
-0.998544, 345, 103, 376, 118
-0.998545, 61, 329, 92, 344
-0.998547, 289, 45, 320, 60
-0.998547, 29, 329, 60, 344
-0.998548, 261, 167, 292, 182
-0.99855, 357, 81, 388, 96
-0.99855, 305, 163, 336, 178
-0.998551, 261, 47, 292, 62
-0.998552, 365, 217, 396, 232
-0.998553, 385, 37, 448, 52
-0.998553, 305, 85, 368, 100
-0.998555, 365, 63, 396, 78
-0.998556, 353, 63, 416, 78
-0.998557, 285, 131, 316, 146
-0.998557, 277, 179, 308, 194
-0.998558, 381, 31, 412, 46
-0.99856, 413, 51, 444, 66
-0.99856, 289, 145, 320, 160
-0.99856, 337, 139, 368, 154
-0.99856, 289, 157, 320, 172
-0.998561, 397, 17, 428, 32
-0.998561, 321, 199, 352, 214
-0.998561, 313, 115, 344, 130
-0.998562, 329, 123, 360, 138
-0.998563, 333, 181, 364, 196
-0.998565, 337, 95, 368, 110
-0.998565, 353, 129, 384, 144
-0.998565, 385, 17, 416, 32
-0.998567, 321, 165, 352, 180
-0.998567, 393, 45, 424, 60
-0.998568, 269, 143, 300, 158
-0.998568, 345, 65, 376, 80
-0.998569, 317, 79, 348, 94
-0.99857, 417, 41, 480, 56
-0.998571, 353, 69, 416, 84
-0.998571, 329, 207, 360, 222
-0.998572, 41, 329, 104, 344
-0.998572, 329, 33, 392, 48
-0.998574, 269, 159, 300, 174
-0.998575, 321, 143, 384, 158
-0.998575, 281, 101, 344, 116
-0.998576, 341, 193, 372, 208
-0.998576, 337, 187, 368, 202
-0.998577, 453, 39, 484, 54
-0.998579, 313, 153, 344, 168
-0.99858, 273, 117, 304, 132
-0.998582, 413, 27, 444, 42
-0.998582, 321, 93, 352, 108
-0.998583, 337, 39, 368, 54
-0.998585, 441, 51, 472, 66
-0.998587, 317, 87, 348, 102
-0.998587, 1, 73, 128, 136
-0.99859, 337, 81, 368, 96
-0.99859, 333, 75, 364, 90
-0.99859, 321, 159, 352, 174
-0.998591, 269, 173, 300, 188
-0.998591, 101, 329, 132, 344
-0.998591, 313, 53, 344, 68
-0.998592, 93, 1, 124, 256
-0.998594, 265, 153, 296, 168
-0.998595, 89, 329, 120, 344
-0.998598, 349, 199, 380, 214
-0.998599, 337, 117, 368, 132
-0.998599, 269, 123, 300, 138
-0.998599, 269, 129, 300, 144
-0.998599, 393, 29, 424, 44
-0.9986, 305, 99, 336, 114
-0.998603, 337, 57, 368, 72
-0.998603, 437, 29, 468, 44
-0.998604, 357, 51, 388, 66
-0.998604, 349, 213, 380, 228
-0.998607, 321, 177, 352, 192
-0.998608, 321, 101, 352, 116
-0.998608, 349, 75, 380, 90
-0.99861, 441, 43, 472, 58
-0.99861, 425, 55, 456, 70
-0.998611, 397, 23, 428, 38
-0.998611, 433, 73, 496, 88
-0.998612, 305, 125, 368, 140
-0.998612, 381, 41, 412, 56
-0.998613, 277, 153, 308, 168
-0.998613, 345, 27, 408, 42
-0.998613, 425, 29, 456, 44
-0.998614, 317, 193, 348, 208
-0.998614, 313, 67, 376, 82
-0.998617, 425, 17, 456, 32
-0.998622, 297, 209, 360, 224
-0.998625, 345, 201, 408, 216
-0.998626, 273, 209, 336, 224
-0.998627, 321, 185, 352, 200
-0.998628, 249, 175, 312, 190
-0.998629, 301, 157, 332, 172
-0.998629, 309, 173, 340, 188
-0.998631, 433, 323, 496, 338
-0.998632, 333, 45, 364, 60
-0.998632, 405, 45, 436, 60
-0.998634, 309, 187, 340, 202
-0.998634, 145, 1, 176, 256
-0.998636, 441, 35, 472, 50
-0.998637, 357, 57, 388, 72
-0.998639, 409, 57, 472, 72
-0.99864, 261, 181, 292, 196
-0.998642, 385, 23, 416, 38
-0.998642, 269, 137, 300, 152
-0.998646, 249, 169, 312, 184
-0.998646, 297, 177, 360, 192
-0.998647, 437, 17, 468, 32
-0.998648, 309, 179, 340, 194
-0.998649, 353, 17, 416, 32
-0.998649, 277, 111, 308, 126
-0.998649, 329, 113, 392, 128
-0.99865, 433, 267, 496, 282
-0.99865, 249, 187, 312, 202
-0.998653, 349, 43, 380, 58
-0.998654, 137, 1, 200, 16
-0.998656, 425, 49, 456, 64
-0.998659, 329, 111, 360, 126
-0.998667, 249, 117, 312, 132
-0.998669, 289, 105, 320, 120
-0.998675, 345, 119, 408, 134
-0.998675, 337, 311, 400, 326
-0.998678, 425, 23, 456, 38
-0.998679, 281, 123, 344, 138
-0.998679, 433, 295, 496, 310
-0.998681, 305, 1, 368, 16
-0.998681, 329, 137, 392, 152
-0.998682, 349, 205, 380, 220
-0.998683, 353, 1, 416, 16
-0.998686, 337, 201, 368, 216
-0.998688, 1, 37, 64, 52
-0.998689, 321, 47, 352, 62
-0.998691, 329, 193, 360, 208
-0.998693, 81, 7, 144, 22
-0.998693, 33, 1, 96, 16
-0.998693, 177, 1, 240, 16
-0.998696, 437, 1, 452, 128
-0.998697, 233, 159, 296, 174
-0.998698, 345, 83, 408, 98
-0.998698, 393, 45, 456, 60
-0.998701, 81, 1, 144, 16
-0.998702, 225, 1, 288, 16
-0.998702, 157, 1, 188, 256
-0.998703, 273, 129, 288, 256
-0.998704, 233, 153, 296, 168
-0.998705, 321, 305, 384, 320
-0.998706, 9, 1, 72, 16
-0.998706, 1, 55, 64, 70
-0.998706, 241, 193, 304, 208
-0.998707, 257, 1, 320, 16
-0.998708, 433, 85, 496, 100
-0.998709, 437, 23, 468, 38
-0.99871, 289, 199, 352, 214
-0.998712, 393, 1, 456, 16
-0.998712, 305, 267, 368, 282
-0.998713, 345, 159, 408, 174
-0.998714, 1, 49, 64, 64
-0.998714, 337, 51, 368, 66
-0.998715, 345, 131, 408, 146
-0.998715, 281, 1, 344, 16
-0.998716, 225, 49, 288, 64
-0.998718, 289, 145, 352, 160
-0.99872, 345, 171, 408, 186
-0.998721, 257, 201, 320, 216
-0.998723, 337, 129, 352, 256
-0.998723, 201, 1, 264, 16
-0.998723, 297, 307, 360, 322
-0.998723, 433, 211, 496, 226
-0.998724, 433, 55, 496, 70
-0.998726, 353, 37, 416, 52
-0.998728, 57, 1, 120, 16
-0.998737, 445, 17, 460, 144
-0.998761, 353, 49, 368, 176
-0.998765, 391, 1, 406, 128
-0.998778, 339, 49, 354, 176
-0.998779, 385, 17, 400, 144
-0.998779, 343, 97, 358, 224
-0.998801, 315, 145, 330, 272
-0.998816, 327, 145, 342, 272
-0.998842, 193, 65, 224, 320
-0.998845, 5, 1, 36, 256
-0.99885, 405, 1, 420, 128
-0.998859, 413, 1, 428, 128
-0.99887, 423, 1, 438, 128
-0.998883, 455, 33, 470, 160
-0.998883, 331, 65, 346, 192
-0.998897, 65, 1, 96, 256
-0.998906, 397, 1, 412, 128
-0.998908, 321, 145, 336, 272
-0.998915, 347, 161, 362, 288
-0.998917, 205, 65, 236, 320
-0.998922, 283, 129, 298, 256
-0.998923, 337, 177, 352, 304
-0.998927, 431, 17, 446, 144
-0.99893, 315, 97, 330, 224
-0.998945, 353, 97, 368, 224
-0.998958, 41, 1, 72, 256
-0.998962, 353, 145, 368, 272
-0.998966, 321, 49, 336, 176
-0.998968, 305, 161, 320, 288
-0.998969, 225, 1, 256, 256
-0.998971, 331, 193, 346, 320
-0.998971, 479, 1, 494, 128
-0.998982, 267, 145, 282, 272
-0.998985, 315, 49, 330, 176
-0.998992, 341, 1, 356, 128
-0.998993, 361, 1, 376, 128
-0.998997, 379, 33, 394, 160
-0.998997, 323, 97, 338, 224
-0.999001, 347, 49, 362, 176
-0.999012, 461, 1, 476, 128
-0.999024, 289, 113, 304, 240
-0.999027, 277, 177, 292, 304
-0.999033, 369, 33, 384, 160
-0.999042, 241, 97, 272, 344
-0.999047, 333, 1, 348, 128
-0.999048, 347, 1, 362, 128
-0.999052, 359, 65, 374, 192
-0.999062, 325, 193, 340, 320
-0.999062, 281, 81, 296, 208
-0.999071, 347, 209, 362, 336
-0.999077, 309, 97, 324, 224
-0.999106, 485, 49, 500, 176
-0.999119, 317, 193, 332, 320
-0.999126, 359, 129, 374, 256
-0.999139, 479, 49, 494, 176
-0.99915, 439, 49, 454, 176
-0.999151, 303, 113, 318, 240
-0.999153, 353, 193, 368, 320
-0.999157, 355, 1, 370, 128
-0.999158, 327, 17, 342, 144
-0.999168, 313, 1, 328, 128
-0.999169, 485, 1, 500, 128
-0.999169, 295, 161, 310, 288
-0.999174, 5, 97, 36, 344
-0.999177, 307, 49, 322, 176
-0.999179, 267, 193, 282, 320
-0.999179, 229, 97, 260, 344
-0.999181, 7, 1, 22, 128
-0.999194, 467, 1, 482, 128
-0.999197, 453, 65, 484, 320
-0.999197, 181, 65, 212, 320
-0.999204, 261, 161, 276, 288
-0.999206, 307, 1, 322, 128
-0.999222, 81, 33, 112, 288
-0.999225, 425, 49, 440, 176
-0.999228, 311, 193, 326, 320
-0.999233, 237, 1, 252, 128
-0.999239, 433, 65, 448, 192
-0.99925, 387, 65, 402, 192
-0.999261, 289, 1, 304, 128
-0.999264, 275, 1, 290, 128
-0.999268, 227, 1, 242, 128
-0.999271, 379, 81, 394, 208
-0.999272, 135, 1, 150, 128
-0.999272, 319, 1, 334, 128
-0.999278, 361, 193, 376, 320
-0.999278, 417, 49, 432, 176
-0.999279, 17, 1, 32, 128
-0.999282, 465, 49, 480, 176
-0.999284, 447, 65, 462, 192
-0.999285, 411, 49, 426, 176
-0.999291, 297, 113, 312, 240
-0.999294, 267, 97, 282, 224
-0.999299, 255, 161, 270, 288
-0.9993, 249, 1, 264, 128
-0.999301, 473, 1, 488, 128
-0.999306, 403, 49, 418, 176
-0.999309, 305, 209, 320, 336
-0.999314, 297, 1, 312, 128
-0.999319, 481, 97, 496, 224
-0.999321, 283, 17, 298, 144
-0.99933, 283, 177, 298, 304
-0.999331, 31, 1, 46, 128
-0.999332, 217, 97, 248, 344
-0.999332, 397, 49, 412, 176
-0.999333, 479, 225, 494, 344
-0.999333, 117, 17, 132, 144
-0.999334, 385, 113, 400, 240
-0.999335, 471, 81, 486, 208
-0.999335, 481, 161, 496, 288
-0.999337, 369, 81, 384, 208
-0.999339, 127, 17, 142, 144
-0.99935, 217, 1, 232, 128
-0.999351, 263, 1, 278, 128
-0.999351, 299, 209, 314, 336
-0.999355, 337, 225, 352, 344
-0.99936, 275, 81, 290, 208
-0.999361, 365, 145, 380, 272
-0.999362, 269, 1, 284, 128
-0.999362, 301, 49, 316, 176
-0.999363, 67, 1, 82, 128
-0.999374, 111, 17, 126, 144
-0.999375, 289, 161, 304, 288
-0.99938, 243, 1, 258, 128
-0.999384, 373, 145, 388, 272
-0.999385, 385, 161, 400, 288
-0.999385, 103, 17, 118, 144
-0.999386, 25, 1, 40, 128
-0.999389, 291, 49, 306, 176
-0.999392, 369, 225, 384, 344
-0.9994, 55, 1, 70, 128
-0.999405, 5, 49, 20, 176
-0.999407, 443, 209, 458, 336
-0.999412, 141, 17, 156, 144
-0.999422, 417, 161, 432, 288
-0.999426, 249, 193, 264, 320
-0.999426, 259, 97, 274, 224
-0.999427, 423, 113, 438, 240
-0.999429, 97, 17, 112, 144
-0.999431, 379, 129, 394, 256
-0.999452, 409, 97, 440, 344
-0.999454, 381, 97, 412, 344
-0.999492, 397, 97, 428, 344
-0.999522, 165, 97, 196, 344
-0.999604, 441, 33, 472, 288
-0.999687, 153, 97, 184, 344
-0.999714, 351, 119, 366, 134
-0.999716, 349, 61, 364, 76
-0.999717, 307, 191, 322, 206
-0.999718, 417, 49, 432, 64
-0.999719, 191, 89, 206, 104
-0.999723, 343, 185, 358, 200
-0.999726, 391, 11, 406, 26
-0.999726, 269, 49, 284, 64
-0.999731, 329, 101, 344, 116
-0.999738, 267, 155, 282, 170
-0.999738, 9, 329, 24, 344
-0.999739, 283, 111, 298, 126
-0.999741, 327, 149, 342, 164
-0.999744, 321, 153, 336, 168
-0.999744, 347, 177, 362, 192
-0.999745, 331, 109, 346, 124
-0.999747, 433, 31, 448, 46
-0.999748, 279, 163, 294, 178
-0.999749, 361, 203, 376, 218
-0.999749, 417, 21, 432, 36
-0.999754, 323, 57, 338, 72
-0.999754, 353, 85, 368, 100
-0.999757, 377, 47, 392, 62
-0.999757, 283, 151, 298, 166
-0.999759, 443, 51, 458, 66
-0.999762, 357, 213, 372, 228
-0.999763, 321, 51, 336, 66
-0.999764, 283, 173, 298, 188
-0.999766, 277, 115, 292, 130
-0.999766, 343, 67, 358, 82
-0.999768, 423, 29, 438, 44
-0.999772, 183, 99, 198, 114
-0.999776, 411, 15, 426, 30
-0.999777, 347, 163, 362, 178
-0.999777, 19, 329, 34, 344
-0.999777, 403, 43, 418, 58
-0.999779, 357, 145, 372, 160
-0.99978, 341, 201, 356, 216
-0.999781, 345, 53, 360, 68
-0.999783, 409, 21, 424, 36
-0.999785, 113, 329, 128, 344
-0.99979, 293, 159, 308, 174
-0.999796, 357, 117, 372, 132
-0.999798, 331, 43, 346, 58
-0.999803, 433, 55, 448, 70
-0.999808, 417, 43, 432, 58
-0.999809, 107, 329, 122, 344
-0.99981, 321, 175, 336, 190
-0.999813, 425, 43, 440, 58
-0.999816, 105, 97, 136, 344
-0.999819, 313, 181, 328, 196
-0.999823, 403, 55, 418, 70
-0.999824, 325, 187, 340, 202
-0.999826, 141, 97, 172, 344
-0.999828, 273, 165, 288, 180
-0.99983, 317, 169, 332, 184
-0.99983, 275, 181, 290, 196
-0.999831, 371, 51, 386, 66
-0.999834, 335, 103, 350, 118
-0.999838, 361, 43, 376, 58
-0.999842, 425, 49, 440, 64
-0.999848, 387, 23, 402, 38
-0.999851, 289, 131, 304, 146
-0.999853, 331, 117, 346, 132
-0.999857, 363, 213, 378, 228
-0.999864, 293, 123, 308, 138
-0.999867, 351, 75, 366, 90
-0.999869, 351, 113, 366, 128
-0.999873, 367, 143, 382, 158
-0.999873, 169, 1, 200, 256
-0.999875, 327, 225, 342, 240
-0.999875, 391, 17, 406, 32
-0.999876, 351, 217, 366, 232
-0.999878, 333, 177, 348, 192
-0.999879, 355, 65, 370, 80
-0.999885, 313, 159, 328, 174
-0.999887, 299, 105, 314, 120
-0.999887, 357, 55, 372, 70
-0.999901, 323, 159, 338, 174
-0.999903, 283, 179, 298, 194
-0.999903, 315, 95, 330, 110
-0.999903, 403, 49, 418, 64
-0.999904, 289, 109, 304, 124
-0.999905, 331, 81, 346, 96
-0.999911, 363, 77, 378, 92
-0.99992, 281, 157, 296, 172
-0.999925, 315, 55, 330, 70
-0.999932, 313, 175, 328, 190
-0.999936, 351, 39, 366, 54
-0.999938, 333, 197, 348, 212
-0.999945, 317, 191, 332, 206
-0.999958, 387, 31, 402, 46
-0.999963, 355, 207, 370, 222
-0.999964, 331, 183, 346, 198
-0.999965, 347, 211, 362, 226
-0.999965, 263, 181, 278, 196
-0.999983, 273, 151, 288, 166
-0.999992, 401, 17, 416, 32
-0.999993, 273, 121, 288, 136
-1.00002, 407, 27, 422, 42
-1.00002, 363, 61, 378, 76
-1.00003, 351, 53, 366, 68
-1.00003, 343, 193, 358, 208
-1.00005, 357, 79, 372, 94
-1.00005, 423, 15, 438, 30
-1.00005, 327, 193, 342, 208
-1.00006, 365, 71, 380, 86
-1.00006, 433, 17, 448, 32
-1.00006, 337, 185, 352, 200
-1.00007, 343, 47, 358, 62
-1.00007, 447, 17, 462, 32
-1.00012, 423, 23, 438, 38
-1.00012, 325, 181, 340, 196
-1.00014, 349, 47, 364, 62
-1.00014, 445, 41, 460, 56
-1.00014, 445, 31, 460, 46
-1.00014, 451, 25, 466, 40
-1.00016, 325, 77, 340, 92
-1.00017, 341, 37, 356, 52
-1.00017, 339, 109, 354, 124
-1.00018, 439, 29, 454, 44
-1.00018, 333, 191, 348, 206
-1.00019, 299, 159, 314, 174
-1.0002, 409, 47, 424, 62
-1.00021, 17, 97, 48, 344
-1.00021, 435, 47, 450, 62
-1.00023, 445, 25, 460, 40
-1.00025, 417, 27, 432, 42
-1.00026, 351, 201, 366, 216
-1.00028, 395, 25, 410, 40
-1.00029, 451, 33, 466, 48
-1.00033, 337, 45, 352, 60
-1.00033, 429, 23, 444, 38
-1.00034, 129, 97, 160, 344
-1.00035, 41, 97, 72, 344
-1.00036, 69, 97, 100, 344
-1.00037, 439, 19, 454, 34
-1.00043, 117, 97, 148, 344
-1.00047, 93, 97, 124, 344
-1.00077, 53, 97, 84, 344
-1.0009, 29, 97, 60, 344
